trainID = 309  1.8608  0.7748  0.552  0.5868  2.7696  1.2771  2.863  4.4913  1.5685  5.491  0.0759  1.9077  0.226  2.442  2.5074  0.441  1.1518  3.5033  2.5133  1.5367  24.3078  7.9969  1.4451  0.3974  8.1616  0.297  0.8491  5.7525  3.4057  3.3244  1.0177  3.1286  2.5028  3.9332  0.2757  5.1466  3.1487  0.449  0.343  5.6371  2.9103  0.446  3.0776  0.871  1.007  1.8053  
trainID = 342  0.4472  2.2629  0.47  0.0203  2.1206  1.5521  3.193  2.6814  2.2799  0.7578  1.2263  3.3662  0.7616  0.8354  2.024  4.0722  2.0191  1.0881  7.022  14.422  10.3858  0.2541  3.8421  1.9092  0.018  1.0272  1.9925  1.5706  0.1162  1.4307  1.2044  0.1396  2.3748  2.9654  1.9812  2.5882  0.484  4.2519  2.8089  1.3056  2.073  1.0049  2.9701  2.5862  1.6796  0.757  2.7106  0.3204  
trainID = 478  1.274  3.2194  0.403  3.3956  3.5646  5.2041  4.1371  2.2903  2.7299  2.6908  3.4603  0.7698  3.5197  0.1856  1.302  3.9794  3.4702  0.1437  4.6327  13.147  11.0457  0.8298  5.1214  3.4271  0.815  1.8262  2.2701  2.2371  1.8904  1.7567  2.2729  1.179  3.734  3.2427  2.0858  1.9525  0.576  3.5062  0.8457  1.5188  2.221  0.1199  3.9325  1.5276  1.7462  2.8642  1.257  0.5477  
trainID = 502  1.758  1.7211  3.491  3.058  0.8396  2.5681  1.1936  0.5448  3.6877  1.0126  1.657  2.3679  0.8797  3.7233  1.941  0.76  3.6733  0.239  0.2255  10.1859  11.1469  8.8935  1.3152  6.2962  6.1032  1.894  1.8284  3.0978  1.6254  0.6079  0.4887  1.8652  3.0857  3.915  3.0235  1.1512  1.0098  2.447  3.3664  3.3246  0.4977  2.582  0.2612  2.4064  1.3643  2.5076  1.152  2.3837  2.9464  
trainID = 557  1.678  1.6302  1.104  2.212  0.2493  0.3231  4.0759  0.5671  0.5214  1.358  0.7651  0.7205  3.4727  0.2287  0.032  1.358  1.8089  0.2954  2.2714  13.1044  5.3211  7.7819  4.0992  3.4065  4.4703  1.1597  0.8072  1.1297  0.7897  1.9829  1.6515  0.8698  0.3495  0.9629  1.0432  4.2074  1.9614  0.2762  2.328  1.4889  0.175  1.086  0.8477  0.18  0.656  1.8157  
trainID = 562  1.9313  0.8844  0.054  0.077  1.6364  0.8671  4.077  0.314  0.1181  0.0655  1.3645  2.5281  2.7747  1.79  0.765  0.223  1.2307  0.1448  0.6513  0.4914  8.3985  5.0184  1.4987  4.2378  0.807  2.193  1.5708  2.0491  1.2222  0.7244  1.1607  0.3777  0.1614  2.3859  2.0085  0.8045  0.0128  0.169  0.97  1.3863  2.2769  3.059  0.9025  1.8132  0.305  1.2764  0.931  2.3579  3.3037  
trainID = 911  0.4425  1.7845  2.823  0.7159  1.4483  1.5955  0.6024  3.7202  3.0644  2.8237  2.0489  3.0071  1.354  4.7633  5.2858  0.5012  4.5181  19.4143  11.3884  0.7607  5.2877  0.5685  0.389  5.4587  1.7379  1.1434  1.7394  3.0927  0.3126  1.3774  5.8597  2.006  2.3204  0.7861  2.0395  5.3711  4.6833  0.2351  2.58  0.758  4.2474  2.5449  1.2833  1.674  1.198  0.5437  
trainID = 937  0.829  0.9182  0.363  0.9852  0.9505  2.0961  2.7058  0.0309  0.2049  1.022  3.2209  0.3717  1.9707  1.5366  0.299  1.795  3.6495  0.8087  0.9326  12.2961  0.2558  4.0961  0.4964  3.1755  1.2426  1.608  1.5571  0.4098  0.5933  2.229  1.3317  0.2901  0.5486  0.1881  0.8086  0.919  0.0952  0.9356  2.0318  2.6564  0.6717  1.017  2.3676  0.7593  0.487  2.497  1.056  0.688  0.4737  
trainID = 976  1.3165  0.1074  2.3748  1.2404  1.0329  2.9981  2.2498  0.866  1.2354  1.276  1.1152  3.3682  3.5357  0.7774  1.9786  0.5214  0.683  0.2306  1.8119  6.6257  3.1437  2.8652  4.0682  0.2796  1.13  2.699  3.5968  2.3463  0.534  0.7814  0.0585  1.5828  0.6194  0.7733  1.3138  0.4394  0.037  3.7184  2.7575  1.1372  1.978  2.1103  0.068  0.208  2.2688  0.52  2.5204  2.2479  
trainID = 981  0.3808  0.5037  0.804  1.265  3.1546  1.1321  2.0526  0.0406  2.0704  2.773  2.3568  1.9048  3.5337  0.1286  2.3336  0.32  0.6025  1.7051  1.7379  5.6737  8.9708  4.6016  3.9062  3.8613  1.2918  0.99  0.16  3.5611  1.536  2.0154  0.3447  1.8754  0.7626  0.7742  2.8735  2.7162  0.9359  0.9487  4.207  1.0142  2.0603  1.443  0.2662  1.7576  0.437  1.833  1.184  1.444  1.0959  
trainID = 1073  2.149  0.3216  1.507  2.4412  2.3876  0.9981  0.5514  0.5374  2.3249  1.0429  2.371  1.421  1.8507  0.3191  1.258  1.532  0.7554  2.0541  1.7895  4.2963  13.5203  6.545  2.8277  4.5872  1.259  1.516  3.2049  4.2509  2.8439  3.8034  0.4072  3.8011  0.3578  3.1098  3.3027  2.2752  0.9975  2.4142  5.5609  1.2126  1.7703  1.656  0.644  3.0707  4.6789  2.5717  0.627  2.164  0.1213  
trainID = 1250  1.7801  0.777  0.23  1.1005  0.9995  3.5031  2.2356  1.4026  1.7239  0.4345  2.8419  2.6552  3.5827  1.4783  1.119  1.171  2.2743  1.9142  0.4662  6.3223  9.7061  7.8557  0.1521  4.909  0.398  1.774  1.4591  3.2172  2.0148  1.5264  1.6437  1.5073  0.8781  3.3133  1.0814  0.8529  1.8611  0.345  4.4256  2.5317  0.5382  2.962  0.812  0.4762  0.652  1.7326  1.619  0.484  1.2248  
trainID = 1273  1.8988  1.3985  0.181  2.0996  5.0906  3.7221  0.1729  0.9668  0.9467  1.1375  2.9982  1.316  0.7023  0.5147  2.3083  0.543  3.0968  2.526  1.2796  2  13.5709  7.4697  1.3277  1.9063  1.3352  0.218  3.0341  3.1313  1.4387  1.4464  0.2327  0.5034  0.0736  2.451  1.734  0.6767  0.82  0.658  3.6921  2.3857  1.5886  1.755  1.1675  1.1235  0.447  3.0728  0.781  1.964  0.9015  
trainID = 1293  3.4579  0.7731  1.027  1.0448  4.3926  1.6031  1.3126  1.8488  0.1967  3.4798  1.1833  4.7861  0.1055  0.1719  3.4838  1.846  3.275  2.0789  0.8649  1.3195  21.9289  6.385  1.3688  0.2557  5.4965  0.345  0.4064  4.261  0.7118  1.6124  3.4267  2.5153  2.4963  4.4589  2.5832  2.241  3.177  0.053  1.106  3.9382  3.3651  1.7288  2.9299  0.807  1.651  4.5883  
trainID = 1431  0.9211  0.9296  0.994  0.0561  2.3086  3.6831  2.3441  5.0994  1.9306  0.2603  5.0106  1.1502  0.4111  0.7541  1.546  1.319  6.5251  2.2731  0.7365  4.7232  13.3296  10.4855  0.2547  5.8729  2.4586  2.8134  3.8119  2.6985  3.1048  0.8044  3.1777  2.8723  0.2198  3.0403  1.5178  2.2978  1.2964  3.1539  3.7752  3.7631  0.6054  2.741  0.3388  2.1219  2.4355  0.6654  3.9026  3.0187  1.7629  
trainID = 1669  3.0132  0.3903  0.519  1.2666  4.8456  0.9211  0.5923  4.8341  2.8265  4.9785  0.2203  2.391  2.1367  0.2315  2.6094  0.245  3.0759  1.9062  0.6384  0.2175  23.5986  11.267  2.3339  2.2953  4.7874  0.082  2.7153  5.5005  3.4807  4.3874  3.6817  0.5742  4.7616  6.7524  1.0721  0.9937  2.6775  2.2444  2.7424  2.6689  5.649  0.338  4.5292  0.909  1.587  0.0648  
trainID = 1705  0.134  3.0728  1.981  0.1204  2.8096  1.3371  0.2867  1.6371  0.9767  0.9182  2.6812  1.6496  0.6754  0.7851  0.622  1.4342  2.4648  0.8968  1.4877  16.7813  8.3683  1.6675  6.396  0.0879  0.556  2.2513  2.5118  2.232  1.3875  0.1395  0.9761  0.3598  4.5117  0.9976  1.1022  0.4482  2.6273  4.4778  4.8596  0.0381  3.615  0.4711  2.6839  1.132  1.0391  0.077  1.352  0.9479  
trainID = 2575  2.4686  1.4057  0.469  2.5931  3.5286  3.2731  1.3683  3.6931  0.3958  3.1164  1.9257  2.1716  0.7716  0.3633  2.1412  0.067  0.0991  3.3607  0.7347  2.0991  18.9244  6.6134  0.1007  4.2117  0.4162  1.279  4.2133  3.6384  5.0188  1.6434  0.0104  0.538  0.6575  4.1814  1.6367  1.6406  2.9756  2.872  2.3082  0.477  2.012  0.463  0.375  1.062  2.502  2.114  
trainID = 2607  2.2259  1.3048  1.006  4.62  0.3435  1.3601  4.0403  1.5124  0.0232  1.1738  1.107  2.0906  0.9998  1.6674  1.6  0.006  6.1279  1.9924  0.0508  4.8073  12.2794  8.0888  0.7786  4.2381  1.5228  2.03  1.7804  3.9829  4.6061  0.1436  0.4244  2.9521  2.0779  2.4767  3.1374  1.4666  0.6298  1.0195  3.207  1.7219  0.3909  3.136  0.2012  2.5743  0.893  3.1853  2.4945  1.195  0.6291  
trainID = 2622  1.9766  0.6244  0.207  0.1971  0.7202  3.1411  0.5197  4.0855  0.8131  1.3737  4.2549  1.774  1.3867  0.0876  1.682  0.549  3.6942  1.2389  0.6608  0.4458  15.4953  7.34  1.9653  6.2176  1.168  1.218  0.7146  1.7082  2.3801  2.3754  1.8287  1.5361  2.3676  2.7537  2.022  1.0118  1.2748  1.1257  2.396  1.6619  0.6318  2.577  1.7297  3.4203  0.022  2.1367  2.03  2.5668  0.216  
trainID = 2762  0.802  0.0508  2.6329  0.1528  5.0246  0.1974  2.6423  3.2378  1.4669  1.7419  3.9677  2.6098  1.6227  2.913  0.086  2.6445  2.3526  0.2468  3.9079  12.6364  6.4128  0.6123  4.287  1.8661  1.8966  0.6117  3.0108  2.5104  1.1734  0.7947  1.8106  1.5953  2.3423  3.1644  1.0151  2.5742  1.0335  4.0499  0.4474  1.8837  5.0444  1.6634  2.924  1.3552  0.5218  1.53  0.876  0.5496  
trainID = 2884  2.4684  0.4085  1.014  0.7463  4.2636  2.7591  0.3325  3.3386  0.2268  1.2273  2.3867  2.4961  1.1217  1.3683  1.682  4.1431  1.8497  0.7226  0.2097  17.9186  6.2672  0.3665  4.9661  2.0693  0.635  1.2724  2.671  0.1795  0.3144  3.0937  0.4799  1.6041  4.9668  3.9142  1.5122  0.5686  1.9918  4.9035  0.0744  1.0981  1.874  0.3288  2.1526  2.7752  3.8394  1.231  0.552  0.8571  
trainID = 2976  3.3752  0.124  1.3  1.1124  4.0866  2.4801  4.024  2.8305  0.4572  0.8553  1.8412  4.299  0.9647  1.4921  1.791  0.654  4.4728  0.8355  1.1675  3.8616  21.9418  10.3326  1.7525  4.1373  3.1344  1.629  1.7142  4.1683  4.738  2.4044  1.8667  0.7125  1.7958  3.9624  0.0828  0.7331  3.6004  1.2617  1.312  4.4783  3.1209  2.0623  3.6477  1.394  1.868  0.0841  
TrainID = 937  dbValue = 1.47903  nTestCell = 49  nTrainCell = 49  nDiff = 0  (X,Y) = (1015, 2255)  Position Error = 44.1022
TrainID = 562  dbValue = 1.53818  nTestCell = 49  nTrainCell = 49  nDiff = 0  (X,Y) = (1055, 2235)  Position Error = 44.1022
TrainID = 976  dbValue = 1.69058  nTestCell = 49  nTrainCell = 48  nDiff = 1  (X,Y) = (1035, 2225)  Position Error = 22.0227
TrainID = 981  dbValue = 1.90492  nTestCell = 49  nTrainCell = 49  nDiff = 0  (X,Y) = (1045, 2255)  Position Error = 51.6236
TrainID = 557  dbValue = 1.9266  nTestCell = 49  nTrainCell = 46  nDiff = 3  (X,Y) = (1015, 2305)  Position Error = 94.0479
TrainID = 1273  dbValue = 1.95522  nTestCell = 49  nTrainCell = 49  nDiff = 0  (X,Y) = (1065, 2235)  Position Error = 52.7731
TrainID = 1250  dbValue = 2.04011  nTestCell = 49  nTrainCell = 49  nDiff = 0  (X,Y) = (1075, 2285)  Position Error = 93.4077
TrainID = 1705  dbValue = 2.08471  nTestCell = 49  nTrainCell = 48  nDiff = 1  (X,Y) = (1095, 2255)  Position Error = 88.6848
TrainID = 2622  dbValue = 2.10864  nTestCell = 49  nTrainCell = 49  nDiff = 0  (X,Y) = (1085, 2255)  Position Error = 80.1561
TrainID = 2884  dbValue = 2.23422  nTestCell = 49  nTrainCell = 48  nDiff = 1  (X,Y) = (1095, 2255)  Position Error = 88.6848
TrainID = 2762  dbValue = 2.26028  nTestCell = 49  nTrainCell = 48  nDiff = 1  (X,Y) = (1075, 2275)  Position Error = 85.703
TrainID = 2607  dbValue = 2.27189  nTestCell = 49  nTrainCell = 49  nDiff = 0  (X,Y) = (1075, 2275)  Position Error = 85.703
TrainID = 342  dbValue = 2.27863  nTestCell = 49  nTrainCell = 48  nDiff = 1  (X,Y) = (1085, 2295)  Position Error = 107.448
TrainID = 2575  dbValue = 2.34631  nTestCell = 49  nTrainCell = 46  nDiff = 3  (X,Y) = (1085, 2215)  Position Error = 67.1193
TrainID = 1073  dbValue = 2.38795  nTestCell = 49  nTrainCell = 49  nDiff = 0  (X,Y) = (1085, 2275)  Position Error = 92.6553
TrainID = 502  dbValue = 2.61457  nTestCell = 49  nTrainCell = 49  nDiff = 0  (X,Y) = (1065, 2295)  Position Error = 96.2549
TrainID = 1293  dbValue = 2.6541  nTestCell = 49  nTrainCell = 46  nDiff = 3  (X,Y) = (1125, 2135)  Position Error = 131.244
TrainID = 1431  dbValue = 2.67993  nTestCell = 49  nTrainCell = 49  nDiff = 0  (X,Y) = (1095, 2275)  Position Error = 100.125
TrainID = 478  dbValue = 2.70559  nTestCell = 49  nTrainCell = 48  nDiff = 1  (X,Y) = (1095, 2285)  Position Error = 106.794
TrainID = 2976  dbValue = 2.82522  nTestCell = 49  nTrainCell = 46  nDiff = 3  (X,Y) = (1115, 2165)  Position Error = 107.355
TrainID = 309  dbValue = 2.82994  nTestCell = 49  nTrainCell = 46  nDiff = 3  (X,Y) = (1135, 2135)  Position Error = 139.517
TrainID = 911  dbValue = 2.85435  nTestCell = 49  nTrainCell = 46  nDiff = 3  (X,Y) = (1125, 2285)  Position Error = 130.096
TrainID = 1669  dbValue = 3.03376  nTestCell = 49  nTrainCell = 46  nDiff = 3  (X,Y) = (1145, 2165)  Position Error = 135.074
