trainID = 147  1.541  2.5824  1.27  34.4591  1.6984  0.3  1.137  1.9569  1.9902  1.1306  3.0851  3.7857  3.6349  0.338  2.8301  0.325  0.567  1.6839  3.3956  0.2835  7.5288  0.3886  3.6914  0.0857  1.844  7.9815  1.575  2.2408  2.662  0.792  0.461  1.836  1.9289  2.5058  1.6192  1.6363  3.0332  2.6649  2.3141  4.5512  1.4464  0.216  3.9389  0.1781  1.402  1.1432  1.2205  
trainID = 360  1.6861  2.1466  1.183  2.7739  1.6204  3.019  1.587  2.3172  0.985  2.5533  0.7259  2.0726  0.4828  4.5211  0.8576  1.273  2.1423  3.2013  1.811  1.2513  3.6755  1.0473  7.0116  1.143  12.4542  1.3258  2.1433  2.0316  1.26  1.2647  5.4507  0.5596  0.745  0.063  0.8446  1.243  0.6881  2.8947  1.4676  1.1394  1.5335  0.177  2.2261  3.4108  2.5475  0.0795  
trainID = 419  0.1518  1.4392  1.842  35.4131  0.1986  0.344  2.973  0.3043  0.3398  0.0542  1.4969  3.437  2.1659  3.3989  0.8063  0.112  2.946  1.7397  2.9266  0.543  3.8226  6.6945  4.6405  2.8797  0.2104  0.9039  2.255  1.5346  2.5683  3.5581  1.9159  0.91  0.8354  2.2905  2.8608  0.3252  0.1882  0.2452  1.3805  1.0726  0.0377  2.5318  3.2351  0.9446  2.034  2.4032  1.6935  
trainID = 433  1.632  3.261  0.789  32.5921  3.4891  2.17  0.52  0.5415  1.3687  0.8125  2.3089  3.8625  0.163  0.802  0.3652  1.951  0.5684  0.7913  0.5082  4.2688  2.8248  0.5764  2.3355  0.2945  1.0435  1.945  2.3125  1.5213  0.8703  0.121  1.192  2.7811  0.2445  0.4461  0.939  2.5648  2.1217  0.7509  0.8  1.0917  0.1424  1.296  1.6642  0.929  2.2202  1.0631  
trainID = 475  0.0736  2.5131  1.683  1.5319  0.2677  1.879  1.3981  3.82  0.651  1.1052  0.0418  2.1329  0.0515  1.568  0.1466  3.721  3.5873  4.6601  0.604  1.4982  3.085  2.1224  2.3547  3.6861  1.3258  0.9012  0.0023  3.1283  0.157  1.7318  5.319  1.8617  0.979  0.169  2.6628  0.8608  0.5993  0.6912  0.0961  1.6118  0.2707  1.5527  1.2348  0.7514  0.051  0.2737  1.03  1.5232  4.9219  
trainID = 488  0.8033  0.8257  5.2839  4.8059  0.4562  4.3347  1.224  0.117  2.777  4.4016  0.3579  0.0026  0.5356  4.9038  2.7337  1.182  0.4725  4.2978  0.067  0.9666  0.6538  0.1623  11.7021  5.8588  9.3612  0.686  7.474  2.5818  1.173  0.7615  5.3793  2.0887  2.2967  1.4433  1.3631  2.581  1.7076  2.348  0.7358  3.4527  1.9805  0.743  2.534  2.3798  0.974  1.225  
trainID = 528  0.6095  1.3199  1.106  4.1119  2.7334  1.811  1.7665  5.1161  2.1207  1.5223  5.2774  1.5494  3.7222  2.2428  1.434  0.688  3.2798  2.071  0.5801  7.1529  12.3826  5.1173  1.7829  4.8124  0.1451  0.645  3.0928  3.9123  2.3632  0.16  0.994  2.5568  2.1965  5.4523  0.0806  2.3538  1.0922  0.6575  4.2703  1.9382  2.7953  1.7943  1.8797  0.4264  1.3222  0.8765  
trainID = 561  2.0192  2.008  1.929  5.0399  0.6277  0.736  35.2024  2.3325  0.194  1.1906  1.4403  0.6086  1.2134  2.9033  3.6733  1.573  1.6506  3.4542  0.2481  4.9168  7.8364  2.256  1.4624  2.8331  0.257  3.046  2.8124  3.5427  1.4597  0.001  1.354  2.2641  1.1637  1.8785  0.2336  1.6763  0.5615  0.6536  0.277  2.9368  1.2105  0.503  0.4101  1.841  0.246  0.36  
trainID = 591  1.0175  3.3112  0.012  2.1319  0.5624  1.434  2.1791  0.4512  1.5588  2.7318  1.2445  0.2548  1.676  2.8594  2.4127  0.352  1.3757  0.8511  0.8107  3.3894  6.5985  4.0214  1.2712  2.4865  0.201  3.207  2.3578  2.9955  1.2946  2.178  0.246  2.0261  1.9806  2.9229  0.3356  2.2062  0.2009  1.1108  1.916  2.5494  1.8791  1.139  0.0004  1.263  0.3686  3.1831  
trainID = 669  2.3883  0.353  1.243  1.6959  1.461  1.654  1.1441  1.106  3.9209  2.2081  0.9761  0.2267  1.2481  3.3694  1.0143  4.1568  2.7446  2.353  1.078  2.0062  0.9111  0.0182  5.6166  3.5497  5.8856  1.1933  0.9018  0.7357  0.745  0.0858  1.8565  2.4066  0.756  0.638  0.9973  2.6493  2.3091  1.6758  0.2061  1.078  0.2678  2.2467  2.6253  0.3334  1.685  0.4773  1.93  0.3922  2.7696  
trainID = 753  2.5853  1.7964  3.7298  1.1348  2.1273  2.844  0.4373  0.495  4.0717  3.2499  2.5985  0.5212  1.7843  7.2938  0.687  3.4562  0.3703  4.3231  1.451  0.8772  3.4227  2.6265  5.4494  2.9364  0.4853  1.8083  2.5926  3.9085  1.277  0.5766  3.8014  1.5355  0.326  0.084  0.7046  1.107  2.156  1.0379  0.8535  1.0701  3.0765  4.835  1.7458  0.1858  1.398  0.9603  3.126  0.7022  3.3116  
trainID = 775  3.5517  0.9708  2.222  1.7739  1.7699  3.131  0.4626  0.105  2.951  2.7448  2.7361  1.1518  1.5811  5.8492  1.2592  1.9888  0.3759  2.5481  1.182  1.0481  0.8318  1.7224  10.9005  0.5873  9.4894  0.902  4.9696  1.2702  2.151  0.7081  5.8334  0.9496  0.516  1.017  2.5486  0.7569  1.1674  3.1353  0.9152  3.1551  1.9705  3.09  0.46  2.1524  0.589  1.7107  37.5056  
trainID = 891  3.2553  1.503  0.172  2.6619  1.4682  1.269  1.3184  0.212  3.7252  0.478  2.2642  0.9664  0.3794  4.0233  0.9479  1.079  3.7314  2.4237  3.951  2.6978  0.3871  0.5965  1.1752  10.2755  24.1146  1.2683  1.8962  0.496  2.616  0.0341  3.3343  3.19  0.556  0.177  1.488  1.4005  1.7313  2.3338  2.1906  1.5774  0.884  0.789  0.1105  1.6787  0.952  1.8013  37.9646  
trainID = 975  0.0317  2.1109  0.126  37.0631  1.5426  0.466  0.59  3.1001  0.7826  2.9571  1.3381  0.9996  4.7125  1.256  0.6267  0.258  0.753  0.7327  0.783  1.1706  12.0474  5.1061  1.9747  0.0349  2.3614  5.694  2.904  4.2921  1.682  1.8587  2.3199  1.5706  3.7148  0.5916  0.4668  0.7452  2.368  2.7748  2.2835  5.417  1.0155  0.9976  1.9576  1.2192  2.826  1.3952  0.9049  
trainID = 1095  1.4529  1.7939  1.155  2.0219  1.7427  2.744  35.6884  0.3311  3.6698  2.0048  0.5576  3.0984  2.1324  3.0727  0.8855  1.257  1.4236  4.407  0.2061  7.8734  7.9168  3.5936  0.9915  5.8476  1.8542  2.79  4.0114  3.8426  0.8  0.31  1.518  3.8652  0.7249  2.7447  0.0681  2.9573  3.1353  1.3333  1.3945  2.187  3.2732  2.6781  0.7291  1.559  2.0792  1.7811  
trainID = 1113  0.9513  2.1195  0.932  2.8799  1.7901  2.634  1.794  1.4732  0.393  2.8236  0.0494  0.0035  0.8184  3.8953  0.3362  3.7938  0.864  1.575  1.9732  0.8732  1.6804  4.8299  2.891  5.4152  0.5402  0.4634  0.769  3.252  2.7493  1.9156  1.0738  2.6573  0.47  0.1626  1.1995  2.191  0.5312  2.1901  1.2917  0.6193  0.369  1.2987  0.5108  0.225  0.7754  3.421  1.2722  3.1063  
trainID = 1167  0.4192  2.0881  2.443  2.5739  0.7162  4.6364  0.303  0.797  1.083  1.6714  2.0292  2.1622  0.0445  2.9839  1.5202  2.339  0.4356  1.311  0.38  1.8806  1.4582  0.5294  3.2906  4.8173  2.1133  0.3455  1.46  2.8306  1.829  0.34  4.2578  1.9361  0.572  1.257  0.6416  0.4293  2.5173  1.4315  0.2644  0.8811  0.2497  2.6976  1.4896  1.4314  1.594  0.8933  0.787  0.7711  0.6171  
TrainID = 1167  dbValue = 1.54184  nTestCell = 49  nTrainCell = 49  nDiff = 0  (X,Y) = (1125, 1295)  Position Error = 49.7393
TrainID = 475  dbValue = 1.58957  nTestCell = 49  nTrainCell = 49  nDiff = 0  (X,Y) = (1125, 1305)  Position Error = 45.5412
TrainID = 1113  dbValue = 1.66341  nTestCell = 49  nTrainCell = 48  nDiff = 1  (X,Y) = (1055, 1305)  Position Error = 30.8869
TrainID = 669  dbValue = 1.6998  nTestCell = 49  nTrainCell = 49  nDiff = 0  (X,Y) = (1045, 1315)  Position Error = 37.3363
TrainID = 591  dbValue = 1.7512  nTestCell = 49  nTrainCell = 46  nDiff = 3  (X,Y) = (1135, 1365)  Position Error = 69.527
TrainID = 753  dbValue = 2.10071  nTestCell = 49  nTrainCell = 49  nDiff = 0  (X,Y) = (1115, 1275)  Position Error = 55.8032
TrainID = 360  dbValue = 2.10082  nTestCell = 49  nTrainCell = 46  nDiff = 3  (X,Y) = (1045, 1255)  Position Error = 74.793
TrainID = 433  dbValue = 2.10558  nTestCell = 49  nTrainCell = 46  nDiff = 3  (X,Y) = (1105, 1365)  Position Error = 50.5371
TrainID = 419  dbValue = 2.48094  nTestCell = 49  nTrainCell = 47  nDiff = 2  (X,Y) = (1055, 1355)  Position Error = 44.2041
TrainID = 488  dbValue = 2.48252  nTestCell = 49  nTrainCell = 46  nDiff = 3  (X,Y) = (1075, 1215)  Position Error = 105.233
TrainID = 528  dbValue = 2.50685  nTestCell = 49  nTrainCell = 46  nDiff = 3  (X,Y) = (1185, 1375)  Position Error = 116.765
TrainID = 561  dbValue = 2.52255  nTestCell = 49  nTrainCell = 46  nDiff = 3  (X,Y) = (1145, 1365)  Position Error = 77.4209
TrainID = 147  dbValue = 2.74213  nTestCell = 49  nTrainCell = 47  nDiff = 2  (X,Y) = (1105, 1405)  Position Error = 88.0568
TrainID = 975  dbValue = 2.80689  nTestCell = 49  nTrainCell = 47  nDiff = 2  (X,Y) = (1085, 1425)  Position Error = 105.043
TrainID = 775  dbValue = 2.9874  nTestCell = 49  nTrainCell = 47  nDiff = 2  (X,Y) = (1065, 1215)  Position Error = 106.367
TrainID = 891  dbValue = 3.05416  nTestCell = 49  nTrainCell = 47  nDiff = 2  (X,Y) = (1015, 1295)  Position Error = 71.5122
TrainID = 1095  dbValue = 3.07617  nTestCell = 49  nTrainCell = 46  nDiff = 3  (X,Y) = (1165, 1375)  Position Error = 99.5691
