trainID = 307  2.1364  1.4691  1.6999  0.8019  0.9103  2.2747  0.515  2.3453  2.4371  2.1788  2.0721  0.8964  0.3377  1.342  0.4667  2.0762  1.2896  3.3387  0.852  4.8506  0.362  35.8024  1.946  0.9787  0.5484  5.0082  3.2112  0.9472  2.5417  1.4593  4.9329  0.5117  0.649  4.5623  1.3447  0.0425  0.1791  0.9932  1.4066  2.5949  0.446  2.171  0.0071  0.53  
trainID = 323  0.198  2.5573  2.6083  1.3558  3.3737  1.585  1.0628  0.693  1.3055  1.9991  0.2021  2.6341  0.7674  1.5168  3.731  0.4221  2.0024  2.6951  4.5504  1.8723  5.1528  0.1689  36.1154  1.0343  2.2739  2.3642  5.3242  2.6217  3.6848  4.4183  0.6009  5.7051  2.2767  2.552  2.6202  4.43  0.7874  1.565  0.9916  2.3053  1.2399  1.355  1.4274  2.1188  
trainID = 326  0.081  0.0287  0.64  1.2047  1.5854  2.1329  0.756  1.5507  3.1391  4.5994  3.3491  0.7384  5.6851  0.7581  1.3627  2.317  0.8987  1.2008  0.832  4.6814  1.8619  3.5801  1.462  1.043  2.7088  0.1472  0.5926  9.492  12.49  11.1524  0.3221  3.9212  1.3568  0.0164  0.243  5.9558  4.9745  3.0967  0.7269  1.6607  1.0789  3.7295  0.995  1.156  0.6977  0.377  
trainID = 362  0.4717  0.5614  0.269  0.2108  2.0689  0.4456  35.8805  3.7234  3.7341  1.4932  10.6212  0.3148  1.8703  0.3293  1.9536  0.7706  0.294  2.9856  3.4374  3.1777  1.749  3.3669  1.5819  4.217  1.0974  6.0389  12.7118  1.1069  2.0089  3.1789  1.8659  2.5369  0.039  4.1114  5.252  0.3188  3.3522  1.2609  0.4971  0.5155  0.496  0.179  0.6992  1.62  
trainID = 423  1.7375  1.6355  1.018  1.4087  0.0608  0.8709  2.119  1.4238  3.0781  2.1406  2.4851  0.035  5.9431  0.5576  3.3557  1.0543  0.5954  0.6589  0.01  5.714  4.3329  0.3854  3.799  1.482  0.3652  2.3456  1.4272  3.5979  8.0637  4.0961  1.2621  3.1018  1.3571  0.7279  1.763  4.0236  2.1896  1.7089  2.2757  0.0059  0.3514  2.3223  0.871  0.697  0.4428  0.174  
trainID = 507  0.1796  0.5712  0.363  1.5157  4.5641  0.3948  35.3765  4.3924  4.0801  0.3904  9.3345  1.3895  0.389  1.9905  3.6793  0.3628  1.408  2.2849  4.9639  0.987  1.934  0.675  4.2172  2.0814  0.5256  8.5211  15.0575  5.0086  3.2523  3.6837  1.7078  1.3228  0.046  2.9545  3.8616  1.5475  0.7501  1.5537  0.4717  1.9969  0.878  0.355  2.2384  2.185  
trainID = 556  0.6593  0.1617  0.508  2.5096  1.01  0.4307  0.564  0.5884  0.4928  1.4493  1.0045  1.4331  4.3873  2.4879  0.0525  0.2096  1.1312  1.9488  0.076  5.3864  3.0195  0.2427  0.329  1.933  1.4915  0.981  1.299  1.1921  4.883  2.0941  1.4236  0.1565  0.9475  0.099  0.9902  2.9171  0.2609  0.9705  3.1507  1.0998  1.2972  1.5295  1.718  2.49  0.7455  0.057  
trainID = 606  1.1928  0.917  1.585  0.6477  2.4027  0.2871  0.02  1.8855  2.9951  4.4265  5.4251  3.5694  2.7029  2.8467  1.3361  2.4829  1.9409  1.1998  0.167  4.9729  0.0105  1.4373  0.084  0.83  0.9021  0.5766  1.5497  4.7964  11.0136  7.7864  3.2321  2.732  3.7216  1.204  2.165  4.339  4.1123  1.7857  0.4312  1.4059  0.3802  0.3714  0.543  1.941  1.5638  0.704  
trainID = 627  0.9967  3.1016  0.104  3.981  1.8777  0.7999  0.503  1.206  2.6121  1.4113  3.5031  1.5104  3.7056  5.0445  1.2779  0.0001  1.5936  0.9242  1.5938  8.9669  2.542  35.2504  0.4208  1.3806  1.3048  21.1553  7.2161  11.2953  3.5762  5.2221  5.1585  0.8113  2.164  7.8898  6.492  0.0888  3.8266  0.7208  3.0903  0.9546  0.378  2.8132  2.3254  3.091  
trainID = 794  3.588  5.1858  2.4955  1.4423  5.3022  2.8955  2.6837  0.008  1.6664  0.4567  2.6003  0.5524  0.8765  5.7281  0.7877  5.3138  0.3948  0.5181  3.2343  1.4597  3.9437  2.4357  0.1406  3.451  3.0606  1.8496  0.2413  1.987  5.4124  1.9021  4.8186  2.8142  6.9707  4.2498  3.6045  1.245  0.4402  3.9174  2.5689  0.3624  2.7701  1.5615  3.0171  34.5531  
trainID = 836  1.869  1.4927  0.7879  0.543  1.0007  0.3157  3.2037  1.253  1.42  3.5701  1.1116  1.8052  0.1951  2.5871  0.3067  2.0559  1.0346  3.9566  3.858  1.9164  4.2218  2.4136  0.9265  3.531  3.0306  1.3664  0.8292  0.7882  3.5661  0.406  5.481  0.8603  3.5773  6.0863  3.4624  0.28  0.8044  0.4529  1.2681  2.2862  3.4503  2.0467  4.0941  34.5091  
trainID = 927  0.862  0.3508  0.8124  0.775  0.9367  1.3042  0.4452  0.706  0.2673  2.3581  2.1934  0.1247  2.6803  2.4592  0.6981  0.8052  2.6026  3.5774  1.2758  2.2734  6.3696  3.1453  1.2165  2.745  0.244  3.9569  1.1527  2.4813  2.1592  6.3057  3.2202  0.2897  3.5535  3.3719  0.1497  0.5839  3.215  2.5167  0.9334  4.1844  0.7565  0.9103  3.667  0.946  0.806  1.464  0.22  
trainID = 945  1.8892  0.3909  2.448  2.0102  0.4866  1.1629  34.8165  1.5715  0.622  0.0131  6.1493  1.1141  1.9151  2.56  2.3081  0.9509  0.397  5.0585  4.1439  0.7593  1.183  1.57  3.5133  1.2371  0.5205  7.091  17.2833  0.9311  0.6058  2.122  1.3194  1.9325  0.462  3.4727  3.8201  0.4431  3.2882  0.2028  0.5264  2.3435  0.984  0.654  0.4839  0.72  
trainID = 1027  3.428  2.9424  1.7111  1.6326  1.7862  3.5748  1.1921  0.557  0.0575  1.2351  0.424  1.1561  1.8501  6.8509  0.6902  5.8431  1.03  1.7548  5.4488  0.279  3.427  3.3309  1.849  1.2978  1.551  0.2609  0.4348  0.4845  5.6476  3.0182  5.2326  0.2122  6.3131  4.043  2.1981  0.873  0.104  1.4503  0.7063  1.5234  5.8988  1.9627  2.3936  34.4641  0.347  
trainID = 1031  2.4424  3.6842  4.108  4.2439  1.8779  0.7029  0.388  0.3763  1.2211  4.0789  1.8728  1.2264  2.125  5.1627  1.2992  2.4621  0.0113  2.2182  1.632  4.4659  1.4221  33.9294  1.3672  1.5407  1.706  17.0453  6.444  5.7756  3.112  3.5302  5.0342  0.2964  3.337  4.563  5.0528  0.2647  3.1113  0.1863  0.3169  0.7873  2.4801  0.18  1.3583  1.391  
trainID = 1118  0.7415  0.3074  1.641  1.0847  0.7779  1.4139  33.9305  2.9979  2.0757  1.3644  5.0916  3.2826  0.0502  2.7924  2.0011  0.5097  2.14  5.363  2.6661  0.5345  2.356  0.59  3.2259  2.6849  3.0517  7.0435  13.2821  7.1433  2.0163  3.1077  1.3886  1.1352  0.899  3.2549  3.4769  1.2576  2.1453  1.7488  0.1411  0.1966  2.2251  1.1483  0.0507  3.225  
trainID = 1192  4.7371  0.8392  1.5948  2.2709  1.8802  0.1946  1.476  0.9663  1.1501  1.5193  0.9484  0.6837  3.0375  3.4597  1.5078  2.737  0.5933  4.5889  1.4659  2.8862  2.3506  33.3124  1.6345  0.7062  1.0157  1.1302  1.1785  3.4733  3.5868  2.1411  5.4126  3.8656  1.65  2.0572  0.9461  0.5412  2.0973  1.2051  1.0983  1.6472  1.653  2.351  1.3889  1.047  
trainID = 1257  2.1475  2.0832  0.067  0.1518  0.3716  0.8127  34.2765  1.081  1.6948  0.1104  6.0305  1.61  1.4126  1.5938  4.0862  0.1085  0.432  5.185  1.734  0.8215  0.243  1.414  2.4227  1.8063  1.0995  0.967  3.4279  1.5627  2.8739  1.169  0.5969  0.7855  0.069  3.6844  2.1299  1.5273  2.3528  0.7677  0.2695  2.7434  0.761  0.18  0.4808  0.878  
trainID = 1286  0.2175  1.4548  0.279  1.2897  0.1967  2.9449  0.667  1.9085  0.8801  1.9941  4.7171  1.3261  3.0422  1.6578  0.3941  1.2732  0.4737  2.8534  0.695  3.077  3.7134  1.9939  1.014  1.959  0.0344  1.51  0.3306  5.8158  5.0428  5.7096  1.7603  0.7572  2.4157  0.7209  1.363  6.0988  3.5914  0.4573  1.9284  2.1175  1.7983  0.9257  0.402  1.1019  0.3123  
trainID = 1314  0.532  0.8775  0.2106  1.371  3.0377  2.4014  2.6409  34.8025  1.3581  0.3255  0.4104  7.8847  1.8457  2.4022  1.7417  0.6413  0.4723  0.045  3.2026  4.5229  0.9778  0.4581  0.365  6.8019  3.5902  3.085  1.689  15.4417  3.7262  0.1212  2.0036  1.3622  3.5029  2.4685  0.6657  3.918  4.0509  2.9736  0.2426  0.7418  2.1661  0.677  0.65  0.9586  
trainID = 1522  2.3084  0.1831  0.458  0.5103  2.8582  0.6078  34.5675  3.5741  2.0757  1.3184  8.6905  2.1947  3.3892  3.2176  3.259  0.8673  2.446  1.6136  4.6119  0.3785  0.896  0.609  3.6337  0.2296  0.8148  0.3937  16.8476  4.6018  1.9526  1.598  1.544  3.4434  0.167  4.5767  4.6597  0.5728  4.1899  1.0841  0.4925  0.0394  1.738  3.4012  0.8296  0.581  
trainID = 1615  1.0143  0.5341  1.288  0.3241  0.0698  1.0429  35.6785  3.8524  0.2628  1.1694  7.6612  1.3453  5.5206  0.9224  4.2032  0.8253  1.316  4.0675  2.5951  0.2976  2.36  1.333  2.3912  0.6167  0.29  8.0597  24.0072  2.798  0.6298  2.065  1.1957  0.0935  1.4472  4.9478  4.2768  1.999  1.4312  1.1086  1.116  0.3931  2.129  1.2622  0.0634  1.105  
trainID = 1679  1.3771  0.5117  1.2916  0.9027  1.5301  0.7401  1.584  0.4321  2.0721  3.2923  1.1223  0.6704  5.7785  0.5659  0.3808  0.5131  3.1522  0.4722  0.885  4.5094  1.6742  0.9116  2.311  0.679  0.3984  1.7322  1.3298  9.8215  14.1108  6.2257  3.2397  1.0285  0.5132  3.4213  0.123  6.7788  6.4141  0.3009  2.185  0.5606  1.1211  0.8191  3.066  1.072  3.4682  0.114  
trainID = 1728  3.2673  0.5549  1.252  0.4168  2.2111  0.4146  0.057  3.8858  1.9591  0.7929  0.328  2.009  0.2431  1.9271  1.8788  0.6545  0.0484  3.2925  0.779  4.4189  0.6146  1.2244  1.233  0.051  0.6514  0.1614  2.843  2.0983  2.189  3.8442  1.0589  3.6576  3.6334  0.9037  3.651  1.7366  1.4045  0.216  1.6  2.5236  0.3931  3.1112  1.952  1.045  2.3456  
trainID = 1763  3.0672  2.593  3.003  0.9731  3.2297  3.0879  33.6375  2.1436  2.5909  0.4384  6.7403  0.4756  3.7667  1.2386  4.6037  2.2038  0.258  7.0506  5.1959  1.2559  0.11  0.193  3.9985  1.7428  1.239  6.3212  16.6373  1.4442  2.9334  3.037  1.5275  0.2893  0.9832  5.2918  3.6124  0.6413  3.8324  0.5175  2.7242  1.3089  1.528  0.991  0.6662  1.769  
trainID = 1770  0.3436  0.8326  0.621  0.3017  1.0683  0.1379  35.9335  2.538  2.1299  1.4995  8.0128  1.664  2.6828  0.4494  3.508  0.2855  1.135  4.766  3.9979  1.6014  0.3177  1.216  5.4304  0.6789  1.9742  1.3433  4.6718  1.2693  1.6583  0.9131  1.4978  0.1312  0.702  2.7655  2.6363  0.508  4.3149  0.9911  1.0616  1.9417  0.828  1.042  1.0114  2.154  
trainID = 1776  3.2085  0.9018  1.949  0.0081  1.5526  0.4501  0.5  0.3008  3.1161  1.1572  1.2699  1.4708  0.2539  1.3145  0.4956  2.5353  2.1325  1.6234  0.858  2.7634  1.1987  1.2987  1.397  0.372  1.1143  1.1317  0.6255  1.4762  2.9179  1.5366  1.3756  1.6902  3.7435  0.0615  0.573  1.1772  1.4079  2.3211  0.5783  0.3022  2.0446  4.2746  1.302  0.069  0.4866  0.656  
trainID = 1851  2.1238  3.791  1.117  1.4603  0.2925  0.413  1.529  0.3755  1.0291  1.2789  1.6034  1.0425  2.2753  1.8827  0.5026  0.3808  1.1965  3.4403  0.082  6.3432  0.3394  0.5802  2.462  0.353  2.7493  2.5843  2.165  3.3759  4.1124  3.8193  0.7476  0.7077  4.5942  0.405  0.4849  1.7015  2.2488  2.0278  0.0152  1.5696  0.2726  3.6644  1.331  0.731  1.3629  
trainID = 1893  1.6572  2.8106  0.694  1.6905  1.3402  0.0926  1.9165  2.0087  0.2949  1.2849  2.5251  1.0154  2.8155  3.8385  3.8223  2.682  1.0155  3.1667  0.919  2.0147  3.3479  35.2594  1.3097  0.7488  1.5085  0.6935  0.9736  6.3197  1.6205  3.6754  6.2481  2.2199  0.037  1.6821  0.0968  1.9833  3.7495  2.3766  3.1333  4.2103  0.649  1.006  2.2454  0.36  
trainID = 1902  2.8209  0.9892  1.077  2.5867  1.8544  1.5429  36.7135  3.7666  0.7886  0.4544  11.321  4.2483  0.9273  3.3305  6.7633  2.4548  0.123  3.7229  5.0259  1.7271  0.112  3.4776  0.7099  2.6567  3.3719  2.6627  18.2171  15.2796  0.6486  2.1283  2.0316  3.1516  4.8048  2.879  3.605  3.0047  8.6685  1.4699  1.9555  1.5383  2.615  4.9766  1.5706  1.122  
trainID = 1924  1.1193  0.5055  2.413  2.3037  0.3744  2.2044  1.375  2.1908  0.4991  0.0534  1.221  1.6977  3.0974  0.6247  0.6718  2.2479  2.0564  0.2623  0.67  4.1047  4.0129  0.1999  0.985  1.475  4.2014  2.6575  2.5485  2.2428  5.3849  0.6243  0.912  2.0232  2.1123  0.5976  0.039  0.6247  0.258  0.2429  3.8977  1.2873  0.4252  1.6716  1.131  2.864  0.7154  
trainID = 1953  1.449  2.7043  1.0019  2.0675  1.9356  2.8106  1.5249  1.205  1.8445  0.8151  0.3936  1.9748  1.9369  6.3581  0.5437  4.0837  0.6334  2.9997  3.4827  0.809  2.215  4.1842  1.0523  1.633  0.912  2.1805  1.5974  2.2769  6.8499  3.7135  7.2056  0.0929  8.6782  4.7842  5.8813  0.482  0.8481  0.7268  2.1905  1.024  2.5042  2.9163  4.5668  33.4951  
trainID = 1961  2.3053  0.6414  1.6192  1.6547  0.9704  2.8449  36.6755  1.3504  0.775  0.7632  9.0343  2.9161  0.5252  2.6954  4.0081  1.0865  1.609  2.3898  4.2509  2.9488  1.507  1.292  6.9006  4.4812  4.9666  1.7378  10.6845  7.7758  0.1957  2.3281  1.2303  3.0668  1.8448  1.697  2.1205  2.3559  5.217  0.7131  0.1204  1.1264  0.077  0.676  0.8102  0.668  
trainID = 1994  2.6477  1.9137  0.523  0.5277  0.5205  1.8449  0.57  0.3673  3.1821  2.0049  0.8544  1.0404  0.6563  1.9784  1.3974  0.5787  2.8115  0.0622  0.454  3.7887  1.8096  1.8238  5.393  0.585  0.2662  0.5374  1.3218  6.5458  8.2651  5.9634  4.3883  0.2676  2.6506  1.5828  1.622  3.5573  2.7409  0.5226  0.1695  0.715  0.7574  0.2626  3.765  1.107  1.1051  
trainID = 2036  0.718  2.3417  1.158  1.1677  0.9467  0.6129  0.324  0.3123  1.2241  2.588  2.1346  1.3156  3.439  4.3324  0.2587  0.4452  2.4429  1.1961  0.286  5.558  1.6866  0.47  0.985  0.746  3.736  0.4835  1.4372  10.409  11.8092  11.2961  0.9432  0.7962  2.5429  1.0069  1.854  3.7576  3.8993  1.4999  0.3608  0.1137  1.3415  0.6289  0.072  0.093  3.8079  1.818  
trainID = 2040  1.004  3.8743  1.6543  0.437  1.2337  0.0151  1.1281  2.4088  0.6092  0.7411  1.3179  2.1921  0.6978  1.1397  2.4966  1.7047  1.4226  1.5809  2.8669  1.8691  3.581  0.6302  1.1103  2.693  2.304  2.1567  0.7151  2.5558  0.0001  3.5218  0.0728  3.0422  1.2121  3.9571  0.1845  2.6619  2.9356  3.3755  0.6997  0.7419  4.0578  1.0183  3.0419  1.756  1.964  1.2461  
trainID = 2051  0.395  0.2048  0.4826  1.7306  0.1805  0.1673  0.5129  0.535  0.6783  2.8801  3.2293  2.3231  0.9264  6.1947  0.7177  1.5046  3.2509  1.3392  1.1148  1.3  0.6896  2.3543  0.7641  0.4896  1.468  3.0175  3.0412  4.1354  2.1212  3.8184  1.1466  0.9949  0.4556  0.8727  0.0416  1.141  1.014  3.0424  3.0212  5.4221  3.001  0.9172  3.01  1.1569  1.053  0.9279  1.13  
trainID = 2091  1.604  2.1721  3.232  3.2128  0.9694  4.4591  0.6879  1.419  1.8208  0.8361  1.8247  1.3538  2.864  0.9972  12.0567  6.128  2.3622  5.8859  4.393  2.102  1.0401  1.8239  1.4175  0.7888  1.018  0.636  3.2615  6.1849  8.7579  2.3987  5.3161  0.4863  5.9417  3.3275  5.1664  0.3  2.3153  5.4875  0.9976  0.6562  2.6973  1.8557  3.3919  33.9081  
trainID = 2203  1.2262  2.6973  0.588  0.2963  1.2248  1.6779  37.4875  1.9062  0.7735  0.0834  8.2089  5.1657  2.0739  1.0994  4.487  1.0172  0.996  5.4783  3.4531  0.5261  0.8637  2.8498  3.864  0.7527  0.9645  0.902  10.4687  3.4199  2.1988  0.7926  0.677  1.1437  1.5  3.9827  0.4145  2.7405  5.2735  3.0977  0.8715  0.4821  1.729  2.0988  0.8575  1.63  
trainID = 2220  4.939  3.4755  0.911  0.3008  0.0652  1.9613  0.57  0.9852  0.8681  0.8402  2.2221  1.4604  0.1358  4.5223  0.0915  1.535  0.6644  4.1691  2.0965  7.0285  1.6737  36.5154  0.8664  1.8333  0.5188  4.9684  2.2343  2.4417  5.0119  2.3396  5.9965  0.1161  1.595  3.2433  3.0379  0.0694  0.5938  1.8451  1.3557  1.9672  1.292  0.219  3.3746  1.404  
trainID = 2223  6.1997  3.8659  1.7973  0.8742  1.9221  0.1064  1.328  0.3229  1.5551  1.2295  2.4491  0.2854  1.9013  1.7033  1.0367  1.1447  0.0661  2.8096  1.3088  3.502  2.3033  2.5262  3.242  1.102  2.167  0.6658  1.4433  3.0388  1.6372  3.7036  2.715  1.583  2.6701  0.0853  0.225  1.9642  1.857  0.3326  2.7482  0.2168  0.6075  1.2097  1.504  2.662  1.1249  
trainID = 2227  3.1424  0.9352  2.539  0.5508  1.7445  0.9649  0.301  1.5506  2.6611  1.0099  1.0541  0.4396  3.4887  2.5559  0.1067  0.4237  0.6662  1.0248  1.389  2.8859  2.5754  1.7614  3.85  1.388  0.8029  2.183  0.1845  6.4857  7.9495  4.6065  0.9528  1.3896  4.2753  0.8301  1.5458  2.4762  2.5868  1.5977  4.0948  1.9445  2.1892  0.0973  0.427  1.7572  1.1033  0.7  
trainID = 2295  1.386  0.8903  1.172  2.5025  0.6491  1.3408  0.995  1.875  4.0421  0.4377  1.4584  1.991  1.0121  0.3478  0.7705  0.2051  1.5105  2.9987  1.6738  1.772  3.1442  0.2417  2.664  3.4098  1.1474  1.2427  0.6029  2.7871  1.1984  3.6822  2.8584  0.8637  3.5742  0.4149  0.12  2.1848  0.5373  3.5862  0.6877  0.5519  0.9212  2.2478  33.2971  0.125  
trainID = 2312  3.9065  1.081  0.179  0.3049  0.2496  1.0171  0.706  2.5589  2.4901  3.955  0.05  0.822  3.104  1.5497  0.1119  0.9393  1.9936  0.036  0.452  3.0097  1.4648  1.7583  0.436  1.865  2.6494  1.7253  1.3511  1.7189  2.5462  1.7736  2.8026  1.365  3.2419  1.9618  0.58  0.0915  0.5954  1.0935  2.1215  1.2052  1.9042  1.9019  1.239  1.606  0.253  
trainID = 2313  1.521  2.0474  1.1703  0.2  3.2828  2.3807  0.8168  0.358  0.662  3.0331  0.7958  0.0274  0.4784  3.0196  6.6004  4.9512  0.3976  7.2433  4.8222  0.663  1.2794  1.6999  1.1495  0.052  1.369  1.4282  0.827  5.4423  6.3954  3.66  3.4035  2.3736  3.6926  2.138  2.5544  0.7862  1.461  1.9948  1.6657  1.7786  5.2788  0.0194  4.7611  34.1761  
trainID = 2422  2.0666  4.0578  0.378  1.0787  3.3269  0.0249  0.752  2.7751  2.7601  3.4087  3.6431  1.5844  2.2576  3.1907  0.3118  1.6354  1.3998  1.9019  0.27  8.0381  1.2761  35.6414  0.1379  1.2227  2.1958  13.3138  11.3123  1.8392  2.4769  3.9778  2.7029  1.0576  0.9767  4.7063  3.9949  1.3239  1.0218  1.2565  1.5612  1.3373  1.008  0.179  2.037  1.395  
trainID = 2435  0.9564  0.8918  0.39  1.8727  0.7392  0.5049  0.212  1.5198  4.3751  0.3064  3.8021  0.8254  3.5603  0.7439  0.1653  2.2425  1.0282  1.9231  0.422  4.6167  1.7558  1.6122  1.987  3.288  4.2224  1.3679  2.5793  3.8415  8.2751  3.7946  0.8989  1.2289  0.7435  1.0305  0.5548  4.5142  2.8764  2.6426  0.1714  0.8532  1.8158  3.4035  1.276  0.381  0.6351  0.189  
trainID = 2533  0.5331  0.2235  1.4421  0.4293  0.176  0.7123  1.8885  0.0051  2.6111  0.3456  2.5121  1.1885  2.8348  0.2698  0.5434  1.5679  3.0734  1.9815  0.466  3.925  1.4221  0.6621  4.533  0.021  1.1198  0.2028  0.1807  1.2605  3.8757  3.2758  2.1221  0.4957  3.0073  0.8145  0.375  2.2342  2.4258  0.1633  1.3041  1.8395  0.6505  0.2843  3.743  2.904  1.3875  0.478  
trainID = 2548  2.742  0.5962  2.1053  1.471  1.6661  1.0545  3.1699  0.3689  2.1931  3.5127  2.8981  1.0864  1.3984  3.8013  0.5459  0.8222  1.05  5.2358  0.176  3.5601  0.0604  33.6594  1.2528  2.894  2.8793  0.3912  1.0979  6.0855  4.1374  3.9274  6.2481  1.1972  0.567  1.9048  2.3182  0.4926  1.6592  2.5379  2.1593  4.0582  1.118  0.138  0.5897  0.152  
trainID = 2609  0.461  2.7763  1.5562  1.7707  3.5004  1.8589  1.925  2.4569  3.7771  4.6683  2.3731  0.8464  5.6189  1.4468  1.3771  0.0419  3.2488  1.3645  0.626  4.8938  3.7687  0.82  0.4604  2.185  0.4855  1.9515  1.9766  12.4663  13.3408  11.4965  2.3074  2.8114  2.8643  1.0612  1.305  5.9688  2.5377  0.8211  1.5837  2.3672  1.133  0.9933  0.507  0.339  0.2053  3.61  
trainID = 2636  0.535  1.0976  1.5078  1.134  1.6007  0.9128  0.9359  35.5315  3.0685  1.739  1.2922  8.2374  1.1938  1.2745  1.7179  2.2355  2.1873  0.404  4.7933  4.2629  1.5655  0.229  1.693  2.8377  0.7591  0.9792  6.3452  9.5999  3.4713  1.5944  0.3177  1.362  0.0376  2.6996  2.2943  2.5599  0.5154  4.0316  2.0415  0.9338  0.2804  2.727  1.4117  0.2549  
trainID = 2652  2.8413  1.4598  0.949  0.8305  1.2426  2.959  2.1314  1.4785  0.8852  3.3086  0.4359  1.7964  3.553  2.3364  3.0973  0.7194  1.707  2.834  1.3491  3.3245  2.5315  1.6787  0.654  0.239  1.407  0.7259  0.3099  2.9671  1.6333  2.412  1.711  4.0621  6.4377  0.7118  2.739  0.2702  0.5038  1.3372  0.4924  0.465  0.1555  3.5364  34.3381  0.885  
trainID = 2661  2.3744  2.0115  1.5231  2.8197  2.3207  1.4849  0.335  0.1585  2.5481  4.8059  1.9798  0.4466  3.3365  4.4863  3.8588  0.9729  2.1876  0.9219  0.263  5.5287  3.7472  35.1514  0.2723  0.1431  0.0336  14.3598  16.5641  10.3222  6.1912  4.0699  2.3679  2.6508  0.708  6.1088  7.2768  1.302  1.4645  1.7303  3.4687  0.7828  0.724  0.148  3.3772  0.066  
trainID = 2670  2.1425  0.1194  0.181  0.5699  0.7153  1.1905  35.5065  2.1301  1.4652  2.5131  9.0302  4.3877  1.7125  3.2925  4.638  2.6108  1.0978  5.3557  3.473  0.2505  0.306  3.4157  6.9667  2.1333  3.8279  0.9814  15.2497  7.9767  0.1532  2.4453  2.4929  1.5546  4.5376  1.405  2.0586  1.6841  4.9747  0.7286  1.0492  3.7352  1.5598  0.093  1.2328  0.95  
trainID = 2686  0.4095  0.0015  1.739  1.3891  1.037  2.2225  0.672  0.8903  0.6221  1.3006  2.5871  0.3061  2.7033  0.3704  1.2663  0.53  1.2008  5.7126  1.7817  4.0617  1.0349  1.0386  0.982  1.046  2.1886  2.3584  0.3069  3.4972  5.2178  2.0188  0.2901  1.6858  3.2106  1.5817  1.53  3.1662  0.1009  0.3391  1.42  0.1509  0.6735  1.6908  0.424  0.214  0.3749  
trainID = 2699  4.8311  0.8028  0.189  0.4754  0.9975  2.0069  1.443  0.6481  0.1747  0.9756  2.2031  1.1524  0.0175  1.6161  1.1919  1.4295  0.7512  3.1205  1.0632  4.2149  0.241  0.604  1.205  2.629  0.403  0.274  1.8592  3.5006  1.0609  3.2693  1.0709  2.1156  3.3745  2.7946  1.707  0.9201  0.3754  0.3661  0.4521  0.3627  1.7625  4.1116  1.792  0.446  1.0595  
trainID = 2747  0.6718  2.0406  2.4974  0.1169  1.4809  0.7973  1.9698  0.1302  0.3071  1.9609  1.4787  0.8054  0.2251  0.1143  0.1721  0.0269  0.0663  0.8154  1.2468  5.6097  0.9917  2.8406  0.066  1.065  2.746  0.1276  0.597  0.2644  0.8922  0.359  4.5292  1.1576  3.8125  3.81  2.713  0.9198  1.344  2.1179  1.5287  0.3724  2.3066  4.6156  1.229  2.954  1.8458  
trainID = 2757  0.7131  1.4246  1.3965  1.7457  1.7094  2.5329  0.709  0.8751  1.2731  0.6784  0.2198  1.9378  5.2255  1.9314  1.0524  2.1954  1.6391  1.664  0.318  4.77  2.8104  1.6301  0.737  1.419  2.4812  3.3175  0.0565  3.8966  7.9068  5.4907  2.0806  2.1881  0.9374  2.2658  0.9062  4.1429  2.9038  0.3533  3.4923  0.3497  1.9878  2.4536  0.057  0.42  1.908  1.359  
trainID = 2773  0.177  0.1106  0.355  0.8572  0.1538  0.6449  0.921  1.1501  1.5441  3.2278  1.2674  1.1824  2.5916  0.7473  3.1412  0.6166  0.8421  1.9569  0.576  4.0904  2.5472  0.8402  0.076  3.1049  2.4711  3.7725  1.411  0.0711  3.2342  1.3386  0.4277  0.3576  0.6293  1.7769  0.562  2.4257  2.2109  0.6872  4.6182  1.879  0.527  1.2592  0.563  2.219  0.1029  0.69  
trainID = 2835  0.4457  1.8246  1.9408  0.8947  1.0956  1.4569  32.3235  2.5264  0.0171  0.4234  8.6692  0.3759  1.4251  1.9885  5.3336  2.0405  1.477  2.8298  4.0419  0.2435  0.246  1.354  3.5839  3.1478  1.5272  1.0821  9.9243  0.1905  0.3276  1.035  0.3713  0.0654  1.9641  0.5202  1.1778  2.4841  4.7376  0.152  2.9381  2.4411  1.024  2.016  0.6014  0.381  
trainID = 2845  3.412  1.1379  0.701  0.211  0.8549  1.401  1.472  1.4637  1.181  1.3697  3.1641  0.4804  1.5962  2.4054  2.1019  0.918  1.5041  2.5034  2.1178  4.0327  1.2971  0.543  1.404  0.593  0.9717  0.3093  1.056  0.3294  0.0007  1.8097  1.2925  0.4909  4.327  2.0952  0.497  2.6312  4  1.906  1.0832  3.4808  1.29  4.3694  0.255  0.764  0.2173  
trainID = 2849  0.9017  1.9787  0.263  0.665  2.2458  0.9589  0.832  1.5905  0.8331  1.3489  1.2227  1.8574  5.2737  0.71  0.7722  1.4001  0.0235  0.7017  0.592  5.3952  3.0961  0.5263  0.219  0.209  1.072  0.0083  1.5121  10.5667  10.9088  12.0509  0.2978  1.6739  3.0223  0.1367  0.125  4.1178  2.3037  0.6816  2.5507  2.5681  0.5925  0.6888  0.916  0.312  1.6511  1.096  
trainID = 2865  1.29  4.0561  0.508  2.0019  3.2492  2.1475  0.566  0.819  2.1981  2.6521  0.7506  0.9037  3.3538  3.9824  0.4395  6.3502  2.7729  1.4329  3.5736  0.958  3.1243  4.0149  1.504  3.089  0.529  1.6912  1.3258  2.0027  4.7684  3.1066  4.736  0.9588  6.8123  5.6984  1.821  2.391  1.3473  2.5019  2.6498  0.9166  1.8878  3.1143  3.5283  0.85  
trainID = 2935  1.2579  0.4881  0.435  0.8587  0.3664  1.6009  35.2215  1.9361  2.0987  0.2864  7.8428  2.1776  3.1524  2.4182  3.2147  0.5782  0.546  4.1397  5.3079  0.7865  0.922  0.956  3.2421  0.9823  3.91  4.285  17.7601  3.5739  1.8472  2.0313  1.4255  2.1844  0.4724  2.557  2.7304  1.383  4.9574  2.2241  0.2124  0.5659  0.369  1.021  0.0405  1.214  
trainID = 2978  2.2131  0.0033  0.789  1.9114  0.1493  0.8449  1.839  3.0196  4.8931  2.2925  1.5316  2.4722  2.9586  3.2177  1.2668  0.4136  0.9715  1.0778  0.703  2.8522  0.1585  2.6955  0.979  3.3231  2.9018  0.476  1.5389  1.9566  3.3282  0.5886  2.005  0.583  0.9437  1.5427  0.09  2.4831  2.2498  0.6377  1.5424  1.8807  1.4255  3.4632  0.652  0.041  0.7664  0.139  
trainID = 2980  0.043  1.217  0.8584  0.919  0.2298  1.7302  1.9419  0.41  0.8065  1.5911  1.6204  0.0955  0.1024  4.9279  5.5775  1.8432  1.4388  3.9666  0.7077  0.545  3.7828  1.7766  1.7051  2.472  1.992  4.2085  1.7105  1.172  2.1428  2.2492  1.6467  1.0692  2.9205  1.2055  0.3526  0.088  0.9616  1.6959  0.9504  4.8796  3.3323  0.7722  2.3586  0.686  
TrainID = 1776  dbValue = 1.36942  nTestCell = 47  nTrainCell = 46  nDiff = 1  (X,Y) = (1215, 1595)  Position Error = 25.4951
TrainID = 556  dbValue = 1.38715  nTestCell = 47  nTrainCell = 46  nDiff = 1  (X,Y) = (1175, 1665)  Position Error = 76.4853
TrainID = 2773  dbValue = 1.43382  nTestCell = 47  nTrainCell = 46  nDiff = 1  (X,Y) = (1185, 1645)  Position Error = 55.2268
TrainID = 2533  dbValue = 1.46764  nTestCell = 47  nTrainCell = 46  nDiff = 1  (X,Y) = (1205, 1635)  Position Error = 47.4342
TrainID = 2699  dbValue = 1.49024  nTestCell = 47  nTrainCell = 45  nDiff = 2  (X,Y) = (1235, 1575)  Position Error = 47.4342
TrainID = 2686  dbValue = 1.49656  nTestCell = 47  nTrainCell = 45  nDiff = 2  (X,Y) = (1235, 1625)  Position Error = 57.0088
TrainID = 2747  dbValue = 1.50532  nTestCell = 47  nTrainCell = 45  nDiff = 2  (X,Y) = (1215, 1585)  Position Error = 25.4951
TrainID = 2312  dbValue = 1.50594  nTestCell = 47  nTrainCell = 45  nDiff = 2  (X,Y) = (1195, 1605)  Position Error = 15.8114
TrainID = 2845  dbValue = 1.5787  nTestCell = 47  nTrainCell = 45  nDiff = 2  (X,Y) = (1215, 1585)  Position Error = 25.4951
TrainID = 2978  dbValue = 1.6046  nTestCell = 47  nTrainCell = 46  nDiff = 1  (X,Y) = (1165, 1665)  Position Error = 79.0569
TrainID = 1924  dbValue = 1.61837  nTestCell = 47  nTrainCell = 45  nDiff = 2  (X,Y) = (1175, 1675)  Position Error = 86.3134
TrainID = 1728  dbValue = 1.6563  nTestCell = 47  nTrainCell = 45  nDiff = 2  (X,Y) = (1235, 1565)  Position Error = 51.4782
TrainID = 2051  dbValue = 1.70032  nTestCell = 47  nTrainCell = 47  nDiff = 0  (X,Y) = (1155, 1665)  Position Error = 82.7647
TrainID = 1851  dbValue = 1.70143  nTestCell = 47  nTrainCell = 45  nDiff = 2  (X,Y) = (1225, 1625)  Position Error = 49.4975
TrainID = 2980  dbValue = 1.74324  nTestCell = 47  nTrainCell = 44  nDiff = 3  (X,Y) = (1125, 1615)  Position Error = 69.6419
TrainID = 2223  dbValue = 1.74984  nTestCell = 47  nTrainCell = 45  nDiff = 2  (X,Y) = (1225, 1575)  Position Error = 38.0789
TrainID = 2040  dbValue = 1.77455  nTestCell = 47  nTrainCell = 46  nDiff = 1  (X,Y) = (1245, 1605)  Position Error = 57.0088
TrainID = 1286  dbValue = 1.87147  nTestCell = 47  nTrainCell = 45  nDiff = 2  (X,Y) = (1215, 1655)  Position Error = 69.6419
TrainID = 927  dbValue = 1.87388  nTestCell = 47  nTrainCell = 47  nDiff = 0  (X,Y) = (1185, 1675)  Position Error = 85.1469
TrainID = 2435  dbValue = 1.8921  nTestCell = 47  nTrainCell = 46  nDiff = 1  (X,Y) = (1205, 1655)  Position Error = 66.7083
TrainID = 1994  dbValue = 1.89886  nTestCell = 47  nTrainCell = 45  nDiff = 2  (X,Y) = (1255, 1665)  Position Error = 99.2472
TrainID = 423  dbValue = 1.93633  nTestCell = 47  nTrainCell = 46  nDiff = 1  (X,Y) = (1195, 1695)  Position Error = 105.119
TrainID = 2227  dbValue = 1.93888  nTestCell = 47  nTrainCell = 46  nDiff = 1  (X,Y) = (1255, 1665)  Position Error = 99.2472
TrainID = 2757  dbValue = 1.99049  nTestCell = 47  nTrainCell = 46  nDiff = 1  (X,Y) = (1185, 1695)  Position Error = 105.119
TrainID = 2849  dbValue = 2.0102  nTestCell = 47  nTrainCell = 46  nDiff = 1  (X,Y) = (1235, 1695)  Position Error = 114.237
TrainID = 2036  dbValue = 2.18253  nTestCell = 47  nTrainCell = 46  nDiff = 1  (X,Y) = (1235, 1695)  Position Error = 114.237
TrainID = 606  dbValue = 2.23091  nTestCell = 47  nTrainCell = 46  nDiff = 1  (X,Y) = (1245, 1665)  Position Error = 93.0054
TrainID = 1257  dbValue = 2.27325  nTestCell = 47  nTrainCell = 44  nDiff = 3  (X,Y) = (1145, 1675)  Position Error = 96.1769
TrainID = 1679  dbValue = 2.28703  nTestCell = 47  nTrainCell = 46  nDiff = 1  (X,Y) = (1225, 1715)  Position Error = 129.808
TrainID = 2295  dbValue = 2.2982  nTestCell = 47  nTrainCell = 44  nDiff = 3  (X,Y) = (1215, 1565)  Position Error = 35.3553
TrainID = 307  dbValue = 2.44242  nTestCell = 47  nTrainCell = 44  nDiff = 3  (X,Y) = (1265, 1625)  Position Error = 82.7647
TrainID = 326  dbValue = 2.44303  nTestCell = 47  nTrainCell = 46  nDiff = 1  (X,Y) = (1235, 1705)  Position Error = 123.491
TrainID = 2865  dbValue = 2.46307  nTestCell = 47  nTrainCell = 44  nDiff = 3  (X,Y) = (1195, 1485)  Position Error = 105.119
TrainID = 2652  dbValue = 2.53278  nTestCell = 47  nTrainCell = 44  nDiff = 3  (X,Y) = (1215, 1555)  Position Error = 43.0116
TrainID = 1770  dbValue = 2.6038  nTestCell = 47  nTrainCell = 44  nDiff = 3  (X,Y) = (1145, 1685)  Position Error = 105.119
TrainID = 2835  dbValue = 2.60605  nTestCell = 47  nTrainCell = 44  nDiff = 3  (X,Y) = (1145, 1705)  Position Error = 123.491
TrainID = 1192  dbValue = 2.63697  nTestCell = 47  nTrainCell = 44  nDiff = 3  (X,Y) = (1275, 1555)  Position Error = 91.9239
TrainID = 2609  dbValue = 2.73815  nTestCell = 47  nTrainCell = 46  nDiff = 1  (X,Y) = (1235, 1715)  Position Error = 132.853
TrainID = 2548  dbValue = 2.74953  nTestCell = 47  nTrainCell = 44  nDiff = 3  (X,Y) = (1275, 1545)  Position Error = 96.1769
TrainID = 1893  dbValue = 2.7968  nTestCell = 47  nTrainCell = 44  nDiff = 3  (X,Y) = (1275, 1535)  Position Error = 101.242
TrainID = 2220  dbValue = 2.80352  nTestCell = 47  nTrainCell = 44  nDiff = 3  (X,Y) = (1295, 1605)  Position Error = 106.066
TrainID = 836  dbValue = 2.81867  nTestCell = 47  nTrainCell = 44  nDiff = 3  (X,Y) = (1185, 1525)  Position Error = 65.192
TrainID = 2636  dbValue = 2.86826  nTestCell = 47  nTrainCell = 44  nDiff = 3  (X,Y) = (1195, 1705)  Position Error = 115.109
TrainID = 945  dbValue = 2.8972  nTestCell = 47  nTrainCell = 44  nDiff = 3  (X,Y) = (1185, 1725)  Position Error = 135.093
TrainID = 1027  dbValue = 2.94373  nTestCell = 47  nTrainCell = 45  nDiff = 2  (X,Y) = (1205, 1485)  Position Error = 106.066
TrainID = 323  dbValue = 2.96059  nTestCell = 47  nTrainCell = 44  nDiff = 3  (X,Y) = (1305, 1605)  Position Error = 115.974
TrainID = 1314  dbValue = 3.03099  nTestCell = 47  nTrainCell = 44  nDiff = 3  (X,Y) = (1145, 1735)  Position Error = 151.822
TrainID = 2313  dbValue = 3.04222  nTestCell = 47  nTrainCell = 44  nDiff = 3  (X,Y) = (1105, 1505)  Position Error = 120.208
TrainID = 2203  dbValue = 3.04641  nTestCell = 47  nTrainCell = 44  nDiff = 3  (X,Y) = (1135, 1715)  Position Error = 136.565
TrainID = 362  dbValue = 3.05488  nTestCell = 47  nTrainCell = 44  nDiff = 3  (X,Y) = (1185, 1715)  Position Error = 125.1
TrainID = 2935  dbValue = 3.08138  nTestCell = 47  nTrainCell = 44  nDiff = 3  (X,Y) = (1165, 1745)  Position Error = 157.003
TrainID = 1118  dbValue = 3.12638  nTestCell = 47  nTrainCell = 44  nDiff = 3  (X,Y) = (1205, 1715)  Position Error = 125.897
TrainID = 1522  dbValue = 3.13695  nTestCell = 47  nTrainCell = 44  nDiff = 3  (X,Y) = (1145, 1745)  Position Error = 161.4
TrainID = 1615  dbValue = 3.20704  nTestCell = 47  nTrainCell = 44  nDiff = 3  (X,Y) = (1205, 1755)  Position Error = 165.68
TrainID = 1953  dbValue = 3.24056  nTestCell = 47  nTrainCell = 44  nDiff = 3  (X,Y) = (1165, 1475)  Position Error = 117.686
TrainID = 2422  dbValue = 3.24576  nTestCell = 47  nTrainCell = 44  nDiff = 3  (X,Y) = (1285, 1675)  Position Error = 127.475
TrainID = 794  dbValue = 3.28426  nTestCell = 47  nTrainCell = 44  nDiff = 3  (X,Y) = (1205, 1485)  Position Error = 106.066
TrainID = 1961  dbValue = 3.28765  nTestCell = 47  nTrainCell = 44  nDiff = 3  (X,Y) = (1115, 1735)  Position Error = 163.248
TrainID = 507  dbValue = 3.30551  nTestCell = 47  nTrainCell = 44  nDiff = 3  (X,Y) = (1205, 1725)  Position Error = 135.831
TrainID = 1031  dbValue = 3.40525  nTestCell = 47  nTrainCell = 44  nDiff = 3  (X,Y) = (1315, 1665)  Position Error = 145.774
TrainID = 1763  dbValue = 3.42938  nTestCell = 47  nTrainCell = 44  nDiff = 3  (X,Y) = (1185, 1735)  Position Error = 145.086
TrainID = 2670  dbValue = 3.4976  nTestCell = 47  nTrainCell = 44  nDiff = 3  (X,Y) = (1115, 1745)  Position Error = 172.192
TrainID = 2091  dbValue = 3.62626  nTestCell = 47  nTrainCell = 44  nDiff = 3  (X,Y) = (1065, 1495)  Position Error = 157.003
TrainID = 2661  dbValue = 3.80442  nTestCell = 47  nTrainCell = 44  nDiff = 3  (X,Y) = (1265, 1725)  Position Error = 154.434
TrainID = 627  dbValue = 3.95185  nTestCell = 47  nTrainCell = 44  nDiff = 3  (X,Y) = (1325, 1695)  Position Error = 171.026
TrainID = 1902  dbValue = 4.20218  nTestCell = 47  nTrainCell = 44  nDiff = 3  (X,Y) = (1145, 1795)  Position Error = 209.881
