trainID = 309  0.3774  0.0029  1.494  0.7323  1.1896  1.887  1.7723  0.787  0.019  1.1293  3.2853  0.717  1.3582  4.0681  2.9909  0.4708  1.868  2.7629  0.517  0.8253  2.3832  2.4463  17.8345  0.4355  15.1806  4.0121  5.291  3.8601  0.9904  2.2069  0.1477  5.4561  1.279  1.2923  3.5308  1.2091  3.3269  4.3846  0.1236  0.6347  1.634  0.366  3.7299  
trainID = 375  1.1702  3.0757  0.699  2.0046  0.3269  0.7612  1.3344  2.846  0.066  1.852  0.15  0.451  0.8603  3.5971  0.7652  0.9971  1.4347  0.2849  1.8005  1.0481  1.3109  1.4773  0.0218  0.9206  8.4131  1.328  6.7962  3.0547  0.3316  5.3976  0.4184  1.6935  2.113  29.9941  2.4592  0.2795  2.7298  4.7565  2.3142  0.3155  2.127  0.352  0.2069  
trainID = 467  1.5329  3.3822  0.832  1.7724  2.5976  2.2032  1.5167  0.1648  2.1044  2.51  1.1081  2.7493  6.0837  3.9909  0.0737  0.1626  1.5482  3.646  0.6139  2.1088  4.3043  2.351  1.1915  0.9154  0.2064  3.4806  4.8189  6.8452  2.2359  6.7696  5.3714  1.8514  2.0433  2.8841  1.2576  3.011  3.914  1.8346  0.7774  2.8719  3.7144  0.656  0.354  
trainID = 469  1.7345  4.0821  2.293  0.0241  3.0334  2.6223  0.067  1.7372  1.071  1.4394  2.648  0.893  0.1414  3.9438  0.5723  4.345  3.0346  2.8403  0.8969  0.6204  0.6398  2.6449  1.2857  1.1317  9.0671  0.4131  7.1052  0.8719  0.1392  1.2495  3.8804  1.7922  0.4341  29.6451  3.6565  0.2351  0.8567  4.9507  0.3879  0.6937  2.9025  1.9168  1.4042  
trainID = 505  1.4049  0.9701  0.002  0.329  3.279  1.3813  0.6607  2.322  2.558  4.4586  1.1378  2.2008  5.5101  5.0042  0.836  2.5555  2.2892  3.5263  1.927  0.1957  0.3352  0.7886  26.3957  13.04  6.0775  1.7501  3.0769  0.1826  2.8034  5.2763  1.2747  7.1765  2.005  2.6373  5.2907  1.3317  2.6616  6.4089  2.396  2.1495  2.286  0.928  2.6746  
trainID = 792  3.4776  6.5631  1.563  5.0964  1.4297  0.8738  4.0541  0.1034  3.0963  1.0895  3.138  0.79  2.5692  9.2316  1.0521  3.6408  6.7465  5.7757  2.6596  0.4641  3.5423  2.005  4.5054  4.3048  2.6555  0.8925  8.9023  13.589  3.2486  4.1546  8.8555  1.1804  1.4474  1.7752  0.4735  1.4178  3.7298  1.2384  1.0966  2.4123  3.5324  0.91  0.4529  
trainID = 909  0.6652  2.4905  1.364  2.4432  2.3956  2.4792  2.3308  1.4615  0.725  1.3268  0.4371  1.3816  5.4103  2.0991  2.9826  0.081  1.3201  2.0437  0.6263  2.4674  0.6559  0.627  1.2641  1.6135  0.3131  4.1576  3.324  1.8991  0.3245  1.6932  2.3115  3.4556  0.507  3.5488  1.5477  0.2199  3.9532  1.6465  1.052  3.0109  2.6756  3.259  0.9166  
trainID = 1009  3.853  1.7023  1.368  2.2763  1.9756  1.5633  1.817  1.4592  0.8243  1.2565  0.4538  0.546  6.5736  6.1935  3.3014  2.4317  0.5252  5.9784  0.0966  2.9432  4.3365  0.248  2.8032  3.1401  2.002  4.0091  4.9608  3.5177  2.6993  4.2784  3.6643  3.1764  2.7215  1.5639  2.4762  0.2506  1.2679  0.0955  0.5778  4.0099  0.623  0.225  1.2753  
trainID = 1088  2.8627  6.0394  1.163  2.6984  2.4598  1.2865  0.429  0.3116  1.3489  0.2812  3.925  1.714  3.8883  7.6584  1.5585  1.0619  1.3031  4.7458  0.2257  0.822  2.5289  0.556  2.433  2.0479  2.8211  2.9669  5.2727  8.8371  3.8836  4.5182  4.2641  0.6724  0.4443  2.376  2.4737  2.844  2.6317  1.3402  1.3338  1.4601  0.768  1.438  0.3456  
trainID = 1107  1.8058  8.6839  0.424  9.1474  0.5929  3.0682  0.9572  1.8652  3.102  0.1681  0.318  2.722  3.671  9.6489  2.2792  5.261  2.9895  7.0457  1.3584  0.1543  5.9809  2.493  4.3326  5.4449  4.2656  2.84  10.6413  14.9346  2.5923  3.4696  6.4693  0.2289  1.8477  2.6737  0.2796  0.9864  3.5363  0.7339  1.6001  1.6358  2.044  0.865  0.8795  
trainID = 1189  0.6721  2.4184  2.28  0.3816  1.5457  1.8065  1.735  0.7159  0.048  0.7052  0.8462  0.671  0.7772  1.5771  0.3704  2.5436  3.9217  0.9228  0.1493  0.068  4.1073  0.949  0.7531  2.3589  0.8702  17.7074  4.8927  6.2167  2.0549  4.2913  0.7693  1.4644  2.1617  2.07  4.2129  0.798  0.7303  2.7708  0.1714  1.4871  3.6809  3.6472  0.1025  0.817  1.6109  0.2118  
trainID = 1240  0.0525  4.0688  0.776  1.5064  0.498  0.962  1.379  3.7581  0.3993  1.9451  0.806  1.1825  1.7726  2.6741  0.4534  3.0548  4.5721  1.1494  0.6483  0.7073  2.3457  0.566  0.164  0.0919  0.2794  16.9311  2.7127  10.3582  0.8369  3.7514  1.0462  0.2402  1.4487  0.9871  5.9422  0.846  1.7893  3.4581  3.6156  3.2835  3.6887  3.7951  2.0129  4.0707  2.664  0.6674  
trainID = 1246  3.4139  2.5177  2.9257  3.787  2.4746  1.6255  2.1274  1.947  0.501  1.9698  1.449  1.3906  1.7267  2.3666  1.1958  2.2998  0.589  2.503  0.8227  0.7319  1.3234  0.725  2.4596  1.2932  0.3078  4.8221  4.1666  10.4458  1.7014  2.1217  4.6533  2.0864  0.8452  0.3411  0.6454  0.5091  1.616  0.8975  0.4492  1.9808  0.163  2.519  1.5643  
trainID = 1270  0.8575  4.1005  0.193  2.8306  0.8039  1.3836  2.4646  1.656  0.957  1.6042  2.637  1.661  0.4907  3.8108  0.8825  0.7807  1.2748  2.0337  0.1662  0.8961  1.0187  0.313  1.8429  1.2544  12.2241  3.1256  10.2903  3.2834  1.5013  2.4037  3.6104  4.3594  0.3705  5.2569  0.507  4.4663  3.3211  0.8742  0.736  1.1739  4.1885  0.55  2.065  0.622  0.2858  
trainID = 1293  1.2197  1.5508  0.085  0.504  0.5067  1.1265  0.1407  2.41  0.345  2.6797  0.6428  2.0888  3.3694  2.9607  0.1125  0.1393  0.4021  1.7865  1.77  1.2979  0.9588  0.7979  17.6173  1.9434  13.5687  3.9358  4.6379  1.195  1.6324  3.4624  1.6392  8.15  0.433  3.7013  4.1441  1.2156  3.8526  2.0771  3.0292  0.6064  2.136  1.129  2.031  
trainID = 1327  1.3271  2.6433  1.541  0.7204  1.7062  2.9252  0.263  0.215  1.002  3.4819  1.1019  1.7557  2.555  2.1009  0.4383  1.418  1.3788  2.9012  1.1105  1.9388  1.3302  0.894  0.4773  2.447  1.5851  2.3455  2.2044  2.168  2.8106  0.4286  1.7928  2.1894  0.1679  1.0974  1.191  1.2057  1.0193  1.6175  2.002  0.9694  3.3145  2.5961  0.0874  
trainID = 1334  3.6012  6.4333  0.914  7.8601  0.2545  2.2967  2.3816  0.7255  0.212  2.5764  0.528  1.804  4.6812  9.9492  2.4839  4.8991  2.195  6.5421  3.6084  0.4854  5.6737  2.46  2.3936  3.551  3.5409  4.6919  8.339  16.0345  2.5412  0.3142  7.2524  0.7882  1.6008  4.5751  0.3668  2.492  3.9581  3.1676  2.3508  5.0389  3.0912  1.394  1.4115  
trainID = 1360  1.21  3.2099  0.751  2.1012  0.3313  0.6896  0.227  1.0421  0.7348  1.1138  0.939  1.6383  3.0136  3.5491  1.2486  0.3528  1.0114  3.2505  0.7045  0.2057  0.4809  0.217  1.5701  0.2544  0.1846  5.0898  0.777  3.9699  2.6538  0.5088  3.1792  2.2624  2.6364  0.0106  1.1259  0.1722  0.3298  1.6617  2.0133  0.6204  0.887  2.58  1.6386  
trainID = 1410  2.4469  3.687  0.369  3.8374  1.0593  0.3  0.417  0.5134  0.208  1.2995  1.365  0.445  1.5588  7.4822  2.6736  0.3055  0.8809  3.7004  0.7334  0.4729  0.3012  1.061  4.2787  2.5706  4.8936  9.7467  4.6406  12.7357  4.1542  0.9338  6.3617  0.817  3.2775  2.4853  1.6613  0.7841  1.7233  2.6659  2.4087  0.1495  3.4942  2.0005  0.615  
trainID = 1443  1.8575  3.4731  1.19  3.8579  2.2472  0.662  0.915  1.0482  0.068  0.3291  2.587  0.987  0.2818  5.4726  0.8946  0.6819  0.4103  0.3192  1.5652  1.751  0.3161  1.532  3.3477  4.0198  0.1749  8.0935  2.3308  11.3587  2.106  1.6719  6.2085  1.6914  0.238  2.0384  1.1296  0.8004  4.4121  3.4824  1.5949  0.8652  2.494  0.233  1.1218  
trainID = 1474  0.4442  3.949  1.49  0.0723  1.944  1.6737  3.122  2.2922  4.112  1.5683  1.999  2.06  0.9862  3.6262  0.6791  1.4636  4.9621  0.5298  0.1041  0.7309  2.5662  2.6537  1.5646  0.465  13.7863  0.5652  10.7267  3.9178  4.385  2.34  2.6654  2.855  2.2598  4.0646  1.593  1.3283  2.4993  1.1023  1.2347  4.0126  3.2367  1.049  1.859  1.086  1.513  
trainID = 1496  2.8766  4.952  0.593  2.8174  4.529  2.5944  0.709  1.1066  2.4309  4.6063  1.171  2.0734  6.3862  7.5595  0.9325  0.7338  0.3966  4.5229  0.9483  2.9607  4.0257  1.352  3.9853  1.2556  0.5568  2.1569  3.6681  7.5047  1.4567  5.259  3.9455  1.4844  2.7154  0.7023  2.0691  0.1691  2.5164  1.7167  0.1994  2.0939  0.601  0.351  1.2131  
trainID = 1541  2.3515  2.3918  1.7185  6.8342  2.0383  3.8552  1.8999  0.7065  3.263  0.7644  0.77  0.685  3.5513  8.6583  2.3266  0.0068  2.2399  5.1593  0.3562  1.7062  6.3705  2.049  2.1932  2.6135  0.5728  1.3087  6.4539  9.9795  1.6519  5.4597  5.8224  2.1544  1.8736  2.4347  2.1101  3.854  0.0049  2.0421  1.0008  2.0802  2.003  0.94  0.4247  
trainID = 1623  3.1209  7.8479  0.488  9.5398  2.5811  2.0729  3.6061  2.9465  1.9056  0.8682  1.814  0.848  4.0878  9.7356  0.3841  8.705  8.529  11.1817  4.8022  0.0373  7.8518  2.381  7.7955  2.3836  4.5856  1.114  11.1192  14.6639  1.8951  4.7753  8.563  0.9254  0.2692  5.3046  0.7736  2.895  5.1727  2.2767  0.0584  5.7894  0.155  0.252  0.0764  
trainID = 1629  1.4192  6.3399  0.422  5.6745  1.3203  2.9497  2.183  1.0203  1.4718  0.9944  0.945  2.244  5.2821  3.6902  0.1521  3.6127  2.4586  5.4803  0.3975  2.613  5.5724  1.409  3.1755  2.0501  1.9653  1.6293  6.5473  10.9214  0.1127  6.9951  5.6726  1.8644  1.4155  3.698  0.9879  2.907  2.5399  1.1426  0.3424  2.8582  0.885  0.953  1.0125  
trainID = 1637  1.5109  6.1822  0.63  3.1666  1.9349  1.9268  1.7307  0.827  0.009  0.1714  0.9751  0.443  1.4375  5.3212  1.7238  1.4135  0.1566  1.1588  1.0401  0.0375  1.5609  2.136  0.9089  2.3669  2.071  8.5527  3.6126  9.0132  1.0081  0.292  3.7968  2.4164  0.1119  0.9134  1.8246  0.3976  2.0507  4.9085  2.6331  1.0494  2.589  0.328  1.6393  
trainID = 1669  0.775  1.168  0.423  2.925  2.7927  1.585  0.0811  2.863  0.337  3.4  3.6281  5.112  1.8707  3.9237  2.5076  2.3815  0.8055  2.6609  0.169  1.0988  0.7861  0.7054  16.5153  0.2737  18.4507  4.9009  7.1889  0.4859  1.2054  5.7713  0.3997  5.3811  2.342  3.9563  7.2336  1.0497  6.1461  5.7324  4.2765  1.1059  4.3274  2.7654  0.7617  
trainID = 1727  0.9506  6.3708  1.23  3.1682  2.1189  2.1369  2.1256  0.0759  2.5184  0.0163  1.749  2.0195  3.992  4.4399  1.935  0.279  0.0894  2.8952  0.0649  3.1329  4.2033  0.007  2.0499  1.3444  0.345  1.6639  2.765  5.608  3.2847  2.2511  4.1205  2.5274  1.3298  1.7071  1.5354  0.4343  2.0358  2.5349  0.3451  0.7173  0.958  0.414  0.1917  
trainID = 1743  2.2492  5.4184  0.754  6.7346  0.3389  3.5234  1.7036  1.4071  1.8326  2.3532  0.456  0.841  5.6468  10.4272  2.1818  4.4248  2.767  6.5818  1.9189  2.5276  7.7373  0.388  3.5559  1.0371  1.239  1.7849  9.0722  12.3778  2.1155  6.7944  8.9671  2.3114  1.8798  4.4431  1.5003  3  2.9728  0.0982  2.4444  3.1353  2.518  0.867  0.1522  
trainID = 1917  6.0039  7.7572  1.258  9.9106  1.5263  4.0693  3.7115  1.8913  1.7619  0.5142  0.522  2.0254  5.973  7.8012  0.95  11.9399  8.8768  13.0352  1.9834  2.9671  10.7523  2.342  3.6405  2.6659  3.2525  3.0285  12.3327  14.9694  2.6348  7.429  4.6201  2.2384  3.5149  5.5299  0.3858  3.867  2.58  0.3199  1.3679  3.4418  2.194  0.593  1.3839  
trainID = 2005  0.0037  4.7792  1.7273  1.5349  2.3864  1.7236  0.7541  2.4323  1.4762  0.9214  2.124  0.761  1.8658  2.8311  2.3194  1.2866  4.9115  0.1126  0.1803  2.4196  0.1229  0.747  0.5713  1.5843  0.1408  10.7384  1.0878  8.3616  2.0955  1.505  1.0569  0.1567  0.6591  1.0549  3.4324  0.296  0.5723  3.3299  0.5208  1.1723  3.815  1.2575  3.3425  2.009  5.1343  1.1014  
trainID = 2109  1.563  4.4621  1.681  0.8507  0.7615  0.731  1.129  1.3954  1.065  0.6011  1.054  0.318  1.6662  0.3667  2.609  2.0615  2.6809  0.0869  0.8388  0.5071  0.8956  0.8625  2.5796  0.5144  14.3865  5.0878  5.7661  2.9975  2.0139  0.7951  0.4357  6.314  0.1124  3.6678  0.846  1.8773  3.4419  0.1036  1.1694  6.0912  2.3264  0.5599  2.249  1.453  1.1234  
trainID = 2161  0.4999  4.1107  0.387  2.818  0.0288  0.892  1.326  0.3872  1.563  2.2243  0.888  0.371  1.1684  1.2283  1.4615  0.1978  0.5425  2.2633  0.0703  0.5404  1.4467  0.468  2.3044  1.6534  1.1901  7.7096  0.6527  8.0364  2.3621  0.6179  4.1154  2.1164  2.1764  0.9043  28.9201  2.233  1.3392  3.4162  2.6868  1.0778  0.4784  1.266  2.2161  1.2495  
trainID = 2209  1.0566  3.0392  0.569  1.6927  1.6363  2.4451  0.745  0.6988  0.75  0.2438  0.766  0.532  0.5648  5.2077  0.7567  2.8394  3.8361  3.3816  0.0317  2.4198  0.1324  1.772  1.3947  3.1621  1.0789  9.1727  0.3292  8.5559  2.1343  1.4316  3.0871  0.9224  0.6963  2.0442  28.1231  1.1207  0.8519  3.1052  0.891  0.3076  0.0185  2.2  2.748  1.5912  
trainID = 2439  2.1655  5.9394  1.229  4.2297  1.3753  1.7502  2.0078  0.3904  1.537  2.2424  0.665  0.882  2.6915  7.9737  0.0549  0.2835  0.7949  4.0446  1.0695  2.028  4.2757  0.89  3.1232  2.5785  1.6561  4.1379  3.5784  10.2842  1.8043  5.056  3.9466  0.6004  1.3198  1.9071  1.0028  0.4516  1.4971  3.8428  2.0324  2.7006  2.516  1.125  1.7788  
trainID = 2446  1.1053  5.3307  1.7025  2.98  2.0638  1.6487  0.858  2.1468  1.166  0.4415  1.381  0.213  0.3742  6.5481  1.3904  2.566  0.423  0.0476  0.0565  0.3386  0.3386  2.44  1.1741  2.6885  0.1553  11.6918  1.3804  13.4013  2.3784  0.1355  3.941  3.2894  1.4477  1.1883  4.2466  0.2379  5.005  3.6785  0.3925  1.7046  2.406  3.5182  1.6455  
trainID = 2524  0.9559  5.2022  2.4034  0.7173  1.2887  0.7382  1.7213  1.6699  1.188  0.9443  1.068  1.229  0.8965  2.6467  1.2254  1.9121  2.3683  3.1755  2.7625  1.3465  1.8549  1.3297  1.9177  3.8546  8.8217  0.2632  4.5754  1.8707  0.4746  3.6391  2.9094  3.7291  0.4634  7.0394  1.349  2.291  0.2496  0.0608  2.0104  2.7404  2.8107  1.0881  3.4334  0.614  2.5357  
trainID = 2586  2.7802  3.7284  2.1293  4.0074  0.9567  0.264  0.247  0.5966  1.3821  0.6563  1.865  0.025  2.2991  8.8196  0.1799  1.4733  0.0927  1.5712  0.6273  1.7493  3.8648  0.023  2.3854  0.8769  1.3812  5.0877  2.4354  12.4453  3.8194  3.6611  5.5834  2.3104  0.8768  2.8735  2.8857  0.731  4.9774  1.2747  0.6165  1.8808  3.4528  1.469  0.4053  
trainID = 2667  1.5341  3.8994  0.013  5.2038  2.0332  1.4589  1.4305  0.1597  0.187  2.1218  0.8342  0.07  2.4576  6.0331  1.3028  0.4738  0.5107  2.1254  0.0915  3.3774  2.275  2.509  0.989  1.5283  0.8345  3.7317  8.0107  1.1801  5.1344  4.8611  1.1164  1.108  3.2648  29.2601  0.0729  1.2135  2.6071  1.1872  0.5456  1.8102  0.905  3.586  0.1924  
trainID = 2774  0.9315  5.3137  1.218  5.4831  1.5512  0.973  0.9794  1.1854  0.828  1.5714  0.11  0.009  2.7254  8.0541  1.3116  2.0764  0.3223  2.2217  2.4738  1.0259  2.2251  0.249  4.2942  2.4459  3.4094  9.0438  4.3169  12.3898  3.4408  1.8324  3.6273  0.2583  0.7824  3.3664  2.7734  0.8301  5.2889  3.3832  0.1034  0.799  2.133  1.333  0.4939  
trainID = 2797  3.1591  5.3059  0.047  6.2563  2.9061  3.7426  0.7828  0.0721  2.1476  0.2777  1.476  0.281  7.0864  7.0662  2.5533  4.9478  3.2989  8.6459  1.5707  2.8225  5.9756  0.81  5.1495  3.3053  3.2712  1.4553  6.9694  12.1858  2.1487  5.1249  3.2473  1.2994  0.0331  2.2903  1.445  1.5021  2.7781  0.5229  1.0164  5.3197  0.271  0.323  1.1254  
trainID = 2885  0.9773  4.745  2.9067  2.007  0.7456  1.115  0.002  2.0733  0.489  1.7351  1.155  0.898  0.9387  3.089  0.5155  3.2255  0.7724  1.557  0.3629  1.1052  0.311  0.621  2.6538  0.753  2.2983  12.7674  1.5516  9.6715  0.4335  2.1758  2.3925  4.3404  3.6542  0.8204  5.6526  0.644  1.7353  0.8573  0.6082  1.7956  3.1726  3.3731  0.8449  2.412  1.15  0.2115  
trainID = 2904  1.9114  6.4955  0.768  3.4452  0.2999  0.823  0.8618  1.5819  2.028  2.6101  0.4227  1.502  5.0283  6.4904  0.6507  1.9247  3.2742  3.7672  0.0008  2.9202  3.0214  0.221  3.1929  4.3818  1.3438  4.7668  6.726  6.9065  1.5409  2.9232  2.8675  1.7334  0.8933  1.5521  0.5459  0.9522  1.5308  0.4953  0.5677  0.8848  1.55  0.646  1.2696  
trainID = 2905  1.5704  7.5847  2.559  9.2203  0.4546  2.7697  0.129  2.2452  1.0891  0.2887  1.762  0.065  2.8136  6.8952  0.8543  2.7706  3.7057  5.3884  2.6644  0.1309  2.044  1.68  4.3019  3.8569  3.3973  1.6367  5.9296  13.9747  3.8004  5.1499  7.2677  0.9766  0.2885  2.631  0.9925  4.008  3.5657  3.0854  1.464  5.0313  1.73  0.17  2.2688  
trainID = 2976  1.137  0.6537  2.242  0.893  2.3657  2.013  2.2979  2.104  1.222  0.0317  1.6245  1.8283  5.9939  5.9852  0.5996  0.7199  2.0661  3.4793  0.578  2.4957  0.2846  1.1005  20.1594  1.9305  17.5163  4.3195  9.0309  1.1671  2.9164  4.7702  1.7319  4.1238  0.359  2.1413  7.3719  1.9161  3.3561  4.5775  4.5371  0.183  3.3447  1.335  2.5711  
TrainID = 1360  dbValue = 1.4453  nTestCell = 46  nTrainCell = 43  nDiff = 3  (X,Y) = (1075, 2025)  Position Error = 53.9351
TrainID = 1327  dbValue = 1.59222  nTestCell = 46  nTrainCell = 43  nDiff = 3  (X,Y) = (1065, 2015)  Position Error = 43
TrainID = 909  dbValue = 1.87226  nTestCell = 46  nTrainCell = 43  nDiff = 3  (X,Y) = (1025, 1975)  Position Error = 40.1123
TrainID = 1727  dbValue = 1.94609  nTestCell = 46  nTrainCell = 43  nDiff = 3  (X,Y) = (1065, 1965)  Position Error = 65.9469
TrainID = 1246  dbValue = 2.00004  nTestCell = 46  nTrainCell = 43  nDiff = 3  (X,Y) = (1105, 1985)  Position Error = 88.2553
TrainID = 2005  dbValue = 2.00906  nTestCell = 46  nTrainCell = 46  nDiff = 0  (X,Y) = (1095, 2065)  Position Error = 88.4816
TrainID = 1637  dbValue = 2.04599  nTestCell = 46  nTrainCell = 43  nDiff = 3  (X,Y) = (1125, 2025)  Position Error = 103.484
TrainID = 1189  dbValue = 2.0666  nTestCell = 46  nTrainCell = 46  nDiff = 0  (X,Y) = (1075, 2105)  Position Error = 104.446
TrainID = 2109  dbValue = 2.09109  nTestCell = 46  nTrainCell = 45  nDiff = 1  (X,Y) = (1075, 2095)  Position Error = 95.9635
TrainID = 2885  dbValue = 2.11558  nTestCell = 46  nTrainCell = 46  nDiff = 0  (X,Y) = (1095, 2085)  Position Error = 101.139
TrainID = 1443  dbValue = 2.13627  nTestCell = 46  nTrainCell = 43  nDiff = 3  (X,Y) = (1135, 2035)  Position Error = 114.756
TrainID = 2524  dbValue = 2.16413  nTestCell = 46  nTrainCell = 45  nDiff = 1  (X,Y) = (1075, 2045)  Position Error = 60.9016
TrainID = 1270  dbValue = 2.24731  nTestCell = 46  nTrainCell = 45  nDiff = 1  (X,Y) = (1095, 2095)  Position Error = 108.301
TrainID = 2904  dbValue = 2.26323  nTestCell = 46  nTrainCell = 43  nDiff = 3  (X,Y) = (1115, 1975)  Position Error = 101.237
TrainID = 2586  dbValue = 2.34344  nTestCell = 46  nTrainCell = 43  nDiff = 3  (X,Y) = (1135, 1985)  Position Error = 116.914
TrainID = 1009  dbValue = 2.35026  nTestCell = 46  nTrainCell = 43  nDiff = 3  (X,Y) = (1055, 1915)  Position Error = 105.304
TrainID = 2161  dbValue = 2.35467  nTestCell = 46  nTrainCell = 44  nDiff = 2  (X,Y) = (1105, 2035)  Position Error = 85.3756
TrainID = 2446  dbValue = 2.35504  nTestCell = 46  nTrainCell = 43  nDiff = 3  (X,Y) = (1135, 2045)  Position Error = 116.914
TrainID = 1240  dbValue = 2.39041  nTestCell = 46  nTrainCell = 46  nDiff = 0  (X,Y) = (1085, 2105)  Position Error = 109.859
TrainID = 1088  dbValue = 2.41955  nTestCell = 46  nTrainCell = 43  nDiff = 3  (X,Y) = (1125, 1965)  Position Error = 114.495
TrainID = 375  dbValue = 2.42643  nTestCell = 46  nTrainCell = 43  nDiff = 3  (X,Y) = (1105, 2035)  Position Error = 85.3756
TrainID = 467  dbValue = 2.42701  nTestCell = 46  nTrainCell = 43  nDiff = 3  (X,Y) = (1055, 1915)  Position Error = 105.304
TrainID = 2439  dbValue = 2.45255  nTestCell = 46  nTrainCell = 43  nDiff = 3  (X,Y) = (1125, 1965)  Position Error = 114.495
TrainID = 1496  dbValue = 2.46275  nTestCell = 46  nTrainCell = 43  nDiff = 3  (X,Y) = (1075, 1935)  Position Error = 95.9635
TrainID = 1410  dbValue = 2.50036  nTestCell = 46  nTrainCell = 43  nDiff = 3  (X,Y) = (1145, 2025)  Position Error = 123.406
TrainID = 2209  dbValue = 2.50189  nTestCell = 46  nTrainCell = 44  nDiff = 2  (X,Y) = (1105, 2045)  Position Error = 88.2553
TrainID = 1474  dbValue = 2.51418  nTestCell = 46  nTrainCell = 45  nDiff = 1  (X,Y) = (1105, 2085)  Position Error = 108.577
TrainID = 1293  dbValue = 2.53563  nTestCell = 46  nTrainCell = 43  nDiff = 3  (X,Y) = (1125, 2135)  Position Error = 158.142
TrainID = 2774  dbValue = 2.53917  nTestCell = 46  nTrainCell = 43  nDiff = 3  (X,Y) = (1165, 2005)  Position Error = 143.349
TrainID = 309  dbValue = 2.55836  nTestCell = 46  nTrainCell = 43  nDiff = 3  (X,Y) = (1135, 2135)  Position Error = 164.83
TrainID = 2667  dbValue = 2.63351  nTestCell = 46  nTrainCell = 43  nDiff = 3  (X,Y) = (1085, 1935)  Position Error = 101.828
TrainID = 469  dbValue = 2.68241  nTestCell = 46  nTrainCell = 43  nDiff = 3  (X,Y) = (1095, 2055)  Position Error = 83.2406
TrainID = 1541  dbValue = 2.7135  nTestCell = 46  nTrainCell = 43  nDiff = 3  (X,Y) = (1125, 1905)  Position Error = 150.695
TrainID = 1629  dbValue = 2.72855  nTestCell = 46  nTrainCell = 43  nDiff = 3  (X,Y) = (1115, 1875)  Position Error = 168.074
TrainID = 2797  dbValue = 3.07012  nTestCell = 46  nTrainCell = 43  nDiff = 3  (X,Y) = (1145, 1865)  Position Error = 193.982
TrainID = 2905  dbValue = 3.1212  nTestCell = 46  nTrainCell = 43  nDiff = 3  (X,Y) = (1185, 1925)  Position Error = 186.196
TrainID = 792  dbValue = 3.24969  nTestCell = 46  nTrainCell = 43  nDiff = 3  (X,Y) = (1195, 1915)  Position Error = 199.822
TrainID = 2976  dbValue = 3.2808  nTestCell = 46  nTrainCell = 43  nDiff = 3  (X,Y) = (1115, 2165)  Position Error = 176.491
TrainID = 505  dbValue = 3.29058  nTestCell = 46  nTrainCell = 43  nDiff = 3  (X,Y) = (1045, 2155)  Position Error = 141.877
TrainID = 1669  dbValue = 3.30858  nTestCell = 46  nTrainCell = 43  nDiff = 3  (X,Y) = (1145, 2165)  Position Error = 193.982
TrainID = 1743  dbValue = 3.35999  nTestCell = 46  nTrainCell = 43  nDiff = 3  (X,Y) = (1135, 1895)  Position Error = 164.83
TrainID = 1107  dbValue = 3.39623  nTestCell = 46  nTrainCell = 43  nDiff = 3  (X,Y) = (1215, 1905)  Position Error = 222.146
TrainID = 1334  dbValue = 3.5223  nTestCell = 46  nTrainCell = 43  nDiff = 3  (X,Y) = (1235, 1955)  Position Error = 221.289
TrainID = 1623  dbValue = 4.09717  nTestCell = 46  nTrainCell = 43  nDiff = 3  (X,Y) = (1245, 1855)  Position Error = 274.461
TrainID = 1917  dbValue = 4.40843  nTestCell = 46  nTrainCell = 43  nDiff = 3  (X,Y) = (1195, 1805)  Position Error = 272.083
