trainID = 170  0.033  2.5054  0.035  2.8733  1.9876  0.4131  0.7487  0.0791  2.2882  3.0774  0.499  2.2699  2.0037  0.3355  0.058  0.662  3.0788  0.275  1.2501  10.8275  3.8075  3.7454  0.7435  0.7877  1.8313  1.601  0.4129  3.8546  3.1724  0.3334  0.04  2.9375  1.9472  0.091  0.3266  2.7491  1.8228  0.9128  0.217  2.4866  3.0708  0.494  1.4701  2.4797  0.636  3.3761  0.737  1.447  2.32  
trainID = 178  2.1019  1.8799  2.3805  3.836  2.743  2.352  0.979  1.7434  1.0666  1.9415  0.5276  2.2157  0.9757  0.828  0.4538  3.5419  0.43  0.1684  2.9874  1.3227  10.7809  14.7684  8.5287  0.9256  3.9311  0.9212  1.549  0.9721  0.4537  1.367  2.492  2.3537  3.0221  0.9672  1.5271  1.309  3.6813  1.4017  0.9101  2.2201  1.5169  3.7692  2.062  2.6615  1.0898  1.1164  0.9904  0.533  2.157  2.114  
trainID = 231  0.202  3.2979  0.512  32.044  1.3552  1.73  1.049  0.7087  0.8451  1.2529  1.4779  1.028  0.3882  2.6208  1.7159  2.2112  0.347  0.5298  3.7615  0.4285  1.2018  12.0239  0.3558  2.0046  1.381  1.8006  0.463  1.2905  0.1891  2.4506  0.455  1.2967  1.5747  5.06  2.2809  3.9461  2.7488  0.6928  0.8938  0.701  1.3356  2.317  0.2  2.6387  0.154  1.703  1.9674  
trainID = 309  1.8938  1.7306  0.517  35.3595  3.4601  0.782  0.864  3.6117  4.5704  0.7197  2.4136  0.5749  0.3622  1.7777  2.1065  2.4494  1.103  1.927  3.2283  3.7634  9.2908  20.5003  11.7423  0.7016  0.3903  6.3303  1.898  0.4362  1.8979  0.2333  2.991  0.9777  0.1911  4.45  3.8422  0.6023  2.3975  1.3259  1.3618  0.126  3.1505  0.4306  0.19  0.2985  0.134  2.454  0.5147  
trainID = 342  0.4802  4.7683  0.505  2.853  0.133  1.139  2.4443  2.7605  4.5681  3.8352  0.7273  1.0963  1.2421  0.4999  1.966  0.9934  1.7441  2.3382  17.8495  10.6145  14.1312  0.9976  3.0544  3.7405  1.619  1.4401  1.8621  1.6018  0.2172  1.3907  4.1419  2.0868  2.2838  2.6388  4.7303  4.411  0.4288  4.0349  0.3223  1.7652  1.579  2.475  0.4904  1.9502  1.6965  0.02  4.1576  2.6404  
trainID = 478  1.241  5.7248  0.438  6.2689  1.577  4.791  3.3884  2.3694  5.0181  5.7682  2.9613  1.5001  1.516  0.5211  1.244  0.9006  3.1952  1.3938  15.4602  9.3395  14.7911  0.0863  4.3337  5.2584  2.416  2.2391  1.5845  0.9353  1.557  1.7167  5.2104  3.1262  3.643  2.9161  4.8349  3.7753  1.4888  3.2892  1.6409  4.5896  1.727  1.59  1.4528  0.8916  1.6299  2.1272  2.704  2.8677  
trainID = 502  1.725  4.2265  3.456  4.448  5.9313  1.148  2.155  0.4449  0.4657  5.9759  4.09  1.158  0.098  1.124  4.0588  1.883  0.098  0.5945  0.036  1.0246  21.0134  7.3394  12.6389  2.0587  5.5085  7.9345  0.293  2.2413  0.7568  1.547  0.9413  0.4487  4.8027  5.0329  3.824  2.6969  3.9003  2.8326  1.5342  3.1494  0.838  2.5731  2.088  1.2089  0.0733  0.7283  0.8685  1.889  3.8307  0.6264  
trainID = 557  1.645  4.1356  1.139  2.844  5.0853  2.2369  0.09  3.3272  0.6462  2.8096  4.4354  0.2661  1.5494  1.469  0.5642  0.09  0.696  1.2699  0.0204  1.0213  23.9319  1.5136  11.5273  4.8427  2.6188  6.3016  4.3321  1.1406  1.0897  3.7272  0.0357  1.5605  0.5432  3.0986  0.8599  0.1304  3.9904  0.5252  2.7946  1.834  0.0188  2.6547  0.45  4.2238  0.917  0.791  0.5043  
trainID = 562  1.9643  1.621  0.019  3.461  2.9503  0.3512  0.454  3.3283  0.2349  2.4063  3.1429  0.8655  0.2582  0.771  2.1255  0.707  0.885  1.8481  0.1302  1.9014  10.3361  4.591  8.7638  2.2422  3.4501  2.6383  0.592  1.1579  1.8055  1.9502  0.391  1.1207  3.3152  1.7858  2.2949  1.6819  1.9446  1.81  1.0818  0.753  1.1003  0.7939  2.565  2.3726  0.6665  0.941  2.0997  0.194  3.8049  5.6237  
trainID = 937  0.796  1.5872  0.398  2.628  3.8585  1.0371  1.683  1.9571  0.0482  2.4931  4.0994  2.7219  2.6416  0.033  1.8721  0.357  1.133  0.5707  1.0837  0.3175  23.1236  4.0633  7.8415  1.2399  2.3878  3.0739  0.007  1.97  3.4448  2.5791  2.5624  1.2917  2.6474  2.4958  0.0971  1.1352  1.8301  1.7276  0.0228  1.8148  0.1698  2.3991  0.523  0.8975  1.7204  1.123  0.8791  0.319  2.135  2.7937  
trainID = 976  1.3495  2.6128  2.4098  2.398  4.1137  0.9547  2.585  1.5011  0.9451  3.5236  1.8014  0.6162  1.0983  1.532  1.1129  1.9206  2.5574  0.408  1.4807  12.6394  2.8182  6.8891  3.6087  3.2805  1.5517  0.471  3.1119  0.2578  0.8261  0.8674  0.8214  2.879  3.53  0.5284  0.4467  1.4353  2.2622  0.9498  3.5014  0.2709  1.9336  1.484  0.6402  2.5477  0.844  1.1073  1.257  3.9674  0.0721  
trainID = 981  0.4138  3.0091  0.839  2.989  4.1383  1.167  0.719  1.3039  0.1197  4.3586  0.3044  1.8578  0.3651  1.53  0.4641  2.2756  0.342  2.4763  1.4301  2.988  16.5012  5.1633  8.347  4.6497  3.0736  3.1231  0.611  0.2529  0.2935  1.6364  1.682  0.3047  4.8129  1.1846  0.8652  2.5469  0.0329  0.8869  0.0359  3.99  1.4724  5.1311  0.949  1.2039  0.7221  0.199  1.5431  0.447  2.891  1.2241  
trainID = 1073  2.182  2.1838  1.472  5.3145  0.4  0.585  0.1973  0.6165  4.6131  4.1203  1.872  0.8489  0.153  0.0164  1.2  0.87  2.3234  1.7791  3.0396  15.1238  9.7128  10.2904  3.5712  3.7995  3.0903  0.085  3.6178  0.3963  0.3285  3.47  0.4472  6.7386  1.5894  3.0188  2.9761  5.0243  2.8203  1.5014  5.3439  1.274  1.3005  1.162  2.1141  0.591  4.0429  0.8044  0.11  3.611  2.1987  
TrainID = 170  dbValue = 1.73778  nTestCell = 50  nTrainCell = 49  nDiff = 1  (X,Y) = (1025, 2225)  Position Error = 50.9608
TrainID = 562  dbValue = 2.06585  nTestCell = 50  nTrainCell = 50  nDiff = 0  (X,Y) = (1055, 2235)  Position Error = 73.6003
TrainID = 976  dbValue = 2.07594  nTestCell = 50  nTrainCell = 49  nDiff = 1  (X,Y) = (1035, 2225)  Position Error = 54.5619
TrainID = 981  dbValue = 2.17734  nTestCell = 50  nTrainCell = 50  nDiff = 0  (X,Y) = (1045, 2255)  Position Error = 86.0058
TrainID = 937  dbValue = 2.19263  nTestCell = 50  nTrainCell = 50  nDiff = 0  (X,Y) = (1015, 2255)  Position Error = 79.1012
TrainID = 178  dbValue = 2.33134  nTestCell = 50  nTrainCell = 50  nDiff = 0  (X,Y) = (1085, 2235)  Position Error = 94.6414
TrainID = 231  dbValue = 2.35387  nTestCell = 50  nTrainCell = 47  nDiff = 3  (X,Y) = (1045, 2185)  Position Error = 35.171
TrainID = 557  dbValue = 2.58081  nTestCell = 50  nTrainCell = 47  nDiff = 3  (X,Y) = (1015, 2305)  Position Error = 129.062
TrainID = 1073  dbValue = 2.73349  nTestCell = 50  nTrainCell = 49  nDiff = 1  (X,Y) = (1085, 2275)  Position Error = 123.6
TrainID = 342  dbValue = 2.80136  nTestCell = 50  nTrainCell = 48  nDiff = 2  (X,Y) = (1085, 2295)  Position Error = 140.132
TrainID = 502  dbValue = 2.9872  nTestCell = 50  nTrainCell = 50  nDiff = 0  (X,Y) = (1065, 2295)  Position Error = 130.679
TrainID = 309  dbValue = 3.23561  nTestCell = 50  nTrainCell = 47  nDiff = 3  (X,Y) = (1135, 2135)  Position Error = 130.602
TrainID = 478  dbValue = 3.31332  nTestCell = 50  nTrainCell = 48  nDiff = 2  (X,Y) = (1095, 2285)  Position Error = 137.612
