trainID = 242  32.7219  2.3404  4.0651  1.115  3.5379  2.2601  5.4481  2.365  0.4947  2.909  0.248  2.3359  3.268  1.048  5.1833  1.3676  1.2397  6.8172  7.499  0.3695  1.5073  1.2342  1.4794  2.851  1.4988  0.4066  1.447  0.194  0.7244  0.5661  1.2949  2.0426  1.5152  0.1466  1.9063  0.288  0.7851  0.3025  0.4379  2.2299  0.6562  1.0901  1.1002  0.198  3.4399  0.421  2.6502  
trainID = 316  35.419  0.6344  4.2391  1.031  4.7082  0.2695  2.496  0.1814  0.5532  2.2319  0.332  0.2963  0.15  0.766  0.5912  0.3711  1.7832  14.4367  3.2078  4.5238  0.21  1.3839  1.259  1.255  3.0512  0.3287  1.8126  0.113  0.1212  0.1724  0.0644  3.0487  1.3747  1.0871  0.425  0.168  2.3583  3.0512  2.4408  3.8739  1.3378  2.8072  0.1794  1.8631  0.5587  1.7566  3.7711  
trainID = 400  0.282  0.7434  3.415  1.8855  0.7526  1.7538  0.1264  1.27  2.9523  1.393  3.34  2.7614  0.7378  1.1598  0.7655  4.8227  3.842  0.4046  0.2194  3.7353  1.896  0.6973  2.2883  1.164  0.746  1.4452  2.9946  1.8503  2.4822  2.9809  0.2416  0.7046  2.7583  4.4594  2.7006  0.9427  2.6989  0.5082  2.8227  0.8979  2.5874  0.6872  1.8784  1.7358  1.176  
trainID = 424  35.9106  1.6032  2.9068  1.13  2.2558  1.7137  2.7241  2.7228  2.3143  2.5055  1.4863  0.3394  0.5091  0.192  1.6455  1.1911  0.4183  7.315  1.3534  0.2638  1.3649  0.0278  1.5829  2.394  0.7292  1.3425  3.0109  0.522  2.0682  1.2271  0.3096  1.5925  0.0358  0.2619  0.9646  0.8993  2.4891  1.0068  0.572  2.5979  2.4392  1.5727  2.7971  2.8529  1.3339  2.131  2.2473  
trainID = 535  34.9972  1.0865  3.4713  0.254  6.5271  0.4701  4.7345  1.5722  3.4592  2.6524  1.9968  0.3526  0.317  1.603  0.2242  1.1661  1.9572  25.4518  1.2549  10.3569  2.6841  4.5929  1.9526  0.431  2.7798  1.8916  2.6963  0.97  0.5112  4.1561  0.825  2.2627  1.3494  1.7093  3.104  0.566  3.1626  0.0812  3.2921  2.5799  1.3493  2.0313  1.2576  2.1731  3.1529  0.316  4.3837  
trainID = 538  32.0192  0.658  3.7231  0.715  5.3447  0.7139  1.5787  0.9671  0.9105  3.2811  0.316  1.0748  0.49  2.118  2.2062  0.0647  1.2341  19.6365  8.4825  5.4683  3.611  2.3277  1.7816  2.665  2.4888  0.402  1.0701  0.881  1.6752  2.1508  3.4326  0.7224  0.5939  1.2733  0.8428  0.469  1.8816  2.9752  2.206  3.2289  0.1087  0.8723  2.8121  3.259  3.1739  1.058  2.6427  
trainID = 558  34.3957  2.2211  4.6521  2.2991  6.9386  3.415  1.6721  2.5264  3.5556  1.4177  1.4278  0.6941  1.2017  1.076  2.1563  0.1468  0.3234  20.0618  10.4622  4.1839  0.4274  2.1839  0.8191  1.952  2.2111  0.6623  0.5335  0.566  1.6702  4.0358  2.0188  0.2839  0.3021  0.2305  0.56  1.0461  2.2969  1.3885  0.3572  2.9959  1.5018  1.5596  4.2911  2.4746  0.8509  1.886  2.3242  
trainID = 615  33.1226  1.7367  5.0761  0.419  4.6147  1.8372  2.3609  2.1072  1.1686  1.1133  0.054  1.919  1.8196  0.235  1.3039  1.7028  1.841  7.066  1.311  2.0231  2.4777  0.7263  1.6172  3.2402  2.0143  1.6204  2.5335  1.3781  0.004  0.6908  0.5228  1.1304  0.5452  1.4273  0.179  0.8198  0.5703  1.3454  2.8796  0.4492  2.5826  0.987  0.1096  1.3948  2.5359  0.859  3.0045  
trainID = 685  33.1236  0.5788  4.1381  1.671  5.0868  0.3929  3.8065  1.7605  0.531  0.1419  1.6669  3.5375  1.162  0.424  0.8589  1.4075  0.3764  8.0886  9.6346  8.7961  2.1947  2.4294  4.5437  3.6145  0.4461  1.7652  0.525  0.7492  3.5416  2.2365  2.8849  0.7539  0.3892  5.8194  3.3015  0.791  0.0213  3.2182  1.0249  0.9798  3.0772  2.0191  3.909  3.1789  1.618  4.3081  
trainID = 711  31.8169  1.2087  1.7801  0.325  1.1257  2.9243  2.5571  0.0575  0.6128  1.7891  0.847  2.4059  0.823  1.221  4.4326  2.5612  1.7789  9.5001  6.5011  0.7407  0.1644  1.874  1.4865  3.2644  3.1288  2.1959  2.4403  0.046  0.4972  1.9778  0.9499  3.4533  1.5345  1.2562  1.5129  0.6969  0.0864  1.6526  0.6835  1.1719  1.1218  2.6647  0.102  2.6223  1.6049  1.464  0.0967  
trainID = 749  34.6732  0.8198  0.8248  1.082  3.565  0.1932  1.8351  1.9748  1.0266  0.4118  1.249  1.574  0.863  0.165  2.2843  0.4449  0.6089  5.2867  0.3955  0.9651  0.7816  0.837  1.6553  2.307  2.2361  3.5265  1.0074  1.262  0.0799  0.3387  1.115  1.7738  0.1792  1.8737  0.6091  0.7851  1.0002  3.3657  0.4132  0.5163  1.8355  2.0728  1.9421  2.3891  3.8729  0.976  4.1657  
trainID = 933  32.7721  3.2357  3.3335  1.277  5.4684  4.9213  1.7283  3.6623  1.1764  3.468  0.873  1.5708  0.135  1.995  3.8222  1.8551  0.4084  12.8925  11.3897  1.5369  0.9226  0.9551  3.1558  1.707  1.9102  3.1305  0.1754  0.745  0.8892  1.7527  1.1971  3.2308  2.2955  1.7266  3.4895  1.0287  1.7557  2.8847  0.6715  3.0929  1.3563  0.2027  2.0131  3.5718  3.7909  1.475  3.0257  
trainID = 1075  33.8119  0.8018  4.0221  0.468  5.2049  0.5014  3.2755  1.4936  2.1042  3.4347  0.463  0.3713  0.958  1.0036  0.0313  0.5719  28.1848  0.0928  13.0363  0.9274  5.1687  2.7363  1.178  1.6981  3.0909  0.086  1.6128  0.8802  3.207  5.0308  0.5857  1.8523  2.8127  3.4773  0.995  3.4376  0.6156  4.4859  2.8009  1.7672  2.1021  2.5921  2.8153  3.5999  1.057  5.0788  
trainID = 1154  0.5794  2.7901  1.534  2.4596  1.9775  3.3603  2.1882  1.2162  2.0492  1.277  2.9802  1.202  1.287  2.0591  0.878  2.0281  2.1192  4.3717  1.1402  0.1778  0.0076  2.2818  0.347  0.3851  0.5036  0.2193  0.69  2.4132  1.6787  1.1728  2.4914  1.2059  1.7464  1.0124  2.3156  0.0382  0.3185  0.6792  2.1909  1.5368  0.6698  2.2861  0.6665  0.651  1.238  0.6953  0.506  
TrainID = 1154  dbValue = 1.43876  nTestCell = 48  nTrainCell = 47  nDiff = 1  (X,Y) = (1545, 1465)  Position Error = 42.45
TrainID = 400  dbValue = 1.81571  nTestCell = 48  nTrainCell = 45  nDiff = 3  (X,Y) = (1555, 1495)  Position Error = 71.8471
TrainID = 749  dbValue = 2.19489  nTestCell = 48  nTrainCell = 47  nDiff = 1  (X,Y) = (1525, 1415)  Position Error = 23.7065
TrainID = 615  dbValue = 2.35057  nTestCell = 48  nTrainCell = 47  nDiff = 1  (X,Y) = (1545, 1415)  Position Error = 37.4433
TrainID = 424  dbValue = 2.35902  nTestCell = 48  nTrainCell = 47  nDiff = 1  (X,Y) = (1545, 1405)  Position Error = 43.8406
TrainID = 711  dbValue = 2.44167  nTestCell = 48  nTrainCell = 47  nDiff = 1  (X,Y) = (1585, 1445)  Position Error = 71.5681
TrainID = 316  dbValue = 2.51266  nTestCell = 48  nTrainCell = 47  nDiff = 1  (X,Y) = (1545, 1375)  Position Error = 68.4251
TrainID = 242  dbValue = 2.53291  nTestCell = 48  nTrainCell = 47  nDiff = 1  (X,Y) = (1575, 1435)  Position Error = 61.0082
TrainID = 538  dbValue = 3.01294  nTestCell = 48  nTrainCell = 47  nDiff = 1  (X,Y) = (1575, 1355)  Position Error = 101.4
TrainID = 558  dbValue = 3.11185  nTestCell = 48  nTrainCell = 47  nDiff = 1  (X,Y) = (1575, 1355)  Position Error = 101.4
TrainID = 933  dbValue = 3.18454  nTestCell = 48  nTrainCell = 47  nDiff = 1  (X,Y) = (1605, 1395)  Position Error = 99.8098
TrainID = 685  dbValue = 3.1853  nTestCell = 48  nTrainCell = 46  nDiff = 2  (X,Y) = (1515, 1345)  Position Error = 91.0055
TrainID = 535  dbValue = 3.4078  nTestCell = 48  nTrainCell = 47  nDiff = 1  (X,Y) = (1535, 1335)  Position Error = 103.16
TrainID = 1075  dbValue = 3.59832  nTestCell = 48  nTrainCell = 46  nDiff = 2  (X,Y) = (1525, 1315)  Position Error = 121.499
