trainID = 317  1.7764  4.8222  1.505  1.528  5.2019  4.2403  0.3288  2.5113  5.5467  4.1601  0.8495  1.0333  0.9254  33.9073  1.5492  2.1883  1.0242  3.9118  1.0217  1.6501  7.1054  22.5008  9.0836  1.5805  6.5641  3.2506  4.6056  1.9888  4.3505  13.0817  4.9952  3.5196  0.4731  4.2159  3.3398  32.5029  1.7155  2.948  1.6885  34.6359  
trainID = 377  1.7975  0.1084  2.4163  1.2664  0.2207  0.004  35.4186  0.0513  6.0078  3.6314  4.8329  5.6431  0.9079  0.1989  0.8956  2.9314  32.0986  2.0432  2.5483  0.4997  1.8536  0.4214  3.5632  4.2078  2.0374  12.0649  2.7974  5.66  0.615  0.2725  1.9828  2.4656  7.8672  1.5429  2.0039  0.3577  0.663  3.2696  32.619  0.768  0.374  2.8393  
trainID = 384  1.0971  0.8583  3.5333  2.3374  1.4228  2.743  3.2955  3.0687  1.4784  0.5921  6.7096  3.618  1.4823  2.8537  1.6352  0.5893  2.4743  2.4188  0.3697  0.7478  0.3041  3.1458  18.7289  5.8407  2.3839  6.6788  3.3265  0.0021  1.2399  3.4593  10.1376  2.0853  1.7779  1.795  1.7014  0.9595  32.8512  0.6878  2.5056  2.1457  2.009  
trainID = 401  1.5694  2.5664  1.9683  1.6034  0.385  1.6752  2.138  1.1127  2.9257  2.1452  3.2385  2.4413  0.1251  0.1294  2.8667  0.4346  33.093  0.9996  2.4163  0.4202  1.5792  2.3228  3.3212  1.7695  4.3279  5.2595  0.5525  0.9632  2.2962  3.5073  0.179  2.7457  6.6236  0.9376  2.6986  1.5772  0.2544  2.1195  1.808  0.948  0.0318  
trainID = 406  2.9588  0.2081  5.8243  3.0624  2.0555  0.237  1.727  4.2205  1.6627  1.6015  7.9614  4.1169  5.5246  1.079  0.825  0.9039  1.7459  4.0223  2.9748  1.4523  2.6546  1.9416  1.7838  14.1678  10.1751  1.108  5.232  5.4733  4.0725  0.3371  2.0181  7.1849  0.5349  2.9957  1.624  1.9673  1.2158  0.428  1.5091  1.7026  2.58  
trainID = 438  0.423  0.4893  4.2463  1.511  0.9016  2.927  0.012  1.8168  1.5947  2.2246  1.6429  3.1271  3.8699  2.2016  2.1549  1.3149  30.95  0.3926  2.3183  2.1048  0.6781  0.3631  4.8625  4.5855  10.2142  5.2601  0.614  4.2773  2.891  0.3832  0.9718  2.49  6.3857  1.1493  2.6764  1.5979  0.82  1.7  31.8353  1.3584  1.5051  1.0383  
trainID = 456  4.4009  3.993  2.9693  0.0198  3.0384  3.0547  35.7422  1.2736  5.8666  1.3854  7.5836  11.8299  1.833  5.1085  6.1079  4.2078  36.8902  0.7963  4.7653  3.6278  4.9276  2.3053  6.2724  7.6385  8.818  11.4196  2.9564  5.1233  3.3252  2.5243  5.8518  5.6757  6.4565  1.685  2.9603  0.8918  1.4752  1.9976  35.5106  4.34  2.031  2.7016  0.382  
trainID = 471  0.3124  1.2489  4.1503  2.2353  0.6831  2.3544  0.246  0.2731  4.0425  1.1117  4.9734  1.7255  1.1778  1.6961  2.635  0.2368  31.2672  0.9343  1.0729  0.7649  2.4452  0.7241  0.5587  1.1707  1.3144  3.6633  1.7271  1.9578  3.1947  1.2461  1.7158  0.5869  3.7326  2.5747  0.4794  1.9932  0.153  2.4311  2.438  0.117  1.8184  
trainID = 477  1.0878  1.9976  2.5353  1.2984  1.3018  1.424  4.0252  0.029  1.1035  4.4623  2.1584  3.5011  1.3496  1.4218  1.1489  0.044  0.7  0.3797  3.7538  1.6914  3.3491  0.4368  1.8386  7.2144  2.7443  0.7229  2.231  1.708  2.3115  0.9007  0.6801  3.5559  2.4099  3.4795  2.8127  0.2205  0.6888  2.154  0.497  4.6258  
trainID = 497  1.0228  2.5653  2.9743  0.8924  1.0981  1.617  1.677  1.3556  3.3972  2.7564  1.4944  3.5382  3.5555  1.465  1.8598  0.4314  0.8674  2.0053  2.6938  1.2648  0.5681  0.7569  1.3215  7.3106  1.1697  1.4074  4.3253  0.6476  1.3982  0.6153  0.0031  3.2097  0.6139  1.0561  1.3764  0.5928  2.001  1.919  0.844  1.5558  
trainID = 508  3.1421  3.022  2.6733  2.0954  1.3733  1.3652  36.3071  1.1887  4.6594  0.7145  11.3272  4.835  1.7152  4.5309  4.8758  3.8933  31.3818  2.873  5.4423  3.1478  3.1474  2.5415  5.8843  2.0919  0.0818  7.0644  2.1399  1.0413  2.1184  0.4934  2.1438  3.0926  4.9463  3.1471  3.9596  0.416  2.1056  0.9076  1.25  34.5499  
trainID = 516  1.2087  1.4631  2.4493  0.9014  1.4297  1.4588  2.738  2.002  3.5428  0.5023  3.6043  1.2098  1.7597  0.8478  1.6763  0.8181  33.1922  0.2102  2.0443  1.6498  0.7883  1.188  1.1267  4.1861  2.7057  6.9972  0.2404  1.8988  1.1275  1.748  1.0157  4.6803  5.8534  0.7226  1.148  1.0065  0.3921  3.0963  0.729  2.636  0.09  0.0721  1.878  
trainID = 546  2.7717  3.5349  3.7973  1.4115  2.3062  0.7459  35.9341  2.0078  7.1818  0.6792  6.5559  7.1555  1.3099  1.3111  3.9008  2.0766  34.4565  0.3139  3.4593  2.0368  2.0227  2.4294  4.0215  10.215  8.3069  15.387  3.0798  5.2773  0.3088  0.6519  2.1588  4.7667  7.7929  0.1968  4.8641  2.188  1.4226  4.5377  34.9234  3.264  0.503  1.0706  
trainID = 550  2.3521  0.9483  1.2573  0.4336  1.91  0.5914  35.2578  0.9687  5.2988  0.1463  3.9972  5.8343  0.1613  1.3015  3.9769  3.8447  32.6723  0.5905  2.4583  6.0768  3.2633  3.4909  3.3142  5.6938  4.8343  11.4613  2.8189  2.5129  1.2709  1.1466  0.7997  5.4204  6.2712  5.7773  3.1502  1.3664  1.0063  1.5739  33.4387  1.502  1.408  0.5156  0.563  
trainID = 647  3.1684  5.0695  0.938  2.5044  0.9677  1.703  1.415  0.451  0.8635  3.8636  2.6932  2.7891  0.5191  1.0586  1.9332  0.6261  1.7002  0.6926  1.3041  3.815  3.7255  4.5747  3.194  2.7198  3.6642  1.8721  0.9237  4.0892  0.5377  0.5284  2.9711  2.6172  0.1732  1.2307  1.8602  0.2296  1.7031  0.286  1.7382  1.4319  
trainID = 697  3.7774  1.8859  3.5843  0.8494  3.5653  0.043  35.2774  2.1079  6.7598  1.9604  7.3273  5.8734  2.1024  3.2221  3.4652  5.1948  31.16  2.3365  3.3103  3.4668  2.6549  1.4242  6.7067  4.3507  5.2137  10.8495  3.776  1.1568  3.0713  1.8239  0.9747  3.3024  8.9103  3.3152  4.1815  0.9092  1.1593  2.3543  34.402  2.412  0.501  0.7075  
trainID = 738  0.8244  3.978  0.389  0.919  3.5604  5.1998  0.3474  2.1478  8.1075  6.1624  0.1937  0.9427  0.7929  34.0361  0.1933  5.5263  2.3388  2.9887  4.2883  6.5415  11.8557  32.8846  0.5191  4.4886  6.1234  0.264  1.3641  0.7225  7.4048  13.3934  0.5886  5.7196  2.336  2.277  3.1452  36.6743  0.342  1.8703  1.5604  37.9511  
trainID = 770  0.4796  1.7973  2.3823  0.7774  1.941  2.5264  2.6234  2.8365  0.2303  0.4444  5.9096  2.6365  0.58  0.4051  0.7904  33.4687  0.1659  2.7903  3.3958  0.9661  0.7403  6.338  4.967  20.2979  0.6331  0.0052  6.0574  4.9425  3.8198  0.4197  7.2178  10.5433  0.3777  2.1081  1.284  3.26  3.9253  33.5259  0.389  1.4449  2.3125  3.187  
trainID = 791  1.5033  1.7032  0.8546  1.2604  0.7338  2.8924  36.4463  1.8624  3.2208  0.0615  2.6173  0.5847  0.115  1.057  3.2077  1.4817  30.8882  0.5549  0.5536  2.5178  0.8896  2.4487  2.9656  0.444  3.427  5.1168  1.8302  1.0216  1.6259  2.0842  0.1977  0.1156  0.6642  1.636  1.2488  2.6179  0.8847  1.2993  0.192  34.5499  0.024  
trainID = 803  1.3134  3.5836  2.228  1.283  4.4943  2.8969  3.5124  1.0825  6.2391  2.66  0.237  2.3152  1.8871  34.7181  1.9757  1.6173  2.2878  2.8692  3.8205  4.7249  8.0358  26.7971  6.1073  0.0548  7.3275  2.7771  0.6783  0.4402  7.0588  14.2771  0.9805  2.2681  0.6351  2.1731  3.7909  35.3103  1.0491  1.3415  0.6416  35.2085  
trainID = 860  0.3031  0.195  4.9963  0.7409  0.0875  1.806  0.273  1.7452  3.0574  0.9909  1.9327  2.1123  1.117  0.5374  0.0161  0.3426  0.5877  0.3318  0.2386  4.3062  1.2572  1.1903  0.6235  11.8014  3.4174  0.5415  3.87  2.8187  2.1646  0.5855  3.3432  8.4413  1.4095  1.6027  1.0627  2.491  1.6595  0.536  3.018  0.555  0.9775  2.94  
trainID = 864  1.4254  0.5964  0.148  0.1878  0.5086  0.08  0.778  0.8417  2.6745  1.7175  3.2724  3.0117  0.2517  0.4697  3.0791  1.1647  0.4496  1.6383  0.3547  1.9877  1.0652  0.5255  1.216  4.4162  1.75  0.4693  2.3533  1.3674  1.0414  0.3494  0.7561  3.6566  1.3719  3.2878  0.6816  1.6882  1.3831  0.569  2.53  1.722  1.2529  
trainID = 884  2.7294  1.8487  0.2178  0.4034  2.3603  2.0544  1.132  1.0965  1.3698  0.4093  2.7957  0.9876  1.5304  0.6838  0.7255  0.8112  35.0031  1.5671  1.4673  0.4936  2.4125  0.6483  2.2015  2.802  0.5037  5.2604  1.0265  3.2822  2.6175  1.7777  0.2918  3.7621  4.8669  2.2252  1.0457  0.6568  0.0252  0.7136  1.02  0.09  1.9706  1.56  
trainID = 890  3.2452  0.3748  2.7703  2.0404  2.1811  0.416  1.608  3.5565  3.1299  0.1239  6.5152  1.9248  2.2061  4.2006  3.618  1.3583  0.7511  2.726  1.4038  6.52  7.0596  5.5474  4.3984  10.5063  13.9039  1.1879  3.0571  7.1057  3.2048  4.2733  0.4294  4.8998  3.7611  7.1352  1.9389  0.0574  0.7347  0.772  2.5271  2.913  
trainID = 906  0.1632  0.7078  6.1643  3.4974  3.3354  0.204  0.323  4  0.3108  0.7304  2.2414  5.2979  2.2067  1.5841  0.8424  0.9863  1.0157  2.1363  2.5928  1.9874  0.7986  0.7916  1.5097  10.6468  2.2568  1.0345  4.6846  3.7485  2.6781  0.5018  1.0041  6.2458  3.7793  3.3572  1.4112  2.7522  2.7381  2.575  0.06  1.412  0.121  
trainID = 928  2.123  1.2307  2.3763  1.9864  2.0609  0.776  0.005  2.8957  3.3267  1.4562  3.2037  5.9187  3.7362  0.2821  1.0017  1.6741  2.4827  2.7593  0.6353  3.3858  0.2913  3.2175  2.7799  16.5454  5.0788  1.4136  3.1872  3.091  0.7095  1.0462  4.0746  10.2763  3.9206  1.5772  1.3622  0.236  0.115  31.3448  1.281  1.5223  0.6473  1.27  
trainID = 931  5.186  1.6056  5.3683  0.9904  1.2062  3.336  4.4503  5.8848  3.0219  5.4827  3.6601  4.3502  4.0996  2.3455  1.9896  2.1289  2.7175  1.2199  10.1872  10.2733  6.9309  7.0244  7.1996  10.7787  2.9141  4.0384  5.1277  2.2537  3.1085  6.0737  5.9737  1.3555  5.2124  1.274  1.1841  0.4543  1.759  1.248  0.326  0.587  
trainID = 957  0.5324  0.158  1.5104  2.3144  0.424  0.413  2.411  2.9257  4.6613  0.0257  0.584  4.3866  1.3963  1.0568  0.2412  1.7637  30.9321  1.8924  1.6223  3.5638  1.5425  0.9077  2.6516  3.9167  7.7625  3.8416  1.7997  2.2276  1.8091  0.2111  1.4358  1.0851  7.5772  0.9586  0.6193  0.493  1.3174  2.0328  0.945  2.108  0.799  0.2345  0.759  
trainID = 960  4.5709  3.9818  1.4406  0.0417  0.9283  4.4997  37.126  1.2565  5.5691  0.498  8.9184  8.8396  3.0144  3.5371  4.2353  4.4473  36.8522  35.5356  5.2863  4.8971  6.993  6.6915  5.5299  10.2043  4.4061  3.5725  3.2396  1.0017  3.1778  4.9613  11.7854  3.458  6.3857  1.7899  0.9208  1.6709  36.1734  0.67  0.66  1.9402  
trainID = 978  2.7929  0.4405  4.3333  0.7366  3.7531  1.301  0.333  2.6296  0.1361  1.0094  5.0257  3.7489  3.3139  1.7038  0.1466  0.7296  1.5399  1.9683  0.4154  1.4461  0.2625  0.939  2.4279  14.6581  8.3698  0.4894  6.9752  4.6953  3.8961  0.5866  2.6586  7.9746  1.0683  1.2921  0.732  1.477  1.2671  0.623  1.4207  2.5223  
trainID = 982  2.0342  0.0237  0.099  2.7654  1.4669  0.03  1.051  4.5164  0.1237  1.3373  4.8329  3.2225  3.5554  1.0629  0.4683  0.0691  2.6829  0.1394  0.408  2.598  2.9779  1.4878  1.442  7.2097  5.7027  2.7971  3.464  3.94  4.4855  1.4056  0.5516  4.5829  0.6919  2.2558  0.9012  3.2528  2.3243  1.606  0.421  1.5934  
trainID = 992  5.2128  2.8187  2.7483  3.5424  3.5623  1.5104  3.2182  5.8542  4.3494  6.0001  0.5756  4.3014  3.2786  4.091  1.7334  5.2075  3.1331  1.517  11.9608  14.2776  14.5658  7.8616  0.18  7.5841  5.1591  2.3306  6.516  0.7709  3.5596  5.1668  1.0458  2.1717  3.1229  5.6175  2.1952  4.0588  1.11  0.481  1.9318  0.594  
trainID = 1002  1.8784  3.1955  0.343  0.709  2.9738  3.0247  0.5571  1.547  7.1812  3.6639  0.8791  0.9416  0.6725  34.4035  1.1143  2.1833  0.1733  1.6048  1.1659  2.6491  3.521  23.2471  8.0995  2.0087  6.5363  2.6207  0.5134  0.9362  6.3935  12.932  0.244  2.6709  0.5083  4.9053  5.6788  35.6615  0.479  3.7291  2.8852  35.1173  
trainID = 1037  3.1174  3.8713  1.844  0.026  5.6299  4.4359  0.1226  1.122  8.3735  4.3974  1.1728  1.315  1.5717  35.7033  2.6489  2.7533  0.223  3.7797  2.5175  3.7618  7.3532  22.1647  6.3886  3.3489  10.3892  6.8246  4.3837  0.0362  6.3528  13.7027  3.044  4.4091  2.4577  3.8076  6.7346  32.0136  0.029  2.5174  3.4586  35.9689  
trainID = 1041  2.7044  1.539  3.2733  0.4204  0.1353  1.0944  2.0331  2.6142  0.0747  0.2354  0.7217  5.132  1.0555  0.6351  0.4405  0.3491  1.6993  0.4044  0.4176  2.4369  0.4531  0.5383  4.6325  1.9814  1.0139  0.9134  1.2964  0.1366  1.4808  0.6079  3.1276  4.4098  2.585  2.476  1.7821  0.2231  0.147  0.135  0  1.0573  
trainID = 1072  2.3168  5.3622  2.0273  2.1177  0.4576  0.423  36.3701  2.7074  6.2718  1.0394  6.9882  13.7598  3.8475  2.1388  4.7954  2.9923  36.9775  6.0068  6.3564  9.1913  22.9481  7.7255  3.7902  4.2191  3.8366  3.4174  1.4837  1.4128  8.1418  12.812  0.4716  5.8177  2.7821  1.2096  2.0703  36.7429  2.8168  1.175  0.3114  0.343  
trainID = 1077  0.8492  2.1491  5.9223  0.2078  4.413  0.22  3.8538  4.5442  0.1802  1.4132  6.0725  2.3207  1.2101  1.8164  2.8348  33.313  1.799  2.7863  1.7338  0.9655  1.4377  2.9657  7.0472  21.9304  0.4833  2.47  6.7302  2.489  1.1704  1.5148  5.5299  11.2259  0.6397  0.471  0.4176  2.7033  4.0571  33.814  0.6603  1.8979  2.0161  1.226  
trainID = 1143  4.0908  0.28  2.7003  0.056  1.2092  3.2555  0.765  0.1734  3.5974  1.9633  1.1935  0.872  1.2222  0.4928  0.182  0.6521  30.8784  0.4738  2.6143  3.6018  1.233  0.271  3.2262  2.2367  1.177  4.2756  0.7876  0.0162  0.1937  3.0829  0.56  0.0693  0.8983  1.4799  1.7408  3.6075  2.2112  0.9845  34.2019  0.476  
trainID = 1184  4.5015  3.5926  0.6904  0.1272  1.3327  1.5795  34.0205  2.453  3.7339  0.343  6.561  5.9237  0.2285  1.8693  1.9882  3.4326  32.0339  2.0717  3.9143  2.1468  0.4334  1.2977  2.5162  2.6657  3.1747  8.0797  0.3847  1.6667  0.232  0.763  2.6078  3.394  7.8316  2.0463  3.3833  0.3991  2.0084  3.8357  2.287  2.1663  1.4732  0.53  
trainID = 1188  3.8541  4.2827  0.1535  0.8824  1.5511  2.1012  37.2731  2.2813  3.4164  2.0964  7.9299  3.3994  1.0716  1.5407  5.0738  6.0119  36.2968  2.2994  2.7413  3.2238  2.9461  1.3109  4.7437  4.0312  0.9358  8.3274  3.7097  0.1672  0.319  3.554  0.8982  2.3436  6.7887  2.6599  2.4844  0.9484  0.2859  0.7889  35.0982  0.565  1.36  2.8014  
trainID = 1193  1.2175  2.4772  4.1053  0.1052  1.5264  1.003  1.149  3.1952  7.2118  2.1814  2.4682  3.1999  3.208  1.057  0.0668  1.6004  33.8039  1.6495  2.5993  2.5468  0.7608  2.2708  4.3114  8.7872  18.6537  7.1508  0.0736  6.9999  1.3751  2.0184  0.1701  6.3378  9.7677  0.5592  5.11  0.2906  1.6202  2.9449  33.5418  0.073  1.03  0.3447  0.697  
trainID = 1198  1.2511  0.1638  4.8413  0.1064  2.5367  0.585  1.228  3.2803  0.8514  1.0443  5.2514  0.0183  3.1726  1.8102  1.0165  0.2894  0.3277  0.4261  1.9298  1.904  3.584  0.7593  3.6615  3.9504  0.8045  0.5301  0.3183  3.5014  1.5505  1.9421  1.3262  2.0836  0.9986  2.466  1.5237  0.5153  0.4879  1.325  1.042  0.8654  0.245  
trainID = 1220  2.9764  3.5204  1.1409  0.988  4.7364  4.4583  2.5834  4.6397  10.1814  5.2372  3.5574  3.7155  0.7087  35.7457  1.9807  3.3933  1.8168  2.1738  2.348  6.729  18.1341  35.5451  5.8865  3.4006  8.6293  0.1547  0.2127  0.4768  7.0678  13.9955  0.7885  5.6911  0.8659  1.9141  5.4956  34.7431  1.7668  0.235  0.917  36.9749  
trainID = 1229  0.5362  5.1373  3.2963  2.3144  1.6257  0.8655  2.313  4.0507  5.5106  1.6312  0.3909  4.1566  2.2031  0.6785  0.3099  0.774  33.1574  0.8862  3.3023  0.1756  1.8132  0.3015  1.5681  3.7647  15.6161  0.1259  0.492  5.7353  3.0076  1.0784  2.1767  3.3456  7.7  1.7357  0.6562  0.5668  3.4618  1.6772  34.0226  0.109  1.426  1.3992  2.757  
trainID = 1271  0.1228  0.3567  4.0313  0.8326  2.8149  0.8604  0.472  1.1641  1.3459  0.8892  1.2995  0.4724  1.181  1.6299  1.7903  1.8747  0.3797  0.3925  2.3998  2.7233  3.3028  2.2988  2.7239  8.7977  1.973  1.105  3.4758  0.1834  0.7672  1.4088  2.1572  4.4502  0.5348  1.6471  2.0443  2.4824  1.8015  0.836  0.094  2.1685  1.153  
trainID = 1302  1.0416  3.7648  2.2913  3.3144  3.5075  0.725  0.829  2.9991  1.8252  1.5015  2.4732  4.4812  3.5661  0.0499  0.266  1.5688  0.701  0.5586  0.8965  1.4688  2.6224  2.7205  0.3084  1.2454  10.262  1.6061  0.9321  3.1822  1.4683  0.3666  1.6738  2.6254  4.2438  1.1076  1.5675  1.075  1.4602  1.6064  2.838  0.816  2.8136  0.64  
trainID = 1339  1.3839  2.4235  2.8703  3.5544  3.1764  3.155  1.613  2.4164  4.2637  0.4429  2.1076  5.7031  2.5066  1.2173  2.5002  1.174  32.4263  1.727  3.0933  3.1318  2.7718  0.2614  4.2727  13.4542  18.9917  12.0529  3.6213  6.3649  0.0506  1.1533  1.8828  5.3611  9.3598  0.6023  1.4843  0.2675  4.2734  4.1935  36.0717  1.204  1.28  0.5563  3.535  
trainID = 1343  0.7373  1.5056  4.4673  1.1554  3.5141  2.31  0.245  3.268  4.0125  2.7324  0.5337  7.1989  4.7553  0.3548  0.8729  0.1784  34.3783  2.1399  2.5543  2.2798  2.3722  0.2936  4.5359  3.8071  19.7658  7.7342  0.2009  4.5681  1.1402  1.3812  1.1174  3.8859  11.2483  0.953  0.3246  0.8732  4.0841  3.1481  34.0834  0.099  0.197  1.8063  3.625  
trainID = 1344  0.9908  2.0958  4.4193  2.7094  0.6628  1.2612  1.899  2.1644  4.4446  0.6604  2.2622  5.8512  3.8863  2.6037  3.7578  2.0311  34.1041  1.9122  2.7013  2.7508  2.2  2.6321  5.0424  11.2549  18.3879  9.9139  3.9544  5.5829  0.576  1.4358  2.1088  7.5498  10.3511  0.5778  0.9528  0.3512  3.2809  3.0097  36.4638  1.3642  0.151  0.8042  1.086  
trainID = 1364  2.7364  3.3102  1.9863  1.0697  1.6441  1.442  0.312  1.6954  1.9887  4.7129  6.1194  0.8639  1.0635  1.8407  1.742  0.1993  0.1662  0.5239  1.4165  4.249  6.7962  2.0915  5.272  4.0518  6.2018  0.7382  1.6984  4.1725  1.7374  0.2631  1.622  0.6279  0.2184  2.3443  1.1359  1.2547  0.7496  0.758  0.003  2.8424  
trainID = 1372  3.0867  4.3433  3.0823  0.7437  1.8413  1.228  35.4262  2.5344  7.1478  1.6174  6.588  10.3615  2.7735  2.5457  5.101  4.5608  35.4023  35.2586  3.7396  1.9874  5.9078  10.4704  9.0795  12.7397  3.747  1.6872  4.4544  2.4223  1.1588  7.2238  10.2516  1.6614  4.8491  0.6489  2.924  3.7025  37.1323  1.3163  0.053  1.6975  
trainID = 1374  3.4809  0.1337  2.9203  1.7724  2.5286  1.103  3.9888  4.3363  0.4062  8.0476  1.4556  4.9734  3.1346  3.0781  2.1617  1.7132  0.4657  0.2183  7.0798  5.2016  5.4663  1.1987  9.0735  10.2598  1.0453  3.3275  5.8966  1.9428  3.6845  0.4247  4.4188  0.709  5.4301  2.5461  0.4318  0.2947  0.9294  0.144  3.2564  0.328  
trainID = 1392  3.4901  0.0068  4.0503  1.1104  2.2812  0.706  1.538  0.5963  3.5292  0.664  1.7382  1.5623  0.9538  1.3036  0.2084  2.4995  28.5333  2.0062  4.3293  0.95  2.1725  2.3257  0.9422  1.2308  1.0486  4.8415  0.9555  2.1176  0.0437  1.6619  1.3858  3.3735  2.3251  1.2529  0.3679  0.2769  0.8462  1.2974  0.435  1.189  1.622  1.9905  
trainID = 1394  2.7901  3.9937  5.0203  0.2329  0.8666  0.208  34.8424  2.6452  7.5578  1.0964  5.1026  6.0527  3.8315  2.2901  2.8842  4.0866  33.9229  4.108  4.2753  4.2408  3.043  1.6728  6.4937  10.49  9.9325  16.8892  2.817  7.0499  0.0816  0.4039  2.1208  4.6283  13.1904  4.187  2.4574  2.4436  3.6336  2.5489  32.6843  2.227  0.554  0.4363  1.09  
trainID = 1403  3.4535  0.397  1.5433  0.5574  0.7799  1.85  0.054  4.0398  2.1321  1.8603  4.1021  0.639  2.804  0.415  1.9688  0.7363  0.9796  0.6081  0.6886  6.2121  5.988  3.8096  1.9851  4.6302  4.1338  1.1013  2.9855  2.0843  0.4068  1.4382  0.3249  1.446  0.0372  3.2012  0.736  1.004  0.6272  0.904  2.4376  1.32  0.033  
trainID = 1405  0.9508  1.5826  2.8813  0.0184  0.0694  1.6426  0.766  1.4801  0.7164  2.3706  2.2798  0.6199  1.2624  2.6847  0.5984  1.4736  0.0827  2.3393  1.7028  1.3698  1.8024  0.8938  0.574  2.1456  0.8758  1.4621  2.2445  2.6019  0.2623  1.7158  1.4299  1.2336  1.267  0.3771  4.5015  1.2308  1.3317  0.6018  1.813  0.2133  
trainID = 1420  2.0594  2.4277  1.196  0.9194  0.9985  2.5822  33.8028  1.6354  4.2829  1.0368  9.564  4.155  2.1027  0.2337  1.5563  2.4338  33.1827  1.7646  0.6147  0.8231  4.1833  0.8744  2.8331  0.3711  0.337  7.7953  1.2257  1.1919  1.6161  0.5297  0.0065  0.5548  5.5302  3.9631  2.9647  1.5684  1.5612  1.1647  0.269  33.0259  0.614  
trainID = 1429  1.0506  1.3121  3.5173  3.6364  1.1016  0.051  2.307  3.0957  4.7529  2.3834  4.2235  5.7866  2.3393  1.5358  3.3378  3.0625  32.9437  0.9431  2.5873  2.4288  1.9078  0.3241  4.1067  5.2991  9.0667  7.6851  2.1024  3.3943  0.0091  0.3975  0.9903  3.855  6.1471  0.3612  1.3088  0.0293  1.8816  0.9102  33.189  0.583  0.133  0.4855  1.391  
trainID = 1436  3.1593  6.4454  3.2903  0.8424  2.3012  1.389  35.747  3.8609  7.9558  1.4814  6.7614  9.8749  3.9457  3.1593  4.121  3.8573  35.6654  37.5736  3.9318  3.075  6.0849  31.832  14.7095  6.1747  3.1672  9.0217  2.6331  1.0557  3.7028  5.3749  11.5861  2.891  7.2193  1.608  4.5588  4.7493  34.9435  0.12  1.354  0.7687  2.5  
trainID = 1437  3.8953  1.8858  2.1043  1.1835  1.7513  0.8952  36.2171  4.5133  6.4538  0.6421  9.6068  6.506  0.2481  5.1408  4.1884  1.7049  34.3807  0.8675  2.8733  3.5978  3.1778  2.9655  2.5653  7.7063  4.1538  11.9768  3.3857  3.6368  0.1448  0.7222  4.1478  4.8497  10.5953  0.9251  3.1473  0.9534  2.2044  2.36  35.0366  2.959  0.105  0.3424  
trainID = 1440  0.7034  2.4856  2.0313  2.1134  4.5803  0.261  35.3509  2.343  4.3582  0.9127  2.118  7.9806  1.538  2.2492  4.0785  1.8431  34.0359  0.7169  3.9963  2.4578  0.7937  0.3854  4.848  7.9667  8.8851  13.0155  1.4136  4.6296  0.2709  1.2894  1.5658  5.077  9.5287  1.7593  3.2166  2.0787  3.0679  3.9993  32.0925  0.975  1.7352  1.2586  1.275  
trainID = 1444  2.5781  1.5329  3.9173  0.6384  0.9044  1.403  36.5026  1.8883  5.3848  2.6499  4.7833  5.9424  0.4572  2.2931  2.0776  4.0824  34.5414  1.8171  3.4323  3.0808  0.3356  0.8867  3.1815  5.5933  4.5685  8.7511  0.9365  3.8111  1.4235  0.0824  0.2874  2.3588  9.3004  0.8404  0.8516  2.7228  0.8443  1.5125  32.9197  1.053  1.927  1.3196  1.338  
trainID = 1464  1.385  0.1704  1.0459  0.0211  1.3262  1.997  1.0061  4.3197  3.06  1.0871  3.4619  2.0571  1.6273  0.6505  2.5107  33.4117  1.66  0.2397  1.7548  0.9194  2.7284  3.8595  1.6659  3.2735  3.4809  0.1522  2.223  1.5996  1.0465  0.4615  1.8557  6.7591  4.4286  0.0957  1.8623  0.244  0.4473  2.67  1.545  1.6036  
trainID = 1470  2.2375  0.4128  2.5053  1.4324  1.0339  1.004  1.111  4.1321  1.762  0.5047  1.3695  1.753  3.0666  0.0772  0.775  0.9406  1.162  2.0243  0.5089  0.6244  0.3624  0.5011  2.8533  9.8283  3.0038  1.8151  4.4628  2.5328  0.0443  1.2838  1.1843  3.2599  0.7651  1.1876  2.639  2.2124  1.2369  2.165  0.686  2.9112  
trainID = 1479  6.8778  0.8468  1.5382  2.7954  0.5804  0.871  0.349  4.5759  1.5672  1.0304  6.5942  2.2086  4.2455  1.0772  2.9859  0.538  1.0972  0.1754  2.9438  3.2667  4.0641  1.9855  1.1938  8.1788  10.4386  0.7738  4.3581  6.6826  3.5384  2.4727  1.1254  4.0767  3.1335  4.1153  0.1769  0.9767  0.1884  1.109  0.368  2.6144  
trainID = 1481  5.0671  0.2041  3.3073  1.5244  4.5828  0.286  4.3918  0.2798  1.7859  6.8957  4.4233  5.75  3.9726  0.2062  0.6981  0.562  0.041  0.7618  0.5643  0.3556  0.8205  0.0798  3.7003  12.3535  9.5735  1.8981  6.9956  3.5889  4.7145  0.0231  4.629  6.0129  1.0844  2.7058  1.625  0.8881  0.4986  2.155  1.187  4.0895  0.795  
trainID = 1484  2.1801  1.2932  4.2253  0.0661  1.0847  0.441  37.7133  1.7351  5.4993  0.9277  6.0997  3.3218  0.5565  0.7393  2.5501  3.142  32.6379  0.4176  2.0283  1.1566  1.1866  0.4348  1.4526  2.9851  2.3349  5.6228  0.4255  1.6103  0.5342  0.9092  0.108  2.5693  5.4547  2.8738  1.6144  1.0517  1.9898  1.0225  0.972  3.575  0.2721  
trainID = 1502  0.6961  0.1218  2.4523  2.2174  1.5851  0.186  1.007  1.3681  2.8024  0.2797  0.2858  2.2552  0.2281  0.709  1.2971  0.4744  0.2079  1.2353  2.8378  2.1621  2.7159  1.1044  0.0513  4.2501  2.6664  0.0607  1.8389  1.4521  0.9459  0.0129  2.2634  4.0825  0.5816  2.751  0.8588  1.9752  2.3856  2.3898  1.6747  3.1129  0.067  
trainID = 1568  3.764  4.4864  4.0713  0.2888  0.8243  0.577  36.6208  2.7046  6.1948  1.089  12.2771  8.4731  2.3018  1.4174  3.1018  5.601  38.0432  35.1626  4.0405  3.4611  6.8483  6.4927  5.5812  6.9906  4.1241  0.1999  3.8199  0.9814  1.1588  5.5171  7.8108  2.2799  5.4915  2.0669  0.9391  2.1655  35.8871  1.958  3.162  1.1089  1.164  
trainID = 1601  0.2265  0.1577  5.0133  0.1943  3.792  0.137  0.336  3.6096  3.7353  1.4454  1.058  4.9632  4.8985  2.2091  0.281  0.8948  33.1788  0.0739  2.8873  1.4618  3.007  0.0498  6.0207  7.1798  19.4373  5.7083  0.0423  7.6249  0.4854  2.7744  1.3059  6.7308  10.5861  0.6512  1.0037  0.0931  2.9693  5.0165  34.7318  0.009  0.71  1.5856  0  
trainID = 1603  1.4265  0.4937  3.4903  2.0464  1.3055  1.571  0.245  2.7276  0.2157  0.688  1.7626  1.8101  5.0503  0.5863  0.2593  2.2461  0.1373  0.4594  3.3048  0.2249  0.2486  1.2647  0.3055  13.3918  0.0531  0.3376  2.3218  1.6074  1.4713  0.7973  1.2728  6.1274  0.8663  1.1629  1.8655  0.2258  0.7216  0.443  0.547  2.0414  
trainID = 1638  1.4664  2.813  1.411  0.292  5.4812  5.1754  1.8344  2.5056  6.6091  4.5164  0.6066  2.7159  0.6049  35.2804  0.5708  0.8327  1.4388  3.07  0.9264  3.9243  6.4121  25.2205  7.6274  3.003  5.7725  2.3124  3.4779  1.9608  5.5478  12.3356  0.1025  1.8112  0.3341  4.824  5.3696  33.6026  2.5272  2.1501  0.541  35.6812  
trainID = 1671  0.8335  1.7948  4.5423  1.7994  2.0763  1.4698  0.37  1.5301  2.6529  1.8936  0.3364  6.2673  1.4447  1.072  0.6734  0.2791  31.4028  1.2203  2.8663  1.3918  0.653  0.6632  3.7439  4.1803  15.0951  1.0734  1.7194  4.6392  2.0282  2.8026  0.1645  2.9853  10.0295  0.1129  0.7598  1.4222  1.3213  0.7163  33.1428  0.322  0.566  1.0665  1.62  
trainID = 1708  2.4617  3.3634  3.7813  1.2894  0.7121  0.8488  36.8002  2.7697  8.6448  1.9114  7.0542  8.6248  3.6433  1.3461  3.1706  4.8603  33.9987  2.1612  2.3363  4.7128  5.3821  4.2898  6.0619  12.1724  9.8165  17.2354  1.2706  5.4607  0.838  0.7686  3.6928  6.1073  10.5884  3.1463  5.9254  0.6838  3.4929  3.7203  36.3866  2.171  0.311  1.7343  0.664  
trainID = 1716  0.3879  2.151  2.1703  1.4604  1.2611  0.374  2.341  1.7726  2.409  1.5074  1.9253  5.9084  2.5643  0.0886  0.0907  1.1017  32.9005  0.7339  2.3143  1.5338  1.9539  1.7116  5.397  7.7607  21.521  4.432  5.2087  7.0191  2.485  2.6571  0.3676  4.8355  10.3274  1.7311  2.4763  0.6374  4.1416  3.1584  34.6501  1.563  2.2673  0.8883  3.179  
trainID = 1750  0.9924  2.643  0.474  1.117  4.5115  8.8368  4.6234  3.4287  6.9353  5.0146  0.7743  2.3494  3.8818  35.6516  2.4287  3.3133  3.6038  5.4983  1.0914  4.6655  15.2433  33.9056  1.4186  3.3684  7.0414  2.9605  2.7235  3.7218  6.7328  11.7103  0.0171  2.2707  3.8207  3.8548  5.497  34.2477  2.1652  0.033  0.6466  35.7261  
trainID = 1816  1.0462  0.3549  2.5713  0.1596  2.3962  2.4949  1.0439  2.8232  0.0647  0.2902  0.7536  1.7109  0.2186  3.8287  0.4884  0.6729  0.6108  0.5921  0.1855  2.5385  0.9135  0.5011  3.5005  1.515  0.8628  2.3928  3.5526  3.4894  0.2893  0.4457  3.1728  0.8826  1.196  3.1453  1.3673  0.3603  0.211  1.2613  1.1767  1.351  
trainID = 1847  3.2802  0.3293  4.9783  1.5264  0.9007  1.24  0.687  4.061  0.5734  0.6999  7.0441  1.0745  1.545  0.6936  4.0875  0.4602  0.9306  0.3557  1.9498  1.3299  6.7339  0.4523  2.4866  12.2446  7.7855  0.8837  3.7474  5.2336  2.9507  0.3632  0.8535  4.4472  3.2337  4.073  0.6925  0.7579  0.3286  0.234  0.172  1.259  1.101  
trainID = 1864  0.6544  2.7685  0.6568  0.9342  0.4012  2.7209  1.185  3.0304  4.7783  0.4186  1.4319  3.3442  1.2434  1.6546  0.7226  3.3323  32.4119  2.7322  2.6943  1  0.5351  0.934  2.8231  2.0396  0.6296  5.28  1.7961  2.5173  2.5078  0.6988  1.1008  2.6572  4.8983  1.6806  1.9036  0.1943  1.6482  2.5226  0.171  0.404  0.026  1.9946  0.267  
trainID = 1868  2.5623  0.2311  6.3543  0.0144  0.0573  2.709  5.6928  1.246  0.6823  7.3457  2.2901  5.1296  1.7977  1.4412  1.8779  0.0614  0.8144  0.7709  2.0872  1.266  4.1379  1.5309  13.7018  8.5938  1.5211  3.0503  5.6314  1.9485  1.7502  1.8615  8.7254  0.9937  4.4597  1.529  1.287  0.1787  2.6954  1.11  0.6452  0.967  
trainID = 1896  2.3939  2.0299  0.2282  1.5214  0.53  0.8381  37.3558  0.3122  4.9185  0.1253  3.5896  1.6656  1.0297  0.1391  1.7412  0.6688  31.8396  0.0608  0.4037  1.7098  0.9675  1.4272  3.6308  1.1451  1.621  8.7469  0.7123  0.5565  0.4439  0.8736  0.7182  0.9474  3.6948  0.2636  0.6321  3.1887  0.5618  0.0905  31.5219  1.33  
trainID = 1897  0.4848  4.8577  4.5803  0.4224  4.2937  0.439  0.444  1.0302  5.5223  0.6752  5.077  8.0014  2.3839  2.3185  3.6849  3.546  33.9294  0.8869  2.4193  2.2398  5.216  0.9885  6.1619  19.1299  28.6147  16.3585  3.1277  6.2369  1.5438  0.2071  0.1937  5.7663  11.526  0.0601  4.5358  0.69  2.9544  2.8617  37.0509  0.5  0.153  0.2332  
trainID = 1905  1.1884  5.3106  5.2773  0.3489  3.7624  0.7909  36.0129  2.9266  6.7248  2.3954  4.7944  10.5431  3.0635  1.552  3.1189  1.8191  34.2868  36.1096  7.702  4.4324  5.7215  26.8004  13.0024  9.0117  2.8924  6.2888  0.1977  0.2915  0.9488  5.5359  8.8515  2.6248  6.1882  2.4543  3.2137  3.4988  34.6211  3.3427  0.406  0.9419  2.334  
trainID = 1926  2.3488  0.8387  2.3013  0.0975  1.0517  3.058  1.901  1.7207  4.9165  1.647  2.8856  1.5222  0.1805  0.0683  2.3958  1.3072  31.6392  2.134  1.8863  2.4868  2.1589  0.8374  1.2759  0.9849  0.2508  6.17  1.7532  1.0719  1.2915  0.056  1.1945  1.3628  4.485  0.8725  1.1853  0.0635  1.5591  0.7415  0.323  1.886  0.485  2.549  
trainID = 1958  0.117  1.4317  4.2443  0.2394  1.7998  0.871  0.167  2.688  3.2346  0.3617  0.0334  1.7787  1.9362  0.157  1.0369  0.8678  33.141  2.4769  3.1813  2.7408  1.3113  3.5678  0.9694  1.8372  9.0428  4.1198  1.2318  3.586  1.9016  1.3024  1.2548  4.5565  5.233  1.3246  1.248  2.9642  1.2746  0.7645  1.484  0.009  1.0086  0.582  
trainID = 1991  2.1582  0.79  1.671  2.1054  0.7173  0.6911  3.257  4.0441  4.9107  0.9624  0.8126  1.9713  0.9971  0.6774  0.3756  1.5382  30.7259  0.6693  2.0443  0.0519  1.2506  0.4862  1.9292  2.5946  8.8771  5.8405  0.0351  3.0068  1.0108  0.1742  0.6162  2.6164  7.6525  1.2514  2.439  1.0944  1.3899  0.7631  35.926  2.164  1.101  2.2319  
trainID = 2027  1.9594  4.0206  2.5383  2.2166  1.6801  1.52  0.652  3.1501  4.4192  2.2143  3.7497  8.2033  2.9719  0.14  4.7428  3.5421  35.174  1.0653  1.1472  1.6178  3.0614  0.4967  6.4618  9.8219  16.1474  11.7791  2.3201  4.3814  2.1181  0.2411  1.7548  6.3403  10.9489  1.5707  2.4386  3.026  2.8537  3.471  35.5718  0.649  0.835  0.6521  1.69  
trainID = 2064  1.7961  3.0577  3.2293  1.8204  2.6768  0.177  0.231  4.4932  0.5305  1.0568  1.4738  1.6774  3.4009  0.383  0.6393  1.7069  0.3088  1.4843  0.2754  0.8828  1.764  0.2356  1.9331  14.5171  4.6685  0.4873  1.9776  5.9149  0.8573  0.3532  2.8559  6.468  1.9594  2.4833  1.056  0.0018  0.3474  1.714  0.949  0.3552  
trainID = 2084  0.2441  2.4894  4.6333  1.9354  1.2214  0.334  1.065  2.2747  3.4578  0.3611  2.0326  7.1097  4.3993  1.3399  0.5922  0.0864  32.5639  1.9177  0.9552  2.2118  0.2806  1.286  5.6802  7.9519  20.7731  2.4222  0.1295  6.0952  0.4551  3.3622  2.1508  4.3583  10.3268  1.1916  1.4573  0.077  3.2853  5.9933  32.6209  0.6642  0.428  2.4163  2.287  
trainID = 2089  1.2163  1.1514  3.2663  0.7211  1.7581  2.3383  35.1862  3.9532  6.4858  0.3855  5.5818  5.2819  2.7112  4.0702  1.8496  0.6897  32.2729  1.3845  0.292  3.2948  1.0577  0.9481  2.8823  6.5461  5.8565  12.3368  2.5425  4.4311  2.1919  0.2583  2.9818  4.8303  7.9087  0.564  2.9137  1.678  1.8423  1.4859  31.8862  3.206  2.0232  0.2664  0.769  
trainID = 2093  1.3187  1.0001  0.9365  0.8294  1.7023  0.457  36.2806  0.3221  5.0572  0.0988  3.6944  1.8769  2.2231  0.7327  2.1902  3.4247  30.6582  0.7045  0.1677  2.0438  2.8315  1.748  3.9637  4.9955  0.259  6.9635  1.323  0.8994  1.3857  1.4605  2.4728  0.4062  6.6499  3.1048  2.1975  0.6771  0.7541  2.3594  1.818  0.027  1.8266  
trainID = 2112  3.5371  1.6696  4.3483  0.7934  3.3485  0.399  1.029  2.4059  4.6567  0.5727  1.6681  5.6176  2.149  2.0027  2.5255  0.1168  33.3893  1.6172  2.6673  1.4688  1.4241  0.5671  3.8153  5.6268  6.5646  6.1872  2.4976  0.9496  0.2634  1.4894  0.4109  3.0552  9.491  1.4163  0.0771  0.8172  0.0735  0.2299  0.066  1.23  1.7986  0.288  
trainID = 2129  0.0325  0.8622  4.2213  0.9135  0.1503  1.113  1.219  0.3979  3.9716  2.9997  1.9732  0.9709  1.3941  3.2218  0.0818  1.1929  33.5423  0.9721  1.109  3.0538  0.2305  1.4922  0.342  1.9353  1.4328  3.2653  0.7348  0.1518  0.0202  1.8448  1.7538  0.2786  1.3819  0.2745  1.5708  2.5369  1.0093  0.5413  1.908  2.261  1.627  1.0579  
trainID = 2157  0.1273  2.4229  2.185  1.894  5.0104  3.1867  0.5974  0.3665  5.9733  4.3138  1.051  0.334  0.3224  33.3137  1.2001  4.6873  3.0138  0.4428  0.4788  4.709  4.4316  21.9078  8.2244  2.3932  4.8451  1.2592  3.8601  0.8447  6.5418  10.8863  1.2528  1.175  2.918  6.1598  5.2895  32.1789  0.089  2.0102  1.9529  1.275  
trainID = 2166  2.6577  1.0355  4.1973  0.9484  3.7499  4.513  0.624  3.5601  0.4461  0.7794  1.6657  3.0711  1.0776  0.6087  0.5655  0.7897  0.1113  1.4273  0.7346  0.229  0.471  0.9072  1.1022  15.0092  3.1075  0.1487  6.1604  4.4382  2.8256  0.5941  3.3969  6.2911  0.7513  2.9822  0.7712  2.2464  2.6525  1.1233  1.108  1.3374  1.517  
trainID = 2184  5.8401  1.6223  0.1507  0.9478  0.5858  3.2875  37.039  0.3046  2.5263  1.9263  7.7221  3.4388  1.0161  3.3126  1.3079  1.4222  31.5656  0.552  0.5527  1.9748  1.6979  1.0054  4.9913  3.7741  1.3333  6.2043  1.021  2.5082  1.8082  3.1661  3.4808  1.2871  3.3571  3.9829  1.6577  2.1149  1.0485  0.0371  0.812  1.299  
trainID = 2241  0.05  0.0092  3.4733  1.0274  2.4883  0.63  1.8567  1.124  0.519  3.6492  6.3907  1.6517  0.1574  0.9105  0.1151  1.244  0.3796  0.9415  1.2471  0.0862  2.6245  2.1417  3.7459  15.8604  3.7184  0.3376  6.0362  0.494  3.6114  0.8378  5.2876  9.7265  1.1837  1.5845  3.2949  0.7348  3.2381  33.5062  0.472  0.26  0.3914  1.308  
trainID = 2244  1.9545  3.3942  3.7113  0.8944  2.3921  1.9648  34.4992  1.9213  6.2618  1.5694  4.7892  2.9434  0.1428  3.2006  3.5066  3.9637  32.7211  0.5407  3.1873  0.6761  2.3691  0.567  3.8407  2.3412  3.4767  9.1179  0.3834  3.1257  1.0902  0.0569  2.6428  4.8292  7.5327  0.8653  0.6805  0.213  0.7409  3.1496  33.9444  0.055  1.807  0.8218  0.91  
trainID = 2249  4.7955  7.7217  3.6853  2.9369  1.1849  0.016  37.8142  4.3367  6.5518  3.1114  6.5063  13.0942  4.6342  4.6003  3.6172  4.0934  36.4256  5.5019  4.4492  7.3166  22.8009  5.2897  5.473  4.7913  6.3287  6.315  1.4107  2.7348  6.9238  12.6615  2.5303  9.9521  1.3917  3.7371  3.4258  36.9468  0.31  2.411  2.0355  1.472  
trainID = 2256  1.4748  2.1595  1.6414  2.1664  0.3303  0.795  0.393  1.6044  1.4268  1.9216  7.1431  0.5052  1.9321  1.0637  1.1059  2.4645  1.3562  1.3093  2.3888  4.4613  5.8471  1.7717  2.1102  5.8943  3.8196  0.4623  2.9025  2.6667  0.5713  1.7795  0.2608  2.3799  0.7224  2.1599  1.844  1.0527  0.9543  0.8836  0.311  1.8644  
trainID = 2260  2.2767  2.1327  3.2503  1.8044  2.459  0.339  0.877  3.0145  2.8369  3.1809  5.0595  1.142  1.3862  1.3334  0.2305  1.4186  2.9316  1.1964  1.1248  5.6401  6.5409  0.3758  0.1662  8.7832  5.5225  0.7872  1.676  3.7601  2.4311  0.5788  0.819  4.3419  1.1782  5.163  1.3293  0.6119  2.6212  0.858  1.6653  1.4259  0.773  
trainID = 2277  2.5334  3.8255  1.961  0.314  6.2585  3.1024  1.9994  1.2656  8.4544  4.7459  0.5601  0.3937  1.9385  35.8853  1.4686  3.1993  3.8798  1.4664  3.0992  6.1002  4.5594  25.585  9.7383  1.7301  9.6606  1.9826  4.4346  0.4969  6.385  15.0841  4.1672  1.0922  3.396  3.0205  5.2325  34.8182  1.5589  1.523  1.897  36.3293  
trainID = 2343  0.2252  3.0547  2.3053  1.0264  0.2706  0.16  0.342  2.578  2.5591  1.8124  0.591  2.2888  2.8136  0.341  1.8748  2.7584  32.1877  0.0922  3.1853  2.7198  1.2687  2.0845  3.3669  2.7489  9.5929  2.0405  2.2796  1.682  4.3671  1.2529  2.5808  4.2034  6.0016  0.8285  1.6996  0.3865  1.9111  2.4354  0.452  0.042  0.158  1.7675  1.023  
trainID = 2356  4.5875  1.6828  3.6403  0.4124  1.5724  2.8109  35.4815  1.9883  4.5044  1.6419  3.5296  4.4577  0.2538  1.1539  0.8696  3.023  31.7763  0.0908  1.4493  4.7928  1.4757  4.1589  4.6151  1.8757  1.2938  6.7232  1.0721  2.0837  0.0597  0.402  2.3288  1.4874  8.2318  1.9663  1.81  0.5076  1.112  2.0987  1.342  3.018  0.7184  1.802  
trainID = 2360  2.2232  0.9401  4.6063  2.4454  1.4562  0.862  0.11  4.0452  4.1576  0.65  5.6622  0.4321  4.9988  2.0718  1.9465  2.0581  3.1485  2.5671  1.4291  6.9382  5.4787  3.657  4.2985  7.6419  9.368  2.3661  4.41  6.7063  0.3872  2.2662  3.6829  4.1078  0.011  7.4223  2.4565  0.3852  0.2666  0.815  0.044  2.3585  
trainID = 2363  3.2034  1.7213  0.8199  1.0424  1.1462  0.431  0.802  2.2558  3.7013  0.0027  3.5949  1.7519  0.3678  4.1236  1.6431  1.1393  33.9085  0.0792  2.0113  1.0399  1.4708  0.0076  2.4552  2.3045  3.091  5.4179  0.4922  2.3098  1.6017  0.7094  0.2247  1.8498  5.7523  2.2349  1.2891  1.2797  2.9194  1.2172  2.986  0.449  0.8953  
trainID = 2369  0.4325  0.9955  1.4238  0.4392  0.6257  0.6  0.383  1.5731  2.5668  0.8736  0.4862  0.0433  2.4684  1.0337  2.7287  0.6276  0.6517  0.5026  1.3418  0.2863  1.2414  0.6193  2.717  9.1666  1.9328  0.2337  4.5302  1.8885  1.0381  0.131  0.3091  7.9685  1.0293  1.3836  4.6185  0.2764  2.1722  2.06  1.3657  0.879  0.629  
trainID = 2384  1.675  1.8835  2.9833  1.6374  0.7743  1.9671  2.9974  5.0835  1.3184  3.7472  8.8273  2.8475  0.3033  1.9609  3.0049  34.7283  1.8932  3.0633  2.9448  0.1694  0.8  3.8758  12.3402  28.094  6.7252  2.8288  6.3586  1.8929  1.8375  0.0315  5.4805  11.4283  0.5751  1.9775  0.9379  1.4468  6.0482  32.8859  0.8823  0.069  1.4968  2.014  
trainID = 2388  0.2767  4.3565  3.0523  1.3874  3.2204  0.316  33.7616  4.4616  6.8958  0.2294  4.3396  8.0878  4.2086  3.4953  3.2367  4.7436  34.9231  0.3909  4.4753  3.3448  3.143  2.309  5.6831  17.9239  14.0931  22.8504  3.8495  3.9379  1.2881  0.9322  2.3428  6.175  11.9159  0.6709  4.2954  2.2222  3.7293  5.6581  35.1296  0.8791  1.476  1.3277  1.408  
trainID = 2393  2.5454  6.0481  1.28  0.795  3.5453  4.7533  2.7924  1.2067  9.7956  5.2127  1.2416  1.2976  0.3372  34.847  0.4888  3.7893  2.9988  3.2374  4.0332  6.2145  9.0004  26.4809  6.8771  2.2956  8.3224  3.3303  4.1737  0.6423  5.6505  16.2556  1.3608  2.7514  2.2228  4.3893  4.6544  36.456  1.4316  0.028  2.7439  35.0715  
trainID = 2398  2.8344  2.6396  4.9833  3.1934  3.9724  1.628  3.9608  0.4387  0.5859  4.1516  3.8112  4.8668  0.5697  1.2408  1.0145  2.0812  2.2643  3.3238  1.1874  2.0232  0.0254  1.0442  15.2187  9.762  1.9576  6.6015  2.8687  2.1293  1.9427  3.449  6.0703  3.2594  5.7987  0.031  3.0727  2.8125  1.4832  2.7399  2.4648  2.337  
trainID = 2400  0.3369  1.1484  0.2456  1.2244  0.6226  0.925  0.748  1.7049  0.5319  2.0169  3.7375  1.8261  0.1933  0.3534  0.4032  0.5518  0.0487  1.3273  1.0138  4.3934  3.7786  1.3639  2.0011  2.0151  0.7106  0.6234  0.2158  2.1107  1.9887  0.7897  0.2327  0.5361  1.8423  1.6972  1.1007  1.5946  0.7417  2.981  0.374  1.5139  
trainID = 2402  7.2575  3.618  0.6681  0.3106  0.4978  2.8885  33.6619  1.3647  4.0859  0.9676  10.6487  7.3194  0.0101  6.4396  3.6222  7.1782  32.4063  2.7785  1.9083  4.1348  5.0357  1.3474  5.2143  0.143  1.0958  5.2628  2.5227  1.7936  6.28  2.5731  3.5648  3.0124  4.0323  3.0623  5.1781  0.7034  2.5397  0.3425  0.015  0.401  
trainID = 2427  1.2703  0.2752  3.0513  1.7224  0.2795  1.407  0.282  0.3651  1.576  5.4126  1.9096  1.6263  0.8678  0.0234  0.3835  0.8565  3.5596  2.2483  0.6816  0.285  2.8293  0.4296  3.7239  0.477  0.5839  0.347  1.7085  1.8778  1.6477  0.0089  1.0632  2.2132  2.2007  0.1118  2.6047  0.5743  0.8154  0.377  1.277  0.7851  
trainID = 2476  2.1489  0.6321  3.0323  2.0604  1.4998  3.607  3.8804  1.0809  1.753  8.3667  3.5134  4.6312  2.4336  0.4372  2.2238  2.4539  0.4363  0.5563  3.7064  2.5294  0.6475  1.2127  10.1956  10.1099  0.4995  2.9499  6.1642  5.5453  1.4795  0.0193  5.2272  2.5541  6.2805  0.2321  0.375  0.4324  0.073  1.3666  3.5696  0.722  
trainID = 2478  0.0968  1.9922  0.5584  0.631  2.7481  5.3874  0.4168  2.5836  8.7239  3.2621  0.374  0.544  2.2058  34.3535  0.4027  4.8383  3.4298  2.9297  3.5002  5.5348  12.4515  32.6977  2.6327  1.7476  8.0412  1.5186  1.6693  2.0528  7.2158  12.8101  0.9607  7.651  2.6585  2.7814  4.9836  33.7776  0.501  0.82  1.207  36.2305  
trainID = 2494  2.209  1.6807  2.4783  0.1834  2.1208  3.0489  0.442  1.2918  0.2266  1.9267  4.7036  0.0691  0.4471  1.5384  2.3323  2.942  1.0521  0.4638  1.7828  6.1287  4.0636  0.4688  3.4481  4.9184  2.9943  1.0916  1.1693  4.284  2.3234  1.9444  1.8001  1.0244  0.9117  3.1188  0.4643  1.3738  0.599  2.702  1.436  0.2078  0.554  
trainID = 2497  1.9565  0.0728  2.7683  1.9814  1.8402  0.8508  2.5822  1.1621  1.0091  5.3122  1.4494  3.9289  0.2296  0.6064  1.4235  0.8148  1.4593  1.6458  3.3873  2.8712  0.7901  1.905  4.7744  1.0279  1.2761  0.7126  3.5141  2.2683  0.4052  2.3631  3.1656  1.9722  1.6768  0.238  0.2587  0.9927  0.556  0.795  0.4014  0.215  
trainID = 2508  5.0151  2.8254  0.2832  1.6423  1.9289  0.7137  34.8732  3.006  5.4873  0.374  13.184  1.1993  2.3901  2.4668  1.9992  7.705  30.9128  1.1868  3.4083  3.1578  2.8224  1.7163  3.5651  2.5474  4.0596  2.9878  0.6273  3.6246  3.0331  2.9271  4.3498  0.2526  0.8764  2.0021  3.4106  3.2595  1.3018  1.0771  0.589  34.0639  
trainID = 2554  1.8598  2.6857  3.2173  0.9924  3.8521  2.32  4.0996  0.5031  1.0652  5.3045  3.8419  3.2269  0.9484  1.1396  1.1974  0.8324  1.5403  2.0348  2.8618  2.8394  0.5334  0.5697  14.4838  8.3562  1.9063  4.2354  4.0914  2.6051  2.2998  3.7482  5.2833  2.1121  3.6264  1.7592  2.7495  2.3671  0.373  1.13  0.2752  0.028  
trainID = 2562  4.1799  1.8218  4.4013  1.2506  2.1604  2.477  0.718  1.7272  0.0438  1.9036  3.0328  3.5958  1.4874  1.5063  1.6683  0.456  0.8253  1.9783  0.7174  0.8012  0.2177  0.4317  0.4345  13.719  4.5605  0.726  3.334  2.3645  0.7158  0.3849  3.4383  6.345  1.3234  0.5448  0.5784  1.0016  1.9837  0.474  0.646  0.6375  
trainID = 2572  0.2229  1.6609  3.3273  3.6684  1.8059  0.136  0.285  1.9664  4.6699  0.0217  0.2984  4.001  2.5158  0.606  2.9257  0.0847  0.4534  1.2683  2.3518  0.1223  0.7122  1.6079  3.5968  15.3656  0.5303  3.2852  4.9737  0.295  0.1442  0.7612  1.015  8.0174  1.0283  0.1976  0.5722  2.5074  0.7698  0.771  0.555  0.509  2.3981  0.076  
trainID = 2574  0.8499  0.1072  2.4863  2.4034  0.8919  1.501  2.469  2.6808  1.5334  1.4492  0.0131  5.295  1.868  0.7072  1.3281  1.0829  32.755  0.4461  1.3463  0.4998  1.3699  4.1173  1.9811  2.379  6.1855  2.7997  0.3233  3.0827  0.6049  1.1876  2.2025  4.4058  6.0669  0.3061  0.6424  2.3985  2.5613  0.6834  1.286  1.193  1.7114  1.322  
trainID = 2612  0.8216  1.7641  6.3063  1.1904  2.5727  2.3069  1.341  0.8172  4.6312  0.7964  3.6544  6.0382  3.5797  0.7436  1.0587  1.4804  34.3997  0.6702  1.6223  2.5298  0.97  3.3325  3.8928  8.4594  16.7059  6.7999  3.4462  3.4562  1.1893  1.5677  0.1716  2.2906  12.7862  0.6763  4.1743  0.1895  2.6084  3.1421  34.2755  1.187  1.271  1.1046  3.528  
trainID = 2644  3.2555  3.0014  3.9423  3.5306  2.0174  2.0512  35.0099  0.1539  3.216  0.3261  8.7719  5.8333  1.4855  2.7674  2.4518  2.6762  32.2174  2.7913  2.4763  1.4368  2.7332  3.5316  6.5052  3.2994  0.4974  8.3845  1.2652  0.2866  2.6624  4.147  2.1898  2.7718  6.6398  0.7969  1.4326  2.9127  2.4372  1.0353  2.754  33.3619  
trainID = 2675  2.2454  3.7342  3.105  1.437  5.8503  2.1799  0.6347  0.2435  7.5549  3.5428  0.1509  0.4638  0.3128  35.1528  0.5049  0.1065  3.1988  4.9049  3.0139  6.1677  3.1556  22.6581  11.6533  3.5676  9.2178  6.6381  3.436  1.0633  6.3671  16.6327  2.9031  5.4275  2.5954  3.9798  4.1538  34.5214  4.6421  2.8366  0.5732  34.9558  
trainID = 2703  2.3056  1.8437  4.2893  2.3484  2.1433  0.9145  2.257  2.9803  8.6508  0.9694  3.7685  5.8276  2.1482  1.4746  2.2408  2.8548  34.4226  1.0695  3.6823  2.3788  3.4325  2.4501  6.0765  6.4481  7.2876  12.3586  1.8209  4.6942  0.6488  0.6043  2.8308  4.5912  10.6941  2.6458  2.2945  0.0255  2.4779  3.3064  33.1539  0.207  0.857  1.8592  2.237  
trainID = 2706  1.7004  0.6994  3.5093  0.4196  0.7356  0.058  34.643  0.9705  6.6048  1.7899  3.9695  6.3703  3.633  1.407  2.8992  5.0842  32.3777  1.6679  3.3233  2.7198  2.0388  3.5233  1.957  5.0966  4.6137  10.3508  0.2512  6.259  0.5891  2.7987  1.4018  6.5009  8.0211  3.146  3.334  1.1126  0.5114  1.1059  33.0002  1.726  1.9727  1.5382  
trainID = 2732  0.52  3.6766  3.1513  0.6984  3.7777  0.147  0.47  1.8352  3.0685  0.51  2.1144  2.1782  3.2541  0.1111  1.8663  0.525  0.464  1.3528  2.1933  0.2097  1.0085  0.6306  3.2581  3.4742  16.839  0.6709  1.6498  5.8417  2.4948  0.767  0.951  2.2104  9.2503  1.1725  0.6582  0.0478  3.0376  2.4809  33.7318  0.463  0.658  3.9339  1.372  
trainID = 2761  1.6915  0.406  2.5873  2.2294  1.5543  0.206  0.896  2.345  0.895  0.8745  7.7579  1.4075  1.0157  1.1465  0.7704  0.9852  2.2447  0.1489  1.8153  4.642  5.3692  2.2056  3.148  8.37  6.5753  0.6581  3.1721  4.4387  1.4709  1.6352  0.0278  3.3695  2.4907  0.0936  0.3066  0.6299  1.1665  0.6997  0.228  2.0619  
trainID = 2792  0.3579  1.5396  3.3783  0.3312  2.2401  0.406  1.412  1.1737  2.0035  0.4279  0.3301  6.369  2.3626  1.4219  0.7435  0.2628  31.7492  0.1534  1.2823  1.8318  0.4199  1.2973  1.0876  2.5684  13.2197  5.2878  0.0133  5.6055  2.9628  0.5974  0.1216  5.577  9.0381  0.3927  1.5433  1.2024  3.668  2.3717  32.5272  2.3707  0.808  1.625  0.391  
trainID = 2809  2.2411  6.6614  3.6453  1.7676  0.7806  2.3662  39.1337  2.2594  8.7158  1.1894  10.2234  14.5973  3.1344  2.8701  5.3583  5.3456  34.648  36.9976  3.6993  4.6199  5.8717  11.7438  1.4798  1.158  5.067  2.1172  4.5486  0.4734  2.2008  6.7858  9.1592  3.1568  6.3054  0.6389  3.545  1.1054  35.7603  0.34  1.648  3.7787  0.21  
trainID = 2848  6.0928  3.9609  2.7873  1.9252  3.1808  1.396  35.3104  3.8066  3.5914  1.9944  12.083  10.7692  1.5133  3.9701  5.8874  3.6851  34.0272  35.9946  4.447  2.2858  8.1392  12.8784  4.3388  4.9369  3.2736  2.618  5.6571  1.8278  3.1928  6.7668  9.9349  2.6337  6.0671  0.7004  2.2838  0.5172  34.4562  2.002  0.231  0.2231  1.543  
trainID = 2874  6.7029  3.0627  1.9155  0.2789  0.6961  0.062  37.7335  0.8688  5.395  2.0614  11.9295  8.3739  1.0527  4.8137  5.4071  4.713  34.221  3.9674  4.8663  3.8668  6.3212  4.1027  5.7991  2.5618  2.543  7.5454  2.6961  0.1832  2.593  2.0988  2.3548  5.0517  7.4824  2.6393  6.6209  1.2328  1.0242  0.3326  34.9159  0.422  
trainID = 2889  1.5303  2.0103  5.2633  0.6554  2.3979  0.107  0.901  1.5086  4.1921  1.3733  0.7697  6.2121  2.6682  1.5736  1.5174  1.9808  32.7413  1.5997  3.5093  3.5978  1.8074  0.9791  3.3607  6.3221  17.4596  1.9223  0.9895  5.3363  2.1041  0.1426  0.8004  4.2114  10.041  2.0699  0.3014  0.1626  0.9444  1.7011  33.9176  2.1706  0.369  1.0769  
trainID = 2896  2.8534  1.9298  2.5523  2.077  3.9914  0.94  32.8864  3.7354  3.9021  1.5724  3.4382  4.9252  1.3177  1.6651  3.9762  1.2757  33.9534  0.3277  0.9379  1.9848  2.0223  1.1599  4.4109  5.827  7.2432  10.5284  0.0753  3.7635  2.1978  0.9447  0.1577  2.4261  8.1979  0.8462  4.2906  0.2578  1.6382  3.5326  33.1874  1.697  0.854  1.7071  
trainID = 2950  0.5863  3.2251  1.8379  0.7524  1.3212  0.475  3.3882  2.0889  1.856  1.7644  2.7249  1.7814  1.314  0.9742  0.9538  0.38  0.7787  0.9376  2.7868  1.3135  0.8365  2.6115  3.6388  11.8922  0.3861  0.2348  2.9015  1.7541  1.3589  0.5385  1.2896  8.9092  0.6171  0.6265  0.0048  3.9007  0.2441  0.233  0.263  1.586  2.958  
trainID = 2973  3.9554  2.4077  0.733  0.277  8.0254  3.5711  2.4294  0.8002  11.0452  4.1626  0.2354  0.4398  2.66  35.8039  3.4268  0.683  2.4338  3.5139  3.9159  4.0709  2.634  20.5508  10.6005  3.05  9.6613  6.3034  1.748  3.0418  8.0018  18.5884  2.1466  5.208  1.5295  5.6602  8.2558  36.1944  2.3179  1.7336  2.8096  36.2435  
TrainID = 2400  dbValue = 1.28912  nTestCell = 43  nTrainCell = 40  nDiff = 3  (X,Y) = (1265, 2105)  Position Error = 47.5184
TrainID = 2427  dbValue = 1.34347  nTestCell = 43  nTrainCell = 40  nDiff = 3  (X,Y) = (1275, 2075)  Position Error = 17.2627
TrainID = 1405  dbValue = 1.38674  nTestCell = 43  nTrainCell = 40  nDiff = 3  (X,Y) = (1305, 2105)  Position Error = 57.4282
TrainID = 1041  dbValue = 1.41034  nTestCell = 43  nTrainCell = 40  nDiff = 3  (X,Y) = (1315, 2115)  Position Error = 71.4003
TrainID = 1816  dbValue = 1.4108  nTestCell = 43  nTrainCell = 40  nDiff = 3  (X,Y) = (1285, 2105)  Position Error = 48.7647
TrainID = 864  dbValue = 1.41684  nTestCell = 43  nTrainCell = 41  nDiff = 2  (X,Y) = (1285, 2095)  Position Error = 39.2173
TrainID = 1502  dbValue = 1.50365  nTestCell = 43  nTrainCell = 41  nDiff = 2  (X,Y) = (1315, 2125)  Position Error = 79.6116
TrainID = 1198  dbValue = 1.59793  nTestCell = 43  nTrainCell = 41  nDiff = 2  (X,Y) = (1275, 2135)  Position Error = 77.0584
TrainID = 2369  dbValue = 1.61642  nTestCell = 43  nTrainCell = 41  nDiff = 2  (X,Y) = (1335, 2135)  Position Error = 99.4887
TrainID = 2497  dbValue = 1.6665  nTestCell = 43  nTrainCell = 40  nDiff = 3  (X,Y) = (1265, 2135)  Position Error = 77.3175
TrainID = 1603  dbValue = 1.67809  nTestCell = 43  nTrainCell = 40  nDiff = 3  (X,Y) = (1335, 2155)  Position Error = 115.663
TrainID = 1271  dbValue = 1.76679  nTestCell = 43  nTrainCell = 41  nDiff = 2  (X,Y) = (1315, 2155)  Position Error = 106.104
TrainID = 497  dbValue = 1.7806  nTestCell = 43  nTrainCell = 40  nDiff = 3  (X,Y) = (1325, 2145)  Position Error = 101.872
TrainID = 1470  dbValue = 1.83431  nTestCell = 43  nTrainCell = 40  nDiff = 3  (X,Y) = (1335, 2185)  Position Error = 141.767
TrainID = 1403  dbValue = 1.86475  nTestCell = 43  nTrainCell = 41  nDiff = 2  (X,Y) = (1215, 2155)  Position Error = 112.508
TrainID = 2494  dbValue = 1.90161  nTestCell = 43  nTrainCell = 41  nDiff = 2  (X,Y) = (1225, 2125)  Position Error = 81.8413
TrainID = 2950  dbValue = 1.90305  nTestCell = 43  nTrainCell = 41  nDiff = 2  (X,Y) = (1345, 2175)  Position Error = 137.906
TrainID = 2256  dbValue = 1.94754  nTestCell = 43  nTrainCell = 40  nDiff = 3  (X,Y) = (1255, 2165)  Position Error = 108.342
TrainID = 860  dbValue = 1.95296  nTestCell = 43  nTrainCell = 42  nDiff = 1  (X,Y) = (1315, 2175)  Position Error = 124.652
TrainID = 647  dbValue = 1.95364  nTestCell = 43  nTrainCell = 40  nDiff = 3  (X,Y) = (1205, 2115)  Position Error = 87.9659
TrainID = 2572  dbValue = 1.9543  nTestCell = 43  nTrainCell = 42  nDiff = 1  (X,Y) = (1355, 2175)  Position Error = 143.45
TrainID = 477  dbValue = 1.99988  nTestCell = 43  nTrainCell = 40  nDiff = 3  (X,Y) = (1265, 2155)  Position Error = 97.2522
TrainID = 2562  dbValue = 2.01534  nTestCell = 43  nTrainCell = 40  nDiff = 3  (X,Y) = (1315, 2205)  Position Error = 153.16
TrainID = 1302  dbValue = 2.02407  nTestCell = 43  nTrainCell = 42  nDiff = 1  (X,Y) = (1315, 2165)  Position Error = 115.317
TrainID = 2064  dbValue = 2.055  nTestCell = 43  nTrainCell = 40  nDiff = 3  (X,Y) = (1335, 2205)  Position Error = 159.931
TrainID = 1364  dbValue = 2.09153  nTestCell = 43  nTrainCell = 40  nDiff = 3  (X,Y) = (1215, 2135)  Position Error = 95.8019
TrainID = 2761  dbValue = 2.09341  nTestCell = 43  nTrainCell = 40  nDiff = 3  (X,Y) = (1245, 2185)  Position Error = 129.838
TrainID = 982  dbValue = 2.1395  nTestCell = 43  nTrainCell = 40  nDiff = 3  (X,Y) = (1285, 2195)  Position Error = 137.615
TrainID = 2129  dbValue = 2.1677  nTestCell = 43  nTrainCell = 42  nDiff = 1  (X,Y) = (1325, 2065)  Position Error = 53.4603
TrainID = 2166  dbValue = 2.2374  nTestCell = 43  nTrainCell = 41  nDiff = 2  (X,Y) = (1335, 2205)  Position Error = 159.931
TrainID = 1392  dbValue = 2.27998  nTestCell = 43  nTrainCell = 42  nDiff = 1  (X,Y) = (1325, 2075)  Position Error = 55.6597
TrainID = 906  dbValue = 2.30327  nTestCell = 43  nTrainCell = 41  nDiff = 2  (X,Y) = (1305, 2175)  Position Error = 121.565
TrainID = 2260  dbValue = 2.31812  nTestCell = 43  nTrainCell = 41  nDiff = 2  (X,Y) = (1215, 2185)  Position Error = 139.205
TrainID = 1926  dbValue = 2.35583  nTestCell = 43  nTrainCell = 42  nDiff = 1  (X,Y) = (1365, 2075)  Position Error = 94.541
TrainID = 1847  dbValue = 2.3849  nTestCell = 43  nTrainCell = 41  nDiff = 2  (X,Y) = (1255, 2215)  Position Error = 157.918
TrainID = 884  dbValue = 2.3916  nTestCell = 43  nTrainCell = 42  nDiff = 1  (X,Y) = (1365, 2075)  Position Error = 94.541
TrainID = 471  dbValue = 2.41912  nTestCell = 43  nTrainCell = 41  nDiff = 2  (X,Y) = (1325, 2065)  Position Error = 53.4603
TrainID = 1864  dbValue = 2.4964  nTestCell = 43  nTrainCell = 43  nDiff = 0  (X,Y) = (1345, 2095)  Position Error = 81.8413
TrainID = 978  dbValue = 2.54598  nTestCell = 43  nTrainCell = 40  nDiff = 3  (X,Y) = (1305, 2235)  Position Error = 180.05
TrainID = 957  dbValue = 2.55465  nTestCell = 43  nTrainCell = 43  nDiff = 0  (X,Y) = (1365, 2135)  Position Error = 120.739
TrainID = 516  dbValue = 2.55896  nTestCell = 43  nTrainCell = 43  nDiff = 0  (X,Y) = (1365, 2105)  Position Error = 104.202
TrainID = 2363  dbValue = 2.5791  nTestCell = 43  nTrainCell = 41  nDiff = 2  (X,Y) = (1365, 2105)  Position Error = 104.202
TrainID = 2574  dbValue = 2.63152  nTestCell = 43  nTrainCell = 42  nDiff = 1  (X,Y) = (1345, 2125)  Position Error = 99.0858
TrainID = 1464  dbValue = 2.64285  nTestCell = 43  nTrainCell = 40  nDiff = 3  (X,Y) = (1345, 2105)  Position Error = 86.8217
TrainID = 401  dbValue = 2.6848  nTestCell = 43  nTrainCell = 41  nDiff = 2  (X,Y) = (1355, 2115)  Position Error = 100.688
TrainID = 1958  dbValue = 2.69234  nTestCell = 43  nTrainCell = 42  nDiff = 1  (X,Y) = (1345, 2145)  Position Error = 113.569
TrainID = 1479  dbValue = 2.69338  nTestCell = 43  nTrainCell = 40  nDiff = 3  (X,Y) = (1245, 2245)  Position Error = 188.939
TrainID = 2554  dbValue = 2.72239  nTestCell = 43  nTrainCell = 40  nDiff = 3  (X,Y) = (1315, 2235)  Position Error = 182.148
TrainID = 2343  dbValue = 2.7293  nTestCell = 43  nTrainCell = 43  nDiff = 0  (X,Y) = (1355, 2135)  Position Error = 113.217
TrainID = 2476  dbValue = 2.76597  nTestCell = 43  nTrainCell = 40  nDiff = 3  (X,Y) = (1235, 2245)  Position Error = 190.625
TrainID = 1868  dbValue = 2.76875  nTestCell = 43  nTrainCell = 40  nDiff = 3  (X,Y) = (1285, 2255)  Position Error = 197.428
TrainID = 1481  dbValue = 2.80678  nTestCell = 43  nTrainCell = 41  nDiff = 2  (X,Y) = (1295, 2245)  Position Error = 188.409
TrainID = 2112  dbValue = 2.96003  nTestCell = 43  nTrainCell = 42  nDiff = 1  (X,Y) = (1385, 2125)  Position Error = 131.37
TrainID = 1374  dbValue = 2.97519  nTestCell = 43  nTrainCell = 40  nDiff = 3  (X,Y) = (1195, 2215)  Position Error = 174.866
TrainID = 2732  dbValue = 2.99362  nTestCell = 43  nTrainCell = 43  nDiff = 0  (X,Y) = (1365, 2195)  Position Error = 165.584
TrainID = 2360  dbValue = 3.02195  nTestCell = 43  nTrainCell = 40  nDiff = 3  (X,Y) = (1195, 2215)  Position Error = 174.866
TrainID = 406  dbValue = 3.04561  nTestCell = 43  nTrainCell = 41  nDiff = 2  (X,Y) = (1295, 2255)  Position Error = 198.338
TrainID = 2241  dbValue = 3.05587  nTestCell = 43  nTrainCell = 42  nDiff = 1  (X,Y) = (1365, 2215)  Position Error = 182.477
TrainID = 1143  dbValue = 3.07508  nTestCell = 43  nTrainCell = 40  nDiff = 3  (X,Y) = (1305, 2025)  Position Error = 46.669
TrainID = 2398  dbValue = 3.14599  nTestCell = 43  nTrainCell = 40  nDiff = 3  (X,Y) = (1325, 2235)  Position Error = 184.765
TrainID = 928  dbValue = 3.29296  nTestCell = 43  nTrainCell = 42  nDiff = 1  (X,Y) = (1365, 2205)  Position Error = 173.948
TrainID = 890  dbValue = 3.40207  nTestCell = 43  nTrainCell = 40  nDiff = 3  (X,Y) = (1165, 2245)  Position Error = 215.448
TrainID = 1991  dbValue = 3.46718  nTestCell = 43  nTrainCell = 42  nDiff = 1  (X,Y) = (1375, 2135)  Position Error = 128.6
TrainID = 2093  dbValue = 3.50834  nTestCell = 43  nTrainCell = 41  nDiff = 2  (X,Y) = (1385, 2085)  Position Error = 116.181
TrainID = 1484  dbValue = 3.58085  nTestCell = 43  nTrainCell = 41  nDiff = 2  (X,Y) = (1385, 2065)  Position Error = 113.217
TrainID = 384  dbValue = 3.58759  nTestCell = 43  nTrainCell = 41  nDiff = 2  (X,Y) = (1385, 2235)  Position Error = 209.995
TrainID = 2792  dbValue = 3.5924  nTestCell = 43  nTrainCell = 43  nDiff = 0  (X,Y) = (1375, 2165)  Position Error = 148.519
TrainID = 1671  dbValue = 3.64521  nTestCell = 43  nTrainCell = 43  nDiff = 0  (X,Y) = (1375, 2185)  Position Error = 163.518
TrainID = 438  dbValue = 3.66382  nTestCell = 43  nTrainCell = 42  nDiff = 1  (X,Y) = (1375, 2145)  Position Error = 134.826
TrainID = 2356  dbValue = 3.80719  nTestCell = 43  nTrainCell = 42  nDiff = 1  (X,Y) = (1385, 2075)  Position Error = 114.272
TrainID = 2184  dbValue = 3.84205  nTestCell = 43  nTrainCell = 40  nDiff = 3  (X,Y) = (1365, 1995)  Position Error = 112.33
TrainID = 931  dbValue = 3.85819  nTestCell = 43  nTrainCell = 40  nDiff = 3  (X,Y) = (1125, 2225)  Position Error = 222.481
TrainID = 791  dbValue = 3.88781  nTestCell = 43  nTrainCell = 41  nDiff = 2  (X,Y) = (1325, 2015)  Position Error = 68.2495
TrainID = 1229  dbValue = 3.90353  nTestCell = 43  nTrainCell = 43  nDiff = 0  (X,Y) = (1365, 2185)  Position Error = 157.41
TrainID = 1896  dbValue = 3.90438  nTestCell = 43  nTrainCell = 40  nDiff = 3  (X,Y) = (1355, 2035)  Position Error = 86.1278
TrainID = 1429  dbValue = 3.90591  nTestCell = 43  nTrainCell = 43  nDiff = 0  (X,Y) = (1405, 2135)  Position Error = 153.681
TrainID = 1184  dbValue = 3.94573  nTestCell = 43  nTrainCell = 42  nDiff = 1  (X,Y) = (1415, 2065)  Position Error = 143.171
TrainID = 992  dbValue = 4.1229  nTestCell = 43  nTrainCell = 40  nDiff = 3  (X,Y) = (1095, 2155)  Position Error = 201.837
TrainID = 2889  dbValue = 4.14998  nTestCell = 43  nTrainCell = 42  nDiff = 1  (X,Y) = (1405, 2205)  Position Error = 198.237
TrainID = 2084  dbValue = 4.34692  nTestCell = 43  nTrainCell = 43  nDiff = 0  (X,Y) = (1415, 2195)  Position Error = 198.035
TrainID = 1601  dbValue = 4.37852  nTestCell = 43  nTrainCell = 43  nDiff = 0  (X,Y) = (1405, 2215)  Position Error = 205.762
TrainID = 1420  dbValue = 4.37931  nTestCell = 43  nTrainCell = 41  nDiff = 2  (X,Y) = (1395, 2015)  Position Error = 130.3
TrainID = 770  dbValue = 4.40341  nTestCell = 43  nTrainCell = 42  nDiff = 1  (X,Y) = (1395, 2195)  Position Error = 184.114
TrainID = 1343  dbValue = 4.4288  nTestCell = 43  nTrainCell = 43  nDiff = 0  (X,Y) = (1395, 2225)  Position Error = 207.408
TrainID = 1193  dbValue = 4.44792  nTestCell = 43  nTrainCell = 43  nDiff = 0  (X,Y) = (1425, 2165)  Position Error = 186.703
TrainID = 1716  dbValue = 4.54338  nTestCell = 43  nTrainCell = 43  nDiff = 0  (X,Y) = (1415, 2215)  Position Error = 212.363
TrainID = 2612  dbValue = 4.54767  nTestCell = 43  nTrainCell = 43  nDiff = 0  (X,Y) = (1425, 2165)  Position Error = 186.703
TrainID = 1077  dbValue = 4.55958  nTestCell = 43  nTrainCell = 42  nDiff = 1  (X,Y) = (1415, 2195)  Position Error = 198.035
TrainID = 377  dbValue = 4.61353  nTestCell = 43  nTrainCell = 42  nDiff = 1  (X,Y) = (1415, 2105)  Position Error = 150.526
TrainID = 2244  dbValue = 4.62315  nTestCell = 43  nTrainCell = 43  nDiff = 0  (X,Y) = (1405, 2095)  Position Error = 138.051
TrainID = 2402  dbValue = 4.64716  nTestCell = 43  nTrainCell = 40  nDiff = 3  (X,Y) = (1455, 1975)  Position Error = 200.943
TrainID = 2703  dbValue = 4.68772  nTestCell = 43  nTrainCell = 43  nDiff = 0  (X,Y) = (1435, 2135)  Position Error = 180.272
TrainID = 1444  dbValue = 4.80821  nTestCell = 43  nTrainCell = 43  nDiff = 0  (X,Y) = (1415, 2105)  Position Error = 150.526
TrainID = 2157  dbValue = 4.87814  nTestCell = 43  nTrainCell = 40  nDiff = 3  (X,Y) = (1415, 2235)  Position Error = 227.548
TrainID = 2896  dbValue = 4.93352  nTestCell = 43  nTrainCell = 42  nDiff = 1  (X,Y) = (1425, 2115)  Position Error = 163.273
TrainID = 1344  dbValue = 4.93488  nTestCell = 43  nTrainCell = 43  nDiff = 0  (X,Y) = (1435, 2165)  Position Error = 194.982
TrainID = 550  dbValue = 4.946  nTestCell = 43  nTrainCell = 43  nDiff = 0  (X,Y) = (1425, 2095)  Position Error = 157.41
TrainID = 1339  dbValue = 4.97566  nTestCell = 43  nTrainCell = 43  nDiff = 0  (X,Y) = (1455, 2165)  Position Error = 211.986
TrainID = 2089  dbValue = 5.00692  nTestCell = 43  nTrainCell = 43  nDiff = 0  (X,Y) = (1425, 2105)  Position Error = 160.056
TrainID = 2027  dbValue = 5.00827  nTestCell = 43  nTrainCell = 43  nDiff = 0  (X,Y) = (1445, 2165)  Position Error = 203.416
TrainID = 2508  dbValue = 5.07132  nTestCell = 43  nTrainCell = 40  nDiff = 3  (X,Y) = (1375, 1935)  Position Error = 160.431
TrainID = 2384  dbValue = 5.09135  nTestCell = 43  nTrainCell = 42  nDiff = 1  (X,Y) = (1465, 2185)  Position Error = 231.037
TrainID = 1188  dbValue = 5.1083  nTestCell = 43  nTrainCell = 42  nDiff = 1  (X,Y) = (1445, 2045)  Position Error = 173.488
TrainID = 2706  dbValue = 5.12932  nTestCell = 43  nTrainCell = 42  nDiff = 1  (X,Y) = (1415, 2105)  Position Error = 150.526
TrainID = 2644  dbValue = 5.22642  nTestCell = 43  nTrainCell = 40  nDiff = 3  (X,Y) = (1435, 2025)  Position Error = 166.307
TrainID = 1440  dbValue = 5.28562  nTestCell = 43  nTrainCell = 43  nDiff = 0  (X,Y) = (1445, 2135)  Position Error = 189.362
TrainID = 508  dbValue = 5.34215  nTestCell = 43  nTrainCell = 40  nDiff = 3  (X,Y) = (1455, 2005)  Position Error = 190.52
TrainID = 697  dbValue = 5.51016  nTestCell = 43  nTrainCell = 42  nDiff = 1  (X,Y) = (1445, 2065)  Position Error = 173.142
TrainID = 1437  dbValue = 5.63612  nTestCell = 43  nTrainCell = 42  nDiff = 1  (X,Y) = (1455, 2075)  Position Error = 183.788
TrainID = 1002  dbValue = 5.73872  nTestCell = 43  nTrainCell = 40  nDiff = 3  (X,Y) = (1425, 2235)  Position Error = 233.962
TrainID = 1897  dbValue = 5.74635  nTestCell = 43  nTrainCell = 42  nDiff = 1  (X,Y) = (1495, 2175)  Position Error = 251.829
TrainID = 546  dbValue = 5.7699  nTestCell = 43  nTrainCell = 42  nDiff = 1  (X,Y) = (1485, 2105)  Position Error = 218.124
TrainID = 2874  dbValue = 6.01273  nTestCell = 43  nTrainCell = 40  nDiff = 3  (X,Y) = (1485, 2005)  Position Error = 219.495
TrainID = 1638  dbValue = 6.06722  nTestCell = 43  nTrainCell = 40  nDiff = 3  (X,Y) = (1425, 2255)  Position Error = 249.435
TrainID = 803  dbValue = 6.06747  nTestCell = 43  nTrainCell = 40  nDiff = 3  (X,Y) = (1445, 2245)  Position Error = 254.751
TrainID = 1394  dbValue = 6.07263  nTestCell = 43  nTrainCell = 43  nDiff = 0  (X,Y) = (1465, 2135)  Position Error = 207.793
TrainID = 317  dbValue = 6.09569  nTestCell = 43  nTrainCell = 40  nDiff = 3  (X,Y) = (1435, 2275)  Position Error = 271.4
TrainID = 456  dbValue = 6.32009  nTestCell = 43  nTrainCell = 43  nDiff = 0  (X,Y) = (1495, 2075)  Position Error = 223.647
TrainID = 1708  dbValue = 6.42817  nTestCell = 43  nTrainCell = 43  nDiff = 0  (X,Y) = (1505, 2125)  Position Error = 242.442
TrainID = 2478  dbValue = 6.47304  nTestCell = 43  nTrainCell = 40  nDiff = 3  (X,Y) = (1495, 2225)  Position Error = 278.6
TrainID = 738  dbValue = 6.52407  nTestCell = 43  nTrainCell = 40  nDiff = 3  (X,Y) = (1495, 2215)  Position Error = 272.723
TrainID = 2388  dbValue = 6.56846  nTestCell = 43  nTrainCell = 43  nDiff = 0  (X,Y) = (1495, 2165)  Position Error = 247.342
TrainID = 1037  dbValue = 6.5943  nTestCell = 43  nTrainCell = 40  nDiff = 3  (X,Y) = (1455, 2275)  Position Error = 283.863
TrainID = 2277  dbValue = 6.62856  nTestCell = 43  nTrainCell = 40  nDiff = 3  (X,Y) = (1465, 2295)  Position Error = 305.644
TrainID = 2675  dbValue = 6.63708  nTestCell = 43  nTrainCell = 40  nDiff = 3  (X,Y) = (1455, 2305)  Position Error = 307.405
TrainID = 2393  dbValue = 6.76496  nTestCell = 43  nTrainCell = 40  nDiff = 3  (X,Y) = (1475, 2265)  Position Error = 289.928
TrainID = 1568  dbValue = 6.83532  nTestCell = 43  nTrainCell = 41  nDiff = 2  (X,Y) = (1525, 2045)  Position Error = 253.334
TrainID = 1072  dbValue = 6.89187  nTestCell = 43  nTrainCell = 40  nDiff = 3  (X,Y) = (1565, 2115)  Position Error = 298.493
TrainID = 1750  dbValue = 6.9735  nTestCell = 43  nTrainCell = 40  nDiff = 3  (X,Y) = (1475, 2205)  Position Error = 250.635
TrainID = 2973  dbValue = 7.02174  nTestCell = 43  nTrainCell = 40  nDiff = 3  (X,Y) = (1485, 2305)  Position Error = 326.156
TrainID = 1220  dbValue = 7.13815  nTestCell = 43  nTrainCell = 40  nDiff = 3  (X,Y) = (1505, 2195)  Position Error = 270.292
TrainID = 2848  dbValue = 7.14464  nTestCell = 43  nTrainCell = 41  nDiff = 2  (X,Y) = (1545, 2065)  Position Error = 273.09
TrainID = 2809  dbValue = 7.2524  nTestCell = 43  nTrainCell = 41  nDiff = 2  (X,Y) = (1565, 2045)  Position Error = 293.288
TrainID = 960  dbValue = 7.2677  nTestCell = 43  nTrainCell = 40  nDiff = 3  (X,Y) = (1515, 2065)  Position Error = 243.101
TrainID = 1372  dbValue = 7.31242  nTestCell = 43  nTrainCell = 40  nDiff = 3  (X,Y) = (1505, 2105)  Position Error = 237.693
TrainID = 2249  dbValue = 7.53338  nTestCell = 43  nTrainCell = 40  nDiff = 3  (X,Y) = (1605, 2105)  Position Error = 336.3
TrainID = 1905  dbValue = 7.59337  nTestCell = 43  nTrainCell = 41  nDiff = 2  (X,Y) = (1535, 2135)  Position Error = 274.04
TrainID = 1436  dbValue = 8.15837  nTestCell = 43  nTrainCell = 41  nDiff = 2  (X,Y) = (1535, 2155)  Position Error = 280.318
