trainID = 316  0.793  2.9393  3.1323  0.6872  0.0112  1.0727  0.2028  2.1411  1.7243  1.919  5.628  2.5691  3.7831  5.2868  12.355  9.5978  0.7941  4.8977  1.5565  0.071  3.1964  1.3577  0.2083  0.339  3.487  1.048  1.9753  9.7068  4.7604  4.9249  2.9319  1.8337  3.7195  3.9521  4.1518  2.984  2.4353  6.3194  0.4165  1.5228  0.5038  2.2996  2.1855  
trainID = 359  0.992  0.4317  1.0157  3.4857  2.3869  2.6159  1.2511  2.1544  0.619  0.9697  2.1804  2.2329  8.0082  1.7643  5.6842  0.596  0.1092  4.9493  2.2558  1.1058  4.4095  2.7233  0.057  1.275  4.7556  2.0514  2.865  7.9174  4.9935  3.6073  1.0622  5.4623  0.6335  1.7774  0.897  0.0127  5.0941  1.2343  0.4184  2.8697  4.9985  1.6642  35.6831  0.713  
trainID = 400  0.021  2.5123  0.0132  0.0767  0.9452  0.1279  2.5611  3.7431  4.3803  0.376  3.4578  2.2024  3.1597  9.9154  10.7401  1.232  0.9887  3.2944  3.4378  0.57  0.8425  3.3173  0.8569  0.972  2.163  1.7742  3.89  4.1759  0.4048  3.5962  1.8023  1.0926  3.0982  3.6015  0.7683  1.809  4.2813  0.6895  1.4938  0.7985  0.3753  2.4214  0.1502  
trainID = 526  2.754  1.4862  3.9562  4.2427  2.8272  4.4517  2.8401  2.0331  1.387  0.3877  0.0583  1.079  12.4063  0.6236  6.808  1.2849  0.7303  7.9273  1.053  2.6262  7.9677  1.2045  0.224  1.226  7.0527  1.8659  0.8352  10.1048  8.6464  6.803  2.6679  6.9293  6.1551  4.0265  1.1542  0.3939  5.9214  0.6977  0.7184  1.7947  4.7969  0.7585  34.5775  
trainID = 529  1.6391  1.8153  4.0632  2.9917  3.347  4.2117  2.4551  5.4422  1.242  2.0414  3.0374  2.8409  10.5029  2.9  7.8704  3.0903  2.2913  5.2932  0.937  3.5925  8.1786  2.2916  0.386  0.508  2.2517  1.3027  3.1852  19.0958  15.8644  18.6183  4.3238  10.3905  3.0392  1.5072  2.11  3.9637  9.2005  2.545  3.2383  1.3476  5.85  3.0568  33.8525  1.286  
trainID = 535  4.066  4.7582  2.9317  2.9257  1.3796  5.0851  0.2177  0.4763  1.7806  1.452  6.4434  1.7741  3.9571  16.3019  14.3079  15.4309  3.2682  8.1067  2.2501  0.895  2.925  0.8626  0.6754  0.744  3.097  5.3765  2.8647  8.9208  4.7351  5.5471  5.6109  2.2317  4.5238  0.9821  5.0031  1.69  2.4238  5.5435  1.8535  1.2128  2.0904  0.227  2.7981  
trainID = 538  2.865  3.5758  2.6879  0.2301  0.7745  0.7154  0.8464  2.7891  0.3532  1.279  4.013  2.8755  3.234  10.4866  7.0803  10.5423  4.1951  5.8415  2.0791  1.339  2.634  0.627  0.9508  1.107  1.933  3.3712  1.3929  5.9357  3.9796  5.1111  3.3497  1.1967  3.2428  3.8761  3.917  2.339  3.6644  4.3845  3.408  0.1269  2.1114  0.515  1.0571  
trainID = 558  1.313  5.1697  0.0132  0.1367  2.3338  5.1815  1.017  1.0453  0.7339  2.9707  4.0629  3.087  2.3233  10.9119  5.1006  9.2579  0.1567  5.6977  1.1166  0.626  2.3563  0.3667  1.4874  0.34  1.938  5.2562  0.0209  6.942  3.0836  4.0683  3.0669  0.6196  3.6581  2.2894  1.3538  2.106  2.2713  5.0718  4.887  0.9113  0.2116  1.343  0.7386  0.012  
trainID = 615  0.475  2.8458  1.5646  0.5521  1.9146  2.7945  1.3214  2.5271  3.347  3.5886  4.9153  1.2374  3.8409  2.0839  14.2518  7.0971  3.0618  2.7875  1.9147  1.9142  2.1595  2.6494  0.5126  1.6041  3.6122  1.9112  1.5169  5.5277  2.8405  5.2651  2.6859  0.8459  1.9315  2.2463  4.5906  0.4407  6.3557  4.4992  0.4863  1.9911  1.4734  1.402  1.4189  
trainID = 711  1.673  0.6432  0.4775  0.7483  0.1351  2.2387  0.6456  1.6261  3.8339  0.946  1.7866  0.379  0.221  0.3502  9.0617  4.3333  0.4197  1.6398  1.189  1.9384  3.274  3.2249  0.4194  0.272  3.111  0.7574  1.0898  3.2048  1.8512  2.5816  4.0198  0.9688  1.4476  2.5535  1.0275  0.282  2.6513  0.8475  0.4939  0.7636  0.5424  2.007  1.4889  
trainID = 712  0.315  2.8544  2.2548  1.0822  2.312  0.1767  2.65  0.33  2.3894  2.8877  3.2137  1.2023  1.4519  5.778  2.5759  1.8848  1.2969  2.8357  3.4838  2.4598  0.7634  2.2929  1.9934  0.338  2.907  2.9967  0.95  5.1766  3.5846  2.3959  3.3  3.6274  5.1786  0.1121  0.6803  1.468  0.2878  3.9588  0.018  1.2507  3.1371  3.0245  3.8942  0.833  0.893  
trainID = 740  0.5499  3.5828  2.2752  0.4549  2.0141  1.6092  2.5531  3.1297  1.021  0.5695  2.7664  0.09  4.0933  4.5136  4.5729  0.8925  1.5843  3.2804  0.199  4.4795  2.5295  2.9089  2.466  1.147  1.8779  0.2564  0.2779  4.4617  4.7486  3.9973  1.9761  4.7459  0.0923  1.4191  0.538  0.8915  4.9759  1.3182  0.8814  1.4399  3.3161  2.1118  35.6807  0.302  
trainID = 744  1.341  3.2235  0.5842  1.1554  0.6617  0.3364  2.2976  2.3101  0.7825  0.188  1.3846  0.9561  0.9445  1.8013  0.1993  1.2375  0.3009  0.8899  2.955  0.662  0.5577  0.985  1.3904  0.769  2.167  1.2597  0.3842  0.0204  1.7725  0.4267  1.1694  0.8417  1.9647  0.5234  2.5573  0.895  0.448  0.9465  0.8833  2.0539  1.1498  2.022  1.2874  1.076  
trainID = 749  0.38  1.7961  3.2086  0.0263  1.7822  0.5993  2.8465  3.7221  3.002  0.906  3.9349  3.3851  2.6088  3.8632  15.9583  6.0391  0.1975  4.3508  1.9528  0.981  2.3813  4.5555  3.0283  1.488  3.6881  0.8817  3.1547  8.4319  3.2065  5.7115  3.116  0.8806  0.361  4.2666  1.2978  0.3736  5.6086  5.585  2.538  0.9968  2.8104  1.519  2.5801  
trainID = 751  1.8202  3.1347  3.6692  2.4067  5.9285  3.7511  1.2231  4.5411  0.766  0.6166  1.6872  0.6286  12.3974  2.5418  7.1719  1.3344  4.1533  5.4879  1.802  1.1489  4.4635  3.1889  0.9  2.858  6.3767  0.7082  2.3023  11.7216  8.9139  9.9493  0.8936  8.6598  3.5392  3.5101  2.439  1.8857  6.6777  0.6952  1.6015  3.7413  5.5724  5.2076  34.454  
trainID = 908  1.0313  1.8582  4.4852  0.645  3.1601  2.1521  2.4221  2.1821  1.947  1.4214  0.781  1.3769  12.3078  1.4582  5.9692  2.4955  1.3431  5.7266  0.422  2.5593  5.8318  3.8491  0.217  2.789  2.9843  0.9978  1.6261  7.0688  3.9413  5.4884  1.1867  4.5925  2.7048  3.3862  0.6811  0.4005  1.7037  3.4286  3.5853  2.5579  4.9565  4.1622  1.154  1.907  
trainID = 933  2.475  3.6995  1.5195  0.0805  3.4697  2.8023  1.0333  1.6001  2.9988  1.634  2.397  1.0851  2.4083  3.7426  4.1731  6.6109  0.3385  2.5587  3.4533  0.381  2.0554  2.1015  1.8455  0.519  2.719  2.9731  0.8426  3.4273  5.6812  2.1112  5.9964  0.637  3.1169  1.9838  2.3825  2.203  5.1294  3.3095  2.609  0.1859  2.7284  2.018  1.4401  
trainID = 1065  2.6903  2.6563  1.582  4.6277  2.5883  1.0012  1.1421  1.8229  1.323  3.0207  0.5353  2.0378  12.2155  5.3703  2.4753  2.3775  0.0969  7.4075  0.727  1.2066  5.3326  3.6296  0.303  3.047  5.4602  0.5513  2.2804  3.5484  3.2429  2.7987  2.5102  7.6849  4.5678  3.2185  0.518  1.4399  2.256  1.7014  4.549  1.3983  3.897  1.6123  0.458  
trainID = 1066  2.0921  1.1194  1.4262  2.3147  1.3203  2.7314  2.7871  3.0156  1.031  0.5088  1.2285  1.2016  9.055  0.8168  6.4454  0.0311  2.377  6.6272  2.9715  2.7627  4.9445  1.5759  0.434  1.989  5.9885  0.064  1.868  4.7552  6.0389  6.1798  2.5155  7.0226  1.0931  3.2347  2.3453  2.3542  3.9554  1.3516  2.8068  1.3939  4.541  1.9863  34.6431  0.375  
trainID = 1075  0.77  3.436  3.9032  1.4667  1.301  3.7301  1  2.0101  1.7993  0.811  5.2156  2.9089  2.5718  19.0349  15.47  18.1103  1.5115  8.6825  3.0338  0.148  1.8433  2.0619  1.9349  1.8388  2.728  4.4274  2.9911  6.0724  5.238  6.6505  5.9842  2.6607  4.7988  1.5165  6.1969  1.911  5.5403  5.6143  3.188  0.5706  2.5374  0.514  3.4932  
trainID = 1123  1.087  0.333  0.4564  0.229  2.7044  1.4667  3.1471  4.5601  4.5894  1.047  2.4166  1.0974  1.6899  6.9611  8.4064  0.8142  2.1522  0.4905  4.4798  0.465  0.7374  3.4407  1.8554  1.3408  2.789  5.0541  3.5472  0.0555  2.834  1.3791  1.2038  1.0369  3.5564  2.479  0.6215  0.675  1.7184  2.0818  2.3833  0.8353  1.7974  1.639  1.8058  
trainID = 1253  2.382  2.7996  4.0377  0.7225  2.1146  1.5334  1.8629  2.3921  3.3708  0.803  3.2386  2.3052  0.674  4.9935  15.2816  9.77  2.4898  3.0465  1.6519  0.168  1.8615  1.3971  1.6401  0.365  2.307  2.938  0.5675  7.6193  3.6841  8.99  4.3148  2.4357  3.1649  2.4728  2.1613  2.111  5.3706  4.3812  0.4769  2.4137  1.9074  2.095  3.3945  
trainID = 1368  2.106  1.4194  1.485  1.5878  1.648  0.4566  2.9216  1.2931  2.4729  0.287  0.9504  1.9534  0.0282  2.4223  2.9181  1.6518  1.8334  3.8597  3.3315  0.263  0.9304  2.1867  3.0337  0.408  0.117  0.4047  0.0549  5.3155  2.4367  1.6919  0.1692  2.2621  0.8616  1.3154  1.8105  0.573  0.741  0.3941  0.2543  0.443  1.2541  3.2132  1.5348  0.68  
trainID = 1408  1.2128  1.5824  0.0618  1.204  0.8099  0.1068  1.1331  0.6704  1.668  1.8255  0.0199  0.1775  2.5536  3.9582  0.0147  0.7881  1.8259  3.838  2.3163  1.9076  2.9767  0.9466  2.655  0.21  2.9865  1.1589  0.0081  2.3717  2.2366  0.6452  0.9221  2.6419  1.6323  0.4527  3.935  2.044  3.1001  1.0761  1.048  3.2156  1.42  1.2738  0.852  0.109  
trainID = 1419  3.8328  1.2946  2.0862  1.8149  0.9255  3.4387  1.5031  1.5443  2.5434  2.7099  3.7934  1.1486  1.0364  5.2775  1.9381  0.9593  3.1937  2.7027  2.812  1.352  2.503  0.7167  1.449  1.164  2.9685  1.49  2.1565  2.6968  0.0762  2.0007  3.6511  0.1474  0.1789  0.0426  0.691  0.4461  0.9892  2.543  0.5283  1.089  2.7927  0.8552  2.552  
trainID = 1434  2.7274  1.8913  2.2062  1.6587  2.3557  4.1137  5.0001  2.256  2.1096  0.6819  3.1504  1.9079  9.8874  2.3334  7.2505  1.3343  0.1991  8.7096  1.001  3.1567  6.3587  1.2031  0.163  0.545  3.8687  1.6149  1.0953  11.1207  9.4719  11.2821  4.4439  8.4896  1.4065  1.8523  1.49  2.7218  3.4422  0.7786  1.2264  1.6768  4.1031  3.6897  34.5008  1.591  
trainID = 1442  0.4746  0.226  2.5632  0.5399  1.2487  2.6293  3.0821  1.4155  0.554  3.4018  0.7495  1.7389  11.0602  4.2217  4.0529  2.9068  0.4976  7.5551  1.177  2.4829  5.1448  1.8488  0.457  2.048  5.0507  5.3496  2.1822  5.6657  3.883  1.7634  2.1055  6.2104  2.5012  1.9474  0.068  1.7506  1.8824  0.1316  3.6628  0.4974  2.6259  2.258  0.435  
trainID = 1453  0.531  0.2137  3.7858  1.6273  0.8459  2.2676  3.8892  0.1554  2.3006  1.014  1.573  2.4734  1.5699  8.0374  5.3372  6.3735  2.8298  2.4789  4.4249  1.125  2.736  3.9721  1.7484  0.345  2.641  3.3498  1.7191  2.0447  7.4328  7.7713  7.7584  4.0551  7.938  0.1014  3.2806  2.194  0.4194  5.0921  0.9471  0.1258  2.9569  2.9934  2.9137  34.1039  1.425  
trainID = 1516  0.297  1.8489  3.5164  0.4257  2.2245  0.4805  5.0467  3.7861  5.9788  1.951  0.461  1.4507  0.4031  11.0439  6.5471  3.9941  0.7281  2.6079  7.9121  2.118  0.4077  2.1972  2.2663  0.389  2.653  4.1244  2.2656  2.1073  2.1634  1.4706  0.9372  3.4562  3.1914  3.9792  0.8009  1.6398  0.9629  2.885  3.5366  4.1711  0.8201  3.3554  0.727  
trainID = 1534  0.337  1.6122  0.6613  3.0727  0.0647  1.8733  3.9131  3.0663  0.088  3.3734  0.6587  3.066  12.241  10.0744  2.5568  4.8392  1.6799  6.7595  1.836  2.9757  4.2384  1.5392  0.775  4.7865  3.0358  4.0097  1.7394  0.8372  1.2022  3.4743  2.9907  2.2042  1.868  1.6345  0.266  3.158  2.8766  1.7891  4.5754  1.2286  1.259  0.1063  0.2  
trainID = 1540  1.119  2.6559  0.8229  0.9783  0.1513  2.0473  2.4599  2.0521  3.4572  0.11  5.0388  0.4235  0.9756  3.7979  6.2558  3.7774  3.3502  2.7941  1.7192  0.549  0.1932  1.6093  1.6853  0.768  2.863  0.6399  0.2802  4.7219  2.9445  3.35  4.3777  0.9313  0.089  3.3409  1.3153  1.337  1.7941  0.7843  1.7799  1.8877  0.3924  1.353  1.8011  
trainID = 1593  1.0304  0.047  1.2478  0.6165  0.5815  1.3109  2.1301  2.6078  1.165  0.8069  0.3019  2.6459  2.2056  3.6397  2.0655  2.6836  3.4654  5.7429  2.405  0.7769  2.5321  0.1367  0.563  2.192  0.9058  0.6488  3.3791  1.5218  2.3452  1.2705  1.5305  1.6165  1.8678  0.5798  0.269  1.709  1.6063  2.873  1.3506  0.1634  2.4058  1.3297  0.095  
trainID = 1597  0.603  0.7609  0.7321  1.6418  1.3619  0.0853  0.8227  2.1201  0.1013  0.762  1.657  2.8014  0.8585  1.4977  3.557  3.0778  0.1351  2.9623  4.0167  3.0838  2.1253  2.0756  3.1808  1.654  1.089  2.1616  1.417  2.8303  2.0998  0.29  1.9779  2.9493  2.7099  0.0987  0.2564  1.151  3.2964  2.9031  0.4826  1.054  1.2397  4.8508  2.5127  
trainID = 1624  0.741  3.4643  0.0941  1.6838  2.0173  4.2757  4.3121  5.2833  0.417  3.1107  0.1572  2.8775  13.0223  6.9518  2.4679  2.9811  1.7998  8.1279  1.438  1.1991  6.6662  2.3313  0.132  4.4278  3.9374  2.6433  1.2171  4.1985  2.3209  0.4979  0.8854  3.7758  4.5219  1.693  0.915  0.4875  0.7277  0.2114  1.2756  1.8555  1.353  0.0443  0.536  
trainID = 1713  1.146  0.046  1.5869  1.922  1.4017  0.0601  0.3865  0.6828  4.1501  1.3266  1.082  2.0806  0.5187  2.2255  4.4826  10.7004  2.15  4.3426  0.3301  0.0654  0.805  0.7194  2.0122  0.642  0.42  4.8131  2.3111  0.84  4.2226  1.814  0.8335  0.5338  0.0606  1.9496  0.3738  0.8646  4.703  2.7989  0.9526  0.1811  2.5999  0.0504  1.434  3.439  
trainID = 1723  1.356  3.0179  0.1702  0.6598  0.4077  1.3171  2.4769  2.8361  1.5198  4.8644  2.5689  1.2601  0.1827  1.9588  0.4613  1.5641  0.3972  0.1413  1.6077  2.266  1.5286  3.1525  0.6681  1.9336  2.368  1.3999  0.1908  1.0042  1.7438  0.5352  1.2969  0.858  0.8366  0.2429  0.5012  1.315  0.3225  1.8605  0.1605  0.3641  0.3418  1.744  0.5245  
trainID = 1738  0.154  0.798  1.0227  4.0852  0.8757  0.3377  4.9677  1.7051  1.8473  1.038  0.7253  0.2201  0.8413  5.9871  4.5962  3.9414  1.3343  0.3882  4.8737  0.615  1.2002  1.915  5.1126  2.225  1.535  2.1338  0.7695  0.2858  0.5527  2.0559  2.0202  1.1217  3.3075  0.5313  0.718  0.465  2.0476  1.5262  1.5382  2.401  0.3094  1.353  2.2323  
trainID = 1745  0.658  3.2699  2.5632  2.9062  1.3179  2.7028  0.4444  0.9132  2.6665  4.3481  2.941  1.6638  2.8927  4.0935  11.003  7.5065  0.506  4.0708  3.7122  0.951  0.5588  1.2867  0.8694  0.342  3.4378  3.4  0.9339  7.0871  2.3722  2.6473  2.6893  1.3257  1.3835  0.4922  0.4234  1.819  2.9625  2.2739  3.016  3.2211  3.7244  0.08  0.6446  
trainID = 1885  1.479  1.2263  2.3319  2.7682  1.9073  0.7121  2.043  1.0142  2.7324  0.875  2.0538  1.9664  0.7685  9.6089  9.3095  1.4489  2.5297  1.1855  4.3866  1.734  0.8426  3.1692  3.5333  0.334  2.482  3.894  0.3883  2.6352  0.0286  1.6928  0.5992  0.6374  4.0924  5.0875  1.2  0.524  1.6836  0.2711  0.4479  0.6006  0.0302  0.703  1.6781  
trainID = 1911  3.0773  2.2472  2.6182  2.4758  0.6547  2.3725  4.4121  2.5889  0.58  1.0867  0.6283  0.1455  9.9054  1.0067  2.9603  0.5281  2.6564  7.607  1.686  2.4098  5.7302  1.9023  1.037  0.29  3.6992  2.2047  0.7826  6.8161  4.0865  2.4622  0.0638  6.2728  1.2619  1.8266  0.532  0.4047  3.5422  2.927  3.8267  1.8518  6.2372  3.8648  0.679  
trainID = 1912  1.8328  2.977  4.2852  4.1797  3.6468  5.4687  4.6001  2.8376  2.49  1.3645  2.2084  3.8079  10.6806  2.5022  8.5058  2.5748  2.899  7.4532  2.7447  4.4178  9.9631  0.0963  0.122  0.27  4.3062  1.6404  0.1396  20.636  19.3743  17.4272  2.7828  8.8223  4.1874  4.8079  2.5386  3.0554  8.0444  0.2317  0.4478  2.7083  7.3574  6.0521  35.0443  1.265  
trainID = 1922  4.051  2.141  4.3192  4.7947  3.458  2.1645  2.3511  1.456  0.161  0.2879  3.0814  0.9016  11.2246  0.2163  6.0877  0.1295  0.1685  5.4813  3.0129  1.6976  6.7388  2.3871  0.199  3.185  6.3742  2.3243  2.3499  7.3154  5.6244  7.7104  0.0164  6.8919  3.546  1.7876  0.2  3.1465  5.8343  1.8052  0.1553  1.2402  6.7009  1.59  33.314  1.739  
trainID = 1944  2.7029  2.3195  2.7852  3.5467  3.1152  4.5617  1.8061  1.189  0.013  0.8997  0.0147  0.1052  10.2104  5.0138  8.1188  2.9918  1.5713  5.0355  2.3672  0.5748  7.911  2.0071  1.302  0.5  4.2844  0.1252  2.3806  10.7825  6.985  11.1143  1.4113  8.0097  1.0347  3.5424  1.375  2.8961  5.7474  0.7126  0.127  5.1954  5.5212  3.8963  35.1513  0.718  
trainID = 1973  1.7522  1.0848  1.7302  5.0497  0.0267  3.9884  2.7751  4.2192  2.1403  1.149  2.2914  3.2809  6.9717  3.359  3.3385  0.5251  1.7241  3.7923  3.249  4.7045  4.5292  0.4332  0.229  2.025  3.9943  0.4645  3.0992  6.9775  3.5851  3.6438  1.2387  6.4017  1.7005  2.3899  1.272  1.5238  3.292  1.283  2.7033  2.462  4.2356  0.4213  36.9593  
trainID = 2012  0.217  2.007  0.8578  1.2793  2.0341  2.7782  2.2139  1.7871  2.6133  3.7661  5.862  0.9322  0.8622  1.516  3.6833  1.095  0.9548  2.2102  2.4268  0.943  0.552  1.0155  1.8825  0.52  1.62  0.8626  1.5999  0.3492  1.5822  1.1627  1.4586  1.5669  0.8465  0.642  0.5924  0.741  0.6773  0.5373  0.4621  0.708  1.3554  1.28  0.3516  0.951  
trainID = 2034  0.604  1.9874  1.9044  0.4705  1.584  1.9922  1.0093  0.489  4.0059  2.031  4.0784  2.9209  1.4362  0.918  5.6338  1.6931  0.0375  1.4232  0.4004  0.528  0.6528  2.2426  1.8499  1.397  4.3485  0.8568  1.885  1.6625  2.7686  3.0153  2.3117  0.812  0.2576  0.9861  1.6458  0.273  1.7909  0.2422  1.3429  0.0908  0.6465  2.012  1.2984  
trainID = 2088  2.571  0.252  3.6648  1.2289  2.1262  0.2514  1.0334  0.0733  1.3981  0.0042  3.1114  2.7471  0.6622  0.9587  1.0591  5.244  3.8769  1.7711  5.679  1.8871  1.9334  2.0841  0.1246  1.4497  0.2336  0.9543  2.4204  1.0672  0.9882  1.1512  0.4936  0.3202  1.9367  0.9569  0.971  0.4814  3.0935  4.461  0.5725  0.8724  4.184  0.2594  0.452  0.267  
trainID = 2103  2.597  1.8944  0.167  2.3004  0.7186  1.8703  4.2351  3.2561  0.867  1.7817  0.0518  1.9061  6.3232  2.3853  2.5579  0.3942  1.4187  4.6865  3.4937  0.639  3.2936  1.3054  0.775  2.608  3.7224  0.6621  2.4808  3.7969  0.3221  0.0516  0.0827  1.6668  0.6223  1.8189  0.337  2.0101  1.9466  0.0536  2.0101  3.3207  5.1495  2.0784  0.069  
trainID = 2133  0.586  1.9312  0.4697  0.9801  1.3851  0.674  2.8319  2.3871  2.1364  1.531  0.2873  0.4612  1.4051  8.21  1.0897  3.9887  1.2246  0.4441  7.6876  0.007  0.4755  5.4393  1.058  0.382  0.711  4.3214  1.4164  2.1027  4.538  2.8229  5.3115  1.1042  5.0822  3.8314  0.7617  1.026  0.3689  2.5688  1.2424  3.7048  0.9429  2.9591  1.4619  0.882  
trainID = 2195  1.9859  1.933  1.2389  1.9941  0.9812  1.3923  1.6261  0.7036  2.6595  3.1577  0.6636  1.7499  4.7075  3.2494  5.4044  0.9266  2.7771  4.2932  0.527  1.6117  3.4667  0.9328  3.69  1.779  1.5842  1.8567  0.0745  1.8181  1.4326  0.0435  3.1498  1.666  0.8236  3.4206  1.6926  0.5201  3.1865  0.6544  2.0932  1.0915  5.1967  2.4101  3.067  0.885  
trainID = 2238  2.277  3.1568  4.4194  1.1552  0.673  0.2149  0.2301  4.9441  3.9004  2.4722  5.7617  4.106  2.4142  2.8388  23.5858  11.4105  2.6023  6.149  3.2213  0.799  2.5177  0.168  2.01  0.462  1.325  2.228  1.2785  7.3239  4.2041  7.2546  6.8792  2.3377  2.8712  6.9795  3.7378  3.556  5.9137  7.9964  2.475  2.6652  2.0954  0.493  1.5569  
trainID = 2275  1.3719  3.2019  0.5691  2.0136  1.3586  2.2  2.2101  3.7429  1.105  3.811  1.9178  0.4133  6.8827  8.5275  2.9137  5.1364  0.9296  5.2864  0.211  1.0309  5.1041  2.5593  1.407  3.023  2.3942  2.4345  2.0296  0.9507  0.8415  0.1604  0.7552  2.3403  3.9969  0.3083  1.138  4.1956  2.1889  1.5304  2.1211  0.2844  2.849  0.2206  0.109  
trainID = 2324  0.204  1.1325  1.7633  1.5201  0.4573  0.0938  0.7649  0.8507  2.5144  1.087  5.7131  2.6377  2.9548  8.6208  13.8727  2.8749  0.8211  1.1989  0.2253  0.788  0.9036  2.8341  3.2307  2.5428  2.403  1.8459  1.1702  5.5757  3.1825  2.5574  4.299  1.5164  0.9221  2.3703  1.6976  1.002  3.4035  6.0344  1.0988  4.317  0.124  0.664  0.3591  
trainID = 2380  2.2212  0.3871  1.2918  1.916  0.9053  2.4971  1.6361  1.9743  1.588  0.1084  1.6517  1.5839  6.1009  1.5777  3.4794  0.4286  1.5327  3.7318  2.3467  1.5412  1.6811  0.697  0.824  0.753  5.0769  1.8255  0.7878  3.511  0.6126  2.0369  0.6408  4.1048  1.8975  0.1997  0.47  1.3755  0.9701  0.4226  1.1173  0.7245  3.6007  1.0169  0.11  
trainID = 2410  0.497  3.7336  5.2462  1.8168  3.6054  3.9576  1.6091  1.1393  0.046  1.2772  1.2693  2.9489  12.0031  3.107  8.4142  1.281  2.6968  3.9598  1.8624  5.6927  6.105  0.9165  1.201  0.488  4.5275  0.5849  0.5354  12.0323  11.6316  11.9423  2.7695  10.1252  0.4419  5.0427  0.276  3.5193  8.3357  3.3497  1.3677  5.4369  7.07  3.9673  33.7063  3.279  
trainID = 2420  0.5278  0.3278  2.1122  0.0075  2.7348  2.8182  5.2511  2.4479  0.556  0.0434  2.8084  2.0669  8.0204  2.8179  6.3353  0.7462  2.8854  5.5637  2.2295  2.4684  5.1198  0.6414  2.372  0.651  2.0564  0.9014  3.4837  10.0648  6.8811  8.1212  2.4648  7.1716  0.9682  3.9148  0.818  3.9292  7.0198  0.7157  0.0863  3.4559  5.4549  1.2957  34.047  0.273  
trainID = 2496  2.0188  0.8655  2.3832  0.8704  1.7231  3.8975  2.6431  3.1752  0.035  0.5793  0.0442  1.145  10.9345  0.1906  6.3707  1.8018  1.5019  5.0517  1.231  0.6847  6.7998  1.5223  0.284  1.761  5.9833  1.8761  0.4566  5.3911  4.6578  5.6538  0.4674  5.3555  1.1507  0.5306  1.358  1.5115  5.3901  0.8094  0.4662  3.6219  5.2169  1.7416  34.9395  0.599  
trainID = 2557  2.174  0.2734  0.026  2.6602  2.5239  0.8928  0.8755  1.9521  4.1984  0.879  2.0921  0.8923  1.2853  6.2765  3.7623  1.4402  4.391  0.7687  5.8037  0.973  0.9153  5.5376  1.908  1.271  4.4804  0.6374  0.2651  0.8185  2.2836  2.7267  0.3934  0.6894  1.9082  1.4659  0.5542  0.259  0.9342  1.6123  0.9494  0.28  0.7634  2.9055  0.0761  0.501  
trainID = 2641  2.324  3.0331  0.5403  2.2602  1.8175  2.7417  0.5651  1.5691  2.1765  3.1906  6.0137  0.6524  2.0414  6.4559  4.1767  2.4849  0.6079  1.8178  0.8712  1.439  1.2635  1.9803  1.6879  0.973  2.333  2.3737  2.7772  5.3242  2.1398  2.7032  2.9519  1.359  1.6844  2.6231  2.6236  0.208  3.5078  3.49  2.933  1.7688  0.1664  1.26  0.8029  
trainID = 2685  1.3656  0.7909  3.6312  3.9977  1.9484  0.1683  2.9901  3.6092  1.382  0.7922  3.6834  1.3689  9.3499  1.6027  4.9434  0.2378  5.0255  7.8208  0.111  6.2396  7.5997  0.4069  1.5169  1.886  2.2183  0.2127  1.485  11.3323  11.2544  11.3559  3.1691  8.9258  0.6591  0.2513  2.622  2.7649  5.5079  0.874  0.9634  1.8091  5.046  1.7059  35.7725  0.818  
trainID = 2704  3.06  3.0828  2.2581  1.1109  0.8846  0.4638  0.1503  1.7601  4.0885  0.455  6.2133  2.2041  0.8531  6.3994  16.6651  12.1741  1.8298  4.7569  3.1618  0.231  4.0026  0.1259  0.7474  1.762  2.891  2.4194  2.7269  7.6013  3.9753  3.3188  3.354  0.3839  4.4828  1.0279  2.4188  0.668  3.7107  3.3486  0.3593  1.6611  2.2034  0.319  0.7398  0.121  
trainID = 2850  2.571  0.8142  0.4477  0.6743  1.9495  1.617  1.8097  0.2946  1.7264  3.1135  3.2714  2.48  0.7886  3.6534  0.9044  0.3657  0.2322  0.2449  1.5568  1.79  1.1926  1.6161  2.6858  0.26  4.6533  0.3057  0.4865  0.7714  0.133  1.1868  0.3273  0.1444  0.3264  1.0873  1.2984  1.922  0.9337  1.9661  0.0771  1.2362  1.9824  2.018  1.2745  
trainID = 2860  1.105  0.9521  3.0566  2.072  3.1985  1.9218  2.0534  2.9341  2.1663  2.3566  6.2731  3.2116  2.8433  7.1912  13.3752  5.0533  3.0214  3.1589  0.2987  0.261  0.6906  0.3013  3.187  1.3873  1.97  0.9785  2.1473  8.5928  2.0579  4.3698  4.8905  1.2867  0.2666  3.9121  2.5734  2.602  2.7988  3.9569  3.141  0.2505  0.2444  2.2236  4.0541  
trainID = 2922  1.465  1.4096  1.1081  0.7018  0.2273  0.4657  0.6404  2.1491  2.9418  1.535  3.192  2.9204  3.3796  0.2116  3.7461  3.1556  0.9927  1.8895  2.98  1.611  1.5047  2.0581  0.073  0.276  0.313  2.0083  3.1736  2.2881  0.0959  2.141  1.2515  1.1457  1.1386  0.8422  2.4164  2.181  1.2122  0.2564  1.8144  1.6661  2.7374  1.433  0.2243  0.408  
trainID = 2929  0.31  2.2322  0.9558  0.9321  1.6939  0.2301  1.6026  2.7201  3.7195  0.339  3.0979  1.4223  2.9961  4.5705  8.8586  0.4214  3.2508  0.5733  6.201  0.294  1.2674  3.4371  2.824  0.745  1.766  1.6015  1.4382  2.8154  1.821  0.5724  0.5806  0.989  4.2424  0.626  0.1539  0.036  2.667  0.9496  1.7963  0.5091  3.1744  1.054  0.3199  
trainID = 2941  1.785  0.6473  0.7738  0.4953  1.0336  1.6921  0.6258  2.3641  4.1813  2.1665  2.5416  1.1823  3.5658  0.5951  9.9524  5.4328  3.0029  2.1192  1.8202  1.837  1.5036  1.4611  1.6714  0.138  4.0002  2.5486  1.4297  2.5543  1.6947  3.5952  3.8877  0.9152  2.8049  2.3075  2.2959  2.293  1.8576  4.0789  3.516  1.2324  1.1954  0.26  1.2447  0.146  
trainID = 2957  0.2693  1.347  2.3012  1.7994  3.0606  2.5885  1.8931  3.2932  0.459  0.5303  1.8388  0.6193  6.9457  1.4068  6.3254  0.3985  2.0982  6.2451  0.768  0.9278  4.5442  0.3096  0.69  3.4909  2.5451  2.3573  0.1435  6.0732  5.0787  4.5221  2.3463  5.8276  2.1739  2.5561  2.294  0.7172  4.654  3.2795  1.8105  0.5935  2.9868  0.8952  37.3376  1.64  
trainID = 2970  0.645  0.7453  2.1799  3.9652  0.2683  4.4829  0.2368  1.8331  2.2013  3.7925  2.2847  2.9834  2.4009  3.4694  6.2284  6.2882  1.9168  8.1138  4.2309  1.958  3.5426  3.4368  33.7673  4.6201  3.0522  3.8929  6.5948  3.4939  1.0301  3.9025  3.1813  1.8709  1.4134  1.942  3.3693  4.85  0.5236  2.6533  3.2107  4.3506  1.3161  34.2919  1.319  
trainID = 2981  1.4267  2.3122  2.5312  2.7544  1.0309  2.459  2.5461  1.8199  2.2042  1.9587  0.0005  1.1424  9.086  0.3407  2.9256  1.8828  0.9317  2.4301  1.531  2.3652  4.8937  1.8887  0.634  3.4684  2.97  0.762  0.3611  7.4508  2.9324  4.6587  2.8746  5.8441  2.4221  1.8271  0.228  0.4327  5.0061  0.7489  0.3171  2.6528  5.4706  1.4804  1.925  1.219  
TrainID = 744  dbValue = 1.17642  nTestCell = 46  nTrainCell = 44  nDiff = 2  (X,Y) = (1665, 1465)  Position Error = 7.28011
TrainID = 1723  dbValue = 1.30063  nTestCell = 46  nTrainCell = 43  nDiff = 3  (X,Y) = (1665, 1485)  Position Error = 27.074
TrainID = 2850  dbValue = 1.35326  nTestCell = 46  nTrainCell = 43  nDiff = 3  (X,Y) = (1635, 1465)  Position Error = 28.8617
TrainID = 2012  dbValue = 1.43991  nTestCell = 46  nTrainCell = 44  nDiff = 2  (X,Y) = (1695, 1455)  Position Error = 32.1403
TrainID = 1368  dbValue = 1.52216  nTestCell = 46  nTrainCell = 44  nDiff = 2  (X,Y) = (1715, 1505)  Position Error = 70.0928
TrainID = 1408  dbValue = 1.53619  nTestCell = 46  nTrainCell = 44  nDiff = 2  (X,Y) = (1685, 1515)  Position Error = 61.0983
TrainID = 2922  dbValue = 1.57685  nTestCell = 46  nTrainCell = 44  nDiff = 2  (X,Y) = (1615, 1465)  Position Error = 48.5077
TrainID = 2034  dbValue = 1.61712  nTestCell = 46  nTrainCell = 43  nDiff = 3  (X,Y) = (1625, 1455)  Position Error = 38.1182
TrainID = 2088  dbValue = 1.6211  nTestCell = 46  nTrainCell = 44  nDiff = 2  (X,Y) = (1725, 1485)  Position Error = 67.624
TrainID = 1593  dbValue = 1.63646  nTestCell = 46  nTrainCell = 43  nDiff = 3  (X,Y) = (1655, 1515)  Position Error = 57.5587
TrainID = 2380  dbValue = 1.69665  nTestCell = 46  nTrainCell = 43  nDiff = 3  (X,Y) = (1675, 1545)  Position Error = 87.8237
TrainID = 711  dbValue = 1.70153  nTestCell = 46  nTrainCell = 43  nDiff = 3  (X,Y) = (1585, 1445)  Position Error = 79.0759
TrainID = 2557  dbValue = 1.779  nTestCell = 46  nTrainCell = 44  nDiff = 2  (X,Y) = (1605, 1515)  Position Error = 81.3204
TrainID = 1597  dbValue = 1.79173  nTestCell = 46  nTrainCell = 43  nDiff = 3  (X,Y) = (1705, 1525)  Position Error = 79.0759
TrainID = 1738  dbValue = 1.80723  nTestCell = 46  nTrainCell = 43  nDiff = 3  (X,Y) = (1625, 1555)  Position Error = 104.178
TrainID = 1713  dbValue = 1.81956  nTestCell = 46  nTrainCell = 44  nDiff = 2  (X,Y) = (1575, 1475)  Position Error = 89.627
TrainID = 1419  dbValue = 1.85198  nTestCell = 46  nTrainCell = 43  nDiff = 3  (X,Y) = (1715, 1475)  Position Error = 54.7083
TrainID = 2929  dbValue = 1.9025  nTestCell = 46  nTrainCell = 43  nDiff = 3  (X,Y) = (1585, 1525)  Position Error = 102.825
TrainID = 2103  dbValue = 1.94715  nTestCell = 46  nTrainCell = 43  nDiff = 3  (X,Y) = (1635, 1535)  Position Error = 81.9329
TrainID = 1540  dbValue = 1.9715  nTestCell = 46  nTrainCell = 43  nDiff = 3  (X,Y) = (1595, 1425)  Position Error = 75.5844
TrainID = 2195  dbValue = 2.04813  nTestCell = 46  nTrainCell = 44  nDiff = 2  (X,Y) = (1715, 1535)  Position Error = 92.9139
TrainID = 1885  dbValue = 2.06131  nTestCell = 46  nTrainCell = 43  nDiff = 3  (X,Y) = (1565, 1545)  Position Error = 131.046
TrainID = 2133  dbValue = 2.14165  nTestCell = 46  nTrainCell = 44  nDiff = 2  (X,Y) = (1655, 1585)  Position Error = 127.252
TrainID = 1123  dbValue = 2.17349  nTestCell = 46  nTrainCell = 43  nDiff = 3  (X,Y) = (1585, 1525)  Position Error = 102.825
TrainID = 712  dbValue = 2.18882  nTestCell = 46  nTrainCell = 45  nDiff = 1  (X,Y) = (1705, 1545)  Position Error = 96.6075
TrainID = 2941  dbValue = 2.19196  nTestCell = 46  nTrainCell = 44  nDiff = 2  (X,Y) = (1575, 1415)  Position Error = 97.9439
TrainID = 2641  dbValue = 2.2259  nTestCell = 46  nTrainCell = 43  nDiff = 3  (X,Y) = (1615, 1415)  Position Error = 64.4438
TrainID = 2275  dbValue = 2.27385  nTestCell = 46  nTrainCell = 43  nDiff = 3  (X,Y) = (1575, 1515)  Position Error = 104.848
TrainID = 400  dbValue = 2.28209  nTestCell = 46  nTrainCell = 43  nDiff = 3  (X,Y) = (1555, 1495)  Position Error = 114.162
TrainID = 2981  dbValue = 2.41245  nTestCell = 46  nTrainCell = 44  nDiff = 2  (X,Y) = (1665, 1615)  Position Error = 157.013
TrainID = 2324  dbValue = 2.42208  nTestCell = 46  nTrainCell = 43  nDiff = 3  (X,Y) = (1535, 1475)  Position Error = 129.124
TrainID = 933  dbValue = 2.47621  nTestCell = 46  nTrainCell = 43  nDiff = 3  (X,Y) = (1605, 1395)  Position Error = 85.6329
TrainID = 1745  dbValue = 2.51445  nTestCell = 46  nTrainCell = 43  nDiff = 3  (X,Y) = (1555, 1385)  Position Error = 130.357
TrainID = 1442  dbValue = 2.60575  nTestCell = 46  nTrainCell = 43  nDiff = 3  (X,Y) = (1625, 1615)  Position Error = 161.533
TrainID = 1624  dbValue = 2.62968  nTestCell = 46  nTrainCell = 43  nDiff = 3  (X,Y) = (1595, 1595)  Position Error = 152.948
TrainID = 1516  dbValue = 2.63556  nTestCell = 46  nTrainCell = 43  nDiff = 3  (X,Y) = (1595, 1565)  Position Error = 126.779
TrainID = 1911  dbValue = 2.64996  nTestCell = 46  nTrainCell = 43  nDiff = 3  (X,Y) = (1635, 1625)  Position Error = 169.331
TrainID = 558  dbValue = 2.65125  nTestCell = 46  nTrainCell = 44  nDiff = 2  (X,Y) = (1575, 1355)  Position Error = 135.473
TrainID = 1534  dbValue = 2.6638  nTestCell = 46  nTrainCell = 43  nDiff = 3  (X,Y) = (1545, 1535)  Position Error = 140.901
TrainID = 615  dbValue = 2.83726  nTestCell = 46  nTrainCell = 43  nDiff = 3  (X,Y) = (1545, 1415)  Position Error = 125.591
TrainID = 1065  dbValue = 2.85836  nTestCell = 46  nTrainCell = 43  nDiff = 3  (X,Y) = (1605, 1615)  Position Error = 167.371
TrainID = 2704  dbValue = 2.86754  nTestCell = 46  nTrainCell = 44  nDiff = 2  (X,Y) = (1535, 1365)  Position Error = 158.218
TrainID = 908  dbValue = 2.88511  nTestCell = 46  nTrainCell = 44  nDiff = 2  (X,Y) = (1645, 1655)  Position Error = 197.821
TrainID = 2860  dbValue = 2.89273  nTestCell = 46  nTrainCell = 43  nDiff = 3  (X,Y) = (1535, 1425)  Position Error = 132.185
TrainID = 740  dbValue = 2.92253  nTestCell = 46  nTrainCell = 44  nDiff = 2  (X,Y) = (1745, 1575)  Position Error = 142.874
TrainID = 316  dbValue = 2.9633  nTestCell = 46  nTrainCell = 43  nDiff = 3  (X,Y) = (1545, 1375)  Position Error = 144.267
TrainID = 538  dbValue = 2.97753  nTestCell = 46  nTrainCell = 43  nDiff = 3  (X,Y) = (1575, 1355)  Position Error = 135.473
TrainID = 749  dbValue = 3.02329  nTestCell = 46  nTrainCell = 43  nDiff = 3  (X,Y) = (1525, 1415)  Position Error = 144.544
TrainID = 1253  dbValue = 3.10947  nTestCell = 46  nTrainCell = 43  nDiff = 3  (X,Y) = (1545, 1375)  Position Error = 144.267
TrainID = 359  dbValue = 3.2269  nTestCell = 46  nTrainCell = 44  nDiff = 2  (X,Y) = (1685, 1625)  Position Error = 168.443
TrainID = 2957  dbValue = 3.27232  nTestCell = 46  nTrainCell = 44  nDiff = 2  (X,Y) = (1695, 1605)  Position Error = 150.443
TrainID = 2496  dbValue = 3.28844  nTestCell = 46  nTrainCell = 44  nDiff = 2  (X,Y) = (1665, 1645)  Position Error = 187.011
TrainID = 1066  dbValue = 3.52999  nTestCell = 46  nTrainCell = 44  nDiff = 2  (X,Y) = (1695, 1625)  Position Error = 170.038
TrainID = 1973  dbValue = 3.53526  nTestCell = 46  nTrainCell = 43  nDiff = 3  (X,Y) = (1745, 1605)  Position Error = 168.324
TrainID = 1453  dbValue = 3.62041  nTestCell = 46  nTrainCell = 45  nDiff = 1  (X,Y) = (1745, 1635)  Position Error = 195.072
TrainID = 2420  dbValue = 3.74265  nTestCell = 46  nTrainCell = 44  nDiff = 2  (X,Y) = (1735, 1625)  Position Error = 181.86
TrainID = 2238  dbValue = 3.82931  nTestCell = 46  nTrainCell = 43  nDiff = 3  (X,Y) = (1515, 1365)  Position Error = 174.794
TrainID = 1922  dbValue = 3.84913  nTestCell = 46  nTrainCell = 44  nDiff = 2  (X,Y) = (1685, 1655)  Position Error = 198.225
TrainID = 535  dbValue = 3.94761  nTestCell = 46  nTrainCell = 43  nDiff = 3  (X,Y) = (1535, 1335)  Position Error = 177.519
TrainID = 2685  dbValue = 4.11854  nTestCell = 46  nTrainCell = 44  nDiff = 2  (X,Y) = (1735, 1665)  Position Error = 219.164
TrainID = 1075  dbValue = 4.12156  nTestCell = 46  nTrainCell = 43  nDiff = 3  (X,Y) = (1525, 1315)  Position Error = 198.728
TrainID = 526  dbValue = 4.12756  nTestCell = 46  nTrainCell = 43  nDiff = 3  (X,Y) = (1675, 1675)  Position Error = 217.332
TrainID = 1944  dbValue = 4.12893  nTestCell = 46  nTrainCell = 44  nDiff = 2  (X,Y) = (1715, 1655)  Position Error = 203.747
TrainID = 1434  dbValue = 4.13789  nTestCell = 46  nTrainCell = 44  nDiff = 2  (X,Y) = (1725, 1655)  Position Error = 206.526
TrainID = 2970  dbValue = 4.46163  nTestCell = 46  nTrainCell = 43  nDiff = 3  (X,Y) = (1785, 1545)  Position Error = 149.843
TrainID = 751  dbValue = 4.56907  nTestCell = 46  nTrainCell = 43  nDiff = 3  (X,Y) = (1715, 1675)  Position Error = 223.143
TrainID = 2410  dbValue = 4.65489  nTestCell = 46  nTrainCell = 44  nDiff = 2  (X,Y) = (1735, 1675)  Position Error = 228.633
TrainID = 529  dbValue = 5.2045  nTestCell = 46  nTrainCell = 44  nDiff = 2  (X,Y) = (1745, 1705)  Position Error = 260.256
TrainID = 1912  dbValue = 5.51812  nTestCell = 46  nTrainCell = 44  nDiff = 2  (X,Y) = (1755, 1725)  Position Error = 282.406
