trainID = 311  3.4096  6.4403  1.43  8.4681  0.7778  4.6938  1.0281  2.8366  0.6532  38.3884  31.6129  2.9868  4.2739  0.6789  7.0955  2.4414  7.2271  2.2029  0.7309  5.4466  2.2072  2.1207  4.2748  5.7854  7.6461  10.4425  0.2323  1.2577  5.3457  2.2517  3.5821  4.0753  2.0815  3.4694  4.1446  1.8391  2.7791  3.965  0.978  0.019  2.4581  
trainID = 320  4.74  6.484  2.4427  11.4555  1.4902  5.7261  5.9327  3.0793  3.3289  34.3547  2.4011  2.666  0.104  2.7129  1.2505  1.1095  16.3987  6.4617  31.2355  1.5681  3.6186  11.8525  3.4077  3.003  0.1902  12.8352  7.4691  9.5221  1.8524  4.1919  1.8816  1.4745  7.5804  7.8654  5.2318  2.8274  0.7424  2.3646  5.654  4.6345  31.8431  
trainID = 338  2.5536  4.3246  0.898  2.3208  0.9213  1.6829  1.1192  1.4257  0.7827  3.63  1.338  0.806  0.9375  1.0903  0.5593  4.3421  0.3248  0.7583  1.1312  1.4092  2.0556  0.2774  0.9202  0.8461  0.6393  3.1353  7.9175  2.372  0.5012  0.1797  0.9945  0.4306  1.7046  1.5513  3.0214  0.8798  1.7984  1.1564  0.0056  0.644  2.102  2.4593  
trainID = 369  5.0251  8.1453  0.479  10.7059  0.6712  5.4071  2.932  3.3381  0.8988  34.1258  2.3118  1.357  0.101  3.565  0.862  0.9839  16.4581  5.6218  25.8157  2.2829  3.0968  13.0256  4.1596  3.2991  1.203  13.2195  8.997  6.4594  1.1704  7.1425  1.6838  1.6775  6.617  5.4525  5.8062  1.4848  2.2499  2.2326  5.239  6.3422  33.8311  
trainID = 389  3.1089  5.1735  0.277  5.4363  0.7707  2.4896  0.6024  2.4208  1.0141  35.7842  2.492  1.17  0.804  3.6383  4.052  1.3707  4.0607  0.6748  2.093  1.1012  1.3885  5.0294  0.5244  5.1241  1.6451  1.9874  5.8298  6.6722  2.0175  1.9161  5.8492  0.1458  1.7121  3.4465  0.0115  3.2164  1.7848  0.2247  4.252  2.9408  0.028  0.668  2.0831  
trainID = 399  2.6986  11.2643  0.733  13.4258  1.9222  2.8451  2.4637  1.3979  5.6565  36.3471  33.4249  1.2707  3.8147  1.9247  23.394  6.811  8.3087  4.8073  0.9431  9.6752  3.597  3.1304  2.2659  2.1098  10.3299  6.8461  12.0461  0.3479  2.5934  3.69  0.6718  4.5193  5.9064  2.8213  3.6054  2.3277  0.6214  1.8291  3.9947  0.477  0.461  4.8816  
trainID = 426  5.5968  5.1409  1.019  9.8862  1.7107  4.1943  0.3492  1.4856  2.7824  34.2854  2.0633  1.201  1.206  3.0265  1.8238  2.5095  9.9783  8.436  12.1231  2.825  0.6062  9.5246  1.3475  3.1471  2.3158  6.9297  6.0428  7.5718  1.4894  3.1717  4.0896  0.7536  7.8884  5.4617  4.3733  2.0094  1.3691  1.7026  1.1494  3.5541  0.841  0.083  0.896  
trainID = 428  2.6468  1.7168  0.031  4.6592  1.0572  4.1989  0.019  1.5894  2.8807  1.48  6.122  8.0328  0.702  3.9557  4.679  3.4178  1.1427  0.4036  3.7122  1.86  2.4085  3.4586  3.1727  22.1852  13.4357  2.7565  0.2318  4.6814  4.3043  2.2345  0.1403  3.6263  3.1866  3.171  3.7285  3.5707  1.0902  2.5124  2.3315  2.703  1.059  
trainID = 442  0.6836  4.9858  1.3726  5.9537  0.9198  3.0787  0.7256  0.6828  1.1484  37.5143  31.8669  1.4741  2.5198  0.0195  1.9185  1.2763  2.3103  0.2367  0.9865  5.0157  0.3614  3.1361  0.6854  3.2111  5.6959  12.2941  2.1638  0.9816  5.4922  1.8879  1.4225  2.8197  0.6543  2.4554  3.2123  0.5736  2.2938  1.7848  1.2673  2.15  2.4396  
trainID = 492  3.5414  3.2125  1.94  1.8937  1.0219  2.846  2.444  1.4333  1.3389  4.4418  1.111  2.1388  2.897  3.1549  1.7677  0.2126  2.9485  2.28  0.2423  0.9932  2.4785  1.3981  0.7593  1.3633  4.171  2.0679  0.9832  0.489  0.2218  0.9354  1.6895  0.6496  1.642  3.508  0.0157  1.5868  3.1861  0.5664  1.0576  1.8609  1.664  2.6007  
trainID = 554  0.1657  0.4718  0.018  1.9657  1.0108  3.035  1.8332  3.6764  2.2069  2.7881  1.708  0.573  0.2752  4.4692  1.4021  2.5436  5.2077  0.3232  0.5424  1.9248  0.4595  3.7398  0.5652  1.4294  3.353  2.9875  4.2901  0.2758  2.055  1.6014  0.2505  1.9952  1.5669  0.7686  2.4956  3.4042  2.1394  0.1583  2.089  0.184  0.252  0.3148  
trainID = 579  6.791  6.3433  0.877  13.2333  0.7272  7.2882  6.5294  4.4178  5.6389  35.2398  2.1155  1.662  1.057  4.9602  1.8347  2.9359  12.5055  2.1376  29.2012  1.5304  5.0996  13.5971  5.4647  4.2851  0.8692  13.4569  8.8396  5.9891  3.8535  6.3555  2.1963  1.3755  9.9044  3.2939  5.2999  4.3224  0.3362  2.3636  3.823  6.0356  34.1421  
trainID = 580  4.7559  7.6243  0.843  9.0981  0.0623  2.9723  2.8466  1.5925  0.664  35.9507  32.0449  1.3576  2.6097  1.2343  9.2136  4.4952  10.6489  1.9532  0.0204  7.704  0.3772  1.6047  0.42  6.0904  7.6791  8.6341  0.0264  3.8451  2.3754  1.3145  4.767  2.4731  2.5137  4.4324  0.6987  1.4727  3.7432  2.2767  0.335  0.782  1.607  
trainID = 581  5.1018  5.8748  0.661  6.9507  0.2539  8.8754  2.2865  1.7886  1.9924  37.6072  0.0039  0.965  1.091  1.8629  3.2491  0.2327  11.7549  6.08  10.6216  3.0503  0.5529  6.4743  3.1904  1.0918  0.0494  8.1489  7.7784  5.9686  0.9728  2.8368  3.1375  1.0015  6.4648  5.5485  3.6653  1.6852  0.6494  1.6686  4.085  2.0749  0.149  0.411  3.8625  
trainID = 586  2.8149  8.3723  1.3587  9.1774  2.2366  4.0209  1.4919  3.7789  2.9139  36.7469  31.8529  0.1693  3.6666  0.4941  18.1866  1.2562  8.6709  3.08  1.1622  9.0786  1.3495  3.6681  2.2898  4.3575  9.7545  12.0759  1.813  2.1665  4.6973  1.7155  3.7927  6.5661  1.7868  3.6094  3.4972  0.7952  2.8218  3.8403  1.6036  0.105  2.3831  
trainID = 597  7.808  5.0591  0.182  8.145  1.4495  4.7942  2.9755  2.5012  1.675  36.5063  2.8611  2.196  0.443  5.4496  0.1644  3.8376  8.9122  3.5258  19.5659  0.2822  7.3564  10.5716  2.316  2.6934  1.4339  15.9572  6.2632  3.2326  0.7004  6.0983  2.1236  2.2095  5.6848  1.7295  7.2252  4.5494  2.8138  0.6582  3.949  3.4834  33.2741  
trainID = 666  6.3966  7.5974  1.8663  9.7539  0.1995  4.3543  3.3908  4.4051  4.3336  37.064  2.239  1.408  2.146  3.5854  1.5175  1.9876  16.506  13.8342  15.5048  2.271  2.701  10.3624  4.2217  2.122  1.8058  10.958  7.5804  7.395  0.846  7.4572  2.721  1.8415  6.6525  3.916  5.4541  4.3634  0.1442  0.9557  1.8768  5.3036  0.251  3.989  2.7338  
trainID = 675  2.2955  1.6945  0.744  3.7044  0.0189  1.4333  0.1375  1.0839  0.0959  2.882  2.232  2.9394  0.731  2.0466  0.5701  3.3952  1.9338  0.8807  3.4953  2.334  1.1052  4.4009  1.8487  2.2737  0.6328  7.6985  1.6343  1.4453  0.7152  3.733  0.6938  0.5595  1.8931  1.3335  3.2387  1.9614  2.9092  0.497  2.1408  2.1191  0.478  3.031  1.3446  
trainID = 729  3.4172  2.681  0.281  1.6777  2.5058  2.5726  1.1443  1.2792  0.681  1.4327  2.8558  1.098  5.1611  0.0313  4.0872  1.9245  1.2813  2.1553  0.7259  2.114  4.2784  2.4031  0.8993  0.6695  9.0765  3.5462  1.7954  0.6032  6.9847  2.0485  1.9535  1.8659  1.7024  1.8165  2.5004  0.7735  1.2162  0.343  3.0988  1.406  2.292  1.4442  
trainID = 774  4.9884  6.9436  2.133  12.7749  1.539  7.9885  3.921  4.7077  1.9226  35.9195  1.1428  0.447  0.855  2.6866  2.1711  2.3094  13.3673  1.809  25.6065  1.6638  6.0842  10.8623  3.1254  2.4493  1.2868  13.9791  9.3294  5.4714  3.6461  5.1023  2.3009  0.5745  8.1204  4.6351  5.7896  5.3584  1.3733  0.7691  6.899  3.6525  32.7211  
trainID = 823  6.1544  6.7603  0.83  12.7688  1.2692  6.5728  3.2922  4.9054  4.7135  36.9757  1.5297  2.438  0.253  6.6454  0.6381  0.6284  16.5775  1.5093  32.3309  3.3615  4.3219  12.9852  1.8372  2.9178  0.3912  11.7649  9.6405  6.8757  2.8706  6.9724  3.6533  1.1245  8.9714  4.15  5.6238  3.7624  0.0351  1.1297  2.3169  4.5029  33.8471  
trainID = 841  3.6048  4.4724  1.764  10.2179  1.1682  4.14  1.0192  1.6042  0.7834  38.1079  31.3899  0.4239  4.7323  1.1712  10.1806  2.1872  8.1092  3.2484  2.3498  8.0446  2.7904  0.3889  2.7198  4.3945  7.6911  7.6018  1.001  4.6263  5.3181  0.3885  4.615  3.7882  1.328  2.1884  2.8088  0.1116  1.9088  1.6376  2.366  0.192  2.9976  
trainID = 848  2.3323  0.2139  0.518  2.4252  0.0642  2.8839  0.298  0.4269  1.776  0.331  1.8993  4.2938  0.8487  2.2854  7.0002  3.8381  0.3613  3.7125  1.9135  1.999  4.1029  0.718  0.7372  11.6838  2.5487  7.5758  1.5805  5.8656  1.5718  0.3895  2.0737  1.4467  3.3807  1.5888  1.9418  3.069  1.6353  2.4245  1.8113  0.314  2.8452  
trainID = 849  4.3847  2.4803  1.1016  5.7702  0.3234  5.4747  3.1082  2.4593  0.2313  4.5851  1.704  0.616  5.0146  1.1608  1.4599  5.8424  3.9307  2.2481  1.3859  2.9979  7.5936  2.6403  1.8418  0.1941  13.71  5.1495  0.7623  0.2126  5.6808  3.5739  0.2344  6.0999  3.2812  3.5305  3.4274  0.5942  1.7626  3.6795  0.5657  2.058  0.774  0.2283  
trainID = 865  5.2468  5.8404  0.907  9.1356  2.3477  2.1255  2.7507  1.0403  1.2142  34.9101  2.0305  0.511  0.433  2.3376  1.2732  2.9095  10.3615  5.8786  6.8924  0.5  1.6636  6.2089  1.3403  1.7642  1.6247  8.4056  5.593  6.0783  0.8961  4.7654  2.8499  3.5755  5.5585  3.8153  5.0847  2.8294  0.329  0.6604  2.0811  2.799  1.1563  0.217  2.5398  
trainID = 921  2.7635  6.3018  1.55  9.4783  1.7646  4.5384  2.8451  1.1935  0.4879  34.3734  2.7857  0.694  0.493  3.6837  3.5755  1.4694  9.5678  5.668  7.3326  1.1446  0.9123  5.9147  0.3388  1.6693  3.8488  9.5341  4.6531  6.8429  1.0225  3.7773  2.5981  0.5645  2.7228  4.823  2.7611  3.6554  1.3385  0.1966  3.085  1.2131  1.7189  1.55  2.2825  
trainID = 924  6.6795  5.6083  1.3638  9.2859  0.3375  4.5608  2.871  4.8744  1.2422  36.4876  2.5938  1.145  0.972  6.4239  1.8709  2.9911  13.2939  8.4711  11.4637  1.1594  2.9915  9.336  1.1926  5.2271  1.6226  14.0573  7.7459  3.4432  0.072  5.331  0.9944  2.0275  9.7884  4.2726  5.1106  3.4284  2.2099  2.5616  3.5911  4.2877  31.9801  
trainID = 977  6.1975  8.0993  2.1907  13.913  4.0154  5.5719  1.8607  2.9554  4.275  39.2122  33.4999  0.4734  3.6752  2.3614  26.2084  8.4956  10.0012  3.5098  0.8616  12.3754  3.8652  4.6991  2.6868  9.5889  8.2727  11.9596  0.6658  3.6094  2.8668  0.6625  7.4364  6.2501  3.3093  4.8164  3.7747  2.3637  4.798  3.9774  0.275  1.977  3.1747  
trainID = 988  2.4589  4.8018  0.173  7.1015  0.7231  2.6216  1.3034  3.9712  1.3766  36.2322  0.4187  0.862  1.203  2.3611  1.7738  1.3239  5.9265  6.3613  6.5511  0.9957  1.1071  5.5584  0.4361  3.3721  0.3506  7.7296  7.5807  6.6935  1.536  4.1636  4.8965  0.4405  4.3356  4.4447  4.7999  3.3464  0.0864  1.1514  2.5021  0.7669  0.423  0.147  3.9849  
trainID = 1018  7.3464  4.3335  0.386  11.8989  0.1842  4.8497  2.7226  5.7552  2.6495  35.6405  2.0658  0.119  1.754  4.8798  2.5506  2.2289  14.4753  9.3564  19.83  2.5647  2.0717  10.1382  4.6995  1.3212  2.1418  12.0462  7.7315  5.7174  2.9915  6.6198  2.7085  0.7345  7.8434  5.8106  3.4496  4.0484  0.3883  2.3566  5.066  5.2685  31.7831  
trainID = 1045  0.3083  2.1469  1.3369  0.3943  0.5664  1.9181  0.0702  2.6148  1.3749  2.8554  2.147  1.9732  0.4516  1.8126  1.2047  0.8916  5.188  1.6039  0.5526  0.3742  1.9769  1.685  0.4825  0.0491  2.7205  0.3217  1.0808  2.3145  0.4599  0.0171  0.304  1.1266  0.6017  0.4588  0.6639  0.3127  4.5104  4.0106  1.0428  0.9586  1.4512  0.853  1.092  
trainID = 1048  3.7674  4.7163  0.352  6.9326  0.392  3.8824  1.8954  0.9556  0.8773  34.8991  0.1451  2.146  0.319  1.6577  0.8244  0.3113  6.7057  6.9495  8.3844  2.672  0.3723  7.3564  1.5143  4.0051  0.7658  4.6631  8.2557  6.9066  0.3682  1.8407  3.4038  1.4575  3.1879  2.2309  4.3093  3.7284  3.057  0.5416  2.4033  1.2046  0.026  0.521  2.6136  
trainID = 1049  2.278  1.7778  0.324  2.659  2.6054  3.8868  2.8612  1.3552  1.1677  2.9076  2.9983  2.6795  0.3963  3.3169  2.948  1.1198  0.1087  0.0339  4.074  1.8516  2.6108  0.515  1.0138  0.8558  0.452  6.2417  1.2719  5.8446  0.4482  0.3561  1.2239  3.0975  3.349  0.7766  2.1475  0.8955  3.7855  0.5309  3.1801  2.3549  0.977  0.144  1.3256  
trainID = 1053  3.4659  3.9385  1.04  7.4634  0.1154  2.6764  3.2365  0.4174  1.0117  2.766  1.8238  1.14  1.734  1.7006  1.5287  0.0065  6.5791  1.0182  3.8787  3.5585  0.9262  5.3287  0.9397  1.1539  1.3167  4.8156  6.8536  6.1679  2.6362  3.6947  4.2526  0.5855  3.829  5.7891  0.0133  3.3444  2.1961  1.2862  3.7517  2.747  2.159  0.936  2.4352  
trainID = 1063  5.9536  4.0089  0.497  8.1119  8.1706  4.6202  1.0004  1.777  2.1465  35.3278  4.0543  1.773  0.775  5.2034  1.0257  1.1639  7.8369  0.0944  16.2031  0.7715  4.3803  9.0305  2.9785  3.6021  0.4954  17.2087  7.7916  2.7844  4.4265  5.3261  1.9729  2.6535  6.9891  5.8586  6.9014  2.4024  1.3293  0.5173  2.4971  4.5429  33.3571  
trainID = 1072  1.7207  0.109  0.873  0.1227  2.7406  0.948  0.8682  1.6953  2.5179  1.4919  2.432  1.477  3.3118  3.6797  0.3411  3.9658  3.9795  4.1836  1.615  0.2498  2.7638  1.5828  1.8083  0.5965  8.3121  7.925  7.1648  0.764  3.13  3.5684  1.9615  2.4549  0.822  2.4936  3.3073  4.3451  4.732  1.1702  1.0013  0.716  0.187  2.3068  
trainID = 1086  6.0098  4.869  0.44  7.486  0.9788  1.962  1.9276  1.8237  1.0699  36.0833  0.5321  0.923  0.861  2.4842  0.6466  0.4907  7.1314  5.5436  5.2429  2.7826  2.7155  8.1003  2.194  3.2453  2.9888  1.3722  6.1005  4.1181  2.4751  0.0665  4.5261  4.028  0.1975  3.7198  3.5214  0.3851  0.0687  0.1153  1.3186  2.6383  2.7375  0.318  1.411  2.5962  
trainID = 1106  1.7626  0.493  1.1133  4.0322  1.7193  2.528  1.6882  1.698  0.748  1.272  1.6921  0.792  3.2185  1.6363  1.5749  0.3566  3.7459  3.1294  0.5521  1.0269  2.3691  5.4561  0.3934  1.3901  0.7207  6.6088  1.7288  0.7456  1.5798  5.9405  1.6126  2.0495  3.4933  1.9914  2.4326  1.0083  1.2023  1.9176  2.4803  1.0099  1.3208  0.354  3.0262  
trainID = 1117  4.8255  8.8263  1.3433  12.8782  0.1999  5.1314  2.5565  2.5069  3.5626  37.5809  33.2069  2.5609  3.8034  1.3505  28.3128  0.5156  14.4452  3.4621  2.0849  11.4054  4.738  0.5197  4.0318  10.5705  9.1483  10.5918  0.155  3.1199  3.0663  0.273  5.966  5.4861  3.379  5.3304  2.7114  1.8478  3.2745  4.6198  1.103  2.584  3.0416  
trainID = 1133  3.2026  7.0106  1.4177  6.8162  0.6073  3.2451  1.1092  2.8546  1.6032  1.0834  1.318  0.713  1.5754  2.0716  1.6554  7.1726  2.9011  5.2332  4.2139  0.0391  5.3071  0.8675  2.2226  0.2143  5.8633  4.8518  4.482  0.0442  2.9811  4.2488  2.2855  1.5605  3.7675  1.1387  1.7761  1.0117  0.8467  4.339  3.6133  0.436  0.191  1.8216  
trainID = 1148  3.782  3.5053  1.988  6.3972  0.6197  2.8854  0.141  1.1574  0.3378  34.3835  0.3208  2.278  0.441  0.4505  2.6297  1.4653  6.8737  1.8633  5.4103  0.9593  0.3323  7.7445  1.8666  1.2116  0.4918  4.7085  6.9617  8.2137  1.4995  2.9071  5.7375  1.5259  3.1701  2.8554  0.6889  0.7681  1.208  0.0833  3.6918  3.3664  2.2334  2.0072  1.665  
trainID = 1183  1.6533  3.0685  0.514  2.4292  0.908  2.2124  1.7952  0.5926  2.1129  0.9069  1.515  2.408  0.9429  2.7938  0.5783  0.2217  2.1261  1.0831  1.037  3.1462  0.7641  3.1741  2.3137  2.1251  0.3088  0.1595  0.6128  0.1673  2.4615  0.5969  0.6965  0.5556  1.1507  1.0821  0.0972  3.1763  2.5256  0.022  0.5802  0.469  0.6977  2.7736  
trainID = 1194  4.5783  4.6686  1.107  5.2341  2.7919  2.7354  0.6379  1.6134  1.1824  3.462  2.5373  0.96  0.929  1.0616  5.334  0.832  5.4076  0.1102  2.375  2.5706  0.9128  2.2213  0.1346  1.3641  2.1438  3.9813  6.358  7.071  0.9849  2.4667  4.0733  1.6548  0.7917  2.9912  0.4353  1.132  1.5177  0.3306  1.6151  1.0582  0.197  0.255  2.1365  
trainID = 1228  4.0627  5.2435  0.146  9.273  2.0534  2.8485  0.3943  2.5448  3.8755  39.3645  32.2229  2.7869  1.81  0.1181  7.0971  4.867  8.0843  2.1909  0.6371  7.8783  0.5835  3.1451  1.4426  8.5546  7.2066  7.8598  1.1092  4.1458  3.3864  0.7466  4.2387  4.9763  1.9739  2.0704  2.4359  0.772  2.0952  2.4806  0.025  0.325  3.0174  
trainID = 1237  6.3759  8.2313  0.765  13.3925  0.8444  6.7689  3.1454  2.8962  2.9981  35.4459  32.4699  2.2877  2.5794  1.6654  31.6623  12.1126  22.7754  5.3517  4.2252  12.0206  2.791  0.4164  4.3441  2.7948  11.7494  9.6049  8.4449  1.4885  3.6633  4.0762  0.4542  8.0774  5.4733  3.9946  2.0934  1.7848  2.3906  4.953  3.3686  0.044  3.696  1.5959  
trainID = 1244  1.5253  1.0522  2.4968  0.9206  3.502  0.202  2.3022  2.7304  0.2446  1.221  3.2823  4.5236  2.7714  0.6504  5.9242  1.6088  1.1184  2.3475  1.0116  1.0433  4.1509  1.6597  1.76  4.0338  2.0847  1.4443  3.6882  0.8589  7.7761  1.0308  0.4109  3.1378  1.6315  0.389  2.0643  0.1404  1.8468  3.4687  1.786  1.1356  0.4484  1.44  0.8284  2.0462  
trainID = 1254  2.5115  3.0797  2.431  5.5843  0.4433  3.4926  0.2907  1.6276  2.7949  2.4756  0.645  1.161  1.195  4.1263  0.5582  1.2331  2.0018  0.042  0.0196  1.291  2.8446  1.7024  2.9996  1.2699  0.8054  1.7608  7.5752  2.532  0.4253  3.7595  0.8915  0.5021  3.0348  1.1386  0.9856  1.2758  0.962  1.2591  0.6283  0.846  0.771  2.1459  
trainID = 1284  0.5195  0.06  0.713  2.1169  1.4409  4.6382  3.1732  0.4312  0.6127  2.0535  1.494  0.732  2.6278  2.8234  2.8001  0.4154  2.2821  2.2507  1.184  1.9266  2.8213  1.228  2.7405  2.1629  1.8193  9.2703  0.993  2.4077  0.0382  4.7613  1.6232  1.3065  1.8696  3.1188  3.1205  0.3427  3.2502  1.1709  3.3421  0.4833  0.362  0.167  0.3562  
trainID = 1297  1.6005  4.3549  1.4638  4.3939  0.4209  4.197  0.0412  0.1109  0.2761  1.181  3.1769  0.72  1.158  0.3566  2.3901  2.5914  0.5546  2.9973  2.7267  0.9993  0.4229  3.7908  0.5451  4.1971  2.1218  4.6917  1.7911  5.8887  0.189  2.9936  2.6983  0.6025  1.814  4.167  2.2142  1.5734  0.2807  0.6932  1.5746  2.4013  1.079  1.569  4.1532  
trainID = 1338  6.7294  6.5735  0.216  9.296  2.1483  5.3653  1.356  3.1871  1.828  34.3743  0.3822  1.377  0.656  5.0033  2.8142  1.385  12.8302  11.0122  13.2138  3.3937  2.9075  9.5554  1.3635  1.7873  0.6932  7.9903  7.5488  7.1857  0.1847  3.6045  4.8259  1.5405  5.4748  6.184  3.937  1.5861  0.4693  2.5846  1.5836  3.8362  0.254  2.264  0.5049  
trainID = 1375  3.396  3.591  1.345  8.9411  0.8482  1.689  0.0455  0.6039  0.0399  3.311  1.2266  0.189  1.218  0.9642  5.0097  1.8199  0.9643  0.0697  2.5707  1.466  0.2093  5.0635  1.3199  1.8663  1.936  0.0242  2.911  8.0943  3.2872  2.259  3.9248  0.172  1.3633  2.6733  1.6519  0.1908  4.4816  1.241  0.9505  2.2315  0.609  0.06  3.7229  
trainID = 1414  3.1727  2.7148  0.179  6.2374  3.8041  3.2348  1.464  0.6909  1.9245  4.067  1.319  1.628  6.9047  0.2777  2.2345  4.816  5.6196  4.9424  0.427  1.8261  4.7156  2.321  1.6821  1.7211  0.909  12.7852  8.2953  2.1375  0.0047  4.3718  1.4854  0.3915  5.194  4.506  4.6558  1.8654  3.4083  1.3936  4.02  2.8806  1.874  1.333  2.8038  
trainID = 1436  0.8782  1.1922  0.39  3.0828  0.897  0.864  1.8312  2.3184  2.3549  0.3384  0.748  1.035  3.5386  7.5646  0.2429  2.9453  4.6539  3.3186  2.589  1.0623  3.5802  2.283  3.6578  1.4731  2.5099  17.196  14.909  9.5493  1.8159  8.3151  4.3527  1.3555  1.6916  0.4644  1.2677  0.8879  2.9435  3.5579  2.179  3.6803  1.6207  1.835  0.5074  
trainID = 1473  0.6436  2.0437  0.595  2.1813  2.4733  4.5307  1.4872  3.3331  1.0143  0.0285  2.45  1.624  1.1383  4.1397  3.4719  2.0141  3.7953  4.7999  0.8344  1.6864  1.2528  0.427  3.9935  2.8433  1.3982  9.4297  0.1896  7.5703  0.2284  0.3901  0.8079  0.77  1.1941  0.9715  3.628  0.7691  2.417  1.7402  1.1675  1.2276  0.423  0.295  1.2897  
trainID = 1500  3.2439  2.373  2.3662  5.751  0.8602  3.7602  0.8435  0.336  0.9872  3.463  2.5677  2.7799  2.0988  3.8553  1.1549  0.1827  6.8745  4.3332  3.3237  0.6519  1.6851  5.2625  0.8586  2.5471  1.4658  5.8007  2.6266  0.9334  0.4565  5.3839  1.9572  1.5965  2.8559  3.434  4.3973  0.5487  1.2859  0.7437  2.11  1.8683  0.283  1.1536  3.3938  
trainID = 1520  4.4389  6.5864  1.06  6.9805  3.3067  3.4344  1.6356  3.0392  2.6016  36.2354  33.7799  4.0083  4.0422  2.3912  7.3842  4.1656  8.8103  2.1683  1.8629  7.9956  2.4013  5.8331  5.0248  6.4412  6.869  8.5848  0.5485  1.8997  4.6179  0.9935  4.1256  6.2762  2.7925  3.1444  0.8024  0.4453  2.6053  0.9024  0.558  1.661  1.6253  
trainID = 1529  1.8254  2.0475  0.273  1.1047  1.2592  1.7261  1.4282  2.5538  2.1179  1.4286  4.544  1.571  1.5476  4.8207  2.2926  1.2427  3.2563  5.8498  4.518  3.3642  0.8088  1.803  2.2416  1.6313  1.4395  8.5481  1.1846  9.6456  1.7532  0.9458  2.7431  1.2245  1.3027  0.1885  2.8712  1.1414  2.2842  1.5943  0.9035  0.2311  1.901  0.253  1.2295  
trainID = 1559  5.1873  6.3195  1.4998  12.2454  0.6326  6.5077  2.7414  2.5235  2.6988  37.5816  2.1558  1.079  1.174  1.3621  2.9257  1.9825  17.2624  13.1916  13.6113  2.2108  1.9284  12.6546  0.476  4.6151  3.6038  8.8842  7.9122  5.3197  0.8863  4.9249  2.5275  0.8835  7.211  3.8876  4.7941  3.7674  2.8393  0.3221  3.794  4.4438  0.768  0.456  2.2632  
trainID = 1568  0.2735  0.7668  1.171  1.9516  2.3739  0.052  3.9772  1.4446  3.8489  1.4947  2.509  3.6054  1.9771  8.9664  1.8868  4.6872  5.6731  1.5749  1.5001  1.3155  1.9732  0.128  3.5491  1.087  1.7465  8.1433  5.7807  10.3652  0.859  0.5067  3.1659  2.3175  0.3492  1.093  2.5076  1.499  4.6713  0.117  1.4407  1.0965  0.874  0.04  1.451  
trainID = 1569  2.347  7.2082  0.666  8.0639  3.7426  2.3741  1.5272  1.6917  1.0166  36.5793  33.9409  1.8819  5.5434  1.5726  7.3343  3.3156  7.5339  3.2558  0.1028  7.3183  4.6418  1.4467  2.9048  3.3863  7.3184  10.0061  0.5098  2.485  5.0472  0.9694  3.2202  3.896  0.0678  1.2573  2.1437  0.2026  2.8909  2.3581  1.841  0.657  4.5491  
trainID = 1608  7.1803  5.9763  0.248  4.9518  1.4748  3.6377  1.8432  0.971  2.4961  2.6725  1.934  0.47  0.9561  0.2514  4.448  6.5294  3.0569  4.9059  2.4248  0.5939  3.7675  2.519  0.9282  2.1  0.3615  9.6249  5.8524  3.6234  1.6543  5.8856  0.4388  1.4235  5.1581  3.8051  3.2769  1.9654  0.2943  0.2028  1.4128  2.2995  0.329  0.189  2.569  
trainID = 1636  4.4946  1.216  1.6953  2.8415  2.0195  2.7894  0.4328  0.1718  1.2309  4.6879  0.137  3.8719  3.4344  0.2996  2.6156  3.2017  2.1447  0.9358  0.4191  2.1852  5.0245  0.9828  0.1234  0.5106  10.608  4.5235  4.9025  0.2699  8.3713  0.9645  2.5035  5.0311  2.4862  4.4643  0.1479  0.9484  1.5136  3.1026  3.0428  0.257  1.041  0.665  
trainID = 1664  0.9599  0.2914  0.249  3.886  2.4476  2.1387  2.4512  0.5706  0.2801  1.5396  1.228  1.562  3.1151  1.3106  2.9157  1.1244  0.2729  3.1717  0.4843  0.5629  5.0225  2.015  0.4234  1.0304  1.2681  7.4537  2.902  1.0934  0.9043  4.4186  1.7446  2.0545  4.3517  2.9117  1.2835  0.5779  1.2012  2.0254  3.6261  1.4671  1.029  1.092  1.5569  
trainID = 1687  2.7163  2.4166  0.51  6.9705  3.9551  3.5919  1.0956  2.437  2.0439  2.013  3.2703  1.608  2.5812  5.5342  2.1892  4.2623  6.1601  0.7442  10.7738  2.3105  4.3964  9.7539  1.414  1.8098  2.4347  2.2896  14.9213  8.8348  1.315  2.0203  7.2556  2.0998  3.7485  6.3255  3.4026  4.1542  3.5514  0.7348  0.6309  5.59  3.8609  
trainID = 1714  1.0755  3.9655  0.731  0.335  1.2207  2.9103  1.7712  0.9148  2.4649  1.625  1.68  0.046  0.8144  4.6301  3.0091  0.1647  0.5474  0.1911  1.3759  1.176  0.7335  1.051  1.0551  2.0415  2.4149  0.2159  4.7737  1.0387  0.2401  0.6469  0.1014  2.2475  1.0853  0.6555  1.1751  1.2054  2.8682  0.2427  0.2056  2.5902  1.6395  0.109  0.8424  
trainID = 1721  2.5898  1.087  1.4465  0.6515  3.2279  3.7243  0.2112  0.0073  2.5879  2.775  2.9866  1.346  1.432  3.572  3.0806  2.3302  3.6436  1.3953  2.9683  0.187  4.3836  3.7931  0.158  0.4823  1.5152  0.5437  13.7956  1.3694  4.9445  2.3225  5.2165  0.7978  3.3765  6.9692  1.5818  2.6006  0.6435  5.4505  2.0818  1.6465  0.9961  0.435  3.109  1.6556  
trainID = 1726  3.9451  6.184  0.462  11.9047  0.4148  4.29  1.6361  1.8725  2.0499  35.7089  2.3693  3.6571  3.523  4.2004  3.1089  1.5202  10.837  11.1257  9.8914  3.9998  0.7219  8.8253  0.1694  4.0341  0.069  8.228  4.9664  8.4401  0.3239  2.4698  4.5929  0.2554  6.3316  3.3375  2.9653  4.7014  1.9864  1.5986  4.351  2.4245  2.233  2.225  1.1471  
trainID = 1729  4.5024  6.952  0.756  10.6097  3.5672  3.6457  3.4535  3.909  1.032  35.555  34.1929  1.5966  3.1589  0.9247  16.7705  1.2788  7.9634  4.9209  0.3454  7.7778  1.8785  4.4831  3.4678  5.6884  8.965  9.4847  1.7584  1.4643  4.9399  1.1765  3.7217  6.1967  0.6495  4.0454  2.9657  1.9547  3.3121  6.3905  1.904  0.177  1.3782  
trainID = 1779  5.3199  7.1711  0.928  7.4348  1.2178  2.1984  3.3309  1.7183  1.1302  33.845  0.8265  1.568  1.027  2.8525  2.6311  2.4392  7.1844  3.6482  8.69  2.0274  1.9242  7.0955  0.351  2.6414  1.8498  7.222  7.3586  7.3568  0.3807  3.4706  3.2905  2.3395  2.9176  5.59  3.6559  3.0014  0.6851  0.9797  4.588  3.0085  0.27  0.54  3.662  
trainID = 1797  1.2453  5.163  0.865  5.7432  3.167  4.9924  2.4411  2.0127  0.9781  4.239  1.284  0.002  4.7602  1.7506  3.7874  5.7688  1.3813  5.3898  1.9944  1.7581  5.5952  3.2663  3.033  1.8608  6.9486  6.7704  3.4602  1.6195  2.6936  2.3998  0.4565  2.6938  4.2493  1.7676  2.1784  1.6336  0.3092  3.2463  3.8331  2.6146  0.9599  1.5496  
trainID = 1824  3.5467  8.3703  0.142  11.4689  4.7371  1.1753  3.3565  4.5882  2.2153  37.5104  32.8289  1.697  2.382  0.3551  22.7297  0.708  10.2088  5.2565  0.3875  12.1533  1.882  3.0666  2.7718  10.9237  8.6637  12.9427  1.7148  5.1059  3.8924  2.2545  6.4638  5.8915  1.7065  3.2664  5.2171  3.1231  3.774  4.0519  0.876  1.654  1.2573  
trainID = 1834  0.7372  4.5968  0.973  4.4762  0.913  1.3379  1.9592  1.0758  0.966  4.3001  2.8806  0.267  3.1501  1.375  1.8287  4.2063  0.7305  1.7902  0.1337  0.2456  3.3768  1.279  1.2264  2.0239  1.0799  4.9658  4.6582  5.8593  1.8189  1.7357  1.9703  0.1095  4.5189  4.7852  3.5445  0.1133  1.1174  3.132  1.2326  0.9831  0.67  0.21  1.9847  
trainID = 1875  0.129  1.223  1.518  1.9574  2.2763  2.1004  2.2152  0.2158  4.0619  0.8519  0.503  0.71  0.7346  0.3339  0.2233  1.7045  3.0482  1.4204  1.432  0.4325  1.0501  2.815  0.7365  0.9463  1.4833  4.5977  1.2678  5.3825  1.2962  3.0585  2.03  1.4255  0.9459  2.1898  1.1946  0.0498  1.4308  2.6323  1.6996  2.9288  0.222  0.53  3.1244  
trainID = 1905  2.8491  0.0574  2.377  1.8915  0.5642  1.3159  2.8712  2.0525  1.3329  1.2727  1.979  0.121  5.5056  6.8964  1.1251  4.5526  5.656  5.3568  2.001  2.4409  0.8314  0.819  0.1124  0.1157  2.8733  12.1644  13.2019  12.3863  2.0907  5.5822  6.7881  5.3475  1.23  3.028  1.4669  1.1541  3.9746  4.4042  0.8339  2.4298  1.5518  0.9117  0.185  
trainID = 1929  3.0002  3.6133  0.004  0.9007  0.8051  0.432  0.0158  2.1663  0.612  0.7834  1.178  0.143  1.4611  2.2946  2.0447  0.2355  2.3844  0.1257  0.563  0.2371  0.4465  2.5995  0.4736  0.4492  3.4595  0.3281  3.9692  0.5211  2.0266  1.8103  1.8123  0.6842  0.7572  1.2336  0.0617  1.2288  2.8863  1.105  1.7855  2.6757  1.5436  2.8277  
trainID = 1931  4.1447  2.5466  0.722  7.0324  1.8952  5.9063  0.2704  3.1062  0.4568  2.879  3.0436  2.405  0.144  4.1048  0.1813  2.5508  5.6197  3.0454  6.7146  1.6935  1.6228  6.7701  0.0286  1.9144  0.7057  13.8176  5.9517  3.5539  1.9073  4.2486  0.3555  1.4735  6.8154  2.3166  3.2883  2.6274  1.1555  1.7096  3.3906  1.7986  0.16  1.621  1.3153  
trainID = 1935  1.2358  2.2742  2.8254  3.4489  2.8165  3.7768  1.3052  2.2964  0.1567  2.0953  3.4045  2.1243  3.8979  2.6577  2.9281  2.3058  1.351  0.8756  0.5225  0.791  5.0275  0.9376  1.5684  0.7903  11.799  3.9796  1.9037  0.6352  4.6329  2.3746  3.6445  3.3726  3.2918  5.1367  1.6085  2.3713  1.1895  1.7107  1.7594  0.748  1.765  0.5155  
trainID = 1951  6.0213  5.2443  1.457  12.3538  0.022  5.3617  2.9407  2.4985  2.6451  39.164  31.6409  2.1407  1.7129  0.1321  13.1548  6.7415  11.0561  1.7201  1.7182  12.3251  2.3722  5.1871  1.0144  7.1491  9.1928  8.5233  1.8698  2.3143  3.8868  2.7935  7.0352  6.3523  1.7737  2.8984  1.449  1.2431  3.7568  5.6256  1.638  0.644  2.8484  
trainID = 1962  5.4954  6.163  1.2141  9.7999  0.7144  5.0574  2.6766  3.308  3.3036  33.4211  0.0206  4.7224  0.943  5.4761  0.5075  4.2571  12.0428  0.8063  23.8268  1.3813  3.3216  10.6871  3.0068  3.2331  1.8818  12.5599  7.9503  4.5544  3.3732  5.3337  2.8787  1.0543  7.0176  5.0643  4.1585  3.6934  1.3961  1.7776  5.295  4.0082  34.2401  
trainID = 1965  2.7887  1.4186  1.7192  2.8324  0.3107  2.3705  0.7067  0.547  1.2939  2.1644  3.9344  1.417  3.1249  0.0363  3.0061  3.8963  0.2619  0.0181  1.049  1.9095  3.6354  1.417  1.6991  0.3258  0.6611  5.778  0.9073  2.3144  0.607  1.6813  0.4995  3.2985  0.8219  4.9652  1.6419  0.3318  2.459  0.0748  1.7224  0.4214  0.146  0.727  3.5224  
trainID = 1974  4.339  6.0716  1.1373  7.1525  0.4449  4.8469  1.5061  2.2459  2.5576  35.8806  2.283  0.54  2.642  3.4975  0.8815  1.8435  6.6371  6.0912  6.6749  2.5  2.4284  7.5753  1.6834  1.9218  0.9435  6.1148  7.7294  6.8537  0.9861  2.8243  5.5522  0.1355  4.096  3.8252  0.2557  3.7604  0.44  1.3304  3.3337  1.8682  1.1182  0.217  3.4909  
trainID = 2028  1.4215  0.9553  0.351  0.4962  2.674  0.163  0.7852  1.4288  2.4309  5.7049  2.7198  0.977  0.8057  4.2857  2.3611  3.4973  3.4881  0.0504  1.854  2.7985  2.2777  1.373  4.8132  0.4973  4.8657  11.1714  0.4932  9.1839  4.5088  2.5011  1.366  1.0337  1.3702  1.3085  6.0801  3.4934  3.1316  3.1527  3.353  0.163  2.2052  
trainID = 2049  0.657  4.9976  2.051  3.5829  1.3436  1.7486  0.2978  1.2888  1.7067  0.923  0.0501  1.438  1.099  0.2363  2.5032  0.8695  2.579  0.9714  0.6372  1.019  1.8483  3.5933  0.454  1.0815  0.5881  2.2176  2.3962  1.684  2.956  1.9013  2.4847  2.8235  0.2896  2.2432  0.0246  2.1204  0.433  0.6185  1.5398  0.6261  0.796  0.717  1.5714  
trainID = 2056  3.2212  1.6822  0.641  4.1224  2.0585  1.0233  0.5104  0.7873  0.2559  2.5796  1.804  0.459  1.9462  3.8845  1.2954  3.446  1.5062  3.5031  0.7472  2.2774  2.4734  0.3728  0.5431  0.8399  6.5082  3.2342  3.4074  0.2045  2.9334  0.7855  1.0095  0.7523  3.8081  2.1728  4.6314  0.5686  1.6796  1.7613  0.607  0.296  1.4566  1.6853  
trainID = 2065  1.0793  4.8018  1.763  5.6835  3.1855  2.4009  1.1582  1.8926  2.8303  3.492  33.3329  1.2962  4.6245  0.9055  2.9898  0.1342  0.201  0.6644  0.0597  4.39  1.5343  3.5571  0.8965  0.5248  4.8774  8.8429  1.9544  1.6198  6.6643  1.174  1.2589  3.9595  1.7557  1.5275  1.7243  2.6916  0.2871  1.919  0.649  1.5665  3.994  
trainID = 2095  5.2793  2.9786  0.693  4.1322  0.7035  2.6921  0.1662  0.4098  1.2938  0.6734  2.352  0.098  0.4649  1.0229  0.5538  3.7797  2.4194  2.6479  2.5175  2.3002  4.6967  0.5411  2.2208  2.7968  7.4552  3.6202  2.1556  3.4488  0.785  5.6086  1.3633  3.2458  4.2636  2.9417  0.9928  0.6976  1.8795  2.8004  1.2554  2.433  2.494  3.276  
trainID = 2108  4.331  4.7147  0.093  9.0048  2.2599  5.8092  2.1802  0.708  3.6206  34.4839  1.9198  0.673  0.893  5.3345  1.8405  1.7881  10.1268  10.8002  9.3342  1.6367  2.123  10.0081  1.9712  2.1986  0.8476  9.266  9.0524  4.9538  1.9606  5.9087  1.4097  1.0085  4.356  4.2397  2.3957  4.2754  0.7032  1.3146  2.7469  3.9107  0.789  0.308  2.1674  
trainID = 2124  5.0354  4.5543  2.08  6.7956  1.9902  3.6459  3.4699  0.6801  0.1512  36.9281  1.1007  0.284  0.668  1.0537  2.6778  0.806  3.7238  0.006  2.2441  1.301  2.4101  3.837  1.7979  0.3507  0.9989  4.4829  7.7372  6.5925  3.1016  4.1965  5.3632  0.2345  1.4442  4.163  1.0238  4.0824  2.6488  0.159  1.2167  3.8738  1.3994  0.543  4.9864  
trainID = 2132  1.1555  0.5477  0.072  0.9037  2.3038  2.1003  0.5552  1.9407  2.0179  1.4066  3.4254  2.127  0.7982  7.6736  4.8337  3.7929  1.5497  2.2037  3.068  1.8542  0.0964  4.9908  1.3199  1.9073  11.5003  2.7228  9.709  1.2792  1.1115  1.4825  4.6705  1.6627  1.0094  0.9612  1.4778  4.9521  2.9533  1.1074  0.8049  1.557  1.23  0.8337  
trainID = 2140  6.4628  4.7242  1.186  7.4381  1.2911  5.7286  1.8  0.0217  2.067  36.4073  2.362  0.971  0.077  3.7515  0.9392  3.847  9.1057  7.4099  11.113  1.6375  1.9003  7.509  3.2559  4.7031  1.0296  11.2932  7.6351  2.3298  0.6735  3.2169  3.118  1.7115  6.1964  5.0164  6.5637  2.0084  1.1095  1.1504  3.897  3.8356  0.773  2.777  1.6524  
trainID = 2170  1.2266  3.1599  0.194  2.4928  1.6465  4.0456  2.5992  0.6372  0.8144  3.0757  0.14  1.401  1.2815  3.0214  1.3261  1.9855  2.3355  1.8018  2.212  0.5325  2.3604  1.122  1.0329  1.0598  0.7139  3.3616  1.2774  0.7361  0.9885  0.5802  0.0858  1.1745  0.7389  0.8081  1.4641  1.4178  0.4995  2.2667  0.6963  1.7096  1.9259  1.675  1.7351  
trainID = 2208  0.8438  0.5688  0.832  2.0412  2.1504  3.2479  0.3702  1.2863  0.5344  4.2799  1.761  3.4514  0.1365  2.3715  3.2127  0.119  0.3891  0.4239  2.0827  1.5048  0.3491  0.901  1.8971  0.259  0.6952  6.8197  0.2815  3.9968  0.0113  2.0148  0.559  2.4275  4.1356  1.0334  0.7353  1.7474  1.7013  0.0852  1.0185  2.0153  2.335  1.18  1.0982  
trainID = 2213  5.3645  2.2034  0.501  3.0349  2.708  5.8172  1.1312  1.1053  1.8405  0.81  4.4143  1.474  1.231  7.1712  1.7482  3.1406  5.5405  0.2648  5.5541  1.5582  2.8787  6.6942  1.8954  2.8796  1.5363  13.6632  5.223  1.1194  1.2792  5.2221  0.3911  1.5015  5.0202  3.2948  3.7042  5.7124  0.9857  2.0306  0.5912  2.5024  33.4381  
trainID = 2217  5.1818  1.8094  2.127  2.7774  2.4369  3.6889  1.1339  0.2248  0.9412  2.8439  0.644  0.65  3.5924  0.486  2.8097  2.0609  1.1049  3.6716  0.4821  1.1183  5.3148  0.4115  2.9607  0.4958  10.0645  3.9321  2.6484  1.4308  7.3871  0.1936  3.2245  5.4901  2.8883  2.3404  2.4594  1.1227  1.4156  3.0569  1.6169  0.757  0.09  1.6307  
trainID = 2243  0.4868  2.303  0.846  0.8328  0.5176  2.8477  1.8241  1.4727  3.4109  0.9971  1.863  0.669  1.0175  4.3047  0.4574  1.7311  0.2913  1.6167  0.5937  0.5777  1.0465  0.779  2.1338  0.5067  3.5186  0.3647  2.7384  2.7124  0.5836  1.0145  0.7514  2.8675  1.3008  0.6568  0.3166  1.3137  1.6895  1.606  0.3716  0.3408  0.902  0.099  2.4897  
trainID = 2249  0.758  2.4685  0.785  0.6965  2.0133  0.509  1.9602  0.2512  2.8119  0.1374  2.152  0.595  3.7937  4.3453  0.4456  1.5043  5.1577  3.0825  2.152  0.3021  2.3784  2.0877  0.0989  1.2782  8.1649  5.4892  2.0984  0.1918  5.6221  0.6708  1.7415  1.6214  1.0704  2.3431  1.2486  0.2107  3.3416  1.3573  2.3568  1.1492  0.863  2.5107  
trainID = 2263  3.2589  5.1156  0.546  6.1327  1.4443  3.2993  0.2199  0.2181  3.5318  1.49  0.1994  1.65  0.153  3.5532  2.0118  2.7714  3.1403  2.8338  4.38  0.9471  1.8652  4.1126  1.4492  2.8849  1.1829  5.9189  4.7587  4.4206  0.9787  2.3951  1.1365  1.1305  2.8971  1.4505  1.456  3.4904  0.4883  1.0648  3.8  2.382  1.6308  1.756  0.4299  
trainID = 2265  6.5579  2.9889  1.973  9.8595  3.5469  7.3154  3.1434  3.0321  2.7313  34.6417  1.8521  0.026  1.725  6.1258  0.5688  3.0063  9.9586  4.9672  12.7034  1.5732  3.5527  10.5186  2.9063  0.4818  1.8715  11.8864  6.1778  3.6611  3.7888  4.4536  2.3557  2.8985  4.3532  2.9028  5.1011  2.5664  1.4068  1.1566  3.935  3.9768  33.4411  
trainID = 2266  3.2238  8.2263  0.368  9.6333  0.2736  5.2774  3.4915  3.8292  1.632  35.8597  0.4751  0.445  0.003  4.0205  0.7346  1.8203  18.5157  15.793  16.4687  1.3656  0.8196  10.2746  2.7096  4.1691  3.2408  11.453  6.6662  6.7468  1.341  4.7759  2.3808  1.1572  5.048  5.0484  4.6366  3.8604  2.3757  1.003  4.906  3.7582  1.57  1.131  2.5654  
trainID = 2290  1.7429  5.2051  1.442  10.2413  0.1526  2.3748  0.9706  0.6198  0.5916  36.4802  33.3469  2.3133  2.2678  0.3499  8.5496  2.4899  5.729  1.1587  0.9759  7.2056  1.2871  2.9807  0.054  7.957  7.0526  7.4814  1.5205  1.9421  4.8049  0.6535  3.0603  5.7549  2.6827  0.4475  0.7328  0.0278  3.6923  4.576  0.411  0.894  2.9306  
trainID = 2297  5.798  2.7127  0.787  7.8064  2.6419  4.0686  2.5961  2.2887  1.3649  2.036  0.9855  2.403  1.148  3.3133  1.6454  3.3879  7.0859  1.3325  7.5039  0.3928  3.8822  9.5997  2.676  1.9796  0.5525  1.2357  13.2785  7.8297  2.5523  2.5131  4.2865  1.7731  0.1644  4.6476  3.9367  4.9173  2.7154  1.4453  2.6106  4.3  3.4213  32.7861  
trainID = 2311  3.8545  1.93  0.519  2.1018  1.8851  3.6143  0.1306  0.9543  2.4019  1.5341  2.149  0.596  3.0521  2.6607  3.688  0.6823  1.8749  1.6508  1.907  2.3845  5.0038  2.7957  0.7928  0.8148  8.6821  2.1216  1.3599  3.8875  4.2538  0.2328  2.3155  0.6685  1.9284  3.2271  0.0274  3.8739  1.0343  2.0948  0.6067  0.899  0.9244  0.4423  
trainID = 2332  3.1311  5.1298  2.139  8.0605  1.2454  3.0789  0.7657  2.9089  0.1187  35.9526  0.2373  1.338  0  3.1758  3.3252  0.2894  9.0186  6.5224  8.8523  2.9005  1.0315  6.5295  0.9211  1.8547  2.1288  7.5297  6.6859  7.6217  1.5859  1.6776  3.7364  0.7601  3.7811  5.9744  1.0691  1.3783  1.9775  2.2136  1.5841  2.5075  1.086  0.608  1.4094  
trainID = 2522  3.8359  6.287  2.168  6.9738  1.6178  3.8592  2.6692  0.283  1.0447  37.3803  31.4659  1.3595  4.7075  0.616  3.1308  2.9049  3.0305  3.4176  0.8714  4.5584  0.6271  3.0464  1.6544  5.7562  4.3903  8.204  1.7441  2.7948  6.9384  0.2227  0.5559  4.1489  0.4477  1.0209  1.8194  0.9803  1.4321  1.4096  0.009  0.557  0.8711  
trainID = 2553  7.375  3.7511  1.7486  4.4005  2.5074  5.6002  1.7598  1.1899  0.6261  3.3784  2.384  2.7505  7.0897  1.2115  4.3703  5.7345  1.5533  5.1642  1.1594  4.8938  9.625  1.668  3.9916  2.9009  1.9767  14.2045  6.7986  0.1277  1.4845  6.1901  1.3727  0.6615  5.9166  2.1234  2.9767  0.375  0.8331  0.8545  2.2713  2.9009  33.1331  
trainID = 2559  1.0553  1.0528  1.9785  1.5592  2.9773  6.5297  0.7319  2.6373  1.6069  0.93  4.0527  3.0621  1.48  0.8827  5.3506  3.6982  2.7808  2.8438  1.3805  0.2724  4.1929  1.5307  0.94  4.066  1.6844  3.2001  14.0734  0.6335  10.4373  2.521  1.7252  2.8493  1.6852  0.7637  4.8375  1.3146  0.2879  0.3001  0.045  1.176  1.2043  
trainID = 2580  0.8276  0.4832  2.7812  0.6953  2.4516  2.8147  1.3192  1.7072  0.5664  2.2973  0.393  1.585  0.0357  3.6943  2.715  1.9688  0.6284  3.2737  2.663  2.1061  0.2278  0.609  2.7565  0.8272  2.0969  5.206  3.0147  6.906  0.8368  2.0258  0.8297  1.1965  2.9365  1.8259  0.8692  0.7955  1.8137  1.563  0.5869  1.732  2.1313  0.556  1.3617  
trainID = 2599  4.3539  2.0591  2.4899  5.7732  1.3506  5.5877  0.3257  1.1558  2.3878  1.468  0.962  0.214  1.338  5.4277  1.4164  2.0992  6.3964  1.7812  3.5773  0.8439  2.5329  5.6659  0.776  0.1513  1.2314  0.1431  13.4014  4.8729  0.0879  1.268  2.2491  0.8993  1.1625  4.7306  4.2466  3.7607  5.3854  0.4776  0.2543  2.2919  2.6403  33.4601  
trainID = 2624  2.103  3.206  1.7559  5.5536  0.6454  3.3122  0.9547  3.137  1.3029  3.501  0.9061  0.169  0.446  0.3291  1.0438  1.7525  1.5278  1.5953  2.7375  0.71  1.0489  2.7982  1.1628  1.8279  0.6904  5.7499  3.4312  7.2127  2.6698  2.2711  3.3823  0.0825  2.4985  2.224  0.6581  0.424  1.1718  2.8026  0.5602  1.5645  0.418  0.292  3.4961  
trainID = 2633  0.7931  0.4825  1.563  0.3983  0.0471  0.711  2.1301  1.3556  3.4929  2.382  0.5802  1.32  1.092  0.846  1.2099  0.6211  1.1939  1.9908  0.8888  0.2275  1.2194  1.5603  1.685  1.9154  1.2198  2.2035  1.8458  0.6709  0.5178  2.2582  0.3235  0.8985  3.0515  0.0064  0.2083  0.7237  1.4935  0.6018  1.5749  1.978  0.7375  0.411  0.534  0.5904  
trainID = 2637  1.2493  3.2812  0.699  3.6247  1.0599  4.5023  1.0994  0.9884  0.0684  2.4055  0.358  2.0432  0.0831  2.266  2.587  0.1371  2.9247  3.514  2.7921  2.2133  5.5121  0.11  0.8964  1.6814  2.5803  4.1599  2.9976  0.8741  2.9837  0.0507  0.5415  1.0618  3.7155  2.2137  0.0776  0.4491  0.6349  1.9962  0.7462  1.036  0.567  4.2312  
trainID = 2714  3.1235  5.9484  1.205  10.7265  1.0919  6.0985  3.452  4.4443  4.3866  34.068  1.8025  1.455  1.7597  6.3014  2.195  1.5002  15.7735  11.67  14.0654  2.922  3.2621  11.1987  3.315  5.2611  2.9608  12.8167  8.3626  5.4242  1.9774  6.3186  0.7276  3.2755  6.2103  2.909  3.8525  5.7844  0.8931  2.9366  3.772  2.1193  30.6901  
trainID = 2716  3.7345  1.7694  0.18  4.564  0.6244  1.446  0.2728  1.9592  0.1638  1.3963  1.055  1.8198  3.2917  2.4898  1.1096  2.9707  3.2784  4.0682  0.4242  0.477  3.5414  0.6559  1.2168  0.1827  5.1566  3.1908  7.0709  0.0252  0.1632  4.8074  0.4155  3.6945  2.9132  0.2989  2.4924  0.2763  0.3546  1.7877  0.0684  1.783  0.565  2.595  
trainID = 2734  2.664  4.1619  1.092  6.1  0.0847  5.4941  3.9786  0.9823  0.6533  35.8284  0.0411  0.714  0.451  1.8876  4.3091  1.6207  6.4951  6.0181  4.5761  1.9062  0.9402  5.6081  0.1001  3.8771  1.9758  9.5752  6.4291  9.3027  0.3619  2.1375  3.7149  0.6428  2.1154  4.3886  4.0097  3.3224  0.7157  2.3206  3.1214  2.9032  1.055  0.596  2.431  
trainID = 2735  3.9658  5.4402  0.467  9.1496  0.6842  3.0297  2.2387  0.1184  0.7296  34.9273  2.6995  1.53  1.058  2.2041  1.6277  0.6123  3.9997  4.5171  5.5666  1.4211  0.4419  5.3408  0.9133  2.7711  1.22  4.4544  3.8092  7.6551  2.1026  2.3734  3.5244  2.0925  2.8936  3.572  0.1571  1.2481  0.6537  1.6364  1.2553  2.2917  1.9559  1.073  3.9786  
trainID = 2796  4.9108  3.8629  2.136  5.8747  2.629  3.2887  1.2471  0.3152  1.7184  3.375  2.217  1.685  2.0432  2.5835  1.6728  3.5291  0.7695  4.5518  1.2885  1.179  4.8956  0.2814  0.9626  0.3617  8.0436  3.6395  1.4164  0.3776  4.3862  0.74  2.1705  2.6495  4.9392  2.2289  0.2531  2.9843  0.3026  2.6186  0.1925  1.857  1.04  2.5732  
trainID = 2798  0.2154  2.5058  1.205  2.7706  0.3405  1.0316  1.9772  1.1479  0.2907  0.219  0.4169  0.976  0.125  0.3209  1.0097  1.4026  0.9491  0.985  0.0574  0.2611  1.1757  1.1035  1.592  0.8444  0.4905  0.083  0.841  1.2028  2.0629  0.5099  0.743  1.8364  0.7575  0.7748  0.0413  1.4539  0.4627  2.4914  2.6921  1.264  1.1914  0.691  0.391  3.1482  
trainID = 2804  2.2282  4.6276  1.877  9.1357  0.4793  5.0216  1.1887  1.611  0.9703  35.3988  2.6034  0.871  0.921  3.0658  3.5757  1.3285  8.0394  5.3807  8.8014  3.2671  0.2859  7.2422  1.8661  1.8544  0.1037  7.2029  5.989  6.4916  1.23  2.7469  2.1529  1.0855  4.6838  3.5128  4.2251  2.8634  0.0436  0.9937  6.287  0.9134  1.7183  1.269  1.3758  
trainID = 2809  1.7964  1.4082  0.745  0.4728  2.4176  2.8912  0.4063  1.0683  1.7339  1.9399  0.012  1.327  0.0766  2.8422  1.0542  3.2345  3.4166  1.8303  2.147  2.0797  0.7161  1.707  3.8903  0.0718  2.7231  2.8922  1.6793  4.5326  0.0839  1.4106  2.4372  0.5571  1.3228  0.9792  1.1592  0.6221  3.8574  1.311  1.1652  0.0364  2.3231  0.855  1.3242  
trainID = 2848  2.0553  1.2923  0.113  0.3152  0.0174  1.921  0.4286  2.755  2.2549  0.3927  5.1124  0.522  1.783  6.6703  2.6753  2.1345  2.8875  3.4908  1.3105  2.7005  0.646  0.704  3.1426  2.2623  0.4556  1.7576  4.5383  8.3115  1.7095  1.9114  1.3287  1.1275  1.072  1.0957  0.3835  1.1452  4.0957  2.6503  0.096  0.5518  0.5  2.0852  0.0201  
trainID = 2854  0.5297  2.5223  0.489  3.7882  2.8686  3.5779  2.008  1.5972  1.653  2.0708  3.7831  4.8241  0.8078  1.8327  3.9843  4.9912  0.1127  1.5601  0.4772  2.342  0.9429  0.2  0.2958  8.2449  3.5651  7.4742  0.398  8.7785  1.7426  1.4765  4.6702  0.357  3.9659  0.7042  0.0287  3.4115  1.3266  2.0095  3.7838  0.804  4.138  
trainID = 2877  0.4061  3.6298  0.63  4.8198  1.9961  3.3167  0.4102  0.0287  1.2729  1.264  1.227  0.117  0.726  1.2827  0.8216  1.4569  1.807  0.0954  2.3435  1.1011  1.0387  2.9041  0.9275  4.0091  0.83  3.3009  2.3177  3.1003  1.2585  0.1969  2.8342  1.2105  0.337  0.6547  2.2129  0.315  0.7834  2.5216  1.4916  1.129  0.636  1.167  6.4306  
trainID = 2883  3.6318  4.1304  0.518  6.4336  2.3414  2.7412  1.7974  0.5415  0.1916  36.2967  32.1769  2.3984  5.5985  0.0449  3.8595  2.1614  4.2054  3.7212  2.2585  6.098  2.1159  1.4566  0.8813  4.6228  5.8884  6.7141  1.8025  1.1025  5.0441  1.2355  4.1028  3.7033  2.9167  4.7084  2.3734  0.0132  1.2003  2.0292  1.3834  0.8494  3.354  
trainID = 2984  6.5811  5.3084  1.9826  5.4366  3.8275  5.153  3.8036  0.6447  0.761  0.075  3.8225  1.585  0.599  4.3424  1.8205  4.6531  6.4263  2.3601  7.4609  1.4184  4.8526  8.625  1.5487  2.0506  0.4446  10.9152  9.4026  0.8616  0.3454  3.9161  2.5954  0.7775  5.5257  4.7968  2.498  3.2764  0.2835  0.8822  5.963  2.5576  31.2811  
trainID = 2999  2.4146  3.2211  0.147  5.4529  2.4024  3.4126  2.8602  1.0792  0.0133  3.603  3.993  2.1378  3.7533  0.7482  2.7614  3.5953  2.6914  4.531  0.3342  0.6187  5.483  2.109  2.0248  0.4554  2.1822  8.9645  3.168  0.4193  2.3592  4.2162  1.2336  2.6145  4.012  3.7176  3.359  0.9002  0.9507  1.0865  1.7602  2.4794  0.351  0.277  1.7489  
TrainID = 2798  dbValue = 1.04663  nTestCell = 44  nTrainCell = 44  nDiff = 0  (X,Y) = (1645, 2015)  Position Error = 29.1548
TrainID = 2633  dbValue = 1.1717  nTestCell = 44  nTrainCell = 44  nDiff = 0  (X,Y) = (1635, 2015)  Position Error = 19.2354
TrainID = 1045  dbValue = 1.35535  nTestCell = 44  nTrainCell = 43  nDiff = 1  (X,Y) = (1595, 2025)  Position Error = 22.1359
TrainID = 2243  dbValue = 1.36661  nTestCell = 44  nTrainCell = 43  nDiff = 1  (X,Y) = (1595, 2035)  Position Error = 27.0185
TrainID = 1929  dbValue = 1.37345  nTestCell = 44  nTrainCell = 42  nDiff = 2  (X,Y) = (1645, 2055)  Position Error = 47.0106
TrainID = 1714  dbValue = 1.39134  nTestCell = 44  nTrainCell = 43  nDiff = 1  (X,Y) = (1595, 2045)  Position Error = 34.2053
TrainID = 1183  dbValue = 1.39418  nTestCell = 44  nTrainCell = 42  nDiff = 2  (X,Y) = (1605, 2035)  Position Error = 20.2485
TrainID = 2049  dbValue = 1.51181  nTestCell = 44  nTrainCell = 43  nDiff = 1  (X,Y) = (1675, 1985)  Position Error = 67.6018
TrainID = 2170  dbValue = 1.51998  nTestCell = 44  nTrainCell = 43  nDiff = 1  (X,Y) = (1625, 2015)  Position Error = 9.48683
TrainID = 2208  dbValue = 1.60243  nTestCell = 44  nTrainCell = 43  nDiff = 1  (X,Y) = (1585, 1985)  Position Error = 45.2769
TrainID = 338  dbValue = 1.6178  nTestCell = 44  nTrainCell = 42  nDiff = 2  (X,Y) = (1705, 1965)  Position Error = 103.586
TrainID = 1875  dbValue = 1.6309  nTestCell = 44  nTrainCell = 43  nDiff = 1  (X,Y) = (1655, 2065)  Position Error = 61.0737
TrainID = 2877  dbValue = 1.63627  nTestCell = 44  nTrainCell = 43  nDiff = 1  (X,Y) = (1675, 1965)  Position Error = 79.3095
TrainID = 2809  dbValue = 1.64085  nTestCell = 44  nTrainCell = 43  nDiff = 1  (X,Y) = (1565, 2045)  Position Error = 57.7062
TrainID = 554  dbValue = 1.72657  nTestCell = 44  nTrainCell = 42  nDiff = 2  (X,Y) = (1575, 2045)  Position Error = 49.0918
TrainID = 1965  dbValue = 1.73172  nTestCell = 44  nTrainCell = 43  nDiff = 1  (X,Y) = (1625, 1965)  Position Error = 53.7587
TrainID = 2580  dbValue = 1.80724  nTestCell = 44  nTrainCell = 43  nDiff = 1  (X,Y) = (1555, 2045)  Position Error = 66.7083
TrainID = 492  dbValue = 1.82748  nTestCell = 44  nTrainCell = 42  nDiff = 2  (X,Y) = (1615, 1975)  Position Error = 43.0116
TrainID = 2637  dbValue = 1.83365  nTestCell = 44  nTrainCell = 42  nDiff = 2  (X,Y) = (1645, 1955)  Position Error = 69.3542
TrainID = 1254  dbValue = 1.83618  nTestCell = 44  nTrainCell = 42  nDiff = 2  (X,Y) = (1705, 1995)  Position Error = 91.9239
TrainID = 2056  dbValue = 1.89242  nTestCell = 44  nTrainCell = 42  nDiff = 2  (X,Y) = (1655, 1955)  Position Error = 74.0945
TrainID = 1664  dbValue = 1.90732  nTestCell = 44  nTrainCell = 43  nDiff = 1  (X,Y) = (1615, 1945)  Position Error = 73.0068
TrainID = 2716  dbValue = 1.9131  nTestCell = 44  nTrainCell = 42  nDiff = 2  (X,Y) = (1695, 1925)  Position Error = 122.025
TrainID = 675  dbValue = 1.91477  nTestCell = 44  nTrainCell = 43  nDiff = 1  (X,Y) = (1605, 1935)  Position Error = 83.7257
TrainID = 2848  dbValue = 1.91681  nTestCell = 44  nTrainCell = 43  nDiff = 1  (X,Y) = (1545, 2065)  Position Error = 85.1469
TrainID = 1284  dbValue = 1.93141  nTestCell = 44  nTrainCell = 43  nDiff = 1  (X,Y) = (1555, 1975)  Position Error = 74.6324
TrainID = 1049  dbValue = 1.97087  nTestCell = 44  nTrainCell = 43  nDiff = 1  (X,Y) = (1555, 1985)  Position Error = 69.3542
TrainID = 2624  dbValue = 1.97968  nTestCell = 44  nTrainCell = 43  nDiff = 1  (X,Y) = (1695, 1965)  Position Error = 95.1315
TrainID = 1106  dbValue = 1.99095  nTestCell = 44  nTrainCell = 43  nDiff = 1  (X,Y) = (1625, 1935)  Position Error = 83.4865
TrainID = 2249  dbValue = 1.99562  nTestCell = 44  nTrainCell = 42  nDiff = 2  (X,Y) = (1605, 2105)  Position Error = 87.6926
TrainID = 1297  dbValue = 2.02705  nTestCell = 44  nTrainCell = 43  nDiff = 1  (X,Y) = (1685, 1955)  Position Error = 93.4345
TrainID = 1244  dbValue = 2.03955  nTestCell = 44  nTrainCell = 44  nDiff = 0  (X,Y) = (1555, 2025)  Position Error = 61.4003
TrainID = 1473  dbValue = 2.06298  nTestCell = 44  nTrainCell = 43  nDiff = 1  (X,Y) = (1545, 1995)  Position Error = 74.6324
TrainID = 1375  dbValue = 2.0826  nTestCell = 44  nTrainCell = 43  nDiff = 1  (X,Y) = (1715, 1995)  Position Error = 101.637
TrainID = 2311  dbValue = 2.08471  nTestCell = 44  nTrainCell = 42  nDiff = 2  (X,Y) = (1575, 1955)  Position Error = 75.1665
TrainID = 1834  dbValue = 2.10089  nTestCell = 44  nTrainCell = 43  nDiff = 1  (X,Y) = (1665, 1955)  Position Error = 79.8123
TrainID = 729  dbValue = 2.18629  nTestCell = 44  nTrainCell = 42  nDiff = 2  (X,Y) = (1595, 1925)  Position Error = 95.3415
TrainID = 1194  dbValue = 2.23152  nTestCell = 44  nTrainCell = 43  nDiff = 1  (X,Y) = (1735, 1955)  Position Error = 134.648
TrainID = 1529  dbValue = 2.24746  nTestCell = 44  nTrainCell = 43  nDiff = 1  (X,Y) = (1525, 2025)  Position Error = 91.2688
TrainID = 2263  dbValue = 2.32503  nTestCell = 44  nTrainCell = 43  nDiff = 1  (X,Y) = (1675, 1905)  Position Error = 127.475
TrainID = 2095  dbValue = 2.33691  nTestCell = 44  nTrainCell = 42  nDiff = 2  (X,Y) = (1675, 1925)  Position Error = 110.136
TrainID = 2796  dbValue = 2.37598  nTestCell = 44  nTrainCell = 42  nDiff = 2  (X,Y) = (1625, 1915)  Position Error = 103.392
TrainID = 2217  dbValue = 2.39802  nTestCell = 44  nTrainCell = 42  nDiff = 2  (X,Y) = (1605, 1895)  Position Error = 123.491
TrainID = 848  dbValue = 2.40795  nTestCell = 44  nTrainCell = 41  nDiff = 3  (X,Y) = (1625, 2145)  Position Error = 127.318
TrainID = 1072  dbValue = 2.41514  nTestCell = 44  nTrainCell = 42  nDiff = 2  (X,Y) = (1565, 2115)  Position Error = 109.59
TrainID = 1500  dbValue = 2.42918  nTestCell = 44  nTrainCell = 43  nDiff = 1  (X,Y) = (1665, 1905)  Position Error = 123.167
TrainID = 1636  dbValue = 2.43593  nTestCell = 44  nTrainCell = 42  nDiff = 2  (X,Y) = (1575, 1905)  Position Error = 120.208
TrainID = 2999  dbValue = 2.45681  nTestCell = 44  nTrainCell = 43  nDiff = 1  (X,Y) = (1625, 1915)  Position Error = 103.392
TrainID = 1568  dbValue = 2.46072  nTestCell = 44  nTrainCell = 43  nDiff = 1  (X,Y) = (1525, 2045)  Position Error = 94.921
TrainID = 2132  dbValue = 2.46832  nTestCell = 44  nTrainCell = 42  nDiff = 2  (X,Y) = (1525, 2015)  Position Error = 91.0494
TrainID = 1935  dbValue = 2.47266  nTestCell = 44  nTrainCell = 42  nDiff = 2  (X,Y) = (1565, 1925)  Position Error = 106.066
TrainID = 1721  dbValue = 2.52542  nTestCell = 44  nTrainCell = 44  nDiff = 0  (X,Y) = (1545, 1925)  Position Error = 117.004
TrainID = 2854  dbValue = 2.53995  nTestCell = 44  nTrainCell = 41  nDiff = 3  (X,Y) = (1655, 2175)  Position Error = 161.771
TrainID = 2559  dbValue = 2.59343  nTestCell = 44  nTrainCell = 41  nDiff = 3  (X,Y) = (1505, 1985)  Position Error = 115.802
TrainID = 1133  dbValue = 2.61223  nTestCell = 44  nTrainCell = 42  nDiff = 2  (X,Y) = (1685, 1895)  Position Error = 141.032
TrainID = 2028  dbValue = 2.62417  nTestCell = 44  nTrainCell = 41  nDiff = 3  (X,Y) = (1525, 1995)  Position Error = 93.8616
TrainID = 1053  dbValue = 2.70367  nTestCell = 44  nTrainCell = 43  nDiff = 1  (X,Y) = (1725, 1935)  Position Error = 137.004
TrainID = 1608  dbValue = 2.71403  nTestCell = 44  nTrainCell = 43  nDiff = 1  (X,Y) = (1645, 1865)  Position Error = 155.724
TrainID = 1797  dbValue = 2.90149  nTestCell = 44  nTrainCell = 42  nDiff = 2  (X,Y) = (1675, 1895)  Position Error = 136.418
TrainID = 849  dbValue = 2.94937  nTestCell = 44  nTrainCell = 42  nDiff = 2  (X,Y) = (1625, 1845)  Position Error = 173.234
TrainID = 1931  dbValue = 2.95373  nTestCell = 44  nTrainCell = 43  nDiff = 1  (X,Y) = (1635, 1835)  Position Error = 183.984
TrainID = 1414  dbValue = 3.07532  nTestCell = 44  nTrainCell = 43  nDiff = 1  (X,Y) = (1615, 1865)  Position Error = 153.003
TrainID = 1436  dbValue = 3.10414  nTestCell = 44  nTrainCell = 43  nDiff = 1  (X,Y) = (1535, 2155)  Position Error = 159.154
TrainID = 1905  dbValue = 3.15585  nTestCell = 44  nTrainCell = 43  nDiff = 1  (X,Y) = (1535, 2135)  Position Error = 142.302
TrainID = 2065  dbValue = 3.16741  nTestCell = 44  nTrainCell = 41  nDiff = 3  (X,Y) = (1735, 1985)  Position Error = 123.491
TrainID = 389  dbValue = 3.18678  nTestCell = 44  nTrainCell = 43  nDiff = 1  (X,Y) = (1735, 1925)  Position Error = 151.03
TrainID = 1148  dbValue = 3.32157  nTestCell = 44  nTrainCell = 43  nDiff = 1  (X,Y) = (1735, 1915)  Position Error = 157.385
TrainID = 2735  dbValue = 3.3349  nTestCell = 44  nTrainCell = 43  nDiff = 1  (X,Y) = (1725, 1915)  Position Error = 149.967
TrainID = 2124  dbValue = 3.39161  nTestCell = 44  nTrainCell = 43  nDiff = 1  (X,Y) = (1725, 1935)  Position Error = 137.004
TrainID = 2599  dbValue = 3.39755  nTestCell = 44  nTrainCell = 42  nDiff = 2  (X,Y) = (1605, 1855)  Position Error = 163.371
TrainID = 1086  dbValue = 3.41468  nTestCell = 44  nTrainCell = 44  nDiff = 0  (X,Y) = (1695, 1885)  Position Error = 154.693
TrainID = 428  dbValue = 3.42184  nTestCell = 44  nTrainCell = 41  nDiff = 3  (X,Y) = (1545, 2185)  Position Error = 181.466
TrainID = 1048  dbValue = 3.57019  nTestCell = 44  nTrainCell = 43  nDiff = 1  (X,Y) = (1735, 1865)  Position Error = 193.83
TrainID = 988  dbValue = 3.68357  nTestCell = 44  nTrainCell = 43  nDiff = 1  (X,Y) = (1715, 1895)  Position Error = 157.892
TrainID = 2734  dbValue = 3.73727  nTestCell = 44  nTrainCell = 43  nDiff = 1  (X,Y) = (1715, 1885)  Position Error = 165.801
TrainID = 2332  dbValue = 3.81028  nTestCell = 44  nTrainCell = 43  nDiff = 1  (X,Y) = (1735, 1855)  Position Error = 201.817
TrainID = 1687  dbValue = 3.84702  nTestCell = 44  nTrainCell = 41  nDiff = 3  (X,Y) = (1595, 1785)  Position Error = 233.944
TrainID = 2213  dbValue = 3.85796  nTestCell = 44  nTrainCell = 41  nDiff = 3  (X,Y) = (1595, 1855)  Position Error = 164.347
TrainID = 2804  dbValue = 3.87277  nTestCell = 44  nTrainCell = 43  nDiff = 1  (X,Y) = (1695, 1855)  Position Error = 181.135
TrainID = 1974  dbValue = 3.91296  nTestCell = 44  nTrainCell = 43  nDiff = 1  (X,Y) = (1735, 1885)  Position Error = 178.466
TrainID = 921  dbValue = 3.92405  nTestCell = 44  nTrainCell = 43  nDiff = 1  (X,Y) = (1695, 1855)  Position Error = 181.135
TrainID = 442  dbValue = 3.94323  nTestCell = 44  nTrainCell = 41  nDiff = 3  (X,Y) = (1765, 1965)  Position Error = 158.146
TrainID = 865  dbValue = 3.96469  nTestCell = 44  nTrainCell = 43  nDiff = 1  (X,Y) = (1685, 1845)  Position Error = 186.253
TrainID = 1779  dbValue = 3.98529  nTestCell = 44  nTrainCell = 43  nDiff = 1  (X,Y) = (1745, 1875)  Position Error = 192.588
TrainID = 2297  dbValue = 4.15243  nTestCell = 44  nTrainCell = 42  nDiff = 2  (X,Y) = (1615, 1815)  Position Error = 203.002
TrainID = 2522  dbValue = 4.16614  nTestCell = 44  nTrainCell = 41  nDiff = 3  (X,Y) = (1745, 1935)  Position Error = 153.395
TrainID = 2553  dbValue = 4.17158  nTestCell = 44  nTrainCell = 41  nDiff = 3  (X,Y) = (1595, 1815)  Position Error = 204.083
TrainID = 2984  dbValue = 4.18198  nTestCell = 44  nTrainCell = 41  nDiff = 3  (X,Y) = (1615, 1825)  Position Error = 193.003
TrainID = 581  dbValue = 4.22724  nTestCell = 44  nTrainCell = 43  nDiff = 1  (X,Y) = (1735, 1855)  Position Error = 201.817
TrainID = 2883  dbValue = 4.35717  nTestCell = 44  nTrainCell = 41  nDiff = 3  (X,Y) = (1755, 1925)  Position Error = 167.242
TrainID = 426  dbValue = 4.37118  nTestCell = 44  nTrainCell = 43  nDiff = 1  (X,Y) = (1745, 1845)  Position Error = 215.801
TrainID = 2108  dbValue = 4.40621  nTestCell = 44  nTrainCell = 43  nDiff = 1  (X,Y) = (1695, 1815)  Position Error = 217.83
TrainID = 2140  dbValue = 4.45805  nTestCell = 44  nTrainCell = 43  nDiff = 1  (X,Y) = (1685, 1815)  Position Error = 214.406
TrainID = 2290  dbValue = 4.51588  nTestCell = 44  nTrainCell = 41  nDiff = 3  (X,Y) = (1765, 1885)  Position Error = 199.725
TrainID = 1726  dbValue = 4.6302  nTestCell = 44  nTrainCell = 43  nDiff = 1  (X,Y) = (1725, 1835)  Position Error = 213.002
TrainID = 1338  dbValue = 4.67459  nTestCell = 44  nTrainCell = 43  nDiff = 1  (X,Y) = (1715, 1805)  Position Error = 234.883
TrainID = 580  dbValue = 4.76  nTestCell = 44  nTrainCell = 41  nDiff = 3  (X,Y) = (1755, 1865)  Position Error = 206.712
TrainID = 1569  dbValue = 4.84915  nTestCell = 44  nTrainCell = 41  nDiff = 3  (X,Y) = (1765, 1895)  Position Error = 193.21
TrainID = 841  dbValue = 4.86784  nTestCell = 44  nTrainCell = 41  nDiff = 3  (X,Y) = (1785, 1875)  Position Error = 221.382
TrainID = 1228  dbValue = 4.88023  nTestCell = 44  nTrainCell = 41  nDiff = 3  (X,Y) = (1755, 1875)  Position Error = 199.424
TrainID = 311  dbValue = 4.9702  nTestCell = 44  nTrainCell = 41  nDiff = 3  (X,Y) = (1765, 1895)  Position Error = 193.21
TrainID = 2266  dbValue = 5.18822  nTestCell = 44  nTrainCell = 43  nDiff = 1  (X,Y) = (1745, 1785)  Position Error = 266.327
TrainID = 1559  dbValue = 5.21059  nTestCell = 44  nTrainCell = 43  nDiff = 1  (X,Y) = (1735, 1795)  Position Error = 252.765
TrainID = 1520  dbValue = 5.22145  nTestCell = 44  nTrainCell = 41  nDiff = 3  (X,Y) = (1765, 1885)  Position Error = 199.725
TrainID = 666  dbValue = 5.48868  nTestCell = 44  nTrainCell = 43  nDiff = 1  (X,Y) = (1745, 1785)  Position Error = 266.327
TrainID = 586  dbValue = 5.49314  nTestCell = 44  nTrainCell = 41  nDiff = 3  (X,Y) = (1815, 1855)  Position Error = 257.235
TrainID = 1729  dbValue = 5.58328  nTestCell = 44  nTrainCell = 41  nDiff = 3  (X,Y) = (1795, 1865)  Position Error = 235.478
TrainID = 2265  dbValue = 5.65095  nTestCell = 44  nTrainCell = 41  nDiff = 3  (X,Y) = (1655, 1775)  Position Error = 246.11
TrainID = 1063  dbValue = 5.79417  nTestCell = 44  nTrainCell = 41  nDiff = 3  (X,Y) = (1625, 1765)  Position Error = 253.16
TrainID = 1951  dbValue = 5.84436  nTestCell = 44  nTrainCell = 41  nDiff = 3  (X,Y) = (1765, 1835)  Position Error = 235.987
TrainID = 597  dbValue = 5.91847  nTestCell = 44  nTrainCell = 41  nDiff = 3  (X,Y) = (1625, 1745)  Position Error = 273.148
TrainID = 924  dbValue = 5.97481  nTestCell = 44  nTrainCell = 41  nDiff = 3  (X,Y) = (1675, 1785)  Position Error = 240.354
TrainID = 399  dbValue = 6.0048  nTestCell = 44  nTrainCell = 42  nDiff = 2  (X,Y) = (1845, 1825)  Position Error = 299.483
TrainID = 1962  dbValue = 6.13715  nTestCell = 44  nTrainCell = 41  nDiff = 3  (X,Y) = (1655, 1735)  Position Error = 285.675
TrainID = 1824  dbValue = 6.25164  nTestCell = 44  nTrainCell = 41  nDiff = 3  (X,Y) = (1805, 1825)  Position Error = 270.13
TrainID = 2714  dbValue = 6.29407  nTestCell = 44  nTrainCell = 41  nDiff = 3  (X,Y) = (1705, 1775)  Position Error = 258.786
TrainID = 1018  dbValue = 6.35432  nTestCell = 44  nTrainCell = 41  nDiff = 3  (X,Y) = (1695, 1755)  Position Error = 274.609
TrainID = 369  dbValue = 6.47505  nTestCell = 44  nTrainCell = 41  nDiff = 3  (X,Y) = (1715, 1745)  Position Error = 290.396
TrainID = 1117  dbValue = 6.49066  nTestCell = 44  nTrainCell = 41  nDiff = 3  (X,Y) = (1795, 1785)  Position Error = 293.82
TrainID = 774  dbValue = 6.547  nTestCell = 44  nTrainCell = 41  nDiff = 3  (X,Y) = (1685, 1735)  Position Error = 291.29
TrainID = 320  dbValue = 6.70694  nTestCell = 44  nTrainCell = 41  nDiff = 3  (X,Y) = (1715, 1735)  Position Error = 299.817
TrainID = 823  dbValue = 6.82558  nTestCell = 44  nTrainCell = 41  nDiff = 3  (X,Y) = (1715, 1725)  Position Error = 309.273
TrainID = 977  dbValue = 6.84835  nTestCell = 44  nTrainCell = 41  nDiff = 3  (X,Y) = (1835, 1795)  Position Error = 312.554
TrainID = 579  dbValue = 7.02266  nTestCell = 44  nTrainCell = 41  nDiff = 3  (X,Y) = (1695, 1725)  Position Error = 303.463
TrainID = 1237  dbValue = 7.03126  nTestCell = 44  nTrainCell = 42  nDiff = 2  (X,Y) = (1765, 1755)  Position Error = 302.275
