trainID = 419  1.6928  1.1432  3.112  0.954  1.897  0.644  1.836  1.6526  2.33  1.0764  1.5882  0.3487  1.469  3.7369  2.0238  0.437  2.379  0.0558  0.469  0.8265  3.7062  6.3059  8.3319  2.9654  2.0544  7.0776  0.68  0.7062  0.0937  2.7661  2.3769  0.926  1.0935  0.2153  4.48  1.9615  3.2214  2.4197  3.6946  3.4786  1.4087  1.1891  1.706  0.6545  2.3158  0.7038  0.7665  0.632  1.26  0.473  
trainID = 475  1.6146  0.0693  2.953  34.7268  3.0965  4.12  1.788  3.0621  2.032  1.0023  3.0336  2.2177  3.4883  4.059  0.7572  4.3351  1.171  3.1821  0.3106  1.8389  5.1741  4.0747  2.3656  0.9869  1.8417  11.1098  1.418  0.509  2.657  1.0697  0.518  2.005  0.7339  3.3666  2.2185  2.3275  2.9371  1.0531  2.5848  2.9985  0.2116  0.9674  3.9899  0.4518  0.372  0.38  3.7014  
trainID = 607  32.4387  0.024  0.1037  2.268  1.068  1.0883  2.9728  4.748  0.8901  4.3022  0.018  0.023  0.5652  2.1548  0.345  4.6023  1.6155  0.3798  9.3717  9.4826  0.7355  0.1622  1.8582  1.7044  1.334  0.5789  0.4863  2.4793  0.913  2.362  2.773  1.6961  1.0174  2.9772  1.0403  2.399  2.1763  0.4289  0.1044  1.6197  2.453  2.0028  1.703  1.4428  1.2344  0.344  1.2259  0.5582  
trainID = 669  0.8473  2.9354  2.513  32.9981  0.5543  1.406  2.7839  0.2512  2.9663  1.3573  1.837  0.4163  4.6492  4.4948  0.0855  2.028  0.511  0.3223  2.4845  0.2653  13.1454  3.1611  9.577  1.279  2.7458  7.2458  0.83  2.155  0.8055  1.6146  0.295  1.198  2.9262  0.1435  3.9283  0.0395  3.2393  1.5869  2.5819  2.3045  1.1789  0.1174  2.2539  0.6554  0.528  0.751  1.5491  
trainID = 753  4.1263  0.786  4.9998  36.5864  1.2611  0.195  2.9347  5.2068  0.6083  1.6518  4.8694  3.5081  4.3219  3.7942  3.2004  3.9981  0.884  0.8067  0.0271  2.343  2.0794  3.325  4.1767  1.7226  4.4366  11.89  0.298  1.6642  1.1394  0.7435  0.135  1.752  2.6335  1.3988  0.5368  0.5984  3.8867  3.735  5.3906  9.3862  0.2994  0.0302  5.3369  1.1384  1.724  0.441  2.0911  
trainID = 975  1.5093  0.4715  1.396  2.604  0.1558  0.166  0.547  1.1432  1.2076  1.8265  1.747  2.7861  1.0776  1.594  2.2034  0.067  1.32  2.4166  2.6126  0.8871  4.5186  4.7175  1.7167  0.1206  0.5174  2.2875  1.329  2.0513  0.98  1.0667  2.7809  3.4066  1.7859  1.9142  1.1524  2.3815  0.6652  0.1099  4.5976  0.8658  0.4309  2.8344  1.625  1.2471  1.2136  1.9813  1.0411  1.424  0.252  0.3156  
trainID = 1112  0.0183  0.0934  0.681  0.631  1.9267  0.5135  0.945  2.0425  4.2318  1.9846  2.608  0.8881  2.5418  0.464  3.9074  2.7795  0.3424  2.0458  3.356  0.1433  0.6347  3.12  2.0179  1.356  0.8927  2.3044  3.6887  0.761  2.415  3.6861  3.3892  3.0788  6.4568  0.0574  2.0846  2.0397  0.187  1.4906  1.9215  1.803  0.675  1.0121  2.6539  2.6338  0.429  0.753  0.2859  
trainID = 1167  1.9602  0.4943  3.713  35.1753  2.0014  1.097  0.054  3.6283  0.039  1.0316  3.1296  0.8018  2.1147  2.677  2.3945  1.636  0.187  3.5645  1.9374  0.2459  4.2382  5.2059  1.5781  0.2598  3.304  10.8121  0.254  2.5808  1.5958  1.1441  0.111  0.579  2.5705  2.0765  0.8981  0.2048  2.7688  3.546  2.5638  1.8536  0.0432  1.2154  2.3449  1.0714  0.615  1.9143  0.6034  
trainID = 1303  0.5963  2.0889  1.733  1.053  0.6131  0.73  0.003  0.6715  2.6474  0.7696  0.4298  1.7029  2.316  2.6721  0.5896  2.6624  1.104  0.1399  3.4252  0.4538  5.2357  0.3932  5.4235  0.3616  1.7914  5.8357  0.677  0.0449  0.971  2.1611  0.31  3.6058  1.5652  2.7815  3.5796  1.4358  1.8902  1.336  3.0981  3.3569  1.5447  0.3454  0.855  0.9373  1.9319  2.2609  1.3378  0.39  0.073  0.9951  
trainID = 1495  0.0847  1.3398  2.788  32.3245  1.9412  2.412  1.173  0.6381  0.4793  0.9821  2.491  0.6063  2.6449  2.7126  0.4591  2.8961  0.145  3.7839  2.1156  2.5508  7.7871  2.9155  3.0567  1.2269  2.4164  7.052  1.238  0.0732  1.0638  2.5097  1.284  1.647  0.3395  1.574  0.3717  1.7656  2.751  3.0767  3.9036  5.2362  0.5141  0.8976  3.4419  0.1236  1.604  1.872  0.8063  
trainID = 1700  1.873  1.3676  2.531  35.7865  2.9479  0.101  2.8698  0.606  1.4455  1.28  3.2385  0.7653  5.4551  1.546  1.2979  2.7586  0.484  0.8559  1.0606  1.9142  10.5574  1.195  7.8346  0.1681  4.139  8.1149  1.401  2.2638  0.8636  1.4432  1.965  2.254  1.7714  2.3648  3.4135  0.1221  0.1216  3.3833  4.4146  4.4772  0.5244  1.7772  4.0639  0.8929  1.173  0.073  1.5328  
trainID = 1784  3.2396  2.9464  3.8595  35.5233  0.451  0.135  0.209  0.4009  1.9131  0.818  4.4052  0.9982  4.6709  4.4216  0.4909  3.1145  0.657  2.8414  2.7471  0.6945  7.0056  2.3317  3.9563  1.1316  1.9458  6.4942  1.14  1.7381  0.5462  0.1291  1.852  1.642  0.4526  0.5135  1.659  0.1338  4.22  1.5684  3.2387  4.0768  1.9491  0.3968  3.9859  2.2194  0.441  0.606  2.4527  
trainID = 2147  1.7508  0.4285  1.96  33.2128  0.2833  1.008  1.815  1.564  1.3859  1.0405  1.3744  0.969  2.0791  1.229  1.7927  5.2296  0.423  1.4137  2.6792  0.0826  3.4951  9.3604  2.6539  1.9743  1.5258  9.1771  2.1272  2.3035  0.3859  0.9126  0.716  2.625  1.4466  2.8804  1.7011  0.9538  1.8511  1.4  2.6316  2.9408  1.8988  2.5812  1.5903  0.4301  2.213  1.591  0.5446  
trainID = 2407  0.1296  1.2735  0.911  1.644  1.2623  0.096  2.593  0.9776  1.2418  1.0147  0.9397  0.7031  2.5559  1.731  0.3088  2.8399  2.182  2.7913  4.3827  0.6699  1.749  6.0081  3.4379  0.7612  0.3675  2.6494  1.2  2.1127  0.3163  3.2075  0.002  1.978  2.4567  0.9708  0.4824  2.6635  0.8138  0.45  2.4993  3.2018  1.1003  1.4942  0.406  1.3646  0.663  3.4799  0.459  1.724  0.632  1.8374  
trainID = 2462  1.0638  2.5692  1.316  35.7313  1.4902  2.032  0.728  1.4485  1.7843  1.8261  5.3324  2.9566  2.7052  2.8582  0.7721  0.828  0.408  0.7153  1.3415  0.6569  6.6951  0.3201  5.3775  1.3319  1.8394  8.6547  0.974  2.7285  1.7669  1.3301  0.963  0.416  2.5234  2.1587  0.208  0.6827  3.7981  3.1413  2.8752  4.1241  0.8023  2.3091  4.1579  0.2694  1.265  0.073  0.6403  
trainID = 2643  2.8511  0.6832  2.425  0.2758  1.1933  0.923  3.0449  0.126  2.2139  1.2249  0.1859  2.0914  3.3284  2.6964  1.962  0.982  3.6553  3.3313  0.8696  1.4406  2.8875  3.8309  0.0277  0.4666  4.998  1.9  0.5202  1.7234  2.1113  1.146  1.97  0.354  0.6408  0.532  1.8478  1.5918  2.7433  4.4586  0.2114  1.207  2.1656  0.171  0.9905  1.5195  3.0029  1.8251  0.162  0.662  0.8909  
trainID = 2805  2.9307  0.1308  1.625  33.8483  0.2206  4.028  0.12  1.0938  0.4656  1.6321  0.6071  1.3011  3.3113  2.9187  1.993  1.549  0.427  3.5882  1.3492  0.8646  3.4193  5.9213  0.9677  1.0061  0.4351  6.7302  1.07  0.2077  1.0034  0.3537  0.665  0.725  1.4164  2.5713  0.1922  0.6975  0.0651  0.1284  0.9828  2.8066  0.294  3.8436  0.9604  0.8673  0.476  0.157  0.4951  
trainID = 2855  3.0483  1.5221  0.653  1.305  33.998  0.81  1.0022  0.9158  1.4314  3.8185  3.3627  2.1048  1.0087  1.178  3.2962  0.1437  0.5932  0.3395  4.1703  1.1887  0.1256  0.2061  6.9256  0.986  0.7118  1.9575  0.7859  1.979  1.863  5.1337  0.5458  1.8504  2.7049  1.695  1.0832  2.4047  3.1657  0.0267  2.3088  0.535  1.7382  0.8284  3.3519  0.476  0.623  0.112  0.5868  
TrainID = 975  dbValue = 1.58137  nTestCell = 50  nTrainCell = 50  nDiff = 0  (X,Y) = (1085, 1425)  Position Error = 32.28
TrainID = 2407  dbValue = 1.61472  nTestCell = 50  nTrainCell = 50  nDiff = 0  (X,Y) = (1085, 1395)  Position Error = 9.05539
TrainID = 1303  dbValue = 1.65854  nTestCell = 50  nTrainCell = 50  nDiff = 0  (X,Y) = (1085, 1355)  Position Error = 40.025
TrainID = 2643  dbValue = 1.67473  nTestCell = 50  nTrainCell = 49  nDiff = 1  (X,Y) = (1095, 1385)  Position Error = 9.05539
TrainID = 1112  dbValue = 1.78664  nTestCell = 50  nTrainCell = 47  nDiff = 3  (X,Y) = (1145, 1425)  Position Error = 59.6825
TrainID = 419  dbValue = 1.98672  nTestCell = 50  nTrainCell = 50  nDiff = 0  (X,Y) = (1055, 1355)  Position Error = 55.1543
TrainID = 2805  dbValue = 2.18005  nTestCell = 50  nTrainCell = 47  nDiff = 3  (X,Y) = (1135, 1355)  Position Error = 56.5862
TrainID = 2855  dbValue = 2.35321  nTestCell = 50  nTrainCell = 47  nDiff = 3  (X,Y) = (1125, 1385)  Position Error = 32.28
TrainID = 607  dbValue = 2.464  nTestCell = 50  nTrainCell = 48  nDiff = 2  (X,Y) = (1045, 1445)  Position Error = 70.7248
TrainID = 1167  dbValue = 2.63479  nTestCell = 50  nTrainCell = 47  nDiff = 3  (X,Y) = (1125, 1295)  Position Error = 103.74
TrainID = 1495  dbValue = 2.66204  nTestCell = 50  nTrainCell = 47  nDiff = 3  (X,Y) = (1095, 1345)  Position Error = 49.0102
TrainID = 2147  dbValue = 2.67303  nTestCell = 50  nTrainCell = 47  nDiff = 3  (X,Y) = (1145, 1305)  Position Error = 102.577
TrainID = 2462  dbValue = 2.76573  nTestCell = 50  nTrainCell = 47  nDiff = 3  (X,Y) = (1095, 1285)  Position Error = 109.005
TrainID = 1784  dbValue = 2.81624  nTestCell = 50  nTrainCell = 47  nDiff = 3  (X,Y) = (1105, 1285)  Position Error = 109.554
TrainID = 669  dbValue = 2.84133  nTestCell = 50  nTrainCell = 47  nDiff = 3  (X,Y) = (1045, 1315)  Position Error = 92.9624
TrainID = 475  dbValue = 2.99748  nTestCell = 50  nTrainCell = 47  nDiff = 3  (X,Y) = (1125, 1305)  Position Error = 94.2444
TrainID = 1700  dbValue = 3.0317  nTestCell = 50  nTrainCell = 47  nDiff = 3  (X,Y) = (1075, 1295)  Position Error = 100.807
TrainID = 753  dbValue = 3.3638  nTestCell = 50  nTrainCell = 47  nDiff = 3  (X,Y) = (1115, 1275)  Position Error = 120.839
