trainID = 353  1.3767  2.4491  0.679  1.204  1.3786  0.5135  0.1403  0.4811  3.0778  0.7436  3.9596  2.3767  0.0185  1.5645  0.4416  1.3663  0.0609  3.6459  2.1193  1.573  1.1852  2.127  8.5666  2.4056  3.7271  2.6749  0.635  0.3742  4.4666  1.2889  2.2856  0.9263  0.7534  0.2924  1.1864  2.017  2.1999  0.662  1.1416  0.821  1.849  2.5676  
trainID = 411  4.436  1.2249  2.8233  1.035  1.1133  1.4414  1.462  7.4337  0.1695  5.2531  0.1667  4.2734  4.599  4.0103  3.636  4.3524  2.6276  0.9056  10.0366  12.5211  9.0721  6.4039  1.5016  10.1023  0.06  0.184  2.1473  1.3086  2.6204  7.1104  1.5091  0.2656  3.2578  2.439  4.2207  4.4401  3.9329  0.725  2.4182  1.54  1.254  0.7017  
trainID = 427  4.7043  1.8784  1.04  1.3047  3.4031  1.5464  0.792  0.7378  9.1096  3.4803  4.2087  3.6399  0.6271  4.145  5.4886  2.2455  2.8369  3.2935  1.627  4.5677  12.0401  13.5704  8.5853  3.4839  7.8965  1.078  1.5947  1.3834  6.5444  1.6955  11.3067  2.2998  0.6358  1.96  2.3929  3.4137  0.5867  5.0582  3.897  4.6024  36.2878  
trainID = 486  2.1089  3.4067  0.816  2.2871  0.1219  0.7254  34.7189  1.5439  5.4351  1.0746  4.5169  6.0036  2.8373  2.4261  1.6271  1.3302  34.1956  2.0016  1.3909  4.8869  3.4168  0.9907  4.7084  4.0985  0.8914  9.8331  3.9862  0.3264  2.2815  2.6807  1.2487  0.2101  4.3576  3.1631  3.0272  1.4514  1.1567  2.2998  1.589  1.734  2.3083  
trainID = 566  8.137  0.1508  0.184  2.5159  1.024  0.2954  3.5383  5.274  0.7501  5.7482  1.2907  5.6876  3.722  4.1393  0.0732  4.6461  1.9469  1.2126  7.3189  12.0552  9.8255  6.2243  0.3243  8.5209  2.4283  0.0056  4.961  1.5422  0.3518  8.5964  2.0483  1.6179  3.1379  3.471  2.4087  1.1307  4.3015  0.243  2.0575  0.394  2.188  3.6846  
trainID = 600  0.854  2.6595  0.095  0.237  4.9539  1.3834  36.2495  0.8338  5.2511  3.6288  6.8747  4.7839  2.8396  3.1583  0.2349  0.1311  33.2116  0.0821  1.8789  3.9559  3.2513  0.054  3.4341  3.909  3.2962  7.1549  3.3258  1.0264  3.2039  4.8019  2.8196  0.2102  3.4121  0.8868  3.4638  0.6313  0.1976  3.5001  0.08  0.907  1.8364  
trainID = 601  2.1007  1.7852  0.705  0.29  1.1319  0.4604  0.9604  2.2113  2.5151  1.5129  0.8835  1.472  0.4921  2.5373  0.683  33.3891  3.0888  0.8966  1.1762  5.4976  1.8438  2.1326  0.5339  4.8719  4.2439  4.8237  2.8743  1.8027  0.7128  1.6297  1.3871  4.4417  1.5272  1.757  0.0748  1.0298  0.9996  0.4415  1.627  1.859  0.239  1.468  2.5017  
trainID = 614  5.1279  4.614  1.08  0.484  0.147  1.7594  0.546  7.4432  0.815  7.7959  1.5281  2.9762  2.4464  6.8093  3.49  4.3002  3.3846  0.3428  9.9635  16.9762  9.9975  8.5764  0.4814  11.9881  0.801  1.0828  6.3217  3.3338  1.6723  9.9037  0.0013  3.6137  2.8487  2.4665  2.2506  1.0232  3.5431  1.5263  0.9849  0.677  1.883  1.2611  
trainID = 689  6.7532  0.5348  0.888  0.725  0.5269  1.3014  1.54  5.6586  1.5935  6.4466  0.2698  2.8857  1.3518  4.1977  2.6838  3.8804  4.0463  1.0587  7.332  11.6533  6.7356  7.4804  1.7452  7.5727  3.1966  0.3969  5.1826  0.2912  0.8  6.8899  0.1779  1.4983  4.6066  2.4678  1.8724  1.9517  3.1607  1.6838  2.8893  1.188  2.4848  1.6341  
trainID = 698  1.4623  5.1523  1.286  3.1253  2.1774  1.81  1.536  0.5525  1.0304  3.4858  2.7765  1.4435  1.8581  1.8113  1.289  1.5638  31.3799  1.3659  1.9109  1.1961  3.913  1.2194  2.1214  0.42  0.6399  4.0317  3.039  2.571  0.726  0.5021  2.7557  0.3459  2.1305  0.3047  0.9647  3.7809  0.8634  1.365  1.557  1.019  2.116  
trainID = 709  1.3866  3.0803  0.1  2.7184  1.4701  0.5265  35.2924  0.1156  4.8371  1.3138  8.6785  8.3048  1.9871  4.2823  4.3802  4.2075  34.5061  3.0066  3.9949  5.3389  7.2906  1.1899  6.2157  4.0547  1.7975  7.629  5.106  2.3715  3.1132  3.4575  3.1826  1.4385  6.7536  1.8589  5.2012  1.3008  1.4247  2.3999  0.153  0.48  3.0284  
trainID = 728  0.8568  1.5787  1.039  0.491  1.6682  0.4084  0.872  1.769  7.0086  0.6513  6.6426  2.827  0.8597  1.7187  1.6322  1.5826  0.1749  0.8293  1.0451  3.2274  5.9918  1.3564  6.2971  2.1659  3.6796  1.849  1.4005  2.3442  3.2974  1.0673  4.0794  4.3865  0.1895  4.1817  3.3989  3.3647  0.1584  2.0735  0.414  2.4534  1.721  0.377  0.03  
trainID = 764  4.1891  0.0476  2.0334  1.1581  1.9961  0.7204  0.269  2.7318  3.2112  2.0081  0.8249  1.4044  0.8438  1.9751  2.6936  0.0404  0.1196  0.0519  0.3375  0.8863  7.6176  3.2174  6.5392  1.8193  3.0624  1.821  0.7061  1.3088  4.5727  1.6887  2.8029  3.4495  1.0932  2.422  1.4828  3.2427  0.1464  3.0683  1.26  3.2752  34.9948  
trainID = 786  1.268  0.3996  0.968  2.9447  0.1778  0.3884  0.6744  4.3909  0.851  4.8278  0.3189  2.7248  0.5555  4.602  0.5669  3.0632  0.7521  2.0189  1.8355  5.6902  1.7116  4.1124  1.5139  3.0706  3.0066  3.0944  1.4767  2.2562  1.7264  3.8966  1.995  0.7381  1.7504  4.5872  2.113  0.1782  3.2908  2.463  1.2032  1.37  0.349  2.0777  
trainID = 814  3.7001  2.6486  1.139  2.155  3.8033  1.7664  0.8047  6.066  0.7008  5.3295  1.9997  3.3496  2.1505  3.725  0.76  2.9244  3.0472  0.0248  3.4112  7.7791  3.9467  7.1872  1.7862  5.6735  1.234  0.0203  1.7866  3.906  1.2697  7.2224  2.481  0.5985  0.027  5.3482  1.4854  1.1164  3.7234  0.18  0.8801  0.104  1.269  0.0571  
trainID = 821  0.6057  1.1181  0.438  1.0627  1.7457  0.3866  35.9639  1.7113  2.521  2.3811  4.6251  0.8084  0.3869  1.9474  1.5023  1.1189  31.6468  0.2394  0.3076  3.0189  3.0065  1.1576  3.4527  1.0925  2.5236  4.3684  5.958  0.9267  0.439  2.3793  1.5363  0.5239  0.4717  0.1035  2.6461  0.8939  1.2072  2.2964  1.443  0.922  1.2537  
trainID = 824  0.3064  2.4383  1.479  0.275  1.1621  1.3084  0.622  1.7811  5.4251  3.4408  3.4227  5.5532  4.6012  2.026  1.1213  2.4094  32.8982  4.1964  3.0429  4.4729  2.2018  0.2409  7.2653  10.2168  11.4232  7.9238  5.0578  5.5422  0.6946  3.0129  1.9802  0.9021  6.7931  0.4277  2.0279  1.7386  2.1328  6.1296  3.7475  1.519  1.2961  1.423  0.35  0.8744  
trainID = 843  0.4002  4.5461  1.1617  1.029  1.1488  2.3084  1.411  3.662  4.4145  2.7574  4.892  6.8504  6.7184  0.4233  0.4034  0.1816  34.9216  1.6123  2.5749  3.1699  4.9817  0.6268  5.449  9.9336  19.7433  8.2126  6.8  6.3738  0.9327  2.2818  5.3556  3.5757  5.9733  0.4144  2.214  0.7884  0.8031  3.1914  3.302  1.76  2.0976  1.745  1.272  1.9631  
trainID = 883  0.1744  2.1538  1.497  0.026  3.1926  2.2746  37.7579  1.4786  4.1552  1.5488  2.3136  5.2647  0.7445  0.2326  0.5743  1.0688  31.0211  1.2145  1.0419  0.7056  2.5641  2.5932  4.7287  1.1873  2.1522  5.8475  4.54  0.5416  3.8266  2.3104  2.9076  1.0552  2.5941  1.0741  1.5347  0.7743  1.0695  2.8373  0.775  1.089  2.2173  
trainID = 919  2.3817  2.7017  0.121  0.355  0.0466  0.5132  35.9965  1.645  2.4175  3.1538  4.454  5.2094  3.275  3.5323  0.6092  0.927  34.7535  0.2872  1.9959  2.9169  5.2237  2.0467  4.0783  6.8492  1.5496  10.9996  4.1141  3.1901  1.9851  0.4941  3.9606  1.8298  5.017  2.263  3.2231  0.7006  0.6415  1.3129  2.594  1.065  4.2975  
trainID = 996  1.4033  1.7868  0.266  0.155  0.0055  0.5194  0.055  3.0732  0.8189  3.7568  0.1961  3.5427  3.2117  0.3032  1.6412  1.0262  33.429  3.8502  1.4889  2.1269  3.8105  0.0567  2.3313  1.1019  10.9849  1.3944  5.7572  3.0895  1.018  0.9291  2.1838  2.2708  3.3237  2.0991  0.1343  0.7447  0.7753  2.056  1.4557  2.164  0.929  2.648  1.708  1.6865  
trainID = 1050  0.6856  1.022  0.818  0.391  3.0515  0.4444  0.8439  0.0454  1.6155  2.7794  1.0286  3.5033  1.0607  0.8671  0.0105  1.1439  0.0925  1.8799  0.2771  2.1335  0.3432  0.0848  2.5045  0.3503  2.8932  0.3683  0.4343  1.5952  1.1852  1.8217  0.8446  0.417  2.4774  3.1659  1.3813  1.1997  1.1531  0.035  1.8302  0.566  1.023  3.9381  
trainID = 1093  0.7091  5.6647  1.216  0.329  0.2739  0.0227  0.804  0.8966  4.0422  3.1038  3.3339  6.9236  3.2875  0.2917  2.6262  1.5132  35.4824  2.5122  0.5829  2.3239  5.6721  0.651  5.7608  10.5368  8.6486  13.373  6.1369  4.4458  1.3772  2.9186  3.6256  3.5778  6.6435  0.8665  2.5212  2.8386  1.0031  1.3677  2.8425  0.2  6.1448  1.539  1.876  2.3751  
trainID = 1096  5.5765  2.1885  1.8493  1.892  0.2883  0.8944  0.8282  6.6625  0.655  4.9089  1.6858  2.0957  3.595  4.5633  3.982  3.6486  1.9463  0.3542  3.5958  9.9235  5.1147  7.6108  0.4807  7.4237  1.199  0.275  2.3976  3.4207  0.721  4.4886  1.7677  0.1313  5.0838  1.2679  2.7087  1.0296  4.1901  0.169  0.5254  0.918  2.6784  3.0474  
trainID = 1127  3.3861  0.0596  2.0764  1.8866  2.1024  0.6644  0.3602  3.1164  0.3177  3.6528  2.2941  3.2547  3.887  3.1403  0.6159  0.0306  2.2493  0.3232  2.6158  4.9768  3.4119  3.6268  1.1918  6.4158  1.718  2.0477  1.7686  1.1988  1.0841  5.2399  0.548  2.2367  3.0358  1.5502  0.4468  0.3969  0.7335  2.9395  2.2052  4.7594  0.019  0.7343  
trainID = 1174  2.7438  1.5358  0.514  2.233  2.6638  0.1172  0.5193  2.8322  0.7181  3.6296  0.5813  2.9066  0.9647  2.6619  0.7159  0.5614  2.5539  0.036  1.1741  4.6817  1.1918  3.7943  0.1527  5.1412  1.468  1.5388  4.4443  1.829  2.6026  4.6346  2.2664  0.1116  0.7229  4.6592  2.1908  0.4894  1.0915  1.6887  0.3215  1.042  3.216  1.4987  
trainID = 1178  3.2151  0.558  0.649  0.889  2.4428  0.4148  0.521  0.5206  6.1196  1.5426  3.2904  1.5384  1.5311  0.2819  5.0831  3.0741  0.3915  1.5806  0.9934  2.3032  6.0248  5.1464  4.9187  0.6171  6.5901  2.4422  0.8931  1.7502  3.8567  0.6569  5.9236  3.0084  1.1261  2.8195  4.9782  3.4187  0.968  4.4829  0.257  1.7346  1.075  1.56  1.7967  
trainID = 1185  6.3055  2.2937  0.75  1.063  0.9529  2.9264  1.3148  9.0787  0.1306  4.0059  0.0671  4.0373  3.792  4.4053  2.4607  3.5076  4.7447  0.3824  13.0381  14.7276  14.7448  8.0114  0.6458  11.5208  1.9106  0.5017  4.5223  3.3546  0.1098  7.955  1.2551  0.1069  4.7945  4.9752  3.9237  2.5928  5.6939  0.788  3.0152  3.2448  0.902  1.675  
trainID = 1191  1.3783  6.0961  0.358  1.1701  1.7488  0.9737  35.4744  1.6489  5.7911  3.9468  6.5965  9.1815  2.8502  2.1922  1.65  1.2972  36.5392  1.2484  1.0059  4.5419  6.1892  3.4627  6.0438  11.489  11.0743  16.1017  7.9784  4.5399  2.774  2.7548  2.7477  3.382  7.107  0.1398  2.7096  0.2396  2.5876  3.6301  0.742  2.057  0.744  
trainID = 1216  0.9785  0.7008  0.849  0.371  1.9454  1.4964  1  0.0181  0.1754  0.7984  4.0284  0.2155  0.0607  1.3823  1.5877  0.4827  0.72  1.2767  2.5939  0.0432  0.3455  4.0591  1.4298  2.9275  1.7323  0.7964  2.0307  0.7978  0.3429  3.3537  1.5514  4.0419  1.8889  0.1626  1.3244  0.6814  2.5227  0.7904  0.8396  0.125  0.1193  0.059  2.5306  2.3058  
trainID = 1231  5.9355  1.9134  1.855  2.19  0.3914  0.7364  0.582  1.5162  8.545  2.0648  7.9557  0.9186  0.5223  4.782  5.6528  3.176  5.0598  2.3405  3.9432  10.3777  18.7783  20.0353  6.5494  1.3297  10.6529  2.241  2.5791  6.3481  3.598  2.4986  11.1744  2.0397  1.4387  3.4361  4.6842  5.8597  0.7302  6.7456  1.919  2.7549  34.8298  
trainID = 1238  2.0048  0.701  0.9  0.306  1.3754  1.5134  0.317  1.3397  2.4794  0.988  3.4874  0.2185  1.4752  1.557  0.3733  1.2063  0.9203  0.0489  2.6089  2.051  7.153  2.9605  4.6528  4.8198  2.4858  4.216  2.3183  1.2619  1.5863  0.6234  4.6695  1.8939  0.5965  2.9541  3.1271  0.7645  1.3998  3.2788  1.415  1.1364  3.3918  1.652  2.8863  
trainID = 1242  0.0683  6.4007  2.607  0.313  1.4313  0.4134  1.851  5.0771  2.019  3.1038  7.2403  4.7681  0.6151  0.7331  0.0625  32.7046  0.2818  0.2109  3.7259  4.3734  2.0534  4.8795  11.7208  24.4121  3.674  5.0171  6.4967  2.4737  3.043  1.4524  2.4991  7.8677  1.5967  2.573  1.3641  0.8745  4.652  1.1216  0.292  1.2838  2.8682  3.205  0.1646  
trainID = 1256  3.8708  0.3911  0.96  0.8147  1.2753  2.7404  0.9  2.2331  3.9495  0.743  6.1658  1.4527  2.8288  1.2744  2.5922  2.1259  2.4402  2.7973  1.1144  1.421  8.0753  0.2051  4.4182  5.645  8.1027  3.6503  3.0926  3.3075  0.4693  0.6235  2.2169  0.7379  2.5146  5.7986  2.3609  0.7175  1.0671  3.5896  1.029  1.3711  1.072  0.818  0.2938  
trainID = 1313  5.9331  2.6191  2.416  1.983  1.051  1.2357  0.7482  6.4541  2.1676  4.6673  1.6765  1.181  1.382  3.8655  1.3059  4.5574  3.8184  0.0599  6.8773  12.9659  7.8604  8.2793  2.4518  7.7414  2.0394  1.3738  3.8545  2.6458  1.862  6.3358  0.6689  1.5339  2.3856  5.2012  2.9767  0.9864  4.2267  0.451  2.2751  1.474  1.767  0.1757  
trainID = 1321  4.0974  1.2192  0.914  0.122  2.0653  1.3454  0.636  3.806  4.0429  0.3614  2.9404  3.042  1.1561  2.3708  3.6176  0.3161  1.2625  2.6027  0.7162  0.6162  7.9295  7.5727  5.2181  4.5025  6.5992  1.719  0.8557  3.3197  3.0063  0.7696  5.4714  2.8964  0.1276  2.2307  4.7152  0.8344  1.1305  5.8266  0.234  2.2919  34.4068  
trainID = 1325  0.2058  4.3659  0.43  0.157  0.1443  0.6614  0.797  0.782  3.8853  3.3818  4.2974  5.9913  3.4071  0.7991  2.5049  1.5772  34.559  0.0369  0.8179  3.5259  4.6619  3.1104  4.76  7.6452  9.6607  10.0693  5.8166  4.7057  2.255  3.1131  2.4854  3.3639  5.97  0.6131  2.7795  3.3338  3.5717  2.0596  2.3104  2.685  2.3237  1.536  0.597  2.0227  
trainID = 1336  3.0481  5.1956  0.423  0.7704  0.195  0.25  1.619  0.0041  1.6905  4.5898  3.8742  2.5754  1.0958  1.0354  0.0851  3.0897  31.932  0.23  0.8969  2.0009  3.5166  1.1904  3.0576  3.3266  0.6445  6.406  2.1841  2.2732  2.0679  1.8543  2.4354  1.8023  1.7953  0.0064  1.735  2.1426  0.5805  2.7713  0.942  2.8697  0.7741  
trainID = 1430  3.7551  1.1105  1.32  1.2355  0.9361  1.3784  0.136  0.2362  5.4238  1.642  4.4633  1.4077  0.4501  1.0075  4.8186  1.8922  2.7412  3.1507  2.4223  5.6639  7.487  4.7141  5.3098  3.8644  7.8665  0.746  1.9306  3.0483  0.8516  0.0337  6.9342  2.2077  3.6123  5.085  3.8961  2.2323  0.9585  1.4672  0.73  1.3915  0.156  0.019  1.5796  
trainID = 1433  0.315  1.8992  0.324  1.391  4.0408  1.0159  1.5423  4.1079  6.8761  4.014  1.1978  0.3867  1.2959  33.8948  0.4926  1.5729  4.8999  3.9193  0.2475  6.0591  12.0903  28.3466  3.0511  6.2649  8.8215  2.2428  0.5746  0.8025  3.8695  11.3728  3.2135  3.773  1.8956  2.1511  3.111  5.84  1.492  3.6257  4.4402  2.8353  0.3213  
trainID = 1439  1.1279  2.8687  1.862  1.3414  1.4928  0.5494  0.91  0.5021  2.2722  1.8175  2.4053  2.893  1.8735  0.0116  0.7795  0.9788  32.0848  0.5737  0.081  0.965  4.9053  1.0657  3.6734  4.2341  8.6362  2.5509  3.3323  3.9992  0.6145  0.3257  1.5793  0.8234  4.0107  1.1804  0.222  1.3801  1.7103  2.5936  0.3921  2.117  0.315  1.613  1.841  0.9348  
trainID = 1467  1.562  1.8629  0.9206  0.721  0.969  3.0377  2.5373  2.4183  6.026  3.9433  0.0271  0.3991  2.3785  35.506  2.1091  1.7199  2.6289  6.6149  0.6185  7.2171  6.8944  24.5913  5.0651  5.6845  6.246  2.7611  0.5039  1.6519  3.2259  10.2583  0.3283  3.6732  1.4325  6.1557  2.9937  3.7305  0.409  1.3443  2.67  2.013  0.2845  
trainID = 1476  1.9367  1.7241  0.941  2.5848  2.3193  1.1945  37.9069  0.3846  3.5534  0.6873  4.5716  3.6017  0.9216  2.0107  0.3538  2.2234  34.5053  0.906  1.2669  3.3939  4.5697  0.9034  3.5282  0.4708  1.4113  4.1678  3.7168  0.3821  0.362  3.6036  3.1346  0.1162  3.4746  2.4537  0.3011  3.0468  0.702  0.1512  0.908  1.136  2.4806  
trainID = 1487  1.4901  3.0978  0.14  0.427  0.8714  0.9454  1.283  0.6837  2.1705  1.8755  2.1486  2.4943  0.2091  0.5701  0.4815  0.2022  31.2034  0.2012  2.8589  2.9419  3.1595  1.1623  1.7626  0.8335  5.8214  0.6568  3.7988  3.4934  0.0507  1.5368  2.5583  1.313  1.1191  0.848  1.6324  1.3391  1.9373  1.1302  1.1031  4.48  0.9463  1.052  0.368  3.5966  
trainID = 1497  1.4191  4.6107  2.835  0.9827  0.4502  0.0953  1.42  0.4658  3.2555  1.3137  4.5188  4.0838  2.3134  1.4519  1.252  0.9113  32.8147  0.8449  2.5849  1.8139  5.4184  1.1878  4.7416  4.3997  3.4037  6.5744  5.5109  2.7435  1.9777  2.9137  1.1267  2.7658  3.0596  0.0266  4.6975  0.9728  0.1  1.9602  0.333  0.471  0.3707  
trainID = 1537  1.5402  4.4861  0.674  0.282  0.2669  0.3029  36.176  0.57  3.6755  0.5888  8.2584  5.7645  0.7275  2.7554  2.4837  2.2637  32.7954  2.7135  4.0069  4.0879  3.752  0.0229  3.2124  7.7302  3.6821  12.0782  5.8838  2.4764  3.3455  2.0701  2.8336  2.3186  5.3653  1.9035  5.2457  0.4898  0.9864  2.8102  0.088  1.996  2.3467  
trainID = 1553  0.7318  3.3332  1.396  0.172  0.5834  2.4114  0.082  2.9946  1.133  1.9781  0.9141  2.9963  4.8451  1.1587  1.1908  0.3802  0.1503  0.304  2.9159  3.2313  0.6491  1.3463  4.6003  15.0281  5.6991  4.3305  5.88  0.216  4.627  1.8897  1.8669  5.8343  0.266  0.57  0.5916  0.778  3.5905  1.6991  0.902  2.4373  1.942  3.9483  0.1812  
trainID = 1578  2.5208  0.5909  1.6097  1.105  0.8577  1.157  0.8375  0.3758  0.0525  2.1652  0.2261  1.9118  1.7766  3.2231  1.1571  0.2899  0.6288  2.5492  3.0608  1.5835  2.0069  4.7827  1.906  1.792  0.303  1.9761  2.3434  1.8337  1.0726  3.0738  2.4007  0.1411  0.8459  0.6841  0.1721  0.6975  0.3636  1.8226  0.1028  0.261  0.182  2.4576  
trainID = 1590  1.7861  0.1205  1.8848  3.0829  0.8444  1.0081  1.4614  0.4699  1.2904  2.4079  0.3362  0.0702  1.751  0.112  0.2679  1.4875  0.4121  0.453  0.8462  5.111  1.4058  2.1799  2.8246  2.2495  3.0603  1.8737  1.6976  0.1457  2.1779  0.1384  0.0313  0.7384  1.4908  2.1413  0.6052  0.7915  1.7805  0.618  0.8736  1.226  1.949  3.7632  
trainID = 1611  4.0598  1.4272  0.99  0.014  1.8414  2.1694  2.4377  7.3296  0.5929  4.8675  1.6903  3.5802  2.0051  3.843  0.6834  3.2975  1.0389  3.0591  4.9201  8.4258  6.7717  7.8448  4.6386  10.645  2.3065  2.0287  4.3789  0.7994  1.4404  5.3309  1.3447  2.1628  2.035  3.8691  3.2357  1.1745  1.6757  0.208  3.9734  0.486  1.103  1.365  
trainID = 1617  4.4711  2.4722  2.0016  2.19  2.3038  1.5304  4.2437  10.0476  0.5933  6.1213  0.5591  4.1253  2.3761  3.7843  3.017  2.8259  3.268  1.9897  10.3235  17.517  11.6282  8.7595  2.2052  10.1094  1.308  1.2367  7.2794  0.3003  0.8519  9.535  0.8329  0.3062  3.1897  1.8495  1.9252  2.7968  2.4211  0.878  3.1405  0.742  2.153  2.2008  
trainID = 1618  2.3129  3.4926  1.3243  2.4512  0.0041  1.0537  1.152  3.3471  0.3773  0.9056  1.7754  1.6285  1.1403  2.7028  1.6016  0.5011  31.4736  1.2542  1.1429  3.4349  1.547  2.5822  0.5765  0.6154  4.1162  0.4877  3.6829  0.9962  0.07  0.8452  2.6093  0.2242  3.2061  1.0797  0.311  2.7987  0.2073  0.5837  0.327  2.109  1.4754  1.632  1.965  1.348  
trainID = 1627  5.2725  1.1543  1.2305  2.344  0.6584  1.2414  0.642  1.5298  4.6873  1.5364  3.8241  1.587  2.7699  3.0399  3.3525  0.5125  3.0935  1.1284  0.5722  6.6957  9.3631  5.434  5.974  0.3347  9.2172  0.505  0.3206  1.5491  1.1716  0.5665  7.1327  3.4679  0.6526  4.2764  4.6692  1.225  1.9517  2.7078  1.4076  3.8309  1.032  0.496  1.6384  
trainID = 1639  1.2574  3.3017  0.596  0.572  0.2187  0.0641  33.8535  1.0966  2.4248  1.6428  5.2118  5.6546  0.156  2.7097  0.8928  0.9864  33.7067  2.1058  0.3199  1.9039  4.7311  1.4323  5.396  2.2028  0.6022  7.029  4.4817  0.9436  1.362  4.3754  4.0396  0.4917  2.6685  1.9458  4.5578  0.8073  0.7999  3.3049  1.282  2.62  3.2338  
trainID = 1676  6.5276  1.4154  1.944  2.356  0.8799  1.6014  0.0574  8.3061  1.3388  3.9684  3.0159  1.0226  2.868  5.3908  1.3027  0.6055  3.625  1.4972  7.6333  12.998  7.8969  8.9515  0.0717  8.8719  0.927  0.7787  4.2605  3.9816  0.5139  6.5321  2.4635  2.2781  3.2966  5.2522  2.7587  2.471  3.2687  0.222  4.1997  0.374  0.683  2.0088  
trainID = 1686  1.2932  4.2678  0.242  0.201  0.3348  3.1434  36.0824  1.2818  4.61  4.3898  4.161  6.9668  3.2962  2.3409  0.7061  3.4906  34.0409  0.2082  1.4589  2.6249  4.6209  3.9916  3.4493  9.6871  9.3961  15.6044  4.0178  6.041  1.2635  4.2613  2.7778  3.8053  7.0239  0.5944  2.8427  2.3063  1.2894  3.5307  1.447  1.643  2.6918  
trainID = 1737  2.5214  0.9149  1.007  1.973  2.8511  0.1066  0.639  1.6276  0.6371  0.3412  1.4334  0.7367  2.4049  2.5069  0.731  2.0514  0.534  0.0819  1.2486  4.8625  2.4958  1.4575  0.4088  2.6061  1.3259  2.1908  2.4495  1.7622  2.3849  3.1686  0.3657  1.5313  0.3284  1.2938  2.5228  0.3409  1.0792  0.2443  0.9744  1.3372  0.976  1.971  1.3463  
trainID = 1766  4.3956  0.757  0.255  0.673  2.7149  0.0002  2.8972  5.2737  0.5349  4.7126  0.917  4.2716  3.1686  4.132  4.03  4.8287  0.0617  1.3603  4.5115  8.5147  4.7767  6.1146  6.0865  9.4582  1.124  0.0094  2.1453  0.0881  0.9516  6.913  0.6047  2.1008  2.992  4.1922  0.6209  1.2959  1.6585  0.296  2.4726  1.976  0.821  1.0094  
trainID = 1800  0.2808  6.1573  1.735  0.8016  0.6687  1.2084  37.3098  1.8761  2.173  2.471  6.0146  8.0689  3.8541  2.5718  0.6097  0.7104  35.5036  3.9994  2.3219  2.8099  6.9065  2.7951  6.1336  13.4998  10.5911  16.9764  5.291  4.9156  1.8417  2.1042  5.6576  3.2036  5.9423  0.031  5.3529  1.4268  1.45  4.7894  1.421  1.831  1.208  
trainID = 1801  1.8713  1.9478  1.3191  0.644  0.3442  2.3634  1.498  1.8142  2.1164  4.6038  2.8399  6.4079  3.006  0.8534  1.8626  0.5335  32.9283  2.9441  0.6157  4.1189  4.8637  0.6836  2.1578  6.9005  14.0279  3.8473  6.9042  5.9864  1.0419  0.1606  3.6846  4.3198  6.9769  0.4764  3.3773  1.405  1.3409  0.4321  0.9117  0.068  2.4684  0.942  2.7072  0.2577  
trainID = 1809  0.9686  3.7041  0.818  1.3264  1.3829  1.0708  1.815  1.1246  1.5415  5.1218  0.1637  3.4308  3.355  1.4455  1.5403  1.9047  30.9048  0.8934  1.4779  2.8549  3.2829  1.3003  3.8204  1.3447  2.1169  3.9796  2.394  2.7585  0.589  1.366  3.4056  1.205  3.2192  0.0659  0.2737  0.6654  1.1798  0.8883  0.5743  0.266  1.0911  0.42  0.39  2.4197  
trainID = 1814  6.6395  0.2146  0.844  2.663  0.3787  0.6914  3.233  7.4503  0.384  8.2366  1.1757  2.0507  3.4257  5.458  2.4929  0.4474  2.1705  0.2646  7.8898  10.7798  6.2756  5.8348  2.6898  8.1674  0.161  2.5635  6.0997  1.1088  0.4064  6.0961  1.3044  0.6483  4.9976  4.2352  1.9  2.2733  4.3078  0.525  2.4786  2.089  1.687  1.7137  
trainID = 1889  4.634  2.083  1.4329  1.891  2.8096  1.2214  2.0809  4.1394  0.7059  5.4733  1.1406  3.7183  2.8257  4.2241  3.584  1.0481  3.3426  2.2284  3.0178  8.3214  3.4205  5.7014  6.0822  11.3401  2.8426  0.4838  5.3231  0.3902  1.3101  3.8746  0.5177  2.9108  3.4017  2.5322  1.2249  1.7407  0.0839  2.2191  3.6628  0.861  1.95  1.5978  
trainID = 1898  1.8807  3.437  1.055  1.6458  1.5281  4.2914  2.4211  2.5062  2.7903  0.934  4.9235  2.5431  0.0332  0.474  1.7157  36.4611  1.4444  1.7699  2.2329  6.294  1.0301  4.5059  6.8916  12.295  3.9628  5.3169  5.4429  0.642  0.3483  3.9556  2.824  5.9585  1.8058  0.3751  2.2484  1.7214  1.5792  1.7048  2.529  1.985  1.092  1.454  0.8235  
trainID = 1899  1.4399  0.0696  2.9566  1.338  0.3078  1.4184  0.139  2.8173  2.7364  4.2041  2.4728  2.3502  0.4145  1.4957  2.0389  2.9814  1.8702  0.7245  0.8111  4.2705  1.0816  2.4432  1.5131  2.8753  3.4883  2.2808  2.1983  1.948  0.5241  2.2263  1.0956  1.0223  2.6938  0.5888  1.9935  1.2676  1.6085  0.5  3.4281  0.972  1.341  2.4559  
trainID = 1928  3.0425  1.0867  0.383  1.244  0.1163  1.7544  0.0195  2.467  2.3681  3.3229  0.2564  2.8406  0.1207  0.7273  0.161  0.0577  1.1728  0.6046  1.2158  4.6545  1.262  4.0631  5.9413  5.6368  5.0219  1.2549  2.1182  1.5431  3.5156  1.975  0.3096  0.3711  0.8877  1.1727  0.0225  1.2721  1.2121  0.9811  1.6936  0.045  0.143  0.2644  
trainID = 1964  2.4341  1.7957  0.313  0.003  2.066  1.2244  1.0539  0.0105  0.5467  2.654  0.6575  1.1123  1.1598  1.7013  1.8753  1.3344  0.0619  0.7764  1.2713  6.2126  0.5464  2.3062  1.9127  1.2424  2.5522  2.2603  3.3472  0.1462  1.3133  2.0626  1.568  3.1228  1.5088  3.8157  0.7199  0.0753  2.1681  1.869  0.1961  1.618  1.327  2.2141  
trainID = 1969  1.4008  0.3525  0.085  0.665  0.0166  0.6424  1.443  0.385  2.6367  1.2473  1.5472  1.2433  0.3388  2.3219  1.9162  1.6093  32.9073  0.0894  0.5838  0.9311  0.5844  1.1278  4.7085  0.9746  3.9917  1.1668  4.8377  0.8234  1.5318  3.0726  2.4613  0.3324  0.5183  0.4735  0.5727  1.9925  1.0711  2.1517  1.2011  3.623  0.5743  1.81  2.012  0.9007  
trainID = 1986  1.1414  1.3807  1.4406  1.471  1.4685  0.5554  1.1585  2.3208  1.6782  4.5318  0.7613  1.9413  1.2842  0.7387  0.9553  0.3475  0.3561  2.0849  1.8573  5.1345  0.0962  3.0124  5.3437  6.7242  3.9658  2.7271  2.3148  4.3735  2.0097  5.4713  2.9565  2.3625  0.9224  2.0745  1.9216  1.0489  0.3949  1.9112  1.7861  2.344  2.3573  1.8571  
trainID = 1999  1.9246  1.6276  1.9566  1.658  0.9011  2.7434  0.3103  5.8031  1.0926  6.0395  1.3023  3.3554  3.971  5.063  2.9797  3.218  1.6435  0.8283  5.4143  7.873  3.5111  5.8938  2.1398  8.3884  2.4846  1.7778  3.506  0.1953  1.2095  5.3774  0.2562  2.2943  6.3218  2.8265  0.4083  1.706  2.4082  1.878  3.1663  2.9516  0.621  0.7444  
trainID = 2014  4.5786  1.2667  0.185  1.604  0.5524  2.0434  0.0668  5.8432  1.6444  8.2049  2.8587  2.2388  1.4856  4.3612  1.1719  0.9964  1.7319  1.0956  3.6363  6.2911  1.5138  2.9774  7.1805  5.9398  1.383  1.2478  4.3209  0.7319  0.9838  2.225  0.8423  2.1277  2.5879  3.8596  1.6715  1.3512  0.3143  1.3588  2.4555  1.103  0.727  1.8203  
trainID = 2021  0.67  1.8015  1.328  1.2199  1.6081  2.2494  0.924  1.1932  3.5204  1.4348  3.8584  5.4255  3.8054  2.0664  1.6379  0.429  32.5809  2.9554  2.4659  1.1058  1.6949  0.7631  3.4079  7.1142  6.9806  10.2412  3.7665  2.4485  3.4221  0.0319  2.7734  2.8478  4.853  2.2234  4.6104  1.7445  0.1504  2.8688  1.9119  3.509  2.2639  0.386  1.435  0.1187  
trainID = 2024  0.222  2.0835  1.0857  1.857  2.7595  3.3495  5.2588  2.7735  7.3815  5.4311  1.5658  2.7248  0.1147  37.1148  3.8752  0.8249  6.4079  4.4834  0.962  6.5504  14.0721  30.9445  1.0031  7.1358  6.7731  1.4136  0.5309  3.1836  4.9056  11.252  0.688  5.2324  0.1071  4.0447  4.6302  4.8234  2.105  2.3632  2.313  0.937  1.1263  
trainID = 2026  1.8066  1.8596  0.921  2.8852  1.5493  0.9047  36.722  0.8392  3.0335  1.8849  6.6073  3.3351  1.7056  3.0698  2.1202  3.0166  33.0047  0.8767  0.6285  3.1079  4.8847  1.4649  3.3703  4.2765  0.9915  9.0326  4.2886  1.3268  2.4007  1.2517  6.5036  1.221  3.9697  0.277  1.345  1.1931  2.8847  2.2528  0.608  0.542  3.1841  
trainID = 2029  5.7058  1.1877  1.387  1.084  1.4209  0.8065  1.058  6.2027  1.1867  4.403  1.2779  2.9548  0.5849  3.9355  2.1246  1.5415  1.066  0.4618  9.0169  9.1088  6.9969  5.3435  3.3065  8.1084  1.804  2.2154  3.4143  1.151  0.842  5.0596  1.5892  0.0515  1.6648  5.8652  1.1766  1.5823  3.1522  0.916  2.6009  0.86  0.806  2.0435  
trainID = 2083  0.4897  6.7274  0.425  0.036  1.545  0.4884  1.119  2.4748  3.6308  3.9898  4.7588  7.4156  0.5086  2.1178  0.5864  0.3077  32.1957  3.8495  2.0859  1.8959  4.4916  1.1925  4.9467  8.4064  10.8015  11.2385  5.2671  4.508  4.1558  1.1438  1.6717  3.5644  8.5279  1.7857  5.2699  1.1325  1.851  1.8684  3.5257  2.606  2.81  0.776  0.438  1.1415  
trainID = 2096  1.2243  0.2665  0.905  0.583  2.3843  0.3924  0.653  0.5762  1.4515  1.114  3.3825  2.0749  1.9465  0.9524  1.35  1.2177  1.9077  0.494  0.8538  0.7366  5.1523  1.2769  5.8466  0.8089  1.7184  4.1601  0.1927  0.4259  2.018  0.1011  4.3199  0.6831  2.482  0.198  4.9432  0.4004  1.0146  1.9677  0.005  1.8085  1.262  0.345  1.2775  
trainID = 2107  0.0206  2.4375  2.0014  2.007  1.2303  2.0319  34.9423  0.5804  5.0191  2.9197  7.0859  4.3535  2.605  1.9941  0.1689  1.1935  33.0986  1.4561  0.8809  3.1659  5.073  0.0661  4.6792  3.6095  2.0201  8.3422  5.9742  2.1779  1.9332  3.9255  1.5744  0.0572  3.7426  2.322  2.6206  0.4177  0.0032  0.1036  2.982  1.007  1.2716  
trainID = 2119  2.0671  7.4986  1.869  0.12  0.6024  0.9824  34.977  1.1727  6.4331  2.9784  4.9321  7.7272  5.9671  0.163  1.3277  0.5334  34.8836  0.8754  1.8259  4.0469  4.7417  1.7704  4.2232  16.5984  14.3915  18.9498  7.7681  5.9156  1.1008  1.0648  1.9717  5.4696  7.2618  2.0307  5.9152  0.7855  2.8759  5.7184  2.743  1.299  0.6207  
trainID = 2171  2.8832  4.7942  0.315  2.8987  2.3565  1.142  38.514  1.2439  4.2218  4.6038  11.3253  7.3859  2.3413  2.2729  1.6402  4.541  35.9547  3.8926  3.9619  3.5329  6.7056  2.69  5.5595  6.3761  3.1076  8.9577  5.5939  2.3038  4.04  2.9724  3.6856  1.568  4.4827  0.6491  2.7955  2.2625  0.2076  1.43  1.078  0.45  1.2261  
trainID = 2196  1.1269  5.2788  0.612  1.674  0.1305  3.7244  2.041  3.3791  1.9115  3.7438  2.6654  5.5265  4.5147  1.5077  0.5163  0.1829  31.3244  0.603  2.8369  3.1759  1.748  1.7369  3.5857  7.0274  17.9267  4.1664  3.3428  4.6729  2.2039  3.5351  5.0836  2.0872  7.3743  2.5675  3.133  0.5757  2.0245  4.445  3.7819  1.414  0.2551  2.552  2.804  0.7399  
trainID = 2221  1.8617  1.9533  0.106  0.976  3.9601  1.6881  0.85  0.6309  0.7034  2.3779  0.9491  1.2799  1.9378  0.2414  1.2051  0.3225  0.0645  0.7808  1.3391  1.4551  3.3567  1.1864  1.3514  4.3231  0.7469  1.65  2.3454  0.441  1.3197  2.345  0.4295  1.0156  0.2208  0.9143  1.8744  3.5307  0.0199  0.0696  1.1913  1.8234  0.891  1.508  2.7606  
trainID = 2250  1.0944  1.2405  0.058  0.276  0.2235  0.0275  3.218  4.6818  1.188  0.4473  0.2872  3.1898  4.7528  0.3549  1.7444  1.4672  31.6645  0.2798  0.3585  0.2034  2.8352  3.897  1.9801  2.8083  9.0797  2.6949  5.2542  3.7871  2.3324  1.4968  0.6526  0.3881  5.4424  2.5748  0.0178  0.9826  1.5338  2.0388  3.4302  0.336  0.4475  3.1451  1.246  0.5761  
trainID = 2282  2.8427  3.3707  0.74  1.1342  1.7548  0.2144  39.0883  0.2104  3.79  1.9861  5.5995  5.9051  2.0309  0.8528  1.3416  2.3507  32.2488  1.9156  0.9559  2.3239  7.1855  1.1879  6.1771  7.125  5.6587  10.1589  6.3794  1.9507  2.4073  0.2279  5.4716  2.9547  6.0478  0.1309  3.1728  0.0571  1.0234  5.004  4.2992  0.47  2.3245  
trainID = 2293  0.161  0.3696  3.1954  2.292  3.2598  4.1927  1.8083  0.8498  10.3958  8.0915  0.8881  2.649  0.3393  33.7767  1.9644  2.0689  4.6199  6.0304  3.066  6.8442  15.1262  30.9527  0.1379  7.8254  8.458  0.6644  1.0106  2.6688  3.6417  10.4239  0.4932  5.9535  1.1582  3.9392  5.2423  4.4678  2.51  5.1266  5.2677  0.681  1.6765  
trainID = 2296  5.1818  1.2453  0.931  0.11  0.3048  0.9064  0.5821  4.3939  0.6814  8.0933  0.6324  3.6296  2.9525  4.4296  1.4312  0.341  1.8571  2.8029  3.6501  8.5132  2.0819  6.0583  6.6144  5.3999  0.443  2.3226  2.5345  0.917  1.6687  4.048  0.07  0.1678  4.0954  1.652  1.5944  0.8522  1.1791  0.39  2.3401  1.062  1.59  0.093  
trainID = 2327  2.9875  0.5298  0.001  1.213  2.8612  3.1454  0.025  0.9395  2.7215  0.7819  4.9833  0.7773  1.8412  1.9992  2.267  1.5455  1.8195  0.1022  0.8154  1.0548  3.4141  2.5329  1.8232  7.3696  7.0598  0.87  0.6717  3.0713  1.5517  0.1594  1.015  0.4512  3.1567  2.6802  0.331  1.0744  1.1875  0.9008  0.321  0.1357  4.2656  1.367  1.7382  
trainID = 2334  6.9219  2.0573  0.514  0.196  0.363  0.8584  4.0242  8.4125  1.4208  6.9598  0.617  4.7737  3.241  5.7263  6.001  5.9046  4.8214  2.5964  17.2378  21.1742  12.6517  9.0855  0.8426  8.6723  0.073  0.9065  3.9717  3.5647  2.9389  9.447  0.9508  1.5359  5.5329  5.6102  4.4997  3.8053  3.7071  0.176  2.2439  1.262  0.554  1.6674  
trainID = 2374  1.8166  0.2978  1.723  0.014  1.9783  1.3444  1.208  1.146  2.2139  0.4427  4.7912  0.2432  2.0016  1.0979  0.4964  0.2061  0.8172  0.2818  0.7656  2.3424  3.9357  1.6279  3.2864  4.6369  4.7941  3.5393  2.7383  3.7856  1.2617  0.8883  0.8282  1.0612  2.4479  1.7598  5.5322  0.6572  0.3956  0.6869  2.123  0.1832  1.79  1.103  1.4672  
trainID = 2378  0.2296  0.9339  0.152  1.3865  0.3629  1.7524  0.1707  3.569  0.9118  6.0492  2.6668  3.7462  2.8431  2.7246  1.2459  1.0601  1.5393  1.6439  1.736  8.6889  2.7913  3.7644  2.4427  7.8491  4.6676  1.0491  1.8101  0.0952  0.4726  3.9003  2.1088  0.0292  2.4427  3.3129  0.7225  0.309  2.7122  1.4724  0.5907  2.18  0.303  0.7995  
trainID = 2385  6.6541  3.7304  0.148  0.202  1.9137  2.9284  3.3643  8.567  0.7307  7.1866  0.6431  4.772  4.449  1.1442  1.293  4.1131  0.276  1.4316  6.4336  11.028  8.2553  5.2935  2.8637  10.4715  1.747  0.566  6.1917  0.6994  0.2113  8.0019  0.4634  0.4979  6.3527  5.0442  1.1868  1.8698  0.3409  0.856  2.8511  1.33  3.0279  0.2616  
trainID = 2409  1.6512  1.1265  0.477  2.2466  1.9763  0.6343  1.81  1.2705  0.4802  3.2878  3.0267  1.139  3.549  0.2291  0.5434  1.4178  1.122  0.4784  0.9799  1.1738  0.3544  2.9658  1.0356  0.4736  8.6886  2.3735  1.823  0.4508  0.5191  0.8517  2.5508  0.2041  2.1623  0.6501  1.4802  1.0062  0.3675  2.0822  2.2714  1.493  0.7488  0.277  1.817  0.0547  
trainID = 2413  5.4591  0.8059  0.113  0.804  0.3594  1.7494  4.8131  6.6496  2.312  4.7293  1.2939  4.6188  4.274  3.1244  3.926  3.0926  4.2378  1.8433  5.7395  12.2195  8.8497  8.6941  3.0061  12.5737  0.567  0.3616  6.3767  0.8127  2.3211  8.9448  1.4881  4.075  3.668  3.224  1.8921  4.6569  1.9674  1.8712  2.042  1.009  3.5214  0.8849  
trainID = 2417  6.449  0.5814  0.421  2.082  0.5858  2.0344  2.9249  5.2329  0.9649  3.4163  0.0526  3.5989  0.9194  3.7461  2.9585  3.3598  3.3503  0.222  6.1386  11.9588  8.0819  6.4568  4.4628  13.811  2.9184  1.9645  3.5518  1.089  1.2266  6.2551  0.1003  4.0773  8.0364  3.17  1.478  1.3994  2.6078  2.5136  3.6607  0.838  0.277  0.164  
trainID = 2431  0.6772  3.9389  0.371  1.1021  3.4715  0.9211  0.4505  2.3999  1.2062  0.8466  3.8188  1.9528  1.2208  0.4202  0.5508  32.4975  1.402  0.5449  3.1529  2.4605  3.1936  3.7203  1.5236  9.149  3.8298  5.2465  4.0794  1.2199  2.0682  1.9924  0.2744  4.205  0.4727  2.099  0.7515  1.4285  3.2865  1.3332  1.959  3.4105  1.362  0.565  2.8913  
trainID = 2507  4.2376  0.7877  1.2983  0.6  0.4316  1.2024  0.6841  3.3903  2.5058  4.3049  2.431  3.4876  1.7594  4.1348  3.2715  0.8365  0.3809  0.9242  1.163  4.0767  1.4756  1.8326  3.1839  2.147  2.7  4.0957  2.8013  0.1484  1.6603  3.0972  0.7159  2.6356  1.0146  2.7639  3.3617  0.5963  0.0656  0.615  0.426  1.441  1.945  0.7404  
trainID = 2531  4.599  1.5833  1.6093  0.657  1.94  2.9054  1.3292  5.4161  1.2454  7.2118  0.9727  4.5588  1.3814  3.0572  3.821  2.9427  1.0038  0.3221  7.6869  10.1313  7.658  5.1054  2.4477  7.4525  0.248  0.0985  2.0649  1.1484  0.0863  5.1889  0.8295  2.8681  4.0539  6.0852  2.3257  0.9604  3.0373  0.398  4.0898  2.8744  0.585  0.0029  
trainID = 2534  3.2431  1.6261  1.7271  1.6198  2.1842  0.8524  0.4398  3.6283  0.7273  3.2646  0.94  3.1817  1.8315  2.8791  1.5755  1.4973  0.3989  0.2436  0.7933  8.843  0.6905  4.0256  1.2715  5.3394  0.303  2.4874  0.1415  3.1441  0.8747  4.289  5.3683  0.0975  0.417  3.4711  0.7031  0.5315  1.4882  0.6  1.2636  0.424  1.047  0.6914  
trainID = 2576  1.5081  4.9019  0.757  0.9392  0.4276  1.6474  35.3211  0.2399  4.2837  2.7756  5.6691  9.1547  3.1648  0.9973  1.79  2.1449  31.203  2.0295  3.9839  3.9669  4.2887  0.0255  3.8749  10.1847  8.7614  15.4009  7.4573  4.2887  2.876  1.8701  1.7523  3.1797  8.0235  0.8514  3.8543  2.4912  0.925  3.2787  0.025  3.5547  1.5527  
trainID = 2591  3.1766  2.3327  1.818  0.034  1.66  0.3354  3.1119  3.5868  0.1066  4.9753  0.4361  1.4654  2.2925  2.6539  0.9873  2.0012  0.1876  0.3651  5.7489  7.625  4.7719  6.2496  3.2914  6.5357  0.727  1.8343  1.6443  1.8212  0.8873  5.3036  0.3042  2.7601  4.341  3.1904  0.3993  0.9934  3.1611  1.747  0.742  0.553  2.129  3.0953  
trainID = 2595  5.5612  1.194  0.209  0.817  1.3565  1.9308  3.1222  5.7524  0.0498  5.2355  0.1644  4.3791  3.4277  2.6642  1.4216  3.215  3.4529  0.5393  7.5901  11.1151  3.2992  4.5573  6.8537  7.6543  2.0036  2.4546  3.2944  1.8217  0.5087  5.4015  0.6317  0.0686  3.2178  2.4047  1.9153  1.8891  2.5154  1.0012  2.6578  0.131  0.069  0.5471  
trainID = 2602  3.2491  1.8342  0.67  1.224  1.9571  2.5114  0.863  3.2644  0.9423  5.8333  1.5266  3.6958  2.0866  4.0614  3.733  2.9973  0.1738  2.6699  1.8002  5.6015  1.6458  4.3247  10.3856  10.805  1.832  1.9549  3.479  0.4197  1.8197  0.6589  1.1291  2.0225  2.4378  1.8071  1.8794  2.6102  0.621  0.323  2.6509  2.8676  0.953  0.068  
trainID = 2604  4.804  0.104  0.111  0.323  0.5507  3.4304  3.6384  7.1143  0.2192  3.2254  1.0571  2.7212  2.7636  4.0286  3.342  0.16  3.2732  1.7506  5.7631  10.3886  7.3312  6.3022  1.8034  10.8734  2.5446  1.6884  3.8943  0.2379  0.4515  6.0243  0.1972  1.6552  5.6163  4.3742  1.1641  0.5067  0.7206  0.663  2.9975  3.0137  0.236  0.2379  
trainID = 2625  1.2489  1.8053  2.9087  0.59  1.6529  1.4024  0.016  1.4305  0.2386  7.5671  1.87  2.6866  0.2877  0.5401  1.0061  0.0265  0.4185  2.4499  3.4626  5.7087  0.4426  3.57  3.5037  5.7561  2.6403  1.8948  2.7372  3.4227  1.599  2.6266  0.623  0.0171  2.4894  2.1913  0.9621  1.3106  0.7355  0.86  0.4743  1.76  2.769  2.2173  
trainID = 2649  0.5361  2.8456  0.017  0.361  1.1623  1.2154  2.993  3.2611  0.6395  2.5608  0.2892  2.3224  4.2379  1.5916  2.0719  1.7519  0.6707  0.2299  2.2989  2.0832  1.4626  2.8863  0.2419  11.3979  3.7603  2.9967  4.8026  2.3002  0.832  0.4469  0.9732  3.0003  2.0124  2.2203  0.6661  1.6133  2.712  1.2545  0.378  1.2248  3.0604  1.155  0.4077  
trainID = 2672  1.2449  4.0164  0.363  0.047  0.7515  0.3644  0.241  1.1858  2.9864  3.1288  3.6277  4.2165  1.9686  0.4602  1.631  1.2774  31.4743  0.6563  2.8019  1.8909  2.2429  2.4788  4.2271  2.5265  9.3169  5.8522  4.8249  3.5692  1.1022  0.6496  2.6977  3.4081  3  0.4784  1.5205  0.871  0.1967  4.5234  1.2576  1.341  2.2948  1.06  0.77  2.3107  
trainID = 2711  4.0142  0.0693  0.261  0.13  0.5017  1.7414  3.1092  3.7134  0.1571  7.005  0.0091  4.8355  2.4893  4.292  1.846  2.5188  2.3777  0.2894  3.3135  9.9095  6.263  5.2143  5.4414  10.5149  0.132  1.3545  4.0445  1.4485  0.2455  4.93  0.2471  2.9421  3.5802  2.7897  1.4895  0.4151  1.0832  1.1659  2.9517  0.84  0.888  1.6261  
trainID = 2715  2.4989  0.1595  0.433  0.6715  0.6096  0.9094  0.683  1.418  2.2323  0.2242  6.5337  2.1214  5.8633  3.3341  2.7447  1.022  0.5451  0.9659  0.0581  0.1289  2.1818  1.111  3.1162  9.3063  7.6065  0.555  6.2081  2.9384  1.6276  0.6184  0.2453  1.6507  3.9674  4.3487  2.9283  0.0204  1.2489  1.6106  0.711  0.1463  1.309  2.3506  1.9963  
trainID = 2724  7.7373  1.9441  2.7184  0.449  1.1087  0.9254  2.2515  9.1253  0.3602  6.0644  1.4843  3.813  3.717  6.951  4.547  5.5536  4.7759  2.6507  12.0613  15.0779  12.8587  8.2314  1.1849  9.8718  0.839  1.0719  5.3772  2.2439  0.2942  9.4529  1.0936  0.952  4.1554  4.5472  1.2869  1.0483  3.8575  2.69  3.4248  0.962  0.773  0.6663  
trainID = 2741  1.6674  5.2373  0.256  1.0409  1.3919  0.6737  37.2505  0.5951  2.701  4.7068  4.9451  6.9911  3.0512  1.0195  2.3637  1.528  35.3466  1.9213  0.8289  5.8229  4.4079  1.7509  6.1526  6.7209  4.6111  9.3649  6.9476  0.7529  3.2866  2.4499  1.0905  2.2454  7.155  0.9437  5.719  0.4031  3.532  4.9043  1.247  0.174  1.1039  
trainID = 2765  3.0625  3.7902  0.351  2.2191  1.8735  1.8563  35.1349  0.7707  0.4661  1.0997  2.1359  2.022  0.6103  2.5839  0.0734  0.062  33.0324  0.1687  1.3305  0.2213  4.592  1.5104  3.9502  1.9844  2.7775  6.2319  6.5522  4.2661  2.9507  3.286  2.1456  0.5908  0.5713  0.3249  1.0634  0.3666  3.8527  1.2492  1.519  0.07  0.422  
trainID = 2771  2.3675  5.6021  2.8562  0.614  1.6458  0.1054  36.7615  0.6913  5.8821  3.5748  7.4711  8.2692  2.4356  3.4271  2.0808  1.7313  34.4581  0.1926  2.1759  2.3429  5.4235  1.9382  3.5492  5.1324  4.233  12.6521  7.0512  2.6652  5.3199  0.5894  5.5416  3.5089  5.9482  2.225  4.4677  0.7019  1.8154  3.2324  1.081  1.661  3.8969  
trainID = 2775  1.6977  3.7055  0.353  0.258  0.8877  1.9484  1.171  0.2332  2.3923  0.705  1.1094  5.684  2.1346  0.8932  0.5599  0.6518  31.8715  0.1168  0.7359  1.5527  4.2151  1.0837  2.2369  5.1566  9.1883  5.3459  5.4604  2.9687  1.4455  2.764  2.3375  0.2152  5.032  1.213  1.2136  0.7425  0.1838  4.0303  2.7862  0.514  0.2659  1.638  2.7947  1.5836  
trainID = 2791  4.5446  0.5644  0.045  1.554  0.6477  0.7394  1.5171  4.9204  0.3106  5.1654  2.8568  2.3235  1.5338  2.8725  1.205  5.2802  3.5901  0.7441  6.9108  9.9368  8.1595  5.3759  0.7522  8.6772  0.859  0.888  3.9283  4.1834  1.3543  5.5039  2.9906  0.2945  4.7778  4.8902  2.2383  0.4101  4.4308  0.238  2.7945  1.852  0.034  0.9799  
trainID = 2837  0.0715  2.5555  1.371  0.874  1.4429  1.9354  1.367  0.0296  3.6093  3.5248  2.1381  5.9109  2.5387  1.8048  0.8648  0.927  33.8284  0.14  0.8859  2.7529  5.6522  1.4371  2.0402  6.6909  15.2735  3.5903  3.5602  5.1521  1.0085  1.0305  2.7844  5.0236  6.2678  1.3877  1.5304  1.7246  3.3026  1.172  3.0097  1.0701  1.3766  0.079  1.531  0.4475  
trainID = 2867  3.1276  2.187  2.36  1.687  1.3453  1.1194  1.3648  3.2333  3.2378  0.6229  6.1411  4.6708  1.4569  1.7551  0.9892  30.2759  1.0121  1.8319  3.8159  4.224  0.0711  2.0644  2.7603  18.1746  6.1822  5.6792  3.7608  1.8511  1.8697  0.2739  2.0948  4.8894  1.0872  1.0693  0.8491  4.5739  2.8997  0.7814  0.68  2.1683  1.947  4.2709  0.2786  
trainID = 2876  6.3271  1.6787  0.109  0.702  0.0092  0.3634  1.9016  7.9739  0.4509  7.1181  0.6729  3.8529  2.5798  5.2039  2.6628  1.8813  1.4749  0.7559  7.4927  11.0294  7.5845  7.1256  2.1254  9.3374  2.1821  2.2279  3.8656  0.3857  0.5938  3.9152  0.2344  2.8639  6.7427  1.6065  2.5517  1.9857  2.7874  0.071  1.7852  0.239  1.008  0.8692  
trainID = 2886  0.2645  0.3646  1.111  0.647  1.0112  0.5474  1.6762  1.1498  0.2347  2.2562  5.1524  3.0973  0.6814  1.2774  0.5937  32.3082  0.8583  0.8869  1.6719  3.5283  2.1658  2.1261  3.9587  6.3219  3.0402  4.52  3.165  0.5896  0.5311  3.6606  1.4672  4.0759  1.1317  2.534  0.4209  0.5182  0.1116  0.6829  1.5683  2.9943  1.024  3.7877  2.3236  
trainID = 2910  0.6106  4.0011  2.626  0.389  0.9556  0.8374  35.1921  0.9561  4.7951  2.9573  3.4255  5.2788  2.0297  1.6977  0.2675  2.6129  32.6385  0.8073  1.7659  3.1679  2.6396  1.5045  5.3817  5.0629  4.4408  12.2221  4.3105  4.3965  3.1299  2.7425  4.3546  1.9862  5.1635  3.8357  5.1017  3.0692  1.4371  2.2015  0.525  1.688  2.8138  
trainID = 2914  9.5359  1.0484  0.098  1.373  1.5089  2.2234  2.1599  9.1931  1.1285  5.7798  2.0572  3.3655  3.3535  6.3479  5.712  5.4603  3.7462  4.9529  20.4646  24.5628  19.7307  9.9244  4.0754  14.2541  1.308  2.1155  9.4975  3.1996  2.7227  11.9446  1.7252  0.4175  3.4844  5.1882  2.0635  1.3883  5.3063  0.859  4.9234  1.167  0.892  1.6795  
trainID = 2918  2.5582  4.0247  0.824  2.064  0.2188  0.4866  36.8065  0.275  6.5851  3.8328  6.2612  8.0693  4.727  2.9446  0.3127  4.0948  34.779  0.5013  0.7419  3.6209  4.0151  1.6985  6.7981  10.4364  6.7266  13.7327  7.0763  4.0895  3.3352  0.0417  2.7014  3.0489  7.799  0.8691  4.9433  0.0507  1.1224  3.7976  2.539  0.633  3.1291  
trainID = 2921  3.58  0.4431  0.763  1.372  1.2634  2.1014  0.193  1.4888  2.5759  1.3094  3.1662  1.3831  3.4774  3.522  4.038  3.482  2.6305  2.3906  0.5021  3.8675  8.0547  2.3462  5.8875  5.7853  8.3643  0.34  2.4997  1.3577  0.2595  0.108  6.3243  0.9987  2.5106  3.1885  1.3654  0.4984  1.2774  0.1405  0.893  0.1026  2.708  1.372  1.5869  
trainID = 2953  3.8695  0.723  1.4541  0.8784  1.0225  1.4946  1.179  1.2817  1.8289  0.8834  3.3947  1.043  1.9768  2.2791  0.1736  1.472  0.8095  2.0287  1.7359  2.1548  4.8155  0.1098  2.3876  1.4555  1.8865  2.4671  3.1344  4.1402  0.8709  0.7458  2.0716  2.4616  1.4024  1.2882  2.6714  0.985  0.011  2.3853  1.308  0.8275  0.895  0.706  1.5342  
trainID = 2959  3.9995  3.9528  0.686  0.7107  0.8954  0.9447  34.2549  0.4326  2.2633  3.3398  4.7966  4.127  1.5929  1.1908  1.8136  2.9782  32.6238  0.0458  0.8253  3.6569  4.0026  0.3544  3.614  4.4309  2.2059  6.8027  2.2332  1.581  0.5939  1.275  4.1556  0.0961  3.1554  2.0314  3.2629  0.0209  0.8179  2.1914  0.989  0.672  0.3578  
trainID = 2995  0.3784  3.1717  1.301  0.319  0.3948  0.4604  1.8895  4.5366  0.6231  6.8138  0.4484  4.3717  4.072  2.4601  2.3043  1.3986  0.7295  1.3743  0.3001  3.6005  0.9861  2.7083  4.81  6.2901  1.612  2.489  0.8516  2.3522  1.0311  0.5082  0.8161  1.2432  3.8998  1.0918  1.0265  1.129  1.1586  1.4116  0.0054  5.611  1.125  1.2217  
trainID = 2996  1.448  3.171  0.409  0.255  0.673  1.2344  1.125  2.1777  1.6951  0.1118  1.8741  4.7733  3.908  0.4036  0.9743  1.3758  32.7807  0.2583  0.3137  2.3629  3.0539  1.4913  2.5628  1.2396  12.4916  0.5746  1.513  4.7596  3.1477  1.4654  1.9568  1.7584  4.4777  2.5161  1.31  1.0589  3.7126  2.6877  1.6587  1.909  1.0931  2.34  0.392  3.2151  
trainID = 3000  2.614  2.7852  1.217  0.624  0.5421  3.8734  1.91  2.5689  1.8626  3.1878  0.0495  3.8718  4.8146  0.8226  1.1069  1.3833  32.8165  2.6036  3.0939  1.6439  1.7022  0.9408  3.7811  6.1019  20.1461  3.7557  1.785  5.9462  0.9364  0.5153  0.5233  3.6987  7.8214  2.9901  2.8122  0.8872  2.2436  2.7276  2.1861  2.288  1.1947  4.846  1.171  2.5302  
TrainID = 1050  dbValue = 1.26919  nTestCell = 44  nTrainCell = 42  nDiff = 2  (X,Y) = (1565, 2555)  Position Error = 40.8534
TrainID = 1216  dbValue = 1.30643  nTestCell = 44  nTrainCell = 44  nDiff = 0  (X,Y) = (1525, 2545)  Position Error = 37.5366
TrainID = 2221  dbValue = 1.39529  nTestCell = 44  nTrainCell = 43  nDiff = 1  (X,Y) = (1545, 2535)  Position Error = 18.6815
TrainID = 1578  dbValue = 1.40239  nTestCell = 44  nTrainCell = 42  nDiff = 2  (X,Y) = (1495, 2525)  Position Error = 55.5788
TrainID = 1590  dbValue = 1.40395  nTestCell = 44  nTrainCell = 42  nDiff = 2  (X,Y) = (1515, 2555)  Position Error = 51.6624
TrainID = 1737  dbValue = 1.48306  nTestCell = 44  nTrainCell = 43  nDiff = 1  (X,Y) = (1565, 2565)  Position Error = 50.2892
TrainID = 2409  dbValue = 1.48457  nTestCell = 44  nTrainCell = 44  nDiff = 0  (X,Y) = (1575, 2585)  Position Error = 72.45
TrainID = 2096  dbValue = 1.55521  nTestCell = 44  nTrainCell = 43  nDiff = 1  (X,Y) = (1505, 2535)  Position Error = 48.4665
TrainID = 1964  dbValue = 1.57515  nTestCell = 44  nTrainCell = 42  nDiff = 2  (X,Y) = (1505, 2565)  Position Error = 65.7951
TrainID = 1928  dbValue = 1.62673  nTestCell = 44  nTrainCell = 42  nDiff = 2  (X,Y) = (1495, 2585)  Position Error = 87.4586
TrainID = 2953  dbValue = 1.68009  nTestCell = 44  nTrainCell = 43  nDiff = 1  (X,Y) = (1515, 2545)  Position Error = 44.8219
TrainID = 353  dbValue = 1.74579  nTestCell = 44  nTrainCell = 42  nDiff = 2  (X,Y) = (1575, 2595)  Position Error = 81.9085
TrainID = 2374  dbValue = 1.76181  nTestCell = 44  nTrainCell = 43  nDiff = 1  (X,Y) = (1525, 2595)  Position Error = 81.9085
TrainID = 1899  dbValue = 1.81912  nTestCell = 44  nTrainCell = 42  nDiff = 2  (X,Y) = (1475, 2535)  Position Error = 77.1298
TrainID = 2327  dbValue = 1.85021  nTestCell = 44  nTrainCell = 43  nDiff = 1  (X,Y) = (1495, 2625)  Position Error = 121.198
TrainID = 2534  dbValue = 1.90871  nTestCell = 44  nTrainCell = 42  nDiff = 2  (X,Y) = (1455, 2545)  Position Error = 99.0404
TrainID = 1174  dbValue = 1.91525  nTestCell = 44  nTrainCell = 42  nDiff = 2  (X,Y) = (1475, 2535)  Position Error = 77.1298
TrainID = 2507  dbValue = 1.93741  nTestCell = 44  nTrainCell = 42  nDiff = 2  (X,Y) = (1505, 2565)  Position Error = 65.7951
TrainID = 2625  dbValue = 1.95047  nTestCell = 44  nTrainCell = 42  nDiff = 2  (X,Y) = (1495, 2565)  Position Error = 73
TrainID = 2649  dbValue = 1.97546  nTestCell = 44  nTrainCell = 43  nDiff = 1  (X,Y) = (1585, 2625)  Position Error = 113.53
TrainID = 2995  dbValue = 2.00776  nTestCell = 44  nTrainCell = 42  nDiff = 2  (X,Y) = (1525, 2615)  Position Error = 101.139
TrainID = 1238  dbValue = 2.02593  nTestCell = 44  nTrainCell = 43  nDiff = 1  (X,Y) = (1495, 2565)  Position Error = 73
TrainID = 786  dbValue = 2.07142  nTestCell = 44  nTrainCell = 42  nDiff = 2  (X,Y) = (1465, 2525)  Position Error = 85.3756
TrainID = 1127  dbValue = 2.10283  nTestCell = 44  nTrainCell = 42  nDiff = 2  (X,Y) = (1445, 2575)  Position Error = 119.954
TrainID = 2715  dbValue = 2.11533  nTestCell = 44  nTrainCell = 43  nDiff = 1  (X,Y) = (1535, 2655)  Position Error = 138.813
TrainID = 2378  dbValue = 2.12472  nTestCell = 44  nTrainCell = 42  nDiff = 2  (X,Y) = (1465, 2595)  Position Error = 115.365
TrainID = 1969  dbValue = 2.15628  nTestCell = 44  nTrainCell = 44  nDiff = 0  (X,Y) = (1585, 2545)  Position Error = 44.8219
TrainID = 1986  dbValue = 2.15675  nTestCell = 44  nTrainCell = 42  nDiff = 2  (X,Y) = (1515, 2585)  Position Error = 76.4788
TrainID = 728  dbValue = 2.1665  nTestCell = 44  nTrainCell = 43  nDiff = 1  (X,Y) = (1445, 2525)  Position Error = 105.304
TrainID = 1618  dbValue = 2.238  nTestCell = 44  nTrainCell = 44  nDiff = 0  (X,Y) = (1585, 2545)  Position Error = 44.8219
TrainID = 1487  dbValue = 2.31806  nTestCell = 44  nTrainCell = 44  nDiff = 0  (X,Y) = (1595, 2555)  Position Error = 58.8982
TrainID = 2921  dbValue = 2.3609  nTestCell = 44  nTrainCell = 43  nDiff = 1  (X,Y) = (1445, 2615)  Position Error = 143.628
TrainID = 1553  dbValue = 2.36687  nTestCell = 44  nTrainCell = 43  nDiff = 1  (X,Y) = (1625, 2645)  Position Error = 148.354
TrainID = 2296  dbValue = 2.37724  nTestCell = 44  nTrainCell = 42  nDiff = 2  (X,Y) = (1455, 2615)  Position Error = 136.488
TrainID = 2014  dbValue = 2.39476  nTestCell = 44  nTrainCell = 42  nDiff = 2  (X,Y) = (1465, 2615)  Position Error = 129.727
TrainID = 1178  dbValue = 2.395  nTestCell = 44  nTrainCell = 43  nDiff = 1  (X,Y) = (1415, 2535)  Position Error = 136.195
TrainID = 1256  dbValue = 2.40156  nTestCell = 44  nTrainCell = 43  nDiff = 1  (X,Y) = (1465, 2635)  Position Error = 145.427
TrainID = 1809  dbValue = 2.40593  nTestCell = 44  nTrainCell = 44  nDiff = 0  (X,Y) = (1605, 2555)  Position Error = 66.8506
TrainID = 2591  dbValue = 2.41387  nTestCell = 44  nTrainCell = 42  nDiff = 2  (X,Y) = (1435, 2565)  Position Error = 124.615
TrainID = 601  dbValue = 2.52586  nTestCell = 44  nTrainCell = 43  nDiff = 1  (X,Y) = (1615, 2545)  Position Error = 70.7743
TrainID = 1439  dbValue = 2.53273  nTestCell = 44  nTrainCell = 44  nDiff = 0  (X,Y) = (1615, 2585)  Position Error = 94.0691
TrainID = 698  dbValue = 2.5512  nTestCell = 44  nTrainCell = 41  nDiff = 3  (X,Y) = (1615, 2535)  Position Error = 67.4463
TrainID = 2602  dbValue = 2.5569  nTestCell = 44  nTrainCell = 42  nDiff = 2  (X,Y) = (1475, 2655)  Position Error = 157.064
TrainID = 814  dbValue = 2.58542  nTestCell = 44  nTrainCell = 42  nDiff = 2  (X,Y) = (1415, 2565)  Position Error = 143.279
TrainID = 1430  dbValue = 2.58866  nTestCell = 44  nTrainCell = 43  nDiff = 1  (X,Y) = (1425, 2595)  Position Error = 147.34
TrainID = 2886  dbValue = 2.60553  nTestCell = 44  nTrainCell = 43  nDiff = 1  (X,Y) = (1615, 2575)  Position Error = 87.1149
TrainID = 2250  dbValue = 2.63034  nTestCell = 44  nTrainCell = 44  nDiff = 0  (X,Y) = (1615, 2605)  Position Error = 109.403
TrainID = 1336  dbValue = 2.65797  nTestCell = 44  nTrainCell = 41  nDiff = 3  (X,Y) = (1625, 2525)  Position Error = 75.4255
TrainID = 996  dbValue = 2.6661  nTestCell = 44  nTrainCell = 44  nDiff = 0  (X,Y) = (1605, 2585)  Position Error = 87.4586
TrainID = 2711  dbValue = 2.6712  nTestCell = 44  nTrainCell = 42  nDiff = 2  (X,Y) = (1415, 2645)  Position Error = 186.035
TrainID = 1627  dbValue = 2.69294  nTestCell = 44  nTrainCell = 43  nDiff = 1  (X,Y) = (1395, 2585)  Position Error = 169.26
TrainID = 1766  dbValue = 2.75518  nTestCell = 44  nTrainCell = 42  nDiff = 2  (X,Y) = (1415, 2625)  Position Error = 172.884
TrainID = 2029  dbValue = 2.78726  nTestCell = 44  nTrainCell = 42  nDiff = 2  (X,Y) = (1395, 2595)  Position Error = 173.519
TrainID = 2775  dbValue = 2.7972  nTestCell = 44  nTrainCell = 44  nDiff = 0  (X,Y) = (1645, 2575)  Position Error = 111.306
TrainID = 1096  dbValue = 2.80435  nTestCell = 44  nTrainCell = 42  nDiff = 2  (X,Y) = (1405, 2565)  Position Error = 152.738
TrainID = 2996  dbValue = 2.8116  nTestCell = 44  nTrainCell = 44  nDiff = 0  (X,Y) = (1605, 2605)  Position Error = 103.774
TrainID = 2595  dbValue = 2.8118  nTestCell = 44  nTrainCell = 42  nDiff = 2  (X,Y) = (1395, 2605)  Position Error = 178.239
TrainID = 1999  dbValue = 2.8517  nTestCell = 44  nTrainCell = 42  nDiff = 2  (X,Y) = (1415, 2605)  Position Error = 161.149
TrainID = 764  dbValue = 2.85691  nTestCell = 44  nTrainCell = 41  nDiff = 3  (X,Y) = (1455, 2495)  Position Error = 97.5141
TrainID = 2431  dbValue = 2.87134  nTestCell = 44  nTrainCell = 43  nDiff = 1  (X,Y) = (1615, 2585)  Position Error = 94.0691
TrainID = 2672  dbValue = 2.88305  nTestCell = 44  nTrainCell = 44  nDiff = 0  (X,Y) = (1635, 2585)  Position Error = 108.853
TrainID = 2604  dbValue = 2.88814  nTestCell = 44  nTrainCell = 42  nDiff = 2  (X,Y) = (1385, 2645)  Position Error = 208.828
TrainID = 2791  dbValue = 2.92559  nTestCell = 44  nTrainCell = 42  nDiff = 2  (X,Y) = (1385, 2585)  Position Error = 178.463
TrainID = 1889  dbValue = 2.93794  nTestCell = 44  nTrainCell = 42  nDiff = 2  (X,Y) = (1435, 2645)  Position Error = 172.073
TrainID = 2531  dbValue = 2.95198  nTestCell = 44  nTrainCell = 42  nDiff = 2  (X,Y) = (1395, 2615)  Position Error = 183.382
TrainID = 2876  dbValue = 3.00782  nTestCell = 44  nTrainCell = 42  nDiff = 2  (X,Y) = (1395, 2625)  Position Error = 188.915
TrainID = 1611  dbValue = 3.02597  nTestCell = 44  nTrainCell = 42  nDiff = 2  (X,Y) = (1395, 2645)  Position Error = 201.02
TrainID = 1497  dbValue = 3.0291  nTestCell = 44  nTrainCell = 41  nDiff = 3  (X,Y) = (1655, 2555)  Position Error = 111.665
TrainID = 689  dbValue = 3.12462  nTestCell = 44  nTrainCell = 42  nDiff = 2  (X,Y) = (1385, 2595)  Position Error = 182.508
TrainID = 1814  dbValue = 3.20127  nTestCell = 44  nTrainCell = 42  nDiff = 2  (X,Y) = (1385, 2635)  Position Error = 202.852
TrainID = 821  dbValue = 3.22287  nTestCell = 44  nTrainCell = 41  nDiff = 3  (X,Y) = (1625, 2505)  Position Error = 75.9539
TrainID = 1313  dbValue = 3.22694  nTestCell = 44  nTrainCell = 42  nDiff = 2  (X,Y) = (1385, 2585)  Position Error = 178.463
TrainID = 2021  dbValue = 3.26925  nTestCell = 44  nTrainCell = 44  nDiff = 0  (X,Y) = (1675, 2565)  Position Error = 133.899
TrainID = 2837  dbValue = 3.28898  nTestCell = 44  nTrainCell = 44  nDiff = 0  (X,Y) = (1675, 2605)  Position Error = 152.869
TrainID = 2417  dbValue = 3.31281  nTestCell = 44  nTrainCell = 42  nDiff = 2  (X,Y) = (1385, 2655)  Position Error = 215.102
TrainID = 566  dbValue = 3.31366  nTestCell = 44  nTrainCell = 42  nDiff = 2  (X,Y) = (1365, 2565)  Position Error = 191.126
TrainID = 2385  dbValue = 3.31887  nTestCell = 44  nTrainCell = 42  nDiff = 2  (X,Y) = (1375, 2655)  Position Error = 222.865
TrainID = 1676  dbValue = 3.34324  nTestCell = 44  nTrainCell = 42  nDiff = 2  (X,Y) = (1365, 2555)  Position Error = 188.862
TrainID = 411  dbValue = 3.35085  nTestCell = 44  nTrainCell = 42  nDiff = 2  (X,Y) = (1345, 2585)  Position Error = 215.984
TrainID = 1321  dbValue = 3.388  nTestCell = 44  nTrainCell = 41  nDiff = 3  (X,Y) = (1405, 2495)  Position Error = 146.659
TrainID = 2867  dbValue = 3.41244  nTestCell = 44  nTrainCell = 43  nDiff = 1  (X,Y) = (1645, 2645)  Position Error = 159.402
TrainID = 1801  dbValue = 3.42215  nTestCell = 44  nTrainCell = 44  nDiff = 0  (X,Y) = (1665, 2605)  Position Error = 144.807
TrainID = 2765  dbValue = 3.49125  nTestCell = 44  nTrainCell = 41  nDiff = 3  (X,Y) = (1625, 2495)  Position Error = 78.1601
TrainID = 1898  dbValue = 3.50868  nTestCell = 44  nTrainCell = 43  nDiff = 1  (X,Y) = (1665, 2595)  Position Error = 138.957
TrainID = 3000  dbValue = 3.56642  nTestCell = 44  nTrainCell = 44  nDiff = 0  (X,Y) = (1675, 2635)  Position Error = 171.898
TrainID = 883  dbValue = 3.57708  nTestCell = 44  nTrainCell = 41  nDiff = 3  (X,Y) = (1645, 2525)  Position Error = 95.3362
TrainID = 1476  dbValue = 3.60995  nTestCell = 44  nTrainCell = 41  nDiff = 3  (X,Y) = (1625, 2495)  Position Error = 78.1601
TrainID = 2959  dbValue = 3.65792  nTestCell = 44  nTrainCell = 41  nDiff = 3  (X,Y) = (1655, 2505)  Position Error = 105.683
TrainID = 2413  dbValue = 3.68981  nTestCell = 44  nTrainCell = 42  nDiff = 2  (X,Y) = (1355, 2645)  Position Error = 233.257
TrainID = 1325  dbValue = 3.7222  nTestCell = 44  nTrainCell = 44  nDiff = 0  (X,Y) = (1685, 2575)  Position Error = 146.932
TrainID = 2196  dbValue = 3.75589  nTestCell = 44  nTrainCell = 44  nDiff = 0  (X,Y) = (1655, 2645)  Position Error = 165.557
TrainID = 614  dbValue = 3.76828  nTestCell = 44  nTrainCell = 42  nDiff = 2  (X,Y) = (1335, 2585)  Position Error = 225.497
TrainID = 824  dbValue = 3.79327  nTestCell = 44  nTrainCell = 44  nDiff = 0  (X,Y) = (1695, 2585)  Position Error = 160.153
TrainID = 1639  dbValue = 3.82884  nTestCell = 44  nTrainCell = 41  nDiff = 3  (X,Y) = (1675, 2495)  Position Error = 126.921
TrainID = 1617  dbValue = 3.8431  nTestCell = 44  nTrainCell = 42  nDiff = 2  (X,Y) = (1335, 2615)  Position Error = 236.282
TrainID = 2083  dbValue = 3.85837  nTestCell = 44  nTrainCell = 44  nDiff = 0  (X,Y) = (1695, 2585)  Position Error = 160.153
TrainID = 1093  dbValue = 3.92913  nTestCell = 44  nTrainCell = 44  nDiff = 0  (X,Y) = (1705, 2585)  Position Error = 169.26
TrainID = 1185  dbValue = 3.95781  nTestCell = 44  nTrainCell = 42  nDiff = 2  (X,Y) = (1325, 2605)  Position Error = 241.597
TrainID = 2107  dbValue = 3.97794  nTestCell = 44  nTrainCell = 41  nDiff = 3  (X,Y) = (1665, 2535)  Position Error = 116.4
TrainID = 600  dbValue = 4.01706  nTestCell = 44  nTrainCell = 41  nDiff = 3  (X,Y) = (1675, 2515)  Position Error = 125.016
TrainID = 1242  dbValue = 4.03687  nTestCell = 44  nTrainCell = 43  nDiff = 1  (X,Y) = (1705, 2615)  Position Error = 183.382
TrainID = 2724  dbValue = 4.05235  nTestCell = 44  nTrainCell = 42  nDiff = 2  (X,Y) = (1325, 2595)  Position Error = 238.137
TrainID = 2026  dbValue = 4.07677  nTestCell = 44  nTrainCell = 41  nDiff = 3  (X,Y) = (1675, 2495)  Position Error = 126.921
TrainID = 486  dbValue = 4.12718  nTestCell = 44  nTrainCell = 41  nDiff = 3  (X,Y) = (1665, 2505)  Position Error = 115.624
TrainID = 843  dbValue = 4.1904  nTestCell = 44  nTrainCell = 44  nDiff = 0  (X,Y) = (1705, 2605)  Position Error = 178.239
TrainID = 919  dbValue = 4.26166  nTestCell = 44  nTrainCell = 41  nDiff = 3  (X,Y) = (1685, 2535)  Position Error = 136.195
TrainID = 1467  dbValue = 4.27157  nTestCell = 44  nTrainCell = 41  nDiff = 3  (X,Y) = (1705, 2645)  Position Error = 201.02
TrainID = 2334  dbValue = 4.46477  nTestCell = 44  nTrainCell = 42  nDiff = 2  (X,Y) = (1305, 2615)  Position Error = 263.873
TrainID = 2910  dbValue = 4.51267  nTestCell = 44  nTrainCell = 41  nDiff = 3  (X,Y) = (1685, 2535)  Position Error = 136.195
TrainID = 1537  dbValue = 4.51358  nTestCell = 44  nTrainCell = 41  nDiff = 3  (X,Y) = (1705, 2525)  Position Error = 155.206
TrainID = 1433  dbValue = 4.62507  nTestCell = 44  nTrainCell = 41  nDiff = 3  (X,Y) = (1725, 2655)  Position Error = 222.865
TrainID = 2282  dbValue = 4.63587  nTestCell = 44  nTrainCell = 41  nDiff = 3  (X,Y) = (1705, 2535)  Position Error = 156.042
TrainID = 427  dbValue = 4.65829  nTestCell = 44  nTrainCell = 41  nDiff = 3  (X,Y) = (1345, 2525)  Position Error = 205.156
TrainID = 2741  dbValue = 4.73908  nTestCell = 44  nTrainCell = 41  nDiff = 3  (X,Y) = (1735, 2515)  Position Error = 185.011
TrainID = 709  dbValue = 4.85305  nTestCell = 44  nTrainCell = 41  nDiff = 3  (X,Y) = (1745, 2495)  Position Error = 196.237
TrainID = 2576  dbValue = 5.0103  nTestCell = 44  nTrainCell = 41  nDiff = 3  (X,Y) = (1745, 2555)  Position Error = 198.668
TrainID = 2024  dbValue = 5.0344  nTestCell = 44  nTrainCell = 41  nDiff = 3  (X,Y) = (1745, 2645)  Position Error = 233.257
TrainID = 2771  dbValue = 5.05657  nTestCell = 44  nTrainCell = 41  nDiff = 3  (X,Y) = (1735, 2515)  Position Error = 185.011
TrainID = 1686  dbValue = 5.05917  nTestCell = 44  nTrainCell = 41  nDiff = 3  (X,Y) = (1715, 2575)  Position Error = 174.897
TrainID = 2171  dbValue = 5.07228  nTestCell = 44  nTrainCell = 41  nDiff = 3  (X,Y) = (1745, 2495)  Position Error = 196.237
TrainID = 2918  dbValue = 5.17834  nTestCell = 44  nTrainCell = 41  nDiff = 3  (X,Y) = (1755, 2535)  Position Error = 205.789
TrainID = 2293  dbValue = 5.22655  nTestCell = 44  nTrainCell = 41  nDiff = 3  (X,Y) = (1755, 2635)  Position Error = 236.535
TrainID = 2914  dbValue = 5.28425  nTestCell = 44  nTrainCell = 42  nDiff = 2  (X,Y) = (1275, 2615)  Position Error = 291.94
TrainID = 1231  dbValue = 5.38246  nTestCell = 44  nTrainCell = 41  nDiff = 3  (X,Y) = (1295, 2575)  Position Error = 261.513
TrainID = 1191  dbValue = 5.46789  nTestCell = 44  nTrainCell = 41  nDiff = 3  (X,Y) = (1755, 2555)  Position Error = 208.492
TrainID = 1800  dbValue = 5.47597  nTestCell = 44  nTrainCell = 41  nDiff = 3  (X,Y) = (1725, 2575)  Position Error = 184.361
TrainID = 2119  dbValue = 5.71217  nTestCell = 44  nTrainCell = 41  nDiff = 3  (X,Y) = (1735, 2595)  Position Error = 200.771
