trainID = 132  4.772  2.7871  0.6977  1.007  1.123  1.0673  0.9471  5.0524  0.8379  3.7222  5.0148  1.1546  2.3948  3.6029  1.7719  3.5136  1.6807  2.3725  5.9673  3.7094  5.3314  6.0696  1.6161  8.7667  2.7738  4.5168  4.5855  3.1008  0.19  3.6565  4.9222  1.2524  4.1616  0.1065  0.9559  6.3157  1.51  2.7478  1.426  0.767  1.493  1.85  
trainID = 158  2.9784  1.9686  5.0062  0.037  1.6494  1.2603  0.274  2.4468  0.8852  0.3121  3.6454  5.0158  0.4582  3.0613  0.7216  1.1091  2.0342  0.0495  5.9437  6.8804  3.2452  5.0178  7.3972  2.9772  2.6486  3.4106  3.0582  0.4725  0.05  1.5669  4.0052  3.5842  3.4787  1.8428  1.7442  6.0524  1.2123  2.4298  2.1612  0.422  1.454  1.5731  
trainID = 165  1.3303  3.9175  2.6792  0.054  2.5643  3.7353  4.3749  0.7386  1.3957  0.4999  1.6768  1.848  0.3268  0.2642  2.215  1.4374  2.3524  1.9914  4.0495  0.7327  0.3106  0.1915  3.4275  2.8679  0.547  3.8904  0.6028  2.071  0.4166  1.9  0.5253  1.7939  2.7976  0.291  1.3395  0.3771  4.1648  1.0251  0.1336  0.9332  1.299  2.6636  2.0831  
trainID = 168  1.5603  1.2696  2.2712  0.859  0.5743  0.7023  0.0595  0.7674  1.2528  1.5176  0.6492  2.7605  0.7413  2.3116  0.8074  0.1665  2.7185  0.4815  0.7124  3.2855  4.5455  0.2109  0.5418  0.046  0.781  2.1004  1.0337  0.7821  2.1868  0.7622  1.4595  1.9016  0.2213  1.3187  0.8386  2.4665  1.011  3.5558  1.0673  0.134  2.211  2.1215  
trainID = 183  2.4851  0.3424  0.0584  1.077  0.6724  0.3993  0.9688  0.8453  2.8929  0.2786  1.9337  0.4269  0.1314  2.9338  1.9468  0.8383  0.5361  1.2447  4.8195  0.6904  3.0449  0.051  6.4271  1.2025  1.3814  0.1609  3.4433  3.2121  0.0707  2.3277  2.1896  2.9304  3.3549  1.6245  1.6371  1.58  0.2481  2.1628  0.5236  33.7676  
trainID = 208  0.2552  0.1133  2.5282  0.818  1.2124  1.2373  2.1524  1.3547  0.5497  0.0599  4.1161  1.0165  0.1653  0.3733  1.725  1.9206  1.4193  1.7961  3.125  5.4946  4.164  1.0302  1.0832  2.8668  0.191  1.4165  1.2088  34.7671  4.5553  3.2797  5.0746  4.3118  1.3644  1.5927  1.791  5.0451  0.897  0.4537  0.3511  0.8423  0.698  0.823  0.4193  
trainID = 219  1.8662  1.3639  1.5702  3.3964  1.4906  1.4063  0.1768  0.2327  0.2208  0.1766  1.1967  0.3135  3.3821  2.5539  1.482  1.5378  1.1186  0.5458  0.3203  2.6358  4.1809  0.4926  2.3411  1.628  0.836  0.2227  1.5998  3.2826  1.1961  3.9038  1.7214  0.9013  1.739  1.2073  1.7251  2.9775  1.4804  2.3018  0.3796  0.654  0.643  1.4883  
trainID = 224  0.3087  1.6252  3.7482  1.234  0.2295  4.0723  6.4492  1.0852  1.1137  1.1852  1.049  5.7601  1.3385  1.2766  1.813  4.0456  0.3056  2.4632  3.9145  3.5068  0.3687  1.1829  4.4368  4.5678  1.8738  3.6014  0.1258  1.95  0.1813  2.0553  1.798  3.7291  3.7928  1.1625  1.619  1.4281  3.9079  2.9736  2.0248  0.614  0.229  0.528  0.2022  
trainID = 242  3.302  0.6175  4.1332  5.4624  3.4616  2.997  1.7638  3.0645  3.8913  4.2021  2.924  4.974  1.4927  3.7717  1.9574  10.3272  13.3676  5.3126  3.0915  1.1116  9.4518  0.673  5.795  2.5777  34.0442  1.0496  4.0086  3.8165  4.1853  3.2163  0.9601  3.0932  0.8934  2.234  0.4656  0.0361  5.341  0.436  0.599  1.4135  
trainID = 271  2.6716  6.5716  2.5502  0.232  1.3334  0.7689  1.3545  7.6401  3.6945  6.2639  6.6472  3.5016  1.1429  2.3868  0.5735  2.2113  2.6875  2.1477  9.8849  8.9409  6.5986  15.7936  23.4444  4.9877  6.5201  8.3792  4.8993  0.9061  1.1408  6.9953  12.822  1.3989  7.6801  4.6191  3.0924  7.5037  4.8488  2.5278  5.8886  0.736  2.1491  0.5509  
trainID = 316  2.9065  2.0796  4.3602  35.2972  4.2921  5.4522  0.0449  3.9474  3.123  4.5684  3.6221  0.8844  1.556  3.0994  2.033  4.9803  2.7077  17.6588  10.2059  1.7942  1.5065  9.6722  0.923  1.245  2.4998  33.6786  0.6559  5.2391  8.9078  1.2954  2.2758  2.4414  2.9732  0.6798  1.1197  4.3629  1.3157  3.6759  2.4452  1.9346  0.2926  
trainID = 340  1.7695  1.9136  1.2962  0.627  1.0463  1.0563  0.7233  4.4022  3.2667  0.124  0.1222  2.6993  1.6658  1.9847  1.6438  3.5997  1.0817  6.0173  9.165  6.1816  21.0429  2.8039  6.0697  3.9087  2.571  2.0554  1.0146  33.1626  6.153  1.0899  7.4098  1.4575  0.5614  3.5068  3.8202  1.5911  0.6208  6.9109  2.6808  1.1184  34.1396  
trainID = 351  1.1946  0.615  0.1947  1.3748  0.5609  0.3143  0.1096  0.0268  1.143  1.4841  0.9912  4.9648  1.3031  0.3021  0.9971  3.2079  0.3136  1.7767  2.1736  0.611  2.5468  1.1987  1.0082  0.0046  2.1874  0.4566  3.3444  2.6587  2.2069  1.1254  0.8201  3.9897  2.3481  1.1719  0.6352  3.6807  2.1007  2.5798  0.8317  0.137  2.189  1.9509  
trainID = 381  0.8762  1.0418  2.5042  2.2387  1.892  0.6043  0.5178  5.0581  1.1763  3.4468  2.2648  1.8675  1.4026  0.1155  1.5634  2.7929  0.2781  0.3573  5.4821  2.7055  0.2315  2.643  5.0009  3.3455  3.0698  1.0234  5.3609  5.2503  0.7336  0.1711  2.8773  0.358  1.1792  3.1942  1.0483  4.9328  2.0671  2.3008  2.4467  33.8836  
trainID = 393  0.7885  1.0021  1.9492  1.001  1.6601  1.3443  1.7856  2.5497  0.1875  2.9279  0.3404  3.2459  1.2908  0.2963  0.469  1.8181  1.5566  2.0217  2.7828  5.1827  7.9067  1.4072  3.746  5.0124  0.887  1.9209  2.3806  32.0472  1.6018  0.5861  1.5221  2.5094  0.2402  1.0273  2.0888  0.2095  1.5802  0.7768  1.2178  3.9532  0.384  0.053  0.4267  
trainID = 397  0.4901  0.5764  1.1844  0.713  0.0693  2.6403  3.6283  1.8891  1.1706  2.9183  2.6409  3.1559  0.6092  0.2061  0.4501  0.8674  0.2804  2.0145  0.404  2.5351  2.9974  1.3662  0.4545  4.406  0.331  3.4302  1.21  31.9169  0.0548  1.437  4.5351  4.4761  0.8643  1.4478  0.9842  0.6598  3.6059  0.4649  0.5894  0.9927  0.898  0.799  1.5647  
trainID = 405  2.2043  5.2047  4.5362  2.9297  0.1355  2.8613  3.1125  1.4216  0.3332  1.9991  2.3766  3.7977  0.1769  0.5059  0.882  1.7562  2.6225  1.7257  7.463  3.5136  0.4525  3.347  8.2229  5.0467  1.4261  6.5544  0.1659  0.5304  3.0169  1.7984  5.67  4.0884  1.0661  0.4232  2.28  5.2562  3.3956  0.314  1.2432  3.3074  0.952  2.2687  
trainID = 413  2.474  2.5013  1.5882  1.443  0.2485  2.0303  4.5093  3.8112  1.9055  4.1978  5.5527  1.6502  0.4675  2.7895  1.912  0.0956  5.1675  0.3577  6.3942  6.1304  3.1718  6.945  6.8039  4.0697  2.9957  4.7249  2.6306  2.8728  0.7854  3.2798  6.0813  1.9661  5.0278  0.9198  0.1734  4.3904  2.5095  5.2068  1.38  1.594  1.381  1.173  
trainID = 424  3.5135  2.5712  3.8792  6.7445  4.008  0.273  1.406  4.8841  4.2948  2.4678  0.9275  1.1969  2.0451  1.213  3.6154  9.8294  19.5132  5.9459  0.2193  0.1504  9.3483  0.216  3.567  0.8286  32.4803  0.7436  5.6131  4.2666  2.7059  3.6248  1.9018  1.9059  0.8106  0.9247  0.017  1.6608  2.6861  1.67  2.309  1.8164  
trainID = 472  3.0777  0.8369  3.4242  2.0678  0.7093  0.8013  0.419  2.8163  4.056  1.8966  0.3345  0.0857  2.7191  1.873  1.4224  4.0405  1.727  3.9716  11.0774  7.7434  22.8523  3.5041  7.248  3.4713  3.456  1.7381  1.4102  32.4513  5.9428  1.8598  8.9648  0.0745  1.358  1.8589  0.5368  2.3991  0.9461  2.5864  2.3758  2.0225  
trainID = 484  0.1643  1.2804  3.2482  2.314  1.2825  2.7213  1.1984  0.931  0.5571  1.1831  3.6415  3.0156  2.0133  2.0731  0.4178  0.0119  0.069  1.3685  7.6294  3.092  3.0707  3.4595  6.4501  5.1755  1.0758  1.606  1.3316  1.8826  0.2034  2.2107  4.5297  3.0331  2.415  1.7651  1.595  7.51  2.695  0.061  1.4269  0.15  0.011  3.2421  
trainID = 511  3.1436  2.2105  0.9425  0.596  0.4208  2.4783  0.8339  4.8104  2.3363  1.356  1.0699  3.244  1.0709  0.6119  1.0955  1.4822  1.2556  0.2847  5.8269  1.9476  2.3051  3.2912  0.8405  5.345  2.2955  1.7768  0.4686  2.9294  0.3329  1.3196  1.5996  1.1533  4.2588  2.6602  1.0216  5.8364  2.3929  1.3938  1.97  1.63  0.352  0.9249  
trainID = 513  4.8335  2.823  0.3537  1.023  0.9374  3.2003  2.1266  5.1065  2.3089  3.1742  0.2606  3.7535  1.2383  2.1767  0.429  2.1294  0.9202  2.3511  3.1445  13.84  27.5381  3.1692  5.3167  2.3126  0.243  1.3418  0.5284  35.3622  2.6336  1.5281  8.3314  0.2877  1.5348  2.4708  3.8382  0.5114  0.3508  2.6482  3.4438  1.6728  
trainID = 520  3.3898  0.3854  2.0262  0.195  0.4337  1.1161  1.5003  5.4693  0.7015  1.618  2.3055  1.8228  1.6602  2.6106  2.1258  0.553  1.3283  1.0386  6.8242  2.0402  3.3315  5.9021  1.5357  4.9947  3.6892  3.3105  6.2572  2.012  3.4033  0.2535  4.3173  3.0901  0.509  4.8859  3.21  1.4566  5.5694  2.6768  3.8398  4.8607  0.598  0.369  0.9004  
trainID = 523  0.9548  1.1265  4.7762  0.634  0.9684  3.1643  3.5237  2.1255  1.6684  0.0497  1.307  2.2428  1.8324  3.2843  0.1218  1.3243  0.5406  4.3897  2.2441  3.5444  6.6122  1.0395  2.753  4.5493  0.237  0.0636  1.498  32.4657  1.0042  2.235  5.1512  2.9006  3.2234  0.3634  1.0402  2.1521  3.0194  2.889  0.6748  4.2937  0.15  0.772  0.0575  
trainID = 535  2.5244  1.6578  0.5134  32.0242  2.4732  5.2516  2.2834  2.5566  0.8894  4.1479  1.9573  0.9407  2.023  3.9148  1.238  5.1543  8.3074  19.6117  16.039  4.2683  4.7155  8.9786  1.747  1.5164  0.2795  32.7949  3.6726  6.1285  8.1218  1.3207  1.6536  0.2376  3.3712  1.4841  1.8503  3.587  0.1213  3.3659  0.149  0.138  0.32  
trainID = 538  0.926  1.3202  3.0732  33.2252  3.6556  5.0078  0.8724  3.1617  3.4803  3.5192  4.2701  0.4867  2.196  1.4844  2.3394  4.4312  2.4921  12.3841  11.1504  5.1952  2.4503  9.1496  0.487  1.8074  1.7691  34.4211  1.6673  1.8709  5.1367  2.0762  2.0896  2.0236  2.3362  0.2031  1.0437  2.428  1.6758  2.28  0.17  0.88  1.421  
trainID = 558  0.047  1.0563  2.2862  34.7772  2.0617  2.3067  0.779  1.6024  0.9858  5.3826  2.5263  0.106  0.5043  1.5343  2.5509  3.5205  2.9174  10.4044  9.866  1.1568  2.3065  10.1121  0.226  2.0851  1.5088  34.9577  3.5523  3.2847  6.143  2.9722  3.1324  2.3064  1.7591  0.6184  0.543  3.1153  3.1548  3.0644  2.153  1.708  1.7395  
trainID = 559  1.7047  2.4767  0.9972  0.521  1.8282  1.5033  0.68  1.1427  0.4985  1.7618  0.8201  3.5982  0.72  1.617  1.627  1.2456  0.7372  0.1164  3.992  1.9035  2.2327  0.1226  4.1324  2.5132  0.035  0.26  3.2229  5.784  1.7344  3.9833  1.2233  0.5725  2.9612  2.0208  0.1249  3.3067  3.6034  0.1861  0.098  34.7266  
trainID = 613  5.2798  5.1955  3.6932  0.022  0.2968  1.5463  1.7664  6.8004  0.1244  5.3642  6.2637  2.0467  0.6978  4.3942  1.105  1.9199  3.9175  0.6936  9.1229  4.7718  4.0358  9.7034  15.1376  0.5174  3.9129  6.0919  1.7576  0.7314  1.5744  6.8601  10.7348  2.6008  3.9762  1.3834  3.5248  7.0821  2.3144  2.8418  2.616  3.6095  1.084  0.0258  
trainID = 615  3.7805  0.2168  1.3862  36.5652  4.3856  3.8845  0.0902  2.0216  1.4012  5.687  4.0081  2.5071  0.1136  2.3867  0.7013  5.0381  10.0784  19.5556  7.7052  4.0619  0.6037  9.314  1.0622  2.2819  3.7915  32.9577  0.2073  4.7807  4.7287  3.2153  1.9356  2.6874  1.9854  1.1082  0.5861  2.5427  1.2459  4.1442  0.468  1.037  1.0592  
trainID = 640  1.9305  2.7339  1.2382  0.32  0.3593  2.7173  2.5074  0.222  1.4436  1.8442  1.5678  3.3207  1.4271  1.6897  0.152  1.3296  1.3985  0.2205  4.0289  1.267  0.2905  3.9467  3.5055  7.1128  0.55  2.7371  2.0131  1.007  0.1372  2.4172  1.2148  4.9519  2.4403  1.0733  0.5852  2.0551  2.0452  4.2424  0.1344  2.4308  2.8718  2.2161  1.3565  
trainID = 658  2.0058  2.3591  0.1455  0.599  0.2236  0.4073  1.2842  3.6533  1.4283  1.5956  3.6704  1.4388  0.1938  0.6969  0.8238  0.047  0.878  0.6926  4.9014  2.9339  0.0694  3.4595  1.5871  0.1428  0.004  1.7909  1.3663  3.5818  1.5041  0.1621  4.4428  0.6679  2.833  0.9392  2.1212  3.099  0.1467  0.3618  0.2751  0.296  1.425  0.3649  
trainID = 671  4.649  5.4093  4.2782  3.2573  2.8838  0.9143  0.4249  8.471  0.4128  9.4  3.9145  1.7066  0.9167  1.3742  3.2333  2.2187  1.5542  0.6584  8.0097  6.7079  3.3543  11.3235  0.0102  9.7799  2.1989  4.7046  5.6706  2.0359  0.7616  4.4705  7.5559  1.153  6.419  0.8756  4.3643  5.3519  3.4572  2.4268  2.5483  1.147  0.849  1.3199  
trainID = 685  4.7755  0.2158  2.7402  33.5432  3.9135  5.3288  1.3554  2.3683  2.0388  6.6584  2.2872  4.1256  2.868  4.5495  0.9966  2.8207  9.0558  30.5012  14.4782  3.7789  2.552  6.3875  0.6817  1.725  33.726  3.0581  3.067  8.744  3.424  2.9737  2.953  0.4963  0.8875  1.9102  4.6329  0.8828  1.63  0.175  1.44  0.2444  
trainID = 714  4.7559  5.1509  1.4022  0.109  0.3146  1.4883  1.3991  4.8594  2.3394  7.5443  3.2183  2.305  1.3251  5.168  4.3108  2.3452  3.5235  0.8477  7.5107  6.433  4.895  8.9827  0.3017  8.3023  4.7152  4.2468  5.7995  3.7701  0.3767  3.6551  5.3628  2.0516  7.2633  0.1261  2.2833  5.6777  2.1402  2.6188  5.0417  1.204  1.294  0.7372  
trainID = 734  0.6484  1.2585  2.2282  0.932  0.1993  1.9483  0.282  0.1195  2.4566  0.0095  0.3882  0.3684  0.1698  0.139  0.6589  0.4751  1.8765  2.9047  3.4976  0.8279  2.8333  0.9039  0.6845  3.6761  2.5977  2.2299  1.36  2.7991  1.3249  0.5663  1.5518  1.068  2.3422  0.2502  0.71  3.3258  1.2245  1.5948  2.2997  0.001  0.678  1.1559  
trainID = 749  4.5895  1.3338  0.7743  35.7102  5.4353  5.5285  0.616  2.154  3.5964  7.2121  5.2031  2.1621  2.569  1.4063  2.849  3.806  11.8577  21.2621  6.6472  0.8026  0.9596  9.2759  0.129  2.0601  5.6976  36.4986  0.8222  6.4185  7.6329  2.8493  1.4892  2.2573  2.0201  2.6787  1.4342  3.6285  0.8058  3.1499  0.869  1.154  0.102  
trainID = 760  3.2434  5.0457  0.7097  0.309  0.2427  1.9513  2.1863  6.7077  2.0721  6.1485  6.4056  1.4453  0.2791  4.0529  1.2744  0.7153  0.8615  0.6947  8.2344  6.2388  4.4472  9.6947  12.7253  1.6324  3.5487  6.6033  0.9347  0.856  2.5315  2.0474  3.8791  10.3398  4.6047  5.0431  0.2095  2.692  7.2868  4.5123  0.5828  5.4683  0.823  0.185  2.6331  
trainID = 768  2.7859  1.4272  2.8432  33.3842  2.9294  6.6689  1.7347  2.5423  0.9287  5.6102  3.6351  4.0478  0.321  2.6951  0.255  3.1028  6.0401  9.2826  11.6928  1.7695  2.4242  6.9972  1.6826  1.7629  0.6497  32.3632  4.0841  1.622  4.7239  3.0863  0.8296  0.4661  1.8764  0.0922  1.8416  2.0995  0.4753  2.7098  0.311  1.207  2.1224  
trainID = 773  0.1949  1.8698  3.7232  36.5772  4.2171  0.6736  0.9668  5.2887  4.1947  7.561  0.9348  1.2431  1.663  1.138  0.5327  0.5947  6.4922  2.3286  1.0264  0.5907  6.0212  9.3324  0.75  5.8456  0.8502  32.5376  0.3438  2.5127  0.2516  3.5955  3.7178  3.2303  0.5244  0.2525  2.463  0.9373  1.2477  2.295  1.9992  0.165  1.2175  
trainID = 779  5.1922  5.8109  5.1492  0.983  0.5755  1.6213  2.6211  5.6341  3.0755  3.4581  6.3691  5.3579  0.7296  1.0248  2.0506  1.6513  2.9985  2.3487  9.7546  6.0977  6.3262  13.2185  17.1714  0.5872  3.0487  5.7474  4.8776  1.6025  2.6184  5.3225  10.7194  2.2806  4.6781  1.1682  2.5675  6.8689  7.1179  0.9808  1.4553  1.047  2.2936  0.8238  
trainID = 784  2.5945  1.6777  0.942  0.258  1.0322  0.6123  0.692  3.48  1.2895  0.4008  3.6925  2.2425  0.1018  0.8094  1.239  0.0145  3.9995  0.0764  5.9712  4.2754  1.3372  3.817  4.8428  3.2154  3.2973  4.3393  0.4338  2.2786  1.7794  4.1813  3.473  1.9  1.5652  0.9985  0.286  5.155  3.4318  1.3988  0.6601  1.361  0.39  0.4214  
trainID = 790  3.7554  2.2386  0.6373  0.048  1.1216  0.3773  0.6654  3.2587  0.0837  0.2661  0.5675  2.413  1.1036  1.8661  1.4691  1.6765  3.3345  1.6703  4.0292  2.2985  1.0299  3.7675  4.194  1.7191  1.4924  0.1609  4.6  3.6402  0.7553  0.7643  1.0716  0.0286  3.4546  0.0235  1.0062  3.9625  1.6096  2.2388  0.5071  0.543  1.574  1.1549  
trainID = 806  1.4178  0.5203  0.9519  0.592  2.2463  3.3233  2.283  2.1207  0.9659  1.5259  0.4882  0.4109  0.5466  1.2019  3.0936  1.644  2.5315  0.5352  4.2906  1.5702  0.8496  2.6561  3.3526  2.0368  1.1438  1.01  2.0974  4.9327  0.0571  0.1448  0.855  0.0548  2.8283  2.3602  3.2903  2.2461  1.6064  3.0758  1.1225  1.201  1.315  1.1095  
trainID = 812  2.6514  0.5238  1.5692  0.533  0.3918  0.2893  0.5711  1.1246  1.8444  0.1942  0.1723  0.2061  2.3219  0.3841  1.544  1.1014  1.8331  2.0664  2.4464  2.1349  3.065  0.0663  2.472  0.235  2.1013  1.6082  2.3356  4.3088  1.0822  4.823  0.0556  0.4304  0.704  1.5628  0.1796  2.6102  1.7437  0.8048  1.4401  1.31  2.616  0.4273  
trainID = 834  1.0418  3.2917  0.3418  1.262  2.138  3.1933  0.1184  4.7442  3.4336  0.1572  2.4083  4.3578  2.5001  3.4927  0.8437  0.4703  0.4897  3.4538  0.7983  4.9288  16.7336  2.9942  3.9527  3.0727  2.34  1.8907  1.8426  32.0491  4.1865  0.2726  6.1372  0.665  1.8027  1.643  3.4662  1.5341  0.9448  4.1059  5.5728  1.1211  32.4596  
trainID = 869  3.579  0.5278  1.9142  2.7612  1.7641  2.0643  2.844  0.9445  3.1722  1.6837  1.7602  0.0651  0.6744  0.3098  0.1043  1.6821  0.2748  1.3536  3.8153  0.5518  2.8361  1.6039  7.064  3.1705  0.599  0.6726  4.0863  1.141  4.8855  2.4945  3.7237  0.0178  0.9278  1.7687  1.4265  0.858  2.9393  2.2882  2.1148  1.1813  35.0706  
trainID = 888  1.4516  1.932  2.0302  2.4312  2.8119  3.1233  2.7953  0.1371  0.59  0.2487  1.0327  3.5173  0.4956  1.2888  1.973  0.5605  2.8125  2.2355  1.7651  1.0795  2.4369  1.4801  2.9656  1.3028  1.773  2.0562  3.7889  2.3129  2.4066  4.732  0.063  3.0806  2.0861  0.2919  0.5507  3.6683  0.2624  1.9258  1.1134  0.855  0.177  0.6015  
trainID = 902  1.097  3.8148  3.2773  5.546  6.7211  4.2555  4.7506  9.7281  5.3465  0.1952  3.5123  1.3677  2.93  5.0185  2.5167  11.548  9.2627  9.8074  8.5064  17.0893  5.1752  3.2641  9.8771  2.2614  1.422  1.9791  1.8884  8.1979  16.0461  1.3827  9.4636  4.8101  6.0426  8.4453  5.7329  0.5718  4.2706  0.712  1.521  3.1149  
trainID = 903  1.5664  1.0689  3.5892  1.039  0.0464  0.5613  2.0696  4.0159  2.3505  2.048  2.9416  2.6093  2.1259  2.2597  0.7357  0.8152  0.384  4.0591  7.0629  7.735  9.853  1.0337  1.3121  6.4644  2.169  0.5624  1.7767  32.8479  2.4707  2.768  3.4906  2.5067  2.8859  1.8858  2.7862  0.4016  3.2187  0.5606  0.2661  2.8709  2.286  0.583  0.7266  
trainID = 904  2.8377  0.7084  0.6888  1.947  0.092  1.4043  2.024  1.5252  1.0896  1.5166  1.0019  2.9907  0.3887  1.8545  0.7049  0.2564  0.6394  0.3844  4.7133  3.8318  0.5016  4.9853  4.5712  0.5206  1.0875  3.527  2.374  1.7746  1.6411  1.2946  3.4335  1.5051  0.6751  1.0297  0.9939  4.5635  3.7387  0.7838  1.1735  0.803  2.0423  0.0474  
trainID = 933  4.9345  0.5673  0.9748  33.6152  3.5319  0.8004  0.7228  0.4665  1.3934  3.3323  3.0811  2.1589  1.841  0.1316  0.549  3.6055  4.2519  9.4769  7.219  0.6616  0.8325  7.7754  0.471  2.386  0.9594  35.3158  1.2692  4.1064  2.6283  0.3746  5.0895  0.6231  1.7765  0.0772  4.8162  1.353  0.8768  1.9672  0.787  1.653  1.038  
trainID = 985  5.0327  3.7875  1.6852  1.7738  1.4663  0.6443  0.6204  5.5569  2.0337  7.2693  3.3392  1.387  1.6239  1.7592  3.0025  0.2787  5.7925  1.5457  9.3896  6.9755  4.8266  6.3851  0.9295  8.7562  2.5137  2.6643  4.6211  2.4108  2.0044  4.7746  5.0679  0.4261  3.21  0.7104  0.291  4.9446  2.1507  3.7518  3.7239  1.312  1.195  0.2665  
trainID = 995  0.8431  0.0582  1.5362  1.913  1.1152  0.7173  1.4263  0.0107  0.179  2.0034  0.5877  1.8022  0.1039  1.2553  1.2975  1.4529  0.6129  0.7915  0.7457  0.6747  3.2177  0.5765  0.0261  5.8025  0.805  3.9751  1.2321  33.6854  0.6965  0.2517  0.9177  4.3756  2.8141  2.1846  3.5682  0.8324  5.1746  1.5468  1.0608  2.0552  0.035  0.033  1.8762  
trainID = 1010  1.3458  1.4009  0.4268  1.3739  0.0033  1.6633  0.1245  3.1554  4.917  2.4996  0.4435  0.9051  3.7621  1.1967  1.3994  2.8251  1.7948  0.6466  4.8737  4.5289  19.1475  3.8181  6.1467  0.951  0.643  2.8935  1.4185  33.1741  5.7722  1.9784  6.8367  1.3332  0.5292  2.5358  3.5092  1.2331  1.6807  2.6878  0.0149  0.5557  
trainID = 1046  0.3026  2.6963  4.7932  0.485  0.1178  2.6163  3.1591  1.3063  0.2685  3.6184  0.0457  4.7766  3.6331  2.3055  0.0225  0.1834  0.5064  1.484  3.2042  0.7326  2.7942  1.1763  3.6942  6.3422  2.1529  4.1354  2.1787  0.952  0.5895  4.2188  0.8537  2.9687  2.9508  0.8083  0.0022  1.5468  2.3537  1.5881  0.9888  0.8668  0.652  0.519  1.0848  
trainID = 1075  2.8228  0.4725  0.2538  35.3202  3.7954  6.2231  0.8244  2.6352  0.4656  3.3656  3.4911  0.9594  2.664  2.687  2.3728  3.769  11.0404  20.7738  18.7184  2.5116  5.2913  8.1949  1  2.5981  0.9198  35.4052  2.7235  0.2727  5.2734  0.8178  0.5502  0.6109  3.8002  1.7591  1.3159  3.6578  1.4558  2.7237  0.596  0.879  1.0151  
trainID = 1076  3.1873  5.8517  1.1761  0.769  1.4206  0.4743  0.3255  6.0604  1.3582  7.2105  5.6015  3.4495  3.1282  3.436  1.5989  5.0032  2.5385  0.0192  8.7055  8.0744  4.0036  12.1039  6.9058  6.9409  2.4049  4.242  4.8865  1.171  0.7017  4.0572  8.67  0.8462  3.7429  0.1567  2.0705  8.0357  3.9356  2.2068  1.1257  0.209  0.826  1.8774  
trainID = 1080  1.6738  1.3281  1.7202  0.446  1.1972  2.8713  0.0316  6.6611  2.1694  1.4428  0.9379  3.918  4.9761  2.2361  3.924  3.0944  2.0044  4.6096  6.2516  9.9284  10.2994  2.0658  2.7212  2.9783  0.952  1.6663  0.3604  30.6298  4.557  1.6928  7.0034  0.2337  0.2569  0.1595  3.2312  0.9044  2.5288  2.1705  1.8838  0.3299  33.4426  
trainID = 1122  0.6243  0.9853  2.6652  0.024  0.1681  2.9843  1.8816  1.8368  0.5961  4.0284  2.2479  2.2048  1.672  1.9936  1.629  2.5273  1.1603  2.2931  4.4845  5.9298  7.5117  0.7469  2.5408  3.6468  1.3951  2.6824  0.5525  33.4128  1.6254  1.6139  3.9982  1.8257  0.5219  0.2144  1.1137  0.3781  2.1208  1.3336  1.9968  0.5937  1.417  3.6816  0.2559  
trainID = 1147  1.2765  1.2476  3.8822  0.318  2.4877  0.0925  2.1898  1.2473  0.2883  1.2783  0.005  4.9121  0.0598  1.1106  1.697  0.1665  0.9712  2.8801  4.0833  0.2909  1.2688  2.9517  0.8734  0.8202  2.0455  3.8455  2.3223  1.2314  0.143  0.9652  0.2659  1.4359  1.249  2.8462  0.7599  2.5225  1.6039  0.6328  1.0277  0.628  0.431  1.2602  
trainID = 1180  0.6615  0.2659  3.2282  0.059  0.0804  2.9773  4.3427  0.1032  1.5244  1.2832  1.2824  5.5643  2.8541  1.9548  2.914  3.7335  0.5818  3.5962  1.7677  4.3073  6.1317  0.037  1.4563  7.5029  0.976  2.1969  1.2067  36.1981  0.6745  2.6464  4.2826  0.5057  0.9395  0.7662  0.6359  0.5724  2.4007  0.9234  0.5305  1.6389  1.542  1.849  0.986  
trainID = 1181  1.135  1.9929  2.8862  0.286  1.9305  1.4323  2.443  4.2517  1.5294  0.4573  1.6041  1.7638  1.568  1.5891  2.112  0.0702  0.5455  0.6032  5.41  3.0453  1.8765  4.4979  3.6734  0.5094  2.8743  2.0586  2.0759  0.9677  2.2898  3.6654  3.7146  0.0694  2.3119  0.5644  0.5072  5.324  2.222  3.0348  1.7912  0.243  2.4647  0.4908  
TrainID = 734  dbValue = 1.34681  nTestCell = 43  nTrainCell = 42  nDiff = 1  (X,Y) = (1685, 1295)  Position Error = 20.5183
TrainID = 168  dbValue = 1.35156  nTestCell = 43  nTrainCell = 42  nDiff = 1  (X,Y) = (1665, 1305)  Position Error = 25.7099
TrainID = 812  dbValue = 1.42584  nTestCell = 43  nTrainCell = 42  nDiff = 1  (X,Y) = (1645, 1245)  Position Error = 43.6005
TrainID = 658  dbValue = 1.44331  nTestCell = 43  nTrainCell = 42  nDiff = 1  (X,Y) = (1745, 1295)  Position Error = 75.505
TrainID = 1147  dbValue = 1.46702  nTestCell = 43  nTrainCell = 42  nDiff = 1  (X,Y) = (1715, 1265)  Position Error = 46.4866
TrainID = 351  dbValue = 1.49599  nTestCell = 43  nTrainCell = 42  nDiff = 1  (X,Y) = (1675, 1265)  Position Error = 15.5242
TrainID = 219  dbValue = 1.52117  nTestCell = 43  nTrainCell = 42  nDiff = 1  (X,Y) = (1665, 1275)  Position Error = 7.81025
TrainID = 806  dbValue = 1.7049  nTestCell = 43  nTrainCell = 42  nDiff = 1  (X,Y) = (1745, 1235)  Position Error = 86.6083
TrainID = 165  dbValue = 1.71712  nTestCell = 43  nTrainCell = 43  nDiff = 0  (X,Y) = (1695, 1365)  Position Error = 88.3233
TrainID = 790  dbValue = 1.71853  nTestCell = 43  nTrainCell = 42  nDiff = 1  (X,Y) = (1725, 1225)  Position Error = 77.0779
TrainID = 904  dbValue = 1.75397  nTestCell = 43  nTrainCell = 42  nDiff = 1  (X,Y) = (1755, 1325)  Position Error = 95.2943
TrainID = 888  dbValue = 1.76768  nTestCell = 43  nTrainCell = 42  nDiff = 1  (X,Y) = (1675, 1275)  Position Error = 6.40312
TrainID = 1046  dbValue = 1.89943  nTestCell = 43  nTrainCell = 43  nDiff = 0  (X,Y) = (1705, 1375)  Position Error = 100.901
TrainID = 640  dbValue = 1.93147  nTestCell = 43  nTrainCell = 43  nDiff = 0  (X,Y) = (1715, 1375)  Position Error = 104.695
TrainID = 511  dbValue = 1.97894  nTestCell = 43  nTrainCell = 42  nDiff = 1  (X,Y) = (1775, 1255)  Position Error = 106.963
TrainID = 1181  dbValue = 1.9972  nTestCell = 43  nTrainCell = 42  nDiff = 1  (X,Y) = (1795, 1325)  Position Error = 131.913
TrainID = 784  dbValue = 2.04676  nTestCell = 43  nTrainCell = 42  nDiff = 1  (X,Y) = (1775, 1335)  Position Error = 117.648
TrainID = 224  dbValue = 2.11342  nTestCell = 43  nTrainCell = 43  nDiff = 0  (X,Y) = (1735, 1375)  Position Error = 114.547
TrainID = 484  dbValue = 2.21696  nTestCell = 43  nTrainCell = 42  nDiff = 1  (X,Y) = (1765, 1375)  Position Error = 133.645
TrainID = 995  dbValue = 2.22952  nTestCell = 43  nTrainCell = 43  nDiff = 0  (X,Y) = (1665, 1345)  Position Error = 65.2763
TrainID = 397  dbValue = 2.27743  nTestCell = 43  nTrainCell = 43  nDiff = 0  (X,Y) = (1655, 1325)  Position Error = 47.7598
TrainID = 183  dbValue = 2.42155  nTestCell = 43  nTrainCell = 40  nDiff = 3  (X,Y) = (1675, 1215)  Position Error = 65.123
TrainID = 393  dbValue = 2.5043  nTestCell = 43  nTrainCell = 43  nDiff = 0  (X,Y) = (1605, 1315)  Position Error = 74.7061
TrainID = 158  dbValue = 2.51289  nTestCell = 43  nTrainCell = 42  nDiff = 1  (X,Y) = (1805, 1325)  Position Error = 141.354
TrainID = 208  dbValue = 2.55022  nTestCell = 43  nTrainCell = 43  nDiff = 0  (X,Y) = (1635, 1315)  Position Error = 50.2096
TrainID = 559  dbValue = 2.55838  nTestCell = 43  nTrainCell = 40  nDiff = 3  (X,Y) = (1665, 1235)  Position Error = 45.3982
TrainID = 520  dbValue = 2.56087  nTestCell = 43  nTrainCell = 43  nDiff = 0  (X,Y) = (1805, 1265)  Position Error = 134.837
TrainID = 405  dbValue = 2.6282  nTestCell = 43  nTrainCell = 42  nDiff = 1  (X,Y) = (1755, 1385)  Position Error = 134.466
TrainID = 1122  dbValue = 2.72363  nTestCell = 43  nTrainCell = 43  nDiff = 0  (X,Y) = (1615, 1305)  Position Error = 61.327
TrainID = 869  dbValue = 2.74918  nTestCell = 43  nTrainCell = 41  nDiff = 2  (X,Y) = (1665, 1205)  Position Error = 75.2396
TrainID = 523  dbValue = 2.76669  nTestCell = 43  nTrainCell = 43  nDiff = 0  (X,Y) = (1615, 1275)  Position Error = 56.2228
TrainID = 1180  dbValue = 2.78328  nTestCell = 43  nTrainCell = 43  nDiff = 0  (X,Y) = (1625, 1355)  Position Error = 87.983
TrainID = 132  dbValue = 2.88837  nTestCell = 43  nTrainCell = 42  nDiff = 1  (X,Y) = (1855, 1255)  Position Error = 185.691
TrainID = 381  dbValue = 2.9826  nTestCell = 43  nTrainCell = 40  nDiff = 3  (X,Y) = (1705, 1215)  Position Error = 73.3553
TrainID = 413  dbValue = 2.98355  nTestCell = 43  nTrainCell = 42  nDiff = 1  (X,Y) = (1875, 1305)  Position Error = 205.526
TrainID = 903  dbValue = 3.13512  nTestCell = 43  nTrainCell = 43  nDiff = 0  (X,Y) = (1585, 1335)  Position Error = 102.083
TrainID = 985  dbValue = 3.14048  nTestCell = 43  nTrainCell = 42  nDiff = 1  (X,Y) = (1865, 1265)  Position Error = 194.579
TrainID = 1010  dbValue = 3.40364  nTestCell = 43  nTrainCell = 40  nDiff = 3  (X,Y) = (1565, 1225)  Position Error = 119.419
TrainID = 714  dbValue = 3.50467  nTestCell = 43  nTrainCell = 42  nDiff = 1  (X,Y) = (1865, 1255)  Position Error = 195.604
TrainID = 760  dbValue = 3.53719  nTestCell = 43  nTrainCell = 43  nDiff = 0  (X,Y) = (1885, 1345)  Position Error = 223.654
TrainID = 1076  dbValue = 3.58354  nTestCell = 43  nTrainCell = 42  nDiff = 1  (X,Y) = (1875, 1285)  Position Error = 204.061
TrainID = 671  dbValue = 3.62316  nTestCell = 43  nTrainCell = 42  nDiff = 1  (X,Y) = (1885, 1255)  Position Error = 215.455
TrainID = 613  dbValue = 3.74139  nTestCell = 43  nTrainCell = 42  nDiff = 1  (X,Y) = (1895, 1345)  Position Error = 233.24
TrainID = 933  dbValue = 3.89004  nTestCell = 43  nTrainCell = 41  nDiff = 2  (X,Y) = (1605, 1395)  Position Error = 132.593
TrainID = 424  dbValue = 3.94487  nTestCell = 43  nTrainCell = 40  nDiff = 3  (X,Y) = (1545, 1405)  Position Error = 177.485
TrainID = 773  dbValue = 3.94882  nTestCell = 43  nTrainCell = 41  nDiff = 2  (X,Y) = (1695, 1425)  Position Error = 146.973
TrainID = 513  dbValue = 4.02985  nTestCell = 43  nTrainCell = 40  nDiff = 3  (X,Y) = (1525, 1265)  Position Error = 146.769
TrainID = 472  dbValue = 4.05391  nTestCell = 43  nTrainCell = 40  nDiff = 3  (X,Y) = (1525, 1215)  Position Error = 159.816
TrainID = 242  dbValue = 4.13789  nTestCell = 43  nTrainCell = 40  nDiff = 3  (X,Y) = (1575, 1435)  Position Error = 182.321
TrainID = 779  dbValue = 4.16727  nTestCell = 43  nTrainCell = 42  nDiff = 1  (X,Y) = (1915, 1345)  Position Error = 252.509
TrainID = 1080  dbValue = 4.18268  nTestCell = 43  nTrainCell = 41  nDiff = 2  (X,Y) = (1565, 1275)  Position Error = 106.118
TrainID = 834  dbValue = 4.20128  nTestCell = 43  nTrainCell = 41  nDiff = 2  (X,Y) = (1575, 1255)  Position Error = 99.2018
TrainID = 558  dbValue = 4.31255  nTestCell = 43  nTrainCell = 41  nDiff = 2  (X,Y) = (1575, 1355)  Position Error = 121.824
TrainID = 768  dbValue = 4.32009  nTestCell = 43  nTrainCell = 41  nDiff = 2  (X,Y) = (1555, 1335)  Position Error = 128.378
TrainID = 538  dbValue = 4.44043  nTestCell = 43  nTrainCell = 41  nDiff = 2  (X,Y) = (1575, 1355)  Position Error = 121.824
TrainID = 340  dbValue = 4.73354  nTestCell = 43  nTrainCell = 41  nDiff = 2  (X,Y) = (1545, 1215)  Position Error = 141.778
TrainID = 615  dbValue = 4.81262  nTestCell = 43  nTrainCell = 41  nDiff = 2  (X,Y) = (1545, 1415)  Position Error = 184.665
TrainID = 271  dbValue = 4.92113  nTestCell = 43  nTrainCell = 42  nDiff = 1  (X,Y) = (1955, 1335)  Position Error = 289.277
TrainID = 535  dbValue = 4.95927  nTestCell = 43  nTrainCell = 41  nDiff = 2  (X,Y) = (1535, 1335)  Position Error = 146.7
TrainID = 316  dbValue = 4.9696  nTestCell = 43  nTrainCell = 41  nDiff = 2  (X,Y) = (1545, 1375)  Position Error = 157.801
TrainID = 1075  dbValue = 5.02504  nTestCell = 43  nTrainCell = 41  nDiff = 2  (X,Y) = (1525, 1315)  Position Error = 150.137
TrainID = 749  dbValue = 5.3036  nTestCell = 43  nTrainCell = 41  nDiff = 2  (X,Y) = (1525, 1415)  Position Error = 198.849
TrainID = 902  dbValue = 5.31175  nTestCell = 43  nTrainCell = 40  nDiff = 3  (X,Y) = (1985, 1435)  Position Error = 350.173
TrainID = 685  dbValue = 5.49977  nTestCell = 43  nTrainCell = 40  nDiff = 3  (X,Y) = (1515, 1345)  Position Error = 169
