trainID = 309  37.9135  7.2994  2.1479  4.0445  7.201  1.7367  1.24  1.3257  0.3423  1.5244  2.7523  0.0068  2.3058  7.6724  5.5515  2.9337  1.9649  5.8192  11.8346  0.8278  7.3934  3.1222  0.9265  2.573  1.22  8.1217  2.298  0.5319  5.6694  8.1088  7.2027  1.8105  4.837  3.7763  1.8419  0.8697  1.3614  0.678  0.568  2.3256  
trainID = 342  1.2434  0.338  0.1961  0.9522  0.4345  2.6985  0.7901  1.9489  1.041  0.1681  1.491  0.8806  0.8863  4.3343  0.5448  0.2657  2.3745  1.7638  1.1068  5.5171  0.6378  2.7616  0.6352  1.633  3.7887  0.0652  2.0903  2.4283  0.981  1.4658  0.8775  0.9281  0.9481  2.7048  0.154  0.3906  1.7821  1.2705  0.0366  0.792  1.1356  0.1999  
trainID = 349  3.0307  1.3012  3.4277  0.2158  4.5037  2.0932  0.873  3.5961  0.331  2.3381  1.1377  1.4778  10.9392  2.6459  6.1584  0.8853  4.485  3.2914  0.2198  1.3531  5.4388  2.9201  1.128  2.832  0.8112  0.5574  6.1426  5.8654  4.4929  3.2979  4.2773  6.3845  0.3731  3.9964  2.6566  2.9632  5.1171  2.5265  1.5148  1.6436  2.0778  0.8004  
trainID = 352  2.2736  2.8782  3.1657  1.2157  3.4561  1.3067  3.525  2.6669  0.784  0.694  0.3801  1.4485  11.2267  0.7681  6.1126  1.8462  1.9305  6.8995  2.5508  1.6374  4.694  2.1915  1.24  1.694  4.3382  2.6956  4.244  5.0451  2.8674  2.3322  3.4953  8.2016  1.0204  2.649  0.517  2.7282  5.1539  4.0669  0.1693  4.3166  1.8628  0.8305  
trainID = 417  1.4957  4.6135  3.8407  0.2013  6.4169  2.6412  0.93  1.9639  0.561  5.8489  5.5809  2.6377  10.1164  5.4652  8.2065  0.1548  3.7995  4.8277  1.0563  2.3097  5.5783  33.6317  1.6521  0.8629  6.7738  26.8692  18.0844  3.0814  6.7279  11.1872  0.1363  2.4907  1.137  8.2856  12.1143  2.9668  2.8797  4.2658  5.3388  2.3913  
trainID = 427  0.5335  5.423  2.6117  2.1506  8.2141  4.8025  1.3427  0.2875  0.505  5.9718  3.0709  5.4931  9.3902  7.9603  8.5588  0.9944  6.5008  1.0111  0.7478  2.4076  6.6883  32.4917  0.8909  2.0817  7.5265  24.9125  9.1482  6.6598  4.6111  8.7068  2.8537  1.8554  2.459  8.0366  7.4024  4.3884  1.4185  5.0236  4.3658  3.2776  
trainID = 455  1.6669  4.0174  2.2567  3.638  4.0039  5.2125  0.242  4.4318  0.846  3.9604  4.8519  3.8431  12.0225  3.3771  10.9098  0.1338  4.3972  6.1399  0.2659  1.7299  7.2984  5.5316  3.58  4.536  2.8368  2.7633  4.9963  14.5663  16.8538  16.1911  3.7924  8.8636  1.7312  2.5201  0.348  8.5576  10.8156  3.7673  0.7987  3.7954  5.7412  4.072  
trainID = 470  2.351  3.0393  2.075  0.2853  0.4253  3.8817  1.0929  1.784  0.3092  0.812  4.1371  2.2519  3.0892  8.0514  0.395  5.3606  1.9116  0.4436  4.5715  0.4278  1.9189  0.1453  2.5718  1.706  0.935  1.6478  1.788  2.4326  2.5878  4.3371  1.5956  2.3469  3.2469  2.4273  2.3886  1.872  3.1892  1.4353  0.1364  1.3389  1.8677  1.7033  1.4732  
trainID = 476  1.411  0.0474  5.3201  0.8314  2.2573  5.1217  2.6166  1.5667  3.0505  2.376  3.0022  4.6189  4.1561  10.3743  9.0503  9.1762  1.8393  5.3502  3.6174  1.4069  1.1284  4.4465  1.0186  2.2396  8.1809  16.947  8.515  1.0505  3.6237  8.5361  3.0112  2.6596  0.608  6.6345  5.9836  0.6559  4.1627  3.5659  4.1847  3.2508  
trainID = 478  0.2993  0.0531  0.2539  0.9808  1.7995  0.1021  1.968  2.9699  0.319  0.0753  0.0399  0.0638  1.503  5.6093  0.1151  1.3496  1.0952  0.2459  0.3098  4.7181  0.3602  2.0951  1.139  1.959  2.7202  0.9742  0.7311  2.151  0.8764  2.1015  1.9375  1.6738  1.0151  0.1196  0.302  0.4944  0.8197  0.2119  0.03  1.3152  0.318  0.0274  
trainID = 490  1.7928  1.3917  4.9077  2.524  5.6478  4.3915  37.2063  4.37  0.0551  3.5841  16.2706  0.2847  8.964  0.0146  0.7843  5.9208  2.3068  0.7773  5.8108  4.0733  0.98  0.902  4.3892  5.4763  4.034  6.0905  11.8441  0.0012  1.8189  7.3425  2.5159  4.294  0.807  3.3227  5.2801  6.0559  4.4481  2.1414  2.2874  2.2028  
trainID = 502  1.894  3.2428  2.8882  1.2117  0.6974  0.0038  1.7002  0.672  6.5076  0.958  0.2308  3.2711  0.433  4.0502  7.6094  2.0371  0.7954  0.0796  2.4302  3.0188  4.7159  0.4675  2.7068  1.3593  0.691  3.1279  2.8809  0.5501  2.3702  1.811  3.0442  1.0855  1.8136  1.4638  1.8969  0.663  0.8755  2.3458  0.0486  0.7914  2.701  0.8087  3.4667  
trainID = 532  0.0727  0.7228  0.2868  1.1205  3.0038  2.1861  0.759  3.7596  0.528  1.0921  0.9607  1.1762  6.6442  4.4297  1.9478  0.0556  0.6274  2.8567  0.7208  2.2783  0.2369  4.28  1.268  1.693  0.852  2.0663  2.3135  1.3247  0.6811  0.5338  2.3064  2.7898  1.0139  0.247  1.463  0.1951  1.5664  1.2497  1.2441  1.9814  0.301  0.1238  
trainID = 555  0.6975  4.2227  1.5607  1.777  3.7137  0.8647  1.534  3.1503  1.321  0.691  0.1422  0.4069  10.7667  3.6551  3.3225  0.4741  0.809  6.3035  3.5468  1.0476  4.8105  3.4131  0.707  0.9394  1.9166  4.9667  5.0286  1.6541  0.4921  0.0681  1.3495  5.2219  2.7224  4.1379  0.333  1.9727  0.7583  3.3504  1.7837  0.096  2.6036  0.5004  
trainID = 557  0.29  0.3605  1.7763  1.9546  0.352  0.8957  0.0528  1.921  3.013  1.015  2.0952  3.2147  2.4789  6.9687  13.4352  3.1487  3.5794  2.8101  0.7973  5.4919  1.5586  1.332  4.2034  2.1877  2.8136  4.5239  2.6127  5.0169  0.3183  0.9726  0.1006  1.6754  0.409  2.1032  4.9272  0.2297  2.5639  1.729  2.231  2.336  
trainID = 562  0.907  0.3594  2.6574  2.3579  1.6445  0.2963  1.8604  1.223  4.5743  0.218  2.6734  3.3653  0.4438  6.6271  10.3578  5.9122  0.9789  1.9788  2.866  3.3178  8.1151  0.5812  3.11  0.027  1.363  4.6154  0.3662  2.0792  3.3852  3.7667  4.0668  1.5305  4.21  0.4745  3.6761  1.14  0.2882  2.939  1.6207  0.4398  0.618  0.7829  2.7834  
trainID = 564  0.212  1.1981  0.357  0.8994  3.7394  1.7201  0.344  3.1368  1.61  1.0718  0.177  1.9099  9.374  3.2015  3.8932  2.9625  3.2512  7.3009  0.1348  2.3735  2.8489  1.6939  2.087  2.213  3.7443  0.0467  5.8078  4.3386  5.1495  3.7106  0.9466  5.6891  0.3357  0.7351  2.7821  3.0854  4.7991  1.352  0.7751  2.164  0.016  0.392  
trainID = 596  0.2766  0.373  2.9387  3.616  6.1935  2.4818  36.3933  1.7378  0.7005  0.7995  14.8119  0.1503  8.5956  0.0776  0.2871  8.3531  3.3238  0.4945  3.6092  4.6183  0.8851  1.662  3.0276  2.076  5.8125  5.9385  6.3641  3.9984  1.1267  9.9837  0.4774  1.7326  2.4441  3.0134  4.9674  3.0952  2.9943  4.0357  2.7329  3.1763  
trainID = 604  2.054  0.6402  1.0736  1.6167  0.3324  4.9267  1.7954  2.438  2.4611  0.521  3.7079  0.7347  3.171  9.074  3.4873  4.8273  0.6474  4.096  2.9232  1.0828  0.5545  5.5341  3.2046  0.304  2.311  2.2805  0.2426  6.0024  8.4887  7.3273  7.5747  1.8907  6.3502  1.1658  1.9013  1.046  5.0007  5.2758  1.4196  0.7108  0.212  4.4277  1.8421  
trainID = 628  3.4804  1.5401  2.1897  0.6576  5.694  1.34  36.7073  2.8542  1.1857  1.6588  18.0099  0.2916  7.0127  3.1355  1.3401  8.6994  1.4388  1.4715  6.1591  4.2332  1.226  2.009  3.7775  1.7799  2.9957  6.299  10.8256  1.792  2.5726  7.6954  2.9124  3.5556  2.7689  2.8919  5.1461  3.4855  4.9464  2.2022  2.0327  3.0359  
trainID = 635  2.6333  0.4227  2.6687  0.5014  4.3232  3.1635  2.33  4.2649  2.779  0.3011  1.4189  0.9434  15.1765  3.9916  4.5135  3.5632  0.82  3.8905  0.2568  2.8133  2.7528  4.2621  0.9928  2.271  3.7038  2.1816  2.7097  1.4545  2.4695  1.1807  0.9275  3.8345  2.9999  0.9633  1.896  0.9663  1.6629  3.3641  0.9399  1.6999  2.9592  1.7896  
trainID = 644  32.349  5.746  4.7535  0.5638  4.4258  2.0128  1.0874  2.6374  1.4142  0.35  0.4105  2.3793  1.8863  8.752  6.483  0.1949  0.1874  0.313  4.8358  0.5518  3.2607  0.625  3.1227  1.439  2.743  4.3973  2.6192  1.37  4.1214  4.4012  2.6954  0.7437  1.2897  1.8538  0.5484  0.7557  1.9984  0.521  1.413  1.0933  
trainID = 652  1.975  2.7059  2.3277  0.5328  4.7049  1.3647  0.7532  0.2998  0.852  4.1595  2.1619  3.4051  3.6678  5.5407  3.8628  3.6585  4.1068  3.3845  1.5518  1.3075  3.4193  3.053  0.098  2.425  0.3419  0.6302  6.3283  3.2272  2.8737  0.328  2.1819  2.4931  0.0254  0.4267  0.158  4.5337  3.4566  3.3249  0.0561  0.29  1.4205  1.342  
trainID = 655  0.777  4.1871  1.6157  0.5472  4.9912  1.933  1.229  1.8832  0.303  2.3477  1.3506  3.3073  6.2053  1.4102  6.7547  2.2702  6.6574  3.6785  0.7582  0.7808  3.8138  2.4487  0.145  0.096  0.9992  0.8147  4.7105  5.0463  5.6494  5.5092  1.4053  6.1533  0.0483  4.0542  0.209  4.9361  6.4245  4.9385  0.0462  4.3549  1.9505  1.3164  
trainID = 670  0.288  0.6506  3.6742  1.9497  0.724  1.0351  2.0666  0.7203  2.8158  2.5473  1.4746  1.6382  0.6913  3.2748  4.8715  5.2312  3.8644  4.1263  2.6426  0.2578  2.0471  1.0533  2.5138  2.559  1.961  0.9781  1.3175  6.033  0.6989  3.2352  0.6892  3.1245  2.6451  2.4144  1.242  0.603  3.2147  3.9547  1.5697  1.6214  1.1172  1.283  0.9738  
trainID = 682  1.585  2.3665  1.8864  1.9841  3.4552  2.3305  1.2778  1.2873  4.1374  0.038  1.1508  0.3885  0.7051  6.2842  2.7012  2.2657  1.1411  1.2682  3.5979  0.1568  0.654  0.3017  3.4075  0.229  0.842  2.1687  0.8666  2.6303  0.2841  1.5994  0.0502  1.0497  1.6324  0.4958  0.2696  2.086  1.895  2.6819  2.8932  0.4534  0.591  1.0998  1.1507  
trainID = 701  3.6606  1.3596  3.3317  1.844  7.267  3.7175  37.4513  5.5209  0.5982  3.4855  16.057  1.3214  10.0221  1.9649  2.243  8.9054  1.1908  2.1154  6.4631  3.3233  1.469  1.113  1.1  0.6181  4.9376  8.357  16.6325  1.8146  0.6647  8.6107  4.4116  3.6551  4.0031  6.0103  6.9101  4.0612  3.092  2.8212  2.1364  1.8496  
trainID = 710  2.0396  3.7762  1.6067  2.342  6.3018  3.7765  2.769  3.2925  2.499  5.5692  0.6328  3.8361  12.6408  1.3495  7.2118  0.4201  4.1438  6.9498  0.0128  0.0471  5.5149  2.5002  1.866  1.354  3.599  1.7792  5.3254  5.971  7.5553  7.4049  2.1878  5.9665  0.4038  4.5465  1.763  4.8101  5.1977  0.1319  1.9895  5.4411  2.6601  0.3966  
trainID = 732  0.0962  2.3917  1.2181  0.7949  3.9287  2.582  1.056  4.7047  1.9232  1.5578  0.739  1.9993  8.8045  2.2052  5.6981  2.6773  2.8984  5.5355  1.2498  0.7454  2.359  2.4897  0.467  3.858  3.4659  1.8614  4.1702  3.0907  2.6323  1.2282  2.0319  3.4661  1.4436  0.6564  0.173  1.2582  3.6587  2.2342  0.443  2.6687  0.477  4.0498  
trainID = 748  3.0216  6.0088  2.3957  1.895  7.1523  4.4225  1.188  3.2445  2.078  3.1929  1.285  4.9351  12.7304  6.4817  11.5409  2.2029  4.3179  6.2491  2.3678  0.5584  7.4889  30.5887  0.2024  0.1452  8.0165  28.6054  21.5818  13.5121  7.5915  12.4558  0.7992  3.2646  1.676  8.7566  12.3452  4.005  1.6245  5.1673  7.7293  4.9608  
trainID = 795  0.1574  2.7581  1.8957  0.953  3.1018  1.2291  0.6538  3.7703  2.1701  2.0174  0.2686  2.888  8.1257  3.7532  4.5788  0.6939  3.9938  5.4432  3.6518  0.3291  6.1888  3.8344  1.675  3.036  1.2623  0.4653  4.3849  4.9644  5.3722  1.5466  2.2573  7.6223  0.8135  2.5902  2.2369  4.8865  4.7257  2.0349  0.5801  0.41  3.1218  3.26  
trainID = 829  0.2856  6.5527  4.0597  1.6383  9.1313  1.7607  0.9031  2.4829  0.94  5.1435  3.8569  3.3152  9.5607  10.6805  9.183  0.0762  5.2798  3.4694  0.5294  3.114  6.0714  33.7107  0.1671  3.7911  8.519  24.4171  6.7447  6.732  6.2611  11.1355  2.6452  3.5285  0.385  9.5746  9.824  2.5037  6.8375  3.1998  2.8172  3.5257  
trainID = 833  0.783  3.1212  2.5068  0.7679  2.2061  5.1871  0.9142  0.403  0.0938  2.3591  0.773  1.0993  3.5571  1.4164  4.5417  2.602  2.233  2.6514  0.7608  0.3193  4.3926  0.9581  2.2015  0.998  3.036  2.538  0.6113  5.1818  2.9683  1.8748  3.842  0.5308  1.2741  1.2272  1.5527  0.027  1.3005  0.6916  1.1274  2.3111  0.6597  0.9459  0.0674  
trainID = 845  2.3557  0.5076  0.0278  1.9481  3.5052  3.7195  1.007  1.9835  2.016  0.278  0.98  1.4617  14.0265  3.7254  4.2957  0.8866  1.9213  6.4558  1.6378  3.2284  3.6812  5.4882  1.71  1.418  1.0509  1.0728  2.7272  1.0561  1.3217  1.2941  1.0205  5.8185  1.5024  1.502  1.754  1.6158  0.4815  0.0786  2.3791  2.7707  1.4711  2.4779  
trainID = 870  33.5457  7.2065  1.2859  1.7543  3.97  2.6008  2.2187  0.7016  3.4631  1.5582  0.7172  1.6907  0.9246  9.8885  2.3214  5.6665  1.6295  3.9469  9.8068  0.4958  6.2465  0.9698  0.0295  0.946  0.668  5.5997  3.2865  1.9193  5.8995  5.7916  3.8219  2.0954  1.516  2.1834  4.446  0.7947  1.5424  0.754  3.722  0.4108  
trainID = 877  3.1752  1.1413  2.4507  0.8118  4.4785  1.9945  0.7621  2.19  1.895  1.8079  0.8137  2.2155  13.2979  0.505  7.3591  0.1372  1.3714  8.2063  3.5698  2.1539  4.2649  4.0032  0.8966  1.297  2.665  2.9272  2.5481  1.2751  5.6108  1.5017  0.8431  3.4977  2.2175  2.8255  3.1486  3.7373  3.8642  2.3037  3.4598  0.221  2.7856  0.1325  
trainID = 890  34.1791  5.1641  4.1174  0.7512  3.5103  1.2034  3.705  0.562  2.6173  2.2097  1.7565  1.9584  3.5611  5.2841  7.0072  0.8481  2.4874  2.7762  2.2277  2.3522  3.4008  0.7136  1.5445  1.04  2.682  3.8735  0.069  3.8172  2.2457  0.3311  2.8415  0.4751  2.2714  2.4425  0.5484  1.0918  1.145  0.772  1.8811  0.0296  
trainID = 911  3.7205  0.8951  0.8805  1.1076  2.0594  2.3967  1.272  0.7354  2.0241  0.8592  1.7757  0.2937  1.6176  0.658  0.4578  0.2409  0.9289  3.1045  1.5138  1.0856  0.8924  3.1888  0.988  3.295  4.6805  1.1726  1.3946  3.3877  0.6418  3.2679  0.678  0.1911  2.8225  1.6343  0.661  0.1437  0.5048  1.2292  0.4329  0.125  0.377  0.0234  
trainID = 913  0.5587  1.6156  0.9426  2.6671  1.5644  1.5478  0.083  4.5156  0.781  0.1722  0.9431  2.5736  1.7559  4.249  3.8654  1.4838  1.8313  0.8755  0.7518  0.7725  0.7597  3.4688  0.9686  2.382  1.6136  0.7933  4.5315  1.0868  0.3985  1.1618  2.2324  0.0413  1.226  0.5877  0.138  2.0864  1.8111  1.644  0.6253  1.3454  0.7954  1.2537  
trainID = 931  35.154  4.2703  1.3625  2.3946  4.5428  2.9387  1.5609  0.461  1.3448  1.5784  0.3787  1.9499  3.3772  8.9513  3.7935  2.2316  0.1386  0.5305  5.3529  1.7498  2.4195  2.6916  0.8195  1.817  1.912  4.8246  1.2338  1.8271  1.1718  2.7367  4.7643  1.14  3.5129  3.6315  1.2732  0.7537  0.2639  1.759  0.602  2.6166  
trainID = 937  0.074  1.7306  2.3743  2.2711  0.688  1.5601  1.0394  0.419  4.3209  1.282  0.2546  4.3188  1.1401  6.1604  19.0121  6.8345  0.0234  3.0411  2.4304  2.7328  4.9872  2.2205  3.7389  2.9804  1.534  5.2832  0.3438  4.277  6.2023  3.8812  4.1492  0.4259  3.1482  0.7956  2.0709  0.902  2.9819  3.9929  1.8027  0.7808  0.493  0.887  0.0466  
trainID = 938  0.2605  2.6864  0.6343  2.4523  3.2022  1.478  1.621  1.7124  2.5774  1.487  0.7437  1.9481  6.1586  4.6981  4.5259  0.1454  5.2186  2.104  0.3808  2.5076  0.3983  2.3444  1.828  2.836  1.1016  1.0963  4.4453  1.8132  2.5743  0.0538  1.878  1.0423  1.1998  0.369  0.744  3.3449  4.1907  3.084  2.0138  0.471  1.473  1.0515  
trainID = 958  4.2831  1.0101  0.8771  0.0261  5.8498  0.2731  1.521  2.6881  2.008  3.2113  1.0811  1.3565  13.2589  0.0084  8.693  0.1769  1.6468  6.9923  0.9988  1.9053  5.3389  3.5674  0.157  2.1018  3.919  0.7143  4.5422  6.6808  6.1826  3.6018  1.2485  9.3099  1.2645  2.9252  0.919  5.2368  6.1143  4.0044  2.4545  4.0552  3.4753  1.8374  
trainID = 976  0.156  2.1866  1.4774  1.2406  2.986  0.5456  2.7005  1.984  3.5617  0.9956  3.3827  2.8271  0.0231  4.3238  12.1306  7.7869  2.3454  2.1484  3.9526  2.2548  3.8453  0.9665  1.9859  1.2854  0.5791  5.0516  1.378  3.8457  4.6204  4.276  3.6146  1.3985  1.4616  0.8967  2.5364  0.059  2.7246  4.8202  1.5237  0.5526  2.069  0.9454  2.7682  
trainID = 981  0.435  2.3838  2.3028  0.4056  4.483  0.696  1.2371  1.982  2.9129  1.3506  3.3016  1.805  1.5304  0.462  9.7855  6.329  3.3864  2.3553  2.3812  2.1148  6.7043  0.9308  2.7962  1.264  0.547  3.1177  0.9674  5.2393  2.5202  5.6784  4.9899  0.4128  0.973  0.8466  0.6611  0.476  0.8805  2.9946  0.8787  0.1168  0.365  0.131  1.6162  
trainID = 992  32.7979  5.5024  1.3931  3.7221  4.0254  1.297  1.6097  0.36  3.0903  1.8346  2.6999  2.3655  0.6403  10.7249  0.2108  9.8665  0.9758  7.5501  8.5475  3.9948  4.1273  1.3033  2.6929  0.755  2.132  7.8492  0.7827  0.9202  6.0997  1.9205  6.8538  3.2035  4.524  0.8816  3.4825  3.2897  0.7233  1.11  1.127  1.0108  
trainID = 999  1.807  2.0657  0.7421  1.0637  1.2712  3.9163  0.2568  0.683  3.6675  0.198  3.167  0.5629  0.3094  8.5476  1.0424  7.3992  2.7097  3.6896  5.2814  1.1828  0.9943  2.911  0.0923  0.199  1.38  2.1042  1.9957  3.0258  1.6796  1.9311  4.6061  2.8107  6.6525  1.9811  1.7911  0.904  3.6556  3.953  4.8876  2.0848  2.8856  2.216  1.9084  
trainID = 1039  0.9943  6.1997  1.1287  0.1691  4.6636  1.335  0.054  2.6078  0.517  2.565  0.7074  3.8261  7.9794  9.5006  8.5902  2.0811  5.5559  4.8113  1.1238  1.6435  3.04  31.9347  0.6905  3.9964  8.0887  7.0611  4.2654  1.3418  1.5743  5.0335  2.7924  1.5579  0.58  4.5824  8.3231  3.0145  0.2687  0.013  2.4671  2.4749  
trainID = 1064  1.37  1.695  2.6311  2.4457  1.9435  2.6341  0.1961  1.2184  1.2001  2.5362  0.5687  1.4995  1.3856  3.8554  5.8961  6.5284  1.8063  3.9747  2.711  0.5849  0.1475  0.0504  0.3191  0.608  2.314  0.7303  2.7738  6.1522  2.9567  0.3368  1.1446  0.8959  0.4763  2.7601  0.6859  0.572  3.1627  3.8766  0.1577  0.5008  1.4077  0.201  2.443  
trainID = 1069  1.027  1.0868  0.1694  1.2827  1.4454  4.2998  1.4787  0.448  3.4785  2.2731  1.651  0.4058  0.0308  6.6087  6.1081  1.8681  0.2452  0.9237  2.9299  0.9508  3.3368  0.0066  3.2341  0.063  0.1182  0.9981  1.4592  1.37  0.4328  2.6998  1.4664  1.0501  1.7416  0.6081  0.7399  2.4316  0.1169  0.1472  0.0696  0.4805  2.2071  0.071  1.4009  
trainID = 1070  1.9513  0.362  0.5101  2.1571  1.3344  1.5049  0.309  3.0066  0.578  0.5486  0.4768  0.191  1.9764  1.6439  0.9113  1.0866  1.4528  0.9256  3.3338  0.9256  2.2823  3.899  2.828  0.6406  0.6722  0.1486  1.7157  0.8954  0.3159  2.1857  1.7245  1.9905  1.0427  0.8005  3.8  1.2083  1.5965  2.2075  2.0246  2.7807  0.6882  0.2811  
trainID = 1073  3.885  1.806  0.1511  0.6671  0.7102  0.7533  0.299  2.4652  0.275  3.1487  1.456  1.582  1.8394  5.236  4.3856  2.3079  1.6294  2.414  2.6408  3.3394  1.6206  1.4883  3.052  0.2049  1.192  0.5626  1.3553  2.091  0.687  3.0565  1.0527  0.3809  0.6482  3.1695  0.263  0.0297  1.6815  3.3632  0.8555  0.922  0.589  0.6416  
trainID = 1079  2.9949  1.7606  1.4097  0.2301  5.505  0.2959  2.34  3.7662  1.097  0.0077  2.0774  1.349  12.1258  9.5953  0.4466  1.9627  0.6051  4.9584  3.8208  0.5039  2.1062  5.2514  2.0439  0.3988  0.0956  6.0534  0.3855  2.2023  0.5186  3.3771  0.9532  0.5752  2.6593  1.2998  1.555  0.6137  0.041  1.4548  3.7509  0.5715  2.0675  1.6783  
trainID = 1083  0.2056  3.2722  0.1703  0.734  3.951  1.5241  0.8148  0.2003  1.014  3.5109  2.4039  3.8401  3.8001  6.6477  3.6595  2.6257  2.4378  2.2797  1.0948  0.5329  1.7685  0.6672  0.704  4.092  0.3643  1.9929  6.4101  0.5626  0.7982  0.4327  2.1132  2.9502  1.4939  0.3006  0.244  2.8003  3.4981  1.2118  0.5402  2.8323  3.2629  0.7465  
trainID = 1084  1.4862  1.3276  3.2817  0.8856  4.4956  2.3597  3.129  1.3589  0.816  0.8064  0.4912  2.5695  11.7649  2.0894  3.922  3.4821  0.2371  5.3909  3.6258  2.1824  5.1423  5.0162  1.003  2.294  2.2515  1.806  2.5034  4.7976  2.9015  1.6731  1.9  5.4192  0.944  2.6301  3.2907  2.1406  1.5004  4.4698  1.8665  3.1015  1.5089  0.8707  
trainID = 1134  1.1139  4.8578  4.9247  2.257  7.2835  2.6565  1.545  3.5932  0.473  4.7287  1.9227  4.5911  9.9192  4.8531  8.8189  0.8806  4.1815  6.0192  0.0928  1.0027  6.9024  3.9731  2.084  3.055  1.2758  0.6308  5.8473  15.864  18.3206  15.5424  4.0927  10.7528  0.3102  3.5184  0.235  8.9446  11.3535  3.4796  2.9224  5.8263  2.5675  3.3169  
trainID = 1150  1.271  2.52  2.6103  1.5597  1.8812  3.5949  0.7881  2.2058  0.5659  1.5263  0.3866  0.2386  1.5267  0.8406  5.1482  0.0964  1.0272  0.8433  2.1875  0.9383  3.0411  0.8969  2.4072  1.198  2.293  2.1418  0.4915  1.9077  2.2602  2.7821  0.2539  0.3445  1.0353  3.0749  0.9938  0.105  1.9497  0.4176  0.3786  0.0433  0.441  1.8369  1.7023  
trainID = 1165  3.5393  7.9786  2.8137  1.496  7.1859  1.711  37.4833  1.9783  0.0734  2.0569  13.6945  2.85  11.331  1.9106  3.1184  4.0933  2.8218  1.269  8.3768  4.2124  0.05  1.416  4.5008  0.2022  5.4353  13.448  22.4074  6.679  4.4404  9.5475  2.2959  2.9099  3.5486  4.1876  11.5002  3.7903  0.0996  5.9187  5.1109  3.142  
trainID = 1204  3.8201  0.4238  2.9567  3.647  6.387  1.5946  35.1433  3.5174  0.6793  3.0642  16.3805  0.1899  6.6868  2.319  3.0792  7.6081  0.5298  0.8833  4.9429  3.5177  0.624  0.921  5.1653  1.8116  3.7717  6.1358  8.6629  4.718  1.4571  9.1032  3.4705  1.8183  2.4639  2.7225  3.4403  4.0514  0.0662  1.5306  3.3626  3.929  
trainID = 1215  2.705  3.367  0.0171  1.0867  1.6762  2.1882  3.3233  0.381  0.2325  0.883  0.6609  0.3533  1.667  3.1961  4.3286  0.482  0.5128  1.7388  0.8314  1.4526  2.1485  1.4993  2.8342  3.338  5.57  3.8583  0.5486  0.1976  0.325  0.857  2.3525  0.6342  2.1785  2.8234  0.727  1.6872  0.1797  0.521  0.015  0.6411  
trainID = 1231  1.5577  5.083  3.5767  0.9194  8.1791  1.9075  2.152  2.7242  0.305  7.311  1.1509  2.8896  11.6442  8.5249  9.9743  2.7526  1.9423  2.1605  1.3848  2.2434  7.6188  31.6377  1.332  3.0347  5.2103  30.7225  15.8864  0.1949  6.647  10.861  0.0973  3.0779  1.615  7.7726  10.3488  5.1915  1.5508  5.2837  3.5629  4.7537  
trainID = 1239  6.0613  1.482  3.8327  3.351  8.0265  3.9825  37.1573  4.6681  0.4089  2.3368  18.5238  0.2945  11.2093  5.6805  0.5958  6.792  0.7514  0.0778  9.9628  1.3989  0.447  2.575  3.2643  2.2887  2.8414  6.7104  26.0724  8.5295  3.0601  11.4835  2.7054  5.7831  4.0555  5.6003  7.9837  5.7288  6.3389  6.6836  4.9102  2.9578  
trainID = 1250  1.299  2.2008  0.9408  0.7521  2.1445  1.1811  1.9875  2.031  1.306  0.136  1.6298  1.5959  0.6737  0.1866  9.0502  3.0749  0.3677  1.3076  4.071  2.8988  5.0852  0.5869  2.3174  0.775  1.846  3.4858  1.0829  1.1518  4.3123  2.1093  2.1929  1.0165  0.7544  0.6709  1.9374  1.043  1.4263  4.276  0.6637  0.0164  0.07  1.091  1.7451  
trainID = 1259  4.3989  0.0584  2.4617  0.8645  6.4181  2.4524  37.2983  3.488  1.2658  3.1986  13.7183  0.8866  11.7245  1.2219  1.3108  7.9141  1.1248  0.2227  8.2638  3.3275  0.902  1.849  2.6792  1.3986  1.9144  6.5273  13.9752  1.6391  0.2426  9.6122  3.8098  3.6866  1.628  3.6597  5.2829  5.0312  3.1517  2.7752  6.5029  1.3212  
trainID = 1260  2.147  1.4132  0.197  0.7554  0.0022  3.9864  1.0281  0.471  1.3055  0.599  0.5791  1.3068  1.9582  8.9261  0.9025  3.6339  0.2373  0.3698  3.4234  1.2678  2.6301  2.3042  3.8791  0.466  2.096  2.043  0.7374  4.4966  1.0577  1.9291  1.1641  0.5739  1.1471  0.2096  1.2143  3.6808  0.7667  2.9124  4.1493  0.5752  1.0328  1.6797  1.6151  
trainID = 1273  0.514  4.2635  1.3766  1.5293  2.8475  1.3374  0.6483  0.8494  2.2696  1.3253  0.8073  0.9841  1.0721  8.1357  5.1854  3.4609  0.8079  4.3103  5.0082  1.3428  3.5102  0.501  2.8935  0.695  0.435  5.4965  0.1312  2.0141  3.6597  3.6389  3.234  2.0195  1.4879  0.5249  2.9878  0.164  0.5532  3.6287  0.8687  1.3566  0.768  0.389  1.4218  
trainID = 1293  36.2172  5.749  0.4946  2.6727  5.1898  2.8441  4.1184  1.6572  2.6124  2.5008  0.6291  1.4312  0.6574  7.4552  3.1726  4.5456  1.8886  6.4723  9.1695  1.4698  6.1379  1.6307  3.6204  0.861  3.629  7.5084  2.2915  0.0062  7.9769  5.2032  7.231  1.3085  4.074  2.0774  1.3871  0.4131  1.2137  0.742  0.076  5.1086  
trainID = 1308  1.9697  4.1721  2.2367  1.811  5.6946  1.9772  1.5193  3.706  1.057  1.879  1.0098  2.9645  8.9885  4.984  8.1607  0.3043  4.3497  4.4877  1.5858  0.5219  3.1384  2.0004  1.412  1.593  0.37  1.6866  6.3845  7.2308  4.942  3.9034  3.7707  7.6816  1.1027  1.2097  1.413  3.5624  6.0945  2.3981  0.2286  1.3201  2.3018  1.8259  
trainID = 1317  37.8617  8.8663  3.6482  4.1284  5.5129  3.0406  4.8103  0.9823  2.6258  4.6438  0.8447  0.1174  1.9898  6.2142  2.736  0.4952  4.5551  3.4091  8.6723  0.1718  5.4723  3.9719  0.6025  1.865  4.581  4.6379  2.4349  1.1657  4.9968  5.6987  8.3564  2.5865  3.2965  2.9092  2.4437  2.8044  1.695  3.187  1.11  1.9361  
trainID = 1322  0.244  1.2967  1.0556  0.7049  4.5671  0.2012  0.652  2.1128  0.263  0.1813  0.0008  3.9521  4.8535  0.7482  3.6355  0.1523  4.6281  3.697  2.1558  3.848  2.1888  0.6666  2.185  1.853  0.2955  1.6852  4.929  2.2736  2.7881  1.7428  2.1028  3.1396  4.0353  0.9123  3.4341  3.6166  2.8089  0.5737  2.1126  3.2444  1.6849  1.8684  
trainID = 1333  1.4053  3.8945  3.0737  0.1339  5.7804  0.0441  0.921  2.6821  0.73  1.5761  1.747  4.5191  6.9076  6.1095  6.67  0.4767  5.0344  2.5059  1.1088  0.0997  1.6717  3.7659  0.009  0.956  0.7319  0.8271  6.5426  4.7446  5.6703  2.3545  4.4179  6.6398  2.1339  1.9226  0.257  5.7432  6.0716  4.56  1.0302  1.3729  0.244  2.4487  
trainID = 1370  1.5324  0.2804  0.0441  1.2771  1.2625  3.1075  1.0418  2.2088  2.0939  0.2914  0.0819  0.6406  3.5778  6.7318  1.1353  1.4227  0.5715  1.7472  1.3098  4.4497  1.5645  2.6641  0.9038  0.3322  2.4183  0.005  0.3442  3.795  1.0657  2.353  0.9765  0.5398  1.1473  0.1752  0.554  0.3207  1.5865  0.3807  0.5212  2.5188  3.139  0.495  
trainID = 1378  0.744  3.4383  1.5329  1.3553  0.977  2.9987  0.5035  1.1351  3.7716  0.535  0.5616  1.5246  2.4609  0.7451  0.0079  0.0513  0.9697  2.3593  0.4511  1.3618  2.1928  0.1762  2.5163  0.047  1.622  0.3505  0.6614  1.3037  0.3196  0.1577  3.5599  0.7886  1.2525  1.2642  1.2465  0.519  0.5014  1.1742  1.4427  0.3561  0.342  1.9771  1.93  
trainID = 1426  36.461  3.682  0.6013  3.8527  2.9278  2.3894  2.4393  1.3571  3.5414  0.9935  0.4334  0.3277  0.211  10.4971  0.0345  5.6345  0.6764  9.3798  7.5936  1.1338  6.4797  4.1381  2.4739  0.442  2.991  6.1458  2.3529  2.017  5.7712  6.7907  7.4215  0.2673  2.894  1.6815  4.5678  1.2057  0.3978  0.542  1.645  1.3925  
trainID = 1431  0.271  2.0923  2.756  0.5454  1.4497  3.3498  0.4825  1.1406  2.0302  0.563  2.621  1.237  0.529  1.4125  5.4267  0.4451  0.2651  0.3437  1.2144  1.6886  2.7324  0.0682  1.2274  0.053  3.38  2.1208  0.4246  1.4248  3.8759  0.6644  2.7576  1.7924  1.4048  1.9023  0.7938  0.822  0.2755  2.6303  1.1198  2.3816  2.3536  1.4437  2.2832  
trainID = 1451  1.6702  0.3567  1.6417  0.1693  5.289  2.5512  35.3933  3.6556  0.9147  0.1489  14.3657  2.0804  6.663  2.9693  1.0258  5.1201  0.0345  0.4716  4.5425  2.4724  0.395  0.8169  2.6873  3.837  4.3167  3.7745  4.2493  0.389  0.2918  5.8299  2.7043  1.0466  2.9342  1.6378  3.9738  3.3742  2.0581  2.7156  2.7643  2.7049  
trainID = 1466  0.7557  3.7456  2.2927  0.816  4.4951  4.7035  0.971  4.6726  0.141  3.079  0.8365  1.6918  8.4198  2.0221  8.3173  1.7886  3.5807  5.792  1.4558  0.6712  3.2359  3.7298  1.299  2.205  0.5015  1.9292  5.2397  5.823  5.3225  6.3916  1.4962  5.9618  0.5088  2.7378  2.7533  3.966  4.3366  3.5943  0.7906  1.9293  4.7746  1.0359  
trainID = 1509  35.0746  6.6957  2.7505  0.735  2.2637  2.0356  0.8188  0.7083  1.9523  2.219  1.9507  0.9271  1.5905  3.2075  7.7473  1.217  3.0301  1.6306  8.349  0.5831  1.6338  2.2716  0.3667  2.538  2.985  4.9535  1.3461  2.8076  2.7692  0.9643  4.7679  2.3734  2.8344  3.5257  0.9456  0.9786  0.4104  0.51  1.807  0.2005  
trainID = 1542  1.121  1.3132  0.817  0.9039  0.3807  4.6547  2.7515  3.648  0.221  0.696  1.7134  0.307  3.5761  5.8345  3.5993  2.3177  0.5675  3.1534  5.0558  0.3908  4.9509  2.0893  4.511  2.627  2.796  0.0516  0.8655  2.5028  0.8062  1.8445  1.2581  2.6015  2.942  2.3656  0.6602  1.857  2.274  3.5403  3.8316  0.5804  2.505  1.2125  2.7929  
trainID = 1549  2.2692  1.4165  2.3397  0.1718  7.3066  1.7407  1.964  1.7685  1.158  2.8291  2.3959  4.9351  13.3189  3.0244  8.0917  0.5631  2.0849  5.9656  2.2898  1.546  5.4924  2.0562  3.547  1.578  0.5877  0.5263  5.2832  9.0081  11.1903  12.3268  5.9259  9.2864  1.9404  3.5886  1.586  5.2267  5.6907  3.8813  1.2805  3.6623  5.4101  4.5974  
trainID = 1552  2.7546  1.7322  2.1617  0.6696  5.8965  1.9862  1.854  2.8158  2.605  4.2097  1.5493  0.784  12.6875  1.4165  7.4665  2.0452  1.5309  8.9132  0.3042  1.1917  4.4887  4.455  1.198  2.182  2.5158  1.3986  2.9327  9.4582  7.7566  4.2357  0.3565  6.5148  1.9253  2.4363  2.8171  3.2409  7.1986  2.06  2.3906  4.3243  1.9478  2.5165  
trainID = 1612  0.32  0.0405  4.0876  1.9697  0.7748  5.4644  1.6688  0.455  4.0171  0.331  1.8179  1.1846  3.5821  6.9864  9.0644  6.7762  3.0216  7.6628  2.059  0.2564  1.5971  1.5013  32.9197  2.1422  1.4293  9.9035  5.5414  2.3259  0.0819  2.9907  4.946  3.5594  0.1143  0.635  9.0836  7.4449  2.593  2.2027  4.1648  1.7593  3.0231  
trainID = 1669  33.9312  5.0287  2.4907  0.3505  6.6885  1.8811  1.7233  0.585  3.0158  1.6264  0.8282  1.6039  0.8459  6.3532  4.8423  0.3364  2.8537  3.9213  8.4604  1.0428  3.829  2.8702  0.8515  3.636  3.884  4.4189  4.5568  2.2873  4.3216  3.9559  6.7315  0.8829  2.4376  0.8081  0.8968  0.9777  2.813  2.458  0.012  0.4555  
trainID = 1670  3.4235  4.0757  2.9267  1.59  5.46  3.0325  1.157  3.5633  1.836  1.4335  2.2059  1.2092  11.7129  5.2081  6.1167  0.3383  3.2207  2.9761  0.2168  1.837  5.4482  1.7883  0.312  0.2191  0.0311  0.5569  3.3209  8.3177  7.6017  6.5885  3.4831  8.5363  0.8775  2.2025  1.353  5.5355  7.4023  3.9413  0.6449  3.9106  2.2803  0.5882  
trainID = 1678  2.512  2.4948  0.8293  1.6447  0.6235  4.5769  0.9168  0.025  1.8264  1.1707  0.232  0.85  0.9998  5.9476  0.0275  3.5488  0.5435  2.5742  5.8299  1.9678  2.7928  0.2428  2.9318  2.232  0.3552  1.1263  1.2818  4.5439  0.0631  0.4341  0.2861  0.9592  0.5882  1.5513  2.8271  1.465  1.4642  0.8589  0.4343  0.2788  0.9656  2.7533  1.3574  
trainID = 1690  3.9683  2.5085  4.1207  0.8696  9.4883  2.7725  39.5743  7.5398  0.412  3.2008  17.9286  3.1024  9.2017  1.6556  0.4631  7.2347  3.5738  0.9246  8.6388  2.744  2.507  3.288  4.3129  0.9301  4.1872  10.0037  22.7747  0.6949  1.9591  10.6982  2.6552  3.9784  3.8363  7.1322  10.8669  5.7727  2.0241  5.8481  4.4579  2.127  
trainID = 1702  0.2785  0.7195  2.3197  0.7949  2.8215  2.3686  1.707  1.8737  1.922  0.7415  0.3442  1.8788  6.1108  2.3806  2.8297  0.5899  3.8104  4.5665  2.5768  3.7158  1.9555  0.6347  2.076  1.375  0.889  2.4066  3.9227  1.6755  0.7653  2.3015  0.8275  0.5091  1.3157  0.7102  1.365  0.357  1.2764  1.8022  3.1205  1.33  0.092  0.2561  
trainID = 1705  1.341  4.7231  0.7063  1.4993  0.7918  1.0204  0.9819  0.8763  1.9992  0.361  2.4699  1.0453  0.6893  4.648  1.975  2.5623  1.1477  0.1794  3.7609  0.5688  4.293  0.1185  2.1002  2.1389  0.0628  4.017  0.155  0.0466  4.3961  4.0644  4.5022  1.2658  0.7022  2.9988  1.3611  1.696  0.1432  2.0683  0.1837  0.6771  1.472  0.223  1.4682  
trainID = 1732  0.3891  3.4876  2.4287  0.2302  6.1518  0.5313  0.679  1.5561  0.318  1.2395  0.5897  1.4591  10.332  0.3417  5.5381  0.9211  0.49  4.5172  2.2288  0.4127  3.8969  2.5575  0.537  0.1535  1.4843  1.1973  3.6852  1.4861  3.1483  3.0207  0.7365  3.4592  0.7655  2.656  0.122  5.4663  3.296  3.4725  0.9493  0.6744  1.4354  1.8628  
trainID = 1755  5.1457  0.0858  1.9167  2.024  3.5245  0.6014  3.322  3.3073  2.96  3.4097  1.1386  2.8284  11.5447  3.3947  6.3483  2.3699  0.7622  6.4433  2.0808  1.8788  4.2689  3.0448  0.7912  1.201  2.3311  0.998  3.9818  2.6035  4.3422  0.0944  0.8409  6.77  3.1974  1.7837  2.8352  2.7838  4.3278  2.9523  1.1705  0.9381  1.4063  0.5315  
trainID = 1757  0.4488  1.1961  1.9957  0.3429  3.69  1.369  2.809  2.6267  0.07  3.5994  1.7454  1.0818  11.1651  4.4113  2.3052  0.2155  0.3909  8.537  1.2348  2.0133  2.0543  5.3108  1.0194  1.165  1.0731  1.9462  0.6272  0.7342  2.148  1.0694  1.7126  2.3018  1.3233  0.271  0.847  1.7635  1.5861  3.7239  2.9723  0.071  1.7868  1.0138  
trainID = 1762  0.0711  0.1724  0.8756  1.0028  2.4206  0.5334  1.878  1.6246  1.352  1.0494  0.9321  0.2619  2.4203  0.9294  0.1241  1.4902  0.1866  2.627  1.6068  3.6571  1.3409  4.3267  0.04  3.451  2.6338  0.2725  0.5998  1.5407  0.1004  0.1373  2.117  2.3833  0.957  1.3484  2.05  0.5591  3.1133  0.3804  0.7399  0.331  2.7586  0.2442  
trainID = 1764  1.9252  3.4303  3.9797  0.8757  5.4336  1.345  0.257  2.1147  0.557  2.2227  2.9969  1.2168  11.4013  5.7962  7.4825  0.4442  1.8345  6.8965  0.3098  0.488  4.4284  4.2295  1.517  0.5665  1.4636  0.289  6.0971  10.9811  10.4355  10.1739  1.9816  5.5457  0.1952  1.6084  1.717  5.4847  5.7395  3.4701  1.4216  4.3134  3.2242  3.4209  
trainID = 1796  3.3171  2.7431  3.9517  0.646  6.1944  5.2585  35.2823  5.4045  2.7399  1.2391  12.7602  3.381  9.0939  2.9108  4.018  5.7752  1.5858  0.9437  6.9914  3.3242  0.022  2.418  2.4356  0.8275  3.9165  13.1147  18.9881  7.5806  2.6368  10.6977  3.5049  3.4015  3.5666  5.2119  9.1031  4.9682  0.98  3.0159  5.2097  3.5271  
trainID = 1804  0.4323  2.8716  4.0537  2.134  6.663  1.4159  4.222  4.9068  0.724  4.0547  0.4703  4.9921  14.1944  4.3941  9.4492  2.6108  2.7878  6.1431  1.4798  1.8882  4.2559  3.2653  2.448  1.832  1.5758  0.4178  5.6135  16.2989  12.841  13.4369  2.859  9.305  0.2466  4.6859  3.119  7.4416  10.8419  3.0017  0.6377  3.3801  5.9731  3.1911  
trainID = 1835  2.7706  1.1247  2.9287  2.445  5.2528  3.5285  2.7758  5.1136  0.3966  2.7133  12.7531  0.7928  7.0037  1.276  0.5882  5.8199  3.4288  1.4519  3.9664  3.5333  2.526  2.784  4.2841  0.8903  5.5256  7.2698  6.5067  4.7825  0.6409  8.0289  1.4749  1.2437  4.3689  3.3903  4.3106  4.5926  3.1852  1.6005  2.8966  2.4901  
trainID = 1852  0.6397  2.1158  1.0639  2.257  5.4484  1.6385  2.741  3.0359  0.914  2.288  2.4829  3.3151  8.6911  6.2817  6.9719  0.8719  3.4755  2.1154  1.1758  1.1407  3.2663  1.5528  3.538  1.012  0.1477  1.4405  8.8772  6.9421  7.1141  4.1233  3.9764  6.4358  1.251  3.5058  0.848  6.494  5.1187  2.6215  1.4327  3.1582  5.5577  3.7357  
trainID = 1855  0.1531  3.4569  3.8257  2.324  3.805  3.4155  1.293  3.7832  0.068  2.6013  1.1093  2.3137  9.9709  6.5943  8.2927  0.4402  2.8642  4.0862  0.5088  0.5683  6.6474  0.7175  2.567  4.019  0.9747  0.4892  4.9465  10.5249  11.8786  11.0524  2.8174  9.7822  0.6934  2.7472  0.604  6.1871  8.346  4.0966  0.3188  5.6887  2.8299  5.0981  
trainID = 1870  1.2243  4.9848  2.0957  1.2134  5.138  1.4917  3.1319  0.7905  0.972  0.8481  3.3159  1.3659  6.3218  6.1916  7.2786  0.0452  6.4439  6.3062  1.1998  1.1673  1.6668  30.8027  0.3888  0.2062  4.4659  7.8557  8.383  4.0865  3.5468  5.2366  2.2633  0.8726  0.31  7.5996  6.489  3.7125  0.861  2.8686  3.2469  2.5637  
trainID = 1882  1.6986  1.297  0.3507  0.6298  5.1312  2.0442  1.209  1.8005  2.701  1.6353  1.8983  1.5265  7.0936  1.1578  8.1564  1.5301  4.41  3.8077  1.6048  0.7398  4.4026  2.3846  2.207  1.688  0.3401  0.5444  7.2717  3.4584  4.9806  4.065  3.4047  3.569  0.4654  0.8137  1.137  4.0454  4.5448  1.3339  0.1797  1.9361  2.6121  2.0278  
trainID = 1910  2.4808  5.6116  3.6307  0.2156  9.5858  3.8785  34.9313  6.7444  1.652  1.9645  14.3863  3.963  11.2845  1.8209  2.2966  4.2943  1.4398  1.9949  8.2378  0.7691  1.184  2.292  1.5656  0.0622  6.7509  15.8908  16.6887  13.8773  5.0501  10.6673  4.5138  4.951  2.762  6.5084  8.2118  5.3261  1.7376  4.4011  3.3792  3.967  
trainID = 1932  0.0537  2.7024  2.1677  0.1279  3.927  2.8645  0.21  1.5685  0.986  2.9798  1.7999  2.584  10.741  0.1661  8.558  0.5117  2.2794  5.3147  2.0138  1.3624  4.7814  1.7227  2.01  2.581  3.2671  0.0473  5.545  6.173  7.3016  8.321  1.7916  7.8243  2.0604  2.1542  0.019  0.8034  7.6685  3.5446  0.2684  1.8438  4.2222  2.2163  
trainID = 1995  0.0778  5.1656  4.0577  0.3137  4.0864  1.715  2.2992  0.9541  1.865  4.3753  2.7139  4.1651  11.1765  3.8799  5.9639  0.5257  4.8453  5.9393  0.6688  2.1915  4.938  1.2999  1.486  1.725  0.0379  1.567  6.3685  10.4005  12.4961  9.8215  0.2923  7.9496  0.4354  3.3222  1.915  6.8381  9.4317  1.8845  0.0876  2.0587  4.176  3.2638  
trainID = 2033  0.2361  5.0543  2.5927  0.2068  3.46  1.6127  0.7906  2.3737  2.5721  1.3498  1.2264  3.4951  6.1578  3.8408  4.7585  2.9041  3.7982  1.829  0.7998  1.5838  2.1623  1.7826  0.007  3.705  0.2692  0.7995  8.274  0.6397  3.8807  0.2677  3.0697  2.9363  1.018  0.5592  0.394  3.6021  2.8308  3.3662  2.2724  4.1338  0.017  0.2723  
trainID = 2045  2.202  3.6602  3.1162  3.5897  1.3427  3.9225  1.6096  1.482  1.3712  0.209  4.071  2.1109  1.4377  11.0703  1.0939  8.2716  4.1131  1.2501  5.8549  1.5578  1.5244  3.8965  3.4141  0.391  2.076  1.4581  0.4365  2.4703  3.436  5.3242  2.4213  1.4078  6.6885  1.4482  1.7263  1.424  2.8055  2.2245  4.3819  1.7554  3.1244  2.7034  1.4273  
trainID = 2070  2.864  3.8389  4.399  0.1652  5.0046  0.7136  2.2361  2.9422  0.1326  2.5968  0.4113  0.7004  0.5551  2.2155  5.6522  1.4438  0.1454  1.4741  3.2902  1.5513  3.1394  2.0045  2.1358  2.007  3.149  4.5158  1.5802  4.1519  1.7715  1.7627  3.6775  0.0329  3.4109  0.8173  0.7928  1.4327  1.8493  0.7475  0.433  1.7004  
trainID = 2077  2.5603  3.3088  1.4387  1.4718  4.0665  2.372  35.7453  3.1201  2.6199  0.6137  12.9781  1.1254  8.363  1.4921  0.2697  5.5357  1.8208  0.5284  5.4744  2.1453  0.097  1.695  0.8884  0.5253  5.7832  6.4206  7.5468  4.9396  2.5333  10.2596  1.3025  5.067  3.9998  2.9811  6.1752  2.5026  2.6429  2.4522  3.6878  1.8255  
trainID = 2090  1.001  2.4105  2.6549  0.9623  2.4075  4.2071  1.3698  0.227  2.3391  3.5206  3.5367  0.202  1.4147  2.4285  7.6435  4.0597  2.2768  5.2089  1.4848  1.884  0.8194  1.5354  1.4485  2.385  2.517  1.6543  1.6027  7.3329  2.7885  0.2105  1.5605  0.8418  2.0808  2.0798  0.2302  0.8463  1.4831  2.5709  2.4889  0.0307  
trainID = 2111  1.341  2.5751  3.4138  1.2413  1.6047  3.7275  3.0865  1.3356  1.6198  0.196  2.4892  1.8703  0.2746  2.6302  2.4057  1.6339  1.0477  3.3902  6.2094  1.6108  0.7017  0.7663  0.0975  0.933  3.181  0.6744  0.4772  4.3203  4.5526  2.3086  0.0109  2.3305  1.2066  1.8941  1.5736  2.4103  1.6387  1.8068  3.7869  1.543  1.8261  1.2372  1.44  
trainID = 2113  0.2074  2.395  1.4607  0.6146  2.3356  0.3073  0.45  0.2126  0.733  2.1847  3.9559  1.9734  6.0283  7.5  5.8207  3.8942  4.9499  1.1629  0.7408  0.9931  3.2973  2.124  0.95  3.174  1.1092  0.1995  5.8084  4.2224  4.0535  0.56  1.8418  5.296  1.6054  3.1011  0.622  4.9842  4.2533  2.486  0.8775  2.4698  1.2612  3.0415  
trainID = 2131  1.6958  0.1466  1.6781  2.3686  1.1705  1.4989  1.7152  1.9099  0.811  0.8589  0.2992  4.1351  1.2968  4.7286  0.7929  0.6633  3.5835  2.1168  1.2327  1.3226  1.6231  1.1562  0.188  1.92  2.387  0.8642  5.7197  2.2129  1.1518  1.5255  0.999  1.0213  2.3067  1.0625  0.531  1.6785  1.9813  2.6524  0.1791  0.245  1.4119  0.86  
trainID = 2137  0.5885  0.2173  0.7896  0.8289  2.8038  0.5159  0.845  3.8333  0.852  0.2413  3.8333  0.0328  7.8653  6.7316  1.5125  1.2801  0.9932  2.2219  2.0818  3.0608  0.754  2.381  0.145  1.144  0.1289  2.6852  0.0574  1.9922  2.3882  0.5692  0.091  3.7463  0.7838  0.4308  1.264  0.1753  2.5111  1.9497  2.0064  1.155  2.1831  0.3772  
trainID = 2138  1.4362  2.7838  0.1297  0.4363  4.4059  1.439  0.017  3.3726  1.851  4.0538  1.4874  0.5918  6.4514  6.2351  6.2537  1.8858  5.1243  4.4669  1.0446  0.5746  3.5096  1.6866  1.2101  2.21  1.9887  1.1957  7.6185  3.8975  4.617  1.849  2.7234  5.3789  1.3001  0.3965  0.611  1.6211  5.9763  1.7654  0.1563  1.615  0.7831  0.8783  
trainID = 2158  2.4281  1.2053  0.2354  2.502  4.9061  2.2492  38.3983  2.7523  3.8189  3.9351  14.2325  3.7158  8.6723  2.4993  1.9973  8.0242  2.2788  1.646  8.3438  4.7721  1.615  0.3728  4.0273  3.5041  4.7349  11.9775  16.0799  8.6056  2.3825  8.9966  0.8089  2.7847  1.981  5.9405  9.0064  5.5793  1.254  3.239  4.2488  3.1438  
trainID = 2176  1.5093  2.5806  0.3172  0.6682  1.7276  1.5201  4.049  3.1587  1.4404  1.1124  0.1797  0.2626  3.6594  4.1515  2.1264  0.3041  0.9827  0.2751  2.0648  3.3643  1.3814  2.6883  1.346  1.474  0.6206  0.3349  0.0155  1.4682  1.5518  3.6586  1.7814  1.0335  0.4106  0.4014  1.522  0.1957  1.286  0.8495  1.7799  0.5883  0.404  1.1168  
trainID = 2181  0.7515  1.0148  0.3566  0.1262  2.5563  0.2007  3.024  3.8676  0.051  1.7885  0.9455  0.7195  6.2894  4.1764  1.0644  0.8933  3.0241  2.9569  0.4218  2.0645  1.212  1.803  0.874  2.082  0.0001  2.1876  1.9704  0.4686  0.9095  0.8056  1.0585  2.2202  1.193  1.5046  0.922  1.8961  0.826  1.8614  0.9056  1.2048  0.282  2.2626  
trainID = 2192  0.076  2.0126  3.8809  0.1517  0.9179  0.0296  2.8094  1.5796  3.0742  0.899  0.8933  1.116  0.4453  3.5307  7.9371  0.0609  1.7558  0.6492  4.0066  0.6491  1.517  1.4678  1.7397  3.042  1.715  1.9866  0.1173  0.0145  3.6315  2.7817  2.2241  0.1173  2.5481  1.1233  1.0186  0.655  2.1109  1.976  1.0419  0.1478  
trainID = 2199  2.7795  3.1159  2.5907  0.2772  6.0054  2.42  0.638  4.8438  0.129  4.208  0.7596  4.1661  11.9206  1.9753  9.519  0.9292  3.8701  3.3849  0.3108  0.9272  5.592  0.7727  0.008  0.1714  2.0135  0.3504  6.1506  8.7453  10.3138  6.2994  1.7182  7.379  0.3204  2.6164  2.1847  4.4642  6.5859  5.0461  2.4571  4.2717  1.4782  3.2088  
trainID = 2239  1.1105  5.6155  4.0617  0.6855  7.5889  0.2664  2.915  3.5874  0.043  5.8323  2.9879  2.0171  9.2446  8.3271  7.8185  0.4519  4.4249  2.4746  0.5816  0.8318  2.6286  33.4577  0.2056  3.5704  6.25  20.0952  7.2092  3.6483  5.8041  7.4901  1.7565  2.0165  2.13  8.0036  7.9101  2.113  3.7265  6.1803  3.3437  5.2646  
trainID = 2264  1.3571  3.3743  3.7187  0.0278  4.1936  2.7055  0.458  0.7993  1.1049  3.3533  0.1892  3.8201  6.8876  10.1595  7.6371  2.5063  5.6299  3.6793  0.9239  1.2772  4.2251  30.6877  0.198  1.2401  4.785  4.785  5.7677  0.9449  4.7646  4.3178  1.3318  2.3169  1.563  5.9991  6.0235  1.2463  3.1618  1.8615  3.6565  2.4476  
trainID = 2269  2.5258  0.2127  1.3987  0.9273  5.9506  3.3255  0.478  2.9077  2.377  2.1002  0.9227  0.3528  9.7588  2.0042  3.768  2.352  2.5852  5.2044  1.3998  0.7042  3.0115  2.3699  2.73  2.836  0.9312  3.0137  4.0881  3.0839  3.1641  3.7474  1.9109  4.6923  0.7908  1.9235  0.085  2.2809  2.0244  4.7158  2.1586  3.015  3.0448  0.5411  
trainID = 2270  1.2814  0.1472  3.3997  1.538  5.5925  0.7117  0.9273  2.1619  0.453  0.6872  0.7543  1.8504  5.9427  0.1466  4.5681  1.5392  1.9838  5.7213  3.3058  1.8145  0.3173  2.7747  0.121  3.732  1.5577  1.1931  5.7521  5.1207  2.4591  1.604  0.3528  3.0143  1.5017  1.1268  1.735  3.2594  3.8332  3.0622  1.2831  2.0272  2.1472  1.6388  
trainID = 2273  0.505  1.0641  0.5783  1.148  3.2305  1.5879  0.8713  0.495  2.0411  0.977  0.831  0.7597  1.479  4.0205  2.1868  0.1542  1.014  1.4782  1.7677  0.9038  2.31  1.568  1.7739  0.414  0.1857  0.33  0.8948  4.8357  1.3888  0.0708  0.5262  1.1501  0.3766  0.9662  2.8494  2.146  2.5076  1.4615  1.2372  1.6699  0.8022  2.069  2.573  
trainID = 2279  0.7163  1.4099  1.8347  0.9205  4.3728  1.4688  0.356  2.8182  0.856  2.3279  0.5302  0.1623  13.3126  2.9667  5.2514  0.629  0.035  5.5173  1.1948  2.5836  6.6156  3.3987  0.664  1.441  3.9557  3.3777  1.6791  1.6354  3.572  0.0608  0.564  4.6607  2.3183  2.158  2.6336  0.9074  1.2311  2.6576  1.9119  2.2755  1.892  1.3433  
trainID = 2283  0.0854  6.6914  0.7688  0.5999  4.4987  1.5236  3.832  1.9233  0.354  3.252  1.0574  4.1301  6.4045  6.0751  7.8406  1.2324  6.0625  3.3518  1.3998  1.1199  2.2734  32.7877  1.6617  0.815  8.0442  5.5261  5.8875  2.2512  3.9656  2.999  1.8151  0.0936  0.117  7.2991  8.7313  1.4553  3.3594  1.8289  2.8618  3.8526  
trainID = 2284  1.2186  1.7172  1.2506  0.801  4.9232  2.8675  2.837  3.5204  2.415  3.6464  1.977  3.2417  13.3912  0.2313  7.6294  1.7327  0.4663  5.8107  2.9498  0.4844  4.4157  2.6386  0.155  3.095  5.8732  0.8627  4.4277  5.7086  6.6819  6.2366  1.504  8.975  1.0511  2.5096  0.088  2.3075  5.4017  3.8076  0.5811  4.5626  3.199  3.2484  
trainID = 2350  2.162  3.5174  3.4057  1.7636  2.1519  0.2066  0.124  1.517  1.22  3.4248  2.5869  1.1323  2.6297  6.1678  4.7087  2.2681  6.11  3.5932  1.1548  0.773  0.5293  3.0116  3.111  2.818  0.6319  0.6677  4.5339  0.4652  3.6651  1.0026  0.6883  2.1806  3.4534  2.0395  1.006  1.8702  2.0083  3.0862  0.3992  0.9999  0.447  1.7423  
trainID = 2389  35.6009  3.8939  0.9178  0.6196  3.7237  1.1777  2.9931  2.9013  5.3192  0.32  2.0856  0.0402  0.822  9.2594  3.4326  3.1512  2.1251  2.6199  5.7096  2.3388  4.0188  2.4199  0.4546  1.26  0.604  2.9388  1.5546  0.7535  3.6566  3.0433  4.7853  2.3559  3.3626  2.3669  1.5522  1.4422  1.0593  0.9895  0.805  1.0324  
trainID = 2405  32.3197  3.2765  1.9511  3.5706  3.9703  0.3624  3.2129  1.2205  1.7565  1.1212  0.0431  0.0656  0.8899  8.7304  4.3972  2.999  2.5057  3.2275  5.4994  0.7428  6.1365  2.5985  0.1138  1.019  2.433  5.0438  1.0171  1.9519  6.2272  1.9336  7.0738  0.4078  2.8131  0.2612  2.12  1.9907  2.3424  0.6873  1.501  1.2492  
trainID = 2429  0.7612  2.4924  0.7393  0.3644  3.4071  3.0825  1.069  3.4443  0.248  0.3068  1.0667  4.4761  0.4409  3.7209  2.8  2.8105  2.0802  2.5056  0.4328  2.7566  2.68  1.9462  1.308  1.627  2.3153  0.1252  1.3359  0.9918  2.2307  1.1573  3.2684  1.0839  3.1132  2.4913  0.729  2.5001  2.0217  0.5927  0.6767  1.174  2.4054  1.2702  
trainID = 2433  1.096  5.4379  1.9417  0.7263  5.1801  3.5715  2.116  1.7311  0.728  3.7072  2.1089  2.1718  8.2505  7.6486  9.0702  0.685  3.7442  2.6295  0.5948  3.1989  5.5708  31.8567  0.4029  1.1871  7.5395  22.9998  10.9971  1.7945  4.7993  8.2913  0.6951  3.0874  1.606  8.7576  9.8064  2.499  3.8671  3.302  5.6703  0.6474  
trainID = 2454  0.6117  1.4309  0.5068  0.4726  2.2854  2.633  0.892  1.7601  0.486  0.1201  2.0596  0.3397  9.1706  6.429  4.8777  1.0177  0.8369  2.8797  2.1418  3.2341  0.3971  4.6315  0.6654  0.6796  1.3392  3.5336  0.3596  0.6435  0.7473  0.1097  2.2377  3.7811  1.1561  2.2232  2.9146  0.3082  0.9237  2.5295  0.8854  1.4061  2.3054  2.1421  
trainID = 2483  0.9689  0.0358  2.2757  1.5801  4.099  0.1577  3.15  1.7303  1.12  2.7928  0.7584  1.6359  11.8359  2.4589  5.26  0.7245  0.0032  4.024  1.9418  2.3142  5.2594  6.0542  0.382  0.411  0.9516  0.5404  4.2495  1.5429  1.9268  0.8438  0.7197  6.701  0.2451  0.8339  2.7924  4.2625  2.8134  5.3235  2.7072  3.0654  4.8405  1.9161  
trainID = 2491  5.113  2.861  0.9711  3.047  5.0368  0.4187  36.9953  4.1082  1.3913  2.6206  17.8791  1.4742  9.4782  2.5673  2.979  10.2224  1.0078  1.8442  8.7388  2.2657  0.289  0.863  3.373  1.4822  3.7489  7.5374  21.2379  5.3369  0.4802  10.9188  4.1252  4.2407  3.1864  5.8598  9.7549  5.3624  4.7549  4.7131  3.866  2.3629  
trainID = 2499  2.2086  1.9344  2.3827  2.215  5.3483  2.4694  37.6763  3.3719  1.8838  3.6211  15.0347  2.5565  8.802  0.5264  1.2021  6.5614  1.6988  0.6979  5.7685  3.738  0.888  0.7742  4.9791  2.6613  1.2557  6.7447  8.2822  6.4991  1.2642  6.4343  1.7674  3.9032  2.4485  5.2068  4.826  4.114  0.4302  1.9869  4.6534  1.7921  
trainID = 2569  2.589  1.0979  5.4516  1.5097  0.2382  1.4902  0.8524  0.332  4.4703  1.282  1.1736  0.453  2.5966  9.4596  1.4266  6.474  1.0108  2.1294  5.2068  1.3388  0.8259  4.7127  3.8769  3.311  1.408  1.5827  2.0953  4.7549  0.9878  3.1699  4.0231  0.0801  3.505  1.5471  0.0349  2.4238  2.4623  3.4533  3.1106  3.3104  2.9469  0.7378  0.0168  
trainID = 2575  0.6  5.8047  1.3497  2.0802  4.8264  0.2649  1.5039  2.3233  2.421  1.1582  3.805  0.1494  0.5272  8.2348  0.1681  4.3172  0.6205  2.0049  4.0892  2.4038  2.331  1.0081  0.6866  0.892  0.1919  5.5311  0.4527  0.2837  3.757  1.3216  7.0296  1.5105  2.8718  1.3838  2.7402  0.8527  1.3412  0.487  4.077  2.6343  
trainID = 2607  1.626  0.3961  0.831  2.4528  0.5362  0.5538  1.4229  0.5519  1.1169  0.617  2.2238  1.5177  0.2583  1.3284  6.4769  2.8418  0.2588  1.9785  2.1502  3.1548  4.7639  1.3526  0.2739  0.895  0.2221  2.041  2.2827  1.9884  2.2563  1.4956  4.6838  0.342  1.973  0.1389  1.0083  1.217  0.8155  2.1779  0.4227  1.4691  0.9455  0.38  0.1088  
trainID = 2617  1.156  5.4059  5.0033  0.2159  0.1745  2.6891  0.9357  1.7194  1.8891  2.0691  4.2232  1.2073  2.1423  0.7694  7.4725  3.0664  0.5927  5.2155  3.6776  2.7506  1.0813  0.9009  1.2987  1.197  1.548  0.2292  2.4559  8.1944  1.2592  1.4966  2.1166  1.5417  1.111  2.1359  0.7476  4.2702  0.6889  2.1833  1.3233  0.026  1.3005  
trainID = 2622  1.084  3.9167  1.7421  1.6629  3.0837  2.5941  1.1063  0.165  2.8719  0.699  0.2099  2.2712  0.8683  5.6899  3.261  3.5906  1.4455  0.001  2.505  2.3428  5.8297  0.9221  1.9521  1.624  2.031  3.457  2.5724  1.7114  3.3717  3.974  5.3288  0.2358  2.784  0.1989  2.031  0.658  1.1154  1.3319  1.2937  0.4205  0.481  0.9918  0.3043  
trainID = 2635  0.5956  2.8821  0.4066  0.0841  5.1454  1.899  0.503  1.7135  1.4797  4.0906  0.7991  3.3525  6.244  5.3353  8.7835  0.6987  6.9327  4.2291  0.1409  0.4597  2.242  2.6825  2.498  3.337  0.5313  1.5646  5.6358  2.2602  4.986  3.2672  1.6045  7.9353  1.5077  2.1703  0.232  3.8858  5.2164  1.1674  0.0668  0.8295  1.7966  0.6755  
trainID = 2645  3.2677  0.9881  1.3278  3.0773  0.39  0.4571  0.302  3.0391  0.036  1.2575  1.7752  0.7086  1.8079  2.3744  1.4906  0.0836  2.659  2.476  1.6098  2.1217  3.7497  2.879  0.836  2.178  4.1407  1.3699  0.9173  3.0442  2.3816  2.9772  0.7977  0.6875  3.2385  2.6484  0.437  0.5743  0.4988  0.1517  1.2939  1.237  0.963  0.7098  
trainID = 2660  3.5717  0.3592  4.5197  1.65  6.1462  3.4745  36.8093  6.2826  0.6865  5.2351  15.5198  1.82  6.7833  2.2629  2.4788  7.2287  1.0178  0.1026  3.618  3.2309  0.4  1.1388  3.7049  2.275  1.8339  9.0663  14.1826  2.2998  1.4384  8.3572  3.1151  1.9702  2.3814  4.9056  6.6319  4.5633  2.1706  3.0693  2.8853  3.5486  
trainID = 2698  2.181  2.2141  0.9097  0.9411  3.0602  2.0672  2.072  3.0395  0.667  1.6073  2.9679  0.5648  14.8667  3.8724  2.5744  2.1284  1.1833  6.0245  2.5878  2.8103  3.5039  3.4998  2.165  0.1152  3.3972  3.2663  2.8856  0.8797  1.145  0.7823  0.0273  2.9384  1.3901  1.4374  2.9082  3.3638  1.4442  3.53  3.2202  1.1503  0.233  2.5069  
trainID = 2702  0.047  5.5432  3.1957  2.2822  2.6877  0.2218  1.4027  0.247  1.3064  1.2069  1.5753  0.6839  0.1483  8.4059  7.3232  1.2736  2.8077  0.1017  4.7338  1.2498  4.9823  0.8026  0.9184  0.7138  0.1728  4.6778  1.8128  1.2406  1.8942  0.8083  4.0891  2.4807  2.7598  3.0301  2.3071  1.5623  3.7794  0.28  1.2001  1.193  
trainID = 2709  0.597  3.9559  0.7719  2.5736  3.9164  0.2468  0.1819  2.6324  2.1217  0.332  0.8364  0.5224  1.2567  4.3385  7.1614  0.2534  3.1261  4.1363  3.4681  1.7898  4.3262  2.5589  3.6114  1.46  0.81  5.7743  0.2679  2.4488  2.3489  1.0017  3.4609  0.3433  1.613  0.4116  0.1304  0.3081  1.6747  1.654  0.32  1.5629  
trainID = 2756  0.6541  3.1678  1.4087  1.76  5.0705  3.0305  1.803  4.0811  0.756  5.063  4.2849  0.9171  12.6108  4.6357  8.1197  1.108  4.2346  5.2048  0.503  1.8998  6.3865  2.2911  0.94  0.636  2.269  1.2904  7.5724  11.6402  12.5102  10.9879  3.2724  9.7028  3.5524  5.9634  0.371  5.5973  7.1951  3.8838  0.8303  3.5321  4.5793  4.0345  
trainID = 2762  0.186  1.7941  0.8944  1.0091  3.4519  2.3069  1.9421  0.071  5.6973  1.069  1.2596  1.1575  0.4543  2.2278  6.1199  4.5178  1.1321  1.9296  1.8069  0.7718  5.9326  0.3805  1.8218  0.422  0.997  3.1825  1.8001  2.1228  2.2293  1.9471  1.4798  0.328  1.1301  1.4134  0.4845  3.1254  2.2777  1.8282  0.0395  1.1944  0.019  0.699  1.0699  
trainID = 2772  0.3895  0.8747  2.5587  1.994  5.5692  2.5771  0.43  0.7912  2.096  1.415  1.2402  4.1891  6.4138  0.988  5.9561  0.5816  2.8995  3.9211  2.9598  0.8654  2.9214  1.5526  1.232  0.3832  1.3588  0.3742  4.0242  3.4714  3.1581  5.1585  1.0076  4.8085  1.1414  1.33  1.577  4.0414  1.8316  1.5554  0.8109  2.8515  0.7742  0.411  
trainID = 2776  1.438  2.3051  2.3262  2.8517  0.4675  5.6616  1.5051  1.192  3.6206  0.608  3.9306  1.2955  3.6271  12.356  3.4636  5.9435  3.1845  2.2036  6.2553  4.2598  2.5257  4.6871  3.2888  0.6498  3.58  4.5863  1.6243  2.9833  7.2341  6.5616  4.7659  1.782  5.138  0.1387  2.1588  3.3675  5.1148  5.8484  6.581  0.1448  3.3789  3.0167  1.9598  
trainID = 2814  0.898  1.185  3.6215  2.1277  2.1378  3.8539  0.5046  0.872  2.8674  1.6691  2.0244  0.1731  3.039  5.0609  7.526  2.7569  3.2848  3.6001  3.5371  0.2838  1.6081  1.4065  3.7281  1.646  2.709  0.9191  0.0411  7.1197  0.5303  2.5213  2.4977  0.9216  0.7409  3.4389  0.6016  0.497  4.9586  3.9466  1.9287  2.8233  1.9512  2.426  0.6887  
trainID = 2841  3.4447  4.9808  0.7343  1.602  9.7624  5.1385  38.1793  6.7196  0.3806  3.128  15.1242  3.4723  8.6505  2.8397  1.4193  5.3576  2.0168  0.3157  7.6415  1.7794  0.688  5.097  3.7444  0.2122  6.1525  20.8473  26.4788  15.4477  4.284  13.5471  2.5965  4.6444  2.2015  7.3666  9.5207  4.9145  0.6676  5.6182  5.2687  3.0443  
trainID = 2884  0.307  4.1039  0.9952  2.7028  2.9373  0.7259  1.8284  0.43  1.416  0.699  0.239  1.6604  0.5151  6.3454  0.8377  4.6634  0.8863  1.2505  1.6037  1.7598  5.2719  0.0407  4.1527  0.437  3.296  5.473  1.3993  0.5017  1.4795  4.4744  3.4854  0.6303  0.2765  1.7864  2.4973  0.045  0.9431  2.5996  1.4595  2.1232  0.318  2.127  1.3774  
trainID = 2903  0.048  4.1268  2.1534  0.4821  0.0149  4.9838  0.6642  1.382  1.904  0.319  1.5335  1.2289  0.4843  3.1006  2.8547  1.8891  2.2612  3.2624  1.5025  1.2778  0.373  0.0591  2.6541  0.817  2.212  1.5845  1.1916  4.8485  0.968  1.4336  1.1598  0.3277  0.2614  1.0003  2.066  0.443  3.1922  0.8143  1.2539  0.6494  1.163  0.176  0.8822  
trainID = 2934  1.299  1.7849  5.2492  0.0039  0.2362  3.6295  0.5529  1.0329  2.2772  0.434  4.9642  2.7319  4.5661  3.2192  6.8133  6.6823  1.4829  5.7873  1.9517  3.2087  1.6633  0.6274  32.8587  0.1467  0.7299  6.8762  0.8982  4.0281  0.8385  0.0947  2.5599  1.958  1.5788  0.155  4.0945  2.7415  1.0575  2.7189  2.5126  0.9469  0.1646  
trainID = 2952  1.6391  4.4604  3.5177  0.357  5.1011  0.4185  1.921  2.8523  1.3196  0.217  0.7172  1.9841  4.2367  2.1601  3.6033  0.3001  3.3368  4.0119  0.6758  3.0033  2.7493  3.1206  1.498  2.443  0.4588  1.4769  6.8079  1.3972  2.1591  0.1668  1.1044  1.9785  1.1782  1.0688  0.891  3.247  1.9446  3.2418  0.3942  2.9315  0.517  3.0248  
trainID = 2966  0.9061  1.3367  0.31  1.2073  3.7953  2.5964  0.735  3.7437  0.727  0.0918  2.5609  0.7165  9.1578  3.8167  2.9062  1.0646  3.3308  5.0404  0.7768  1.8743  3.3533  4.2914  0.8067  0.0518  1.5627  0.4884  0.3578  2.1971  0.8996  3.5461  3.1521  4.7986  2.6755  1.4627  1.303  0.2782  0.509  2.6109  2.9746  2.3711  0.311  0.3448  
trainID = 2976  34.3582  8.4604  0.4871  2.9332  2.5653  0.1804  3.6313  2.5164  4.2764  0.808  0.5687  2.6746  0.96  9.9973  3.1855  0.598  2.2723  2.0793  6.8074  2.7538  4.8301  1.538  0.4058  1.653  2.069  4.2806  1.591  0.5027  5.4765  3.6953  7.6544  0.0998  3.868  2.6175  1.6313  0.7466  1.9315  2.943  3.443  0.6044  
trainID = 2990  0.812  2.0302  2.0661  3.8637  1.0364  7.0867  0.9342  0.033  4.1978  0.819  2.2281  0.2066  1.7874  8.4885  0.7814  6.1355  1.9954  2.8224  6.1808  0.7118  2.0752  3.1581  0.2093  0.113  2.43  2.0985  0.9488  5.8929  6.6915  5.1154  3.7263  2.1614  5.8164  1.0892  1.7649  1.146  5.4277  4.9359  1.7861  1.7707  2.9952  3.0938  0.091  
TrainID = 478  dbValue = 1.12483  nTestCell = 43  nTrainCell = 42  nDiff = 1  (X,Y) = (1095, 2285)  Position Error = 18.0278
TrainID = 1378  dbValue = 1.23689  nTestCell = 43  nTrainCell = 43  nDiff = 0  (X,Y) = (1135, 2325)  Position Error = 39.0512
TrainID = 1762  dbValue = 1.34859  nTestCell = 43  nTrainCell = 42  nDiff = 1  (X,Y) = (1105, 2335)  Position Error = 40.3113
TrainID = 342  dbValue = 1.34958  nTestCell = 43  nTrainCell = 42  nDiff = 1  (X,Y) = (1085, 2295)  Position Error = 25
TrainID = 911  dbValue = 1.41331  nTestCell = 43  nTrainCell = 42  nDiff = 1  (X,Y) = (1125, 2285)  Position Error = 18.0278
TrainID = 2273  dbValue = 1.42325  nTestCell = 43  nTrainCell = 43  nDiff = 0  (X,Y) = (1135, 2365)  Position Error = 74.3303
TrainID = 1070  dbValue = 1.45034  nTestCell = 43  nTrainCell = 42  nDiff = 1  (X,Y) = (1125, 2325)  Position Error = 33.541
TrainID = 2176  dbValue = 1.46101  nTestCell = 43  nTrainCell = 42  nDiff = 1  (X,Y) = (1085, 2325)  Position Error = 39.0512
TrainID = 1150  dbValue = 1.48263  nTestCell = 43  nTrainCell = 43  nDiff = 0  (X,Y) = (1155, 2305)  Position Error = 46.0977
TrainID = 1370  dbValue = 1.49068  nTestCell = 43  nTrainCell = 42  nDiff = 1  (X,Y) = (1075, 2315)  Position Error = 40.3113
TrainID = 1069  dbValue = 1.51072  nTestCell = 43  nTrainCell = 43  nDiff = 0  (X,Y) = (1085, 2375)  Position Error = 83.8153
TrainID = 2903  dbValue = 1.51172  nTestCell = 43  nTrainCell = 43  nDiff = 0  (X,Y) = (1165, 2345)  Position Error = 74.3303
TrainID = 2607  dbValue = 1.52437  nTestCell = 43  nTrainCell = 43  nDiff = 0  (X,Y) = (1075, 2275)  Position Error = 40.3113
TrainID = 913  dbValue = 1.53574  nTestCell = 43  nTrainCell = 42  nDiff = 1  (X,Y) = (1185, 2335)  Position Error = 85
TrainID = 2181  dbValue = 1.54149  nTestCell = 43  nTrainCell = 42  nDiff = 1  (X,Y) = (1095, 2355)  Position Error = 61.8466
TrainID = 532  dbValue = 1.54666  nTestCell = 43  nTrainCell = 42  nDiff = 1  (X,Y) = (1095, 2365)  Position Error = 71.5891
TrainID = 1431  dbValue = 1.57664  nTestCell = 43  nTrainCell = 43  nDiff = 0  (X,Y) = (1095, 2275)  Position Error = 25
TrainID = 1215  dbValue = 1.60049  nTestCell = 43  nTrainCell = 40  nDiff = 3  (X,Y) = (1165, 2285)  Position Error = 55.9017
TrainID = 2131  dbValue = 1.61195  nTestCell = 43  nTrainCell = 42  nDiff = 1  (X,Y) = (1175, 2315)  Position Error = 68.0074
TrainID = 682  dbValue = 1.61255  nTestCell = 43  nTrainCell = 43  nDiff = 0  (X,Y) = (1145, 2365)  Position Error = 78.2624
TrainID = 2645  dbValue = 1.64192  nTestCell = 43  nTrainCell = 42  nDiff = 1  (X,Y) = (1135, 2275)  Position Error = 32.0156
TrainID = 1678  dbValue = 1.64964  nTestCell = 43  nTrainCell = 43  nDiff = 0  (X,Y) = (1145, 2375)  Position Error = 87.3212
TrainID = 1073  dbValue = 1.66424  nTestCell = 43  nTrainCell = 42  nDiff = 1  (X,Y) = (1085, 2275)  Position Error = 32.0156
TrainID = 2137  dbValue = 1.6678  nTestCell = 43  nTrainCell = 42  nDiff = 1  (X,Y) = (1065, 2345)  Position Error = 67.2681
TrainID = 2192  dbValue = 1.68627  nTestCell = 43  nTrainCell = 40  nDiff = 3  (X,Y) = (1145, 2255)  Position Error = 53.1507
TrainID = 1705  dbValue = 1.70933  nTestCell = 43  nTrainCell = 43  nDiff = 0  (X,Y) = (1095, 2255)  Position Error = 42.72
TrainID = 2762  dbValue = 1.76102  nTestCell = 43  nTrainCell = 43  nDiff = 0  (X,Y) = (1075, 2275)  Position Error = 40.3113
TrainID = 1260  dbValue = 1.78767  nTestCell = 43  nTrainCell = 43  nDiff = 0  (X,Y) = (1135, 2395)  Position Error = 103.078
TrainID = 1702  dbValue = 1.79319  nTestCell = 43  nTrainCell = 42  nDiff = 1  (X,Y) = (1115, 2385)  Position Error = 90.1388
TrainID = 2429  dbValue = 1.8107  nTestCell = 43  nTrainCell = 42  nDiff = 1  (X,Y) = (1155, 2345)  Position Error = 67.2681
TrainID = 1250  dbValue = 1.82538  nTestCell = 43  nTrainCell = 43  nDiff = 0  (X,Y) = (1075, 2285)  Position Error = 36.4005
TrainID = 833  dbValue = 1.82823  nTestCell = 43  nTrainCell = 43  nDiff = 0  (X,Y) = (1175, 2325)  Position Error = 71.5891
TrainID = 1064  dbValue = 1.89195  nTestCell = 43  nTrainCell = 43  nDiff = 0  (X,Y) = (1225, 2365)  Position Error = 134.629
TrainID = 2454  dbValue = 1.90726  nTestCell = 43  nTrainCell = 42  nDiff = 1  (X,Y) = (1085, 2405)  Position Error = 112.805
TrainID = 2884  dbValue = 1.90934  nTestCell = 43  nTrainCell = 43  nDiff = 0  (X,Y) = (1095, 2255)  Position Error = 42.72
TrainID = 2111  dbValue = 1.96327  nTestCell = 43  nTrainCell = 43  nDiff = 0  (X,Y) = (1175, 2375)  Position Error = 103.078
TrainID = 502  dbValue = 1.98643  nTestCell = 43  nTrainCell = 43  nDiff = 0  (X,Y) = (1065, 2295)  Position Error = 45
TrainID = 2622  dbValue = 1.99375  nTestCell = 43  nTrainCell = 43  nDiff = 0  (X,Y) = (1085, 2255)  Position Error = 47.1699
TrainID = 2709  dbValue = 2.00764  nTestCell = 43  nTrainCell = 40  nDiff = 3  (X,Y) = (1175, 2265)  Position Error = 71.5891
TrainID = 1083  dbValue = 2.01205  nTestCell = 43  nTrainCell = 42  nDiff = 1  (X,Y) = (1215, 2365)  Position Error = 126.194
TrainID = 938  dbValue = 2.04513  nTestCell = 43  nTrainCell = 42  nDiff = 1  (X,Y) = (1185, 2345)  Position Error = 90.1388
TrainID = 2966  dbValue = 2.0724  nTestCell = 43  nTrainCell = 42  nDiff = 1  (X,Y) = (1085, 2385)  Position Error = 93.4077
TrainID = 2070  dbValue = 2.08611  nTestCell = 43  nTrainCell = 40  nDiff = 3  (X,Y) = (1165, 2255)  Position Error = 68.0074
TrainID = 1757  dbValue = 2.08973  nTestCell = 43  nTrainCell = 42  nDiff = 1  (X,Y) = (1065, 2395)  Position Error = 109.659
TrainID = 1273  dbValue = 2.1036  nTestCell = 43  nTrainCell = 43  nDiff = 0  (X,Y) = (1065, 2235)  Position Error = 75
TrainID = 1322  dbValue = 2.12122  nTestCell = 43  nTrainCell = 42  nDiff = 1  (X,Y) = (1175, 2395)  Position Error = 119.269
TrainID = 670  dbValue = 2.12544  nTestCell = 43  nTrainCell = 43  nDiff = 0  (X,Y) = (1205, 2375)  Position Error = 124.197
TrainID = 2952  dbValue = 2.1341  nTestCell = 43  nTrainCell = 42  nDiff = 1  (X,Y) = (1175, 2375)  Position Error = 103.078
TrainID = 470  dbValue = 2.13458  nTestCell = 43  nTrainCell = 43  nDiff = 0  (X,Y) = (1145, 2425)  Position Error = 134.629
TrainID = 1732  dbValue = 2.14058  nTestCell = 43  nTrainCell = 42  nDiff = 1  (X,Y) = (1145, 2445)  Position Error = 154.029
TrainID = 2350  dbValue = 2.16606  nTestCell = 43  nTrainCell = 42  nDiff = 1  (X,Y) = (1205, 2385)  Position Error = 130.863
TrainID = 2702  dbValue = 2.17873  nTestCell = 43  nTrainCell = 40  nDiff = 3  (X,Y) = (1125, 2235)  Position Error = 61.8466
TrainID = 2617  dbValue = 2.18248  nTestCell = 43  nTrainCell = 41  nDiff = 2  (X,Y) = (1215, 2335)  Position Error = 112.361
TrainID = 2090  dbValue = 2.19367  nTestCell = 43  nTrainCell = 40  nDiff = 3  (X,Y) = (1215, 2335)  Position Error = 112.361
TrainID = 1542  dbValue = 2.1974  nTestCell = 43  nTrainCell = 43  nDiff = 0  (X,Y) = (1135, 2375)  Position Error = 83.8153
TrainID = 2270  dbValue = 2.24143  nTestCell = 43  nTrainCell = 42  nDiff = 1  (X,Y) = (1175, 2405)  Position Error = 127.769
TrainID = 2772  dbValue = 2.24964  nTestCell = 43  nTrainCell = 42  nDiff = 1  (X,Y) = (1165, 2425)  Position Error = 141.156
TrainID = 981  dbValue = 2.24994  nTestCell = 43  nTrainCell = 43  nDiff = 0  (X,Y) = (1045, 2255)  Position Error = 76.3217
TrainID = 2575  dbValue = 2.25091  nTestCell = 43  nTrainCell = 40  nDiff = 3  (X,Y) = (1085, 2215)  Position Error = 83.8153
TrainID = 652  dbValue = 2.2561  nTestCell = 43  nTrainCell = 42  nDiff = 1  (X,Y) = (1195, 2385)  Position Error = 123.794
TrainID = 1079  dbValue = 2.29774  nTestCell = 43  nTrainCell = 42  nDiff = 1  (X,Y) = (1045, 2395)  Position Error = 119.269
TrainID = 2033  dbValue = 2.30719  nTestCell = 43  nTrainCell = 42  nDiff = 1  (X,Y) = (1225, 2405)  Position Error = 159.138
TrainID = 2814  dbValue = 2.34123  nTestCell = 43  nTrainCell = 43  nDiff = 0  (X,Y) = (1225, 2365)  Position Error = 134.629
TrainID = 555  dbValue = 2.35317  nTestCell = 43  nTrainCell = 42  nDiff = 1  (X,Y) = (1075, 2425)  Position Error = 134.629
TrainID = 845  dbValue = 2.37285  nTestCell = 43  nTrainCell = 42  nDiff = 1  (X,Y) = (1075, 2425)  Position Error = 134.629
TrainID = 2279  dbValue = 2.38613  nTestCell = 43  nTrainCell = 42  nDiff = 1  (X,Y) = (1095, 2475)  Position Error = 180.624
TrainID = 732  dbValue = 2.4045  nTestCell = 43  nTrainCell = 42  nDiff = 1  (X,Y) = (1135, 2445)  Position Error = 152.069
TrainID = 2569  dbValue = 2.44092  nTestCell = 43  nTrainCell = 43  nDiff = 0  (X,Y) = (1155, 2455)  Position Error = 166.208
TrainID = 564  dbValue = 2.46618  nTestCell = 43  nTrainCell = 42  nDiff = 1  (X,Y) = (1165, 2455)  Position Error = 169.189
TrainID = 999  dbValue = 2.47007  nTestCell = 43  nTrainCell = 43  nDiff = 0  (X,Y) = (1145, 2445)  Position Error = 154.029
TrainID = 562  dbValue = 2.47903  nTestCell = 43  nTrainCell = 43  nDiff = 0  (X,Y) = (1055, 2235)  Position Error = 81.3941
TrainID = 2698  dbValue = 2.47927  nTestCell = 43  nTrainCell = 42  nDiff = 1  (X,Y) = (1075, 2445)  Position Error = 154.029
TrainID = 557  dbValue = 2.48739  nTestCell = 43  nTrainCell = 40  nDiff = 3  (X,Y) = (1015, 2305)  Position Error = 95.5249
TrainID = 2113  dbValue = 2.50615  nTestCell = 43  nTrainCell = 42  nDiff = 1  (X,Y) = (1235, 2415)  Position Error = 173.277
TrainID = 2138  dbValue = 2.54831  nTestCell = 43  nTrainCell = 42  nDiff = 1  (X,Y) = (1235, 2425)  Position Error = 180.347
TrainID = 2483  dbValue = 2.55356  nTestCell = 43  nTrainCell = 42  nDiff = 1  (X,Y) = (1105, 2455)  Position Error = 160.078
TrainID = 2269  dbValue = 2.55749  nTestCell = 43  nTrainCell = 42  nDiff = 1  (X,Y) = (1135, 2445)  Position Error = 152.069
TrainID = 1882  dbValue = 2.56748  nTestCell = 43  nTrainCell = 42  nDiff = 1  (X,Y) = (1195, 2445)  Position Error = 172.409
TrainID = 635  dbValue = 2.58945  nTestCell = 43  nTrainCell = 42  nDiff = 1  (X,Y) = (1075, 2445)  Position Error = 154.029
TrainID = 976  dbValue = 2.60962  nTestCell = 43  nTrainCell = 43  nDiff = 0  (X,Y) = (1035, 2225)  Position Error = 102.591
TrainID = 2635  dbValue = 2.66351  nTestCell = 43  nTrainCell = 42  nDiff = 1  (X,Y) = (1235, 2435)  Position Error = 187.683
TrainID = 1084  dbValue = 2.73174  nTestCell = 43  nTrainCell = 42  nDiff = 1  (X,Y) = (1105, 2455)  Position Error = 160.078
TrainID = 2990  dbValue = 2.76173  nTestCell = 43  nTrainCell = 43  nDiff = 0  (X,Y) = (1195, 2445)  Position Error = 172.409
TrainID = 877  dbValue = 2.77055  nTestCell = 43  nTrainCell = 42  nDiff = 1  (X,Y) = (1095, 2475)  Position Error = 180.624
TrainID = 937  dbValue = 2.78216  nTestCell = 43  nTrainCell = 43  nDiff = 0  (X,Y) = (1015, 2255)  Position Error = 103.078
TrainID = 655  dbValue = 2.81089  nTestCell = 43  nTrainCell = 42  nDiff = 1  (X,Y) = (1195, 2455)  Position Error = 181.177
TrainID = 1755  dbValue = 2.81622  nTestCell = 43  nTrainCell = 42  nDiff = 1  (X,Y) = (1125, 2495)  Position Error = 200.562
TrainID = 2045  dbValue = 2.82098  nTestCell = 43  nTrainCell = 43  nDiff = 0  (X,Y) = (1125, 2495)  Position Error = 200.562
TrainID = 1333  dbValue = 2.84608  nTestCell = 43  nTrainCell = 42  nDiff = 1  (X,Y) = (1235, 2435)  Position Error = 187.683
TrainID = 795  dbValue = 2.85005  nTestCell = 43  nTrainCell = 42  nDiff = 1  (X,Y) = (1175, 2455)  Position Error = 172.699
TrainID = 349  dbValue = 2.90766  nTestCell = 43  nTrainCell = 42  nDiff = 1  (X,Y) = (1165, 2465)  Position Error = 178.676
TrainID = 352  dbValue = 2.93142  nTestCell = 43  nTrainCell = 42  nDiff = 1  (X,Y) = (1115, 2465)  Position Error = 170.074
TrainID = 604  dbValue = 2.946  nTestCell = 43  nTrainCell = 43  nDiff = 0  (X,Y) = (1185, 2485)  Position Error = 204.267
TrainID = 890  dbValue = 3.03735  nTestCell = 43  nTrainCell = 40  nDiff = 3  (X,Y) = (1165, 2245)  Position Error = 74.3303
TrainID = 644  dbValue = 3.05864  nTestCell = 43  nTrainCell = 40  nDiff = 3  (X,Y) = (1155, 2215)  Position Error = 91.7878
TrainID = 1308  dbValue = 3.07023  nTestCell = 43  nTrainCell = 42  nDiff = 1  (X,Y) = (1195, 2475)  Position Error = 199.06
TrainID = 1932  dbValue = 3.07346  nTestCell = 43  nTrainCell = 42  nDiff = 1  (X,Y) = (1185, 2515)  Position Error = 232.433
TrainID = 1466  dbValue = 3.09072  nTestCell = 43  nTrainCell = 42  nDiff = 1  (X,Y) = (1185, 2445)  Position Error = 167.705
TrainID = 2934  dbValue = 3.1014  nTestCell = 43  nTrainCell = 41  nDiff = 2  (X,Y) = (1235, 2375)  Position Error = 148.408
TrainID = 931  dbValue = 3.14582  nTestCell = 43  nTrainCell = 40  nDiff = 3  (X,Y) = (1125, 2225)  Position Error = 71.5891
TrainID = 1509  dbValue = 3.16189  nTestCell = 43  nTrainCell = 40  nDiff = 3  (X,Y) = (1185, 2235)  Position Error = 96.0469
TrainID = 2389  dbValue = 3.23768  nTestCell = 43  nTrainCell = 40  nDiff = 3  (X,Y) = (1125, 2215)  Position Error = 81.3941
TrainID = 2405  dbValue = 3.26958  nTestCell = 43  nTrainCell = 40  nDiff = 3  (X,Y) = (1125, 2185)  Position Error = 111.018
TrainID = 958  dbValue = 3.2742  nTestCell = 43  nTrainCell = 42  nDiff = 1  (X,Y) = (1145, 2515)  Position Error = 222.767
TrainID = 1670  dbValue = 3.29714  nTestCell = 43  nTrainCell = 42  nDiff = 1  (X,Y) = (1195, 2495)  Position Error = 217.313
TrainID = 2284  dbValue = 3.34386  nTestCell = 43  nTrainCell = 42  nDiff = 1  (X,Y) = (1155, 2525)  Position Error = 234.361
TrainID = 1852  dbValue = 3.35271  nTestCell = 43  nTrainCell = 42  nDiff = 1  (X,Y) = (1245, 2465)  Position Error = 217.083
TrainID = 1552  dbValue = 3.40296  nTestCell = 43  nTrainCell = 42  nDiff = 1  (X,Y) = (1165, 2535)  Position Error = 246.221
TrainID = 2776  dbValue = 3.47934  nTestCell = 43  nTrainCell = 43  nDiff = 0  (X,Y) = (1175, 2505)  Position Error = 219.829
TrainID = 2199  dbValue = 3.49805  nTestCell = 43  nTrainCell = 42  nDiff = 1  (X,Y) = (1195, 2515)  Position Error = 235.85
TrainID = 1669  dbValue = 3.53734  nTestCell = 43  nTrainCell = 40  nDiff = 3  (X,Y) = (1145, 2165)  Position Error = 134.629
TrainID = 1764  dbValue = 3.55504  nTestCell = 43  nTrainCell = 42  nDiff = 1  (X,Y) = (1215, 2515)  Position Error = 243.772
TrainID = 1835  dbValue = 3.5614  nTestCell = 43  nTrainCell = 40  nDiff = 3  (X,Y) = (1125, 2515)  Position Error = 220.511
TrainID = 710  dbValue = 3.56147  nTestCell = 43  nTrainCell = 42  nDiff = 1  (X,Y) = (1165, 2525)  Position Error = 236.485
TrainID = 2976  dbValue = 3.59238  nTestCell = 43  nTrainCell = 40  nDiff = 3  (X,Y) = (1115, 2165)  Position Error = 130.096
TrainID = 1451  dbValue = 3.60093  nTestCell = 43  nTrainCell = 40  nDiff = 3  (X,Y) = (1105, 2505)  Position Error = 210.06
TrainID = 870  dbValue = 3.70089  nTestCell = 43  nTrainCell = 40  nDiff = 3  (X,Y) = (1115, 2155)  Position Error = 140.089
TrainID = 1995  dbValue = 3.78036  nTestCell = 43  nTrainCell = 42  nDiff = 1  (X,Y) = (1225, 2515)  Position Error = 248.244
TrainID = 2264  dbValue = 3.87816  nTestCell = 43  nTrainCell = 40  nDiff = 3  (X,Y) = (1275, 2445)  Position Error = 222.991
TrainID = 1426  dbValue = 3.89462  nTestCell = 43  nTrainCell = 40  nDiff = 3  (X,Y) = (1085, 2145)  Position Error = 152.069
TrainID = 1855  dbValue = 3.91669  nTestCell = 43  nTrainCell = 42  nDiff = 1  (X,Y) = (1245, 2525)  Position Error = 266.693
TrainID = 1612  dbValue = 3.93901  nTestCell = 43  nTrainCell = 41  nDiff = 2  (X,Y) = (1275, 2415)  Position Error = 204.022
TrainID = 992  dbValue = 3.94994  nTestCell = 43  nTrainCell = 40  nDiff = 3  (X,Y) = (1095, 2155)  Position Error = 140.801
TrainID = 1870  dbValue = 3.97382  nTestCell = 43  nTrainCell = 40  nDiff = 3  (X,Y) = (1255, 2445)  Position Error = 208.626
TrainID = 1039  dbValue = 3.97885  nTestCell = 43  nTrainCell = 40  nDiff = 3  (X,Y) = (1275, 2435)  Position Error = 216.391
TrainID = 2283  dbValue = 3.99572  nTestCell = 43  nTrainCell = 40  nDiff = 3  (X,Y) = (1265, 2445)  Position Error = 215.697
TrainID = 1549  dbValue = 4.0679  nTestCell = 43  nTrainCell = 42  nDiff = 1  (X,Y) = (1215, 2535)  Position Error = 261.964
TrainID = 1293  dbValue = 4.0861  nTestCell = 43  nTrainCell = 40  nDiff = 3  (X,Y) = (1125, 2135)  Position Error = 160.702
TrainID = 476  dbValue = 4.18984  nTestCell = 43  nTrainCell = 40  nDiff = 3  (X,Y) = (1315, 2495)  Position Error = 286.4
TrainID = 596  dbValue = 4.2344  nTestCell = 43  nTrainCell = 40  nDiff = 3  (X,Y) = (1135, 2525)  Position Error = 231.355
TrainID = 2077  dbValue = 4.25938  nTestCell = 43  nTrainCell = 40  nDiff = 3  (X,Y) = (1145, 2545)  Position Error = 252.438
TrainID = 2756  dbValue = 4.27027  nTestCell = 43  nTrainCell = 42  nDiff = 1  (X,Y) = (1205, 2545)  Position Error = 267.442
TrainID = 1317  dbValue = 4.27694  nTestCell = 43  nTrainCell = 40  nDiff = 3  (X,Y) = (1125, 2125)  Position Error = 170.66
TrainID = 309  dbValue = 4.29201  nTestCell = 43  nTrainCell = 40  nDiff = 3  (X,Y) = (1135, 2135)  Position Error = 161.941
TrainID = 1204  dbValue = 4.41491  nTestCell = 43  nTrainCell = 40  nDiff = 3  (X,Y) = (1115, 2555)  Position Error = 260.048
TrainID = 2499  dbValue = 4.51523  nTestCell = 43  nTrainCell = 40  nDiff = 3  (X,Y) = (1145, 2555)  Position Error = 262.345
TrainID = 628  dbValue = 4.57625  nTestCell = 43  nTrainCell = 40  nDiff = 3  (X,Y) = (1105, 2545)  Position Error = 250.05
TrainID = 1804  dbValue = 4.6799  nTestCell = 43  nTrainCell = 42  nDiff = 1  (X,Y) = (1235, 2555)  Position Error = 288.487
TrainID = 490  dbValue = 4.6828  nTestCell = 43  nTrainCell = 40  nDiff = 3  (X,Y) = (1115, 2565)  Position Error = 270.046
TrainID = 1259  dbValue = 4.73021  nTestCell = 43  nTrainCell = 40  nDiff = 3  (X,Y) = (1135, 2565)  Position Error = 271.155
TrainID = 2660  dbValue = 4.81839  nTestCell = 43  nTrainCell = 40  nDiff = 3  (X,Y) = (1145, 2575)  Position Error = 282.179
TrainID = 1134  dbValue = 4.91739  nTestCell = 43  nTrainCell = 42  nDiff = 1  (X,Y) = (1255, 2555)  Position Error = 297.7
TrainID = 2433  dbValue = 5.04289  nTestCell = 43  nTrainCell = 40  nDiff = 3  (X,Y) = (1315, 2525)  Position Error = 308.099
TrainID = 455  dbValue = 5.04532  nTestCell = 43  nTrainCell = 42  nDiff = 1  (X,Y) = (1235, 2575)  Position Error = 306.635
TrainID = 2239  dbValue = 5.09176  nTestCell = 43  nTrainCell = 40  nDiff = 3  (X,Y) = (1325, 2505)  Position Error = 300.541
TrainID = 701  dbValue = 5.15276  nTestCell = 43  nTrainCell = 40  nDiff = 3  (X,Y) = (1145, 2585)  Position Error = 292.104
TrainID = 2158  dbValue = 5.47238  nTestCell = 43  nTrainCell = 40  nDiff = 3  (X,Y) = (1195, 2575)  Position Error = 292.617
TrainID = 1796  dbValue = 5.56718  nTestCell = 43  nTrainCell = 40  nDiff = 3  (X,Y) = (1185, 2585)  Position Error = 299.541
TrainID = 427  dbValue = 5.5694  nTestCell = 43  nTrainCell = 40  nDiff = 3  (X,Y) = (1345, 2525)  Position Error = 328.824
TrainID = 2491  dbValue = 5.61283  nTestCell = 43  nTrainCell = 40  nDiff = 3  (X,Y) = (1145, 2625)  Position Error = 331.851
TrainID = 417  dbValue = 5.72807  nTestCell = 43  nTrainCell = 40  nDiff = 3  (X,Y) = (1285, 2555)  Position Error = 313.409
TrainID = 1165  dbValue = 5.76561  nTestCell = 43  nTrainCell = 40  nDiff = 3  (X,Y) = (1205, 2595)  Position Error = 314.682
TrainID = 829  dbValue = 5.85884  nTestCell = 43  nTrainCell = 40  nDiff = 3  (X,Y) = (1345, 2535)  Position Error = 335.894
TrainID = 1231  dbValue = 5.86956  nTestCell = 43  nTrainCell = 40  nDiff = 3  (X,Y) = (1295, 2575)  Position Error = 335.596
TrainID = 1690  dbValue = 5.99942  nTestCell = 43  nTrainCell = 40  nDiff = 3  (X,Y) = (1165, 2615)  Position Error = 324.692
TrainID = 1910  dbValue = 6.02423  nTestCell = 43  nTrainCell = 40  nDiff = 3  (X,Y) = (1215, 2585)  Position Error = 308.423
TrainID = 1239  dbValue = 6.16534  nTestCell = 43  nTrainCell = 40  nDiff = 3  (X,Y) = (1145, 2655)  Position Error = 361.697
TrainID = 2841  dbValue = 6.62573  nTestCell = 43  nTrainCell = 40  nDiff = 3  (X,Y) = (1245, 2605)  Position Error = 338.12
TrainID = 748  dbValue = 6.69463  nTestCell = 43  nTrainCell = 40  nDiff = 3  (X,Y) = (1265, 2605)  Position Error = 346.591
