trainID = 159  4.1586  4.3218  3.052  4.0892  0.395  4.9326  0.69  1.2566  0.594  2.0702  1.0445  0.4042  2.1808  5.2387  1.5927  2.0761  0.7128  4.6484  4.4213  1.4386  4.5637  0.4891  2.8318  3.8389  2.0563  6.2224  13.9152  1.5693  2.0166  1.2171  0.3561  2.285  1.2123  1.3643  0.7834  1.1876  1.4171  1.2656  1.8566  0.367  1.753  4.0289  
trainID = 213  4.4344  0.8642  0.0398  0.4979  3.7168  6.6726  2.0565  1.9783  0.213  1.583  0.8206  1.037  0.787  0.4167  0.3788  2.2873  0.0269  3.1741  1.1953  1.4189  4.9419  0.8153  1.7679  2.4305  16.0204  7.2275  3.0326  0.0045  5.2142  1.1829  3.6001  2.9575  0.7498  0.6289  2.5985  1.075  3.1537  0.8513  2.8659  4.0132  1.2739  5.6697  2.469  3.405  1.329  
trainID = 247  1.2351  4.6817  4.7536  0.732  0.8358  0.9795  1.9727  1.6536  0.8698  2.6157  1.1662  4.0663  3.0699  0.6887  4.2263  0.2739  1.2975  5.1738  0.3888  0.411  0.6596  16.7618  6.2241  10.5566  0.1135  8.2051  0.4745  0.312  0.5704  1.3716  0.2204  0.97  1.717  2.9555  0.708  1.5722  4.0908  0.2698  4.7216  0.5881  0.792  1.7049  
trainID = 250  2.586  0.8268  1.533  0.3552  2.4468  2.4416  2.7995  2.1601  0.5096  1.8981  1.4716  1.428  1.0657  2.0667  0.775  0.9973  0.2509  1.7683  0.8488  1.2497  0.3375  0.8742  0.8931  1.0315  5.5767  6.0013  0.1924  0.2895  0.7545  0.5704  1.426  4.0959  0.1152  1.9283  0.077  1.6891  0.8287  0.6723  1.5736  0.1547  0.3461  1.9715  0.6168  0.056  3.1613  
trainID = 254  5.1176  0.5244  2.668  2.9759  3.1482  2.0847  0.032  0.6784  1.85  0.4417  0.6357  0.287  0.9772  3.3925  1.1763  1.8191  0.898  1.7392  3.4198  0.1313  2.4438  0.1961  0.2885  0.0272  9.5929  5.3518  4.8984  1.1987  2.9551  1.6139  1.908  2.5358  1.2829  1.3811  0.873  3.019  3.0114  0.9455  1.3482  3.9733  1.336  3.0956  0.061  1.985  0.777  
trainID = 285  0.8936  2.798  2.668  7.8999  0.2081  0.2995  5.5288  4.5681  4.6404  1.1  1.6835  2.037  3.7119  5.4619  1.5477  9.1844  11.8008  8.019  1.8621  2.5793  5.8848  3.0151  1.4552  1.7583  5.6679  6.4295  10.0609  0.4609  5.8565  3.7935  1.6676  9.8408  6.7655  1.3758  1.999  5.7691  0.8536  2.9081  0.1427  1.729  3.051  1.1521  
trainID = 308  2.3155  2.442  1.946  2.9729  2.8596  3.6129  1.9948  0.972  0.216  2.4247  0.2706  2.286  1.1427  3.4972  0.8744  0.7339  0.7374  3.4263  2.0549  2.0617  2.5456  0.2241  0.749  1.6768  9.0203  4.7424  6.064  1.4666  0.4086  0.691  0.904  2.7403  0.4708  0.4158  0.6491  0.1077  0.0567  2.3209  1.9982  1.6015  3.705  0.507  0.6031  
trainID = 312  1.6991  1.8522  1.254  4.663  3.5815  4.4806  2.3684  2.886  3.5153  0.3777  3.0126  1.515  2.2103  6.9091  0.5119  3.9518  4.4057  3.0017  2.0571  0.305  4.108  4.3206  1.0302  3.5514  2.5781  4.3611  13.8988  1.8857  0.981  3.5255  1.8067  4.3883  3.8189  0.8624  3.1898  2.6871  0.9424  2.2138  2.756  1.644  0.171  1.5712  
trainID = 331  1.4203  6.2933  1.045  11.0354  3.4957  0.4362  7.7529  2.7071  3.9271  2.7695  0.7306  1.483  3.2407  8.3426  0.3686  17.6934  19.2513  11.9555  1.4323  2.4893  8.634  5.3295  3.2867  1.5705  3.6143  7.8309  11.679  0.8997  4.0802  5.1087  0.201  8.8784  3.9584  4.8195  1.5518  4.8951  0.7386  4.7499  2.4544  3.328  2.796  4.4795  
trainID = 344  0.1943  1.8891  2.965  3.2854  4.1486  0.341  5.1871  2.4554  0.3144  0.9884  1.1846  2.143  1.1075  9.3566  0.6563  2.0975  3.9394  0.4868  1.6237  1.9034  0.2121  3.3341  3.5102  0.2211  2.2443  0.3722  9.4719  1.1955  2.2422  2.095  2.2954  4.7264  2.9827  1.5359  3.2428  6.9688  1.8422  0.698  2.4558  0.16  0.768  0.2108  
trainID = 382  2.4418  1.0239  0.7716  2.2883  0.6506  0.578  1.506  2.0159  1.1707  1.8254  1.5616  0.4936  3.7548  4.0895  3.0361  0.454  3.8415  1.4843  1.8243  0.7255  1.5914  0.9999  0.748  1.194  3.4149  1.2989  1.5997  0.1994  5.9443  0.5983  1.73  4.4214  2.3201  3.1361  2.5488  3.6664  0.1391  2.1529  3.118  0.429  1.577  4.0379  
trainID = 391  1.2606  2.4042  0.552  4.7793  1.9985  4.2004  3.315  1.7093  2.4619  1.1544  0.3161  1.415  4.6845  7.781  0.7348  4.3347  5.3175  2.1775  1.0987  3.8844  1.9502  2.8517  1.9502  2.0394  1.4208  3.2509  12.2936  4.0284  1.434  5.9347  1.6556  4.5674  2.7495  1.7479  2.1665  5.6744  0.5421  1.5908  0.0802  2.2673  0.7414  3.9656  
trainID = 409  0.8975  1.9118  2.586  5.8585  0.3293  1.175  1.8859  1.8071  3.8249  5.5413  0.0899  2.613  5.3065  6.885  0.9878  6.6403  5.0982  4.7573  0.5993  2.2545  5.9289  2.9117  3.2051  1.6075  3.5433  7.381  8.5371  0.151  6.2058  2.4519  0.488  6.2579  5.3251  0.4215  0.5764  5.9738  1.5674  4.2389  1.4685  0.188  1.473  0.8756  
trainID = 430  0.494  2.0585  0.3071  6.23  2.0508  1.5524  5.1798  3.7347  0.3868  0.1477  1.3316  0.065  2.5889  6.5874  0.0428  5.5039  8.3658  5.7929  2.5852  0.8858  4.1661  2.2503  2.0512  2.0582  3.8885  3.427  7.1715  1.5183  4.497  2.878  0.211  5.3208  4.8582  1.8537  3.1348  4.7176  0.4498  2.9752  0.9393  0.219  0.16  0.4435  
trainID = 453  0.4846  2.836  0.468  4.8232  2.5776  1.8053  4.2161  2.8314  4.7265  1.9994  1.3116  1.6536  4.4048  6.7485  0.1567  5.8921  7.8073  6.2688  0.4002  1.1339  3.8039  3.7624  5.2316  2.9136  1.0232  5.1397  6.3976  0.5718  4.6286  1.5851  2.3506  4.1254  4.8919  2.0836  1.6433  3.672  0.25  4.5439  2.2665  1.1621  1.113  0.0482  
trainID = 482  1.6635  2.5307  3.1929  1.16  0.7613  2.301  2.7679  0.2546  2.283  3.1151  1.005  2.8243  4.6038  3.4712  3.1499  1.8133  1.7068  6.2078  1.483  0.6439  1.0557  20.4777  12.255  3.9925  1.5003  5.1894  4.9504  1.703  0.6866  2.3087  0.3146  1.743  0.7881  4.5919  1.8758  0.489  6.0046  1.5083  4.4264  0.015  0.8275  2.9278  
trainID = 486  4.071  4.3699  0.642  1.4521  1.6023  4.9986  0.416  2.9989  1.429  4.5153  0.8016  2.0812  5.286  6.1068  0.5785  2.6828  1.7159  5.2635  3.2153  0.7512  3.8983  3.9745  4.0887  2.4428  2.4748  3.6862  9.1189  2.7018  1.2479  3.8409  0.7573  3.8469  3.9757  1.7664  1.0663  3.4005  2.0362  0.2615  2.8429  2.081  2.024  4.755  
trainID = 524  2.0199  2.7188  2.911  7.974  2.8127  0.6109  3.2742  4.2464  3.3211  2.0202  1.2146  1.202  2.2244  8.1969  0.3437  10.3748  7.1439  8.3117  3.451  0.3175  6.4748  6.2795  5.6806  4.0534  1.1057  5.351  13.4747  0.8508  1.501  5.7962  1.656  6.2264  4.359  1.7685  2.4328  4.3038  1.8875  2.2586  0.1863  0.604  1.837  1.6232  
trainID = 549  1.881  0.3586  2.076  4.7533  3.1749  2.4343  4.0538  2.7214  2.1505  3.7535  0.0236  1.3303  3.6915  8.1404  0.2983  4.1778  6.2497  0.8407  3.1206  0.6999  1.081  4.1803  1.6264  3.9974  0.1936  2.3417  5.8181  0.3232  4.0862  4.345  1.463  4.4288  2.321  1.6315  1.1998  3.0129  0.7573  2.4502  0.0307  2.054  0.622  0.929  
trainID = 582  0.9144  2.4795  2.068  2.3146  2.7242  0.4854  2.0018  1.5707  0.06  3.0443  3.7546  1.4637  1.6635  5.3963  1.4384  2.8991  4.3917  0.1861  1.4188  0.1908  0.9129  1.1105  0.656  0.9577  0.8042  1.1614  1.9557  1.2304  1.6573  0.7909  0.135  4.4086  1.9472  2.3421  1.709  4.1815  0.089  1.2828  2.8295  0.943  3.934  1.0088  
trainID = 600  5.3259  5.1171  1.553  3.9762  3.2297  5.6566  0.344  1.4683  1.904  3.8052  0.6176  0.473  2.9282  7.3265  0.5762  1.9506  3.1081  6.4626  1.7933  1.7352  2.3121  4.14  3.152  3.7171  2.6643  6.091  6.4407  3.3622  0.1049  2.9185  1.3639  2.276  3.5554  2.7119  2.9836  2.9639  4.1189  1.2206  4.0432  2.526  3.967  3.7072  
trainID = 608  0.5099  4.7781  0.55  6.8361  3.5375  0.8392  3.1848  2.3892  2.0999  1.3306  2.0136  0.623  0.8981  7.6944  3.0149  7.6389  6.0837  3.3598  3.8215  1.9805  1.7561  2.0078  4.1686  2.0873  1.176  3.6484  12.184  0.4855  2.6351  6.8444  2.146  4.5804  4.8603  1.831  1.9002  4.9782  0.0254  2.1061  0.2691  1.012  3.203  3.3541  
trainID = 667  1.8223  1.642  4.583  1.2914  2.367  4.4316  2.341  1.6498  0.764  1.8442  1.7046  3.353  1.8176  0.6601  1.7728  1.255  0.6294  2.3822  0.5967  1.1375  3.8043  2.0399  0.0606  0.4071  16.048  8.2818  3.1685  0.7715  3.9781  2.9338  0.795  0.8569  0.0745  1.0432  1.311  1.429  2.4771  0.4248  1.3771  3.3204  1.9124  5.3332  1.7071  1.971  2.1715  
trainID = 707  1.204  1.5416  0.354  5.5416  4.1148  1.2932  4.0778  3.3947  2.2554  0.8937  2.4816  3.209  2.9801  7.0252  0.6781  5.9032  8.3143  7.4571  1.6617  0.2299  3.1851  3.2943  4.8896  3.7274  1.6911  2.6014  8.7059  0.2834  6.9272  3.4399  0.671  7.187  6.436  2.2121  1.1119  3.5266  0.1837  2.6921  0.0342  0.683  2.2  2.9575  
trainID = 709  4.7933  4.6963  1.558  1.0208  0.2541  3.7467  0.92  2.4254  0.5978  3.087  0.2036  1.842  1.1244  3.8056  1.4287  0.8266  1.0372  2.3862  0.111  0.4407  0.1612  0.1007  1.9081  0.9355  2.5186  4.5923  6.9148  1.582  1.45  3.0092  0.0195  1.913  2.3271  0.6296  0.2379  1.2265  2.1868  2.8429  2.943  1.555  2.048  2.9444  
trainID = 733  4.4223  1.4497  1.655  0.4999  0.4475  3.8977  0.509  0.7322  1.475  0.4729  0.7706  0.5901  3.3495  0.1289  2.1449  3.1706  0.5562  3.3114  0.3591  0.3814  4.4417  0.2861  0.3082  0.3955  17.6533  6.4724  2.258  0.0271  3.643  0.0984  1.8585  3.6126  1.1162  0.1481  0.126  2.728  0.7064  1.7062  0.1494  4.7764  1.5031  5.8073  0.7471  2.58  1.1159  
trainID = 741  2.4771  1.5724  3.484  2.3611  3.8593  3.4938  2.3177  0.4598  0.294  0.9798  3.1926  1.3528  0.6637  5.1865  0.4768  0.0955  2.7441  1.8983  1.6354  1.5429  2.668  2.61  1.6425  3.6044  5.6727  1.5361  7.2351  1.7067  2.4292  4.8188  1.5031  2.4304  2.8957  1.3928  2.3768  4.5769  1.7683  0.417  0.2608  0.822  0.4487  0.1894  
trainID = 750  5.6264  2.843  1.58  3.6212  0.2389  2.8149  0.305  1.8353  1.452  3.838  0.6906  2.0586  1.5999  2.7251  0.0525  2.52  0.0463  3.6752  1.2753  2.0505  2.0302  0.9694  1.7456  2.9621  0.1874  5.9106  9.1273  0.0233  1.1679  0.1758  0.1473  1.888  0.5679  0.2687  1.6728  0.3728  3.9304  0.047  3.0606  0.666  0.068  1.0702  
trainID = 754  0.4603  3.856  0.1334  6.4743  2.2596  2.2116  5.4983  3.4993  3.6437  3.4762  0.8486  3.304  4.7874  6.8227  0.0992  9.4484  12.6922  9.9954  1.5869  1.2322  8.1105  5.6094  3.3628  3.6784  3.8102  6.618  10.9707  0.0641  5.7257  4.1882  2.0391  5.1872  4.2716  4.194  0.7604  2.8638  0.7936  4.1489  0.3086  0.399  1.845  1.8193  
trainID = 801  2.4889  1.5303  2.345  5.4667  0.1201  4.9566  2.1734  0.5901  1.07  2.2821  1.9896  1.599  1.06  5.669  2.8853  0.6512  2.1916  0.895  0.2606  2.8966  0.836  2.7175  1.5208  0.0506  9.2122  0.2898  4.3788  0.789  0.0028  2.5074  0.202  3.1428  2.0796  32.783  2.4731  1.7702  3.8826  5.0997  0.7487  2.2897  1.0458  0.68  0.4501  
trainID = 816  2.3543  2.9482  1.677  2.9218  3.1901  2.5872  0.907  0.2847  0.989  0.8845  1.1796  3.839  0.289  6.4458  0.2751  0.3031  2.8947  0.9173  0.328  0.2818  2.0148  2.6238  2.3021  1.0207  3.9378  0.1926  7.3179  1.8271  1.7242  1.971  0.275  4.3294  3.9597  33.12  1.5208  2.4868  3.1988  1.8081  2.1484  0.3645  1.093  1.33  0.383  
trainID = 868  0.3605  6.4457  0.0496  11.9629  2.9979  1.6305  4.4773  3.4168  1.6824  0.5174  0.1117  0.968  3.4374  6.9284  0.1027  17.0643  19.1837  12.8421  4.6544  0.4538  7.4901  6.2763  1.6844  3.8324  2.5267  7.8317  11.968  0.8596  4.4612  6.0757  0.013  9.3084  6.1214  1.1667  3.1138  4.9371  0.674  2.2332  2.2048  2.556  3.736  1.348  
trainID = 875  0.0842  2.5528  0.426  8.0862  3.1018  1.2958  5.557  2.1205  3.0956  0.753  1.3446  1.1025  3.2853  6.467  1.0735  10.0453  10.9053  4.8307  2.4852  1.079  3.2693  4.3154  1.8903  0.054  1.6236  5.4795  9.0814  0.46  3.8791  4.3882  0.77  5.7014  4.36  2.9864  2.2874  3.7308  1.3721  2.5759  2.2217  0.409  0.749  2.4677  
trainID = 897  0.0531  0.7112  2.985  5.8563  1.2735  0.4603  3.9231  2.0875  0.4265  2.1821  1.7386  1.162  2.4641  8.4693  2.4814  3.6702  4.9742  1.8338  3.3223  2.7691  2.4202  3.2177  1.1323  0.471  3.4378  3.9454  10.5042  0.7342  3.779  4.7546  0.586  3.2726  4.6079  1.2894  1.19  4.6575  1.5857  0.2196  1.6866  0.038  0.139  1.914  
trainID = 919  3.7982  5.0749  1.337  4.0942  1.6776  3.76  0.953  1.7213  1.766  1.3264  2.216  0.002  5.3489  6.901  0.1408  1.5766  2.7338  5.6667  2.5233  0.1933  2.2906  2.1676  1.0513  3.0729  0.2759  4.3444  10.2854  2.5739  2.2686  4.1373  2.9439  1.135  1.9358  1.107  0.1662  3.2046  2.787  0.7767  1.856  1.23  1.384  4.5974  
trainID = 941  1.0505  0.5941  2.999  3.5581  2.0617  1.3171  1.254  4.5445  0.7847  2.927  0.8556  0.807  4.5481  4.7609  0.3916  4.1838  3.9972  3.6258  0.7715  2.1563  2.1761  3.4453  2.3087  2.1021  0.5113  2.964  5.1231  0.9324  4.5106  5.3088  2.942  6.1335  1.0645  2.6787  1.2067  2.8341  0.6776  0.6677  2.0587  0.282  0.022  0.7347  
trainID = 943  1.6115  4.0814  1.617  4.4601  2.3665  2.6186  3.3218  0.7729  0.887  1.6505  0.7466  1.141  2.6939  7.702  0.6605  6.0139  5.3616  0.9497  1.3683  2.2684  1.3912  0.7468  2.9821  1.9719  2.5508  4.4755  10.7219  0.75  5.8264  5.4387  1.6301  6.499  4.2661  1.448  2.4088  4.0967  1.563  1.5509  2.6047  1.5264  0.719  2.6251  
trainID = 946  1.26  4.5495  3.6806  0.587  0.8137  0.928  0.3687  1.6536  0.428  4.4398  1.1125  2.0208  3.0538  0.2272  4.1637  0.9717  0.5758  6.5738  0.0898  0.6024  0.47  26.0827  15.3105  0.3733  1.4741  4.8383  1.7216  0.182  0.2275  1.4007  3.3618  2.047  0.6773  5.3874  0.785  0.1519  3.4285  2.5386  2.962  0.797  0.458  0.4299  
trainID = 965  1.9162  0.4896  2.183  6.6364  0.8214  2.9562  3.083  0.1566  0.442  1.2498  2.5856  0.026  1.6009  6.4153  0.2279  2.8557  4.1128  1.8936  1.5975  1.7617  1.4817  2.2414  1.9757  2.1624  4.5268  2.0433  8.1222  4.7508  2.7104  5.8298  1.4524  3.5574  2.0829  0.9045  2.5438  3.2239  2.8284  2.8887  1.5857  1.463  2.5698  0.8274  
trainID = 983  2.5415  0.1194  2.733  0.9476  0.2833  2.6516  0.238  0.0809  1.0426  3.616  0.9003  0.072  4.2608  1.8072  2.6424  0.2074  3.0548  0.1619  0.1664  0.0642  1.1759  2.7374  0.191  0.3866  3.397  0.1111  0.7486  2.422  3.5684  1.6734  1.549  5.1547  2.1234  1.4012  0.441  0.1672  1.1216  2.3824  1.0999  0.119  3.144  2.8156  
trainID = 1024  2.2257  1.6155  0.938  1.9653  0.4874  2.9262  3.0423  0.8037  0.01  2.1822  0.9084  0.8526  1.8268  3.0127  1.7992  0.5639  2.125  0.4214  0.2647  1.0244  1.2659  0.5892  0.6342  1.9457  0.2376  0.2875  0.8519  0.6372  3.7894  0.2872  0.191  5.7767  1.0885  33.112  0.9645  0.0964  0.8914  1.6381  2.1491  1.7986  1.4138  0.094  2.3147  
trainID = 1035  0.1909  2.4756  0.888  7.2069  3.8152  3.6866  4.912  2.105  4.9449  0.0268  1.6236  2.549  4.4038  9.2322  1.7538  6.2456  7.8226  8.8171  2.5122  1.0128  7.3629  3.16  4.5276  3.9954  1.9945  6.0126  13.0731  0.7348  1.7187  5.5995  0.531  6.4747  7.5028  2.1847  6.4268  5.2481  1.5456  1.9527  1.5355  0.325  1.291  0.683  
trainID = 1036  0.2411  2.9249  0.0235  2.9674  0.4877  0.1661  2.9516  2.1849  2.4819  4.154  2.6376  1.135  3.4928  5.9798  0.3216  4.574  6.5181  1.7329  2.5257  1.9429  2.9432  1.9755  2.6074  1.3762  1.1474  2.7074  8.7091  2.4418  4.0664  4.4757  0.004  5.7804  3.5265  0.2676  2.0979  2.8183  1.8061  2.1227  0.5688  1.364  1.445  2.2115  
trainID = 1051  0.5566  0.54  1.403  7.2407  2.4742  3.0755  1.63  1.3769  0.99  2.3624  2.1406  0.305  2.8156  8.233  0.0286  4.8433  4.9838  2.6609  2.0343  1.4252  2.2479  1.8146  2.2523  3.8564  0.0042  3.8579  8.8635  3.117  1.4397  5.0976  0.702  5.586  4.1513  1.8731  2.0835  2.5833  3.6857  2.8507  1.5177  1.754  0.986  1.145  
trainID = 1054  1.2045  0.2129  1.431  1.8357  0.2218  1.092  1.753  1.7742  3.1305  4.4661  0.8006  1.207  5.3706  3.7229  1.1326  0.8169  4.0078  2.3577  0.2989  0.2857  4.4556  0.86  1.5605  1.2949  6.4922  0.407  0.0716  0.4805  8.906  0.7984  0.254  4.943  1.9894  1.7996  0.7058  1.1715  0.0538  2.0755  2.006  1.018  0.3014  0.6683  
trainID = 1120  1.2275  3.2386  0.1784  4.3859  2.0307  0.9031  3.3423  2.5035  1.488  3.3395  0.3646  0.865  4.3195  5.128  2.5699  5.1374  7.3251  2.6144  0.4437  1.0217  5.3471  3.2865  1.1896  1.5984  2.4772  5.0642  7.9506  0.5495  8.4686  6.128  1.5154  6.1769  5.5284  3.3791  0.85  1.5408  1.9566  2.2501  0.731  0.293  1.614  1.7251  
trainID = 1128  0.8231  2.8427  0.1848  6.0924  5.2438  1.5818  1.231  0.2464  1.0166  0.0211  0.0146  0.197  2.1569  6.7235  1.9806  4.4133  4.2553  5.4799  1.94  0.3207  2.3224  5.1338  1.0276  3.0724  3.4468  4.5492  11.7938  2.0896  1.7487  6.8948  0.874  2.2935  2.2262  0.0382  5.0028  4.5196  2.4977  1.8553  2.2594  0.475  1.524  0.2278  
trainID = 1131  2.6069  5.947  0.796  10.1219  3.062  0.8838  6.9048  4.541  4.7144  2.1464  3.2656  1.827  7.3823  7.7973  0.9554  18.0885  21.5027  16.8237  4.9964  0.9063  9.0803  5.453  2.4512  3.6754  4.5082  8.1489  12.3597  0.9932  3.9472  4.9525  0.189  10.935  6.7156  3.9093  3.6378  5.0456  2.0276  5.5119  2.8847  1.169  1.181  0.861  
trainID = 1136  1.5749  4.4505  4.8846  0.359  1.4714  2.448  1.7153  1.4256  1.3185  6.187  1.2606  1.3138  4.1253  0.027  2.1441  2.0027  0.1693  5.3138  1.1733  0.3038  0.5267  19.5678  5.8797  11.0772  1.8026  6.5623  1.4338  0.951  0.0766  0.1479  0.0236  1.043  2.473  3.4738  1.5578  0.0214  4.4108  4.2082  5.9194  1.565  1.2652  1.1602  
trainID = 1151  0.0848  1.069  1.997  1.2529  0.6827  2.9777  0.854  2.3176  0.146  4.3584  2.5018  1.5116  3.2197  1.9528  1.1557  0.0846  0.8668  2.5626  1.8713  3.0042  0.4753  1.5103  1.1565  1.958  6.5206  0.8427  2.8694  0.448  3.016  1.6848  0.2585  1.748  2.1964  4.5018  0.9678  2.7182  0.9558  2.5155  4.8662  2.318  1.649  2.6031  
trainID = 1170  0.0298  0.6402  0.895  4.4985  1.9965  0.5614  4.91  1.8626  2.7026  3.2144  3.9326  0.652  2.4345  8.0342  0.052  5.6383  10.5681  5.6906  0.2696  0.5374  4.1899  2.4272  2.0254  1.0736  0.8626  5.3178  11.9114  1.734  6.862  4.2456  0.445  6.0938  4.0895  1.9754  2.8538  1.2924  1.3425  0.6472  0.5438  0.024  0.55  3.3781  
trainID = 1190  4.571  1.1159  1.475  1.4944  2.0912  4.2027  0.055  0.7761  1.3404  2.2607  1.6037  1.78  1.2021  4.7744  1.3764  1.4388  2.3643  1.3462  0.013  0.5398  3.4883  0.0729  2.2615  1.8932  10.018  4.8648  6.1333  2.8121  4.1888  2.0825  0.195  2.1702  0.4067  32.59  2.3179  1.1162  2.0114  0.7307  0.411  2.6163  1.3153  0.685  1.8814  
trainID = 1191  4.8016  1.6805  1.1  2.5691  0.0246  3.2995  0.589  2.2434  1.953  1.3225  1.1576  0.791  3.2064  2.9289  0.5656  2.9167  1.693  5.2965  1.8133  1.5924  2.5988  1.2021  0.3647  1.1074  4.9157  13.8691  15.3875  1.2904  3.6184  3.3484  0.6832  2.3479  0.3836  0.983  1.957  3.7181  3.248  1.1694  4.1732  0.485  0.608  3.5655  
TrainID = 250  dbValue = 1.43805  nTestCell = 45  nTrainCell = 45  nDiff = 0  (X,Y) = (1825, 2475)  Position Error = 54.8179
TrainID = 983  dbValue = 1.56004  nTestCell = 45  nTrainCell = 42  nDiff = 3  (X,Y) = (1795, 2405)  Position Error = 27.2947
TrainID = 582  dbValue = 1.82175  nTestCell = 45  nTrainCell = 42  nDiff = 3  (X,Y) = (1845, 2395)  Position Error = 65.4599
TrainID = 750  dbValue = 1.87876  nTestCell = 45  nTrainCell = 42  nDiff = 3  (X,Y) = (1755, 2515)  Position Error = 90.471
TrainID = 1054  dbValue = 1.89132  nTestCell = 45  nTrainCell = 42  nDiff = 3  (X,Y) = (1795, 2355)  Position Error = 77.1038
TrainID = 709  dbValue = 1.91313  nTestCell = 45  nTrainCell = 42  nDiff = 3  (X,Y) = (1745, 2495)  Position Error = 78.0064
TrainID = 308  dbValue = 1.91884  nTestCell = 45  nTrainCell = 43  nDiff = 2  (X,Y) = (1855, 2505)  Position Error = 97.0824
TrainID = 1151  dbValue = 1.95836  nTestCell = 45  nTrainCell = 42  nDiff = 3  (X,Y) = (1755, 2405)  Position Error = 45
TrainID = 382  dbValue = 1.96197  nTestCell = 45  nTrainCell = 42  nDiff = 3  (X,Y) = (1815, 2365)  Position Error = 71.1688
TrainID = 254  dbValue = 2.00214  nTestCell = 45  nTrainCell = 45  nDiff = 0  (X,Y) = (1845, 2495)  Position Error = 82.9759
TrainID = 733  dbValue = 2.10197  nTestCell = 45  nTrainCell = 45  nDiff = 0  (X,Y) = (1825, 2545)  Position Error = 118.004
TrainID = 1024  dbValue = 2.11744  nTestCell = 45  nTrainCell = 43  nDiff = 2  (X,Y) = (1805, 2415)  Position Error = 22.0227
TrainID = 741  dbValue = 2.2165  nTestCell = 45  nTrainCell = 42  nDiff = 3  (X,Y) = (1895, 2445)  Position Error = 104.809
TrainID = 941  dbValue = 2.33031  nTestCell = 45  nTrainCell = 42  nDiff = 3  (X,Y) = (1855, 2355)  Position Error = 100.125
TrainID = 667  dbValue = 2.34984  nTestCell = 45  nTrainCell = 45  nDiff = 0  (X,Y) = (1825, 2555)  Position Error = 127.613
TrainID = 344  dbValue = 2.3584  nTestCell = 45  nTrainCell = 42  nDiff = 3  (X,Y) = (1925, 2415)  Position Error = 135.074
TrainID = 965  dbValue = 2.49485  nTestCell = 45  nTrainCell = 42  nDiff = 3  (X,Y) = (1925, 2405)  Position Error = 136.693
TrainID = 549  dbValue = 2.49579  nTestCell = 45  nTrainCell = 42  nDiff = 3  (X,Y) = (1895, 2365)  Position Error = 123.713
TrainID = 213  dbValue = 2.50838  nTestCell = 45  nTrainCell = 45  nDiff = 0  (X,Y) = (1835, 2525)  Position Error = 102.883
TrainID = 1036  dbValue = 2.52158  nTestCell = 45  nTrainCell = 42  nDiff = 3  (X,Y) = (1915, 2365)  Position Error = 140.943
TrainID = 159  dbValue = 2.5218  nTestCell = 45  nTrainCell = 42  nDiff = 3  (X,Y) = (1725, 2535)  Position Error = 122.332
TrainID = 247  dbValue = 2.53932  nTestCell = 45  nTrainCell = 42  nDiff = 3  (X,Y) = (1865, 2575)  Position Error = 161.012
TrainID = 919  dbValue = 2.58101  nTestCell = 45  nTrainCell = 42  nDiff = 3  (X,Y) = (1685, 2535)  Position Error = 147.801
TrainID = 897  dbValue = 2.58158  nTestCell = 45  nTrainCell = 42  nDiff = 3  (X,Y) = (1955, 2395)  Position Error = 168.122
TrainID = 1191  dbValue = 2.68021  nTestCell = 45  nTrainCell = 42  nDiff = 3  (X,Y) = (1755, 2555)  Position Error = 128.16
TrainID = 1051  dbValue = 2.68069  nTestCell = 45  nTrainCell = 42  nDiff = 3  (X,Y) = (1915, 2375)  Position Error = 136.473
TrainID = 1128  dbValue = 2.68186  nTestCell = 45  nTrainCell = 42  nDiff = 3  (X,Y) = (1975, 2375)  Position Error = 192.627
TrainID = 946  dbValue = 2.69537  nTestCell = 45  nTrainCell = 42  nDiff = 3  (X,Y) = (1795, 2595)  Position Error = 163.049
TrainID = 816  dbValue = 2.70806  nTestCell = 45  nTrainCell = 43  nDiff = 2  (X,Y) = (1895, 2445)  Position Error = 104.809
TrainID = 430  dbValue = 2.74  nTestCell = 45  nTrainCell = 42  nDiff = 3  (X,Y) = (1895, 2315)  Position Error = 156.541
TrainID = 1136  dbValue = 2.82894  nTestCell = 45  nTrainCell = 42  nDiff = 3  (X,Y) = (1865, 2565)  Position Error = 152.201
TrainID = 801  dbValue = 2.83891  nTestCell = 45  nTrainCell = 43  nDiff = 2  (X,Y) = (1885, 2455)  Position Error = 96.7729
TrainID = 1190  dbValue = 2.83915  nTestCell = 45  nTrainCell = 43  nDiff = 2  (X,Y) = (1855, 2505)  Position Error = 97.0824
TrainID = 943  dbValue = 2.8592  nTestCell = 45  nTrainCell = 42  nDiff = 3  (X,Y) = (1945, 2385)  Position Error = 161.012
TrainID = 391  dbValue = 2.86863  nTestCell = 45  nTrainCell = 42  nDiff = 3  (X,Y) = (1955, 2395)  Position Error = 168.122
TrainID = 312  dbValue = 2.87738  nTestCell = 45  nTrainCell = 42  nDiff = 3  (X,Y) = (1965, 2395)  Position Error = 177.89
TrainID = 486  dbValue = 2.8873  nTestCell = 45  nTrainCell = 42  nDiff = 3  (X,Y) = (1665, 2505)  Position Error = 145.619
TrainID = 1120  dbValue = 2.90588  nTestCell = 45  nTrainCell = 42  nDiff = 3  (X,Y) = (1875, 2305)  Position Error = 152.266
TrainID = 1170  dbValue = 2.9287  nTestCell = 45  nTrainCell = 42  nDiff = 3  (X,Y) = (1915, 2315)  Position Error = 170.485
TrainID = 453  dbValue = 2.99413  nTestCell = 45  nTrainCell = 42  nDiff = 3  (X,Y) = (1895, 2305)  Position Error = 164.149
TrainID = 482  dbValue = 3.01358  nTestCell = 45  nTrainCell = 42  nDiff = 3  (X,Y) = (1815, 2595)  Position Error = 164.757
TrainID = 600  dbValue = 3.0879  nTestCell = 45  nTrainCell = 42  nDiff = 3  (X,Y) = (1675, 2515)  Position Error = 142.636
TrainID = 608  dbValue = 3.10578  nTestCell = 45  nTrainCell = 42  nDiff = 3  (X,Y) = (1965, 2355)  Position Error = 190.276
TrainID = 409  dbValue = 3.13873  nTestCell = 45  nTrainCell = 42  nDiff = 3  (X,Y) = (1885, 2305)  Position Error = 158.003
TrainID = 707  dbValue = 3.17265  nTestCell = 45  nTrainCell = 42  nDiff = 3  (X,Y) = (1955, 2325)  Position Error = 195.819
TrainID = 875  dbValue = 3.18485  nTestCell = 45  nTrainCell = 42  nDiff = 3  (X,Y) = (1935, 2295)  Position Error = 198.759
TrainID = 524  dbValue = 3.6762  nTestCell = 45  nTrainCell = 42  nDiff = 3  (X,Y) = (1995, 2305)  Position Error = 240.302
TrainID = 1035  dbValue = 3.81201  nTestCell = 45  nTrainCell = 42  nDiff = 3  (X,Y) = (1995, 2325)  Position Error = 230.358
TrainID = 285  dbValue = 3.81259  nTestCell = 45  nTrainCell = 42  nDiff = 3  (X,Y) = (1915, 2245)  Position Error = 224.377
TrainID = 754  dbValue = 3.88329  nTestCell = 45  nTrainCell = 42  nDiff = 3  (X,Y) = (1915, 2255)  Position Error = 216.113
TrainID = 868  dbValue = 4.51681  nTestCell = 45  nTrainCell = 42  nDiff = 3  (X,Y) = (1985, 2235)  Position Error = 276.487
TrainID = 331  dbValue = 4.82747  nTestCell = 45  nTrainCell = 42  nDiff = 3  (X,Y) = (1965, 2225)  Position Error = 270.416
TrainID = 1131  dbValue = 5.35492  nTestCell = 45  nTrainCell = 42  nDiff = 3  (X,Y) = (1985, 2205)  Position Error = 298.605
