trainID = 428  3.5659  3.1247  2.3895  3.676  0.9536  2.344  1.809  0.1087  2.5177  1.6694  5.0762  4.6789  2.9284  2.3004  1.1995  3.1081  0.7697  1.162  2.8306  0.053  5.4755  0.4796  24.5238  10.6385  1.9761  1.4545  4.8948  0.0102  3.7381  1.3129  5.0592  4.4321  1.273  4.4631  5.1242  1.3783  1.2893  1.7052  0.5165  0.095  2.6525  2.233  0.2201  35.2699  
trainID = 554  0.4499  0.5414  0.593  1.0466  0.3971  0.6145  0.85  1.6656  0.352  1.3074  1.345  2.5764  0.7706  1.1153  0.8243  0.8883  1.7282  0.0135  0.9154  0.3592  1.3411  1.2783  1.4517  2.2229  1.0144  0.1903  0.4425  1.9621  2.2684  2.6927  1.7541  3.1678  0.134  0.2505  1.456  2.6431  2.7062  0.7029  0.965  0.2739  1.4484  0.5184  0.505  0.218  0.5241  0.221  
trainID = 675  1.6799  2.7077  1.355  2.7853  1.4268  0.9872  0.8457  0.9269  1.759  1.092  0.7513  2.5764  2.4184  3.0924  2.7838  1.1688  3.5891  2.5988  3.805  1.961  0.4604  5.2825  0.6128  0.2568  3.0195  5.3599  4.4315  6.1779  2.4015  3.5196  3.6003  2.0631  0.7205  0.0994  1.3011  3.7541  0.47  2.3625  3.7475  4.7265  0.157  2.561  0.5057  0.536  
trainID = 848  1.4132  1.6218  2.9385  1.442  2.075  1.029  1.492  1.9076  1.413  3.4804  0.8535  0.9399  1.3777  0.6301  3.5207  3.5284  0.7343  2.1469  1.0319  1.6414  1.2989  4.3895  14.0224  0.2485  12.3084  3.2668  6.079  2.7223  1.8931  3.2463  2.8796  4.9513  2.422  3.6801  5.3183  0.2039  0.4974  1.2035  0.0286  0.1829  2.1323  0.156  2.0063  34.5009  
trainID = 865  4.6312  6.8536  0.296  8.2165  0.9398  0.295  3.7339  3.0511  3.0691  33.1201  0.5498  0.874  2.7164  3.3834  4.6271  0.6831  12.0168  9.3581  7.2021  0.873  3.2292  7.0905  3.8018  0.2527  5.277  6.067  8.3902  10.8109  2.5824  4.552  7.144  5.0791  4.3859  2.3824  3.1471  4.6221  2.1102  2.5259  3.6878  5.4064  1.4773  0.253  1.7009  0.933  
trainID = 1049  1.6624  2.791  0.935  1.7399  1.1975  1.4663  1.878  0.6556  0.6872  1.4269  2.6353  0.4699  1.4421  0.037  0.7216  0.5355  3.5882  0.3436  3.701  0.286  3.4924  1.4477  2.8727  3.2003  3.9031  4.0691  1.112  1.2381  0.1427  3.0702  4.6011  2.1764  2.2095  30.5245  0.2099  0.8972  1.3463  2.3964  4.7868  4.9623  0.656  0.614  2.1645  0.979  
trainID = 1072  2.3363  1.1222  1.484  1.0418  1.3327  1.4725  0.115  0.3155  0.663  0.0112  2.069  1.6724  2.266  0.3258  1.8853  2.3105  0.5  3.8739  1.242  1.8154  1.8822  0.8787  0.2086  4.2488  10.6507  5.1278  2.4322  0.9223  3.3434  0.7257  3.4651  3.6275  0.6109  5.356  1.862  2.9731  4.4312  1.5146  1.9059  2.8665  2.7769  1.6061  1.037  0.657  1.4679  0.699  
trainID = 1183  1.0377  4.0817  0.097  1.5101  2.3159  0.2081  0.812  2.6034  0.258  0.5738  1.152  0.7414  0.1029  0.5601  2.8047  1.877  1.3534  0.7734  0.664  1.5806  1.6457  0.7126  4.3306  1.5272  2.6474  2.9567  5.3454  1.519  2.6749  3.6972  2.2001  0.617  0.2822  31.1345  0.8555  1.8899  0.7371  0.6601  1.5847  2.0272  0.148  1.1677  1.9347  0.089  
trainID = 1244  0.9097  2.0654  3.1078  1.8397  2.0941  2.2185  1.319  0.7196  1.6103  0.569  1.8016  4.1606  0.378  1.6962  2.5703  0.6176  2.7737  1.132  0.7019  1.4163  2.5853  2.5413  1.5723  0.0678  2.208  1.3496  1.9383  3.0435  0.6555  0.6243  1.1563  3.1351  1.5616  0.6314  0.5046  1.4  2.5481  1.7972  0.0541  1.0295  0.0795  2.7423  2.159  1.119  1.2984  1.2073  
trainID = 1436  1.4938  2.2054  0.221  4.0019  0.5109  3.2845  0.848  0.3076  0.5  1.1423  0.385  2.1144  2.4928  4.2107  1.9835  1.29  1.1744  3.0089  2.216  0.5033  2.6986  1.1963  3.49  1.1424  19.5346  12.1118  4.8167  0.1296  8.5285  0.0586  2.8591  2.8642  1.8973  4.928  0.428  0.2062  3.2053  0.9048  0.5043  1.6924  0.5723  1.0729  1.9417  1.365  0.3315  1.458  
trainID = 1473  0.028  3.0569  1.206  3.1004  1.0654  2.1102  0.504  1.3223  0.8406  1.4522  2.087  1.5254  2.1841  0.7858  1.2455  0.3588  0.3158  4.4902  1.2074  0.1208  2.1344  1.532  4.8602  2.2541  7.0911  2.9868  2.8377  1.9147  0.1767  3.4862  0.7336  0.0215  0.4614  4.748  1.814  2.4318  1.6904  2.5618  0.0222  0.1253  2.7742  3.835  0.102  0.175  2.1286  1.617  
trainID = 1529  1.2098  1.0343  0.884  0.1856  0.1487  0.6944  0.445  0.543  0.263  0.0521  4.181  1.5784  0.5018  1.4668  0.0662  0.4126  0.2232  5.5401  4.145  1.7986  1.6904  0.2199  0.3856  2.2128  6.2095  3.9818  4.913  0.0669  0.7324  1.551  2.7281  0.1301  1.2444  0.1504  1.937  1.1245  0.9336  2.9341  0.155  0.2712  2.5102  2.3763  1.58  0.217  2.0684  
trainID = 1568  0.8891  0.2464  0.56  2.8707  0.966  2.4725  2.994  0.5662  1.994  0.014  2.146  0.456  3.0229  5.6125  0.3396  3.0319  2.1936  1.2652  1.1271  2.8811  1.0916  1.0876  3.1039  1.9058  5.8047  2.9835  5.6326  0.8273  0.2933  1.1282  3.8211  0.8234  2.5259  2.8909  2.116  0.3484  0.57  0.2937  2.2321  1.9825  3.0474  1.5109  0.553  0.43  0.6121  0.122  
trainID = 1905  3.4647  1.0706  1.766  2.8106  1.9721  1.1046  1.888  0.0417  0.522  0.208  1.616  3.0284  4.4598  3.5425  1.1013  2.8973  2.1765  5.0471  1.628  0.8753  0.0502  2.5739  2.1326  0.779  14.503  10.4047  7.6537  0.4044  5.7956  2.494  6.8511  2.4026  4.4609  3.5808  2.326  0.3672  0.4707  0.6386  1.5354  2.5387  0.7728  0.1776  1.8728  1.3817  0.6539  1.292  
trainID = 1929  2.3846  4.6265  0.615  0.0184  2.213  2.8525  0.999  0.1555  1.2429  0.6973  0.815  3.0064  0.4153  1.0593  4.2711  1.8908  1.0951  0.4354  0.19  1.3285  1.3281  0.138  2.4905  3.2031  5.7981  2.4691  8.7018  2.2074  2.24  2.4838  0.3087  1.8568  0.6757  28.3005  0.704  1.8544  1.2104  1.0208  0.5017  0.8219  2.9967  2.0136  1.9888  1.547  
trainID = 2028  0.8059  0.0579  0.962  1.4153  1.2661  2.5835  0.198  0.582  0.576  4.2242  2.3568  2.1724  0.2401  0.9318  0.1347  1.842  0.0086  0.2593  1.481  1.2329  3.1593  2.3517  2.5142  1.2134  8.8328  3.2904  4.4513  2.8225  2.2877  2.9281  2.4666  1.393  0.686  1.1797  0.5674  0.4842  3.6409  1.6279  4.7383  5.7601  3.032  0.307  1.3663  0.091  
trainID = 2049  0.0414  6.0108  1.44  2.6638  0.0643  0.6719  1.281  0.722  3.5616  0.867  1.5308  1.075  2.0504  0.8095  5.8571  1.3569  4.2343  2.5081  0.9469  1.392  0.2827  4.4749  2.0075  0.9354  3.0642  0.121  5.1934  6.4166  4.6423  1.6879  6.7788  4.3271  1.4622  0.8103  1.9622  3.9131  2.8722  1.247  3.1465  3.2335  1.117  0.247  0.7325  1.811  
trainID = 2132  0.5399  0.4655  0.539  0.0154  0.8959  0.3202  0.428  3.9515  0.163  0.0741  3.0624  1.0224  1.844  4.3197  2.6073  2.1376  1.9298  1.894  2.695  0.2886  0.978  2.5293  3.3368  1.745  9.1617  0.0744  4.9764  0.4071  0.8981  2.8116  6.1741  0.4901  0.4235  0.9243  0.622  1.7841  0.9764  3.2705  2.5129  1.0878  2.7141  1.8025  1.236  0.76  1.6726  
trainID = 2249  0.1424  3.4817  0.174  0.2226  0.6054  1.9115  0.977  1.7596  0.957  1.6181  1.789  3.7444  2.7479  0.9914  2.672  0.151  1.6782  2.7728  1.779  1.2635  1.4968  0.3738  2.1158  2.3741  10.5035  2.692  6.831  1.4945  5.8355  3.6233  3.2451  2.794  2.5033  2.4616  0.54  1.7551  4.2807  0.5441  2.2285  1.4761  0.2494  0.2506  1.4702  0.393  1.6718  0.43  
trainID = 2580  1.4432  1.4964  3.3922  0.2238  1.0437  0.3942  0.336  0.3036  1.2885  0.8166  0.03  1.5644  1.0101  0.3404  0.4886  0.3135  2.8511  2.964  2.29  0.5405  0.6538  0.295  2.8441  1.5554  2.8674  0.2175  2.1734  0.8495  2.2392  3.4644  2.7001  1.7639  0.393  1.2885  1.518  0.7821  1.0684  0.9972  0.6255  0.3025  2.1936  0.8754  2.4523  0.086  0.5228  1.911  
trainID = 2624  1.4874  4.2192  2.3669  4.6345  0.7625  0.8917  1.9379  5.1478  0.552  1.711  0.5746  0.194  3.5954  1.3749  4.3977  0.4739  3.1831  5.0748  3.0472  0.337  2.6145  3.6798  3.6243  0.189  2.9619  3.4113  6.2284  11.9453  4.3561  2.0577  7.6764  1.5861  1.3259  0.7911  1.2795  2.2167  3.611  0.9371  1.0465  4.1719  0.739  0.762  2.6572  0.967  
trainID = 2633  0.1775  1.4957  0.952  0.5208  1.455  1.7095  3.1133  0.6552  1.638  0.592  0.9005  1.683  2.0574  1.8918  2.144  1.6053  0.4614  1.4887  0.5791  0.1455  0.3462  2.4419  0.5461  0.7971  1.4488  0.4928  3.4681  5.2504  3.9445  0.1101  3.3956  4.5551  1.1662  1.6412  1.2139  3.2862  3.041  0.2906  3.5847  1.8699  0.732  1.004  0.2485  3.009  
trainID = 2735  3.3502  6.4534  1.078  8.2305  2.0921  0.6092  3.2219  2.1292  1.1253  33.1373  1.2188  1.167  2.0914  3.2499  4.9816  1.6141  5.655  7.9966  5.8763  1.7941  1.1237  6.2224  3.3748  0.7542  4.8723  2.1158  6.6064  12.3877  3.7889  2.16  7.8185  3.5961  1.721  2.1391  2.0947  3.0408  1.7855  0.2291  2.862  4.8991  2.2769  0.603  3.1397  2.341  
trainID = 2804  1.6126  5.6408  1.266  8.2166  0.9286  2.6011  2.1719  3.6218  0.8846  33.6088  1.1227  0.508  2.2284  4.1116  6.9296  0.8979  9.6947  8.8602  9.1111  3.6401  1.8515  8.1238  4.3276  0.1625  3.756  4.8643  8.7862  11.2242  2.9163  2.5335  6.447  2.5891  3.5112  2.0799  2.2875  4.6561  2.4828  2.8592  7.8937  3.5208  2.0393  0.799  0.5369  0.895  
trainID = 2809  2.412  2.4214  0.134  1.3919  1.0097  0.4707  0.5769  3.0791  0.121  0.4592  0.375  1.8224  0.9692  0.5117  1.1722  1.5792  0.0629  1.5206  1.774  0.5141  1.5977  1.4288  1.9451  0.9292  0.5536  1.1179  0.2  1.7702  1.624  1.8569  0.9465  0.1502  2.4121  3.3989  1.074  1.6171  0.7784  1.1706  1.4182  0.5545  0.4415  2.571  2.6441  1.325  0.4853  0.832  
trainID = 2848  1.4397  0.2791  0.724  1.2343  1.3905  0.4995  1.4118  0.7442  0.4  1.088  4.7494  2.6274  2.8288  3.3164  0.4489  0.4792  0.592  3.1811  0.9375  1.1349  0.2356  0.6811  4.2792  3.1967  0.581  1.7411  3.5789  0.0232  2.1248  2.9654  2.6311  2.2446  2.5286  2.0445  0.082  1.5981  1.5541  0.6475  1.6565  0.7848  1.7027  3.1592  0.821  2.5552  0.8188  0.501  
trainID = 2854  0.3894  3.9302  1.9315  2.805  0.8578  1.723  0.218  0.1165  2.016  1.0786  2.7373  1.4702  3.0342  0.1774  0.5048  4.6815  0.2603  3.1257  0.4044  1.5186  1.8169  3.9481  10.5835  0.7679  12.2068  1.2883  8.9919  2.5515  2.9801  5.8428  1.7899  3.7573  0.862  4.2041  5.9035  1.0885  2.4105  1.546  0.2801  0.5979  4.1048  0.334  3.2991  37.1897  
TrainID = 554  dbValue = 1.10232  nTestCell = 47  nTrainCell = 46  nDiff = 1  (X,Y) = (1575, 2045)  Position Error = 29.2062
TrainID = 2809  dbValue = 1.24391  nTestCell = 47  nTrainCell = 46  nDiff = 1  (X,Y) = (1565, 2045)  Position Error = 22.2036
TrainID = 2580  dbValue = 1.29937  nTestCell = 47  nTrainCell = 46  nDiff = 1  (X,Y) = (1555, 2045)  Position Error = 18.2483
TrainID = 1529  dbValue = 1.50438  nTestCell = 47  nTrainCell = 45  nDiff = 2  (X,Y) = (1525, 2025)  Position Error = 27.074
TrainID = 1244  dbValue = 1.58067  nTestCell = 47  nTrainCell = 46  nDiff = 1  (X,Y) = (1555, 2025)  Position Error = 3.60555
TrainID = 2848  dbValue = 1.61399  nTestCell = 47  nTrainCell = 46  nDiff = 1  (X,Y) = (1545, 2065)  Position Error = 38.6394
TrainID = 2633  dbValue = 1.66249  nTestCell = 47  nTrainCell = 44  nDiff = 3  (X,Y) = (1635, 2015)  Position Error = 83.863
TrainID = 1568  dbValue = 1.81275  nTestCell = 47  nTrainCell = 46  nDiff = 1  (X,Y) = (1525, 2045)  Position Error = 32.45
TrainID = 1473  dbValue = 1.81571  nTestCell = 47  nTrainCell = 46  nDiff = 1  (X,Y) = (1545, 1995)  Position Error = 32.7567
TrainID = 2132  dbValue = 1.83472  nTestCell = 47  nTrainCell = 45  nDiff = 2  (X,Y) = (1525, 2015)  Position Error = 29.5466
TrainID = 2028  dbValue = 1.92096  nTestCell = 47  nTrainCell = 44  nDiff = 3  (X,Y) = (1525, 1995)  Position Error = 41.8688
TrainID = 2249  dbValue = 2.06679  nTestCell = 47  nTrainCell = 46  nDiff = 1  (X,Y) = (1605, 2105)  Position Error = 94.3027
TrainID = 1072  dbValue = 2.06808  nTestCell = 47  nTrainCell = 46  nDiff = 1  (X,Y) = (1565, 2115)  Position Error = 88.955
TrainID = 1183  dbValue = 2.21572  nTestCell = 47  nTrainCell = 44  nDiff = 3  (X,Y) = (1605, 2035)  Position Error = 53.6004
TrainID = 675  dbValue = 2.23722  nTestCell = 47  nTrainCell = 44  nDiff = 3  (X,Y) = (1605, 1935)  Position Error = 106.174
TrainID = 2049  dbValue = 2.30843  nTestCell = 47  nTrainCell = 44  nDiff = 3  (X,Y) = (1675, 1985)  Position Error = 129.973
TrainID = 1929  dbValue = 2.43574  nTestCell = 47  nTrainCell = 44  nDiff = 3  (X,Y) = (1645, 2055)  Position Error = 97.1236
TrainID = 1436  dbValue = 2.47462  nTestCell = 47  nTrainCell = 46  nDiff = 1  (X,Y) = (1535, 2155)  Position Error = 129.124
TrainID = 1049  dbValue = 2.52891  nTestCell = 47  nTrainCell = 44  nDiff = 3  (X,Y) = (1555, 1985)  Position Error = 42.107
TrainID = 1905  dbValue = 2.59423  nTestCell = 47  nTrainCell = 46  nDiff = 1  (X,Y) = (1535, 2135)  Position Error = 109.33
TrainID = 2624  dbValue = 2.65453  nTestCell = 47  nTrainCell = 44  nDiff = 3  (X,Y) = (1695, 1965)  Position Error = 155.862
TrainID = 848  dbValue = 3.29217  nTestCell = 47  nTrainCell = 44  nDiff = 3  (X,Y) = (1625, 2145)  Position Error = 138.755
TrainID = 2854  dbValue = 3.43922  nTestCell = 47  nTrainCell = 44  nDiff = 3  (X,Y) = (1655, 2175)  Position Error = 180.314
TrainID = 428  dbValue = 3.78365  nTestCell = 47  nTrainCell = 44  nDiff = 3  (X,Y) = (1545, 2185)  Position Error = 158.155
TrainID = 2735  dbValue = 4.06874  nTestCell = 47  nTrainCell = 44  nDiff = 3  (X,Y) = (1725, 1915)  Position Error = 206.09
TrainID = 2804  dbValue = 4.51819  nTestCell = 47  nTrainCell = 44  nDiff = 3  (X,Y) = (1695, 1855)  Position Error = 223.681
TrainID = 865  dbValue = 4.6227  nTestCell = 47  nTrainCell = 44  nDiff = 3  (X,Y) = (1685, 1845)  Position Error = 225.417
