trainID = 303  1.055  3.271  1.288  0.413  1.4576  0.703  33.6889  0.2977  6.1647  3.7401  0.1647  0.9501  2.6226  5.2533  0.7328  0.7475  0.9863  2.3305  0.1436  10.6257  8.1785  7.7283  3.5807  4.539  3.5149  0.067  1.967  0.823  34.7059  0.5834  0.9203  7.7107  0.3605  0.3756  2.0506  2.1748  1.5324  1.2345  5.4671  3.162  2.9484  2.7042  1.475  4.045  
trainID = 304  0.8834  3.7326  1.712  0.87  1.5957  0.952  32.7691  1.6781  6.494  1.5648  2.7098  0.737  1.497  2.1218  1.0779  2.0492  3.9543  2.0341  2.1493  14.5186  11.5345  13.1027  3.3359  4.7545  4.5443  1.386  5.618  1.128  34.9574  0.6805  0.252  9.9457  2.4642  0.4378  0.5374  1.8808  1.0674  5.1385  4.6684  0.2435  4.7124  3.0402  0.672  1.2812  
trainID = 306  0.9783  3.443  1.123  1.387  0.7504  0.443  1.184  3.5644  2.1066  0.7684  2.4452  2.1605  0.3345  1.3653  2.6127  1.4183  0.5928  0.5177  1.7367  1.1673  0.2745  0.4669  2.7525  8.5891  0.2132  2.2942  1.6723  2.1564  0.8893  1.334  4.5014  1.8512  1.3548  1.7723  1.1865  0.8726  0.4455  0.1  0.6436  0.9242  1.81  0.7346  
trainID = 320  6.6072  1.7014  1.043  0.268  3.2311  0.508  2.3826  4.2327  0.8131  8.6834  6.6202  1.3315  3.2416  4.1788  2.2461  1.6906  1.0766  3.5543  6.4969  6.8354  10.1554  15.5588  15.6385  18.4891  3.1711  2.586  2.7405  0.3314  3.7468  4.242  10.0581  0.9709  10.9824  3.446  5.1528  3.7361  2.8109  1.033  3.5038  1.2512  0.629  2.6791  
trainID = 325  4.5628  1.2579  0.474  1.4732  4.7701  0.62  0.4254  1.349  2.2578  0.363  0.9609  0.2742  0.9343  0.6911  1.045  1.3515  1.7786  2.0613  0.7727  1.5434  1.4333  3.119  1.8375  0.0255  1.3879  0.2237  1.8823  0.5595  1.7656  0.9801  2.1066  0.3711  0.5224  1.7551  0.3974  0.4074  0.9322  0.908  0.2316  0.3003  2.136  1.4524  
trainID = 369  6.0453  2.1505  1.076  0.185  1.1599  1.3648  2.0975  5.894  2.1086  7.9338  7.4392  1.6505  0.2409  4.4376  0.184  1.7799  2.3856  3.5573  5.6448  6.4469  10.0298  15.6182  14.7986  13.0693  3.8859  3.1078  3.9136  0.4205  4.0429  5.2548  9.6738  0.557  7.9197  4.128  2.2022  3.5383  2.2365  0.3096  5.0113  1.1192  1.044  4.3868  
trainID = 396  1.2205  4.3044  1.073  0.651  1.7811  0.527  34.4993  3.6542  2.3201  2.06  3.6836  0.7219  1.3777  0.0075  0.173  0.8277  1.165  1.7416  0.0255  1.5279  0.7844  2.5185  0.5365  7.9109  1.2032  1.179  3.6238  0.4809  1.168  2.478  1.7227  4.4203  0.6178  3.1905  2.0324  0.7745  2.2923  0.2462  2.3362  1.163  0.1643  
trainID = 408  6.0792  0.7491  1.576  0.915  1.9709  0.992  0.348  3.18  0.4857  6.3227  2.6765  0.9007  1.1189  4.5874  1.8497  2.5018  1.7196  3.3403  5.0789  7.6784  4.3952  4.9297  2.2286  9.4321  1.3507  0.1367  2.0044  0.5629  2.3057  1.2338  3.7695  1.4092  2.4705  2.2526  1.832  0.1092  0.1185  3.019  2.4537  4.4232  2.6242  0.0088  
trainID = 425  2.7501  2.6066  2.503  2.9176  0.4944  0.539  32.3875  1.4303  5.6167  1.999  1.0141  2.3631  3.5809  2.2027  1.8132  1.4475  3.4278  1.0414  1.3685  0.2552  1.1186  3.5474  2.9825  7.5388  3.0378  2.072  2.948  0.1071  1.068  3.4025  1.2921  4.0971  1.3139  0.8168  0.5194  1.8708  0.0427  2.7278  2.2357  2.061  2.0811  37.4054  
trainID = 436  1.5121  2.2514  1.687  1.088  0.7915  0.822  0.1497  0.2546  1.4735  1.7986  2.3142  1.4465  0.6965  0.8696  1.0336  0.0721  1.4806  0.8502  0.2006  1.3077  1.8865  0.8948  3.7838  2.7979  0.513  0.3889  0.4983  1.0871  1.239  0.5259  2.8265  2.6461  1.927  3.1437  0.8715  0.2377  0.7969  1.222  1.1694  2.6412  0.764  0.0309  
trainID = 451  0.4691  3.912  1.321  2.786  2.904  0.603  33.2786  0.2525  8.6271  4.4122  0.2414  2.318  1.1538  3.3644  1.2267  2.5517  1.9147  4.9126  0.3847  11.7388  9.5565  10.675  5.4227  6.499  5.4779  2.257  3.348  3.7698  33.4709  0.8005  1.8367  8.1613  2.463  0.032  1.0063  0.0803  1.58  2.1079  2.3586  0.5306  2.7417  2.7092  0.136  3.5727  
trainID = 464  2.0579  1.5996  0.644  0.095  0.4088  1.203  1.3684  1.1716  0.3358  2.7419  2.3717  0.0385  1.5883  2.4143  0.2885  2.3119  0.9457  1.3551  0.481  5.1141  5.588  3.071  9.3365  4.8341  0.7996  0.0055  1.4097  2.4967  1.9053  1.7883  6.2335  3.962  0.833  1.941  4.4507  0.2443  1.7349  1.066  1.323  0.9392  2.6235  0.5028  
trainID = 466  1.6237  3.0428  0.845  0.808  0.5573  0.305  36.1228  2.8359  4.7146  3.0665  3.6059  2.0461  1.0691  1.6127  0.0027  2.9097  1.3702  0.937  0.4941  3.0598  0.1395  1.4725  2.0997  6.9346  1.9349  0.9551  3.1265  0.3476  3.5844  2.9301  3.8878  0.5586  1.1826  1.1871  0.0938  3.1454  2.1245  1.9089  1.56  0.9  36.5444  
trainID = 489  2.9369  3.6208  0.064  29.6046  7.9411  9.6353  2.5816  4.2396  0.9288  1.4881  3.5873  2.3666  3.2527  0.5261  2.6417  2.4765  11.7274  20.7655  5.0148  5.5676  0.0853  12.3572  0.2656  2.96  6.0312  34.5139  2.6811  3.6136  9.0158  3.8741  2.9023  0.56  0.5527  2.192  5.3221  3.1863  0.0326  4.094  3.3502  2.123  0.0277  
trainID = 493  1.9978  4.6585  2.235  37.4505  33.4447  3.9196  7.1134  0.9789  1.0305  0.6234  3.3417  4.3583  3.0765  2.0337  2.6798  3.325  0.9143  4.6142  19.0812  5.5423  5.5416  0.3389  9.4796  1.002  5.6092  6.103  33.7841  2.2284  1.1289  7.3631  3.0777  1.8182  1.7892  0.7299  1.5072  3.1361  2.4904  1.0047  4.171  0.7142  0.927  2.3117  
trainID = 521  2.8013  0.4215  3.3201  0.2  5.477  0.238  0.3329  1.5634  0.8194  0.6242  1.4979  1.6179  2.2412  0.8905  1.4852  1.4884  0.7691  1.4753  0.7839  0.3374  4.0957  0.7489  0.9841  3.3313  0.54  0.7502  2.0916  2.8393  0.57  1.1295  3.8959  2.5306  0.0564  1.2092  1.8901  0.1926  0.5586  0.519  0.4961  2.5522  3.352  0.1932  
trainID = 551  3.2379  0.8012  3.9015  2.2362  3.1287  0.746  0.358  3.1161  2.5216  3.5692  3.7658  2.6679  2.3047  0.4983  1.1806  2.27  1.1282  1.4466  0.8819  2.1822  0.3889  0.2245  2.2506  8.3259  1.6466  1.365  4.9407  1.259  1.6517  0.457  2.78  1.7257  0.2208  0.9559  1.0588  0.4341  2.3358  3.0152  3.293  0.0523  36.2714  
trainID = 574  0.1142  0.8468  0.759  0.38  2.6468  0.237  0.292  1.295  3.2736  0.0322  0.6765  0.5469  1.6143  1.9847  1.5724  2.0473  2.7776  0.7589  1.7129  3.2873  0.0178  0.666  2.0095  2.5336  3.4545  0.215  0.2908  0.2348  3.2728  3.4297  1.8268  1.8814  2.5347  0.5621  1.2078  1.5686  2.353  2.728  2.919  0.2595  2.2412  0.441  2.0254  
trainID = 579  5.803  2.6625  2.656  0.854  1.9333  1.9129  0.3316  4.092  0.7526  10.4612  7.3832  0.2306  3.8383  5.5173  4.5561  1.9762  2.0806  2.6013  4.2496  7.4196  6.11  11.6656  11.3144  16.4548  3.1334  1.105  4.4851  1.7256  5.0289  3.1826  9.4364  0.3996  7.4494  1.4449  2.9892  4.0508  2.7428  2.528  3.0976  1.2502  2.46  4.0802  
trainID = 597  4.9856  0.5124  0.622  2.156  0.8928  2.0698  0.6854  2.8078  1.4476  5.3729  6.6609  2.2634  0.2844  3.6007  0.5922  1.2306  1.5466  3.2153  3.7602  5.4205  5.2083  8.0723  5.651  6.8195  1.8852  1.1518  1.4596  1.4231  3.4372  2.6179  6.9361  2.1768  4.6929  4.598  3.2464  3.9781  0.8175  2.755  0.0524  0.4552  2.334  1.528  
trainID = 605  2.921  1.864  3.4824  0.476  0.7458  1.9644  2.5496  1.3048  1.1719  4.0062  0.7763  1.9  1.7296  0.7779  1.192  0.7991  2.1236  0.2363  1.4823  1.1904  1.3778  1.0743  3.5434  2.1685  2.0034  0.2067  0.8089  2.2543  0.9189  3.0202  1.2962  0.388  1.9191  0.1437  3.8575  1.5049  1.3039  2.62  0.4152  3.7432  0.793  0.1788  
trainID = 627  1.9308  3.6705  2.383  0.775  0.304  1.109  35.8103  0.7365  7.3583  5.2381  0.8444  0.2829  2.5228  2.8455  1.2268  0.9718  2.4488  2.2532  1.8876  6.5696  7.8221  10.927  4.6225  4.8003  2.5485  0.309  3.9329  0.7589  32.4466  0.9958  0.3329  5.8668  0.5267  0.3025  0.093  1.2558  1.3898  1.9599  4.8862  2.148  2.1402  34.2224  
trainID = 662  1.1865  5.314  1.973  0.369  1.389  1.5952  34.9021  1.3664  6.2994  4.6239  0.1477  0.451  1.4759  3.9793  1.1565  1.9677  4.5816  0.7006  0.4117  9.1366  6.6892  10.6805  5.2575  5.2075  2.5464  1.74  2.6076  3.5781  32.0202  2.7304  1.428  7.9779  1.5339  0.044  0.2965  0.7927  0.6453  1.8508  3.4823  2.648  3.6253  3.1702  0.328  1.698  
trainID = 684  0.4068  1.4725  0.001  1.615  0.4019  0.174  32.0736  2.1427  4.9514  1.9701  1.207  0.8753  0.0653  4.5253  1.2629  1.6627  2.6469  0.937  0.9713  5.5962  5.8664  1.6194  2.2416  2.8628  4.0822  0.0504  0.6672  1.761  33.6235  1.8195  0.498  5.9288  0.6615  2.6509  0.4954  1.1428  0.4725  2.0218  1.5674  0.925  3.1601  0.1469  2.8334  3.7712  
trainID = 706  1.2901  2.7967  1.211  0.814  1.2248  0.909  33.5403  1.8004  5.6888  2.3554  1.9346  0.1448  0.2641  3.9213  0.0362  1.2997  3.9708  1.8091  0.734  11.6058  7.554  7.494  3.3221  4.077  3.6349  2.766  2.8932  0.6625  33.0675  1.5175  0.0648  9.3372  1.7212  2.2618  1.5557  0.5847  0.2261  3.0278  2.1559  0.991  1.5109  0.4992  0.703  0.9658  
trainID = 731  5.8237  0.0603  1.588  0.092  0.3247  0.882  0.762  0.5057  5.5453  1.351  6.5248  0.8147  1.4087  2.2369  2.7833  0.7288  0.2788  0.5751  0.0921  5.0193  4.32  3.8368  4.1663  3.7507  6.8955  4.4255  0.7945  3.3577  0.6417  2.1442  1.1651  5.5238  1.5613  5.8884  0.1455  2.7795  0.4289  0.5163  0.776  0.3486  3.1062  0.38  2.9653  
trainID = 735  2.8179  1.5853  0.523  0.775  2.5878  0.469  1.0607  0.3563  0.8772  0.6421  2.5217  0.2719  0.4923  2.9193  0.1216  2.1564  0.4069  4.4343  2.1949  5.8411  0.9045  0.2174  6.4998  3.9342  0.071  0.5834  0.2264  2.7473  0.7927  0.1332  2.6145  2.3268  1.4146  1.5426  0.1059  0.6414  1.0876  2.377  0.221  0.8972  1.39  2.0292  
trainID = 774  4.2163  4.0358  0.041  0.537  3.2165  0.449  2.1342  4.6923  3.7626  10.0028  6.5714  0.9309  1.2299  5.8072  0.8398  2.9489  3.2956  2.8033  6.5232  7.756  6.7365  12.5274  10.9858  12.8601  3.2668  0.1204  1.7503  0.6137  3.1931  5.3386  8.9142  0.8894  6.9317  1.6523  4.2424  4.1554  2.2531  3.564  1.3881  0.3443  0.616  1.6971  
trainID = 777  0.8734  1.0258  2.221  0.292  1.7736  0.554  1.029  7.3755  1.2797  1.8574  1.6516  1.5249  4.1343  2.5231  2.1452  3.624  1.4626  0.1028  3.4749  5.8162  2.007  2.3189  0.1677  7.8193  0.396  0.6979  2.8191  36.6278  0.1863  0.5208  4.2239  1.8983  0.1894  1.4207  0.0876  0.0793  1.113  1.9867  1.664  2.1293  1.3412  0.437  0.2097  
trainID = 780  3.1817  0.6767  1.174  0.014  1.6921  1.233  0.3358  0.5876  2.1978  0.7206  1.6636  2.7656  1.4218  0.5635  0.9724  0.4468  1.371  1.1526  1.3052  0.3974  0.7288  0.0817  3.267  0.9068  0.5974  1.7849  0.5096  1.2172  3.1107  3.2663  2.7426  1.136  2.9334  1.1862  1.2012  0.0487  1.4747  1.992  0.301  0.1146  0.987  2.756  
trainID = 781  4.625  0.3962  3.4812  0.243  1.0686  0.531  0.816  1.0613  0.6166  3.5039  4.8725  0.8094  0.6932  0.1754  0.276  1.9016  0.3349  0.2208  0.5391  1.5196  0.5392  0.3372  0.8536  4.7266  1.5081  1.1309  2.9255  2.3974  1.7427  2.1674  1.516  2.5619  1.2393  2.4505  0.8611  0.1778  0.394  1.4732  2.354  1.0793  1.2572  0.474  1.1939  
trainID = 819  4.9889  0.0103  2.287  36.3225  31.7132  3.6715  7.571  3.4812  1.6817  1.2634  1.1985  2.1429  3.4099  3.4847  2.7656  1.3459  1.6629  0.255  15.8867  4.1963  5.2755  0.3671  8.1929  1.626  0.7585  2.5521  34.8417  3.5911  1.2064  6.5802  2.1704  1.2489  1.8089  1.2894  2.1453  2.5691  2.408  0.8181  5.6973  0.5092  2.5863  0.1979  
trainID = 823  6.399  5.3477  0.727  1.929  0.338  3.634  0.9682  4.509  2.4596  9.9967  9.3796  0.4848  0.6011  6.0049  3.6307  2.562  1.3046  3.4053  2.5644  6.223  8.4175  15.7376  7.6675  19.5845  4.9645  1.8827  3.8732  1.9019  3.6616  3.6606  11.1284  1.2005  8.336  2.4278  2.3723  5.5078  2.4189  1.968  2.7263  0.0163  3.9661  2.5475  
trainID = 844  4.0962  1.649  2.9968  0.966  0.912  1.8857  0.2002  0.1463  2.3006  6.3235  1.0276  1.3156  0.3614  3.7524  0.8597  0.5297  2.0706  3.6533  0.6713  3.4961  5.0135  1.7166  4.0488  3.2703  1.1594  1.354  0.7054  0.568  0.3416  2.5464  0.6507  1.8378  0.9435  4.4795  2.1802  2.0657  2.9014  0.0294  0.03  0.2699  3.2112  1.847  2.7615  
trainID = 855  2.0932  2.3837  1.929  35.6875  33.4916  4.9169  8.0004  1.1637  2.2991  2.6168  2.4396  2.4352  2.7549  1.7222  3.0348  2.6725  2.9741  5.5573  14.7015  6.9715  3.6832  1.3126  7.5159  0.22  2.0276  3.0123  35.7635  4.5948  0.3023  6.2284  3.9413  0.6053  1.6369  0.3159  0.7454  4.1043  2.5411  2.6956  5.2708  3.0812  0.679  2.0448  
trainID = 856  4.9895  3.4453  0.375  1.95  1.5524  0.166  0.83  1.6695  3.2899  1.2666  1.9554  3.9303  3.1894  1.3441  3.7043  0.3972  0.5264  0.3252  2.0883  3.1849  2.4967  4.3916  3.5396  9.8736  5.6953  2.5847  4.2523  0.7411  1.2351  2.9004  4.56  7.2038  1.4563  0.5224  3.5306  3.6729  1.1405  3.0093  0.789  0.3733  1.4492  1.624  0.237  
trainID = 881  3.3332  1.0426  3.0867  2.3128  2.4711  0.545  0.646  2.2078  0.7113  3.0731  0.3502  0.3843  1.2676  0.6947  1.8541  1.8456  0.1582  0.6988  2.0733  0.5395  2.9955  0.3793  2.3835  6.6603  4.1953  1.8064  1.0734  1.3745  1.1528  3.1381  0.6016  0.127  1.9192  5.546  2.0655  1.2173  0.573  0.0863  0.475  0.905  3.4692  0.282  3.2527  
trainID = 895  3.8391  1.9373  0.392  2.539  1.9786  0.79  4.0008  2.1584  1.6086  6.4193  3.7739  0.9852  1.1517  1.8595  0.269  1.9669  2.5586  2.5353  2.7739  5.5912  7.1394  4.803  11.1281  0.4339  1.3172  1.8642  0.5487  0.518  2.9004  3.0861  9.0226  0.9901  3.543  2.0216  1.3505  3.4539  4.8896  2.199  0.776  2.4092  2.096  1.3503  
trainID = 914  0.2203  6.0208  3.2864  0.298  1.3981  1.181  33.2127  2.2316  6.6732  5.118  2.7388  3.6603  0.9009  4.4473  2.2066  3.734  3.9116  1.3032  2.0192  6.6255  3.3474  18.7887  1.6702  10.3063  1.6612  2.043  6.3248  0.2845  34.1076  4.3759  1.0877  8.1732  1.3236  1.0198  4.0955  3.8628  3.2674  2.3561  4.9167  2.793  2.3718  35.6264  
trainID = 920  0.1643  1.0585  1.211  36.1925  3.623  7.0786  0.1409  1.8433  0.1206  2.506  2.3142  0.1918  2.6917  1.4895  0.4907  0.7644  0.4291  5.3016  2.729  3.2233  3.0557  10.885  0.7747  0.235  3.998  36.238  4.638  1.042  2.8538  2.982  3.995  1.1135  1.9898  2.1639  1.5271  2.2638  0.527  3.1709  2.4612  1.347  2.1966  
trainID = 930  2.6012  2.1003  1.145  38.2695  30.313  4.4246  7.7352  1.8341  2.267  1.7907  3.7659  4.3073  1.0828  1.8534  3.6144  0.7552  1.8369  2.9081  11.0467  5.5428  3.2591  2.0186  8.0844  1.769  0.6642  5.4028  34.0777  4.4527  0.9155  5.0328  4.3881  1.5444  3.1817  1.5202  4.0633  1.4077  1.0444  0.5503  3.8836  0.7102  2.5556  0.2368  
trainID = 984  5.5139  2.8644  0.893  35.1545  31.0756  4.9847  7.9731  2.0696  0.962  0.8466  2.2672  4.2303  3.2691  2.1384  2.6599  2.451  3.855  3.5478  14.7971  4.4923  4.8743  3.2885  10.6285  1.777  0.9054  4.8223  34.7985  5.767  2.483  7.1088  4.3609  2.7288  2.5308  0.3436  3.7443  4.1831  0.0038  0.73  4.1868  1.6882  1.332  0.232  
trainID = 991  2.6275  2.3442  1.573  3.05  0.1678  0.361  34.6224  1.7163  7.5671  3.1557  0.9341  0.7115  2.7122  3.2061  1.3881  3.6707  2.4832  2.6661  3.113  15.414  11.835  13.5378  2.9419  3.6331  6.2736  2.542  1.5451  3.1773  33.9509  1.9654  2.0479  9.1925  1.5798  0.0213  0.4296  0.0918  0.8634  2.2471  8.1931  1.417  4.4894  1.5732  1.524  3.5081  
trainID = 1008  0.401  1.97  0.344  1.035  3.5129  2.8434  0.9063  1.4905  2.9387  0.0924  2.1018  0.9285  0.6664  0.256  0.2408  2.5593  1.5086  2.92  4.0727  0.31  8.2287  7.4119  0.1802  1.4205  0.744  1.051  2.5644  1.1333  0.8836  7.8453  4.7385  1.288  1.397  4.1485  1.2168  0.3793  0.712  0.4954  0.1522  3.4649  1.8127  
trainID = 1013  4.3869  0.3266  1.321  1.5968  1.4771  0.016  0.418  0.8655  0.7165  0.8279  4.1494  0.3922  2.559  1.3537  4.2402  1.3059  0.0377  1.0576  2.7023  1.4839  1.3265  3.8997  3.2324  2.4472  5.9177  1.9822  2.2094  0.5174  1.5285  2.7772  2.1954  2.3556  1.7497  3.1351  0.5954  1.7222  2.095  0.6457  2.881  1.0227  0.8901  0.804  0.0749  
trainID = 1017  3.2628  1.2267  0.968  0.732  2.5982  1.174  0.8281  0.5993  2.2376  4.1761  3.5393  1.5187  0.0235  3.3499  0.253  0.2759  1.4657  1.1895  0.689  2.6011  3.1532  5.7362  3.758  3.818  0.419  0.5183  1.4247  0.4045  0.1898  1.8576  5.126  1.0718  2.743  1.222  3.5957  0.0557  0.0869  1.602  0.4773  0.5702  2.9193  0.6555  
trainID = 1018  5.5326  3.1665  0.108  0.631  3.8137  2.198  0.2238  2.0822  1.2436  9.1268  7.9262  2.2079  0.0315  6.8547  1.5667  2.0259  3.6236  5.4123  4.33  8.1355  6.817  13.6354  18.5332  7.0836  4.1677  4.1329  1.0262  0.9604  2.065  6.1936  10.8471  0.7085  7.1777  2.3069  2.7249  4.563  4.5931  2.254  3.1497  1.2432  1.217  3.3131  
trainID = 1031  2.1937  3.6703  2.48  0.66  1.2783  0.282  33.1427  0.8441  7.2401  5.2168  3.3064  1.8878  0.6196  2.8073  3.2742  0.1481  1.5024  2.0931  1.4864  2.4596  7.05  16.4467  5.0867  6.4922  2.6728  0.258  6.0603  2.7129  33.5543  2.435  0.157  6.5821  1.0612  3.1047  1.6489  0.8463  1.6034  2.927  5.9041  1.98  4.9692  35.9224  
trainID = 1047  2.6159  2.0287  0.294  37.1355  1.9247  1.7856  2.3816  0.0819  2.5352  0.7195  4.8673  0.2529  1.3326  2.0765  0.6579  1.493  1.4939  1.5217  1.0419  0.0218  3.2289  8.2825  0.115  1.0206  2.8857  0.67  5.5228  0.3155  0.032  3.1769  3.107  2.9874  1.494  1.9453  2.3129  2.9619  0.2472  2.1147  0.955  1.171  0.7312  
trainID = 1063  5.0147  1.8011  1.281  1.203  2.4491  0.267  1.169  1.7576  1.1326  5.3398  0.0602  2.4374  1.6907  2.8765  1.0637  0.0374  1.9696  2.8833  4.0064  4.5592  7.882  6.997  9.2712  3.4567  2.3745  1.8243  0.0815  0.7606  4.3459  3.5564  5.6846  0.6484  4.2447  0.8719  4.0186  3.8274  1.1413  0.608  1.4321  1.6307  3.7859  2.5875  
trainID = 1090  4.6676  3.8513  1.917  2.023  0.1173  0.982  1.3016  5.846  1.5636  8.8845  6.2737  2.2194  0.1807  5.0112  0.8576  0.9341  4.6786  4.4093  4.1932  6.3523  8.9626  16.1774  14.6546  18.4381  3.6907  3.899  2.8523  0.646  4.4539  5.0576  8.4709  0.6688  7.1348  2.3933  1.8239  2.3054  5.0002  0.474  4.9006  1.9082  1.053  1.6095  
trainID = 1111  3.0983  1.8086  0.481  0.425  3.0259  0.97  2.7189  0.4711  1.3044  1.878  4.8712  1.276  1.3982  1.1125  2.3947  0.76  2.0416  1.4139  1.3026  3.3127  3.9299  0.5688  6.8346  3.8213  0.4664  2.9739  3.1074  0.369  3.1155  1.13  0.8799  4.4826  2.0627  0.1262  0.4725  2.1522  1.5843  0.8679  2.779  2.5026  0.3232  3.3331  1.7206  
trainID = 1132  6.4133  4.2266  1.232  0.022  2.157  0.327  1.048  0.5144  3.8095  0.7946  11.3694  4.0983  0.6868  1.331  5.2652  2.4399  0.8222  5.4026  3.0133  5.7063  7.6065  5.8254  12.1095  0.5306  17.885  4.2361  1.4735  2.8773  0.0342  2.6668  3.7431  8.486  1.5196  8.3654  2.1221  2.7746  1.4559  4.2529  1.9116  0.1733  1.297  5.0063  
trainID = 1142  2.5768  1.7892  2.59  1.8644  1.0898  0.222  31.8938  0.7409  2.9671  4.1735  1.0062  3.753  0.6933  0.6932  1.3233  2.1952  2.7179  1.5277  0.4416  2.9238  0.9804  4.219  0.8556  4.6186  0.1543  0.01  5.9232  0.1055  0.243  1.2313  3.6134  1.181  0.5667  0.6937  1.0433  0.2902  1.3274  1.539  4.2556  2.128  2.0696  0.4577  0.129  2.2167  
trainID = 1205  4.1065  0.0097  2.177  0.578  1.952  1.6863  0.369  0.2473  0.739  3.8467  1.8302  1.9287  2.7506  3.3791  1.2431  1.2026  0.806  0.9989  0.3422  1.0588  0.2606  1.5284  2.2736  4.2539  0.7482  2.508  0.7364  0.9136  1.9243  4.3269  1.531  1.3817  2.1299  0.6813  0.6936  0.1082  1.4754  3.4754  0.9903  1.7042  0.9242  0.45  1.0948  
trainID = 1247  2.3871  0.395  0.769  0.543  2.4523  0.517  1.95  1.9073  0.2432  1.8501  0.4555  1.0192  0.5297  1.0217  1.8577  1.6215  2.0861  1.1826  2.6313  2.3195  3.001  2.5055  1.2945  5.9436  2.6758  0.767  3.2708  2.3205  1.359  3.5312  3.6756  1.7807  1.9656  4.4128  1.2854  2.3814  0.4159  1.635  0.712  1.9717  0.9792  0.978  1.5609  
trainID = 1279  1.2268  1.8025  0.407  0.246  4.4637  2.638  2.225  0.727  0.708  0.4658  4.1067  2.7149  3.2609  1.4138  1.5386  0.1476  1.1176  1.5843  0.6381  3.9862  2.4788  2.8046  7.9945  7.6771  0.6267  0.6921  4.4444  0.149  2.4808  1.9868  1.8834  4.7854  2.5162  0.126  1.3907  0.7556  0.9699  4.1664  0.574  0.2172  1.4832  0.62  1.6826  
trainID = 1296  0.0927  1.5432  3.6546  0.401  4.4651  0.869  33.4478  2.4159  7.3685  4.8037  1.4051  0.4062  0.9459  3.6283  0.0749  2.1406  2.3979  1.329  1.2096  9.1486  7.5217  9.6595  3.7675  3.6423  6.7697  0.9569  0.9822  2.9086  35.2776  0.6115  1.567  4.7049  1.5871  0.618  0.422  1.5508  1.3469  3.1885  4.78  0.512  1.9859  1.7642  2.418  0.8328  
trainID = 1301  4.3291  1.5146  0.119  0.575  0.7582  2.2185  2.579  1.1021  3.5946  1.4605  0.9916  2.1481  0.003  0.4765  1.9527  0.948  1.4146  1.6813  2.7524  4.9352  1.9335  2.6809  2.0786  3.3603  0.7551  3.0377  1.4065  0.3278  3.9829  0.1345  1.765  0.3984  3.8766  2.533  0.9063  0.2462  0.6123  0.406  1.2296  0.6652  2.283  1.313  
trainID = 1330  1.7333  1.9746  0.074  0.246  1.319  1.739  33.982  3.9438  7.0177  3.187  0.0387  0.057  0.4151  2.8549  1.321  1.4481  1.426  3.0319  0.3952  6.2486  4.5785  1.5023  1.3419  1.8963  4.3223  2.855  1.4454  3.7486  35.2243  0.0909  0.2922  4.8971  2.2221  0.4683  0.8828  2.3108  2.0745  2.3017  3.3712  2.473  3.806  2.3712  0.852  2.6487  
trainID = 1351  4.321  0.2889  2.65  1.695  3.065  0.682  1.2657  0.3212  3.8184  3.557  2.2442  1.997  3.8473  3.419  0.7157  1.5495  1.3006  1.3042  2.1473  4.3141  4.528  4.71  2.7718  0.1565  4.0183  0.568  0.8032  0.9187  0.3183  2.3483  0.8459  0.6298  2.655  2.2473  4.0009  0.0055  2.213  0.008  1.1472  1.2522  1.109  0.2905  
trainID = 1382  2.2154  1.0827  1.511  0.778  3.1107  0.927  34.9982  0.5373  4.2787  0.1322  0.5928  0.7727  1.1421  2.114  0.1252  1.2568  4.1954  0.506  0.8801  5.5549  2.6138  3.7916  2.7156  2.2237  2.9231  1.3732  3.5032  0.387  33.1406  0.1663  0.6798  5.0246  1.2398  1.0023  0.4094  0.1157  2.3944  1.9025  2.4903  2.4454  0.0824  2.7032  1.316  3.2196  
trainID = 1397  1.9741  3.9173  3.1968  0.024  1.2387  1.138  33.6602  0.4486  3.8567  3.0136  3.154  2.5443  1.9211  2.046  0.1021  2.1561  2.4585  1.8692  2.2592  3.4068  0.279  0.2657  1.7201  7.0133  0.0077  0.6319  2.673  0.4795  0.8216  1.5858  5.103  1.1203  0.7753  1.5217  1.5558  1.2684  2.7991  4.4788  0.4286  0.7853  1.2522  0.669  4.7999  
trainID = 1418  4.7937  0.2157  0.801  1.136  1.2034  0.458  0.8568  0.212  0.9336  4.1918  4.8137  2.3365  1.1683  5.2889  0.0984  3.1403  3.0726  3.8003  2.3235  4.1677  6.8486  6.0346  9.1503  3.6569  1.08  0.4036  0.1718  2.3857  1.5699  2.8978  5.8849  1.3957  2.7817  2.3177  2.5144  1.3136  3.1411  1.254  2.6443  0.5392  0.75  2.0182  
trainID = 1490  2.7987  0.6863  2.7206  0.18  0.6652  2.4577  35.4778  0.949  2.8877  2.8372  4.9749  4.194  4.6237  1.0271  0.0527  0.0041  2.2828  4.088  1.1744  1.8049  0.4968  0.6947  3.2372  8.4548  0.2759  0.3882  4.1309  1.8847  2.3144  2.0875  5.5213  0.6781  2.2108  3.3316  1.1557  2.0796  0.7964  3.3203  1.247  1.6514  37.0354  
trainID = 1507  1.4393  1.5382  2.612  35.3535  32.4087  1.7589  9.0294  2.4485  0.4532  0.6131  3.4489  4.0693  0.4536  3.6997  3.4383  4.6078  1.4174  6.2033  16.4328  10.2684  4.0869  3.3555  8.7806  1.653  0.2489  4.952  32.672  1.5026  2.1408  8.407  2.9315  1.0205  0.6073  2.2018  0.5572  2.5498  4.3895  0.119  3.2693  0.3642  1.725  0.8791  
trainID = 1515  4.043  0.1026  1.742  0.207  4.0582  1.449  1.9921  1.2316  0.6057  4.7277  3.3858  0.4869  0.1857  2.8031  0.3174  0.8583  2.2136  1.3661  0.7301  3.6571  6.7399  3.4454  5.3344  1.6458  1.8209  0.5497  1.3469  1.913  1.8565  3.0723  3.9348  7.5618  0.6584  3.2324  2.5253  3.3318  1.9519  2.8065  0.876  1.2026  0.4282  2.149  0.6016  
trainID = 1523  0.8076  4.2758  0.607  1.2923  3.3088  0.16  30.9199  2.5563  6.0847  2.5934  0.4836  0.4139  0.4144  4.9193  0.2518  3.2967  0.8028  2.3548  0.6195  10.5672  9.7829  6.586  4.4852  1.9991  5.4458  2.825  1.4554  1.8755  33.0747  1.3322  0.0689  6.0553  0.402  1.028  1.5836  1.5568  0.0266  2.5792  5.6511  1.737  1.6117  0.7072  0.671  1.3638  
trainID = 1526  3.6719  1.5789  1.079  35.6265  31.8246  7.3915  9.5537  3.9365  3.5839  2.1015  2.2517  4.4343  3.0042  2.7377  1.4056  3.0071  1.1056  7.9891  21.5001  5.1467  3.9634  1.1837  12.8199  1.613  1.2832  6.8299  33.6035  2.9906  3.2915  6.9017  1.0423  1.386  2.6999  0.4673  0.1465  4.3329  4.9124  2.7617  5.8899  2.4242  1.652  1.0562  
trainID = 1570  1.1227  1.0298  3.7967  0.392  2.3248  0.75  0.937  1.7391  2.6123  1.0672  0.2286  1.111  0.2165  0.141  1.879  2.0633  1.2226  1.1434  0.8544  1.1599  0.2351  0.3986  2.0758  0.5069  0.742  1.4619  0.7899  1.108  1.5436  1.4477  2.4712  1.1929  0.5606  1.2554  0.0305  1.6358  2.4243  1.4281  2.629  1.5275  1.5252  1.056  0.4366  
trainID = 1596  2.6508  0.3075  0.562  2.787  1.7541  0.939  1.6942  0.339  0.8596  0.1255  2.5517  3.8833  1.8885  1.9965  1.371  0.1142  0.2291  1.0026  1.9638  0.1378  0.8581  1.1829  4.0547  4.4821  0.358  1.2406  2.3997  0.069  2.0729  0.6307  0.0428  3.5588  4.4446  1.0953  1.0551  0.9649  1.4851  0.2432  0.332  2.2099  1.1677  1.76  2.9758  
trainID = 1600  3.6275  0.2086  1.102  0.617  1.4051  3.1365  1.6654  2.7214  1.4486  6.6058  2.3461  0.6907  1.9518  5.4439  0.6952  0.1195  2.0976  2.1513  2.6686  6.1595  3.5737  7.2579  2.5849  8.8234  3.0521  0.6314  2.7087  2.4331  3.7358  0.1541  2.1231  1.0003  2.8066  1.0393  0.8464  2.2043  3.3083  0.916  3.2216  4.0982  0.474  2.9811  
trainID = 1610  0.5091  0.6869  2.289  0.79  2.4924  0.053  1.0851  5.696  1.3882  1.4677  0.189  0.5468  2.8894  1.1354  1.387  1.6538  0.0975  2.4043  2.7185  0.7983  3.0445  0.3961  1.758  3.1016  2.9529  0.9416  1.3932  0.671  1.4927  1.8295  2.2757  2.0744  0.1471  1.0034  1.6248  1.6666  0.6436  0.8759  0.528  3.4448  0.9082  0.031  0.2834  
trainID = 1620  3.216  2.817  1.494  1.7538  0.6932  1.6195  1.244  0.6475  3.7184  1.5  4.7191  1.0682  0.9226  0.7372  2.4564  1.236  0.792  1.4971  2.0073  0.2367  6.2866  3.4967  2.7319  3.47  1.5852  0.0602  3.0313  0.105  0.9144  2.2083  0.3189  4.6784  0.4345  4.3384  2.208  0.7753  1.3409  1.5044  0.926  0.8865  2.7662  0.12  0.807  
trainID = 1625  0.0077  2.0751  0.934  1.314  0.027  0.412  3.911  4.3224  0.4387  1.6247  0.9346  3.0837  2.5142  1.8132  3.3917  1.2754  0.7191  0.3915  1.9332  0.9445  1.1569  3.5063  3.266  6.2306  2.283  0.2535  1.2797  2.0517  0.5582  2.8231  0.96  2.4151  0.1907  2.0913  2.2278  0.5011  0.1339  1.839  0.8553  2.2402  0.059  0.9356  
trainID = 1658  3.0611  0.5798  1.963  0.576  2.1414  0.052  1.5177  1.2029  0.5824  3.5014  3.359  1.6228  0.2668  1.373  0.2206  0.4369  0.0787  4.8493  3.5158  1.4095  5.2814  4.7083  2.2229  4.7393  0.748  0.9341  0.1279  1.1218  3.5734  0.8563  5.554  0.6281  6.6961  2.1419  1.6582  2.943  0.1718  1.318  1.4402  1.5062  0.465  1.5167  
trainID = 1666  2.1378  0.0284  1.174  2.033  2.3019  0.748  1.5572  5.2053  0.8441  1.5731  3.4625  2.5776  1.7995  2.0276  3.1837  2.7446  1.085  0.8415  0.8982  3.4553  0.2384  1.2733  2.9804  6.1563  1.3747  1.0539  2.94  0.582  3.4532  2.1035  0.7224  2.3153  2.5906  4.1604  0.7427  2.2928  0.3587  0.07  0.443  0.3258  1.0862  3.7552  0.5244  
trainID = 1673  2.6552  2.8158  1.236  1.4376  2.2479  1.038  0.4937  0.1051  0.6227  3.4307  3.7232  2.3747  1.2437  2.5623  0.1768  0.4214  2.0356  1.2792  3.0273  1.9342  2.0911  4.1143  7.8533  1.3755  0.244  0.7875  1.1541  1.793  1.6239  1.8416  1.8091  4.1821  2.4981  0.9768  3.7024  0.449  2.7856  2.3922  0.965  0.0323  0.3832  1.377  0.4083  
trainID = 1687  2.9963  2.3667  0.495  0.924  2.9612  0.334  4.4063  0.1653  2.1396  4.1984  4.1553  3.4657  1.5955  3.5365  0.9611  0.8214  2.1346  1.0771  3.6756  3.3957  4.7836  5.3202  9.921  1.9726  3.9135  1.8082  0.6419  0.121  1.9293  3.1785  1.7622  7.972  0.3948  2.7753  3.2781  2.0891  3.9543  3.8885  1.757  2.0266  0.4825  0.693  1.9055  
trainID = 1751  2.8197  1.631  0.618  0.388  0.6142  2.964  0.8319  1.4608  0.1962  0.3396  3.0044  1.4729  4.2993  1.0493  0.8602  1.4867  0.4551  3.6713  2.8111  1.4769  1.9471  0.0708  5.091  4.9665  0.406  2.3341  4.7986  2.2175  2.9056  0.5759  3.5703  1.5904  0.2921  0.3757  3.0674  1.6145  2.6854  1.09  2.0536  0.181  0.616  2.1856  
trainID = 1783  1.1803  2.6864  1.012  0.415  1.9026  1.407  33.2726  1.619  8.5209  4.1008  1.0858  0.1585  0.8758  3.4473  1.0538  0.2275  3.6335  2.1452  2.798  7.0783  9.601  16.9834  6.3689  8.3724  2.8121  3.592  4.1569  1.9109  34.6663  0.2266  1.0691  7.131  1.9087  0.648  0.5713  2.2588  2.1925  1.6454  5.0234  0.801  1.4736  33.3724  
trainID = 1785  0.8847  2.1995  1.686  0.436  0.0505  1.837  0.8894  1.8614  1.6699  1.355  4.5997  1.7501  2.1226  0.8019  1.317  0.7966  0.3527  0.122  1.3539  2.4706  1.7795  2.2916  5.5706  3.6461  0.765  2.5582  0.81  3.7285  1.7078  0.3481  2.8452  3.2746  0.7513  0.7776  0.4219  0.2188  0.1868  0.1154  1.2361  1.4087  2.946  1.2621  
trainID = 1806  4.7529  1.5589  0.073  37.1705  32.3523  3.4596  6.9989  0.979  0.258  0.6484  3.9386  4.8153  0.4589  2.5217  2.2354  3.3151  3.3364  1.1171  21.2909  6.6065  5.1139  4.4295  10.3444  0.4179  1.6214  6.4934  36.8204  2.2109  2.05  11.0421  1.6277  1.2526  3.3385  1.9188  1.6083  4.474  6.3811  0.0634  4.62  1.5612  1.669  0.9553  
trainID = 1812  2.4516  2.188  2.67  2.174  3.6232  0.211  3.1022  8.6258  0.8302  0.9673  0.2865  1.8975  3.0813  0.5078  4.0037  1.0413  1.064  2.4463  3.6865  3.2133  3.9136  0.6873  2.5683  6.4819  0.336  2.576  3.3856  34.6416  0.7039  1.1814  4.6836  0.8235  2.2131  0.6045  2.1948  1.6373  4.3597  0.6143  1.1757  3.3424  1.2592  1.396  0.1454  
trainID = 1827  2.0958  1.122  2.9339  37.4185  1.424  4.9769  7.2957  1.9496  0.5549  0.6491  2.6408  3.8043  1.7906  1.4456  3.4155  1.8059  0.0537  0.2589  7.2534  3.3374  2.456  0.8589  9.8016  1.165  0.1272  3.5873  34.2893  4.1574  0.6451  2.8074  3.3817  2.3951  4.3263  0.1181  1.6594  1.46  1.3648  1.435  5.4934  2.6982  1.513  1.9001  
trainID = 1862  2.7049  0.0061  0.081  38.8385  3.5518  5.8272  1.6522  2.3707  3.0234  4.4289  4.2673  1.951  1.5693  1.9994  0.1551  1.2875  3.6514  8.3094  0.0694  5.6263  2.7467  10.2763  1.426  0.4724  3.3249  36.0723  4.3883  1.5615  2.1369  4.5307  2.2507  2.159  0.2523  2.6447  1.7781  1.0538  2.0861  5.1438  0.0445  2.496  3.0273  
trainID = 1892  4.906  2.2853  2.559  0.312  1.405  2.0679  1.033  0.7962  0.8702  1.958  3.9349  2.9261  0.9494  1.1995  2.0219  0.4721  2.598  0.8924  0.0812  0.6419  1.9529  2.269  0.3772  2.6127  1.608  0.1326  0.6195  0.2737  0.944  2.269  2.7136  2.2509  0.4731  1.415  2.6514  0.0024  0.1123  0.5048  0.2386  1.367  1.871  1.1632  0.013  1.4621  
trainID = 1936  2.9678  2.3873  3.4694  0.714  0.6067  0.383  0.0767  1.2667  1.4783  2.0564  0.643  0.0018  3.8973  2.8767  0.5613  1.4956  0.7779  1.395  1.0873  1.323  2.4878  2.2239  0.2537  2.062  0.9244  0.255  1.0673  0.8062  3.2453  0.4546  4.2111  1.9296  1.4342  0.2858  1.601  2.1854  0.4954  0.977  1.3825  1.9482  0.047  0.8759  
trainID = 1939  0.6539  0.1438  1.827  1.375  0.3943  0.094  1.791  0.5541  3.1977  0.9917  0.1567  1.199  0.5022  0.4745  0.9552  1.256  0.4625  0.8752  0.2889  4.4895  0.3254  0.8064  1.0374  1.9509  0.0492  0.456  1.8205  4.7465  0.1239  0.4072  2.6293  1.9015  0.4499  0.5383  0.9398  1.1154  0.4489  0.832  0.1365  0.8064  3.7152  4.1784  0.8934  
trainID = 1962  4.7416  3.5882  1.631  2.6924  2.3698  2.84  2.233  1.6272  3.9117  0.4155  7.0278  7.396  2.0002  0.0145  4.4075  2.2208  4.0711  0.9798  4.6013  3.7337  5.0774  4.7888  11.2029  8.3705  11.0804  2.9843  2.883  1.5751  0.7323  3.9769  5.9336  10.3334  0.4897  6.0147  1.9252  4.011  4.7332  3.8842  1.899  1.3653  0.6642  0.988  2.0528  
trainID = 1972  0.7454  0.2361  1.545  2.1651  1.6533  0.466  1.0088  1.1771  3.4756  2.4962  0.1118  1.9244  0.463  1.5386  0.7054  3.7283  0.8066  1.0662  1.3962  2.4061  1.8666  1.5026  1.1711  1.4101  0.344  1.4042  0.0616  1.2109  1.4837  2.0233  2.4503  0.4862  0.8419  1.636  1.1681  1.9919  1.9093  3.349  1.0791  0.7022  2.7971  3.8916  
trainID = 1985  0.4616  1.2415  0.196  0.813  0.6702  1.163  1.7301  2.6584  3.5038  2.61  0.9841  0.0528  1.8476  0.7545  1.8442  0.226  0.8459  1.5797  0.9331  1.0166  1.162  1.5751  2.4944  1.4407  2.317  2.2658  0.6178  1.223  3.0498  2.2402  3.9659  1.247  1.0174  0.0879  0.5073  0.4864  0.4749  3.1007  0.5619  0.174  0.6922  0.877  1.7723  
trainID = 2053  7.1054  1.0434  2.254  0.157  2.5635  2.1319  0.549  4.9438  3.9384  7.2753  1.664  0.2973  0.1388  2.0209  1.8332  0.056  1.3586  1.0567  4.2085  6.122  5.0408  1.4897  4.6972  6.8911  1.1661  1.5318  5.68  3.7452  2.8048  0.4237  4.07  1.1903  4.4765  0.022  2.4254  1.1944  2.9211  0.9471  2.3461  3.0342  0.307  4.7799  
trainID = 2081  2.2659  2.5233  2.7517  0.577  2.6311  0.427  3.573  0.4878  0.0215  2.2268  4.4478  1.4775  0.4287  0.248  1.4242  3.1177  0.9754  2.1803  4.4185  5.2261  2.8314  5.385  7.5132  5.9501  1.7114  0.7427  0.5679  0.3274  0.284  1.1714  7.1403  2.3592  1.244  2.0147  4.2403  1.9176  3.443  0.484  2.6478  0.1812  3.4432  0.9788  
trainID = 2114  3.1669  1.9311  1.763  1.8  0.8088  0.36  33.0888  2.8349  6.1558  3.9634  1.7359  2.4227  1.6205  4.5793  0.1957  0.3454  4.3291  1.8869  1.2261  9.2899  6.7432  6.4504  3.8257  3.7729  8.5639  1.04  1.0148  1.274  34.7277  1.3593  1.5111  5.5074  0.0856  1.3087  0.7365  0.5927  2.2503  4.2728  2.6973  0.103  1.7386  2.0382  3.4237  2.8586  
trainID = 2231  3.4289  1.9026  0.664  36.7255  31.9842  2.3254  6.4877  0.49  1.3778  2.6181  1.9209  2.383  0.8999  3.0817  2.0736  0.5803  1.1999  3.8258  6.6503  4.0488  3.4596  1.0566  6.1592  0.8876  2.1593  1.9757  33.9795  3.5646  0.5677  4.2804  1.1475  0.1344  1.2934  1.0568  2.5501  3.1612  2.6267  0.932  3.1057  2.1022  2.697  2.1905  
trainID = 2232  1.9116  3.2095  0.901  0.25  0.2383  0.087  1.072  4.2529  1.805  0.2461  0.7982  1.7228  3.6783  0.2553  3.2197  0.0698  1.6653  1.3129  2.47  1.8441  2.0537  1.7904  1.8278  2.5515  0.9112  0.6816  1.0226  0.9746  1.3762  2.9975  0.1539  0.5479  0.7732  2.0498  1.9603  1.014  0.4721  0.4925  3.124  1.8562  2.5335  0.7183  
trainID = 2265  5.4366  1.6326  1.836  0.605  0.8685  1.248  0.5647  0.7376  0.3434  7.0874  4.5635  0.2578  0.4523  4.1316  1.6485  2.2396  3.7166  1.9333  3.084  5.0161  6.0396  9.1187  14.144  0.043  3.1762  2.6519  1.4066  0.8328  1.2256  2.1803  11.0069  2.2622  5.1214  1.5096  4.8911  4.2102  2.9416  0.772  1.3546  0.0432  2.348  2.0214  
trainID = 2291  0.2  0.863  3.1335  0.885  3.6212  0.363  31.6452  0.5888  3.364  3.4351  2.7072  0.1523  1.8576  2.8003  0.0011  0.4204  0.9379  0.536  1.9243  3.4934  3.7887  2.4091  2.5698  5.5947  1.1752  0.3725  3.8686  1.7337  2.966  1.274  4.6793  2.8941  1.2719  1.6908  0.9748  1.3777  2.2861  2.5148  2.343  0.6554  5.0112  3.2724  1.2698  
trainID = 2300  1.5534  1.1637  2.892  0.214  1.4024  0.078  1.1  0.0677  1.902  1.2746  2.3768  0.0023  2.3382  2.6511  2.0874  1.6859  1.0253  1.3839  0.3875  1.9915  0.9222  3.592  0.7047  0.8851  0.5227  0.002  0.1922  1.172  0.6827  1.1702  1.0565  1.5305  0.5389  0.9369  0.241  2.4625  1.6228  0.1577  0.302  2.0919  3.3932  0.293  2.0704  
trainID = 2310  1.3487  0.8366  0.102  1.7581  1.0718  1.213  1.145  0.6489  1.0717  1.2174  0.3074  0.1656  1.1163  2.6188  0.9896  0.5634  0.4215  1.9829  0.5219  1.0784  0.2519  0.735  0.5851  2.7435  0.1753  0.301  1.187  1.4926  0.338  1.2339  2.2422  1.0859  1.0041  1.128  1.5818  1.861  1.4271  0.1806  2.0716  3.372  0.2659  0.4298  0.535  0.6315  
trainID = 2323  5.0771  3.2308  2.9711  1.068  1.1019  0.84  1.173  0.0747  3.0881  0.8635  8.7613  1.535  0.3572  3.2075  3.3726  0.5227  2.6923  1.8536  2.8383  5.516  5.3353  6.3762  5.8293  1.9514  10.5272  2.086  0.358  2.5953  0.6438  4.1119  2.0964  5.8378  0.065  4.0333  2.8281  2.191  2.6577  1.913  1.591  0.9297  0.6532  1.833  1.6115  
trainID = 2392  1.2016  5.8125  2.609  2.238  1.6823  0.823  35.5221  3.0862  5.8826  1.6587  1.7782  1.0538  0.2519  1.4916  1.9579  2.9957  4.0799  1.2744  1.7879  12.5252  10.8751  10.1578  6.2999  4.2323  5.7031  4.36  2.8875  3.4727  36.303  0.8333  0.1832  9.7075  0.1994  1.5148  0.5145  0.4716  0.7744  3.0736  2.5869  0.1829  3.5418  1.4142  2.456  0.3293  
trainID = 2406  1.1387  2.1283  2.341  0.798  2.5323  2.493  32.8102  2.5538  5.7061  1.9223  0.7281  0.0363  1.5071  1.7089  0.489  0.9247  1.9572  1.029  0.3263  6.4351  6.6205  3.4288  3.5905  1.5816  6.7744  1.883  2.053  1.6149  32.1699  1.6921  0.859  5.2929  1.4703  1.1824  1.3786  0.3738  0.8234  0.6958  0.3758  0.808  1.0771  2.5292  2.7996  0.2013  
trainID = 2422  0.9715  2.2213  3.158  1.024  3.6771  1.257  33.8129  0.7115  9.2121  6.8278  2.4797  0.4767  0.3033  4.7093  0.298  0.2941  3.0075  2.4111  0.9966  1.2719  11.9183  24.0615  5.7218  6.0446  5.0041  1.924  2.5476  1.8624  32.2003  3.4929  1.7456  10.7152  2.504  1.2266  2.1989  0.6258  1.2444  2.2483  4.5218  2.171  3.18  35.9184  
trainID = 2450  0.8466  4.1346  1.708  0.073  1.0029  0.919  33.408  0.1602  3.243  4.5121  3.3184  1.7996  1.1326  1.8446  0.1844  1.4137  2.1229  1.1935  0.6102  3.2528  2.3491  2.8368  2.3471  5.0967  0.5205  2.452  2.0518  2.0946  0.184  1.4341  2.1251  4.6163  1.6571  1.6394  0.584  0.3516  0.3594  3.8067  3.4774  1.453  2.651  3.1802  0.074  2.4573  
trainID = 2465  1.1949  0.6882  0.703  1.223  0.7482  0.974  1.86  1.2237  0.3003  1.173  0.7845  0.7137  0.8782  2.9419  0.6793  0.1244  0.3514  1.7916  0.4137  1.4616  3.4125  0.9353  2.0983  0.7629  1.591  0.8484  0.3052  0.7192  0.4411  2.9926  1.1743  2.0105  1.1394  1.0706  0.559  0.9208  0.0119  0.718  1.0997  0.4212  4.6075  0.2757  
trainID = 2468  1.4642  0.9287  2.9579  2.1626  2.9692  1.9177  32.9858  1.6306  0.1299  4.1047  4.1029  1.1861  1.0214  2.7767  1.1518  0.4804  0.7142  0.175  0.9307  0.4894  1.4558  0.7671  1.1974  8.6645  1.1  0.2599  6.6299  0.885  0.3603  2.5159  3.525  1.7722  0.7617  3.1341  0.7889  1.6914  1.579  3.9226  3.256  1.341  35.6374  
trainID = 2472  1.9313  4.6378  3.8003  0.43  0.0012  1.4346  33.8994  2.02  6.3443  3.774  2.7139  3.2931  0.4554  1.3384  1.0796  1.0543  0.0854  3.7473  0.2803  3.8654  8.1655  16.52  2.6089  5.7422  4.8012  1.4875  6.2923  0.9633  33.5  1.6909  0.976  9.9044  1.7171  2.3366  0.7495  0.8461  0.5074  3.051  8.8751  0.3471  3.1478  36.9824  
trainID = 2537  7.272  0.6012  1.751  0.524  2.2681  0.271  0.3447  3.1918  0.7553  6.2133  2.6285  1.858  2.0645  2.6248  0.9331  0.2735  0.787  1.1013  0.4459  2.4995  3.7818  4.6158  3.5797  3.8666  1.8608  0.0011  2.3499  0.591  2.2553  2.2449  4.6908  1.4114  2.5927  0.8739  3.3471  2.1715  2.4689  1.8  0.1171  2.0102  2.466  1.5797  
trainID = 2549  0.1849  1.9304  2.352  0.642  0.3492  1.616  1.0636  4.0274  1.0387  0.5342  1.3037  0.9313  3.0977  0.8628  0.6754  1.1347  0.2355  0.8624  0.1135  1.6612  1.7333  1.0091  1.9268  4.2989  0.6668  0.1118  2.4385  1.256  1.9528  1.1587  1.9354  3.7542  1.3438  2.376  2.0708  1.3698  1.0866  1.4901  1.331  0.0112  0.8382  0.937  0.2099  
trainID = 2550  3.2346  0.0075  1.802  1.152  5.1601  0.264  0.6274  2.0527  0.2401  1.6846  1.1791  0.7089  2.1525  1.9294  1.6437  0.7542  0.6428  1.8929  0.3511  1.5103  3.4443  3.9184  0.7663  1.9388  2.2589  0.6045  0.1282  0.303  3.2082  0.6521  0.6571  1.9016  0.6171  2.2486  0.5065  1.2997  0.7386  0.627  1.7002  0.0324  1.223  0.822  
trainID = 2553  4.2572  3.9576  1.895  0.089  3.5955  0.173  0.2524  1.4998  0.119  1.6284  5.603  1.4574  0.9313  2.2894  1.7089  0.7133  1.3586  0.9078  2.1201  4.3734  4.6756  4.8946  7.6235  7.5822  0.4436  1.3108  0.513  0.133  0.2525  3.6447  2.0751  8.6888  1.6414  1.588  3.8139  3.1546  3.2272  5.066  1.4194  1.9283  0.2589  4.0117  0.9455  
trainID = 2564  4.7099  1.8598  2.491  33.1506  6.4286  8.9573  1.0466  2.3597  1.9795  1.7855  6.9223  3.1472  3.1137  4.8554  2.6857  2.6482  7.3895  22.9075  6.2472  6.2858  2.9397  8.3911  0.031  1.6675  5.6449  37.3418  2.3806  2.0959  8.589  2.2008  1.0114  3.5267  2.0398  0.8826  4.5028  3.409  0.995  2.8515  2.3422  2.405  3.1794  
trainID = 2581  5.2499  0.7943  2.496  0.962  3.0619  0.577  0.4749  1.9832  0.5903  1.5103  3.7736  1.4709  2.3943  2.7932  1.9352  1.6361  0.1617  1.8467  0.5681  4.6667  2.6512  1.9986  3.8716  3.2497  1.487  2.2153  0.9967  0.3488  0.4666  0.5065  6.2501  2.1609  1.9943  1.7654  2.6055  2.8277  1.1709  0.2165  2.4639  0.8662  3.2039  0.1653  
trainID = 2631  1.8907  3.1037  3.7986  0.926  0.1072  1.3048  0.828  2.1836  4.2677  2.3471  2.5084  0.2313  0.2673  2.0247  2.7297  3.1895  0.9631  0.3828  0.3325  1.3027  1.3356  0.138  2.4748  0.6081  0.018  0.0326  0.6599  0.7909  0.5037  1.137  0.5488  0.2028  3.1174  1.5474  0.432  1.8307  1.2231  1.708  0.5925  0.5012  1.236  1.4961  
trainID = 2634  1.3475  5.0122  0.197  0.458  2.7635  0.868  35.2254  0.6692  8.3753  3.8415  3.0191  0.4516  0.7768  3.7413  1.5954  1.2878  0.1686  3.1481  0.6558  3.9792  6.8303  11.9646  5.3417  7.1246  2.9837  0.802  4.8281  0.1512  33.5775  4.6327  0.7854  8.1889  0.6242  2.2083  3.0361  0.5351  0.895  3.2002  5.3592  1.995  2.293  
trainID = 2656  4.4084  0.2315  3.5206  1.264  0.3824  0.846  1.3052  1.481  2.6151  4.0294  2.1569  0.3019  1.2261  2.1313  1.0837  1.9965  0.2525  0.2794  0.899  4.2702  1.2211  0.6808  5.4172  3.261  0.194  1.1869  2.4897  0.047  1.9113  3.435  1.6272  0.2421  0.8008  3.8816  0.053  0.4124  0.7867  0.0416  2.583  2.452  1.4302  0.269  0.3806  
trainID = 2661  4.8699  3.2275  1.698  0.063  1.0605  1.045  32.4157  0.3674  7.9165  2.6572  0.1286  0.3111  0.6767  4.1763  2.2114  2.177  3.1419  3.7769  3.1588  0.2259  17.1701  32.5445  2.0075  5.9525  5.3391  1.445  4.6191  0.4115  35.9087  0.211  0.8803  8.2289  0.4828  0.6809  0.0788  2.3578  1.5714  0.9081  5.7751  2.505  5.718  37.3794  
trainID = 2663  0.594  3.1361  3.1588  33.4895  35.3877  4.5328  6.5816  3.8241  1.226  1.5629  2.3221  3.0845  0.5934  2.5137  3.7115  3.4633  2.8602  8.5933  6.1781  7.04  5.0255  4.0779  7.5425  0.917  2.3943  5.1359  33.2658  2.503  0.2365  5.5327  0.2922  0.3046  2.1318  1.0861  0.2945  2.4183  2.8275  0.003  3.7033  2.5912  0.013  3.7038  
trainID = 2671  3.4902  0.1861  0.78  1.8566  2.8273  1.22  1.205  1.4054  0.444  1.8961  4.0167  1.2925  2.49  0.0139  1.9333  1.6665  0.4756  1.2209  1.3396  1.8766  3.0789  4.825  5.3163  6.1139  0.72  0.155  2.0249  2.2681  0.7505  3.5661  0.7193  3.9977  2.2181  3.7426  0.9778  2.1573  2.5928  0.6789  2.455  0.8136  1.3042  2.601  2.5504  
trainID = 2673  3.8269  3.2285  1.21  36.1035  33.4805  5.5874  9.7498  2.3583  5.3509  1.1808  2.2806  4.2373  0.6326  2.0917  2.0887  2.6193  1.3486  3.1411  21.7086  6.6747  3.4445  0.8059  8.9429  3.752  2.8341  3.1118  35.0872  5.3219  3.8481  7.4666  3.1416  2.3086  1.8375  0.4681  2.9612  3.7997  3.2135  1.6313  4.3783  1.9162  2.226  0.7044  
trainID = 2683  5.4321  0.3082  0.044  1.7465  2.0708  1.689  1.9968  1.0295  1.3171  4.8522  1.4704  0.0491  2.6224  4.7226  2.9979  1.1759  2.2396  2.0463  2.2416  2.9727  5.2671  3.9698  0.4475  5.8852  0.6625  0.3763  0.5415  1.0762  2.1616  1.5028  4.6566  0.1998  5.2106  1.2759  2.4619  0.5659  0.1254  0.8123  2.0849  2.0002  0.481  3.7958  
trainID = 2697  2.6209  1.2846  3.2751  0.132  2.1476  1.2755  0.2734  1.1006  0.5013  1.4709  3.9669  1.6687  1.1429  0.6781  0.0359  1.6822  1.4976  1.2405  0.6361  1.6365  3.0842  0.3865  1.6271  3.195  0.242  0.5066  0.2299  3.3822  1.989  0.0152  1.1803  2.2353  2.0059  1.4958  1.3774  0.7155  0.1769  2.046  2.0623  2.5352  1.536  2.1227  
trainID = 2720  0.9122  2.7703  2.443  1.2779  1.9778  2.61  32.1158  0.2163  8.1302  1.7216  0.9258  0.4833  2.712  3.6463  0.8435  1.7616  2.1981  1.9201  0.5551  6.0547  4.6444  2.6846  2.1508  1.8212  6.9483  0.945  3.6022  3.963  33.5931  0.7585  2.5734  4.8668  2.0849  2.1387  0.8893  0.0197  0.4211  3.1332  0.0401  1.035  1.6656  2.3952  0.725  1.7112  
trainID = 2721  2.0961  2.4473  2.9148  0.7  0.26  2.0116  0.513  0.8562  0.366  4.3999  3.6602  2.2323  2.5  0.8732  0.8875  1.2212  1.8559  1.174  2.0363  0.8015  3.457  0.4192  1.0406  6.9174  1.5232  1.4048  4.71  1.6033  2.7816  2.7352  4.1194  0.5706  2.1953  3.6922  0.2823  1.1588  2.605  1.4166  3.057  0.5861  36.5624  
trainID = 2749  1.6872  0.6252  0.599  37.7755  3.4909  7.5309  1.09  1.4085  2.2616  3.0786  0.8128  0.0204  3.5537  0.0674  1.0751  3.3877  3.1433  2.6407  3.2446  1.144  2.0078  9.6538  0.5695  1.7534  2.8216  34.333  3.7364  2.2956  1.0056  3.14  1.7602  0.0725  2.0252  0.8842  0.5075  1.1044  0.605  3.455  0.31  1.879  1.8051  
trainID = 2767  0.2195  1.0647  0.395  36.5745  4.2196  2.9308  2.3851  1.0074  3.5227  1.6247  5.2863  0.6074  2.8117  0.3711  0.2944  0.3117  0.3973  0.8218  0.9288  0.5754  3.6832  9.6575  1.283  0.7805  3.3152  33.9937  2.5696  1.3368  2.671  1.988  3.7671  1.6832  2.2205  2.5642  1.0669  0.5334  0.0834  4.5223  0.7012  1.703  0.3147  
trainID = 2793  2.6399  0.9692  1.578  0.565  2.5052  2.381  3.2249  5.5755  0.3154  3.5089  2.428  2.2914  0.0039  2.0199  1.6216  1.2261  2.052  0.5785  3.1113  0.727  1.4577  1.4646  1.0664  7.4264  0.177  1.5397  2.9644  33.7726  4.8263  1.2211  4.0905  1.5257  2.3281  2.4572  1.5902  2.06  2.1415  0.8085  0.0787  2.1912  1.5675  1.077  1.4732  
trainID = 2803  0.2909  3.9388  2.7987  1.822  1.6522  0.56  32.1973  0.6038  5.7205  2.9255  0.5581  2.581  2.4505  1.4239  0.5748  1.7997  3.5283  2.0789  1.032  10.591  6.0718  4.4954  2.1478  2.8859  3.892  1.783  3.2602  2.1161  34.0511  0.5232  0.777  4.1122  1.1978  0.6399  1.5325  0.2486  0.088  0.0696  2.963  1.068  2.8437  2.3082  2.378  2.4952  
trainID = 2806  0.651  3.102  0.105  36.4025  1.542  2.8199  6.8842  0.4667  4.2443  0.6272  0.8783  5.7203  2.544  2.7787  1.5036  1.147  1.5525  0.2193  0.5446  0.5558  0.81  0.5348  10.4197  2.23  1.4895  0.9696  36.4272  5.9789  0.2526  1.973  3.6141  3.0917  1.8042  1.862  2.0364  1.0953  0.4107  0.0941  5.2154  0.9862  3.6732  0.586  
trainID = 2808  0.383  3.312  2.8996  0.065  1.6261  0.374  34.399  0.9207  6.7939  5.6666  1.493  2.5763  3.0736  3.6883  2.086  0.2163  1.5735  0.3616  0.1271  0.7571  1.9445  7.0481  3.2486  9.4113  0.1373  2.254  1.717  0.4703  3.0534  0.5641  6.3627  0.6277  2.1983  2.6135  2.3788  1.3014  1.3111  4.8435  0.511  1.724  35.6694  
trainID = 2830  4.2061  0.6857  0.822  2.011  0.1108  0.158  1.8  3.7728  3.0413  1.5584  0.9033  1.6092  1.9242  3.1054  1.1025  1.148  3.256  1.1226  0.4472  0.1713  0.0734  2.0758  0.0964  3.9633  4.6804  0.7507  0.1678  2.8348  3.2828  1.3014  0.3348  3.6675  1.7305  3.1036  0.396  0.4634  0.349  2.5847  1.965  0.6948  0.7603  1.471  0.3368  
trainID = 2842  1.4064  2.1164  0.185  36.6745  33.0757  4.9381  7.2202  1.8202  0.3975  0.2048  3.6975  5.4383  1.0265  5.8497  1.9801  3.5726  3.0663  1.2277  24.16  8.5229  6.0187  3.9081  9.2287  2.496  2.2897  3.3871  36.2905  1.3617  0.2691  7.9171  2.9214  0.3501  1.3983  0.2599  1.5186  4.3402  3.2557  0.0842  3.9551  0.6922  0.301  0.7212  
trainID = 2858  2.406  4.0059  4.5071  0.838  0.3389  1.9198  34.6054  2.9974  4.984  4.5025  2.326  3.2675  0.678  1.1242  4.2306  0.0735  0.7625  0.8798  1.2799  4.5067  4.1065  13.9952  2.9041  8.7489  0.7436  0.141  3.9502  1.9805  2.4385  1.9162  5.5241  0.0985  1.4469  1.7123  1.8988  0.5299  2.6134  3.5166  0.698  3.3738  37.0244  
trainID = 2859  0.889  1.4606  1.305  36.8005  4.6054  5.72  2.2763  2.1413  1.464  2.6847  2.4645  3.6718  2.0377  1.5338  1.8528  2.3079  0.9339  9.9244  2.6609  2.3138  0.9719  10.2484  0.9  0.5567  4.4776  34.9619  4.2416  0.7442  6.0669  1.4618  2.7955  0.2549  0.3791  4.0571  5.4708  4.2713  1.4942  2.4285  0.1686  3.1626  2.5088  
trainID = 2916  2.8935  2.2188  1.974  0.452  3.9951  0.974  0.873  1.5571  0.5756  7.4062  3.89  1.5227  0.1136  4.6632  2.4188  3.4727  2.5066  3.4023  2.0788  5.734  5.6009  6.9571  9.1344  4.7262  2.6665  2.5557  0.4812  0.6476  2.4776  2.3406  9.2111  0.1311  5.569  3.4262  4.3284  4.0434  1.6965  0.715  2.6378  1.0625  0.981  1.4448  
trainID = 2923  5.7573  0.0643  2.112  0.303  0.6653  0.985  2.5837  0.0067  0.27  7.5874  2.7019  0.2784  2.6372  3.2461  0.4122  0.8106  1.1536  1.0565  0.602  5.1253  7.0023  5.7457  6.0779  6.1527  0.7188  2.6607  1.6317  2.3661  1.0415  1.2657  7.4166  0.3135  4.9553  2.2211  2.8174  2.2448  1.8919  0.778  1.0296  0.8682  1.038  3.6081  
trainID = 2926  4.0192  1.988  3.1694  0.021  0.1088  1.109  2.0841  2.6505  0.3561  7.874  1.6899  1.2946  0.8772  3.8966  0.0515  0.8125  1.3486  0.2602  3.1293  3.9701  3.9654  4.0917  2.9855  6.5204  0.5171  1.2218  1.3357  0.5883  4.4519  3.1221  5.8521  2.4207  3.4275  0.4188  3.6161  2.0076  1.7951  0.551  1.5701  1.0532  0.182  2.3811  
trainID = 2930  3.7309  1.6488  0.657  37.6945  34.0209  7.5328  6.7223  0.9754  4.3407  1.7031  4.6096  3.4923  0.406  1.7717  2.5363  1.8967  2.6406  1.9226  16.0006  6.3498  5.8032  3.0899  11.3344  2.264  0.8583  6.1952  36.6586  2.449  0.0278  4.6898  3.2728  3.3276  3.1992  0.6373  4.804  4.2621  4.7202  0.168  4.6476  0.2262  3.801  0.6854  
trainID = 2947  3.636  1.9307  3.3411  1.2282  2.397  2.7135  0.1027  1.2742  0.5352  6.5146  3.541  1.0196  0.5177  1.1757  0.615  0.5214  1.1405  2.1403  1.7452  5.4608  6.9254  4.7888  5.1138  1.7092  3.045  0.6648  1.0039  0.074  0.6244  2.6613  2.6913  6.2278  0.3279  6.2758  2.2298  1.0629  1.3782  4.5519  1.99  2.5276  2.2702  3.4619  0.171  
trainID = 2965  0.1732  1.2294  1.893  37.3295  0.589  4.1998  5.7846  2.2595  0.4742  0.4108  3.198  3.6533  1.3022  1.2884  0.966  0.3171  1.655  1.3532  5.7312  1.431  4.8328  0.2659  10.1249  1.626  0.1853  2.1145  34.766  3.68  2.7511  3.4773  3.7527  2.7268  2.8351  1.6694  1.2911  0.406  1.3283  1.2333  3.1688  3.2582  2.032  2.1319  
TrainID = 2310  dbValue = 1.06906  nTestCell = 44  nTrainCell = 44  nDiff = 0  (X,Y) = (1465, 1745)  Position Error = 21.095
TrainID = 2465  dbValue = 1.15104  nTestCell = 44  nTrainCell = 42  nDiff = 2  (X,Y) = (1495, 1725)  Position Error = 19.105
TrainID = 1939  dbValue = 1.20908  nTestCell = 44  nTrainCell = 43  nDiff = 1  (X,Y) = (1445, 1725)  Position Error = 31.0644
TrainID = 2300  dbValue = 1.25862  nTestCell = 44  nTrainCell = 43  nDiff = 1  (X,Y) = (1475, 1715)  Position Error = 12.0416
TrainID = 1570  dbValue = 1.26218  nTestCell = 44  nTrainCell = 43  nDiff = 1  (X,Y) = (1475, 1725)  Position Error = 2.23607
TrainID = 325  dbValue = 1.2786  nTestCell = 44  nTrainCell = 42  nDiff = 2  (X,Y) = (1505, 1735)  Position Error = 30.0832
TrainID = 436  dbValue = 1.28553  nTestCell = 44  nTrainCell = 42  nDiff = 2  (X,Y) = (1525, 1755)  Position Error = 56.4358
TrainID = 780  dbValue = 1.3385  nTestCell = 44  nTrainCell = 42  nDiff = 2  (X,Y) = (1475, 1695)  Position Error = 32.0156
TrainID = 2631  dbValue = 1.35295  nTestCell = 44  nTrainCell = 42  nDiff = 2  (X,Y) = (1505, 1735)  Position Error = 30.0832
TrainID = 1985  dbValue = 1.36007  nTestCell = 44  nTrainCell = 43  nDiff = 1  (X,Y) = (1465, 1725)  Position Error = 11.1803
TrainID = 2549  dbValue = 1.39357  nTestCell = 44  nTrainCell = 43  nDiff = 1  (X,Y) = (1465, 1805)  Position Error = 78.7718
TrainID = 2550  dbValue = 1.39491  nTestCell = 44  nTrainCell = 42  nDiff = 2  (X,Y) = (1525, 1755)  Position Error = 56.4358
TrainID = 1892  dbValue = 1.43652  nTestCell = 44  nTrainCell = 44  nDiff = 0  (X,Y) = (1515, 1705)  Position Error = 44.7772
TrainID = 1936  dbValue = 1.4433  nTestCell = 44  nTrainCell = 42  nDiff = 2  (X,Y) = (1525, 1745)  Position Error = 52.2015
TrainID = 781  dbValue = 1.46619  nTestCell = 44  nTrainCell = 43  nDiff = 1  (X,Y) = (1495, 1675)  Position Error = 55.3624
TrainID = 1610  dbValue = 1.47361  nTestCell = 44  nTrainCell = 43  nDiff = 1  (X,Y) = (1455, 1785)  Position Error = 61.6847
TrainID = 2697  dbValue = 1.48605  nTestCell = 44  nTrainCell = 42  nDiff = 2  (X,Y) = (1515, 1765)  Position Error = 54.4518
TrainID = 2232  dbValue = 1.49744  nTestCell = 44  nTrainCell = 42  nDiff = 2  (X,Y) = (1445, 1745)  Position Error = 35.8469
TrainID = 521  dbValue = 1.49788  nTestCell = 44  nTrainCell = 42  nDiff = 2  (X,Y) = (1495, 1785)  Position Error = 61.0328
TrainID = 1972  dbValue = 1.52133  nTestCell = 44  nTrainCell = 42  nDiff = 2  (X,Y) = (1515, 1725)  Position Error = 39.0512
TrainID = 574  dbValue = 1.52392  nTestCell = 44  nTrainCell = 43  nDiff = 1  (X,Y) = (1455, 1755)  Position Error = 35
TrainID = 1596  dbValue = 1.53119  nTestCell = 44  nTrainCell = 43  nDiff = 1  (X,Y) = (1485, 1815)  Position Error = 88.459
TrainID = 1205  dbValue = 1.56664  nTestCell = 44  nTrainCell = 43  nDiff = 1  (X,Y) = (1465, 1695)  Position Error = 33.8378
TrainID = 735  dbValue = 1.56696  nTestCell = 44  nTrainCell = 42  nDiff = 2  (X,Y) = (1515, 1785)  Position Error = 69.8928
TrainID = 306  dbValue = 1.59377  nTestCell = 44  nTrainCell = 42  nDiff = 2  (X,Y) = (1465, 1805)  Position Error = 78.7718
TrainID = 1785  dbValue = 1.60015  nTestCell = 44  nTrainCell = 42  nDiff = 2  (X,Y) = (1525, 1785)  Position Error = 75.9276
TrainID = 2656  dbValue = 1.61594  nTestCell = 44  nTrainCell = 43  nDiff = 1  (X,Y) = (1515, 1675)  Position Error = 65
TrainID = 605  dbValue = 1.62461  nTestCell = 44  nTrainCell = 42  nDiff = 2  (X,Y) = (1485, 1685)  Position Error = 42.9535
TrainID = 2830  dbValue = 1.62884  nTestCell = 44  nTrainCell = 43  nDiff = 1  (X,Y) = (1475, 1805)  Position Error = 78.0064
TrainID = 1625  dbValue = 1.6649  nTestCell = 44  nTrainCell = 42  nDiff = 2  (X,Y) = (1455, 1805)  Position Error = 80.7775
TrainID = 1301  dbValue = 1.70206  nTestCell = 44  nTrainCell = 42  nDiff = 2  (X,Y) = (1515, 1675)  Position Error = 65
TrainID = 881  dbValue = 1.7436  nTestCell = 44  nTrainCell = 43  nDiff = 1  (X,Y) = (1525, 1655)  Position Error = 87.0919
TrainID = 1017  dbValue = 1.7646  nTestCell = 44  nTrainCell = 42  nDiff = 2  (X,Y) = (1555, 1745)  Position Error = 81.0247
TrainID = 1013  dbValue = 1.79626  nTestCell = 44  nTrainCell = 43  nDiff = 1  (X,Y) = (1545, 1705)  Position Error = 72.4224
TrainID = 1247  dbValue = 1.81772  nTestCell = 44  nTrainCell = 43  nDiff = 1  (X,Y) = (1505, 1665)  Position Error = 68.4471
TrainID = 1751  dbValue = 1.83537  nTestCell = 44  nTrainCell = 42  nDiff = 2  (X,Y) = (1505, 1795)  Position Error = 73.9256
TrainID = 1620  dbValue = 1.84582  nTestCell = 44  nTrainCell = 43  nDiff = 1  (X,Y) = (1555, 1725)  Position Error = 79.0253
TrainID = 1673  dbValue = 1.8535  nTestCell = 44  nTrainCell = 43  nDiff = 1  (X,Y) = (1575, 1775)  Position Error = 110.023
TrainID = 1666  dbValue = 1.88887  nTestCell = 44  nTrainCell = 43  nDiff = 1  (X,Y) = (1465, 1815)  Position Error = 88.6848
TrainID = 844  dbValue = 1.93362  nTestCell = 44  nTrainCell = 43  nDiff = 1  (X,Y) = (1555, 1695)  Position Error = 85.235
TrainID = 1351  dbValue = 1.95354  nTestCell = 44  nTrainCell = 42  nDiff = 2  (X,Y) = (1535, 1755)  Position Error = 65.307
TrainID = 2581  dbValue = 1.96259  nTestCell = 44  nTrainCell = 42  nDiff = 2  (X,Y) = (1545, 1785)  Position Error = 90.1388
TrainID = 1658  dbValue = 1.96816  nTestCell = 44  nTrainCell = 42  nDiff = 2  (X,Y) = (1575, 1735)  Position Error = 99.3227
TrainID = 1111  dbValue = 1.99228  nTestCell = 44  nTrainCell = 43  nDiff = 1  (X,Y) = (1525, 1805)  Position Error = 92.1141
TrainID = 1008  dbValue = 2.00894  nTestCell = 44  nTrainCell = 41  nDiff = 3  (X,Y) = (1535, 1845)  Position Error = 131.928
TrainID = 2671  dbValue = 2.02939  nTestCell = 44  nTrainCell = 43  nDiff = 1  (X,Y) = (1565, 1755)  Position Error = 93.3006
TrainID = 464  dbValue = 2.03866  nTestCell = 44  nTrainCell = 42  nDiff = 2  (X,Y) = (1565, 1795)  Position Error = 112.004
TrainID = 1279  dbValue = 2.04474  nTestCell = 44  nTrainCell = 43  nDiff = 1  (X,Y) = (1535, 1835)  Position Error = 123.065
TrainID = 2683  dbValue = 2.10918  nTestCell = 44  nTrainCell = 42  nDiff = 2  (X,Y) = (1565, 1715)  Position Error = 89.8053
TrainID = 2537  dbValue = 2.12106  nTestCell = 44  nTrainCell = 42  nDiff = 2  (X,Y) = (1575, 1725)  Position Error = 99.0202
TrainID = 1515  dbValue = 2.21275  nTestCell = 44  nTrainCell = 43  nDiff = 1  (X,Y) = (1595, 1765)  Position Error = 124.92
TrainID = 2926  dbValue = 2.2568  nTestCell = 44  nTrainCell = 42  nDiff = 2  (X,Y) = (1595, 1675)  Position Error = 129.865
TrainID = 731  dbValue = 2.26314  nTestCell = 44  nTrainCell = 43  nDiff = 1  (X,Y) = (1585, 1675)  Position Error = 120.768
TrainID = 2081  dbValue = 2.33352  nTestCell = 44  nTrainCell = 42  nDiff = 2  (X,Y) = (1575, 1815)  Position Error = 132.458
TrainID = 2947  dbValue = 2.40296  nTestCell = 44  nTrainCell = 43  nDiff = 1  (X,Y) = (1595, 1765)  Position Error = 124.92
TrainID = 1142  dbValue = 2.43261  nTestCell = 44  nTrainCell = 44  nDiff = 0  (X,Y) = (1425, 1715)  Position Error = 52.3927
TrainID = 2923  dbValue = 2.43343  nTestCell = 44  nTrainCell = 42  nDiff = 2  (X,Y) = (1615, 1735)  Position Error = 139.23
TrainID = 856  dbValue = 2.49903  nTestCell = 44  nTrainCell = 43  nDiff = 1  (X,Y) = (1605, 1815)  Position Error = 156.157
TrainID = 2553  dbValue = 2.5075  nTestCell = 44  nTrainCell = 43  nDiff = 1  (X,Y) = (1595, 1815)  Position Error = 148.003
TrainID = 1418  dbValue = 2.51824  nTestCell = 44  nTrainCell = 42  nDiff = 2  (X,Y) = (1615, 1785)  Position Error = 150.615
TrainID = 396  dbValue = 2.54111  nTestCell = 44  nTrainCell = 41  nDiff = 3  (X,Y) = (1435, 1655)  Position Error = 82.8553
TrainID = 1600  dbValue = 2.54372  nTestCell = 44  nTrainCell = 42  nDiff = 2  (X,Y) = (1605, 1675)  Position Error = 139.086
TrainID = 408  dbValue = 2.55098  nTestCell = 44  nTrainCell = 42  nDiff = 2  (X,Y) = (1595, 1705)  Position Error = 121.017
TrainID = 1687  dbValue = 2.61335  nTestCell = 44  nTrainCell = 43  nDiff = 1  (X,Y) = (1595, 1785)  Position Error = 132.382
TrainID = 2450  dbValue = 2.6518  nTestCell = 44  nTrainCell = 44  nDiff = 0  (X,Y) = (1415, 1685)  Position Error = 74.0608
TrainID = 2053  dbValue = 2.66434  nTestCell = 44  nTrainCell = 42  nDiff = 2  (X,Y) = (1575, 1665)  Position Error = 116.812
TrainID = 777  dbValue = 2.67632  nTestCell = 44  nTrainCell = 43  nDiff = 1  (X,Y) = (1395, 1805)  Position Error = 112.45
TrainID = 1397  dbValue = 2.70745  nTestCell = 44  nTrainCell = 43  nDiff = 1  (X,Y) = (1435, 1665)  Position Error = 74.3303
TrainID = 1063  dbValue = 2.71501  nTestCell = 44  nTrainCell = 42  nDiff = 2  (X,Y) = (1625, 1765)  Position Error = 153.769
TrainID = 1047  dbValue = 2.72048  nTestCell = 44  nTrainCell = 41  nDiff = 3  (X,Y) = (1475, 1845)  Position Error = 118.004
TrainID = 2323  dbValue = 2.74883  nTestCell = 44  nTrainCell = 43  nDiff = 1  (X,Y) = (1635, 1695)  Position Error = 162.188
TrainID = 2793  dbValue = 2.7588  nTestCell = 44  nTrainCell = 43  nDiff = 1  (X,Y) = (1425, 1805)  Position Error = 93.1933
TrainID = 2291  dbValue = 2.76565  nTestCell = 44  nTrainCell = 43  nDiff = 1  (X,Y) = (1395, 1695)  Position Error = 87.0919
TrainID = 895  dbValue = 2.78498  nTestCell = 44  nTrainCell = 42  nDiff = 2  (X,Y) = (1625, 1785)  Position Error = 159.891
TrainID = 551  dbValue = 2.84379  nTestCell = 44  nTrainCell = 41  nDiff = 3  (X,Y) = (1455, 1635)  Position Error = 94.3663
TrainID = 2721  dbValue = 2.845  nTestCell = 44  nTrainCell = 41  nDiff = 3  (X,Y) = (1455, 1635)  Position Error = 94.3663
TrainID = 597  dbValue = 2.89103  nTestCell = 44  nTrainCell = 42  nDiff = 2  (X,Y) = (1625, 1745)  Position Error = 150.083
TrainID = 2916  dbValue = 2.98944  nTestCell = 44  nTrainCell = 42  nDiff = 2  (X,Y) = (1635, 1755)  Position Error = 161.447
TrainID = 1812  dbValue = 2.99992  nTestCell = 44  nTrainCell = 43  nDiff = 1  (X,Y) = (1395, 1775)  Position Error = 94.1541
TrainID = 2265  dbValue = 3.01676  nTestCell = 44  nTrainCell = 42  nDiff = 2  (X,Y) = (1655, 1775)  Position Error = 185.324
TrainID = 1382  dbValue = 3.28579  nTestCell = 44  nTrainCell = 44  nDiff = 0  (X,Y) = (1405, 1725)  Position Error = 71.0282
TrainID = 684  dbValue = 3.31429  nTestCell = 44  nTrainCell = 44  nDiff = 0  (X,Y) = (1385, 1775)  Position Error = 102.883
TrainID = 2406  dbValue = 3.42821  nTestCell = 44  nTrainCell = 44  nDiff = 0  (X,Y) = (1375, 1775)  Position Error = 111.826
TrainID = 2468  dbValue = 3.54939  nTestCell = 44  nTrainCell = 41  nDiff = 3  (X,Y) = (1455, 1635)  Position Error = 94.3663
TrainID = 2767  dbValue = 3.5802  nTestCell = 44  nTrainCell = 41  nDiff = 3  (X,Y) = (1445, 1845)  Position Error = 122.004
TrainID = 466  dbValue = 3.60114  nTestCell = 44  nTrainCell = 41  nDiff = 3  (X,Y) = (1415, 1655)  Position Error = 94.3663
TrainID = 2720  dbValue = 3.63832  nTestCell = 44  nTrainCell = 44  nDiff = 0  (X,Y) = (1385, 1785)  Position Error = 107.912
TrainID = 1330  dbValue = 3.64614  nTestCell = 44  nTrainCell = 44  nDiff = 0  (X,Y) = (1395, 1765)  Position Error = 89.4707
TrainID = 2803  dbValue = 3.70627  nTestCell = 44  nTrainCell = 44  nDiff = 0  (X,Y) = (1365, 1735)  Position Error = 111.288
TrainID = 1962  dbValue = 3.70858  nTestCell = 44  nTrainCell = 43  nDiff = 1  (X,Y) = (1655, 1735)  Position Error = 179.179
TrainID = 425  dbValue = 3.71536  nTestCell = 44  nTrainCell = 42  nDiff = 2  (X,Y) = (1405, 1645)  Position Error = 108.467
TrainID = 1132  dbValue = 3.73886  nTestCell = 44  nTrainCell = 42  nDiff = 2  (X,Y) = (1685, 1705)  Position Error = 210.155
TrainID = 2749  dbValue = 3.76492  nTestCell = 44  nTrainCell = 41  nDiff = 3  (X,Y) = (1405, 1825)  Position Error = 121.017
TrainID = 2806  dbValue = 3.8058  nTestCell = 44  nTrainCell = 42  nDiff = 2  (X,Y) = (1435, 1835)  Position Error = 115.521
TrainID = 706  dbValue = 3.86238  nTestCell = 44  nTrainCell = 44  nDiff = 0  (X,Y) = (1345, 1745)  Position Error = 132.231
TrainID = 1490  dbValue = 3.87511  nTestCell = 44  nTrainCell = 41  nDiff = 3  (X,Y) = (1435, 1655)  Position Error = 82.8553
TrainID = 1523  dbValue = 3.87804  nTestCell = 44  nTrainCell = 44  nDiff = 0  (X,Y) = (1355, 1765)  Position Error = 126.827
TrainID = 2965  dbValue = 3.92609  nTestCell = 44  nTrainCell = 42  nDiff = 2  (X,Y) = (1385, 1835)  Position Error = 141.227
TrainID = 2808  dbValue = 3.94592  nTestCell = 44  nTrainCell = 41  nDiff = 3  (X,Y) = (1365, 1635)  Position Error = 144.17
TrainID = 774  dbValue = 3.94844  nTestCell = 44  nTrainCell = 42  nDiff = 2  (X,Y) = (1685, 1735)  Position Error = 209.153
TrainID = 920  dbValue = 3.97615  nTestCell = 44  nTrainCell = 41  nDiff = 3  (X,Y) = (1405, 1865)  Position Error = 155.193
TrainID = 303  dbValue = 4.05648  nTestCell = 44  nTrainCell = 44  nDiff = 0  (X,Y) = (1335, 1715)  Position Error = 141.51
TrainID = 1296  dbValue = 4.11644  nTestCell = 44  nTrainCell = 44  nDiff = 0  (X,Y) = (1345, 1775)  Position Error = 139.517
TrainID = 2114  dbValue = 4.12274  nTestCell = 44  nTrainCell = 44  nDiff = 0  (X,Y) = (1355, 1785)  Position Error = 134.183
TrainID = 1827  dbValue = 4.13969  nTestCell = 44  nTrainCell = 42  nDiff = 2  (X,Y) = (1375, 1845)  Position Error = 155.322
TrainID = 662  dbValue = 4.2183  nTestCell = 44  nTrainCell = 44  nDiff = 0  (X,Y) = (1335, 1715)  Position Error = 141.51
TrainID = 579  dbValue = 4.22491  nTestCell = 44  nTrainCell = 42  nDiff = 2  (X,Y) = (1695, 1725)  Position Error = 219.009
TrainID = 1018  dbValue = 4.2608  nTestCell = 44  nTrainCell = 42  nDiff = 2  (X,Y) = (1695, 1755)  Position Error = 220.783
TrainID = 369  dbValue = 4.2869  nTestCell = 44  nTrainCell = 42  nDiff = 2  (X,Y) = (1715, 1745)  Position Error = 239.677
TrainID = 1090  dbValue = 4.3533  nTestCell = 44  nTrainCell = 42  nDiff = 2  (X,Y) = (1715, 1735)  Position Error = 239.134
TrainID = 2858  dbValue = 4.38037  nTestCell = 44  nTrainCell = 41  nDiff = 3  (X,Y) = (1345, 1615)  Position Error = 172.351
TrainID = 2859  dbValue = 4.4066  nTestCell = 44  nTrainCell = 41  nDiff = 3  (X,Y) = (1355, 1855)  Position Error = 176.139
TrainID = 1862  dbValue = 4.42056  nTestCell = 44  nTrainCell = 41  nDiff = 3  (X,Y) = (1385, 1865)  Position Error = 165.303
TrainID = 823  dbValue = 4.48657  nTestCell = 44  nTrainCell = 42  nDiff = 2  (X,Y) = (1715, 1725)  Position Error = 239.008
TrainID = 2634  dbValue = 4.51069  nTestCell = 44  nTrainCell = 41  nDiff = 3  (X,Y) = (1335, 1675)  Position Error = 150.283
TrainID = 320  dbValue = 4.5156  nTestCell = 44  nTrainCell = 42  nDiff = 2  (X,Y) = (1715, 1735)  Position Error = 239.134
TrainID = 451  dbValue = 4.52195  nTestCell = 44  nTrainCell = 44  nDiff = 0  (X,Y) = (1335, 1745)  Position Error = 142.144
TrainID = 2392  dbValue = 4.58608  nTestCell = 44  nTrainCell = 44  nDiff = 0  (X,Y) = (1325, 1735)  Position Error = 151.212
TrainID = 304  dbValue = 4.60191  nTestCell = 44  nTrainCell = 44  nDiff = 0  (X,Y) = (1315, 1735)  Position Error = 161.199
TrainID = 2231  dbValue = 4.66086  nTestCell = 44  nTrainCell = 42  nDiff = 2  (X,Y) = (1365, 1825)  Position Error = 148.071
TrainID = 991  dbValue = 4.81964  nTestCell = 44  nTrainCell = 44  nDiff = 0  (X,Y) = (1305, 1745)  Position Error = 171.945
TrainID = 627  dbValue = 4.89183  nTestCell = 44  nTrainCell = 42  nDiff = 2  (X,Y) = (1325, 1695)  Position Error = 154.353
TrainID = 819  dbValue = 5.18522  nTestCell = 44  nTrainCell = 42  nDiff = 2  (X,Y) = (1325, 1845)  Position Error = 191.638
TrainID = 2663  dbValue = 5.23462  nTestCell = 44  nTrainCell = 42  nDiff = 2  (X,Y) = (1345, 1785)  Position Error = 143.265
TrainID = 930  dbValue = 5.23708  nTestCell = 44  nTrainCell = 42  nDiff = 2  (X,Y) = (1355, 1845)  Position Error = 169.012
TrainID = 1783  dbValue = 5.36681  nTestCell = 44  nTrainCell = 42  nDiff = 2  (X,Y) = (1305, 1685)  Position Error = 176.082
TrainID = 1031  dbValue = 5.38257  nTestCell = 44  nTrainCell = 42  nDiff = 2  (X,Y) = (1315, 1665)  Position Error = 172.525
TrainID = 489  dbValue = 5.38311  nTestCell = 44  nTrainCell = 41  nDiff = 3  (X,Y) = (1275, 1865)  Position Error = 243.813
TrainID = 2472  dbValue = 5.41425  nTestCell = 44  nTrainCell = 42  nDiff = 2  (X,Y) = (1305, 1665)  Position Error = 181.893
TrainID = 1507  dbValue = 5.47876  nTestCell = 44  nTrainCell = 42  nDiff = 2  (X,Y) = (1315, 1795)  Position Error = 174.771
TrainID = 855  dbValue = 5.5278  nTestCell = 44  nTrainCell = 42  nDiff = 2  (X,Y) = (1325, 1805)  Position Error = 169.956
TrainID = 2564  dbValue = 5.59509  nTestCell = 44  nTrainCell = 41  nDiff = 3  (X,Y) = (1265, 1845)  Position Error = 241.754
TrainID = 984  dbValue = 5.68007  nTestCell = 44  nTrainCell = 42  nDiff = 2  (X,Y) = (1315, 1855)  Position Error = 205.682
TrainID = 493  dbValue = 5.68275  nTestCell = 44  nTrainCell = 42  nDiff = 2  (X,Y) = (1295, 1845)  Position Error = 216.067
TrainID = 2842  dbValue = 5.70345  nTestCell = 44  nTrainCell = 42  nDiff = 2  (X,Y) = (1285, 1805)  Position Error = 206.313
TrainID = 2422  dbValue = 5.76664  nTestCell = 44  nTrainCell = 42  nDiff = 2  (X,Y) = (1285, 1675)  Position Error = 197.952
TrainID = 914  dbValue = 5.83312  nTestCell = 44  nTrainCell = 42  nDiff = 2  (X,Y) = (1305, 1615)  Position Error = 204.414
TrainID = 2661  dbValue = 5.8924  nTestCell = 44  nTrainCell = 42  nDiff = 2  (X,Y) = (1265, 1725)  Position Error = 211.009
TrainID = 2930  dbValue = 5.89939  nTestCell = 44  nTrainCell = 42  nDiff = 2  (X,Y) = (1315, 1855)  Position Error = 205.682
TrainID = 1806  dbValue = 5.90241  nTestCell = 44  nTrainCell = 42  nDiff = 2  (X,Y) = (1295, 1825)  Position Error = 205.828
TrainID = 2673  dbValue = 6.00241  nTestCell = 44  nTrainCell = 42  nDiff = 2  (X,Y) = (1295, 1845)  Position Error = 216.067
TrainID = 1526  dbValue = 6.09957  nTestCell = 44  nTrainCell = 42  nDiff = 2  (X,Y) = (1285, 1855)  Position Error = 229.924
