trainID = 360  0.5179  0.8359  1.281  2.1007  1.7008  3.7627  1.685  0.3702  1.469  3.2068  0.316  3.092  5.0941  2.1259  0.1473  0.6521  2.809  1.0085  1.7683  2.6938  4.7515  0.895  2.2487  4.3844  1.0295  11.2073  7.6205  1.7438  0.3271  6.9485  2.0034  0.215  0.9873  1.0546  0.7333  0.59  4.6514  3.2582  0.8272  2.0173  0.4542  4.5509  4.4452  1.1202  0.452  2.0916  
trainID = 475  0.341  2.0673  3.2627  0.443  0.9825  0.329  0.2217  5.8212  4.728  6.5422  2.8936  4.0582  0.2208  5.7621  0.2975  0.6797  4.1388  3.2927  1.52  0.5008  3.7939  4.1992  15.8642  2.7914  12.0362  0.7517  9.0941  0.9067  1.318  1.4544  1.1863  1.688  1.134  4.4194  6.7656  1.2766  2.1061  3.1317  3.1794  7.1964  0.1426  1.2777  1.1003  33.8357  
trainID = 488  1.072  0.2759  1.508  0.3887  0.3799  0.3382  3.717  0.794  2.7847  0.3958  2.1182  1.3  3.2458  2.4939  1.9227  0.3663  2.4263  2.5828  1.8593  0.079  3.655  0.983  0.0308  0.0551  2.2391  6.5168  0.6187  1.3492  0.9669  1.6178  1.4532  0.302  1.0389  1.126  1.915  2.1417  3.1451  2.7397  2.9968  0.9978  0.0925  2.3475  2.1319  1.5672  1.018  2.3995  
trainID = 602  3.3789  1.7287  0.27  4.9654  0.6607  2.5144  0.95  1.6062  2.4231  1.4261  1.8182  2.086  0.9144  1.8414  0.6149  5.0337  1.1995  3.3942  1.9357  4.6024  0.3105  0.885  0.9277  1.6057  2.5725  4.2211  5.2465  9.6973  1.6167  0.7778  1.985  0.198  2.94  1.7902  33.2634  2.7073  3.8625  4.7368  0.6064  1.1894  3.2158  1.2562  1.213  0.9486  0.923  
trainID = 669  2.8029  0.7988  3.7027  0.607  2.7112  0.104  2.7639  3.1072  0.1561  9.8555  3.8279  1.6986  1.4174  3.9607  0.8634  1.1155  3.2961  5.5998  0.162  3.0036  1.62  2.095  23.8355  10.0272  4.8248  0.4596  8.19  4.7707  0.73  0.1916  4.6488  2.2329  0.911  5.2264  3.1055  2.2335  0.3963  0.7647  2.8772  6.6626  0.1455  1.9717  2.4908  35.988  
trainID = 753  2.1707  1.3506  1.2159  2.2237  0.8771  1.294  2.0571  1.5062  0.0053  4.3975  0.2533  1.4041  1.615  0.0363  0.5361  0.4149  0.1812  3.6297  0.535  1.8746  4.1316  4.7033  12.7695  3.5411  10.2251  3.4612  6.4992  0.1265  0.198  0.2992  2.7039  1.3618  0.481  4.6724  3.3982  0.6912  4.8614  1.4026  2.2298  4.5145  2.6632  5.11  1.6113  35.446  
trainID = 775  0.1092  1.083  0.547  3.1371  1.4166  2.7237  0.685  0.5197  1.581  1.1572  2.1062  1.126  4.9026  0.1157  3.0771  1.4118  1.4809  1.1083  1.0525  0.9274  5.4047  0.266  0.0507  1.5407  3.7992  7.3184  5.8902  1.221  0.7509  4.1222  2.7648  0.676  0.9855  0.6719  0.7759  0.671  3.5714  1.5542  0.3411  1.538  0.6948  2.1681  2.4295  1.5572  3.365  0.3255  1.252  
trainID = 891  2.5296  0.2906  2.075  3.6699  1.0572  4.7737  1.573  2.7184  0.281  0.3014  2.2132  0.3518  7.1694  5.116  0.9589  0.5487  3.3068  1.0988  1.9623  4.2829  5.5291  3.035  3.6952  1.096  2.6733  19.3941  16.753  13.4042  0.3846  7.1956  4.531  1.141  0.2433  3.171  3.0163  0.401  4.7654  5.5908  0.9847  0.9741  0.1067  5.2739  4.0072  0.4707  0.514  0.024  0.793  
trainID = 1167  0.0046  1.6423  2.5027  1.485  0.534  3.0864  1.3168  2.7982  2.994  5.976  0.8226  4.0875  0.1248  4.3462  1.6711  0.7023  0.9871  9.2638  0.536  0.8832  2.1671  2.6062  14.9283  1.6602  12.8237  1.9984  7.6318  1.2044  0.354  0.6174  2.2475  1.7624  0.727  5.8454  3.4612  0.0135  5.2227  1.009  3.3477  4.7035  0.1636  2.4226  1.3551  38.1405  
trainID = 1495  1.8709  0.7968  3.4277  2.501  3.3848  0.413  1.377  4.1132  4.113  8.9662  0.3823  2.0738  0.7634  2.9381  1.1409  0.6667  2.9225  4.7317  0.494  1.1026  1.9889  4.9111  18.4772  3.9506  11.3451  0.5117  8.5194  4.9645  1.338  2.0366  2.7795  3.128  0.668  4.7774  6.3712  0.516  3.9529  2.5698  3.3655  5.1728  1.1762  0.96  1.826  36.7308  
trainID = 1632  0.8142  0.8608  0.424  1.4062  0.1807  2.0839  0.0303  0.1553  2.147  1.3365  2.0972  3.277  4.6301  0.5338  1.8235  0.224  1.7598  1.2558  0.4151  4.9602  2.1147  2.229  0.5218  1.4673  2.732  14.0325  4.251  6.9497  2.2325  7.2692  0.8237  0.998  0.2014  0.8503  0.6252  0.149  4.6404  2.073  0.3494  4.0685  0.9763  1.8241  4.5484  0.1628  0.0533  3.0239  0.771  
trainID = 1700  0.0826  3.5042  3.6847  2.127  0.0772  0.386  0.3703  1.6002  0.0702  8.9983  2.3071  4.3359  0.0159  2.7791  1.6693  1.8333  2.0837  4.8692  0.833  1.8254  3.0439  4.2745  21.2475  5.6711  6.5672  1.9067  6.7968  3.9016  1.501  0.3004  4.7069  2.0615  1.349  4.1704  4.2603  0.2748  0.9111  0.6821  6.2381  4.8662  1.6872  0.201  0.7875  36.0043  
trainID = 1784  1.284  0.8098  2.3562  0.601  0.186  2.6769  2.8672  1.5662  2.731  10.0052  2.7747  3.8739  1.1508  4.5426  0.8851  1.0423  2.8907  4.5133  0.308  0.1601  1.3574  1.6658  17.6957  4.5344  10.4455  2.8702  8.99  5.5223  1.24  0.2253  4.3895  0.4892  2.468  4.7824  5.5791  1.5765  5.9836  0.6704  1.8965  6.6811  0.5113  0.1994  0.6372  35.0844  
trainID = 1873  1.0741  0.839  0.831  0.2542  0.3916  0.2095  0.516  0.8699  1.191  1.643  2.9142  3.179  4.3916  1.6247  0.3686  1.0867  1.0631  1.6965  0.957  0.3335  2.4192  0.0893  0.0777  4.8836  4.3161  2.6402  3.199  1.0857  3.8403  0.298  1.314  2.3543  2.8822  0.2966  0.409  4.3414  1.7925  1.057  2.1257  3.5874  2.7787  1.8985  1.3942  2.211  1.1304  0.548  
trainID = 1904  2.5562  0.6405  1.479  0.139  0.0104  3.7877  0.3169  0.7624  1.118  1.004  2.6662  1.657  4.0412  2.9006  0.0432  3.6144  0.5425  1.6566  2.2603  4.2738  4.4871  1.335  2.2182  1.9004  2.6865  13.9563  3.4315  5.1295  2.3121  5.7345  2.7488  1.114  0.2252  2.307  4.1096  2.0985  4.9544  1.9426  0.3814  0.1238  0.5764  3.0225  5.5225  1.3502  0.419  1.484  0.666  
trainID = 1925  2.0609  1.1246  2.215  1.7676  0.7036  1.1623  1.511  0.7089  2.5465  1.8119  3.4072  3.046  3.3981  1.7384  0.106  2.5386  1.3976  0.8913  0.8689  2.1122  3.5003  0.846  1.5154  0.6223  3.9842  11.7206  3.0137  10.0297  1.1375  5.2256  1.1415  0.411  0.4897  0.071  0.7857  0.461  3.6684  2.7547  0.4988  1.7217  0.4943  2.1497  3.6717  1.3472  0.7404  1.7049  
trainID = 1959  1.0084  1.4875  1.803  0.4449  3.0751  4.4957  1.1193  2.392  0.484  0.6242  2.8922  1.2957  1.5379  0.0879  1.1228  2.8568  1.5504  4.1734  0.8326  1.9531  1.5389  1.7043  2.6373  3.0373  5.1405  0.0474  1.6157  1.2761  3.9894  0.7584  1.031  0.4596  0.6185  0.7975  1.849  4.9284  0.7211  4.4116  1.0548  0.5567  0.9847  3.6541  0.7992  0.775  1.2011  0.941  
trainID = 2022  1.3821  0.7769  1.139  0.1816  1.7635  0.0762  0.115  0.9001  0.621  0.1217  2.0382  0.2398  0.695  0.5405  0.2893  2.1884  1.0122  4.0142  0.2231  2.8784  0.5732  0.5055  3.2756  0.9874  2.8607  1.3903  1.5373  1.083  1.2343  1.7406  0.885  2.5919  0.2457  0.1146  0.354  0.3443  0.9635  0.914  1.5255  0.7815  2.3054  2.1041  2.1732  0.408  0.2592  
trainID = 2147  0.2048  1.7081  4.2557  1.193  2.4965  1.306  3.6015  2.7092  1.125  8.0403  0.5243  4.0964  1.88  4.5134  1.7067  2.1503  5.1743  2.3982  0.074  1.2676  1.4253  2.4429  14.1852  2.4943  11.7479  3.7129  9.41  2.8394  2.2272  0.3401  3.4574  1.5309  1.332  3.7994  7.4783  0.7904  6.0257  1.758  4.2654  6.8495  0.0958  1.3354  0.5869  36.9925  
trainID = 2462  0.8918  0.4326  4.8997  1.459  0.022  1.639  1.828  3.7332  3.668  8.1558  2.6459  1.2298  2.078  0.5878  1.0806  0.5211  2.6095  6.7998  0.059  1.966  2.763  1.7034  17.3852  6.546  9.0243  3.0705  9.0964  3.3618  0.874  0.7651  2.0764  0.7118  0.347  6.8404  3.5083  0.0687  4.1166  1.4869  2.3184  5.1082  0.1478  0.1521  2.1142  36.8968  
trainID = 2805  0.9751  2.0058  4.5907  2.152  1.861  0.201  3.0976  5.7292  2.82  8.5105  1.3272  4.688  2.6473  4.8455  0.4745  0.4606  5.3746  6.0788  0.776  0.9069  2.7553  3.2249  14.1094  0.9448  13.4341  0.7325  11.3709  5.2863  1.17  2.1711  2.8399  0.2646  1.281  5.6994  7.4481  0.4813  4.1324  1.5017  6.0514  8.3779  1.7446  1.4696  1.0179  38.0322  
trainID = 2992  0.7029  5.5247  0.764  4.9644  0.3842  1.2328  1.859  2.6616  3.5417  0.0772  1.8972  0.7513  4.2505  2.3985  1.5067  2.8192  0.2916  4.9065  1.6983  3.7325  0.1718  0.327  0.6595  4.5547  2.4665  7.4847  2.0409  9.2174  4.8052  4.3097  1.3721  0.11  1.8629  1.6034  0.9211  1.6746  3.8708  0.1362  0.9967  3.6577  0.1249  1.316  0.4657  0.471  
TrainID = 2022  dbValue = 1.16342  nTestCell = 47  nTrainCell = 45  nDiff = 2  (X,Y) = (1065, 1165)  Position Error = 40.3609
TrainID = 488  dbValue = 1.64117  nTestCell = 47  nTrainCell = 46  nDiff = 1  (X,Y) = (1075, 1215)  Position Error = 88.1419
TrainID = 1873  dbValue = 1.70444  nTestCell = 47  nTrainCell = 46  nDiff = 1  (X,Y) = (1065, 1195)  Position Error = 65.7951
TrainID = 1959  dbValue = 1.77751  nTestCell = 47  nTrainCell = 46  nDiff = 1  (X,Y) = (1085, 1175)  Position Error = 61.7171
TrainID = 775  dbValue = 1.82923  nTestCell = 47  nTrainCell = 47  nDiff = 0  (X,Y) = (1065, 1215)  Position Error = 84.4334
TrainID = 1632  dbValue = 2.13519  nTestCell = 47  nTrainCell = 47  nDiff = 0  (X,Y) = (1095, 1245)  Position Error = 123.891
TrainID = 1925  dbValue = 2.14834  nTestCell = 47  nTrainCell = 46  nDiff = 1  (X,Y) = (1105, 1235)  Position Error = 120.37
TrainID = 2992  dbValue = 2.28603  nTestCell = 47  nTrainCell = 44  nDiff = 3  (X,Y) = (1125, 1175)  Position Error = 95.7549
TrainID = 360  dbValue = 2.33142  nTestCell = 47  nTrainCell = 46  nDiff = 1  (X,Y) = (1045, 1255)  Position Error = 120.204
TrainID = 1904  dbValue = 2.37674  nTestCell = 47  nTrainCell = 47  nDiff = 0  (X,Y) = (1085, 1235)  Position Error = 110.494
TrainID = 602  dbValue = 2.93467  nTestCell = 47  nTrainCell = 45  nDiff = 2  (X,Y) = (1145, 1145)  Position Error = 107.466
TrainID = 753  dbValue = 3.28819  nTestCell = 47  nTrainCell = 44  nDiff = 3  (X,Y) = (1115, 1275)  Position Error = 159.778
TrainID = 891  dbValue = 3.30738  nTestCell = 47  nTrainCell = 47  nDiff = 0  (X,Y) = (1015, 1295)  Position Error = 161.645
TrainID = 1167  dbValue = 3.68586  nTestCell = 47  nTrainCell = 44  nDiff = 3  (X,Y) = (1125, 1295)  Position Error = 182.124
TrainID = 2462  dbValue = 3.79068  nTestCell = 47  nTrainCell = 44  nDiff = 3  (X,Y) = (1095, 1285)  Position Error = 160.465
TrainID = 1700  dbValue = 3.79236  nTestCell = 47  nTrainCell = 44  nDiff = 3  (X,Y) = (1075, 1295)  Position Error = 164.222
TrainID = 475  dbValue = 3.83528  nTestCell = 47  nTrainCell = 44  nDiff = 3  (X,Y) = (1125, 1305)  Position Error = 190.969
TrainID = 1784  dbValue = 3.92546  nTestCell = 47  nTrainCell = 44  nDiff = 3  (X,Y) = (1105, 1285)  Position Error = 164.283
TrainID = 2147  dbValue = 4.03518  nTestCell = 47  nTrainCell = 44  nDiff = 3  (X,Y) = (1145, 1305)  Position Error = 200.871
TrainID = 669  dbValue = 4.0444  nTestCell = 47  nTrainCell = 44  nDiff = 3  (X,Y) = (1045, 1315)  Position Error = 180.136
TrainID = 1495  dbValue = 4.09584  nTestCell = 47  nTrainCell = 44  nDiff = 3  (X,Y) = (1095, 1345)  Position Error = 217.598
TrainID = 2805  dbValue = 4.43326  nTestCell = 47  nTrainCell = 44  nDiff = 3  (X,Y) = (1135, 1355)  Position Error = 240.435
