trainID = 330  0.0692  1.5242  4.0916  0.5135  0.2187  1.7591  0.6793  4.7015  0.879  0.802  0.4254  3.547  1.1223  3.4533  0.685  0.245  0.0582  1.235  1.132  1.5138  1.3462  1.1045  1.9291  1.1813  0.9541  4.142  3.5162  1.9292  1.3363  2.5272  0.6102  1.0109  2.6208  0.4591  0.5559  0.0807  0.6831  0.309  2.5272  0.8395  2.9661  2.5039  0.363  1.2327  2.2059  
trainID = 366  36.2119  2.3697  3.1785  1.7206  2.0427  0.7652  0.8416  1.946  3.0345  2.5113  0.291  0.5642  0.285  0.5504  3.4115  1.051  2.1512  2.2038  0.3214  3.1243  9.7901  6.1565  1.682  1.3113  4.5449  0.1733  1.5811  2.4502  1.4585  0.6502  0.1326  2.8688  0.6373  1.7962  2.4302  2.1904  0.8716  3.7868  1.8008  0.1915  1.2805  4.9341  0.9183  0.88  1.373  2.0964  
trainID = 387  2.523  0.7101  1.2934  1.3644  5.4542  2.2027  0.3469  2.3506  1.8311  0.426  0.1265  0.937  0.039  3.1164  2.1929  6.3126  5.1955  1.4285  0.9727  1.5302  1.774  2.2861  0.3471  1.3465  4.6652  3.8166  4.1196  3.2228  2.1035  0.8678  3.4634  2.0522  3.9103  0.6705  2.2531  2.9179  2.2328  2.2147  0.3405  1.3015  0.499  4.075  2.7982  1.135  
trainID = 522  34.5508  2.4581  7.9015  2.3966  1.8554  4.3936  0.8706  3.0367  1.9383  4.4657  1.454  1.0865  1.242  34.3325  1.2852  1.5171  0.2256  21.5057  0.4801  10.3543  2.8002  1.4074  5.5738  1.3257  3.944  2.4533  1.9298  2.5105  5.5149  0.4556  0.1136  1.087  1.6222  5.045  2.9439  1.9815  1.132  4.0218  0.217  5.2541  0.7128  1.052  0.523  1.2335  
trainID = 565  3.3217  0.3026  2.7656  3.424  0.7512  2.8971  1.4396  1.7718  1.1152  33.9108  0.4095  0.37  0.928  0.0766  3.9019  2.3821  7.0315  6.2382  4.7298  0.8949  3.1092  7.0217  0.0814  0.2927  4.5253  8.4676  5.3489  1.5671  1.4514  1.3227  0.2799  2.7772  1.8502  3.4607  1.8781  3.6494  0.6009  2.7018  0.9457  4.3029  1.528  4.085  1.8822  2.318  
trainID = 589  33.7902  0.8099  5.2095  3.6986  2.9114  3.1674  0.973  3.6046  2.3633  2.1835  1.206  1.9704  0.534  33.6455  0.451  0.8788  0.1808  15.1957  3.2148  2.8691  2.8864  3.6961  4.6288  1.5033  3.635  2.3113  0.8428  0.7556  8.7826  1.3692  2.2262  2.2544  1.1662  2.4159  0.3155  1.7481  0.819  2.2889  3.7706  2.516  0.6932  1.341  2.579  0.9389  
trainID = 617  34.3053  2.0425  2.6172  3.8866  1.909  0.0046  0.8653  1.7976  1.3216  1.4937  1.19  2.5941  1.037  0.3899  1.89  1.14  2.4637  0.8953  1.4606  4.19  2.6074  1.0171  1.9896  0.7328  3.4196  0.8935  0.4903  2.3324  1.0991  1.271  0.5583  0.2504  0.6224  1.0265  0.1983  2.5425  0.2793  1.3325  1.613  0.157  1.5565  1.5128  1.6629  1.111  1.2  0.3616  
trainID = 639  1.9048  1.3796  4.7166  4.947  1.9296  2.4322  1.2365  0.4006  0.8701  33.3218  0.9351  0.266  1.1547  1.9719  0.4543  0.4326  4.15  7.7611  4.8224  2.511  3.2143  3.5954  0.0565  0.4769  2.6364  7.8408  5.8534  3.4577  1.6926  4.013  2.6186  0.3709  2.2267  1.9728  3.4518  1.3722  0.4068  1.8387  1.2933  0.2185  2.7303  0.441  1.902  1.348  
trainID = 657  1.4207  0.0472  1.2445  5.2587  2.6858  1.7001  0.1276  0.2417  1.588  32.6568  1.2244  0.152  3.688  0.7838  0.0841  1.7092  4.8374  3.5273  5.2112  1.3655  1.8792  3.7674  3.341  2.0461  0.732  3.9784  5.0434  2.6724  0.1916  1.8347  3.4303  1.9512  0.1168  3.3381  0.4863  2.0508  0.3975  0.74  0.4552  1.602  0.889  0.839  0.629  0.172  
trainID = 742  33.3838  0.2727  1.7053  1.3886  1.6575  0.0362  1.1565  4.0281  0.4343  1.9858  0.036  1.0511  0.325  0.1841  1.855  0.843  1.9485  0.5661  1.0357  2.615  1.8243  0.0142  3.1738  1.5117  3.1005  1.1569  3.712  1.671  2.4304  0.5266  1.5971  2.8176  1.904  0.5068  1.0682  0.3143  1.7217  1.0943  0.6316  2.1534  2.7005  1.5297  1.6713  0.868  0.0543  2.1508  0.082  
trainID = 787  34.9622  2.8808  5.5905  4.0596  3.3994  2.6796  0.1016  3.6972  1.0103  3.9023  1.293  2.8722  1.007  34.5565  0.6297  1.0177  1.5728  13.8307  4.857  10.442  1.1721  1.5834  3.2623  0.7541  6.067  2.115  1.8979  0.6551  3.7247  1.9395  1.2141  2.0428  0.7498  4.2799  1.0836  0.7337  2.13  2.8505  0.2449  1.4461  2.554  1.288  4.657  0.9881  
trainID = 950  33.6469  2.7057  2.9791  1.2885  2.4925  0.6684  2.5942  2.6361  2.6313  3.4186  2.793  0.3512  0.555  1.5767  1.768  1.599  2.0161  3.151  3.8015  7.2151  9.2811  11.4579  3.5416  0.3873  3.5204  1.204  2.1079  2.038  2.2416  0.0339  1.7779  1.7613  0.6599  0.384  0.0087  4.3182  1.4138  1.6415  1.494  1.0931  0.5111  2.5259  0.2625  1.086  2.082  0.1777  
trainID = 959  36.7263  1.2738  2.9858  1.0408  0.27  2.483  0.7848  1.3788  4.6157  2.5179  0.403  1.8893  0.521  1.8376  2.277  1.6501  3.8118  1.0205  2.8102  2.9135  0.3345  5.7045  1.6067  0.9567  2.9705  0.6993  1.1829  2.5015  4.2205  2.4241  0.8144  4.549  1.5459  0.1698  1.2952  5.573  1.8956  1.6339  0.273  0.376  0.7357  4.6231  1.2828  34.0778  
trainID = 964  38.3405  1.5801  2.9342  0.4079  0.3942  0.4995  2.1839  0.8258  4.0734  1.2092  0.948  0.7811  1.76  0.1617  2.153  1.4998  2.8727  3.9135  3.5571  5.4826  3.2144  9.7828  0.7757  3.6652  4.413  3.686  2.245  1.9309  4.5272  1.18  1.8224  2.4376  4.5807  0.6345  2.5892  2.3455  0.8812  0.5759  1.442  0.7742  1.5225  1.2396  0.3112  34.7238  
trainID = 1166  35.9021  3.9339  2.1015  2.2556  0.6637  1.8088  0.5845  4.6636  0.406  3.9529  0.894  0.0952  0.434  0.2597  1.451  0.791  2.07  2.2566  2.3373  0.5841  3.6552  3.6952  2.6406  0.9608  2.4356  1.8874  1.3042  2.2163  2.1111  0.9615  0.6655  1.4229  1.696  0.7865  1.2902  5.244  1.5417  0.8247  1.29  0.3366  0.1435  3.9221  0.165  1.498  0.978  3.0689  
trainID = 1255  0.662  2.322  4.5099  1.5536  9.396  0.1599  2.0418  3.7236  1.4193  2.7576  0.8167  2.9547  2.9556  4.006  12.9255  1.6253  10.7349  7.5011  10.5423  0.936  1.3011  7.8914  4.712  1.9075  6.591  3.4847  13.1757  18.3025  4.7485  4.7359  4.4586  4.1612  3.1631  8.2066  1.6888  2.4433  2.7961  3.7644  0.1704  4.3993  0.266  2.297  2.5978  1.473  
trainID = 1389  2.2393  0.2075  3.0936  6.1724  3.2252  2.7793  1.8676  0.1989  1.6366  33.7888  3.4741  0.787  0.253  5.691  2.1238  2.0666  7.2392  6.3222  7.3583  0.3279  1.5038  8.4477  2.3643  2.1277  3.6079  11.6911  5.9525  2.6265  0.5757  7.9092  2.3177  2.5942  0.6203  3.8489  4.5507  4.1551  0.5256  0.7118  1.4228  5.5425  1.409  0.612  0.7042  1.298  
trainID = 1826  3.233  0.698  2.4956  6.1217  0.2329  3.0159  1.3175  1.2025  2.8996  33.1178  0.9911  0.972  2.478  2.6358  2.2493  1.4656  9.0194  6.558  8.0499  0.5358  1.0462  7.7061  0.9007  0.5523  3.3735  9.582  7.475  0.0951  1.302  4.6581  0.3892  2.7942  4.6651  3.9749  2.379  0.8657  1.0646  2.6231  0.9436  3.6214  0.786  0.722  1.0253  1.962  
trainID = 2820  4.2863  1.1469  0.9553  7.9902  0.2719  3.4545  0.9919  0.3313  2.3006  33.6408  1.981  0.826  0.255  2.2357  3.0745  1.9545  7.5264  6.318  6.9189  1.0679  2.6524  3.873  0.3561  0.1439  3.9503  8.9171  7.4449  4.0733  0.824  2.1755  2.7324  1.0022  1.4635  3.7323  0.1422  4.3724  0.1137  3.7245  0.3173  4.3254  2.0461  1.177  1.9946  0.123  
trainID = 2847  0.229  5.6891  0.647  0.3983  6.4813  0.2039  0.3615  3.2626  0.5548  0.7052  0.5494  2.807  0.038  2.5923  6.0271  1.1101  8.6269  9.0469  8.2807  0.9568  3.6378  6.3497  2.4877  2.429  3.064  12.085  7.9319  2.6513  0.9655  6.0387  2.358  3.3892  2.2919  3.8438  4.2514  2.7101  2.6618  4.5042  1.0871  4.5192  0.504  1.585  0.8254  0.249  
TrainID = 330  dbValue = 1.50198  nTestCell = 47  nTrainCell = 45  nDiff = 2  (X,Y) = (1725, 1035)  Position Error = 31.305
TrainID = 742  dbValue = 2.09564  nTestCell = 47  nTrainCell = 47  nDiff = 0  (X,Y) = (1735, 985)  Position Error = 52.345
TrainID = 387  dbValue = 2.1538  nTestCell = 47  nTrainCell = 44  nDiff = 3  (X,Y) = (1595, 1025)  Position Error = 102.078
TrainID = 617  dbValue = 2.15939  nTestCell = 47  nTrainCell = 46  nDiff = 1  (X,Y) = (1705, 965)  Position Error = 56.5685
TrainID = 1166  dbValue = 2.48233  nTestCell = 47  nTrainCell = 46  nDiff = 1  (X,Y) = (1695, 945)  Position Error = 76.0263
TrainID = 657  dbValue = 2.54858  nTestCell = 47  nTrainCell = 44  nDiff = 3  (X,Y) = (1665, 1085)  Position Error = 71.5542
TrainID = 366  dbValue = 2.75136  nTestCell = 47  nTrainCell = 46  nDiff = 1  (X,Y) = (1715, 925)  Position Error = 97.6729
TrainID = 950  dbValue = 2.97607  nTestCell = 47  nTrainCell = 46  nDiff = 1  (X,Y) = (1725, 925)  Position Error = 100
TrainID = 639  dbValue = 3.01424  nTestCell = 47  nTrainCell = 44  nDiff = 3  (X,Y) = (1715, 1145)  Position Error = 125.3
TrainID = 2847  dbValue = 3.20429  nTestCell = 47  nTrainCell = 44  nDiff = 3  (X,Y) = (1625, 1175)  Position Error = 170
TrainID = 565  dbValue = 3.27523  nTestCell = 47  nTrainCell = 44  nDiff = 3  (X,Y) = (1665, 1145)  Position Error = 128.062
TrainID = 2820  dbValue = 3.39102  nTestCell = 47  nTrainCell = 44  nDiff = 3  (X,Y) = (1635, 1145)  Position Error = 138.636
TrainID = 1826  dbValue = 3.49537  nTestCell = 47  nTrainCell = 44  nDiff = 3  (X,Y) = (1655, 1165)  Position Error = 150
TrainID = 959  dbValue = 3.51494  nTestCell = 47  nTrainCell = 44  nDiff = 3  (X,Y) = (1665, 915)  Position Error = 110.725
TrainID = 964  dbValue = 3.7927  nTestCell = 47  nTrainCell = 44  nDiff = 3  (X,Y) = (1685, 905)  Position Error = 116.619
TrainID = 1389  dbValue = 3.81753  nTestCell = 47  nTrainCell = 44  nDiff = 3  (X,Y) = (1665, 1195)  Position Error = 176.918
TrainID = 589  dbValue = 3.96231  nTestCell = 47  nTrainCell = 44  nDiff = 3  (X,Y) = (1805, 965)  Position Error = 121.655
TrainID = 787  dbValue = 4.17717  nTestCell = 47  nTrainCell = 44  nDiff = 3  (X,Y) = (1765, 915)  Position Error = 125.936
TrainID = 522  dbValue = 4.36829  nTestCell = 47  nTrainCell = 44  nDiff = 3  (X,Y) = (1795, 915)  Position Error = 144.361
TrainID = 1255  dbValue = 4.36999  nTestCell = 47  nTrainCell = 44  nDiff = 3  (X,Y) = (1515, 1215)  Position Error = 266.008
