trainID = 306  6.0057  3.0441  0.069  0.4578  0.5092  0.749  2.3499  6.5176  0.2949  6.7955  0.9838  7.296  0.0937  0.6215  5.1649  0.2764  2.2544  1.1811  5.9224  5.24  5.9677  1.3277  13.4579  16.1963  1.085  1.8674  2.3413  5.1661  3.7926  0.3242  0.528  3.8163  5.5631  1.4437  0.7947  1.591  36.8618  2.007  
trainID = 316  7.1452  0.9269  4.1164  2.3007  2.5056  4.7779  4.7548  1.7687  2.6027  20.3278  8.3202  11.2584  3.3281  1.6722  7.9452  0.586  4.5315  5.5352  4.5009  0.271  0.1655  6.5465  2.4366  8.982  6.7156  4.575  2.2383  1.9792  7.8462  2.648  4.7411  2.443  0.0331  9.0907  1.6765  2.816  3.5546  0.4926  3.5166  
trainID = 320  1.5798  2.1003  0.149  2.1128  2.9899  0.202  3.5485  1.2795  0.9986  1.1195  5.1588  6.467  3.6698  3.435  0.3061  0.264  0.5574  2.2122  2.8325  0.585  1.8555  2.3112  2.7627  4.4622  13.7642  26.3439  10.8819  1.8729  6.7476  2.0715  3.3411  0.9351  5.2518  6.0847  2.936  6.7741  0.23  4.761  3.0177  34.9173  2.199  
trainID = 335  1.3429  6.7636  0.295  0.0478  2.2205  0.762  3.0766  2.9368  3.0563  1.5842  8.0293  8.5637  0.8436  5.049  2.907  2.8129  3.3561  2.5922  38.4765  0.3797  3.91  5.0831  36.1452  16.6025  3.6582  3.6682  6.8491  3.4649  5.5749  2.542  7.1544  8.5965  2.1032  5.2706  0.349  4.0909  5.0283  34.6474  3.203  
trainID = 347  6.4347  5.9685  2.1693  1.2305  0.3595  3.9551  0.733  2.9188  2.8343  8.1614  8.1491  3.8819  1.1197  6.8155  0.1176  2.3492  1.8373  3.7561  38.8495  5.0028  2.5127  1.3127  8.2333  5.8865  2.4219  2.5365  1.6499  7.6448  0.1596  2.115  3.8323  3.2097  2.6728  5.778  1.8445  1.8159  2.2435  1.318  
trainID = 359  3.2139  2.6371  2.4135  1.1738  0.954  2.3648  1.8429  2.9808  3.4133  7.0328  5.7991  4.0236  3.5262  3.3347  1.4394  1.7408  0.2293  2.4834  1.9859  0.667  2.3775  0.7429  2.3605  3.5898  5.9622  5.3434  4.3009  0.9167  1.3356  5.9666  1.1881  0.356  2.3895  2.3228  0.0257  4.7572  1.1887  2.2063  0.3331  34.3588  0.386  
trainID = 369  1.0179  2.5494  0.116  1.6598  0.9187  1.0588  3.2634  2.9408  3.9203  0.3699  5.9778  6.786  0.6691  3.6938  2.7362  1.3875  0.3285  3.6262  2.9218  0.724  1.8585  1.4591  2.3742  4.3366  13.8236  25.504  5.4621  2.5877  7.2694  3.2446  2.5892  0.639  6.2646  5.7004  1.4081  3.7114  0.912  1.8104  2.8199  33.2096  0.211  
trainID = 400  1.6936  2.2186  3.5059  1.3667  1.305  2.4196  2.5846  1.402  1.9793  5.1256  6.7053  2.8926  3.1335  0.0689  2.9509  0.055  2.1776  3.5756  3.8523  0.362  1.4895  3.7243  0.5219  3.4511  2.36  3.2463  1.1087  0.9471  1.0285  2.9986  1.3576  1.268  1.8791  3.4608  2.7538  3.5403  3.6831  0.3708  1.4813  0.963  
trainID = 408  1.0518  1.148  0.384  0.9298  1.7297  0.686  0.8179  0.2268  1.326  1.2412  1.2151  6.0362  0.6907  3.8436  0.7025  1.996  2.3425  2.0652  3.6437  0.058  1.6415  0.8932  3.6057  1.298  3.1351  12.934  1.8249  0.0525  4.2983  1.3354  2.4468  2.3762  2.2436  0.2039  3.3743  1.7378  0.9634  1.4402  0.8276  37.5876  0.336  
trainID = 424  4.6928  0.5173  4.3445  4.8421  0.7445  5.0515  3.7005  0.9487  1.2378  13.2061  10.1746  6.9984  4.903  0.3161  8.2691  0.553  2.2095  7.2064  5.6992  0.906  2.1125  7.946  2.0626  4.3408  5.3051  3.226  2.7779  0.9119  7.977  4.6924  2.8723  1.167  3.8101  4.7108  4.653  3.8058  4.3298  0.1182  1.9928  
trainID = 426  1.0508  1.2573  0.599  2.6917  0.0636  2.4223  0.4498  4.9383  7.9988  1.9137  1.8413  0.8526  1.577  0.4881  2.5542  3.1703  0.88  3.1655  1.9976  3.336  0.8432  7.3438  28.3182  8.2305  3.1298  10.9724  0.2564  5.4013  0.791  7.3774  11.9902  4.3623  4.8238  3.5718  5.7812  5.2257  35.9977  34.9381  
trainID = 436  3.5153  2.6503  0.495  2.9328  0.5503  0.516  1.0162  3.2078  0.3382  5.7653  0.8528  6.582  0.2683  0.1258  3.5858  1.0698  0.181  0.8486  4.3863  2.765  3.8067  2.6894  14.4892  4.8093  0.7852  3.7727  1.1673  4.0968  3.4429  0.4839  1.1469  4.6112  2.2813  0.0723  0.4797  0.9561  37.5655  0.628  
trainID = 448  2.2848  4.68  0.614  2.3668  1.9669  0.736  2.8646  2.4428  3.7673  5.3135  9.7301  5.9907  5.5296  6.9794  2.3481  2.7749  1.4767  1.7442  3.1588  4.3904  4.3507  19.9526  9.8836  4.203  5.7671  6.8394  6.9982  1.2436  1.3  6.6025  6.0077  0.3286  5.9818  2.0082  2.1169  1.6485  33.4498  1.279  
trainID = 464  2.9695  1.9985  1.836  1.7498  0.1676  0.897  2.5343  1.7816  2.1475  4.822  0.9103  5.174  1.1601  1.6705  2.8407  3.4538  0.7159  0.3437  3.7047  1.0414  0.1052  1.2764  20.0419  12.4413  0.4986  4.1671  2.0787  5.5064  2.7766  2.7981  2.2601  5.9271  5.0413  1.275  4.0589  0.4741  38.0992  0.581  
trainID = 496  2.9432  6.8015  0.435  2.0929  1.2791  3.1421  0.8901  3.8358  3.5103  9.7318  11.0579  5.9494  4.358  8.233  2.285  3.0521  2.8446  0.4628  37.8455  3.6579  6.5077  2.9453  18.2355  6.5567  1.2226  4.8582  3.3507  7.545  0.2393  0.264  8.4654  4.7161  1.6898  8.4622  1.0152  3.2051  2.5163  32.9994  1.733  
trainID = 526  1.4519  3.6916  0.527  1.9308  1.3943  0.529  1.2609  0.8587  0.1014  2.6347  4.6584  5.1474  2.8373  3.9558  1.5386  1.568  1.2911  1.0748  3.5047  0.834  2.4265  1.5542  2.546  1.56  8.1496  8.9963  7.4966  2.5224  2.8026  0.445  3.4372  1.6952  2.7961  3.1501  0.5623  3.6204  2.2637  2.0047  0.5726  36.9664  
trainID = 529  2.5668  4.0207  0.634  0.6798  1.9141  0.769  2.9146  3.8378  4.0213  4.5381  6.9348  6.2098  1.0319  5.5168  1.0955  0.422  2.2574  1.2857  2.4176  0.996  3.1445  3.2468  5.7146  3.91  17.1406  16.2143  19.3119  4.1783  6.2638  3.5609  0.9179  1.569  6.3659  6.4292  1.285  7.5771  2.7108  3.0578  1.7257  32.7644  0.959  
trainID = 535  8.9641  0.7263  6.3549  3.6915  6.518  5.1984  5.5702  0.9737  2.7767  31.3429  10.2731  17.0915  0.854  4.8812  8.6388  1.41  4.2601  7.7555  5.3846  1.354  0.5555  10.875  1.5472  8.196  6.6903  5.1972  4.9173  2.3772  8.6505  5.618  5.5924  1.149  0.0216  8.3148  3.1135  3.126  6.1488  2.5652  4.1292  
trainID = 538  7.7817  0.4825  3.1991  3.0864  2.1483  5.8271  3.1398  2.0751  2.0536  25.5276  3.0455  12.2029  0.0729  2.616  8.4678  0.824  3.9691  6.2659  3.7584  0.497  1.7195  8.8697  5.8048  5.2109  5.9348  4.7612  2.6561  1.3422  7.3695  2.724  4.5063  1.798  1.2622  7.1558  4.668  4.2119  6.1698  3.3072  2.3882  
trainID = 551  1.7895  1.2001  2.7095  0.3914  2.8875  0.44  1.9502  5.4748  1.7575  3.7981  4.1293  2.8308  0.9265  0.4368  4.8222  0.0137  0.215  2.5807  2.0035  4.4616  5.9177  4.0452  2.3795  5.9606  2.6632  0.7791  0.59  1.358  4.2249  1.7702  5.6991  2.1859  3.2524  4.2748  0.0423  3.0542  1.325  0.693  
trainID = 558  9.3756  2.2186  3.2925  4.6457  6.6144  3.9637  3.1897  2.2866  1.1429  25.9529  1.0658  10.9185  3.9655  2.4722  7.5053  0.111  3.6914  6.5262  3.2218  0.95  1.7145  10.7547  4.391  6.2172  5.0388  3.7184  2.3733  0.7651  7.7848  4.3107  1.9431  1.565  0.1309  7.8431  6.147  3.4275  3.8468  4.1352  2.0697  
trainID = 574  4.9132  1.2457  0.433  1.4648  2.4056  0.069  2.4609  6.2268  1.8439  8.2404  2.0083  3.5212  1.5565  0.8286  4.5995  1.6357  0.9027  0.0141  7.473  4.0905  6.3592  3.8041  8.1718  11.0617  1.5132  3.8708  0.9038  6.2825  1.2522  0.817  2.092  4.4998  4.7704  4.4238  1.1768  3.0714  35.571  0.168  
trainID = 579  0.7756  3.0614  1.464  2.6988  1.6921  1.6069  1.4975  1.1388  2.5643  2.8973  5.9218  4.9049  4.2665  4.7735  2.0039  0.352  1.4425  1.6302  3.1181  0.419  0.9025  0.0639  3.3469  0.4168  9.871  22.0198  8.8476  1.8352  5.2666  3.8161  1.2841  0.347  4.1924  5.463  1.5655  3.2411  1.7711  2.5974  3.3324  33.5162  0.1  
trainID = 581  2.7898  4.333  1.278  3.1867  0.6703  4.1023  3.3853  6.9029  3.3177  0.0236  2.1443  1.6426  0.063  3.8099  4.1142  5.2375  3.046  3.0505  3.1612  4.7613  3.12  9.1204  25.9622  9.732  3.3551  10.9191  3.3067  3.5584  2.8463  5.0122  10.771  2.6267  3.2206  3.0552  6.1161  4.2736  37.4769  37.9046  
trainID = 597  0.0418  0.9113  1.814  4.0008  0.6516  1.7638  0.4805  0.1454  3.2593  2.191  5.1995  7.3989  0.7126  2.8569  1.96  1.525  2.709  0.9075  2.3725  0.115  1.5165  0.4255  1.3478  0.4849  6.2777  16.3564  0.7877  0.587  3.0098  0.7906  4.4328  1.2447  3.6277  2.9627  4.1419  0.4846  1.382  2.8546  3.2597  36.0684  0.768  
trainID = 615  7.0517  0.6408  3.9813  4.2265  4.2274  3.6593  4.0421  0.437  2.6605  12.9571  10.217  8.7577  1.0604  0.438  8.3034  1.3992  3.4946  4.2435  5.2218  0.9941  0.0403  7.4097  2.895  4.8029  4.7957  4.9152  1.9923  0.9914  6.0582  4.3538  5.1799  0.9817  3.9535  7.2705  1.7463  2.3477  5.5318  1.3902  2.75  
trainID = 618  2.6939  7.9991  0.649  2.7218  3.6039  0.373  1.2268  4.4588  3.1133  5.9816  13.4698  6.1359  2.9264  7.3183  1.8686  0.802  1.7862  0.6562  38.4865  3.1539  7.5127  4.0106  22.382  9.6143  5.1529  0.7023  5.4518  6.7644  1.2266  0.306  7.4814  6.7471  2.3761  10.1087  0.3972  3.6566  2.4512  33.3604  2.104  
trainID = 624  3.8953  3.3784  0.173  0.9942  1.9354  1.1576  0.0907  4.4388  3.5023  5.7523  7.0609  6.5909  1.2967  6.1595  2.1256  0.315  2.5372  2.3682  38.2835  2.1346  5.2584  5.7807  11.5789  12.4027  9.7557  4.6849  2.4769  5.3698  0.5214  1.639  5.0849  6.7876  1.0015  5.3289  1.2675  2.1318  1.4086  33.409  
trainID = 666  1.5828  1.4879  0.78  1.8919  2.3929  1.575  0.5821  6.8485  7.8388  1.1279  4.7608  0.6986  0.042  3.2667  2.6962  2.9946  3.489  4.1055  1.4387  3.0297  1.3651  13.8715  33.7164  4.8488  2.5758  7.6652  0.5814  2.5271  1.8161  6.8674  7.9619  2.8247  4.647  1.2364  1.4957  3.8571  34.2482  36.7759  
trainID = 684  4.6206  1.0736  1.191  3.4598  0.1607  0.48  3.3086  7.9046  0.1584  6.3569  0.5861  5.2008  4.0971  2.0067  4.2149  1.505  2.5986  0.7275  9.7819  9.9391  7.3126  4.0362  7.8426  11.6894  1.2478  3.4944  2.43  4.8292  4.1839  4.919  3.3119  4.616  3.7129  4.3588  0.0807  2.7402  33.8252  0.559  
trainID = 685  7.5238  0.8035  5.4269  3.8798  3.5898  2.6879  6.2049  0.7323  0.4431  13.9797  21.1626  15.5307  1.3434  2.7177  11.2299  5.0948  6.31  4.4535  0.909  0.7935  10.2605  4.6087  8.8182  4.587  3.8771  7.6327  1.4903  6.2789  5.6779  5.5185  0.406  2.3507  9.3607  3.875  4.8619  6.1748  3.8672  4.0536  
trainID = 711  3.5627  1.7279  4.1775  2.1768  3.6716  4.3351  0.9134  0.4214  0.9594  15.3912  5.0269  5.9939  3.7025  1.5857  5.1997  1.4234  4.6091  3.668  5.1286  0.338  0.5415  4.7411  3.3221  2.48  3.8064  2.2317  3.3262  1.1143  5.5743  4.0466  1.6168  0.259  0.2491  3.6188  1.7539  3.5752  4.6008  0.7852  0.1578  
trainID = 712  1.3515  4.4602  4.5114  0.0001  1.6096  2.3307  2.3405  2.0027  2.6323  9.263  6.6107  0.2242  2.8253  6.0612  2.9049  1.9448  0.5717  4.6  2.7158  0.948  0.7455  2.5018  3.4619  5.9014  1.6294  2.7458  3.9936  3.4819  1.0519  6.488  0.091  0.927  2.1144  1.1875  1.242  3.0881  0.9213  0.2323  2.5631  0.566  
trainID = 722  3.9531  1.0023  3.5133  2.5222  2.7271  0.718  4.5699  1.3845  0.6837  11.7751  1.2221  1.2745  3.721  1.1488  5.3242  3.286  2.6951  7.6672  5.4021  0.395  3.5105  3.7553  4.9043  0.3477  2.0656  0.9911  1.121  1.8922  3.9181  4.1859  1.6046  1.076  0.1077  4.8733  0.1625  3.6702  3.8756  1.0362  0.0152  
trainID = 731  0.7963  0.3386  0.396  1.7528  0.5659  0.576  0.6602  2.5921  0.4607  1.0391  2.2761  3.7268  2.6651  2.0395  1.8234  0.967  0.1977  0.5452  0.8631  1.0865  1.7909  0.8336  0.2473  1.8564  2.3717  6.9547  0.7117  3.1273  4.9561  2.6887  2.368  2.5377  2.1749  1.5504  0.4038  1.6801  3.0705  2.3877  1.1473  34.6311  
trainID = 735  2.2095  1.9842  0.669  2.6198  2.3466  0.775  0.1052  3.3095  0.9345  8.206  1.0603  5.4074  0.0641  2.1755  2.4306  1.0145  1.2547  2.7355  6.3806  1.7684  4.7887  2.012  17.2052  11.5414  1.2272  4.745  0.4426  5.757  3.8892  1.143  1.3589  4.2919  2.7937  1.6734  0.2859  1.3598  35.5672  0.216  
trainID = 740  4.7558  5.7882  1.154  1.857  0.5812  3.3715  0.3037  3.5668  1.0904  10.9477  8.5484  2.9123  3.2297  4.8098  3.1083  0.316  3.1444  4.3634  1.8003  3.076  4.7995  3.6206  4.6683  1.0027  2.5065  5.0985  4.6909  1.8306  0.6192  6.6924  0.8298  0.003  3.2937  2.2046  2.5782  3.4574  2.6185  0.5239  0.7807  0.406  0.025  
trainID = 744  7.4294  2.7896  2.2738  2.9736  1.7693  2.6831  0.5114  1.7565  2.1249  16.8423  3.8355  0.4231  4.4231  2.3356  3.4337  0.147  1.8928  5.9079  3.3188  1.379  1.4855  4.2388  4.0277  0.7044  0.1827  0.0768  0.4758  0.6962  2.162  6.0767  3.1466  0.354  1.9542  1.8248  2.1433  6.3927  2.9086  0.7702  2.6185  
trainID = 749  6.002  1.0032  3.4555  4.0941  2.0322  2.1342  3.0617  2.5847  1.4284  11.1778  11.9235  7.6997  4.3197  1.1253  8.3415  0.466  3.7164  2.3374  1.6809  0.878  0.0356  6.3802  1.2572  7.7071  5.1617  5.3616  2.4224  1.0261  4.4877  2.3335  1.8871  0.9146  3.2064  8.3563  3.798  3.342  6.8688  1.2732  3.9112  
trainID = 751  2.3857  5.3401  0.24  0.0948  4.4956  1.2296  1.4898  2.4876  1.809  2.6436  6.5766  5.5113  2.7878  7.3788  0.9008  1.287  0.1862  2.4294  1.5203  1.51  0.7945  0.8782  3.7037  3.0271  9.7664  9.2638  10.6429  0.7481  4.5331  3.0609  2.9208  1.898  4.2879  3.9064  0.5648  2.7373  0.3171  2.7802  3.8765  34.6421  
trainID = 762  3.1038  1.1293  0.115  1.9009  2.2851  2.577  3.5155  0.9177  1.0512  2.9564  0.2108  0.4774  2.0205  3.0526  1.0255  1.7484  0.212  1.5547  1.6957  2.324  0.186  0.797  4.2672  1.7034  0.7432  0.1603  2.1485  1.129  2.3886  3.5621  0.6155  0.312  2.8975  2.1877  0.802  2.5606  3.3865  2.9778  2.2368  
trainID = 774  0.8111  4.4347  1.151  2.3818  2.9753  0.143  3.3001  1.7391  5.5743  2.4389  5.11  4.2046  1.6581  5.0634  1.7124  0.692  2.1222  1.6613  4.0908  1.634  1.1045  2.3375  3.6833  1.0433  10.7328  21.6912  5.2529  1.9686  4.282  1.0813  3.6234  1.4888  6.3484  4.9408  1.0757  2.7234  1.5637  3.8506  3.437  35.8993  1.321  
trainID = 823  1.3716  5.7466  1.919  3.7738  0.5792  3.328  2.1341  1.5558  4.2713  2.4328  7.9182  5.6203  1.0293  5.2611  1.0785  1.268  3.1784  0.0257  3.7039  0.357  1.7065  1.6213  2.1503  2.7243  13.943  18.3729  11.9773  3.6663  6.0443  3.2042  4.9116  1.0203  4.6704  7.155  0.7646  4.1277  0.7882  1.9805  4.7894  35.0489  0.195  
trainID = 856  0.0379  3.8442  0.817  3.7948  1.3112  0.472  2.8354  0.3367  3.0783  5.6085  2.4689  8.3249  0.9159  2.9605  2.9494  0.6155  1.9868  0.3895  1.0008  1.576  1.3016  1.745  20.579  13.3025  1.2865  8.4139  1.4101  4.2448  1.7815  5.5698  3.2304  3.4214  3.6859  0.3146  3.2811  0.4221  37.3594  1.534  
trainID = 865  4.2388  2.0287  0.692  3.0417  0.6359  4.3483  1.2004  4.3013  10.0676  0.4878  1.396  2.4208  0.734  1.1128  2.2662  3.2031  2.592  1.5265  2.6865  2.7854  0.4432  7.727  25.7608  13.4612  0.8048  12.0298  3.5721  5.4085  2.1739  6.6863  10.5143  4.8121  3.3303  2.9785  4.1875  3.986  36.7528  36.5819  
trainID = 908  3.1746  0.3472  1.056  1.6669  1.7272  2.8286  0.5482  1.5814  2.5573  2.7332  2.5766  4.3086  1.6267  1.8824  0.6621  0.937  1.2242  1.0611  0.8601  0.393  0.8635  2.5142  3.4141  0.9013  5.1136  4.2912  6.182  1.0412  0.4658  3.8953  2.7969  1.2221  2.8027  1.0676  2.1686  0.7535  1.5005  2.1643  2.8311  36.6619  1.58  
trainID = 921  1.6448  4.743  0.62  5.525  1.0973  4.9913  0.8577  4.8844  7.6547  0.5822  1.5492  3.1471  0.692  0.5761  4.6772  2.4479  1.387  2.4525  1.3404  5.0877  4.8221  6.9333  25.5502  13.021  0.8398  11.2785  3.8663  7.0876  2.2688  8.9104  9.3858  5.752  4.0949  3.1049  5.1756  3.7342  38.3387  36.3246  
trainID = 924  2.9308  0.1961  1.2399  1.609  0.4038  2.0775  1.0501  6.3115  7.6323  0.6081  5.2301  2.3928  0.263  2.6903  2.9902  2.6398  0.936  0.9875  1.3998  3.3831  0.3616  10.6594  28.3533  8.8899  1.4642  7.3747  0.445  5.5562  1.289  6.6842  4.8626  2.6592  0.6952  2.0104  3.6219  2.1305  35.2641  2.062  
trainID = 933  7.9054  3.7249  3.3487  5.7816  4.2352  6.014  1.5238  0.2847  1.2279  18.7836  0.1383  8.2715  4.4607  0.6668  9.842  0.134  3.3905  8.9944  2.8637  1.129  0.9335  8.4716  3.5693  2.7025  7.6364  1.7613  5.3028  0.7825  7.2436  8.5839  2.9718  1.662  2.7272  6.0808  3.869  4.5247  6.7868  0.7742  2.7712  
trainID = 940  0.9428  3.4569  0.64  0.0464  0.95  2.6476  0.1574  0.2883  1.6859  0.0387  0.7319  1.8544  1.3494  3.1878  1.6282  1.214  0.85  0.5096  2.2744  2.122  1.9815  1.3011  1.9982  1.3531  2.6756  4.5943  3.9007  2.8236  2.3244  1.2882  1.4236  3.593  2.8115  0.4776  0.4166  0.6651  1.3678  2.4248  0.6835  34.2701  
trainID = 1017  1.7646  0.8278  0.224  2.5768  2.357  1.48  1.994  3.5525  4.0493  3.3878  2.0779  6.6542  0.4517  2.6061  2.2992  1.4178  3.1273  0.5093  3.4967  1.4716  2.54  3.9416  14.4634  3.7892  0.8792  3.6433  2.0937  3.4142  4.4921  0.8478  1.1526  3.0369  1.4653  1.994  3.2039  0.7741  38.2519  1.001  
trainID = 1018  0.5052  3.5654  1.3  2.4758  3.5725  2.504  0.9421  0.871  3.0553  1.5629  6.4648  7.3434  0.4597  6.1109  0.9855  0.664  1.8432  0.0208  3.1678  1.962  3.7135  0.1443  4.0628  1.1238  11.8408  29.2386  0.5236  2.8695  8.2945  0.3572  2.0493  2.6169  7.2034  6.8737  2.6736  2.9694  0.9091  2.3331  3.8446  34.2833  2.259  
trainID = 1048  2.6558  3.1496  1.105  4.5211  0.4882  3.0893  3.4034  7.041  8.3107  0.3675  1.3113  2.7577  1.118  1.1018  3.5812  5.0885  0.065  1.6405  3.3664  2.3366  3.0414  4.0712  26.8317  11.9692  2.9768  10.7385  2.4246  5.2345  0.067  4.2958  14.2568  2.1494  4.1586  2.4506  7.1122  4.5399  38.3472  36.6557  
trainID = 1063  0.0127  2.2  0.089  0.6418  2.2079  0.039  2.3349  1.1956  2.9443  2.2241  1.5216  7.5729  1.2625  2.1327  1.4885  0.524  1.5305  2.0852  1.1793  0.308  1.1845  0.1793  0.4865  2.1888  5.2024  19.9766  4.1505  1.0763  5.9859  0.7505  3.7703  0.336  4.5662  1.7112  2.6135  0.0364  2.3441  3.6268  3.109  35.0089  0.685  
trainID = 1065  1.5156  0.4509  1.8472  2.3158  1.1554  3.9795  2.1475  1.3357  0.8574  2.8255  1.3355  0.8147  1.7447  3.1286  1.0188  0.212  0.1285  1.5603  1.0796  0.913  0.6055  0.0383  3.8606  3.0052  1.5932  3.5928  3.4923  2.3647  3.5582  2.0323  2.6292  0.023  0.9623  0.5153  0.4414  0.2102  2.6601  1.1048  0.2812  0.394  
trainID = 1066  2.1138  3.3248  2.003  0.0028  0.1126  2.2493  0.3644  2.0289  0.0212  5.986  4.8516  4.7848  4.0911  5.6025  0.2385  2.4565  1.4276  1.9484  3.1333  1.044  1.6635  0.49  4.4759  2.5928  2.8  6.3888  6.8734  2.37  2.8959  5.507  2.6454  2.8863  4.7564  1.1841  0.0916  1.532  2.6645  1.7488  0.6552  33.9408  0.702  
trainID = 1075  7.6419  1.6978  4.8959  3.6129  5.163  5.9807  4.3424  2.1085  1.3914  34.0759  11.4352  19.7709  2.6107  5.457  9.4225  0.663  3.1784  8.9548  2.7743  1.2288  0.9245  9.9259  7.403  5.3476  7.1932  6.3006  5.2906  2.8062  8.9255  5.0836  6.7862  1.37  3.1381  8.3856  4.448  3.7682  6.5958  3.3062  4.8243  
trainID = 1090  0.3598  4.2502  0.725  3.8678  0.3585  1.288  0.1357  2.8928  3.3753  1.3206  4.8123  7.3549  0.2475  4.2674  1.6946  0.611  2.1714  0.5755  2.076  3.017  2.7105  0.0075  2.2796  3.2694  14.3828  25.36  10.8309  2.3925  8.0606  2.1833  3.6557  0.228  6.0674  4.4975  2.6339  2.9265  0.8227  1.4321  1.587  35.9869  
trainID = 1111  1.9291  2.2075  1.673  1.4198  2.7847  1.276  3.8848  3.4243  0.5073  5.6859  3.4098  3.8595  0.97  0.3687  4.9469  0.3819  0.38  0.2849  2.8831  0.76  1.7633  1.2258  17.54  11.4285  0.8318  7.1355  3.7764  6.1252  3.5519  1.8897  0.5092  4.0278  4.0821  2.7435  1.7604  0.8659  35.8758  2.118  
trainID = 1114  5.5336  3.0873  1.5244  3.2528  0.0297  3.7062  0.8303  2.0244  0.0522  13.564  10.4943  0.0682  5.381  7.2365  3.3653  0.097  0.763  7.2322  2.2076  1.749  0.8155  3.8331  5.3372  2.7995  0.8103  0.0168  0.5697  0.8968  4.213  7.714  0.2278  3.18  3.5869  1.0479  3.0898  5.5195  4.5468  0.8364  1.9287  
trainID = 1123  3.8729  1.749  3.2002  0.3925  0.0338  1.8336  1.5434  0.297  0.5095  8.0799  4.3716  2.4748  1.97  2.735  1.9089  0.98  0.5977  3.4522  2.8538  0.7308  0.8635  0.4444  0.8647  0.6693  0.8788  1.0292  0.5102  0.8914  0.5703  4.1211  1.2108  0.134  0.6838  4.8531  1.1233  3.5035  5.8558  1.1532  0.4747  
trainID = 1132  1.3859  4.6255  0.04  1.8228  1.9158  0.021  1.6803  0.8563  2.6063  3.8055  2.6369  5.8223  0.9028  4.5214  0.1123  0.427  1.6138  1.8013  1.9641  3.741  1.3145  1.5206  3.5338  0.1322  10.3149  10.1748  10.2778  2.9379  5.6351  2.2083  3.0439  2.0151  4.7529  4.5126  3.4847  4.1571  1.0939  2.3828  0.7375  32.5901  1.091  
trainID = 1154  4.8966  0.7811  4.9807  0.0689  1.8426  4.5952  3.2869  1.2618  2.8476  8.0103  7.1563  5.5944  3.3603  0.2807  4.4044  2.188  1.8654  6.3675  2.469  0.306  2.4575  5.0402  1.1994  3.4419  4.135  1.7415  2.8257  0.5044  5.5261  5.3807  2.9795  0.76  0.1659  5.6137  4.142  0.2864  3.6469  3.4872  0.4408  0.719  
trainID = 1203  2.891  0.7898  1.473  1.0021  1.0181  2.1977  2.1218  0.3811  0.6745  1.3318  2.7539  3.4441  0.6692  2.4841  0.0173  0.954  1.1136  1.4285  2.0496  0.081  0.8225  0.5649  0.3596  0.4523  1.595  4.0464  3.6643  1.6781  0.9853  1.7957  3.3451  1.0554  1.0266  1.0671  0.2717  1.8039  0.3646  3.1998  0.9802  34.1406  1.118  
trainID = 1205  0.9209  0.3892  0.985  1.2668  1.7108  1.3803  0.9186  3.6922  2.035  5.7337  3.3901  2.3849  2.9509  0.4993  3.7548  1.9479  2.6605  2.041  5.2445  4.3333  4.1648  0.479  6.4515  6.859  1.2098  3.4252  1.5826  1.0854  0.355  0.5212  2.5917  4.095  3.527  2.5224  0.2836  2.1938  36.5016  0.02  
trainID = 1206  1.6155  1.1637  2.226  0.7908  0.957  0.9655  1.131  2.0404  0.0399  1.6495  2.1928  1.7915  1.9176  4.6861  1.5532  0.177  1.4008  2.3147  2.3935  0.48  0.8185  0.0228  0.0291  1.2141  0.0794  1.358  1.396  0.786  3.7632  0.5944  1.3118  1.3217  1.9889  1.4238  0.3051  0.3946  2.2991  2.016  1.4886  33.899  
trainID = 1253  7.0055  1.8323  2.7067  4.4265  2.9663  6.8436  2.3654  1.5048  0.5064  20.0345  11.2468  11.4306  1.6324  0.179  8.0406  0.347  3.1966  8.29  3.0691  0.245  1.3455  8.4365  4.9794  6.8945  5.6393  8.6401  3.6212  2.5812  7.2916  4.1273  2.7506  1.57  2.9684  7.1525  0.7831  1.9251  5.9658  4.8872  4.7256  
trainID = 1279  3.8006  1.4036  0.785  1.5988  4.2225  2.944  3.3909  3.6802  1.1037  7.0981  2.6453  7.8504  2.8327  0.67  4.0908  0.9943  0.544  0.1145  3.5476  0.0865  3.2144  1.01  18.6999  15.2843  0.6715  4.8537  5.1134  5.4905  2.6951  2.8932  0.812  4.4813  4.0823  1.8253  0.3638  1.6883  35.9138  0.247  
trainID = 1338  2.3308  2.7707  0.365  1.5591  1.369  3.2253  1.04  8.7973  6.8278  0.9069  3.5428  1.807  1.999  0.577  1.3523  4.8514  3.458  1.3035  0.0208  4.3264  1.9677  10.1957  30.8944  7.1398  3.6985  7.4587  0.2256  5.3853  2.1508  5.7548  10.9296  2.8563  4.4377  2.2671  5.3484  5.962  35.7156  34.547  
trainID = 1352  2.4279  4.6155  1.575  0.0609  1.3565  1.7345  0.7021  3.2708  3.9843  2.8307  9.5645  6.4426  2.0591  4.98  2.3381  0.592  3.2374  2.0062  40.0665  2.3532  4.8503  2.6981  36.2242  19.2323  0.0692  5.136  7.9461  3.526  2.8587  0.039  7.6834  5.1097  1.7958  6.321  1.1307  6.3445  3.5136  34.5363  0.895  
trainID = 1368  2.7865  3.6904  1.8414  0.6639  0.9763  2.0591  0.0772  2.7538  1.1522  12.6187  6.9529  0.0088  5.9556  7.0852  3.0572  0.252  0.4047  4.7062  1.6755  1.018  3.5355  5.9032  4.4668  6.0403  0.4815  2.0418  0.8628  2.1166  3.2651  7.9155  1.2212  0.032  3.1432  2.3772  1.0057  3.8958  2.8043  0.421  0.2037  
trainID = 1408  5.4187  3.7878  3.491  1.1079  2.2428  4.8739  0.9523  0.8203  1.0029  12.4874  7.993  1.6459  4.9103  5.0514  2.5507  1.8013  0.5725  3.9162  3.7626  3.265  3.4425  2.512  5.5708  0.7329  0.4165  2.5865  1.3388  0.7766  1.4848  4.9678  0.1366  3.394  0.3582  0.3288  0.1839  3.2908  0.8428  1.3722  2.6049  0.218  
trainID = 1418  0.2337  0.6146  0.391  0.7088  0.9622  0.152  0.3091  2.7412  2.7453  3.3721  3.3523  7.472  0.7401  4.5451  2.6506  4.2822  1.411  2.1015  1.8622  0.095  1.1554  4.24  19.8557  11.2641  0.2182  3.758  0.8408  5.3954  3.112  3.9076  1.9115  3.3608  1.4266  0.8983  2.1226  0.5952  35.5782  0.54  
trainID = 1419  8.0387  3.5  1.343  0.497  2.3584  1.542  1.8367  4.5938  2.329  16.0774  9.3123  0.2775  5.0815  6.4192  3.686  2.297  0.0169  4.3899  5.4259  2.059  2.4885  8.467  5.9019  2.8813  4.652  0.2737  1.3071  3.5056  4.2741  6.4212  0.5467  0.15  2.8483  1.7821  3.803  4.8671  2.9694  0.0005  0.4759  
trainID = 1434  1.4785  4.0967  1.223  0.6532  0.9228  0.867  1.5551  3.9508  3.0883  5.1536  6.3682  5.5899  2.7879  3.4246  2.3209  0.486  1.8216  0.5342  3.5061  0.773  3.1075  1.6298  2.797  1.8201  9.1655  9.8218  11.9757  4.2984  4.3629  5.1936  1.263  0.949  5.124  0.6709  2.0386  5.5652  2.3816  1.3109  2.3586  31.9759  1.264  
trainID = 1442  3.7313  1.9794  0.866  1.772  0.1842  2.3514  2.5286  1.5499  2.9193  3.9808  0.1869  2.3923  1.2154  3.7231  1.1664  1.692  1.1478  1.7481  2.8604  0.153  1.6045  0.4478  0.9377  2.907  3.7105  4.2329  2.457  1.96  2.0837  4.0989  1.3581  0.473  0.6516  0.8889  1.1284  0.676  3.561  0.1663  0.9269  36.0326  0.108  
trainID = 1453  3.9922  5.9912  1.8019  1.466  0.8347  1.0915  2.4462  3.2738  2.7503  7.0036  9.372  4.7129  1.2924  5.7044  1.9638  0.61  1.4009  2.9208  2.9608  0.955  1.0115  2.1487  6.131  2.7695  5.4776  8.1212  8.452  3.9096  3.8113  6.4987  2.6913  1.653  2.8216  2.3208  0.3129  4.4646  1.1015  0.2012  1.5826  31.4716  1.098  
trainID = 1516  2.357  1.311  3.0035  0.0874  1.9134  0.066  0.4122  0.6503  1.5835  3.9971  2.5123  2.3335  3.3941  0.6176  1.5234  1.603  1.7428  4.6957  2.4429  0.999  0.9995  1.3741  2.1463  1.3825  0.2082  1.8205  1.6308  3.3107  0.9353  2.6209  1.3902  2.1808  1.4393  0.1137  2.2766  0.1677  3.2383  0.5632  0.6041  0.339  
trainID = 1534  4.5429  0.5932  2.7679  0.7608  1.4976  3.1074  2.5002  0.1417  1.8856  2.8  6.0396  0.8962  0.717  1.5456  0.3708  1.321  4.3108  2.6545  3.17  0.165  1.134  2.4627  0.4022  1.0146  1.118  0.8523  2.7807  3.1362  1.9225  4.7321  2.2238  0.275  0.7558  5.6479  0.5291  0.2366  2.8298  4.0512  1.4374  
trainID = 1540  6.8618  1.3825  4.4075  2.1606  3.4802  2.5208  4.1656  1.2239  0.2048  18.8389  2.221  5.438  0.772  0.4314  8.1079  1.064  1.5283  5.2836  3.0239  0.158  0.7895  4.8586  4.1317  3.9971  4.8997  3.0001  3.6841  0.7858  4.0377  3.2592  1.9046  0.796  0.6081  3.5556  3.0399  2.4511  4.4508  1.4392  0.47  
trainID = 1559  1.8248  3.6602  1.5755  3.1012  1.115  1.9415  1.9094  7.2816  5.6854  0.4785  2.8792  0.9362  1.726  3.7843  3.3012  3.0778  1.002  0.7855  3.662  4.4379  1.3702  14.6279  33.0738  6.7423  2.5156  8.4378  2.8736  6.2728  0.677  8.6654  10.0357  2.4929  2.5717  2.9687  4.028  3.6636  35.108  36.3053  
trainID = 1593  5.2363  2.2524  2.1814  2.9284  0.8514  3.6698  0.0663  0.4985  1.4655  12.8354  0.3951  0.4049  1.4386  6.6909  0.6458  1.89  0.5582  4.3608  4.5725  1.173  1.4605  4.5927  5.0607  4.1039  0.4334  1.9953  1.9641  1.385  2.5102  4.7323  1.1691  0.272  0.6932  4.3776  4.133  2.9882  4.2218  0.3864  0.0014  1.066  0.422  
trainID = 1597  4.9668  2.9375  1.7874  0.95  1.5182  5.8034  0.7838  3.6018  0.3219  13.5433  7.5918  1.4172  3.9871  6.1878  2.372  2.5688  0.7902  4.8173  1.5284  2.264  2.5635  3.3369  2.9949  3.5551  0.1446  0.6399  2.6715  2.8038  1.4168  6.5014  0.3329  0.61  5.6986  0.1318  1.7426  3.2848  2.8187  2.0586  1.1816  
trainID = 1600  1.3999  0.1903  0.09  1.2278  1.1639  2.8305  0.4995  0.2318  0.3631  0.9581  0.8847  4.4448  2.38  4.7001  1.857  0.122  1.5139  0.4421  1.0224  0.436  0.4525  1.5171  2.0868  2.1195  5.4633  8.1205  1.2162  1.7539  3.5302  2.0397  5.4428  0.9461  0.8557  1.8503  2.9654  1.4017  2.1767  1.2382  1.4859  34.6153  
trainID = 1624  3.4649  1.2589  3.3351  0.6281  0.5844  0.705  2.2375  0.6432  1.6971  2.0187  2.917  0.8073  1.1411  5.0253  1.7392  0.923  2.5342  0.2267  2.3779  0.742  0.7753  1.5611  1.7686  0.4923  2.2433  2.6708  0.1957  0.7399  0.3509  2.0782  1.1037  0.374  2.8897  2.0436  1.0486  3.0632  2.2029  1.4392  1.2868  0.479  
trainID = 1658  1.9663  0.1809  0.771  2.4208  1.9002  0.358  2.6836  1.7503  2.3941  4.0625  1.8976  6.7583  0.1614  0.6292  2.7728  32.4273  0.705  1.7403  3.1505  0.6699  2.6632  0.4118  2.9137  12.9283  2.8679  0.5502  3.2275  0.7969  4.1315  1.1085  1.8661  1.5806  1.337  2.4878  1.0741  1.2664  2.2246  36.0797  
trainID = 1666  2.8896  0.4273  2.366  3.8778  2.0607  1.054  2.7231  8.1585  0.9676  9.137  2.0011  7.7131  1.3713  1.2838  5.7359  1.6027  2.7466  0.8573  5.0839  0.6174  5.4548  3.0679  13.6858  13.7635  0.0765  5.2155  3.609  6.4629  2.5784  0.2874  1.6581  4.5557  8.3687  2.4733  1.901  0.3597  38.1208  1.654  
trainID = 1672  3.7145  0.6354  5.5912  0.9882  4.6328  6.1032  3.0798  0.5946  2.4461  15.094  5.0003  5.6015  2.9439  1.3797  6.7858  1.115  4.0164  5.5859  2.6583  0.242  0.5217  6.4175  1.8604  3.6626  3.4188  4.328  0.5703  0.8185  6.6185  4.8766  3.1162  0.801  0.8982  6.2601  3.995  3.9961  5.6298  0.6365  0.6747  
trainID = 1673  2.3722  3.2147  0.044  0.4072  2.0067  0.732  1.6596  2.8481  2.4344  4.1332  2.2618  7.5102  0.8155  1.8185  2.729  32.4703  0.7205  0.374  0.4196  1.1584  2.1385  3.6021  2.3197  18.5587  8.9827  1.5422  4.9491  1.8231  4.6336  2.8403  2.8189  0.2087  4.4632  3.2315  0.4864  0.0572  2.0672  38.0047  0.342  
trainID = 1687  2.0311  2.7656  0.697  2.7688  2.72  0.028  5.5722  2.7879  3.9513  3.3655  2.6939  8.6012  1.1673  2.7927  1.5911  31.7843  1.9633  0.473  0.6217  0.5101  0.677  0.9096  3.5256  20.6264  9.5798  2.6153  5.9698  0.0271  4.939  1.5034  2.772  3.9986  1.5703  1.433  0.0621  1.6973  3.2359  35.6909  
trainID = 1713  2.619  0.2834  4.8309  2.372  1.0464  5.6635  1.2074  1.3191  1.0451  10.5584  6.6656  3.8106  0.2204  2.8954  6.4541  0.29  0.6157  4.8807  4.0672  0.19  1.1606  3.1874  3.5719  3.4978  3.7692  0.4836  0.1598  0.0849  2.1771  6.2263  1.4539  4.162  0.3967  3.7239  1.0789  1.7389  4.008  1.3582  4.7701  0.09  
trainID = 1723  7.2238  2.0352  2.7694  1.9042  2.75  2.5038  1.6957  2.0605  0.9977  13.0822  4.4961  0.0965  4.5194  3.0842  4.781  1.751  0.1935  3.7404  4.0411  1.3236  1.2845  4.0986  4.2211  0.2794  0.2114  0.1853  0.6033  0.7125  3.2901  6.843  1.0905  0.774  2.7247  4.6318  1.4205  3.9747  3.7166  1.0482  0.8066  
trainID = 1726  3.4508  3.9702  0.244  4.3434  0.9795  2.9793  1.5687  7.0638  7.9031  0.6268  2.2282  1.5851  1.72  1.9116  3.4812  2.8643  1.5761  5.4825  0.8237  4.6211  1.8325  8.2025  31.0079  10.4622  4.3046  11.0881  0.9557  6.5794  0.096  4.9926  10.6919  5.4387  5.6921  1.7585  6.4831  5.729  37.1273  35.1892  
trainID = 1735  2.2623  1.9054  1.6807  0.7799  0.0124  2.268  1.6781  1.9196  2.6273  4.7161  0.2755  0.307  0.9215  2.7097  1.1737  0.251  1.4101  3.7486  1.4955  0.506  1.1161  0.078  1.7108  2.3325  0.0977  1.9919  1.5506  0.2207  1.2584  4.673  1.1  1.5036  0.3721  2.9132  0.45  4.1543  5.3088  0.7555  0.808  0.668  
trainID = 1738  5.0039  3.2281  0.656  1.4362  1.7706  0.013  1.5985  1.0205  0.3391  9.0539  0.5614  2.2808  2.7879  2.8373  1.515  1.13  0.1349  4.9779  0.4034  2.835  2.1175  3.3647  3.6424  1.0106  1.4025  2.4058  2.7138  1.2672  0.8192  6.0688  1.3073  0.076  0.3546  1.2451  0.2782  1.9378  4.3678  1.4392  3.5634  0.509  
trainID = 1745  7.4758  0.3578  0.523  3.6298  4.1357  4.5363  2.0678  0.8634  1.7123  19.1345  6.9682  9.1671  4.6282  0.8453  10.1009  1.466  1.8939  5.6062  3.8398  0.952  0.2147  8.8985  3.478  6.3623  4.3274  2.2974  1.9957  1.4712  5.5102  6.1079  1.0127  1.278  0.5603  5.0452  4.276  1.1177  7.7828  2.8722  1.9757  
trainID = 1751  2.2077  1.2321  0.574  2.2328  0.373  3.27  1.9978  4.414  1.6155  7.9035  1.543  6.6084  3.8711  0.3055  3.4124  0.3448  1.2065  1.9725  6.9968  2.5958  3.7461  1.7238  15.7964  12.5737  1.7042  6.4957  5.4676  5.2272  1.7763  0.4339  0.4031  3.5555  4.5004  2.8403  2.6756  2.3329  35.4108  1.309  
trainID = 1758  3.4522  0.4698  2.1133  1.4109  0.1184  1.1995  1.9826  0.0511  0.7262  7.4829  1.8968  2.6196  2.4377  2.2002  1.5329  1.29  1.9681  3.4938  3.6833  1.2512  2.3355  2.8953  1.5349  0.7575  2.784  1.2587  4.3892  2.1153  1.5142  3.6454  0.1314  0.471  0.3013  0.5648  4.07  2.5339  0.1746  0.2927  0.1756  0.257  
trainID = 1785  4.1427  2.5984  0.494  1.4088  0.2917  2.143  2.0553  4.8146  0.1418  6.2089  3.1383  6.8856  1.6944  1.5457  1.2352  0.3453  2.0143  1.5768  2.8318  1.6021  3.9137  0.497  16.276  11.2533  2.0632  6.7198  1.479  6.7382  2.9741  0.6617  1.1282  5.2397  4.9596  2.4384  0.0301  0.9372  36.3343  0.172  
trainID = 1815  1.6649  1.918  1.5585  1.5636  0.6288  1.9467  0.2923  0.1218  0.3764  4.741  0.6066  2.313  0.249  2.9484  0.0669  1.066  1.8657  2.6839  3.6117  0.535  1.2385  0.5718  2.3062  0.0557  2.4804  2.6275  3.6896  1.9602  1.8627  4.969  1.63  1.3818  2.529  0.8502  2.2428  0.025  2.1833  0.754  0.4745  0.081  
trainID = 1840  5.6093  4.0287  0.775  0.0366  0.5581  1.4  1.0279  4.5418  2.1739  8.0394  8.029  2.7936  5.2244  9.2674  3.0259  2.8201  1.1521  4.3547  37.0435  3.8731  4.7268  2.4617  4.3871  4.1246  0.9264  4.5808  0.981  7.8431  1.0958  3.741  5.1651  1.6676  1.1167  4.5935  3.1165  1.384  2.3522  0.242  
trainID = 1885  2.9796  0.1265  0.661  0.4046  0.7208  2.9377  1.1806  1.166  0.4119  5.4321  5.2747  0.2117  1.5925  2.04  2.0021  2.249  2.1777  3.7237  1.1759  0.944  1.1705  1.6045  4.0236  1.9104  1.9838  1.3429  0.0944  0.7829  0.0343  1.5126  0.6107  0.017  0.7186  3.0424  0.8121  3.7382  4.0282  2.0892  0.347  0.174  
trainID = 1911  1.1286  0.0418  0.811  0.1639  0.7782  2.6082  0.2135  1.4287  1.0349  5.1356  3.0281  1.2997  3.5941  5.8819  1.2183  1.171  1.0747  1.1627  2.8069  1.647  3.3625  1.7993  2.2072  1.5074  4.8609  4.4364  3.1558  0.0817  2.1461  5.3382  1.2373  0.009  2.8069  0.7709  1.667  0.5121  2.2066  3.445  2.5337  35.3206  1.006  
trainID = 1912  2.3731  5.1824  0.856  1.8678  2.2139  0.488  2.2377  3.0088  4.9883  4.3604  6.537  6.8452  1.5474  6.1245  1.0645  2.2297  3.0827  3.0702  4.6129  0.732  3.3825  1.1923  2.7715  0.8644  18.6808  19.7242  18.1208  2.6373  4.6956  2.4127  4.2186  3.0796  5.4576  5.2731  1.4917  3.891  1.3501  4.5652  4.721  35.384  0.938  
trainID = 1922  0.1549  4.3464  0.89  2.4828  2.0251  2.8162  0.5853  3.8818  0.2788  3.8164  4.2511  4.4271  4.2517  3.057  0.9074  2.4979  0.3625  0.1541  2.3221  0.411  0.4675  0.8757  2.0876  3.0747  5.3602  5.9743  8.404  0.1619  2.7652  3.0541  1.1983  0.341  5.5487  3.063  3.0652  4.1835  2.8182  3.9087  0.2589  32.7518  1.412  
trainID = 1936  2.0596  1.9884  2.2774  1.1308  0.8479  0.077  1.2426  4.2199  0.3334  5.5075  0.8184  5.1373  3.4691  2.1329  1.9909  0.3537  2.4395  0.3038  3.0984  2.7497  3.2054  0.4293  10.4517  5.5452  0.3738  3.9066  1.7363  3.8159  1.4366  0.5552  0.2377  3.8947  2.7741  2.9302  1.2092  1.467  36.7205  0.141  
trainID = 1944  1.503  4.5249  0.644  1.2348  1.6823  0.419  0.0265  0.8151  1.2856  4.8306  9.0486  6.4582  1.1304  4.7968  1.3532  1.8522  0.7603  1.0181  2.7021  1.912  3.1525  1.2141  4.2867  3.1054  8.8273  7.3349  11.8079  1.2658  3.883  5.5654  2.9531  0.834  5.2983  2.9761  0.5474  4.2118  1.137  2.729  2.5652  34.3241  0.391  
trainID = 1949  0.1425  0.5274  1.5814  0.5386  0.7959  1.8359  0.9172  0.7815  2.3975  3.7963  2.0001  0.5542  1.2862  3.1009  1.7885  1.11  0.629  6.2029  0.7939  0.125  1.6661  0.8913  0.8345  1.031  1.2073  3.8317  0.6794  1.6903  0.828  1.7165  2.0278  1.4103  0.6732  2.2477  2.0386  1.8215  4.6278  3.0923  0.4491  2.412  0.79  
trainID = 1962  0.2858  3.9871  0.439  0.8476  2.1286  2.534  2.7931  0.9585  2.2272  0.5361  5.9346  7.1357  0.4137  3.6637  0.3314  0.495  0.3762  0.1824  5.213  2.6414  2.9025  0.452  1.0047  0.9044  9.4083  19.0759  3.4732  1.6861  7.0446  0.9061  3.742  0.705  6.9434  6.36  2.4548  1.8064  1.2908  3.6192  4.0148  35.5436  0.198  
trainID = 1968  4.1983  0.5012  4.6413  3.7692  2.1387  2.3626  2.9315  1.6471  0.7038  6.9181  1.742  1.0197  3.8236  4.2748  0.1728  0.641  1.0223  4.1536  1.4105  0.227  0.3995  2.1658  2.1187  1.7638  0.1578  1.5073  1.3698  0.1089  0.0887  5.1004  0.3357  1.3704  1.2593  3.3665  0.2176  2.4825  4.2528  0.7382  1.2331  1.046  
trainID = 1973  2.4537  3.2902  1.699  2.7378  1.4062  0.9923  0.2758  3.0918  4.4613  8.0693  7.3938  1.6779  4.6473  4.9496  2.5964  2.734  3.3694  2.3637  4.276  0.381  1.6275  1.5042  3.9474  3.824  5.0223  3.935  4.3374  1.0932  2.275  8.3006  1.8006  1.813  3.926  0.5207  0.023  7.0421  1.5964  1.4434  0.9098  1.198  
trainID = 2012  6.2129  3.0632  2.1499  4.346  4.2111  2.7668  4.9888  0.1318  0.3182  16.557  7.7181  0.5656  5.077  5.4357  8.8155  0.428  0.7831  5.8774  2.8267  1.13  2.0325  4.6359  6.0118  0.3756  3.5374  0.8128  0.765  1.4214  3.2802  5.9581  1.1817  0.2  3.0795  2.234  1.7221  5.0468  5.4138  1.5122  0.9795  
trainID = 2034  6.1933  0.301  2.9587  0.7279  3.4251  3.9714  3.2052  2.1205  0.2558  14.123  1.599  3.3537  4.1597  1.8023  5.9883  0.013  1.9879  4.6503  2.8593  0.787  0.696  4.6417  6.2969  0.9377  0.8134  2.6654  1.6181  0.6665  4.3843  5.614  2.2351  0.814  0.6113  3.0135  2.6029  4.248  3.4119  0.7802  2.6295  0.485  
trainID = 2053  2.078  1.4423  1.062  1.6878  2.3223  1.8259  1.7149  1.9906  2.1267  0.2886  0.2026  5.4328  0.2894  1.2771  0.719  1.1979  0.303  0.6421  0.0228  2.0493  0.6524  0.3049  6.0082  0.7161  0.1321  2.6298  5.011  0.7355  1.8771  0.5861  0.0966  0.7748  0.2682  3.194  2.8172  1.9128  32.8165  0.992  
trainID = 2081  2.7615  2.9222  1.5597  2.4218  2.3899  0.121  4.7389  2.4654  1.8332  5.3371  2.9864  6.613  0.8569  0.4958  1.128  4.2596  0.6862  0.4815  0.2328  1.1534  2.8618  3.5904  18.2186  13.5573  0.4132  4.9043  1.2369  3.3371  4.9659  0.1616  3.1669  4.3243  2.9643  1.2013  3.8485  1.1992  36.6176  0.855  
trainID = 2088  7.8707  3.4343  1.303  2.0605  0.3995  4.9074  1.8739  0.1382  0.2217  13.9819  9.2788  2.2163  5.8933  8.9045  4.5016  1.4184  0.749  6.7683  3.2595  5.2649  5.3662  3.1452  3.0224  0.6383  0.4576  0.3481  3.8065  4.6634  1.5462  0.43  1.9208  0.3222  5.721  3.7663  4.9308  1.3918  1.5905  0.594  
trainID = 2103  1.6089  0.311  3.2622  0.0115  2.1515  3.1104  0.9085  0.7486  0.7257  8.7178  1.6495  0.8973  3.728  4.6442  1.7022  2.9787  0.6961  3.5993  3.4038  0.165  1.0445  1.7761  5.074  3.2056  1.8417  0.672  0.642  0.0628  2.4599  5.9778  1.2296  0.204  0.3921  0.8247  1.3136  2.3287  0.7377  2.3573  0.7473  
trainID = 2108  2.7248  3.9674  0.258  3.9575  0.4898  3.5343  1.3312  4.3891  6.3839  0.0827  1.0637  0.0144  0.557  0.6866  0.7633  3.3138  2.754  2.8525  0.3104  3.3527  1.5646  7.4923  30.6824  11.0194  1.9415  8.2432  0.2271  4.7776  1.7395  5.9092  9.6539  1.3527  2.2058  0.1218  3.0442  2.5458  35.6411  36.2095  
trainID = 2133  6.1371  2.6751  2.4491  0.9268  2.1069  2.1488  1.1605  1.2616  0.2247  6.831  2.9451  2.3281  2.8976  3.6696  1.2989  0.522  0.8596  1.4536  5.7672  0.228  2.9415  1.1771  2.9955  2.8275  2.5828  3.1728  6.0051  0.9587  0.9555  2.7687  0.1724  0.485  2.0333  0.2025  0.0176  0.634  3.1155  0.1669  0.1308  0.638  
trainID = 2140  2.0858  1.8275  0.149  1.8257  0.4803  4.6273  2.8979  5.3579  6.4645  0.4629  0.3774  1.568  0.741  2.61  1.46  2.8716  1.11  2.0365  1.2726  2.4514  0.4943  6.4712  27.2921  9.2406  1.9423  8.4659  2.272  3.4929  0.765  6.0912  7.6267  2.77  0.4182  2.7559  5.736  4.2541  35.7162  35.6945  
trainID = 2194  1.0565  0.0294  1.6712  0.6448  1.9565  0.866  3.0715  2.4887  1.5546  0.3209  1.1239  1.9074  0.276  1.0042  0.3398  0.099  1.7326  1.0384  1.7959  1.2143  1.7758  0.8295  1.1851  3.7792  0.4248  2.5324  0.159  2.4763  1.2888  3.9749  3.154  2.6446  0.7482  3.0229  0.2506  1.0799  4.2688  1.4943  3.0173  2.801  0.252  
trainID = 2195  6.1918  4.1384  2.1903  0.3178  0.4517  3.5884  2.2845  1.464  2.9303  10.3335  7.2842  3.7438  3.1956  6.0026  2.0955  1.042  0.2766  3.4262  3.7764  4.3  1.8735  3.9143  2.5552  0.6503  0.1371  1.7825  0.7371  3.0043  2.4607  5.7765  2.8313  2.2336  2.9223  0.4152  0.6056  2.2456  2.9669  2.4045  1.079  0.146  0.558  
trainID = 2210  6.7015  3.2245  4.4926  1.1861  3.3541  3.2916  3.1466  1.2374  0.5777  14.686  1.4436  4.831  0.127  3.0402  7.1231  1.7435  2.3272  6.6445  5.0726  1.9746  2.4645  5.2568  3.6668  0.1858  3.4894  2.4692  2.8837  1.0177  4.6895  5.187  2.5262  0.644  1.2044  3.8212  4.734  4.1191  3.5291  1.2662  1.2334  
trainID = 2225  6.7465  6.4477  1.424  3.715  1.8771  3.34  1.2643  2.9868  2.1562  5.4037  13.7591  5.6554  3.3849  5.7838  3.5588  1.3819  2.5714  0.6122  39.4105  5.5583  6.4527  2.7893  21.2696  6.9773  5.7966  6.4719  4.2472  6.6294  0.4466  0.154  5.7917  4.6841  1.2624  9.2191  1.4998  0.9586  1.926  34.008  1.794  
trainID = 2226  3.4273  4.3565  0.125  1.757  0.6667  0.313  0.6292  4.3258  2.3991  6.8209  10.3235  3.801  3.551  5.5643  4.0497  1.8532  2.9545  0.6166  0.0441  4.0385  1.1746  13.7279  8.615  5.8427  5.6941  3.4685  5.5972  0.2246  3.106  7.0794  5.5613  0.5022  6.0423  0.9114  2.5274  1.8529  30.667  1.216  
trainID = 2238  7.3627  2.214  4.5844  2.9849  1.6478  4.7506  4.8885  3.3056  1.2338  12.2022  19.551  13.0711  1.5199  2.9235  9.61  0.284  3.8528  7.0609  2.6992  1.072  2.3275  7.7265  3.1334  6.5991  6.1593  6.9047  6.1856  2.4832  6.9979  0.3794  4.3271  3.015  3.5115  10.7677  3.735  1.6736  6.1538  2.2992  2.888  
trainID = 2265  0.4092  2.0315  0.644  1.2398  0.6273  1.554  1.7306  2.2156  1.4683  0.4765  3.1021  4.8777  0.8805  3.3878  0.9037  1.4886  0.8444  1.3199  3.3815  2.055  0.2345  1.1017  0.9434  0.3464  7.3241  24.8494  7.6502  1.878  6.8135  0.7376  3.8425  3.4563  3.1901  7.0335  4.2273  0.9131  1.7064  4.4993  3.4918  35.575  0.601  
trainID = 2266  0.1511  3.7157  1.056  5.0647  3.0218  3.8093  0.7027  6.9226  6.9157  1.2286  4.1849  2.003  1.616  2.0624  2.4702  4.7585  1.636  1.9625  1.0036  2.2468  1.5324  15.8812  35.6752  3.8849  1.6704  11.1858  0.4936  4.0392  0.231  8.3024  7.4669  3.7389  3.9988  0.7414  4.177  3.5169  35.7936  36.6075  
trainID = 2275  5.5778  0.9965  2.8601  0.2983  0.0743  2.7807  2.9378  1.1174  1.5937  8.1583  4.4927  1.2531  1.0142  2.2959  1.1023  0.304  0.3042  1.7888  2.1499  0.797  0.6295  3.1043  1.9774  1.3048  2.9059  0.4916  0.5332  0.6097  1.7864  2.6032  0.8976  0.597  1.7934  4.9602  2.7904  2.2177  3.774  0.0568  1.5517  
trainID = 2280  3.8438  2.5796  3.605  1.6916  1.3281  1.976  1.9411  0.0478  0.9443  11.7933  1.0233  1.2057  1.8801  4.3386  3.646  1.923  0.7129  4.8414  2.6308  0.369  2.0265  3.5667  5.1684  0.1457  1.6743  0.9421  0.1534  0.5602  3.3585  4.7468  0.5864  0.382  2.1143  2.8135  2.9061  5.0222  5.1388  0.7222  1.857  
trainID = 2300  3.474  1.5626  1.7  1.6308  1.1612  0.228  1.2336  4.8552  0.5371  5.1871  1.4637  2.7973  2.2229  1.3436  4.2381  0.1166  3.0455  1.3113  6.1772  4.9949  2.1012  2.4993  9.8203  7.0845  1.2962  3.9694  1.841  3.6924  3.5117  0.0467  2.4429  1.4262  3.2714  3.457  2.0707  2.3412  35.526  1.189  
trainID = 2314  3.0732  4.7699  1.471  0.592  3.1477  0.905  2.8486  3.3858  2.1044  6.3912  9.1553  4.3852  5.2214  5.5385  0.7551  0.022  2.3474  0.2971  37.8625  1.5237  7.2695  3.495  9.3513  9.6863  10.1988  4.8336  4.641  5.3936  1.8748  0.739  4.5625  4.4891  1.7554  6.8627  0.5001  3.5752  1.8412  32.5053  1.518  
trainID = 2322  4.5494  0.5445  2.5183  4.2651  1.9828  3.0867  0.4587  0.654  0.5244  11.017  5.4203  0.2727  5.5104  4.1613  1.9594  2.2412  0.5345  3.819  3.0961  0.281  1.0575  4.6398  3.4061  0.1511  0.6826  0.5163  0.9082  0.248  2.8343  4.254  0.7283  0.637  0.8454  2.6088  2.5022  3.0881  2.6275  1.0022  2.9796  
trainID = 2323  0.0497  3.6297  1.7791  0.7768  1.3431  0.534  1.0912  0.1349  0.9482  1.1974  0.0736  4.7783  3.6357  2.6288  2.0295  2.696  0.5429  0.8498  3.8342  0.192  1.1395  1.3303  1.2626  0.683  4.0347  12.6568  2.92  0.7878  4.5196  1.9263  2.3659  0.57  3.1062  1.8644  2.0301  0.175  0.3879  1.7992  1.9393  35.9849  
trainID = 2324  3.0734  0.4421  1.9091  1.8546  1.3391  4.2158  4.8399  1.8373  1.7744  6.4202  9.8379  4.5355  3.3011  2.0266  6.614  1.303  2.2387  4.0588  1.4785  1.9328  1.2495  3.6526  3.2417  4.8509  5.1377  2.2075  3.6054  1.3709  5.0488  4.2298  2.2869  0.461  1.0013  8.8057  2.3588  0.0218  3.9344  2.1282  1.6902  
trainID = 2332  2.2338  3.6684  1.846  5.1574  0.0747  5.5803  2.2755  7.8944  9.1142  1.4972  3.2646  3.5163  0.423  2.1553  1.8612  5.4709  0.743  1.9595  1.8483  4.8374  3.0633  6.3841  26.4046  11.5013  3.2053  9.3347  3.2515  5.8277  2.0834  7.1904  11.3902  3.7192  4.8737  0.4965  7.2753  4.8725  37.0443  35.4515  
trainID = 2354  2.4152  0.2547  1.5823  1.1568  1.154  0.27  1.1823  0.7046  2.1301  2.6784  0.1419  3.786  2.2237  4.4311  0.1408  0.148  2.0147  1.8016  1.3125  0.7301  1.8425  0.5909  0.5299  0.4631  1.6148  2.7944  0.3747  0.6182  1.8323  3.3014  4.7203  1.9831  2.1567  0.3803  1.333  3.0448  5.6708  1.6548  0.2345  36.5703  
trainID = 2380  6.4271  1.8183  4.721  0.3959  0.5276  2.4836  0.9816  2.4521  2.7643  8.9401  2.4571  1.8188  3.6936  4.7582  2.6569  1.8317  0.2061  5.2118  4.0122  1.434  2.8995  0.4216  6.2374  1.5126  1.5558  0.9625  2.7305  0.4953  0.0219  4.7026  0.789  0.071  1.0267  1.8012  0.8374  5.4561  3.3339  0.8085  0.3142  0.993  
trainID = 2387  3.011  2.9418  2.2715  0.1468  2.3985  0.507  0.1919  2.8398  2.9003  7.2865  8.9635  3.8402  4.1261  7.7323  0.2105  1.9273  2.6893  0.8793  37.5395  3.7676  4.2358  5.4974  4.335  6.9578  5.3236  0.0645  2.3223  4.9156  1.8907  1.451  6.3081  3.3895  2.3794  5.579  1.3033  2.0838  0.6522  0.571  
trainID = 2410  3.7089  5.939  1.817  0.4951  2.1725  1.0231  2.1504  2.0697  4.1293  3.0379  7.1418  6.7536  2.8412  5.9223  2.4289  1.3474  4.3576  0.7879  3.7927  1.811  3.1645  0.971  3.827  1.2602  10.0771  11.9815  12.6359  2.624  5.9985  6.1582  4.4534  0.265  5.9215  5.5644  2.0897  5.7065  1.3785  4.2778  2.6362  31.8018  2.952  
trainID = 2420  3.6781  2.5332  1.317  2.3194  1.3019  2.1625  0.9166  3.6088  3.2473  7.0206  6.8527  4.6747  3.376  6.1109  0.825  1.7145  1.1333  1.7731  4.0678  2.982  3.0015  3.4421  3.5105  4.2085  8.1096  7.231  8.8148  2.3193  3.0449  5.6319  3.3255  0.277  6.3314  4.2485  1.9757  4.4251  0.6025  2.6627  0.0354  33.5377  0.054  
trainID = 2465  3.8325  0.2893  0.489  0.6218  0.507  0.668  3.0259  4.1769  2.112  8.7369  0.6769  4.4218  1.3064  2.1981  1.8729  1.0175  2.013  3.4904  3.772  2.6111  2.2807  2.7299  8.6071  8.3701  0.2928  3.3132  0.3638  3.7289  4.2408  1.9828  2.7991  3.9756  3.0689  2.1454  0.1672  1.6392  37.3207  0.772  
trainID = 2467  1.5106  6.0331  0.883  0.774  3.3148  2.4909  0.6933  2.5081  1.3666  5.1714  4.9543  6.4843  1.6185  3.8907  0.7861  0.673  1.8555  2.1552  38.4125  4.7069  4.9671  3.014  24.6195  16.5407  13.4333  5.4179  6.9316  4.819  2.5157  1.253  5.0601  6.2289  1.7865  6.8064  1.5611  3.8351  2.0464  33.8092  2.053  
trainID = 2486  1.6721  6.747  1.489  0.5991  3.8981  0.502  2.8776  3.7858  2.8283  6.1432  7.9173  6.9997  3.6565  5.2533  0.712  0.576  1.8459  1.5452  35.8305  2.2807  5.9887  2.5883  24.995  21.7601  10.4871  3.8485  9.2482  3.8815  1.1159  1.4641  6.2229  7.7173  0.0917  6.4629  0.3761  2.6945  2.1591  33.6656  
trainID = 2496  2.1871  3.0709  1.046  1.4415  0.2902  1.0832  0.2939  0.8446  2.3254  4.1065  3.8442  4.7101  2.3204  4.7274  1.337  1.746  0.6504  0.0931  3.1869  0.894  1.8915  0.4848  2.5358  0.2682  3.4359  5.0077  6.3474  0.3219  1.2288  5.4494  0.0587  0.817  0.8907  2.6188  2.0694  3.8726  0.4365  2.4247  0.4105  34.3247  0.272  
trainID = 2537  2.2446  0.2023  0.559  1.3208  2.0269  0.035  1.5106  0.2386  1.0564  1.3506  1.1671  3.2775  1.6363  1.881  3.4853  1.4154  2.4486  0.5975  3.7398  1.5732  1.9114  2.8212  14.2851  3.7406  0.5626  4.1605  1.6809  3.6007  2.4266  3.2547  0.7174  3.3765  1.6156  2.3421  2.9553  1.4531  36.0167  0.79  
trainID = 2550  1.7928  0.3914  0.61  2.9968  4.9189  0.57  1.7933  5.0059  1.5716  5.8793  0.2823  5.8444  1.7243  1.1856  4.1959  0.3877  1.0188  0.1941  3.8346  2.5624  2.2489  2.1238  11.4717  9.546  0.9607  3.5571  0.5408  3.3127  1.4737  0.3577  3.3163  3.8667  4.8254  0.9674  0.1147  0.5813  36.7744  0.957  
trainID = 2551  6.4763  0.761  4.753  3.3547  3.7449  2.8483  5.2118  2.2152  0.9146  17.0298  12.0614  12.3414  3.231  1.5978  8.9011  0.084  4.7465  8.6069  5.3801  0.199  0.6853  9.6008  5.2388  8.2989  2.5343  6.2432  2.3262  0.6539  8.4925  5.7895  3.0614  2.321  0.7423  6.0168  3.1879  2.2515  5.2518  3.4892  2.7438  
trainID = 2553  0.7702  4.3565  0.703  1.9338  3.3543  0.133  0.9135  1.4534  1.6927  5.9355  4.1416  6.5929  0.5031  1.5456  4.2611  1.8552  0.303  0.791  2.0656  0.3007  1.0176  3.1  18.3289  15.1894  0.8546  5.4724  0.156  2.7572  1.0372  3.0849  4.7154  3.6065  2.6203  0.5979  2.7628  2.5088  36.6509  0.909  
trainID = 2557  4.4793  2.2314  0.769  0.212  2.3257  4.1052  1.2189  0.0919  0.1049  8.7645  0.2725  0.2204  0.2688  2.4568  0.585  0.458  2.2504  1.3553  2.8012  0.661  0.8279  4.8611  4.1468  0.0937  0.3284  2.3768  1.087  0.5439  2.2185  5.1342  0.0351  0.8  1.468  4.3836  2.2094  4.0588  4.8218  0.1133  1.255  0.327  0.828  
trainID = 2581  0.2225  1.1932  1.304  2.8068  2.8207  0.883  0.691  4.9364  1.2214  6.0536  2.3122  6.6064  1.9661  2.0494  4.4874  0.4942  1.8233  0.1479  4.7538  0.594  3.042  0.204  14.577  10.8569  2.7852  6.3769  1.6657  2.6609  4.2153  1.5163  2.2767  4.126  2.214  1.4506  2.2137  2.1093  37.7617  0.031  
trainID = 2605  3.0368  5.2512  0.1  0.5628  2.958  2.1156  1.3063  4.3038  1.2361  8.0402  8.8209  5.6937  2.1726  7.5802  0.5946  2.7396  3.4967  1.0957  38.0455  2.9429  4.598  3.4229  20.4663  9.2615  5.4874  3.3067  5.1376  5.9556  3.6026  0.52  7.1814  5.3908  0.5138  6.2315  1.8476  3.9261  2.8885  33.9712  1.577  
trainID = 2638  2.9042  4.0701  0.701  0.1252  3.1567  0.234  1.2009  2.9318  3.5843  2.5203  7.9642  4.1116  3.1356  6.0067  1.6865  0.947  2.2619  3.0672  37.5985  0.6929  6.4937  4.6318  21.9007  21.5874  16.9799  5.2053  6.8269  2.5441  4.2679  0.655  6.8304  7.1686  2.3764  5.2259  0.9371  3.2836  2.5979  34.2942  0.938  
trainID = 2641  7.239  1.6651  5.6894  4.1294  4.1746  5.5458  5.1405  0.148  0.861  21.4969  0.1419  4.1455  3.5143  1.4077  7.2599  1.954  2.5986  4.9126  3.0213  0.363  1.3195  7.8722  1.6347  4.5994  4.095  2.3533  2.2583  1.2135  5.8111  3.977  3.2129  0.333  1.1056  6.2613  4.193  2.57  4.2248  1.5322  2.134  
trainID = 2671  1.5372  0.2128  0.412  0.0118  2.5861  0.914  2.5713  3.3972  0.0844  3.5472  0.1689  7.6255  0.4143  1.1895  0.8857  0.6663  2.8825  0.3592  2.3091  0.9938  0.8682  3.5217  16.8193  8.3272  1.4532  6.1865  2.9371  3.7602  1.1158  0.2905  0.0243  4.1832  0.4657  4.1938  1.7655  1.8744  35.046  0.998  
trainID = 2683  0.4047  0.7071  1.148  0.0983  1.8296  1.995  0.8309  1.9237  0.4946  2.7117  0.009  5.1846  2.1942  3.9788  0.4457  32.3603  2.3178  0.578  0.3475  1.9441  1.1  0.4261  2.1752  10.2579  1.722  0.6357  4.5379  0.1275  1.9335  2.5203  2.5126  0.6832  1.7653  1.0023  1.9401  2.0701  0.1525  33.8006  
trainID = 2685  2.8403  2.9963  0.202  1.6858  0.5155  5.149  1.6654  4.4838  2.5493  5.6911  5.6375  3.2828  3.8844  8.251  1.4321  0.404  4.9045  0.7068  5.1161  0.9069  1.7665  3.2802  4.6246  2.2098  9.3771  11.6043  12.0495  3.0236  4.7991  5.941  0.338  2.081  5.1671  2.7366  0.386  3.3754  2.2493  2.2538  0.3748  32.5664  0.491  
trainID = 2697  2.4065  1.6835  2.0831  1.7128  1.9064  0.9695  0.8925  1.8526  1.3104  6.093  2.5055  6.8042  0.7147  0.0657  2.5881  0.5403  0.164  0.4583  4.8218  2.4362  2.609  1.4081  12.3325  10.8022  1.5402  3.655  0.8989  6.3919  2.6929  0.9946  2.7931  4.2004  6.2142  4.7118  0.9856  1.4339  35.4737  0.158  
trainID = 2704  7.2887  0.0527  4.5401  3.1965  1.8967  5.131  5.3401  1.4037  2.0335  21.4404  12.6303  13.8347  2.2924  1.5314  9.5505  0.746  5.3377  6.767  3.9618  2.372  0.7615  7.9179  7.1388  6.8765  5.9305  2.9689  2.6604  0.2384  8.6095  5.5722  3.0081  0.127  1.3085  6.1199  1.6193  2.6777  6.2618  2.4732  2.0709  
trainID = 2707  2.8406  3.9235  0.829  0.548  1.6866  2.1603  2.6497  5.8148  2.7183  4.7736  8.9337  3.6946  3.0292  4.9239  1.447  0.6  2.2857  0.731  39.1085  3.3833  3.1445  5.7127  15.8233  10.3869  8.682  5.0256  5.7693  5.5293  2.4067  1.73  7.3714  7.3777  1.2802  5.8482  1.2365  0.6246  3.9836  33.6676  0.009  
trainID = 2714  1.6408  2.9302  1.696  5.165  0.7439  2.2363  0.3905  5.5571  6.0946  1.1891  4.8  0.7516  0.788  0.2707  1.4449  3.4311  0.626  0.1998  1.2773  3.7072  1.8525  13.139  31.5522  6.2882  3.2268  7.1041  1.4177  3.4338  1.323  8.0224  6.1032  2.0425  2.6762  0.105  2.6343  1.8637  37.4325  3.352  
trainID = 2723  0.6523  0.1172  0.6  2.0208  3.8687  0.054  2.8165  1.073  1.958  0.9174  0.0139  3.4497  3.3604  2.5415  0.3218  0.38  0.9719  1.0367  2.5226  0.029  1.5155  1.1119  1.7808  0.8284  2.6478  7.0077  1.9698  1.4217  5.6877  1.4763  3.1122  0.778  2.8453  0.5666  0.0486  2.3997  3.1008  0.5137  2.7522  35.3708  
trainID = 2726  2.8664  1.0745  3.3322  2.0721  3.5348  2.0894  0.8338  0.7467  0.2012  7.2765  3.7738  1.1699  2.086  2.159  2.0614  0.996  1.3839  2.984  3.5311  0.519  0.2185  3.5934  0.1387  1.5548  0.2957  0.554  0.1493  0.6378  1.8521  4.6271  1.5116  0.77  1.1099  2.9779  0.5841  1.9446  2.706  0.249  1.7732  
trainID = 2804  1.7418  3.7377  2.904  6.0603  0.5769  5.3183  1.2003  6.1697  7.1715  1.0742  1.9667  4.6053  0.597  1.6015  2.7232  2.6302  1.21  1.0385  1.9583  5.0879  2.0242  5.4049  25.2629  11.5522  3.5719  10.6521  2.5388  4.8827  2.0837  5.1653  11.717  4.4161  3.7436  3.3124  6.206  3.289  38.6384  35.4179  
trainID = 2850  5.0201  1.7577  4.1035  0.3624  3.0499  3.171  2.3982  1.6796  0.3918  11.3876  3.1304  2.0263  4.3544  2.9806  4.8319  1.275  2.5277  5.2768  2.0234  0.87  1.0008  5.1928  3.9254  0.0466  2.0882  0.8369  1.0209  0.2899  4.4531  5.5128  0.7091  1.381  1.4685  4.7374  1.1829  3.1026  6.0408  0.7742  2.6056  
trainID = 2860  5.158  0.8512  5.5012  5.5104  3.3547  2.9273  5.3999  2.4112  1.6629  7.8498  9.3404  6.7139  1.1008  0.0666  6.6874  0.776  2.0257  7.1942  1.5222  0.7773  1.6825  6.477  2.2646  7.868  4.0131  4.0199  4.1969  1.4322  3.8601  2.688  3.1627  2.061  0.3966  6.7282  4.401  4.5893  4.3028  0.5686  5.3852  
trainID = 2871  2.3808  0.9294  0.486  0.4138  0.967  0.632  0.2404  0.6468  3.9433  4.0107  2.0927  0.3269  1.7795  0.5948  0.3299  0.295  1.4432  3.3252  2.358  0.474  0.2645  1.3142  0.9952  0.6116  1.6496  4.1925  5.6707  1.8915  3.0315  3.4713  1.3461  0.819  3.0721  0.3659  0.6034  1.2563  0.6103  1.8812  0.2864  1.125  
trainID = 2891  0.5242  7.7702  0.677  0.0805  2.3531  1.0489  2.6899  3.3128  0.2536  4.9995  9.2808  6.0701  5.45  4.1079  0.4844  1.8341  1.6801  0.3399  38.0735  3.7375  2.9997  3.0941  25.5138  11.8236  1.5774  2.9017  6.9252  5.9574  4.2086  1.081  7.4894  7.3932  0.7198  7.2624  1.2207  1.2274  3.0795  34.5541  1.173  
trainID = 2916  2.1339  2.6177  0.782  1.3928  3.7539  1.28  2.0389  1.3961  2.3873  0.1577  2.4286  6.6582  0.5418  3.9194  0.1334  1.561  2.0046  0.6563  4.6146  0.845  1.7035  2.1069  1.6613  0.0923  5.1625  19.8398  2.881  1.3683  6.7173  1.1502  3.6573  2.2043  3.3504  5.2377  2.0962  1.3607  0.2102  3.9366  3.325  36.1516  
trainID = 2922  5.6155  1.0973  2.7274  2.5392  1.8986  4.3403  2.3188  3.7208  2.1992  15.2526  0.2887  4.8162  3.1295  5.115  3.4087  1.096  2.8398  4.8348  4.6362  0.334  3.9655  3.4902  1.2383  1.5633  1.8593  1.7911  0.5579  1.2912  2.9881  5.7579  3.0057  1.64  1.19  3.0277  3.0744  2.6727  6.7958  1.3592  1.5554  0.85  
trainID = 2923  0.7299  0.4632  0.92  1.5418  0.4241  0.679  3.7496  2.9465  2.0817  0.0235  1.2405  4.8571  2.209  2.5023  2.9644  0.061  1.7015  0.6711  1.9525  0.508  0.6423  3.5837  1.0526  1.3091  3.9511  16.7833  1.4545  0.5794  6.8223  0.9627  5.3758  3.6404  2.2755  3.4432  2.2786  0.747  0.9949  2.4256  1.5264  33.9883  
trainID = 2926  1.0082  2.3869  1.9774  1.8238  0.35  1.415  0.9182  0.3027  1.4556  0.3101  0.2285  3.8409  0.449  3.1528  2.5007  2.1857  0.6956  0.8227  0.3294  0.313  1.4386  1.0564  0.1026  1.7278  2.2971  7.7199  1.0868  0.7811  2.9398  0.6667  3.598  0.23  4.1319  1.8787  0.4556  0.7808  2.7972  3.2243  1.2892  35.2153  
trainID = 2929  1.9737  1.2496  2.4971  4.0058  1.663  3.3781  2.2247  0.6219  1.8157  10.4705  4.8238  1.2392  0.8714  3.7988  0.1877  0.221  0.0677  3.4558  1.8852  1.355  1.8865  3.897  2.9737  2.0906  0.1342  0.9223  0.113  1.1345  0.1157  5.9741  0.4354  0.577  0.2648  3.7209  0.5363  4.8479  7.2328  1.7382  1.0112  2.796  
trainID = 2941  3.5586  1.4316  3.9245  3.3455  3.125  5.6065  1.6684  0.3819  2.3854  15.6361  5.9176  7.0934  1.1193  1.1063  8.2089  1.322  2.8387  5.4318  3.0378  0.748  0.3477  8.0471  5.8416  1.8295  3.6499  3.2453  3.1941  1.0607  6.9316  4.2926  2.8852  1.752  0.5446  6.8502  4.776  5.5712  5.2538  3.0522  2.5758  
trainID = 2957  3.9366  3.5524  1.128  0.5125  1.6277  2.3922  1.4035  2.6392  0.5611  8.0953  5.4416  4.6648  4.5207  5.3237  0.1436  0.253  0.4073  2.3487  4.3996  1.3  0.1616  2.9534  2.0546  0.8683  4.118  5.4286  5.2157  2.2008  1.7009  4.4262  1.9668  1.753  3.1194  1.8827  2.0195  2.5283  3.4649  0.1946  0.4359  1.313  
trainID = 2970  4.9512  4.3853  0.536  2.5802  3.05  5.2175  1.4115  3.7838  3.5813  11.5716  10.2632  4.6276  6.039  11.3393  2.1578  1.443  2.2075  3.4561  38.4765  0.8784  7.4641  4.6177  4.6396  3.8438  0.3365  3.757  0.9454  8.471  0.8241  1.401  5.7715  2.0787  1.7836  6.9921  0.8477  1.5584  0.015  0.992  
trainID = 2981  2.7792  4.5176  0.898  0.4425  0.402  2.5217  1.0855  0.7999  2.3228  5.955  4.3755  1.265  2.2394  4.1572  3.9586  2.046  1.0301  1.9992  2.8205  1.244  0.1841  2.5285  3.6499  0.3637  5.4956  3.2823  5.3523  2.7291  1.7174  4.178  1.2378  0.769  1.9695  2.2348  2.0089  4.6559  1.4056  2.6784  0.1493  0.892  
trainID = 2993  2.0969  0.2039  0.006  0.6154  1.5377  1.071  0.2002  1.2413  1.3458  1.7619  1.8165  6.4149  1.1229  3.2022  0.5579  0.422  0.0464  1.0062  3.6011  0.181  2.8545  0.7687  0.2963  1.7833  3.7248  2.9433  2.4099  1.371  2.0893  3.0344  1.3351  0.476  3.2619  0.8101  1.1153  1.539  3.4332  0.553  0.5194  35.4319  
TrainID = 2871  dbValue = 1.55319  nTestCell = 41  nTrainCell = 40  nDiff = 1  (X,Y) = (1625, 1605)  Position Error = 72.3395
TrainID = 1065  dbValue = 1.59327  nTestCell = 41  nTrainCell = 40  nDiff = 1  (X,Y) = (1605, 1615)  Position Error = 52.0865
TrainID = 2194  dbValue = 1.59393  nTestCell = 41  nTrainCell = 41  nDiff = 0  (X,Y) = (1555, 1595)  Position Error = 17.1172
TrainID = 1624  dbValue = 1.59533  nTestCell = 41  nTrainCell = 40  nDiff = 1  (X,Y) = (1595, 1595)  Position Error = 45.31
TrainID = 1815  dbValue = 1.61678  nTestCell = 41  nTrainCell = 40  nDiff = 1  (X,Y) = (1595, 1605)  Position Error = 42.5793
TrainID = 1949  dbValue = 1.63101  nTestCell = 41  nTrainCell = 41  nDiff = 0  (X,Y) = (1575, 1605)  Position Error = 23.0868
TrainID = 1735  dbValue = 1.64279  nTestCell = 41  nTrainCell = 40  nDiff = 1  (X,Y) = (1585, 1535)  Position Error = 83.3847
TrainID = 1516  dbValue = 1.64968  nTestCell = 41  nTrainCell = 40  nDiff = 1  (X,Y) = (1595, 1565)  Position Error = 63.0317
TrainID = 1885  dbValue = 1.68623  nTestCell = 41  nTrainCell = 40  nDiff = 1  (X,Y) = (1565, 1545)  Position Error = 68.0661
TrainID = 762  dbValue = 1.76757  nTestCell = 41  nTrainCell = 39  nDiff = 2  (X,Y) = (1605, 1565)  Position Error = 70.0928
TrainID = 1758  dbValue = 1.83957  nTestCell = 41  nTrainCell = 40  nDiff = 1  (X,Y) = (1625, 1545)  Position Error = 98.3514
TrainID = 2726  dbValue = 1.8446  nTestCell = 41  nTrainCell = 39  nDiff = 2  (X,Y) = (1565, 1525)  Position Error = 87.8237
TrainID = 1123  dbValue = 1.88261  nTestCell = 41  nTrainCell = 39  nDiff = 2  (X,Y) = (1585, 1525)  Position Error = 92.6984
TrainID = 2557  dbValue = 1.89148  nTestCell = 41  nTrainCell = 41  nDiff = 0  (X,Y) = (1605, 1515)  Position Error = 110.059
TrainID = 2275  dbValue = 1.96107  nTestCell = 41  nTrainCell = 39  nDiff = 2  (X,Y) = (1575, 1515)  Position Error = 99.4636
TrainID = 1968  dbValue = 1.98455  nTestCell = 41  nTrainCell = 40  nDiff = 1  (X,Y) = (1605, 1535)  Position Error = 92.9139
TrainID = 2103  dbValue = 1.99773  nTestCell = 41  nTrainCell = 39  nDiff = 2  (X,Y) = (1635, 1535)  Position Error = 112.486
TrainID = 1534  dbValue = 2.03409  nTestCell = 41  nTrainCell = 39  nDiff = 2  (X,Y) = (1545, 1535)  Position Error = 77.4145
TrainID = 2133  dbValue = 2.04681  nTestCell = 41  nTrainCell = 40  nDiff = 1  (X,Y) = (1655, 1585)  Position Error = 105.513
TrainID = 1738  dbValue = 2.08686  nTestCell = 41  nTrainCell = 40  nDiff = 1  (X,Y) = (1625, 1555)  Position Error = 91.8314
TrainID = 1206  dbValue = 2.19992  nTestCell = 41  nTrainCell = 40  nDiff = 1  (X,Y) = (1575, 1635)  Position Error = 31.8277
TrainID = 2929  dbValue = 2.2552  nTestCell = 41  nTrainCell = 40  nDiff = 1  (X,Y) = (1585, 1525)  Position Error = 92.6984
TrainID = 1203  dbValue = 2.2735  nTestCell = 41  nTrainCell = 41  nDiff = 0  (X,Y) = (1615, 1645)  Position Error = 70.2353
TrainID = 400  dbValue = 2.27521  nTestCell = 41  nTrainCell = 40  nDiff = 1  (X,Y) = (1555, 1495)  Position Error = 117.017
TrainID = 2981  dbValue = 2.35855  nTestCell = 41  nTrainCell = 40  nDiff = 1  (X,Y) = (1665, 1615)  Position Error = 112.04
TrainID = 2053  dbValue = 2.37369  nTestCell = 41  nTrainCell = 38  nDiff = 3  (X,Y) = (1575, 1665)  Position Error = 57.3847
TrainID = 2322  dbValue = 2.37471  nTestCell = 41  nTrainCell = 39  nDiff = 2  (X,Y) = (1665, 1505)  Position Error = 154.897
TrainID = 2380  dbValue = 2.41407  nTestCell = 41  nTrainCell = 40  nDiff = 1  (X,Y) = (1675, 1545)  Position Error = 139.187
TrainID = 2993  dbValue = 2.45504  nTestCell = 41  nTrainCell = 40  nDiff = 1  (X,Y) = (1605, 1635)  Position Error = 56.8595
TrainID = 2280  dbValue = 2.46683  nTestCell = 41  nTrainCell = 39  nDiff = 2  (X,Y) = (1615, 1485)  Position Error = 141.326
TrainID = 940  dbValue = 2.47375  nTestCell = 41  nTrainCell = 40  nDiff = 1  (X,Y) = (1635, 1655)  Position Error = 92.5905
TrainID = 1593  dbValue = 2.48985  nTestCell = 41  nTrainCell = 41  nDiff = 0  (X,Y) = (1655, 1515)  Position Error = 140.759
TrainID = 2926  dbValue = 2.4971  nTestCell = 41  nTrainCell = 40  nDiff = 1  (X,Y) = (1595, 1675)  Position Error = 75.7166
TrainID = 551  dbValue = 2.50089  nTestCell = 41  nTrainCell = 38  nDiff = 3  (X,Y) = (1455, 1635)  Position Error = 100.663
TrainID = 2354  dbValue = 2.54924  nTestCell = 41  nTrainCell = 40  nDiff = 1  (X,Y) = (1595, 1645)  Position Error = 53.4135
TrainID = 2957  dbValue = 2.56144  nTestCell = 41  nTrainCell = 40  nDiff = 1  (X,Y) = (1695, 1605)  Position Error = 142.172
TrainID = 731  dbValue = 2.57145  nTestCell = 41  nTrainCell = 40  nDiff = 1  (X,Y) = (1585, 1675)  Position Error = 70.6612
TrainID = 712  dbValue = 2.62106  nTestCell = 41  nTrainCell = 40  nDiff = 1  (X,Y) = (1705, 1545)  Position Error = 166.111
TrainID = 2723  dbValue = 2.64102  nTestCell = 41  nTrainCell = 40  nDiff = 1  (X,Y) = (1605, 1665)  Position Error = 74.2496
TrainID = 1442  dbValue = 2.64778  nTestCell = 41  nTrainCell = 41  nDiff = 0  (X,Y) = (1625, 1615)  Position Error = 72.0625
TrainID = 2195  dbValue = 2.69105  nTestCell = 41  nTrainCell = 41  nDiff = 0  (X,Y) = (1715, 1535)  Position Error = 179.368
TrainID = 1600  dbValue = 2.70089  nTestCell = 41  nTrainCell = 40  nDiff = 1  (X,Y) = (1605, 1675)  Position Error = 81.6884
TrainID = 1713  dbValue = 2.70335  nTestCell = 41  nTrainCell = 40  nDiff = 1  (X,Y) = (1575, 1475)  Position Error = 138.755
TrainID = 1408  dbValue = 2.70533  nTestCell = 41  nTrainCell = 40  nDiff = 1  (X,Y) = (1685, 1515)  Position Error = 163.808
TrainID = 1723  dbValue = 2.74272  nTestCell = 41  nTrainCell = 39  nDiff = 2  (X,Y) = (1665, 1485)  Position Error = 169.331
TrainID = 722  dbValue = 2.77175  nTestCell = 41  nTrainCell = 39  nDiff = 2  (X,Y) = (1635, 1475)  Position Error = 159.665
TrainID = 2850  dbValue = 2.79456  nTestCell = 41  nTrainCell = 39  nDiff = 2  (X,Y) = (1635, 1465)  Position Error = 168.324
TrainID = 2496  dbValue = 2.8138  nTestCell = 41  nTrainCell = 41  nDiff = 0  (X,Y) = (1665, 1645)  Position Error = 116.76
TrainID = 744  dbValue = 2.83307  nTestCell = 41  nTrainCell = 39  nDiff = 2  (X,Y) = (1665, 1465)  Position Error = 184.805
TrainID = 2034  dbValue = 2.84119  nTestCell = 41  nTrainCell = 40  nDiff = 1  (X,Y) = (1625, 1455)  Position Error = 172.722
TrainID = 1911  dbValue = 2.84486  nTestCell = 41  nTrainCell = 41  nDiff = 0  (X,Y) = (1635, 1625)  Position Error = 83.0241
TrainID = 408  dbValue = 2.84611  nTestCell = 41  nTrainCell = 41  nDiff = 0  (X,Y) = (1595, 1705)  Position Error = 102.044
TrainID = 2323  dbValue = 2.85571  nTestCell = 41  nTrainCell = 40  nDiff = 1  (X,Y) = (1635, 1695)  Position Error = 116.675
TrainID = 1368  dbValue = 2.85817  nTestCell = 41  nTrainCell = 39  nDiff = 2  (X,Y) = (1715, 1505)  Position Error = 194.147
TrainID = 908  dbValue = 2.87765  nTestCell = 41  nTrainCell = 41  nDiff = 0  (X,Y) = (1645, 1655)  Position Error = 101.553
TrainID = 1597  dbValue = 2.92889  nTestCell = 41  nTrainCell = 39  nDiff = 2  (X,Y) = (1705, 1525)  Position Error = 175.137
TrainID = 740  dbValue = 2.95061  nTestCell = 41  nTrainCell = 41  nDiff = 0  (X,Y) = (1745, 1575)  Position Error = 195.533
TrainID = 1973  dbValue = 2.97515  nTestCell = 41  nTrainCell = 40  nDiff = 1  (X,Y) = (1745, 1605)  Position Error = 192.128
TrainID = 1154  dbValue = 3.02644  nTestCell = 41  nTrainCell = 40  nDiff = 1  (X,Y) = (1545, 1465)  Position Error = 147.218
TrainID = 2922  dbValue = 3.04706  nTestCell = 41  nTrainCell = 40  nDiff = 1  (X,Y) = (1615, 1465)  Position Error = 159.54
TrainID = 711  dbValue = 3.12343  nTestCell = 41  nTrainCell = 39  nDiff = 2  (X,Y) = (1585, 1445)  Position Error = 170.038
TrainID = 2324  dbValue = 3.13631  nTestCell = 41  nTrainCell = 39  nDiff = 2  (X,Y) = (1535, 1475)  Position Error = 138.177
TrainID = 2537  dbValue = 3.14414  nTestCell = 41  nTrainCell = 38  nDiff = 3  (X,Y) = (1575, 1725)  Position Error = 115.122
TrainID = 2923  dbValue = 3.15158  nTestCell = 41  nTrainCell = 40  nDiff = 1  (X,Y) = (1615, 1735)  Position Error = 137.743
TrainID = 1114  dbValue = 3.15817  nTestCell = 41  nTrainCell = 39  nDiff = 2  (X,Y) = (1705, 1475)  Position Error = 204.629
TrainID = 1540  dbValue = 3.21624  nTestCell = 41  nTrainCell = 39  nDiff = 2  (X,Y) = (1595, 1425)  Position Error = 191.659
TrainID = 1063  dbValue = 3.2313  nTestCell = 41  nTrainCell = 41  nDiff = 0  (X,Y) = (1625, 1765)  Position Error = 169.095
TrainID = 1936  dbValue = 3.23707  nTestCell = 41  nTrainCell = 38  nDiff = 3  (X,Y) = (1525, 1745)  Position Error = 135.915
TrainID = 597  dbValue = 3.26408  nTestCell = 41  nTrainCell = 41  nDiff = 0  (X,Y) = (1625, 1745)  Position Error = 151.238
TrainID = 1922  dbValue = 3.28522  nTestCell = 41  nTrainCell = 41  nDiff = 0  (X,Y) = (1685, 1655)  Position Error = 138.827
TrainID = 359  dbValue = 3.30889  nTestCell = 41  nTrainCell = 41  nDiff = 0  (X,Y) = (1685, 1625)  Position Error = 132.639
TrainID = 1205  dbValue = 3.31864  nTestCell = 41  nTrainCell = 38  nDiff = 3  (X,Y) = (1465, 1695)  Position Error = 120.967
TrainID = 2671  dbValue = 3.33156  nTestCell = 41  nTrainCell = 38  nDiff = 3  (X,Y) = (1565, 1755)  Position Error = 143.503
TrainID = 1066  dbValue = 3.33291  nTestCell = 41  nTrainCell = 41  nDiff = 0  (X,Y) = (1695, 1625)  Position Error = 142.594
TrainID = 2210  dbValue = 3.34906  nTestCell = 41  nTrainCell = 39  nDiff = 2  (X,Y) = (1615, 1435)  Position Error = 187.545
TrainID = 2088  dbValue = 3.37124  nTestCell = 41  nTrainCell = 38  nDiff = 3  (X,Y) = (1725, 1485)  Position Error = 213.806
TrainID = 436  dbValue = 3.39308  nTestCell = 41  nTrainCell = 38  nDiff = 3  (X,Y) = (1525, 1755)  Position Error = 145.715
TrainID = 526  dbValue = 3.40896  nTestCell = 41  nTrainCell = 40  nDiff = 1  (X,Y) = (1675, 1675)  Position Error = 137.306
TrainID = 2012  dbValue = 3.42572  nTestCell = 41  nTrainCell = 39  nDiff = 2  (X,Y) = (1695, 1455)  Position Error = 211.691
TrainID = 2683  dbValue = 3.44385  nTestCell = 41  nTrainCell = 38  nDiff = 3  (X,Y) = (1565, 1715)  Position Error = 103.697
TrainID = 2550  dbValue = 3.51991  nTestCell = 41  nTrainCell = 38  nDiff = 3  (X,Y) = (1525, 1755)  Position Error = 145.715
TrainID = 1672  dbValue = 3.52075  nTestCell = 41  nTrainCell = 39  nDiff = 2  (X,Y) = (1575, 1425)  Position Error = 188.29
TrainID = 1419  dbValue = 3.55632  nTestCell = 41  nTrainCell = 39  nDiff = 2  (X,Y) = (1715, 1475)  Position Error = 212.163
TrainID = 2465  dbValue = 3.56941  nTestCell = 41  nTrainCell = 38  nDiff = 3  (X,Y) = (1495, 1725)  Position Error = 127.016
TrainID = 2300  dbValue = 3.60178  nTestCell = 41  nTrainCell = 38  nDiff = 3  (X,Y) = (1475, 1715)  Position Error = 129.201
TrainID = 1017  dbValue = 3.61342  nTestCell = 41  nTrainCell = 38  nDiff = 3  (X,Y) = (1555, 1745)  Position Error = 133.015
TrainID = 2916  dbValue = 3.63791  nTestCell = 41  nTrainCell = 40  nDiff = 1  (X,Y) = (1635, 1755)  Position Error = 164.842
TrainID = 1132  dbValue = 3.66375  nTestCell = 41  nTrainCell = 41  nDiff = 0  (X,Y) = (1685, 1705)  Position Error = 161.471
TrainID = 1418  dbValue = 3.70848  nTestCell = 41  nTrainCell = 38  nDiff = 3  (X,Y) = (1615, 1785)  Position Error = 183.774
TrainID = 2697  dbValue = 3.71856  nTestCell = 41  nTrainCell = 38  nDiff = 3  (X,Y) = (1515, 1765)  Position Error = 157.648
TrainID = 2641  dbValue = 3.74639  nTestCell = 41  nTrainCell = 39  nDiff = 2  (X,Y) = (1615, 1415)  Position Error = 206.526
TrainID = 2860  dbValue = 3.76741  nTestCell = 41  nTrainCell = 39  nDiff = 2  (X,Y) = (1535, 1425)  Position Error = 187.864
TrainID = 2265  dbValue = 3.78178  nTestCell = 41  nTrainCell = 41  nDiff = 0  (X,Y) = (1655, 1775)  Position Error = 192.284
TrainID = 1944  dbValue = 3.81482  nTestCell = 41  nTrainCell = 41  nDiff = 0  (X,Y) = (1715, 1655)  Position Error = 167.61
TrainID = 1962  dbValue = 3.82097  nTestCell = 41  nTrainCell = 41  nDiff = 0  (X,Y) = (1655, 1735)  Position Error = 159.79
TrainID = 749  dbValue = 3.82546  nTestCell = 41  nTrainCell = 39  nDiff = 2  (X,Y) = (1525, 1415)  Position Error = 198.98
TrainID = 2941  dbValue = 3.8356  nTestCell = 41  nTrainCell = 39  nDiff = 2  (X,Y) = (1575, 1415)  Position Error = 198.225
TrainID = 2581  dbValue = 3.88028  nTestCell = 41  nTrainCell = 38  nDiff = 3  (X,Y) = (1545, 1785)  Position Error = 173.185
TrainID = 735  dbValue = 3.88813  nTestCell = 41  nTrainCell = 38  nDiff = 3  (X,Y) = (1515, 1785)  Position Error = 177.124
TrainID = 1434  dbValue = 3.89452  nTestCell = 41  nTrainCell = 41  nDiff = 0  (X,Y) = (1725, 1655)  Position Error = 177.294
TrainID = 751  dbValue = 3.91634  nTestCell = 41  nTrainCell = 40  nDiff = 1  (X,Y) = (1715, 1675)  Position Error = 173.819
TrainID = 1453  dbValue = 3.91694  nTestCell = 41  nTrainCell = 41  nDiff = 0  (X,Y) = (1745, 1635)  Position Error = 193.373
TrainID = 1658  dbValue = 3.91884  nTestCell = 41  nTrainCell = 38  nDiff = 3  (X,Y) = (1575, 1735)  Position Error = 124.952
TrainID = 2553  dbValue = 3.92041  nTestCell = 41  nTrainCell = 38  nDiff = 3  (X,Y) = (1595, 1815)  Position Error = 207.299
TrainID = 579  dbValue = 3.95185  nTestCell = 41  nTrainCell = 41  nDiff = 0  (X,Y) = (1695, 1725)  Position Error = 181.475
TrainID = 1111  dbValue = 3.95495  nTestCell = 41  nTrainCell = 38  nDiff = 3  (X,Y) = (1525, 1805)  Position Error = 195.021
TrainID = 1785  dbValue = 3.97327  nTestCell = 41  nTrainCell = 38  nDiff = 3  (X,Y) = (1525, 1785)  Position Error = 175.251
TrainID = 464  dbValue = 3.98226  nTestCell = 41  nTrainCell = 38  nDiff = 3  (X,Y) = (1565, 1795)  Position Error = 183.393
TrainID = 424  dbValue = 3.9829  nTestCell = 41  nTrainCell = 39  nDiff = 2  (X,Y) = (1545, 1405)  Position Error = 207.155
TrainID = 1745  dbValue = 4.01251  nTestCell = 41  nTrainCell = 39  nDiff = 2  (X,Y) = (1555, 1385)  Position Error = 227.009
TrainID = 2081  dbValue = 4.02286  nTestCell = 41  nTrainCell = 38  nDiff = 3  (X,Y) = (1575, 1815)  Position Error = 204.189
TrainID = 615  dbValue = 4.0364  nTestCell = 41  nTrainCell = 39  nDiff = 2  (X,Y) = (1545, 1415)  Position Error = 197.162
TrainID = 2387  dbValue = 4.09028  nTestCell = 41  nTrainCell = 38  nDiff = 3  (X,Y) = (1755, 1595)  Position Error = 202.714
TrainID = 574  dbValue = 4.0985  nTestCell = 41  nTrainCell = 38  nDiff = 3  (X,Y) = (1455, 1755)  Position Error = 173.358
TrainID = 2420  dbValue = 4.10744  nTestCell = 41  nTrainCell = 41  nDiff = 0  (X,Y) = (1735, 1625)  Position Error = 182.464
TrainID = 856  dbValue = 4.16336  nTestCell = 41  nTrainCell = 38  nDiff = 3  (X,Y) = (1605, 1815)  Position Error = 209.554
TrainID = 774  dbValue = 4.2036  nTestCell = 41  nTrainCell = 41  nDiff = 0  (X,Y) = (1685, 1735)  Position Error = 180.424
TrainID = 306  dbValue = 4.20944  nTestCell = 41  nTrainCell = 38  nDiff = 3  (X,Y) = (1465, 1805)  Position Error = 212.116
TrainID = 1840  dbValue = 4.21791  nTestCell = 41  nTrainCell = 38  nDiff = 3  (X,Y) = (1765, 1565)  Position Error = 217.147
TrainID = 2685  dbValue = 4.2195  nTestCell = 41  nTrainCell = 41  nDiff = 0  (X,Y) = (1735, 1665)  Position Error = 189.56
TrainID = 369  dbValue = 4.24052  nTestCell = 41  nTrainCell = 41  nDiff = 0  (X,Y) = (1715, 1745)  Position Error = 209.602
TrainID = 1751  dbValue = 4.28026  nTestCell = 41  nTrainCell = 38  nDiff = 3  (X,Y) = (1505, 1795)  Position Error = 189.19
TrainID = 1279  dbValue = 4.28272  nTestCell = 41  nTrainCell = 38  nDiff = 3  (X,Y) = (1535, 1835)  Position Error = 223.725
TrainID = 347  dbValue = 4.31135  nTestCell = 41  nTrainCell = 38  nDiff = 3  (X,Y) = (1775, 1605)  Position Error = 222.11
TrainID = 2226  dbValue = 4.35335  nTestCell = 41  nTrainCell = 38  nDiff = 3  (X,Y) = (1785, 1645)  Position Error = 234.335
TrainID = 1018  dbValue = 4.37952  nTestCell = 41  nTrainCell = 41  nDiff = 0  (X,Y) = (1695, 1755)  Position Error = 201.527
TrainID = 316  dbValue = 4.40186  nTestCell = 41  nTrainCell = 39  nDiff = 2  (X,Y) = (1545, 1375)  Position Error = 237.135
TrainID = 933  dbValue = 4.40707  nTestCell = 41  nTrainCell = 39  nDiff = 2  (X,Y) = (1605, 1395)  Position Error = 223.143
TrainID = 1090  dbValue = 4.4179  nTestCell = 41  nTrainCell = 40  nDiff = 1  (X,Y) = (1715, 1735)  Position Error = 203.404
TrainID = 1673  dbValue = 4.44102  nTestCell = 41  nTrainCell = 39  nDiff = 2  (X,Y) = (1575, 1775)  Position Error = 164.478
TrainID = 924  dbValue = 4.50934  nTestCell = 41  nTrainCell = 38  nDiff = 3  (X,Y) = (1675, 1785)  Position Error = 211.691
TrainID = 320  dbValue = 4.51437  nTestCell = 41  nTrainCell = 41  nDiff = 0  (X,Y) = (1715, 1735)  Position Error = 203.404
TrainID = 823  dbValue = 4.57109  nTestCell = 41  nTrainCell = 41  nDiff = 0  (X,Y) = (1715, 1725)  Position Error = 197.517
TrainID = 538  dbValue = 4.5872  nTestCell = 41  nTrainCell = 39  nDiff = 2  (X,Y) = (1575, 1355)  Position Error = 257.94
TrainID = 684  dbValue = 4.59373  nTestCell = 41  nTrainCell = 38  nDiff = 3  (X,Y) = (1385, 1775)  Position Error = 234.079
TrainID = 2410  dbValue = 4.62127  nTestCell = 41  nTrainCell = 41  nDiff = 0  (X,Y) = (1735, 1675)  Position Error = 192.595
TrainID = 1666  dbValue = 4.63073  nTestCell = 41  nTrainCell = 38  nDiff = 3  (X,Y) = (1465, 1815)  Position Error = 221.253
TrainID = 558  dbValue = 4.64839  nTestCell = 41  nTrainCell = 39  nDiff = 2  (X,Y) = (1575, 1355)  Position Error = 257.94
TrainID = 2970  dbValue = 4.692  nTestCell = 41  nTrainCell = 38  nDiff = 3  (X,Y) = (1785, 1545)  Position Error = 241.481
TrainID = 2714  dbValue = 4.69761  nTestCell = 41  nTrainCell = 38  nDiff = 3  (X,Y) = (1705, 1775)  Position Error = 222.874
TrainID = 2551  dbValue = 4.70225  nTestCell = 41  nTrainCell = 39  nDiff = 2  (X,Y) = (1535, 1385)  Position Error = 227.713
TrainID = 1253  dbValue = 4.7219  nTestCell = 41  nTrainCell = 39  nDiff = 2  (X,Y) = (1545, 1375)  Position Error = 237.135
TrainID = 1687  dbValue = 4.72945  nTestCell = 41  nTrainCell = 38  nDiff = 3  (X,Y) = (1595, 1785)  Position Error = 178.025
TrainID = 2704  dbValue = 4.76124  nTestCell = 41  nTrainCell = 39  nDiff = 2  (X,Y) = (1535, 1365)  Position Error = 247.655
TrainID = 529  dbValue = 4.92954  nTestCell = 41  nTrainCell = 41  nDiff = 0  (X,Y) = (1745, 1705)  Position Error = 213.338
TrainID = 2238  dbValue = 4.97657  nTestCell = 41  nTrainCell = 39  nDiff = 2  (X,Y) = (1515, 1365)  Position Error = 249.906
TrainID = 448  dbValue = 5.02949  nTestCell = 41  nTrainCell = 38  nDiff = 3  (X,Y) = (1795, 1675)  Position Error = 250.066
TrainID = 1912  dbValue = 5.07987  nTestCell = 41  nTrainCell = 41  nDiff = 0  (X,Y) = (1755, 1725)  Position Error = 231.458
TrainID = 2140  dbValue = 5.37306  nTestCell = 41  nTrainCell = 38  nDiff = 3  (X,Y) = (1685, 1815)  Position Error = 242.143
TrainID = 2314  dbValue = 5.40742  nTestCell = 41  nTrainCell = 39  nDiff = 2  (X,Y) = (1755, 1655)  Position Error = 206.526
TrainID = 2108  dbValue = 5.45154  nTestCell = 41  nTrainCell = 38  nDiff = 3  (X,Y) = (1695, 1815)  Position Error = 247.736
TrainID = 685  dbValue = 5.48728  nTestCell = 41  nTrainCell = 38  nDiff = 3  (X,Y) = (1515, 1345)  Position Error = 269.691
TrainID = 624  dbValue = 5.52838  nTestCell = 41  nTrainCell = 38  nDiff = 3  (X,Y) = (1755, 1665)  Position Error = 208.837
TrainID = 2707  dbValue = 5.68437  nTestCell = 41  nTrainCell = 39  nDiff = 2  (X,Y) = (1775, 1665)  Position Error = 228.239
TrainID = 535  dbValue = 5.71293  nTestCell = 41  nTrainCell = 39  nDiff = 2  (X,Y) = (1535, 1335)  Position Error = 277.584
TrainID = 2891  dbValue = 5.76846  nTestCell = 41  nTrainCell = 39  nDiff = 2  (X,Y) = (1805, 1695)  Position Error = 265.317
TrainID = 666  dbValue = 5.82924  nTestCell = 41  nTrainCell = 38  nDiff = 3  (X,Y) = (1745, 1785)  Position Error = 258.443
TrainID = 2605  dbValue = 5.83025  nTestCell = 41  nTrainCell = 39  nDiff = 2  (X,Y) = (1805, 1655)  Position Error = 255.642
TrainID = 426  dbValue = 5.85797  nTestCell = 41  nTrainCell = 38  nDiff = 3  (X,Y) = (1745, 1845)  Position Error = 301.916
TrainID = 496  dbValue = 5.92142  nTestCell = 41  nTrainCell = 39  nDiff = 2  (X,Y) = (1835, 1635)  Position Error = 282.936
TrainID = 1338  dbValue = 6.03592  nTestCell = 41  nTrainCell = 38  nDiff = 3  (X,Y) = (1715, 1805)  Position Error = 251.978
TrainID = 2467  dbValue = 6.07644  nTestCell = 41  nTrainCell = 39  nDiff = 2  (X,Y) = (1765, 1715)  Position Error = 235.697
TrainID = 1075  dbValue = 6.10844  nTestCell = 41  nTrainCell = 39  nDiff = 2  (X,Y) = (1525, 1315)  Position Error = 298.317
TrainID = 865  dbValue = 6.13097  nTestCell = 41  nTrainCell = 38  nDiff = 3  (X,Y) = (1685, 1845)  Position Error = 267.793
TrainID = 2225  dbValue = 6.13887  nTestCell = 41  nTrainCell = 39  nDiff = 2  (X,Y) = (1855, 1645)  Position Error = 303.798
TrainID = 618  dbValue = 6.18542  nTestCell = 41  nTrainCell = 39  nDiff = 2  (X,Y) = (1835, 1675)  Position Error = 288.952
TrainID = 2266  dbValue = 6.19656  nTestCell = 41  nTrainCell = 38  nDiff = 3  (X,Y) = (1745, 1785)  Position Error = 258.443
TrainID = 1559  dbValue = 6.2262  nTestCell = 41  nTrainCell = 38  nDiff = 3  (X,Y) = (1735, 1795)  Position Error = 258.095
TrainID = 2638  dbValue = 6.24732  nTestCell = 41  nTrainCell = 39  nDiff = 2  (X,Y) = (1765, 1725)  Position Error = 240.235
TrainID = 1048  dbValue = 6.25841  nTestCell = 41  nTrainCell = 38  nDiff = 3  (X,Y) = (1735, 1865)  Position Error = 311.662
TrainID = 2804  dbValue = 6.29612  nTestCell = 41  nTrainCell = 38  nDiff = 3  (X,Y) = (1695, 1855)  Position Error = 281.448
TrainID = 1352  dbValue = 6.31045  nTestCell = 41  nTrainCell = 39  nDiff = 2  (X,Y) = (1785, 1725)  Position Error = 258.056
TrainID = 2486  dbValue = 6.36649  nTestCell = 41  nTrainCell = 38  nDiff = 3  (X,Y) = (1765, 1725)  Position Error = 240.235
TrainID = 581  dbValue = 6.40519  nTestCell = 41  nTrainCell = 38  nDiff = 3  (X,Y) = (1735, 1855)  Position Error = 303.6
TrainID = 921  dbValue = 6.48543  nTestCell = 41  nTrainCell = 38  nDiff = 3  (X,Y) = (1695, 1855)  Position Error = 281.448
TrainID = 335  dbValue = 6.48813  nTestCell = 41  nTrainCell = 39  nDiff = 2  (X,Y) = (1785, 1725)  Position Error = 258.056
TrainID = 1726  dbValue = 6.50144  nTestCell = 41  nTrainCell = 38  nDiff = 3  (X,Y) = (1725, 1835)  Position Error = 281.626
TrainID = 2332  dbValue = 6.54713  nTestCell = 41  nTrainCell = 38  nDiff = 3  (X,Y) = (1735, 1855)  Position Error = 303.6
