trainID = 129  0.4089  0.3313  2.916  2.8058  3.1386  2.3311  1.6442  0.1719  1.591  33.5111  1.3765  3.2703  3.0109  2.6264  2.7536  0.6713  0.8848  1.292  4.0419  0.563  0.0167  1.815  0.9762  6.0567  2.5587  9.0321  0.2042  1.476  3.6755  2.267  2.1007  1.4763  3.5189  0.8871  4.708  1.735  2.0052  3.9593  1.11  1.0994  0.9303  
trainID = 141  3.0237  6.001  2.156  3.2063  1.4168  1.7075  0.0742  1.1808  0.4761  1.17  31.4749  0.0796  3.1783  1.7509  2.155  1.0182  1.7436  1.4106  1.0392  1.9136  2.303  0.3323  2.3319  0.0284  0.3323  1.4852  11.7571  2.0782  0.4401  5.7772  1.2845  0.0196  4.5646  1.5014  0.7843  2.7179  1.1541  2.4747  1.7792  1.011  0.6604  4.6212  
trainID = 142  3.848  4.1877  2.949  2.1224  4.1073  1.4184  3.8184  0.6045  0.1187  33.337  0.7576  6.4997  5.0777  5.5041  1.3386  3.4525  1.196  3.1047  1.1023  0.147  2.971  2.244  2.7372  6.2122  0.634  15.0719  3.1036  0.0201  6.07  0.443  1.9534  2.3427  6.372  0.1331  8.8164  0.6909  0.5767  0.1683  0.127  1.6034  3.9779  
trainID = 171  4.0423  5.6479  2.28  4.3061  0.8224  0.0769  3.8734  2.1962  2.7798  33.3525  4.191  9.3011  2.8088  5.3336  2.931  6.6142  5.8946  0.8984  5.6868  0.596  3.7793  4.1619  2.5393  13.6778  12.6809  14.3722  3.1554  5.7257  10.3239  0.518  2.0804  6.6526  0.3182  2.8902  7.0453  1.7385  1.3118  3.6117  0.328  1.1134  2.4922  1.744  
trainID = 175  1.078  2.5365  3.3197  5.1714  4.4345  2.9683  2.0602  0.6202  3.2749  1.92  33.7973  5.8477  1.5899  2.7831  3.7916  7.5859  4.4501  0.4922  4.5138  7.3089  2.071  2.4531  1.3581  0.1247  10.0344  7.0404  7.7782  1.8227  3.8607  4.2036  0.373  4.8883  1.0268  4.0407  0.4877  3.4146  2.1083  2.3063  1.2233  0.4062  1.3274  1.6625  
trainID = 211  1.2178  7.2159  1.913  1.7496  4.1423  0.9477  1.3064  0.6437  0.6257  0.325  33.2218  1.3964  3.7717  3.5842  1.4643  0.6414  1.3733  0.3756  0.9738  1.4328  0.921  1.5113  3.8539  0.6153  3.4486  1.1965  12.4016  2.1483  1.4969  4.9546  0.416  1.3523  3.0655  3.3913  0.9446  3.679  0.32  1.1597  2.095  0.3953  1.4164  2.508  1.291  
trainID = 221  0.8263  1.81  4.2153  8.0706  1.4787  4.8698  3.307  2.5857  3.0858  37.805  2.5018  0.2419  1.189  11.9387  8.911  8.8674  1.054  3.1385  8.718  2.3922  0.9992  1.0633  6.9398  5.3904  2.7528  2.2442  2.5309  0.6271  0.188  5.9868  2.8296  3.3612  2.8261  0.9961  1.7539  0.3427  0.1813  1.841  3.0314  2.4481  
trainID = 258  2.4081  7.0142  1.545  2.2872  2.8247  0.713  1.0574  3.1916  1.3788  0.62  32.9556  0.9662  6.5322  3.9773  3.8103  2.4613  2.0533  1.7836  2.6048  2.7952  2.1292  0.315  3.6239  2.6709  4.2824  16.4897  3.7645  0.2267  10.0713  2.7881  1.1922  3.1317  3.439  2.577  5.1571  0.7114  4.0814  4.3866  1.332  1.1304  3.7823  0.552  
trainID = 278  0.7411  3.1203  1.697  6.7481  0.2892  0.6233  2.5664  2.1373  3.0624  35.6253  1.351  2.9469  2.0481  1.3217  13.1456  0.9914  8.2581  0.9582  0.0313  4.2511  2.9604  2.4592  2.4492  5.8752  8.1558  0.7157  0.4927  1.2699  1.3154  2.0868  3.0967  0.3771  3.2454  3.6051  1.4234  0.5525  0.2132  3.2715  1.1401  0.6702  0.1379  
trainID = 286  2.8848  4.4903  0.223  2.5333  1.0271  0.4448  1.0214  0.9476  0.8458  31.1521  2.0406  0.9947  3.0924  1.1049  2.6208  0.0767  1.3659  0.9387  1.2934  0.077  2.3022  1.5387  0.2592  3.8976  2.6465  9.2815  1.1282  2.1691  2.6012  0.599  1.1722  1.4527  2.0126  0.9944  1.6535  0.8351  1.6171  1.5004  2.289  0.1054  0.8238  0.221  
trainID = 311  0.3859  0.4393  0.726  5.2618  0.639  2.9863  0.9539  1.6558  1.1293  37.2184  0.138  3.0664  1.0956  2.4298  4.9405  3.4596  5.4835  0.7923  1.7701  3.533  2.5395  0.2112  4.3032  6.1177  6.1609  1.3146  2.3105  0.8176  0.4315  3.5362  3.6017  0.4893  3.5829  2.6851  1.4267  0.685  0.3044  2.1858  0.033  0.6414  2.1631  
trainID = 338  0.4701  1.6764  3.054  0.8855  0.4955  0.0246  1.1934  0.2449  1.2588  35.1049  1.0171  2.088  2.3102  2.1871  0.6934  2.5019  2.5418  0.37  0.142  0.6097  1.4117  0.8745  0.9716  1.6501  3.8396  0.2938  0.9413  5.5975  0.29  0.4502  2.86  3.0527  2.2371  3.5977  0.6443  1.3183  1.7848  0.367  2.7624  2.1619  
trainID = 389  0.0852  0.8275  1.879  2.23  2.1875  0.7821  0.6766  1.24  1.4902  34.6142  33.9669  3.7179  0.8737  0.3802  1.9057  1.693  0.3494  0.3094  0.3493  3.1158  0.8567  2.7922  1.6735  2.3197  4.3446  5.0849  0.0607  1.476  0.072  1.4303  1.7317  1.1181  1.5129  2.4321  0.9331  1.3788  1.7773  1.1616  1.039  1.3284  2.5381  
trainID = 399  0.3251  5.2633  1.423  10.2195  0.5054  1.1376  2.3895  0.2171  6.1326  35.1771  1.95  1.3503  0.6364  0.1738  21.239  5.7928  6.5651  3.3967  0.0961  7.7616  1.294  3.4627  0.066  2.1382  10.6622  5.3609  0.289  1.7303  2.1533  2.0872  1.9563  4.5389  1.3418  4.3227  2.8211  0.3902  1.7755  0.6456  2.2155  0.534  1.1214  0.2604  
trainID = 426  2.5731  0.8601  3.175  6.6799  3.1275  2.4868  0.275  0.3048  3.2585  33.1154  33.5382  3.1061  1.3545  4.2604  7.8233  9.4542  10.3795  1.4144  0.433  7.611  1.6798  0.8152  2.3442  7.262  4.5576  4.1853  0.5888  2.7316  1.6876  2.0381  7.908  0.8971  5.8747  1.2251  1.3488  2.8567  1.3253  1.7749  0.17  0.5774  3.7252  
trainID = 428  5.8531  0.3  1.6765  4.7334  2.238  3.7228  1.189  33.0643  6.0424  11.2111  1.0489  6.1107  3.6608  5.1614  2.5533  1.4428  5.6258  0.443  2.0762  5.7905  3.1443  21.8529  14.9209  14.5136  2.31  5.1215  10.0815  0.95  0.1207  8.1909  1.6852  3.9553  6.4464  2.4166  3.5649  4.2916  1.3205  3.3634  3.5622  35.8219  
trainID = 442  2.3401  1.0152  3.5286  2.7474  0.497  1.3712  0.7998  1.8636  1.6245  36.3443  0.392  1.5537  0.6585  1.7314  0.2365  0.2581  0.5667  1.1739  2.0257  3.1021  0.0291  0.8042  0.657  3.5434  4.2107  0.537  0.0856  1.4217  0.285  3.1724  1.4421  1.7449  2.1557  1.6711  0.4944  0.5805  0.1809  0.0056  0.2563  2.8104  2.1816  0.945  
trainID = 492  0.5177  2.7885  0.216  1.3126  2.4387  1.1385  2.3698  0.2525  0.8628  35.9167  2.9766  0.0234  3.5186  1.9424  1.9303  4.0236  1.6529  0.046  0.5649  1.0658  1.5726  1.3349  4.5033  0.5827  12.7403  2.5672  0.2183  4.8418  0.405  0.6692  2.9226  5.0094  0.7686  4.3047  2.032  3.0411  2.8368  0.8499  2.3244  2.0205  
trainID = 554  2.858  6.4728  2.138  1.2406  2.4276  1.3275  1.9074  4.8572  1.7308  34.263  0.1956  7.6475  3.153  4.6986  4.1895  2.0668  0.8682  2.964  1.4541  3.4075  1.7667  1.401  3.6853  4.4727  16.0472  1.8024  2.4951  7.3786  1.034  1.9756  2.9977  0.7328  3.2799  6.1221  0.9853  2.633  3.8682  0.827  0.9124  4.3064  0.773  
trainID = 580  1.7322  1.6233  2.999  5.8918  1.3545  1.2648  2.7724  0.4117  1.1401  34.7807  0.57  1.4372  0.5686  0.5166  7.0586  5.5134  8.9053  0.5426  1.0188  5.7904  0.7095  0.7272  0.4484  6.4227  6.1939  3.123  2.0518  3.405  3.4018  0.03  4.7866  2.0915  4.0151  3.6481  2.0192  0.3186  1.2685  0.4975  0.676  0.1216  3.0142  
trainID = 581  2.0781  0.1262  1.495  3.7444  1.1629  7.1679  2.2123  0.6078  2.4685  36.4372  31.471  1.9425  0.0708  1.9836  9.5999  7.0982  8.878  1.6397  0.4863  4.5607  3.5227  1.2401  0.021  8.4812  6.2932  5.7885  1.1054  2.3967  2.6397  0.283  6.4844  0.9839  5.1667  0.9009  2.0685  2.8227  1.6103  0.2957  0.862  1.0714  0.7587  
trainID = 586  0.2088  2.3713  3.5147  5.9711  0.8198  2.3134  1.4177  2.5981  3.39  35.5769  0.378  0.0897  0.4883  2.245  16.0316  0.238  6.9273  1.6694  0.123  7.165  1.6818  1.3362  2.3182  4.6898  8.2693  0.3188  0.2652  1.7264  1.0799  0.431  3.8123  2.0015  3.2882  2.8251  0.7793  1.9493  0.3471  2.0611  0.5926  0.5554  2.2381  
trainID = 666  3.3729  1.5964  4.0223  6.5476  1.2173  2.6468  3.3166  3.2243  4.8097  35.894  33.7139  3.665  1.6608  3.7385  14.351  14.8524  13.7612  0.8604  3.7402  8.4488  4.554  0.2099  1.8342  11.2903  6.0952  4.3621  2.9242  7.0171  3.0562  0.557  6.6721  0.6486  6.9555  3.5791  2.8621  0.1984  0.5979  3.5244  0.76  4.6494  1.8874  
trainID = 675  0.7282  4.3065  2.9  0.4981  1.3979  0.2742  0.2117  2.2647  0.3802  1.712  33.7069  2.1262  3.7484  5.1461  0.2212  0.1375  1.7517  3.7446  2.1444  2.4873  1.5164  0.0582  0.6044  8.0308  0.1491  10.3118  1.363  3.2929  6.471  0.725  1.9127  3.2311  4.7401  1.1771  5.6271  1.6511  0.3339  0.3399  1.489  3.6914  3.2766  0.016  
trainID = 729  0.3935  3.32  1.875  1.5286  3.9226  0.8651  1.0701  2.46  1.1571  32.9076  5.2407  3.147  5.8381  0.2305  2.2995  0.4117  0.6847  3.1532  2.3648  2.7354  1.4326  0.6411  9.4088  2.061  13.5525  2.6814  6.5446  3.7287  0.669  1.8855  2.8622  3.3179  1.7161  3.4914  2.3703  2.1317  1.3196  2.417  2.9524  3.177  
trainID = 774  1.9647  0.9426  0.023  9.5686  2.9558  6.281  3.8468  3.5269  2.3987  34.7495  32.6177  2.7662  1.0072  4.0603  11.2123  2.8272  23.8629  0.2532  7.1234  8.9487  3.4577  0.1174  1.3152  14.3114  7.8442  6.2857  5.7243  4.6622  3.4763  0.71  8.14  0.0705  7.291  4.5741  4.0912  1.9232  4.4243  1.8733  37.3423  0.859  
trainID = 793  0.2748  0.3815  0.365  4.9901  3.1149  1.8526  0.8604  1.1091  0.9686  33.3983  1.2902  1.5593  3.0348  3.4415  3.939  4.2709  0.4533  0.3623  6.3798  2.7622  2.2272  2.0802  3.9675  6.5908  2.0042  1.8136  1.9734  2.1214  1.112  2.9756  1.0721  1.0361  2.3281  0.6384  1.3349  1.4783  0.9359  0.1169  1.0004  1.1267  1.443  
trainID = 841  0.5811  1.5286  0.392  7.0116  0.2486  2.4325  1.0934  0.4234  1.2595  36.9379  0.085  0.5035  1.554  0.5797  8.0256  3.2054  6.3656  1.8378  1.3106  6.131  3.1227  1.943  2.7482  4.7268  6.2059  4.1553  1.0772  4.1862  0.4591  0.896  4.6346  0.7764  2.8294  1.4041  0.0909  1.2657  0.5659  0.1416  3.377  0.8524  1.6236  
trainID = 848  0.874  1.2029  2.2255  2.4994  1.1166  2.4078  0.872  31.048  1.8197  7.4721  2.5996  4.4404  5.982  5.5817  1.0493  4.7517  3.8271  0.304  3.7706  1.6139  0.7656  11.3515  4.0339  4.1813  0.4977  6.3057  7.349  0.895  2.0541  6.0113  1.8793  2.3731  4.6597  1.9149  4.11  4.2037  0.8003  0.9744  1.776  35.0529  
trainID = 849  1.361  3.5207  3.2576  2.5639  1.0934  3.7672  3.034  1.2785  0.7074  36.06  5.0942  4.3391  3.2108  3.6874  4.9489  0.5045  0.0247  4.0371  5.68  2.9726  0.4901  0.1657  14.0423  3.6643  10.9948  2.2908  5.2407  2.2033  1.5189  6.1195  1.2834  5.0319  2.6431  3.3121  2.9167  1.2048  1.2135  3.069  1.4344  4.3929  
trainID = 865  2.2231  0.1606  1.249  5.9293  3.7645  0.418  2.6765  0.1405  1.6903  33.7401  33.5054  2.4172  1.9051  4.6604  8.2065  6.8968  5.1488  0.9106  0.6244  4.2953  1.6726  0.5677  1.6531  8.7379  4.1078  5.6788  1.1821  4.3253  2.9273  2.291  5.5781  0.7493  6.5861  2.0451  3.0469  1.8145  0.3936  1.0198  0.1453  0.8774  2.0814  0.381  
trainID = 921  0.2602  0.3008  0.606  6.272  3.1814  2.8309  2.7709  0.0127  0.964  33.2034  34.2606  3.7633  0.3972  0.2815  7.4128  6.6862  5.589  2.5552  0.1269  4.0011  0.0065  0.6626  3.8772  9.8664  3.1679  4.9142  1.0557  3.3372  3.1791  0.72  2.7424  0.2584  4.2625  2.8711  1.3794  0.9575  0.6103  0.5661  0.7079  2.2104  2.3387  
trainID = 977  3.1738  2.0983  4.3467  10.7067  2.5986  3.8644  1.7865  1.7746  4.7511  38.0422  2.025  0.3938  0.4969  0.6105  24.0534  7.4774  8.2576  2.0992  0.1776  10.4618  4.1975  2.3672  2.7152  9.9212  6.7875  0.2025  1.4124  3.1693  2.9104  0.622  7.456  1.6855  4.8107  4.0321  1.0568  1.2096  2.3233  2.1982  0.736  2.6374  1.4465  
trainID = 988  0.5648  1.1992  1.983  3.8952  0.6937  0.9141  1.2292  2.7904  1.8527  35.0622  31.8936  2.4407  1.4045  3.0748  3.7715  7.3795  4.8075  2.4063  0.0679  3.6448  0.7684  1.0402  0.379  8.0619  6.0955  5.0636  0.5422  3.7235  0.8807  0.844  4.3552  0.1199  6.3013  2.5621  2.6315  2.3055  0.0274  2.5461  0.588  0.8074  0.6363  
trainID = 1045  3.332  3.8541  3.4929  2.812  0.8504  0.2106  0.1444  3.7956  0.8988  34.3303  0.372  4.9909  2.9556  3.0466  4.1698  3.3475  1.9632  1.4134  0.0633  0.618  0.8148  2.2828  2.6921  0.0106  2.566  14.0716  2.5381  0.4572  5.4732  2.4111  0.5821  5.0234  0.8375  1.097  7.2283  2.8565  3.5175  2.7378  0.4402  1.5134  3.5292  
trainID = 1048  0.7437  1.2847  2.508  3.7263  1.0248  2.1749  1.8212  0.2252  1.3534  33.7291  31.62  1.7373  2.3539  2.0622  4.5507  7.9677  6.6408  1.2614  0.6669  5.4428  1.8466  1.6732  0.7374  4.9954  6.7705  4.8505  1.71  1.4006  2.3734  0.173  3.2075  2.3337  5.8107  2.9441  0.3391  1.6957  0.0714  0.5746  1.037  1.1814  2.0076  
trainID = 1049  0.7457  4.2232  2.48  0.5473  4.0222  2.1793  2.9354  2.536  0.6916  34.3825  0.4759  6.4952  4.6989  3.2748  1.1269  1.7097  5.4846  2.8908  0.6972  1.788  0.6815  3.1877  0.4236  6.574  0.2133  17.6017  2.5264  0.084  7.0011  1.813  3.3686  5.3412  3.6489  1.6798  6.5034  1.685  0.7054  0.5757  1.988  0.5164  5.9468  0.427  
trainID = 1053  0.4422  2.0625  1.116  4.2571  1.3014  0.9689  3.1623  0.7634  1.4878  1.596  33.2987  1.7802  1.6496  1.7444  4.4241  2.0364  2.1351  2.1479  1.9654  3.4151  1.272  1.178  1.3451  5.1479  5.3684  5.5892  0.558  3.2546  1.5246  0.699  3.8486  1.2245  1.4881  2.5601  0.5218  0.1321  1.277  0.9678  3.17  1.5964  2.186  
trainID = 1072  4.7444  5.892  3.029  3.329  4.1574  0.7595  0.9424  2.8761  2.0418  32.9668  3.2322  6.858  2.092  6.1208  2.9613  5.9272  3.0256  0.7894  4.6774  1.2505  0.5236  0.6249  7.9798  9.4102  18.9219  2.8422  3.5701  9.3456  0.677  2.4353  3.7426  0.9922  4.0916  7.063  3.5779  1.3045  2.7805  0.295  0.4734  2.3144  0.147  
trainID = 1086  2.9861  1.132  1.716  4.2797  2.3956  0.2545  1.8534  0.6429  0.5938  34.9133  30.9428  2.5638  2.5317  2.2416  4.9764  6.5618  3.4993  1.372  3.7547  6.1867  0.109  3.5776  0.6569  1.4006  6.4328  2.6329  9.282  2.1447  4.086  1.7492  1.087  3.7394  1.0432  1.8865  0.7156  2.8332  2.4727  0.1636  0.9583  1.329  2.0714  2.025  
trainID = 1106  1.2611  5.508  3.2693  0.8259  3.1361  0.8205  1.7624  0.5172  0.2719  0.102  33.167  1.7159  1.6034  2.1075  1.5909  4.1476  1.1915  2.4375  3.4083  3.5425  0.0611  0.9418  0.6923  6.9411  0.2436  11.0115  3.658  5.5004  4.1646  0.765  3.5129  2.5732  3.934  0.224  3.9202  0.7635  0.0056  2.7891  0.3098  1.0144  1.595  
trainID = 1117  1.8018  2.8253  3.4993  9.6719  1.6167  3.4239  2.4823  1.3261  4.0387  36.4109  1.732  2.6405  0.6251  0.4004  26.1578  1.5338  12.7016  2.0515  3.1241  9.4918  5.0703  1.8122  4.0602  10.9028  7.6631  1.1653  1.9232  2.6798  2.7109  1.5575  5.9856  0.9215  4.8804  4.5461  0.0065  0.6937  0.7998  2.8406  0.092  3.2444  1.5796  
trainID = 1133  0.1789  1.0096  3.5737  3.6099  2.0241  1.5376  1.035  1.6738  2.0793  32.5583  1.655  1.1067  3.4063  5.0176  3.9193  3.4896  2.8033  1.0001  3.3935  1.1998  0.1093  0.1859  6.1956  3.3666  7.2751  2.1224  2.541  1.5284  1.001  1.5801  0.7971  2.6401  0.9918  3.7296  2.0008  1.8643  1.8341  1.447  0.4694  2.7996  
trainID = 1148  0.7583  2.4957  0.168  3.1909  0.7971  1.1779  0.2152  0.0234  0.8139  33.2135  31.7957  0.5301  0.5486  3.2162  4.7187  2.8815  3.6667  0.4513  1.3715  5.8309  1.5343  1.1203  0.5202  5.0408  5.4765  3.5434  0.5787  2.467  0.0397  2.8104  3.1897  1.7092  2.1903  0.0162  3.9259  1.0708  1.2171  1.5872  1.2224  1.3468  2.9562  
trainID = 1183  1.3704  2.9325  1.642  0.7771  0.5088  0.5049  1.8694  0.5882  1.6368  32.3818  0.8633  5.9721  1.1726  1.9333  1.1079  2.8267  2.4476  4.1854  1.1495  2.8418  4.6456  2.0967  0.0235  1.3257  11.1443  2.2455  2.9016  6.3741  0.588  0.5752  3.4139  2.5835  0.6871  5.8942  1.3715  2.4967  2.3594  1.48  0.0373  1.8476  0.463  
trainID = 1194  1.5546  1.3324  1.049  2.0278  1.3751  1.0279  0.5637  0.4326  0.7063  2.292  34.0122  1.1412  2.1557  0.9189  3.2526  1.1284  0.6314  1.16  0.1264  0.3077  0.4669  0.9678  2.1722  4.3136  4.8728  4.6861  1.0933  2.0266  1.7039  2.9393  0.8113  1.5734  1.9367  0.3477  4.2356  1.4847  0.8596  0.721  1.208  0.9154  2.4847  
TrainID = 442  dbValue = 2.21535  nTestCell = 43  nTrainCell = 42  nDiff = 1  (X,Y) = (1765, 1965)  Position Error = 55.0727
TrainID = 286  dbValue = 2.38752  nTestCell = 43  nTrainCell = 42  nDiff = 1  (X,Y) = (1675, 1965)  Position Error = 49.93
TrainID = 338  dbValue = 2.3994  nTestCell = 43  nTrainCell = 40  nDiff = 3  (X,Y) = (1705, 1965)  Position Error = 29.5466
TrainID = 1194  dbValue = 2.41504  nTestCell = 43  nTrainCell = 41  nDiff = 2  (X,Y) = (1735, 1955)  Position Error = 41.1461
TrainID = 141  dbValue = 2.75274  nTestCell = 43  nTrainCell = 42  nDiff = 1  (X,Y) = (1625, 2025)  Position Error = 97.7394
TrainID = 793  dbValue = 2.78501  nTestCell = 43  nTrainCell = 41  nDiff = 2  (X,Y) = (1765, 1905)  Position Error = 99.363
TrainID = 1053  dbValue = 2.84546  nTestCell = 43  nTrainCell = 41  nDiff = 2  (X,Y) = (1725, 1935)  Position Error = 57.5587
TrainID = 211  dbValue = 2.85824  nTestCell = 43  nTrainCell = 43  nDiff = 0  (X,Y) = (1615, 1995)  Position Error = 102.044
TrainID = 129  dbValue = 2.94997  nTestCell = 43  nTrainCell = 41  nDiff = 2  (X,Y) = (1655, 1955)  Position Error = 72.2011
TrainID = 1183  dbValue = 3.0065  nTestCell = 43  nTrainCell = 41  nDiff = 2  (X,Y) = (1605, 2035)  Position Error = 119.971
TrainID = 311  dbValue = 3.01575  nTestCell = 43  nTrainCell = 41  nDiff = 2  (X,Y) = (1765, 1895)  Position Error = 108.227
TrainID = 1133  dbValue = 3.01877  nTestCell = 43  nTrainCell = 40  nDiff = 3  (X,Y) = (1685, 1895)  Position Error = 102.142
TrainID = 492  dbValue = 3.02759  nTestCell = 43  nTrainCell = 40  nDiff = 3  (X,Y) = (1615, 1975)  Position Error = 103.407
TrainID = 675  dbValue = 3.09277  nTestCell = 43  nTrainCell = 42  nDiff = 1  (X,Y) = (1605, 1935)  Position Error = 125.67
TrainID = 1106  dbValue = 3.09775  nTestCell = 43  nTrainCell = 41  nDiff = 2  (X,Y) = (1625, 1935)  Position Error = 108.227
TrainID = 841  dbValue = 3.13631  nTestCell = 43  nTrainCell = 41  nDiff = 2  (X,Y) = (1785, 1875)  Position Error = 135.326
TrainID = 389  dbValue = 3.16428  nTestCell = 43  nTrainCell = 41  nDiff = 2  (X,Y) = (1735, 1925)  Position Error = 69.3758
TrainID = 580  dbValue = 3.28932  nTestCell = 43  nTrainCell = 41  nDiff = 2  (X,Y) = (1755, 1865)  Position Error = 132.563
TrainID = 586  dbValue = 3.3196  nTestCell = 43  nTrainCell = 41  nDiff = 2  (X,Y) = (1815, 1855)  Position Error = 168.443
TrainID = 278  dbValue = 3.35188  nTestCell = 43  nTrainCell = 41  nDiff = 2  (X,Y) = (1805, 1875)  Position Error = 146.4
TrainID = 1045  dbValue = 3.39858  nTestCell = 43  nTrainCell = 41  nDiff = 2  (X,Y) = (1595, 2025)  Position Error = 126.384
TrainID = 1148  dbValue = 3.44947  nTestCell = 43  nTrainCell = 41  nDiff = 2  (X,Y) = (1735, 1915)  Position Error = 79.0759
TrainID = 729  dbValue = 3.59915  nTestCell = 43  nTrainCell = 40  nDiff = 3  (X,Y) = (1595, 1925)  Position Error = 139.187
TrainID = 142  dbValue = 3.68196  nTestCell = 43  nTrainCell = 41  nDiff = 2  (X,Y) = (1575, 1985)  Position Error = 142.172
TrainID = 1049  dbValue = 3.71137  nTestCell = 43  nTrainCell = 42  nDiff = 1  (X,Y) = (1555, 1985)  Position Error = 162.151
TrainID = 258  dbValue = 3.82892  nTestCell = 43  nTrainCell = 42  nDiff = 1  (X,Y) = (1565, 2035)  Position Error = 157.965
TrainID = 399  dbValue = 3.87903  nTestCell = 43  nTrainCell = 42  nDiff = 1  (X,Y) = (1845, 1825)  Position Error = 210.412
TrainID = 554  dbValue = 3.88693  nTestCell = 43  nTrainCell = 41  nDiff = 2  (X,Y) = (1575, 2045)  Position Error = 151.568
TrainID = 175  dbValue = 3.8942  nTestCell = 43  nTrainCell = 42  nDiff = 1  (X,Y) = (1665, 1855)  Position Error = 146.537
TrainID = 1048  dbValue = 3.91777  nTestCell = 43  nTrainCell = 41  nDiff = 2  (X,Y) = (1735, 1865)  Position Error = 128.269
TrainID = 988  dbValue = 3.9355  nTestCell = 43  nTrainCell = 41  nDiff = 2  (X,Y) = (1715, 1895)  Position Error = 97.0206
TrainID = 1086  dbValue = 3.99511  nTestCell = 43  nTrainCell = 42  nDiff = 1  (X,Y) = (1695, 1885)  Position Error = 109.238
TrainID = 921  dbValue = 4.02848  nTestCell = 43  nTrainCell = 41  nDiff = 2  (X,Y) = (1695, 1855)  Position Error = 138.755
TrainID = 849  dbValue = 4.10938  nTestCell = 43  nTrainCell = 40  nDiff = 3  (X,Y) = (1625, 1845)  Position Error = 173.416
TrainID = 221  dbValue = 4.13351  nTestCell = 43  nTrainCell = 40  nDiff = 3  (X,Y) = (1775, 1835)  Position Error = 167.371
TrainID = 865  dbValue = 4.2482  nTestCell = 43  nTrainCell = 42  nDiff = 1  (X,Y) = (1685, 1845)  Position Error = 150.443
TrainID = 581  dbValue = 4.39092  nTestCell = 43  nTrainCell = 41  nDiff = 2  (X,Y) = (1735, 1855)  Position Error = 138.177
TrainID = 1072  dbValue = 4.4094  nTestCell = 43  nTrainCell = 41  nDiff = 2  (X,Y) = (1565, 2115)  Position Error = 195.533
TrainID = 426  dbValue = 4.65376  nTestCell = 43  nTrainCell = 41  nDiff = 2  (X,Y) = (1745, 1845)  Position Error = 149.643
TrainID = 848  dbValue = 4.66619  nTestCell = 43  nTrainCell = 40  nDiff = 3  (X,Y) = (1625, 2145)  Position Error = 178.53
TrainID = 1117  dbValue = 4.69978  nTestCell = 43  nTrainCell = 41  nDiff = 2  (X,Y) = (1795, 1785)  Position Error = 221.208
TrainID = 977  dbValue = 4.7096  nTestCell = 43  nTrainCell = 41  nDiff = 2  (X,Y) = (1835, 1795)  Position Error = 229.637
TrainID = 171  dbValue = 4.90223  nTestCell = 43  nTrainCell = 42  nDiff = 1  (X,Y) = (1565, 2135)  Position Error = 208.694
TrainID = 666  dbValue = 5.84574  nTestCell = 43  nTrainCell = 41  nDiff = 2  (X,Y) = (1745, 1785)  Position Error = 208.885
TrainID = 428  dbValue = 6.28946  nTestCell = 43  nTrainCell = 40  nDiff = 3  (X,Y) = (1545, 2185)  Position Error = 258.521
TrainID = 774  dbValue = 6.98575  nTestCell = 43  nTrainCell = 40  nDiff = 3  (X,Y) = (1685, 1735)  Position Error = 258.985
