trainID = 159  1.1908  3.988  1.895  5.1302  0.1634  4.1317  3.0206  0.2292  0.621  0.0055  3.5381  2.0742  5.5785  9.5464  1.3192  4.1026  5.1913  2.6514  4.4751  1.8887  6.3982  34.5984  2.8138  4.9428  4.9604  4.6286  7.2642  16.6924  3.0206  6.332  2.3754  0.804  2.6939  2.6058  0.9103  2.9343  0.8385  3.14  0.437  1.5451  0.714  
trainID = 173  5.5261  3.7682  0.916  5.2628  0.3584  2.1934  2.5365  0.1061  4.1856  1.6657  1.006  2.582  3.3277  2.2344  2.907  6.4123  4.6021  13.2094  1.7441  1.7395  5.9124  3.2235  0.9534  0.0456  5.0749  6.7403  3.6676  2.9365  2.1743  0.6492  0.848  3.1061  4.7943  0.5187  0.1323  2.5738  2.4514  3.6042  4.196  33.7014  1.105  
trainID = 213  1.4666  0.5304  1.1968  1.5389  4.2752  5.8717  0.2741  3.4641  1.002  0.4817  1.673  0.633  2.6107  4.7244  0.6523  4.3138  4.5054  1.1771  1.2491  1.869  6.7764  0.368  3.14  0.3431  1.309  18.5927  8.2693  0.2554  1.4558  9.5296  0.0246  3.8281  0.3043  0.6932  5.322  1.0592  1.4477  3.5064  2.9426  4.6516  0.304  1.215  1.1548  1.211  
trainID = 247  2.2761  5.2401  3.9527  1.5986  2.3216  2.1945  0.092  0.84  2.5398  6.0134  3.1415  4.3398  5.0964  5.1672  2.2293  0.2201  0.8474  7.0083  0.021  2.7135  1.7  0.4619  19.3341  7.2659  7.7794  1.3378  12.5205  0.6838  0.54  2.6914  1.4282  5.1238  2.6185  0.154  3.584  1.9385  3.7035  3.3611  1.398  0.7789  33.9689  
trainID = 250  0.3818  1.1606  0.376  0.6858  3.0052  1.6407  0.4689  3.6459  1.7246  0.1666  1.022  0.242  2.332  2.241  0.5015  1.0292  4.2276  0.2287  0.795  0.7996  2.172  2.971  1.4505  1.2179  2.153  8.149  7.0431  2.9696  1.1618  5.0699  0.5879  1.654  0.8341  0.0586  1.3396  1.2382  0.1554  0.6615  1.3226  0.9534  3.3898  2.246  0.6775  
trainID = 254  2.1498  0.8582  1.511  4.0169  3.7066  1.2838  2.2986  0.8074  0.635  1.623  3.1293  1.383  2.4205  0.9152  0.9028  3.8456  3.5805  0.2578  3.366  0.5814  4.2783  2.1286  1.8225  1.0943  12.1652  6.3936  2.1212  0.2526  7.2705  0.4556  1.68  0.726  1.3395  5.1797  0.965  0.07  3.4665  3.0047  2.0775  2.834  0.205  1.7068  0.529  
trainID = 285  3.8614  3.1318  1.511  6.8589  0.3503  0.5014  3.1982  3.0823  5.8554  0.9647  4.1771  0.367  0.3142  1.1542  1.8212  7.1579  7.3223  10.016  1.8083  3.0294  4.0503  0.6904  0.6558  0.6368  3.0956  5.3877  7.2837  0.9904  1.5411  2.6352  1.8956  6.579  6.7089  0.7925  0.0885  4.3509  1.3604  1.2394  0.8754  1.044  0.861  1.3317  
trainID = 308  0.6523  2.1082  0.789  1.9319  3.418  2.812  0.3358  0.5138  0.999  0.36  2.223  0.616  4.5404  0.8105  0.6009  2.7604  3.7411  1.4293  2.0011  1.6116  4.3801  2.5488  2.86  0.5553  11.5926  5.7842  3.2868  0.0153  4.724  1.8493  1.132  0.5215  0.4142  2.8174  1.8028  1.4749  1.8141  0.3295  0.5834  0.932  1.683  3.0869  0.126  
trainID = 312  1.2687  2.186  0.097  3.622  4.1399  3.6797  0.0378  1.4002  4.7303  2.4424  0.519  0.155  1.1874  2.6014  0.2384  1.9253  0.0728  4.9987  2.0033  0.1451  2.2735  1.9959  1.0808  2.4299  5.1504  3.3193  11.1216  0.4344  3.3344  2.3672  2.0347  1.1265  3.7623  3.0307  1.2793  1.2689  0.4356  0.5451  1.7379  1.129  2.019  0.9126  
trainID = 331  4.3881  6.6271  0.112  9.9944  4.0541  0.3647  5.4223  1.2213  5.1421  0.7048  1.763  0.187  0.157  4.0349  0.6421  15.6669  14.7728  13.9525  1.3785  2.9394  6.7995  3.0048  1.1757  0.449  1.042  6.7891  8.9018  0.5516  0.2352  3.9504  0.429  5.6166  3.9018  2.6512  0.3587  3.4769  1.2454  3.0812  3.4725  0.555  0.606  1.9957  
trainID = 344  2.7735  2.2229  1.808  2.2444  4.707  1.1419  2.8565  0.9696  1.5294  1.0763  1.309  0.473  4.5052  5.0489  0.3828  0.071  0.5391  1.5102  1.5699  1.4533  1.6224  1.655  1.0094  1.3992  1.3426  4.8166  0.6696  6.6947  0.2558  2.0732  0.9367  2.5234  1.4646  2.9261  3.7042  1.3323  5.5506  1.3354  0.9707  1.4377  2.933  1.422  2.273  1.899  
trainID = 382  0.526  0.6901  1.9286  1.2473  0.0922  0.2229  0.8246  0.5301  2.3857  0.2393  0.932  2.1636  0.3571  0.2182  2.7626  1.5725  0.637  3.4813  1.8781  1.1756  0.2431  0.632  1.3248  1.363  0.0725  0.8426  0.2571  1.1775  1.2519  1.6289  0.56  1.502  1.1596  2.2635  0.9678  0.6383  2.2482  0.3677  0.4842  2.0999  3.202  0.613  1.5541  
trainID = 391  1.7072  2.738  0.605  3.7383  2.5569  3.3995  0.9844  0.2235  3.6769  0.9103  2.8097  0.255  1.2868  3.4733  1.0083  2.3082  0.839  4.1745  1.0449  3.4343  0.1157  0.527  0.1608  0.9179  3.9931  2.2091  9.5164  2.5771  2.8814  4.7764  1.8836  1.3056  2.6929  0.4204  0.256  4.2562  0.0353  0.0779  0.9379  5.0403  2.9314  1.4818  0.474  
trainID = 409  3.8653  2.2456  1.429  4.8175  0.2291  0.3741  0.4447  0.3213  5.0399  3.4766  2.5835  0.943  1.9088  2.5773  0.7143  4.6138  0.6197  6.7543  0.6531  2.7046  4.0944  0.587  1.0941  0.486  0.971  6.3392  5.7599  1.3003  1.8904  1.2936  0.26  2.9961  5.2685  2.5898  1.3341  4.5556  1.0606  2.5702  0.4504  2.585  0.717  1.6082  
trainID = 414  3.286  2.0484  2.6941  5.0604  2.3247  2.5633  2.8002  0.3511  2.8904  1.0957  0.787  0.019  2.4412  2.104  2.5834  4.5184  0.9228  8.1924  0.9171  3.5356  4.5544  0.689  3.0021  1.2482  1.0246  2.9087  3.236  4.4689  3.2744  3.5096  1.5167  1.096  6.099  3.702  2.7448  0.2249  1.1867  1.1194  3.2602  3.6709  33.8864  
trainID = 430  3.4618  2.3923  0.8499  5.189  2.6092  0.7515  2.8492  2.2489  1.6018  2.2124  1.162  1.735  0.8088  2.2797  0.3163  3.4774  3.8873  7.7899  2.5314  1.3359  2.3316  0.0744  0.0598  0.9367  1.3162  2.3852  4.3943  0.067  0.1816  1.7197  0.017  2.059  4.8016  0.3146  1.2243  3.2994  0.9566  1.3065  1.9574  2.554  2.03  2.9273  
trainID = 435  4.1733  2.6397  1.2467  6.084  0.9408  2.5008  2.0603  1.3104  4.5106  0.2751  0.942  1.9746  1.6778  0.8344  1.918  6.756  0.9515  14.5174  1.2189  2.6103  6.1452  0.5986  1.8126  0.196  3.1581  4.603  4.6576  3.7344  1.8051  0.5837  0.706  5.1804  2.9195  1.2866  0.4353  0.8056  0.3703  1.7857  0.2226  31.5974  1.685  
trainID = 453  2.4832  3.1698  0.689  3.7822  3.136  1.0044  1.8855  1.3456  5.9415  0.0653  1.182  3.3236  1.0071  2.4408  0.1168  3.8656  3.3288  8.2658  0.454  1.584  1.9694  1.4377  3.1206  1.7921  1.5491  4.0979  3.6204  0.8795  0.3132  0.4268  2.5786  0.8636  4.8353  0.0847  0.2672  2.2538  0.2568  2.8752  3.2846  3.9351  1.077  2.4356  
trainID = 524  4.9877  3.0526  1.754  6.933  3.3711  0.19  0.9436  2.7606  4.5361  0.0445  1.279  0.468  1.1733  3.8892  0.0702  8.3483  2.6654  10.3087  3.3972  0.1326  4.6403  3.9548  3.5696  2.9319  1.4666  4.3092  10.6975  0.6005  2.8144  4.6379  1.428  2.9646  4.3024  0.3998  0.5223  2.8856  1.3807  0.5899  1.2044  2.169  0.353  0.8606  
trainID = 549  1.0868  0.0248  0.919  3.7123  3.7333  1.6334  1.7232  1.2356  3.3655  1.6888  2.47  3.0003  0.2938  3.8327  0.0248  2.1513  1.7712  2.8377  3.0668  1.15  0.7535  1.8556  0.4846  2.8759  2.3787  1.2999  3.0409  1.1281  0.2292  3.1867  1.235  1.167  2.2644  0.5368  0.7107  1.5947  0.2505  0.7815  0.9874  0.719  1.568  1.5548  0.362  
trainID = 582  2.0534  2.8133  0.911  1.2736  3.2826  0.3155  0.3288  0.0849  1.155  0.9796  1.261  3.1337  1.7342  1.0886  1.1649  0.8726  0.0868  2.1831  1.365  0.6409  2.7474  1.178  1.2142  1.455  2.0792  3.3765  0.1196  0.8215  0.2209  2.6581  0.3674  0.093  1.1468  1.8906  0.1738  0.2015  2.7633  0.5958  0.3859  1.8114  1.83  1.744  1.475  
trainID = 600  2.3581  4.7833  0.396  5.0172  2.6713  4.8557  2.6746  2.9541  0.689  1.7405  1.876  1.197  6.3259  11.6342  0.3027  3.9771  7.5866  4.4656  1.8471  2.1853  4.1466  37.6262  6.4647  5.263  4.8386  0.092  7.1328  9.2179  4.8135  4.4203  4.0768  0.5436  4.8941  4.3821  3.6121  0.4481  3.0251  0.247  1.777  1.2234  0.398  
trainID = 608  2.4579  5.1119  0.607  5.7951  4.0959  0.0383  0.8542  0.9034  3.3149  3.3953  0.48  1.047  2.4996  3.3867  3.2884  5.6124  1.6052  5.3568  3.7677  1.5304  0.0784  0.3169  2.0576  0.9658  3.7483  2.6066  9.4068  1.9368  1.6803  5.6861  2.374  1.3186  4.8037  0.3373  0.0103  3.56  0.4814  0.4374  0.749  1.761  1.013  0.8703  
trainID = 667  1.1455  1.3082  3.426  2.3324  2.9254  3.6307  4.6716  3.1356  0.451  0.2205  0.789  1.683  5.2153  4.9678  2.0463  3.2815  3.8491  0.3852  0.6505  1.5876  5.6388  4.3646  2.0504  1.5286  18.6203  9.3236  0.3913  0.6798  8.2935  4.0921  0.567  2.4049  0.1311  4.6454  1.4857  0.0411  2.8136  3.5811  4.3151  4.4801  0.219  0.3123  
trainID = 707  4.1718  1.8754  0.803  4.5006  4.6732  2.0941  1.7472  1.9089  3.4704  1.171  0.012  1.539  0.4176  2.7175  0.4046  3.8767  3.8358  9.4541  1.6079  0.68  1.3506  0.289  0.9696  2.7786  2.6059  4.2634  1.5596  5.9287  1.7347  2.6118  2.2816  0.899  3.9252  6.3794  0.0438  0.7986  2.1084  0.6905  1.0234  1.0523  2.09  0.01  0.4737  
trainID = 709  1.8255  4.3625  0.401  2.0618  0.8125  2.9458  3.2506  3.9112  1.8128  1.0223  2.29  3.512  4.5221  8.1133  1.1552  2.8531  3.4413  0.3892  0.0572  0.8908  1.9957  34.7017  2.4254  4.0191  2.057  0.0537  5.6341  9.692  3.0333  5.7654  4.1675  2.7979  2.1484  2.6447  1.68  1.1742  1.9249  1.218  0.142  0.4606  0.614  
trainID = 733  1.4545  1.1159  0.498  1.5409  1.0059  3.0968  1.8216  2.218  0.26  1.5918  1.723  2.2601  6.7472  4.1788  2.4184  5.1971  3.9223  1.3144  0.4129  0.0687  6.2762  0.351  2.6108  1.8028  1.517  20.2256  7.5142  0.5192  1.4242  7.9584  1.0599  2.0865  0.3508  1.1728  2.8747  3.6167  1.2688  4.2696  3.1718  4.7892  3.5201  0.39  3.5997  1.022  
trainID = 741  0.4907  1.9062  2.327  1.3201  4.4177  2.6929  0.0129  1.9456  0.921  1.0849  0.699  3.0228  2.734  0.8788  0.7503  1.931  1.7344  3.8953  1.5816  1.0928  4.5025  0.2853  0.4685  2.4829  8.245  2.5779  4.4579  0.2554  1.8862  3.6605  1.7311  0.8314  2.8391  3.5611  0.4663  3.1587  1.2615  1.2517  1.2789  3.595  2.6387  2.2944  0.826  
trainID = 754  3.4281  4.1898  1.0236  5.4333  2.818  1.4107  3.1677  2.0135  4.8587  1.4115  1.645  1.634  1.3897  2.515  0.1743  7.4219  8.2137  11.9924  1.5331  1.6823  6.276  3.2847  1.2518  2.5569  1.2379  5.5762  8.1935  1.3872  1.4103  3.0299  2.2671  1.9254  4.215  2.0257  1.1501  1.4456  1.3004  2.4802  0.7095  2.374  0.345  0.6645  
trainID = 801  0.4789  1.8641  1.188  4.4257  0.6785  4.1557  0.1572  2.0759  0.145  0.2174  0.504  0.071  2.3377  1.3613  3.1588  2.6777  2.2869  2.892  0.2068  2.4465  2.6705  0.3928  0.5902  1.0709  11.7845  1.3316  1.6016  0.6623  4.3182  1.3491  0.43  0.119  2.023  4.6414  0.1403  2.4644  4.5929  0.92  1.2716  3.8188  1.51  2.9339  0.075  
trainID = 816  0.6135  3.282  0.52  1.8808  3.7485  1.7863  1.4236  1.7705  2.204  1.1802  1.314  2.169  3.6867  2.1381  0.0016  2.3296  1.5838  1.0797  0.2742  0.1683  0.1803  1.028  0.2991  0.1911  0.1008  6.5101  1.2344  4.5407  0.3758  2.5912  0.8127  0.503  1.0676  3.9031  3.6891  0.5763  1.7806  1.3013  0.4797  1.3826  1.68  0.86  2.1008  
trainID = 868  3.3283  6.7795  1.1074  10.9219  3.5563  2.4314  2.1467  1.931  2.8974  1.5473  2.6053  0.702  0.0397  2.6207  0.3762  15.0378  14.7052  14.8391  4.6006  0.0037  5.6556  3.9516  0.4266  2.7109  0.0456  6.7899  9.1908  0.5917  0.1458  4.9174  0.241  6.0466  6.0648  1.0016  1.2033  3.5189  0.1672  0.5645  3.2229  0.217  1.546  1.1358  
trainID = 875  2.8836  2.8866  0.731  7.0452  3.6602  0.4949  3.2264  0.6347  4.3106  1.3117  1.149  2.7725  0.1124  2.1593  1.347  8.0188  6.4268  6.8277  2.4314  1.5291  1.4348  0.082  1.9907  0.2207  1.0675  0.9487  4.4377  6.3042  0.9913  0.4363  3.2299  0.998  2.4396  4.3034  0.8181  0.3769  2.3126  0.8653  0.9072  3.2398  3.182  1.441  0.0161  
trainID = 897  3.0209  1.045  1.828  4.8153  1.8319  1.2612  1.5925  0.6017  1.6415  0.1174  0.755  0.508  0.9336  4.1616  2.7549  1.6437  0.4957  3.8308  3.2685  2.319  0.5857  0.893  0.9787  0.6505  6.0101  2.9036  7.727  0.7171  0.5364  3.5963  0.814  0.0108  4.5513  0.8789  0.7205  3.2393  1.0789  1.8883  0.6685  2.735  2.051  4.3978  
trainID = 919  0.8304  4.7411  0.18  5.1352  2.236  2.9591  3.2836  3.2071  0.551  0.7383  4.7096  1.672  8.7466  11.2087  0.1327  3.6031  7.2123  3.6697  2.5771  0.6434  4.1251  37.4211  4.4923  3.1623  4.1944  2.8482  5.3862  13.0626  4.0252  6.584  5.2956  1.0613  1.7443  4.6228  2.2802  0.892  0.8379  1.543  0.806  2.1136  0.211  
trainID = 935  1.3144  2.5666  2.282  4.3274  5.5031  1.0067  0.4266  2.3064  1.008  35.5351  0.617  7.1497  3.1402  1.033  1.0869  2.4096  1.607  2.066  1.2324  0.985  0.8019  0.2646  0.8008  7.1682  2.9719  12.3291  3.1765  4.7731  4.7878  0.21  0.5225  2.5938  4.4076  1.7963  4.7725  3.2281  0.9397  1.3549  2.11  1.226  1.938  
trainID = 941  1.9173  0.9279  1.842  2.5171  2.6201  0.5162  1.0766  3.0587  1.9997  0.8623  1.638  0.863  1.1504  0.4532  0.1181  2.1573  0.4813  5.6228  0.7177  2.6064  0.3416  1.307  1.1206  0.1977  0.9806  3.0836  1.9222  2.3459  0.5189  0.1952  4.1505  2.714  2.8717  1.0079  0.5104  0.7038  1.4159  1.1844  1.001  1.0406  3.055  2.212  1.7491  
trainID = 943  4.5793  4.4152  0.46  3.4191  2.9249  1.8177  0.9912  0.7129  2.102  0.4142  1.747  0.529  0.7038  3.3943  0.934  3.9874  0.8831  2.9467  1.3145  1.8183  0.4433  3.0715  0.8711  0.8504  5.1231  3.4337  7.9447  0.7013  1.511  4.2804  1.8581  3.2372  4.2095  0.7203  0.4983  2.6785  1.0562  0.1178  1.5866  4.2994  1.471  0.1413  0.128  
trainID = 946  2.301  5.1079  2.8797  2.9176  0.6721  0.287  1.696  0.84  1.242  7.8375  5.4202  2.2943  5.0803  4.2513  2.1667  0.9179  0.1257  8.4083  2.292  2.2349  2.7134  1.5915  28.655  16.3523  2.4039  0.0228  9.1537  2.8799  0.046  3.4893  1.4573  7.5557  2.6955  1.5701  2.9217  4.2073  1.9439  1.976  1.732  2.9137  36.2198  
trainID = 965  1.0516  0.8234  1.026  5.5954  1.3798  2.1553  0.7524  1.3292  0.773  0.8149  0.092  1.696  1.7968  2.1076  0.0456  0.8292  0.3657  3.8906  1.5437  1.3116  0.3528  0.0833  0.1353  1.0409  7.0991  1.0015  5.345  3.2995  1.605  4.6715  1.6804  0.2956  2.0263  1.2638  0.6333  1.8057  2.3216  1.22  0.5676  1.31  4.7598  1.6564  
trainID = 983  0.4263  0.2144  1.576  0.0934  0.8417  1.8507  2.5686  1.4049  2.2576  1.5513  3.3939  1.598  0.8631  2.5005  2.3689  1.8191  1.4237  2.1589  0.1126  0.5143  0.6586  0.317  0.4127  1.92  0.7349  0.8247  0.9307  3.5258  3.8733  0.747  2.8317  1.321  1.8929  2.0668  0.7671  2.3515  1.5854  1.6284  0.7137  0.0818  2.654  0.954  0.3318  
trainID = 1024  0.7421  1.2817  0.219  0.9243  0.071  2.1253  0.7117  2.2895  1.225  0.1175  3.402  2.5226  1.5709  1.295  1.5257  1.4626  2.3535  1.5756  0.2109  1.4745  0.5686  0.727  1.7355  2.7452  0.8242  2.8099  0.7543  1.9253  2.0885  0.526  0.8711  0.037  2.5149  1.0319  1.2038  2.0069  2.3096  1.1313  0.4804  0.7805  4.1868  2.284  0.1691  
trainID = 1035  3.1587  2.8094  0.269  6.1659  4.3736  2.8857  2.5814  0.6192  6.1599  2.0915  0.87  0.879  1.0061  4.9245  2.0273  4.2191  3.3441  10.8141  2.4584  1.4629  5.5284  0.8353  2.4166  2.8739  4.5668  4.9708  10.2959  0.7165  2.5967  4.4412  0.759  3.2129  7.4462  4.353  4.5163  3.8299  2.0524  0.284  2.5536  2.448  0.899  1.8008  
trainID = 1036  2.7267  3.2587  1.1805  1.9264  1.0461  0.967  0.621  0.6991  3.6969  2.0893  0.144  0.535  0.0951  1.6721  0.0481  2.5475  2.0396  3.7299  2.4719  1.4928  1.1087  0.3492  0.4964  0.2547  1.4249  1.6656  5.9319  0.9905  0.249  3.3174  0.232  2.5186  3.4699  2.4359  0.1874  1.4001  1.2993  0.454  0.4493  1.409  0.745  0.2723  0.037  
trainID = 1051  2.4112  0.8738  0.246  6.1997  3.0326  2.2746  0.7006  0.1089  2.205  0.2977  0.353  1.365  0.5821  3.9253  0.2449  2.8168  0.5053  4.6579  1.9805  0.9751  0.4134  0.5101  0.1413  2.7349  2.5681  2.8161  6.0863  1.6657  2.8757  3.9393  0.93  2.3242  4.0947  4.0414  0.173  1.1651  3.1789  1.182  0.4996  1.019  1.204  1.3388  1.493  
trainID = 1054  1.7633  0.5467  2.588  0.7947  0.3366  0.2911  0.5776  0.2884  4.3455  2.4014  1.693  0.463  1.9729  0.5848  0.8591  1.2096  0.4707  4.3547  0.3527  0.7358  2.6211  1.4647  0.5505  2.4164  3.9199  0.6348  2.8488  0.9708  4.5906  0.3599  0.482  1.6812  1.9328  0.3687  2.6163  0.2467  0.5606  0.4068  0.9879  1.755  2.4914  1.8155  
trainID = 1120  4.1953  3.5724  0.9786  3.3449  2.5891  0.1022  1.0117  1.0177  2.703  1.2748  2.129  0.805  0.9218  0.8203  2.2964  3.1109  2.8466  4.6114  0.3899  1.4718  3.5126  0.9618  0.9214  0.4769  0.0951  4.0224  5.1734  2.0008  4.1532  4.9697  1.7434  2.9151  5.4718  1.2108  1.0605  0.1226  2.4634  0.5814  1.7491  2.48  0.576  0.7587  
trainID = 1128  3.7909  3.1765  0.9722  5.0514  5.8022  0.7809  1.0996  1.7322  2.2316  2.0436  2.5082  1.473  1.2408  2.4158  2.2541  2.3868  0.2232  7.4769  1.8862  0.1294  0.4879  0.712  2.8091  1.0834  1.9509  6.0191  3.5074  9.0166  0.6383  2.5667  5.7365  1.102  0.9683  2.1696  2.2065  3.0923  3.1014  1.9909  0.1866  1.2413  3.248  0.666  2.7116  
trainID = 1131  5.5747  6.2808  0.361  9.0809  3.6204  1.6847  4.5742  3.0552  5.9294  0.0817  0.772  0.157  3.9846  3.4896  1.2289  16.062  17.0242  18.8207  4.9426  0.4562  7.2458  3.1283  0.3402  2.5539  1.9359  7.1071  9.5825  0.4581  0.3682  3.7942  0.039  7.6732  6.659  1.741  1.7273  3.6274  2.5344  3.8432  3.9028  1.604  1.009  1.6228  
trainID = 1136  2.6159  5.0089  4.0837  1.9716  0.0144  1.233  0.3494  1.068  2.9885  9.5847  3.0471  1.5873  6.1518  4.5055  0.1471  1.9489  0.6194  7.1483  1.414  1.1514  1.8072  0.5948  22.1401  6.9215  8.3  0.3513  10.8777  2.5921  1.179  3.1852  0.0913  5.6421  3.4683  1.3968  3.904  5.8769  4.9013  1.208  3.4552  1.3236  35.331  
trainID = 1170  2.9976  0.974  0.262  3.4575  2.5549  0.2395  2.5794  0.3768  3.9176  1.1497  1.439  1.018  0.9632  3.7265  0.2215  3.6118  6.0896  7.6876  0.2158  0.0873  2.3554  0.1025  0.0856  0.0479  1.7097  4.276  9.1342  0.2827  2.5466  3.0873  0.673  2.832  4.0329  0.1929  0.9433  0.1258  0.8357  1.0215  0.4743  2.797  1.64  0.8943  
trainID = 1190  1.6032  1.4497  0.318  0.4534  2.6496  3.4018  2.3856  0.7097  2.5554  0.196  4.0973  0.11  4.5998  0.4667  1.6499  3.4653  6.8428  3.3432  0.0668  0.0897  5.3228  2.726  2.3976  0.1505  0.7717  12.5903  5.9066  3.3561  1.3608  8.5042  0.9242  0.423  1.0916  0.4633  4.4862  0.7943  0.5932  0.2239  2.0797  1.5982  4.0883  1.505  0.6024  1.069  
trainID = 1191  1.8338  1.3467  0.057  3.6101  0.5338  2.4986  1.7416  3.7292  0.738  0.7422  1.336  0.879  6.6041  7.2366  0.2921  4.9432  6.1715  3.2995  1.8671  1.1423  4.4333  36.4599  3.5268  1.7463  2.2289  7.488  14.9109  18.1647  0.1609  7.9338  4.5067  3.1513  3.8675  5.1363  2.7412  2.8381  3.1551  3.258  1.582  1.0817  2.099  
TrainID = 382  dbValue = 1.1702  nTestCell = 44  nTrainCell = 43  nDiff = 1  (X,Y) = (1815, 2365)  Position Error = 9.84886
TrainID = 582  dbValue = 1.32738  nTestCell = 44  nTrainCell = 43  nDiff = 1  (X,Y) = (1845, 2395)  Position Error = 33.4215
TrainID = 1024  dbValue = 1.41424  nTestCell = 44  nTrainCell = 43  nDiff = 1  (X,Y) = (1805, 2415)  Position Error = 43.3244
TrainID = 983  dbValue = 1.45727  nTestCell = 44  nTrainCell = 43  nDiff = 1  (X,Y) = (1795, 2405)  Position Error = 39.2046
TrainID = 1036  dbValue = 1.48107  nTestCell = 44  nTrainCell = 43  nDiff = 1  (X,Y) = (1915, 2365)  Position Error = 96.421
TrainID = 1054  dbValue = 1.48457  nTestCell = 44  nTrainCell = 42  nDiff = 2  (X,Y) = (1795, 2355)  Position Error = 30.6105
TrainID = 941  dbValue = 1.59943  nTestCell = 44  nTrainCell = 43  nDiff = 1  (X,Y) = (1855, 2355)  Position Error = 40.7063
TrainID = 816  dbValue = 1.63588  nTestCell = 44  nTrainCell = 43  nDiff = 1  (X,Y) = (1895, 2445)  Position Error = 104.005
TrainID = 549  dbValue = 1.64387  nTestCell = 44  nTrainCell = 43  nDiff = 1  (X,Y) = (1895, 2365)  Position Error = 76.531
TrainID = 965  dbValue = 1.75129  nTestCell = 44  nTrainCell = 42  nDiff = 2  (X,Y) = (1925, 2405)  Position Error = 110.44
TrainID = 250  dbValue = 1.77096  nTestCell = 44  nTrainCell = 43  nDiff = 1  (X,Y) = (1825, 2475)  Position Error = 101.178
TrainID = 1051  dbValue = 1.91048  nTestCell = 44  nTrainCell = 43  nDiff = 1  (X,Y) = (1915, 2375)  Position Error = 96.0052
TrainID = 801  dbValue = 1.95444  nTestCell = 44  nTrainCell = 43  nDiff = 1  (X,Y) = (1885, 2455)  Position Error = 104.484
TrainID = 1170  dbValue = 1.9919  nTestCell = 44  nTrainCell = 42  nDiff = 2  (X,Y) = (1915, 2315)  Position Error = 112.681
TrainID = 897  dbValue = 2.04902  nTestCell = 44  nTrainCell = 42  nDiff = 2  (X,Y) = (1955, 2395)  Position Error = 137.612
TrainID = 344  dbValue = 2.05543  nTestCell = 44  nTrainCell = 44  nDiff = 0  (X,Y) = (1925, 2415)  Position Error = 113.653
TrainID = 430  dbValue = 2.05724  nTestCell = 44  nTrainCell = 42  nDiff = 2  (X,Y) = (1895, 2315)  Position Error = 96.2133
TrainID = 308  dbValue = 2.05973  nTestCell = 44  nTrainCell = 43  nDiff = 1  (X,Y) = (1855, 2505)  Position Error = 135.857
TrainID = 1120  dbValue = 2.08602  nTestCell = 44  nTrainCell = 42  nDiff = 2  (X,Y) = (1875, 2305)  Position Error = 88.8651
TrainID = 741  dbValue = 2.09291  nTestCell = 44  nTrainCell = 43  nDiff = 1  (X,Y) = (1895, 2445)  Position Error = 104.005
TrainID = 943  dbValue = 2.10063  nTestCell = 44  nTrainCell = 43  nDiff = 1  (X,Y) = (1945, 2385)  Position Error = 126.479
TrainID = 391  dbValue = 2.10796  nTestCell = 44  nTrainCell = 43  nDiff = 1  (X,Y) = (1955, 2395)  Position Error = 137.612
TrainID = 312  dbValue = 2.14856  nTestCell = 44  nTrainCell = 42  nDiff = 2  (X,Y) = (1965, 2395)  Position Error = 147.503
TrainID = 453  dbValue = 2.21489  nTestCell = 44  nTrainCell = 42  nDiff = 2  (X,Y) = (1895, 2305)  Position Error = 102.65
TrainID = 707  dbValue = 2.25183  nTestCell = 44  nTrainCell = 43  nDiff = 1  (X,Y) = (1955, 2325)  Position Error = 144.558
TrainID = 409  dbValue = 2.28874  nTestCell = 44  nTrainCell = 42  nDiff = 2  (X,Y) = (1885, 2305)  Position Error = 95.483
TrainID = 254  dbValue = 2.34973  nTestCell = 44  nTrainCell = 43  nDiff = 1  (X,Y) = (1845, 2495)  Position Error = 123.762
TrainID = 1190  dbValue = 2.35188  nTestCell = 44  nTrainCell = 44  nDiff = 0  (X,Y) = (1855, 2505)  Position Error = 135.857
TrainID = 875  dbValue = 2.37216  nTestCell = 44  nTrainCell = 43  nDiff = 1  (X,Y) = (1935, 2295)  Position Error = 140.346
TrainID = 608  dbValue = 2.41304  nTestCell = 44  nTrainCell = 42  nDiff = 2  (X,Y) = (1965, 2355)  Position Error = 147.231
TrainID = 1128  dbValue = 2.46251  nTestCell = 44  nTrainCell = 43  nDiff = 1  (X,Y) = (1975, 2375)  Position Error = 156.003
TrainID = 213  dbValue = 2.75484  nTestCell = 44  nTrainCell = 44  nDiff = 0  (X,Y) = (1835, 2525)  Position Error = 151.845
TrainID = 524  dbValue = 2.83305  nTestCell = 44  nTrainCell = 42  nDiff = 2  (X,Y) = (1995, 2305)  Position Error = 189.042
TrainID = 733  dbValue = 2.86905  nTestCell = 44  nTrainCell = 44  nDiff = 0  (X,Y) = (1825, 2545)  Position Error = 171.105
TrainID = 285  dbValue = 2.87089  nTestCell = 44  nTrainCell = 42  nDiff = 2  (X,Y) = (1915, 2245)  Position Error = 160.801
TrainID = 754  dbValue = 2.93008  nTestCell = 44  nTrainCell = 42  nDiff = 2  (X,Y) = (1915, 2255)  Position Error = 152.895
TrainID = 667  dbValue = 3.04004  nTestCell = 44  nTrainCell = 42  nDiff = 2  (X,Y) = (1825, 2555)  Position Error = 181.099
TrainID = 1035  dbValue = 3.2504  nTestCell = 44  nTrainCell = 42  nDiff = 2  (X,Y) = (1995, 2325)  Position Error = 182.694
TrainID = 435  dbValue = 3.25442  nTestCell = 44  nTrainCell = 41  nDiff = 3  (X,Y) = (1885, 2225)  Position Error = 162.963
TrainID = 414  dbValue = 3.35508  nTestCell = 44  nTrainCell = 41  nDiff = 3  (X,Y) = (1845, 2245)  Position Error = 131.594
TrainID = 709  dbValue = 3.36536  nTestCell = 44  nTrainCell = 41  nDiff = 3  (X,Y) = (1745, 2495)  Position Error = 141.834
TrainID = 935  dbValue = 3.40918  nTestCell = 44  nTrainCell = 41  nDiff = 3  (X,Y) = (1985, 2425)  Position Error = 173.658
TrainID = 868  dbValue = 3.60793  nTestCell = 44  nTrainCell = 42  nDiff = 2  (X,Y) = (1985, 2235)  Position Error = 216.511
TrainID = 331  dbValue = 3.66224  nTestCell = 44  nTrainCell = 42  nDiff = 2  (X,Y) = (1965, 2225)  Position Error = 208.607
TrainID = 173  dbValue = 3.77298  nTestCell = 44  nTrainCell = 41  nDiff = 3  (X,Y) = (1875, 2235)  Position Error = 149.857
TrainID = 247  dbValue = 4.15184  nTestCell = 44  nTrainCell = 41  nDiff = 3  (X,Y) = (1865, 2575)  Position Error = 206.197
TrainID = 159  dbValue = 4.18026  nTestCell = 44  nTrainCell = 41  nDiff = 3  (X,Y) = (1725, 2535)  Position Error = 186.432
TrainID = 919  dbValue = 4.2621  nTestCell = 44  nTrainCell = 41  nDiff = 3  (X,Y) = (1685, 2535)  Position Error = 209.468
TrainID = 1131  dbValue = 4.27805  nTestCell = 44  nTrainCell = 42  nDiff = 2  (X,Y) = (1985, 2205)  Position Error = 236.89
TrainID = 600  dbValue = 4.34586  nTestCell = 44  nTrainCell = 41  nDiff = 3  (X,Y) = (1675, 2515)  Position Error = 201.537
TrainID = 1191  dbValue = 4.41641  nTestCell = 44  nTrainCell = 41  nDiff = 3  (X,Y) = (1755, 2555)  Position Error = 191.982
TrainID = 1136  dbValue = 4.41918  nTestCell = 44  nTrainCell = 41  nDiff = 3  (X,Y) = (1865, 2565)  Position Error = 196.461
TrainID = 946  dbValue = 4.67008  nTestCell = 44  nTrainCell = 41  nDiff = 3  (X,Y) = (1795, 2595)  Position Error = 222.299
