trainID = 131  3.5209  0.1503  0.05  0.0253  0.3856  0.9221  1.3024  2.6412  2.319  2.0297  2.1158  2.9998  0.0556  3.295  1.4457  2.5811  0.6391  3.6102  3.9246  0.1329  1.2807  0.0866  0.449  2.9119  4.2828  0.06  0.3872  1.1696  3.2841  0.5854  0.7247  2.556  2.1544  2.3354  2.12  2.1962  4.5262  0.9606  0.8357  0.8788  1.2441  0.1789  0.979  
trainID = 147  1.7391  1.9157  3.56  0.3358  3.958  1.6519  2.6374  3.7723  0.694  3.1004  0.1682  2.4208  12.8355  0.7124  5.9684  3.7932  2.7182  5.059  2.057  2.0172  5.1991  3.8852  1.574  5.3089  5.2116  2.0411  2.4513  6.7353  4.7359  4.9781  0.6793  3.0556  3.0091  4.6626  2.642  0.8161  5.0189  0.4134  0.1044  2.4101  3.261  1.147  
trainID = 195  3.8063  2.5831  1.046  2.2148  1.9946  0.0532  2.0874  4.0371  2.9661  1.512  1.6599  1.1796  0.9462  5.4707  2.369  3.789  4.002  0.4428  2.788  1.5115  0.0214  0.6925  0.257  4.8639  0.1625  2.9492  3.5171  5.1447  1.1007  2.9811  0.9559  4.2719  0.8458  1.756  0.389  0.8911  2.2827  0.8379  1.361  2.5427  0.5843  3.4698  33.9611  0.198  
trainID = 199  2.8743  2.9362  0.5428  1.247  0.5112  1.1063  5.2874  2.7152  1.86  1.9265  3.8238  2.0013  2.0066  5.0901  2.7742  2.0825  1.0627  1.1972  2  0.0129  0.2092  0.1157  2.025  3.4319  1.7793  2.3027  0.8056  0.9005  1.83  3.1629  0.9879  2.515  2.526  1.5633  0.4538  2.1653  1.3046  0.1289  0.0368  0.8615  3.43  0.8503  0.105  
trainID = 241  5.9995  3.103  1.199  2.8005  2.8956  3.3051  31.3854  3.6418  3.1282  0.5228  6.1317  5.9547  5.618  1.183  1.5812  1.2254  3.8781  4.2142  3.6094  0.3151  1.7055  2.0922  2.2618  0.67  4.1225  10.5191  14.7711  1.6625  0.5548  6.2066  0.5539  3.278  0.857  4.7257  5.1552  2.3065  5.4652  2.9187  0.9797  3.3921  32.6454  33.3489  0.818  
trainID = 246  0.5537  2.8984  0.3074  0.4197  0.9508  1.2601  0.6034  2.7542  0.546  2.6605  0.6983  0.6483  0.5141  4.0278  1.0594  3.4385  3.1023  2.8016  2.667  0.3196  1.2015  2.4914  1.58  2.2639  1.9291  1.5742  3.3144  5.7939  5.8185  5.7789  0.3078  3.2605  1.0375  0.7595  0.813  1.7487  4.0474  0.4831  0.5707  2.8285  0.7033  0.5912  32.9942  30.8788  
trainID = 307  1.6699  4.0522  0.6539  1.4129  1.0843  2.2215  1.5724  1.6918  0.529  3.6908  0.4122  2.076  0.6085  6.8127  1.9023  5.8652  5.2916  3.7815  3.64  3.3391  0.3834  36.4949  1.7835  1.9705  4.0655  10.1529  4.3119  3.9283  1.5858  2.8126  4.0871  2.2677  0.26  5.4534  3.6274  0.7954  1.1819  3.5359  1.9909  0.8749  33.954  32.8809  0.332  
trainID = 314  6.6161  0.0719  1.896  3.2855  1.7511  1.6984  32.5564  2.8897  0.5421  0.057  6.6906  1.2448  1.8168  0.1263  0.5067  0.4393  2.422  1.0374  1.013  0.2606  0.374  2.2779  4.8876  0.2772  0.8577  1.695  3.7974  2.9585  4.3253  3.7868  1.0544  2.5657  0.1009  1.6503  1.5258  1.6865  2.1354  1.7469  0.6217  2.4536  33.6731  0.177  
trainID = 322  2.7896  1.6384  2.748  1.6738  0.9171  1.7933  1.5494  2.314  0.279  0.6098  3.0159  0.4052  2.3948  1.5346  1.0998  3.0791  1.4054  1.9906  2.428  0.977  0.8681  0.3542  0.341  1.1077  1.369  0.1293  1.3966  0.9884  0.8925  1.2705  0.3699  0.6539  1.2403  0.1599  0.2639  1.024  1.42  1.4589  2.0194  1.7791  2.647  1.3033  0.284  
trainID = 326  3.8873  2.6118  1.686  1.0101  3.58  2.1861  1.3314  2.4864  0.173  6.1114  1.6892  1.918  4.7389  6.2288  3.7317  1.472  3.1033  1.6436  1.956  3.1699  1.8833  4.2726  1.205  3.8209  2.5463  2.802  2.9245  14.6367  13.5907  14.1335  0.6338  8.1931  0.511  1.7724  0.632  6.8469  7.2572  3.9346  0.6341  0.882  1.6632  0.2597  34.6588  33.0659  0.575  
trainID = 327  5.4973  1.703  1.3699  1.9559  2.0577  0.0945  0.4473  0.5042  1.236  1.6362  2.7003  4.9732  5.429  5.6182  3.2465  2.792  0.4043  2.4247  1.404  0.4445  1.7934  1.165  0.46  0.5662  2.206  0.0093  0.2429  0.6388  1.867  3.1251  1.6478  2.3838  0.9444  1.34  1.765  1.2431  1.3844  0.2785  1.3856  0.1938  1.7291  2.0604  
trainID = 362  4.278  2.0217  0.777  2.4256  4.0635  0.4988  31.8434  5.2354  2.0742  0.3136  9.675  5.1559  4.2393  3.4597  2.0484  1.2134  2.494  1.4741  3.4588  2.4852  1.492  1.497  1.4194  1.2678  2.4197  11.1836  13.8125  4.088  1.053  7.4508  1.0201  0.7809  0.428  5.0025  7.5347  1.1567  1.9912  3.8036  1.0814  2.9543  33.2619  34.2018  1.422  
trainID = 364  0.7796  0.0848  1.8371  0.7609  0.0657  0.6164  2.6334  3.4002  1.566  0.7885  2.2704  0.6569  0.5209  1.5228  1.5591  3.225  0.5128  2.272  2.765  1.1777  2.5889  0.0657  0.396  1.9449  0.2546  1.0091  0.0466  0.7068  3.7393  0.1595  2.9023  1.656  1.2235  0.5197  1.5868  0.0672  0.1751  0.9278  1.3155  1.2641  0.3076  0.0025  1.788  
trainID = 394  3.0793  3.0773  2.1198  1.7738  0.7619  0.1331  1.8754  3.3279  2.9041  1.7615  3.4852  0.8285  4.7671  1.013  3.8541  2.9987  0.9095  4.3322  1.16  2.0349  2.1443  0.7438  1.65  1.7422  1.4667  2.5167  0.4995  4.4842  2.936  2.3532  2.3692  1.0239  4.0168  0.135  0.037  0.3777  3.3591  1.7818  0.2553  0.3022  2.144  1.3289  
trainID = 415  3.0839  2.4939  1.403  2.8865  1.0155  1.3673  1.5444  1.5  0.682  2.2981  1.7093  2.6959  0.094  2.1898  0.0401  0.757  2.1194  0.6666  5.3474  1.9007  2.3198  3.0983  2.606  3.3519  2.8067  0.139  0.5079  2.364  1.395  2.536  1.2575  1.4079  2.1464  1.3758  2.652  2.2363  2.898  0.4538  0.657  0.8799  1.2615  1.3202  
trainID = 419  3.3917  0.4143  4.6364  1.2524  3.6093  3.1209  1.0995  1.7485  0.257  3.1562  0.6372  3.2473  16.5417  5.5935  14.3003  0.8278  4.7726  12.1366  2.737  2.7234  5.1054  1.1191  0.8029  4.3829  6.3051  2.2564  6.9313  4.7738  7.9573  7.3978  3.0153  6.5342  1.6004  3.4735  0.936  0.1616  7.3347  1.1172  0.6621  3.0421  4.521  1.62  
trainID = 423  5.5438  4.2186  2.064  3.6235  2.0554  0.9241  4.2064  2.6133  0.112  3.6526  0.8252  1.1446  4.9969  4.9131  5.7247  2.7347  3.4066  0.2161  2.798  4.2025  4.3543  1.0779  3.542  3.3819  0.2027  0.6036  2.0899  8.7426  9.1644  7.0772  0.3062  7.3737  0.5113  1.0281  1.374  4.9147  4.4723  2.5468  0.9147  2.5486  0.9357  1.1475  34.4039  35.469  0.372  
trainID = 479  1.4194  2.0574  0.357  1.263  0.1138  0.2614  0.3019  3.1703  0.871  1.5478  0.1737  1.2498  2.4466  5.0254  0.3393  4.9246  2.9268  2.327  2.243  1.158  2.1408  1.9401  1.403  4.2609  0.8126  2.6856  0.8761  0.9708  2.1645  0.4579  0.5153  1.5239  1.7865  0.1315  0.787  0.4371  0.7914  0.5573  0.8539  1.2571  2.512  0.0976  0.022  
trainID = 507  3.9859  3.1543  1.409  3.7305  6.5587  0.3416  31.3394  5.9044  2.4202  1.57  8.3883  4.0812  2.758  1.7985  0.3227  0.8056  1.38  0.7734  4.9853  0.2945  1.677  4.1889  4.0547  0.8678  4.0427  13.6658  16.1582  7.9897  2.2964  7.9556  0.862  3.0788  0.343  3.8456  6.1443  2.3854  0.6109  0.989  0.1126  5.4667  36.1995  34.6384  1.987  
trainID = 556  4.4656  2.4214  0.538  0.2948  0.9846  0.3775  2.6514  4.6255  3.4589  2.9613  2.6644  0.2535  3.4411  2.9828  2.3165  3.9986  2.8708  1.506  2.712  3.8749  3.0409  0.4498  0.072  2.9309  1.329  1.9682  2.2181  6.3368  5.9837  5.0752  0.4677  4.1154  0.1017  1.855  0.6012  3.8082  2.5436  0.1326  1.7897  1.4429  1.8815  1.9403  34.7066  33.8588  0.141  
trainID = 563  2.2797  2.4111  0.1214  0.6779  0.8538  0.3691  3.3864  4.1664  0.73  2.9447  1.7304  0.1253  3.2019  0.2212  0.5609  1.795  1.9921  1.1987  1.775  3.0997  0.4261  0.5616  1.726  2.9629  0.9322  0.0106  1.7605  0.022  2.0466  0.8503  1.7857  0.1291  0.1786  1.4687  0.348  1.1376  2.1821  0.3331  0.5915  0.7715  2.791  0.8908  0.952  
trainID = 570  1.4932  3.0081  3.2261  0.9687  0.483  2.7582  3.0774  4.605  2.9457  0.2781  4.7698  1.2353  3.0457  1.4296  4.2294  3.6794  1.5941  2.9889  1.823  0.5254  0.2246  1.1528  1.11  4.3709  1.4936  0.7069  2.4304  2.1429  0.8473  2.6309  0.4242  3.2355  3.3867  0.7792  0.884  1.1787  1.5455  1.6541  0.5848  0.7256  2.178  2.1131  
trainID = 606  4.9991  3.5001  2.631  2.8625  4.3973  0.2339  2.1074  2.1516  0.029  5.9385  3.7652  4.749  1.7567  8.3174  3.7051  1.3061  2.0611  1.6426  2.955  3.4614  0.0319  2.1298  0.341  4.0339  0.7396  2.3726  5.0668  9.9411  12.1143  10.7675  2.2762  7.0039  2.8758  2.96  2.554  5.2301  6.395  2.6236  1.7922  3.9486  0.2041  3.8412  32.3973  31.6425  0.506  
trainID = 607  0.6508  1.0571  1.188  0.5543  0.3442  1.6699  2.6144  3.2071  2.8488  1.5019  1.7837  2.041  3.4638  8.7702  6.7039  3.9554  4.5764  6.7634  3.391  2.5961  4.7128  1.4059  0.661  2.9469  2.4386  0.345  3.4687  3.7581  5.7762  7.3771  1.497  3.4845  3.1135  3.0429  0.189  2.8189  3.3159  1.8562  1.13  2.0661  2.0351  1.7052  
trainID = 627  2.8096  5.6847  1.15  1.7662  3.8723  0.8531  2.5904  5.2431  0.354  2.9233  1.8432  2.69  2.7594  10.5152  3.6469  3.7891  2.4084  0.4814  4.3818  7.4554  2.5634  35.9429  0.5833  4.3298  4.8219  26.3  8.3168  8.3142  2.6203  9.494  4.3127  0.9447  2.553  8.7809  8.7747  0.9267  5.1876  3.2635  3.6746  4.4244  36.2865  32.7619  2.893  
trainID = 651  1.218  4.1738  0.3796  1.0998  3.0387  0.8215  1.6144  5.7639  3.1805  0.5698  0.3976  1.633  8.6201  5.2272  1.6515  6.5078  0.4183  6.7395  3.586  0.367  3.206  0.6185  1.037  2.6549  2.1928  2.5066  0.9946  3.74  2.2363  3.9391  1.5949  5.9125  5.0757  2.5495  0.727  1.5305  0.3948  2.4318  0.1155  0.2412  0.8014  1.6882  
trainID = 717  4.808  1.8723  0.441  4.7135  1.1799  0.6764  3.5204  1.7098  2.9178  3.1708  0.6978  0.837  2.3804  2.3363  0.5127  1.3056  2.2907  1.0756  2.716  2.0741  2.5378  0.4123  0.141  3.5139  4.4101  1.8514  3.0363  5.6397  4.0127  0.7216  0.664  3.2778  2.292  1.7179  2.1316  3.0927  1.4692  3.9318  0.6182  1.1477  0.1162  1.5441  0.272  33.9436  
trainID = 724  0.4353  2.2085  2.4557  1.1325  1.3122  1.5885  1.8984  5.276  0.956  1.9144  1.646  2.6675  4.1112  1.2477  4.1555  1.6643  0.3313  3.1911  2.38  1.3227  5.1245  1.8965  0.301  5.1619  0.1624  0.5734  0.593  1.9159  3.9029  1.2594  2.4773  1.0884  5.549  2.6258  0.884  1.1532  1.823  0.8099  0.0179  1.0328  3.151  0.561  
trainID = 761  4.614  1.1643  0.033  2.2639  0.6184  1.1561  1.9754  0.379  0.173  0.501  2.811  3.5042  4.528  0.6117  0.5252  3.0978  3.1876  1.2977  0.704  1.6452  0.5573  0.985  1.135  3.5809  2.6164  0.6062  0.6016  0.0246  0.9079  1.7057  0.2102  0.5243  1.4186  0.4884  1.912  1.9026  2.0571  1.7759  1.169  0.6694  2.354  0.0339  0.035  
trainID = 794  1.3795  5.0786  0.3963  3.0874  0.9009  2.6305  2.0954  2.3707  3.4228  4.1123  1.1075  0.3031  6.6743  6.2584  2.9448  4.1838  3.4839  3.6771  4.2477  2.4322  2.4143  0.8331  3.194  1.8033  2.0121  2.7079  5.5041  0.2677  0.8014  1.8375  1.8583  2.6988  3.404  1.8485  1.634  1.3313  1.6347  1.731  1.7234  0.2274  0.9772  0.4527  0.592  
trainID = 836  2.3136  3.371  0.503  1.2141  1.6789  3.1505  3.3404  2.6171  0.604  2.6236  0.1453  0.9845  3.5333  5.7774  0.3131  4.8236  0.0454  4.3008  4.7044  2.7103  2.3922  1.619  3.274  1.8333  1.5289  3.7784  2.7289  1.5786  0.6947  2.4999  0.0956  0.6946  5.2405  1.7064  0.669  1.6955  1.8298  0.4302  0.9252  0.9076  1.4624  0.6243  0.548  0.777  
trainID = 839  2.6584  0.6922  1.6055  2.7233  0.6285  1.0651  3.3874  1.3383  1.298  0.6678  2.1853  0.3742  6.0452  3.9747  0.9338  1.1803  0.7996  1.0637  0.383  1.8383  0.7414  0.1936  0.217  2.6289  1.7913  2.1642  0.4554  1.3522  2.6122  0.5521  0.8326  0.7418  0.903  1.5437  0.6207  0.6609  4.3349  0.9384  4.6459  1.3201  0.6991  0.7149  
trainID = 851  0.7009  1.5984  2.4492  0.6803  0.9188  3.8201  1.4074  5.2812  3.2379  0.018  1.6317  0.7164  3.9365  1.7052  2.1254  4.2476  0.5453  3.5147  1.386  1.6846  2.9519  0.6076  0.7524  2.8149  0.4694  0.8774  0.6885  1.4036  2.1708  1.8239  1.1278  3.2299  1.5209  1.0088  1.246  0.8373  3.6551  2.1848  2.3531  2.3581  2.663  1.4901  1.178  
trainID = 873  1.6642  0.5742  1.2691  1.4178  2.9469  2.9586  0.3879  4.4824  1.272  1.8682  3.0616  2.0769  12.4377  1.9703  7.2119  5.8924  0.1865  8.2025  2.427  1.2187  1.869  0.936  2.6036  3.1779  0.5828  4.6892  1.833  3.9796  3.1319  4.971  3.2623  5.0393  2.2976  3.1385  0.887  0.1102  3.6115  0.7631  2.7101  1.3511  1.0238  0.0352  
trainID = 914  1.6739  4.2421  2.224  0.0557  1.522  0.0503  2.1134  3.541  2.644  5.5209  0.33  1.43  0.2087  11.2003  3.767  5.6835  5.7858  2.9423  2.78  4.022  2.1424  0.8795  5.2798  4.6903  13.1049  3.8421  0.4525  5.5726  3.988  5.2  2.6057  0.41  5.5376  5.3946  2.3473  2.8812  2.4666  2.3523  0.2359  35.8903  32.9935  1.489  
trainID = 927  4.1571  3.3955  1.821  3.1515  3.2988  0.4984  1.3814  3.7698  0.608  3.7054  1.5352  1.5007  1.513  4.7726  3.1742  1.1864  0.4246  1.7186  5.0614  4.8581  3.1667  0.524  2.488  5.1079  3.7944  1.7965  1.0358  7.3039  7.4064  6.2013  0.6662  7.8254  2.5261  1.6063  0.1949  4.1061  4.7994  1.7713  2.8234  1.7862  0.326  0.1972  35.4251  32.4279  0.022  
trainID = 945  1.9171  2.974  3.494  0.2046  1.508  1.2161  30.7794  3.0835  1.0379  1.1927  5.2031  4.3566  4.2841  1.229  1.6939  0.5081  3.185  3.547  4.1653  0.0668  0.926  3.2939  3.3508  1.7121  2.9966  12.2357  18.384  3.9122  1.5617  6.3939  0.4736  3.6885  0.851  4.3638  6.1028  1.281  1.9272  2.7455  1.1107  1.1263  33.4772  33.4205  0.522  
trainID = 975  0.5959  0.7081  1.7335  1.4112  1.1719  0.5743  1.0434  1.5689  0.627  0.6838  2.7808  1.5337  8.3169  4.0051  7.6851  3.6726  2.2008  7.3465  3.386  0.0341  4.2191  2.8185  1.2069  1.9023  3.4257  3.9553  3.6037  4.3538  5.4011  4.8682  3.9183  2.1898  2.5782  1.8282  1.017  2.0632  3.8053  2.3947  0.9367  3.8341  3.513  0.8314  
trainID = 1003  1.394  2.6536  2.3588  2.2107  0.0744  3.9338  2.6744  1.9236  1.584  0.1954  1.7597  1.2548  4.7055  2.7505  2.5436  2.5945  2.2143  2.3679  2.144  0.7689  0.194  0.2059  2.5483  3.1919  1.8033  1.2351  2.5647  0.0709  0.3093  0.6283  1.2931  0.9393  0.2788  2.1164  1.486  0.8953  0.8003  0.7208  2.3376  0.2221  1.9849  3.2075  0.687  
trainID = 1027  0.8639  4.2942  0.5866  0.4286  1.5802  1.1389  1.5304  4.0946  1.731  1.936  0.5038  0.6705  7.7971  4.7805  3.4741  4.819  2.2472  5.8916  2.509  1.9155  3.3095  2.5415  1.5548  3.3129  0.0984  2.5144  4.0016  0.5029  1.9175  2.2515  0.7437  2.0412  3.1972  0.4421  1.262  0.9951  0.8324  0.1316  0.1624  3.3561  1.3784  1.0762  0.503  0.545  
trainID = 1031  1.3639  6.2673  5.154  2.0291  3.8725  0.7561  2.4754  3.6608  1.745  5.5909  0.2129  2.406  1.1788  10.6334  3.6682  6.2511  4.0133  2.661  4.42  2.9544  1.4435  34.6219  1.5297  4.4899  5.2231  22.19  7.5447  2.7945  2.1561  7.8021  4.1884  2.0524  3.726  5.4541  7.3355  1.1026  4.4723  2.729  0.2674  2.6825  35.3194  35.5909  1.193  
trainID = 1085  0.4776  0.8162  2.368  3.1355  1.0706  1.349  2.9084  3.607  1.771  1.0374  2.3048  3.3375  0.4766  7.6937  6.9101  2.8695  1.8808  8.5208  1.204  0.9458  3.2449  0.957  2.2355  3.1839  2.1554  3.3806  1.8705  0.6261  5.1795  3.5942  3.0233  3.5859  0.4334  2.3648  0.1888  0.7482  5.4308  0.5978  3.0666  1.2661  4.586  1.1934  
trainID = 1112  0.1876  2.4292  4.505  1.7067  0.2738  3.6365  0.0294  4.6604  3.2358  0.807  2.9477  2.0784  10.7897  4.0684  6.1117  4.4279  0.4018  7.0769  3.413  1.1245  2.8947  0.1965  0.813  2.8939  1.5255  5.4303  0.6275  0.2785  4.6785  2.8935  1.3604  2.8686  1.5185  2.7411  0.839  1.4911  4.0068  3.0673  2.5294  1.9811  2.508  0.8611  
trainID = 1118  4.5478  2.8905  2.687  3.2995  2.7725  1.4671  29.8934  4.5099  0.4158  2.544  4.1454  2.1881  2.4192  0.9966  2.0009  0.0669  0.648  3.8515  2.6875  1.227  2.099  4.2739  3.0634  0.2643  6.5688  12.1882  14.3828  10.1244  1.0604  7.3796  0.5428  2.8912  1.288  4.146  5.7596  0.4197  0.7843  4.2915  0.7254  3.6664  34.0118  33.0255  3.027  
trainID = 1157  3.8042  1.142  0.158  1.2409  0.3932  0.6351  2.3034  1.8902  1.104  0.5141  1.6665  3.9938  5.3133  5.2926  2.1023  3.7745  1.6732  3.7327  1.605  0.1135  0.9943  0.0755  3.3158  1.945  1.5318  1.4727  0.4682  0.9836  3.5018  1.8916  1.2309  0.1093  0.2714  0.7786  1.799  1.2903  3.1267  0.3596  2.7341  0.2908  0.4621  0.3814  
trainID = 1159  6.7893  2.7503  1.623  2.382  4.4011  0.6888  31.8314  3.1179  3.2535  1.5308  9.1295  0.3998  2.8715  0.8076  0.9953  0.2409  0.761  1.1871  2.458  0.2166  2.4617  4.6269  2.8191  0.6885  0.9788  3.9253  9.8352  2.3622  2.0972  7.3885  2.0659  3.973  0.528  2.1785  2.847  2.2644  3.7199  0.1713  0.7529  2.127  1.134  35.2637  
trainID = 1192  0.9308  3.4223  0.5488  0.0561  0.1144  0.1414  0.6114  5.0034  1.816  3.0313  2.6083  0.4959  3.9837  8.9304  0.8612  6.526  3.4087  5.0317  4.2539  1.3747  2.3292  34.0049  1.472  2.243  4.5328  6.2749  0.0778  0.4922  2.6309  2.1308  4.5668  2.1096  2.039  2.9483  3.2288  1.3791  3.4583  1.3376  1.6826  1.8226  35.35  0.849  
TrainID = 364  dbValue = 1.24797  nTestCell = 45  nTrainCell = 43  nDiff = 2  (X,Y) = (1095, 1525)  Position Error = 25.9615
TrainID = 322  dbValue = 1.34846  nTestCell = 45  nTrainCell = 43  nDiff = 2  (X,Y) = (1095, 1575)  Position Error = 25.9615
TrainID = 563  dbValue = 1.36045  nTestCell = 45  nTrainCell = 43  nDiff = 2  (X,Y) = (1135, 1565)  Position Error = 49.3356
TrainID = 761  dbValue = 1.44329  nTestCell = 45  nTrainCell = 43  nDiff = 2  (X,Y) = (1065, 1565)  Position Error = 27.4591
TrainID = 479  dbValue = 1.46889  nTestCell = 45  nTrainCell = 43  nDiff = 2  (X,Y) = (1175, 1535)  Position Error = 88.2836
TrainID = 839  dbValue = 1.55969  nTestCell = 45  nTrainCell = 42  nDiff = 3  (X,Y) = (1045, 1545)  Position Error = 43.2897
TrainID = 131  dbValue = 1.63567  nTestCell = 45  nTrainCell = 43  nDiff = 2  (X,Y) = (1075, 1535)  Position Error = 19.8494
TrainID = 1003  dbValue = 1.6704  nTestCell = 45  nTrainCell = 43  nDiff = 2  (X,Y) = (1085, 1545)  Position Error = 5.83095
TrainID = 1157  dbValue = 1.7016  nTestCell = 45  nTrainCell = 42  nDiff = 3  (X,Y) = (1055, 1545)  Position Error = 33.3766
TrainID = 327  dbValue = 1.77067  nTestCell = 45  nTrainCell = 42  nDiff = 3  (X,Y) = (1045, 1545)  Position Error = 43.2897
TrainID = 199  dbValue = 1.78022  nTestCell = 45  nTrainCell = 43  nDiff = 2  (X,Y) = (1065, 1545)  Position Error = 23.5372
TrainID = 415  dbValue = 1.7968  nTestCell = 45  nTrainCell = 42  nDiff = 3  (X,Y) = (1155, 1585)  Position Error = 75.591
TrainID = 851  dbValue = 1.88416  nTestCell = 45  nTrainCell = 43  nDiff = 2  (X,Y) = (1105, 1495)  Position Error = 57.5674
TrainID = 394  dbValue = 1.99678  nTestCell = 45  nTrainCell = 42  nDiff = 3  (X,Y) = (1115, 1505)  Position Error = 52.4786
TrainID = 724  dbValue = 1.99902  nTestCell = 45  nTrainCell = 42  nDiff = 3  (X,Y) = (1125, 1505)  Position Error = 58.258
TrainID = 570  dbValue = 1.99914  nTestCell = 45  nTrainCell = 42  nDiff = 3  (X,Y) = (1095, 1505)  Position Error = 45.5412
TrainID = 836  dbValue = 2.00655  nTestCell = 45  nTrainCell = 44  nDiff = 1  (X,Y) = (1185, 1525)  Position Error = 100.17
TrainID = 1027  dbValue = 2.07873  nTestCell = 45  nTrainCell = 44  nDiff = 1  (X,Y) = (1205, 1485)  Position Error = 133.843
TrainID = 794  dbValue = 2.37851  nTestCell = 45  nTrainCell = 43  nDiff = 2  (X,Y) = (1205, 1485)  Position Error = 133.843
TrainID = 651  dbValue = 2.45707  nTestCell = 45  nTrainCell = 42  nDiff = 3  (X,Y) = (1175, 1445)  Position Error = 136.36
TrainID = 1085  dbValue = 2.56183  nTestCell = 45  nTrainCell = 42  nDiff = 3  (X,Y) = (1055, 1465)  Position Error = 91.1811
TrainID = 1112  dbValue = 2.66466  nTestCell = 45  nTrainCell = 42  nDiff = 3  (X,Y) = (1145, 1425)  Position Error = 137.383
TrainID = 873  dbValue = 2.75073  nTestCell = 45  nTrainCell = 42  nDiff = 3  (X,Y) = (1125, 1415)  Position Error = 139.979
TrainID = 975  dbValue = 2.75581  nTestCell = 45  nTrainCell = 42  nDiff = 3  (X,Y) = (1085, 1425)  Position Error = 125.036
TrainID = 195  dbValue = 2.78401  nTestCell = 45  nTrainCell = 44  nDiff = 1  (X,Y) = (1205, 1605)  Position Error = 129.283
TrainID = 717  dbValue = 2.81208  nTestCell = 45  nTrainCell = 44  nDiff = 1  (X,Y) = (1145, 1645)  Position Error = 110.788
TrainID = 607  dbValue = 2.82919  nTestCell = 45  nTrainCell = 42  nDiff = 3  (X,Y) = (1045, 1445)  Position Error = 113.464
TrainID = 147  dbValue = 3.10606  nTestCell = 45  nTrainCell = 42  nDiff = 3  (X,Y) = (1105, 1405)  Position Error = 145.993
TrainID = 246  dbValue = 3.29548  nTestCell = 45  nTrainCell = 44  nDiff = 1  (X,Y) = (1185, 1615)  Position Error = 116.765
TrainID = 314  dbValue = 3.37025  nTestCell = 45  nTrainCell = 42  nDiff = 3  (X,Y) = (1095, 1645)  Position Error = 95.2575
TrainID = 556  dbValue = 3.73756  nTestCell = 45  nTrainCell = 45  nDiff = 0  (X,Y) = (1175, 1665)  Position Error = 144.201
TrainID = 419  dbValue = 3.98223  nTestCell = 45  nTrainCell = 42  nDiff = 3  (X,Y) = (1055, 1355)  Position Error = 197.773
TrainID = 1192  dbValue = 4.05025  nTestCell = 45  nTrainCell = 42  nDiff = 3  (X,Y) = (1275, 1555)  Position Error = 187.067
TrainID = 1159  dbValue = 4.08677  nTestCell = 45  nTrainCell = 42  nDiff = 3  (X,Y) = (1105, 1705)  Position Error = 155.929
TrainID = 927  dbValue = 4.15245  nTestCell = 45  nTrainCell = 45  nDiff = 0  (X,Y) = (1185, 1675)  Position Error = 158.221
TrainID = 423  dbValue = 4.4118  nTestCell = 45  nTrainCell = 45  nDiff = 0  (X,Y) = (1195, 1695)  Position Error = 180.205
TrainID = 914  dbValue = 4.79745  nTestCell = 45  nTrainCell = 42  nDiff = 3  (X,Y) = (1305, 1615)  Position Error = 226.526
TrainID = 606  dbValue = 4.80798  nTestCell = 45  nTrainCell = 45  nDiff = 0  (X,Y) = (1245, 1665)  Position Error = 194.612
TrainID = 326  dbValue = 4.84556  nTestCell = 45  nTrainCell = 45  nDiff = 0  (X,Y) = (1235, 1705)  Position Error = 213.621
TrainID = 307  dbValue = 4.90787  nTestCell = 45  nTrainCell = 43  nDiff = 2  (X,Y) = (1265, 1625)  Position Error = 192.234
TrainID = 945  dbValue = 5.15124  nTestCell = 45  nTrainCell = 43  nDiff = 2  (X,Y) = (1185, 1725)  Position Error = 200.085
TrainID = 362  dbValue = 5.33856  nTestCell = 45  nTrainCell = 43  nDiff = 2  (X,Y) = (1185, 1715)  Position Error = 191.4
TrainID = 1118  dbValue = 5.37773  nTestCell = 45  nTrainCell = 43  nDiff = 2  (X,Y) = (1205, 1715)  Position Error = 202.272
TrainID = 241  dbValue = 5.41168  nTestCell = 45  nTrainCell = 43  nDiff = 2  (X,Y) = (1175, 1735)  Position Error = 204.436
TrainID = 507  dbValue = 5.71073  nTestCell = 45  nTrainCell = 43  nDiff = 2  (X,Y) = (1205, 1725)  Position Error = 210.509
TrainID = 1031  dbValue = 6.21449  nTestCell = 45  nTrainCell = 43  nDiff = 2  (X,Y) = (1315, 1665)  Position Error = 254.468
TrainID = 627  dbValue = 6.63461  nTestCell = 45  nTrainCell = 43  nDiff = 2  (X,Y) = (1325, 1695)  Position Error = 277.838
