trainID = 313  2.2325  7.154  1.7921  0.122  0.1382  0.3855  0.604  3.0376  2.2064  4.4317  0.9248  5.9943  8.2539  19.4077  5.5081  0.6677  9.5638  0.0747  1.6341  0.671  6.0406  2.0067  3.4307  10.735  4.1898  7.7144  3.0558  2.351  2.718  0.782  0.9382  3.7097  4.6025  6.4918  0.5058  2.243  1.5903  1.8982  0.5962  
trainID = 321  2.7656  1.2143  1.4389  1.2967  2.6774  4.2024  1.194  3.5133  0.1493  1.9068  1.5318  0.9562  6.0048  10.9145  1.7081  1.7837  4.8157  2.6878  1.978  1.6271  2.4301  0.0727  1.439  3.9561  3.5442  4.1262  3.9092  0.6848  0.5435  0.9448  1.7646  0.7061  2.7441  3.8478  3.5832  4.4893  1.0211  1.1726  0.71  1.4274  1.75  0.3096  
trainID = 330  0.6139  7.2727  1.3284  0.2072  3.7397  1.2568  0.106  3.9728  4.6704  4.2232  1.3059  3.1969  7.2898  22.9709  6.7088  2.484  9.2431  1.8795  0.2618  0.102  5.5812  2.2339  3.5495  12.2897  3.6494  5.4131  2.379  1.2923  1.301  2.7363  1.1465  1.855  5.452  7.3835  0.9388  4.3033  3.4933  0.8546  0.835  
trainID = 333  3.4327  3.3845  0.2557  0.0158  0.6806  1.2825  0.009  1.2213  0.6504  0.6372  0.5158  3.4817  7.2932  11.0022  2.6418  0.8275  5.8958  4.895  1.505  0.163  0.0673  0.1058  0.034  4.6763  1.1466  1.3606  5.0371  0.5372  3.3196  0.5355  1.424  1.7075  3.3327  2.154  1.725  4.8105  1.3847  1.0156  2.0837  0.2451  1.0429  0.7807  
trainID = 345  2.6594  2.9667  1.587  0.6094  0.1928  0.4564  1.342  1.0899  2.0444  1.439  0.6229  2.0624  5.3011  13.3114  2.4995  0.4956  4.699  5.7907  0.825  1.6301  1.3435  1.0321  0.206  6.2099  3.0166  4.0474  7.1583  0.2106  1.7713  2.0993  2.2944  1.8842  2.4772  1.7014  1.208  5.0314  1.7111  0.1213  1.5275  0.8623  1.19  3.1435  
trainID = 346  0.152  4.5204  0.4425  1.3427  0.4557  5.0264  0.971  3.2164  2.1324  2.8685  0.5724  3.0448  7.4993  15.1084  4.9555  1.8234  5.4072  1.7197  0.3767  0.4498  0.4357  1.3862  1.678  3.566  0.9617  4.485  10.9217  1.5398  2.0117  5.0716  2.1094  1.1014  2.1621  2.2881  1.888  3.0093  4.3271  2.0298  2.0889  0.0588  2.4303  0.6121  
trainID = 366  0.9153  6.7262  3.9291  1.4739  2.0727  0.3755  0.405  2.9832  1.4084  6.6194  3.4515  4.7533  3.0335  31.2472  14.2115  1.9065  12.4835  5.2431  1.0426  2.4589  4.5152  5.6216  1.563  14.6843  5.908  7.0613  3.2036  4.1816  2.9355  3.6886  4.2502  3.9648  7.7877  7.8245  2.9068  2.7177  4.0103  3.4603  0.9445  
trainID = 374  0.3705  1.0107  0.797  1.1308  1.7582  0.2468  0.332  0.5959  2.0304  1.0996  3.3703  0.581  2.7442  0.6742  0.871  1.7484  0.1267  2.6921  0.5997  1.4932  0.1567  0.5211  0.81  0.346  1.5739  0.2638  1.9015  0.9277  1.3459  0.127  2.0375  2.07  1.3229  3.7421  0.1945  1.8991  0.5962  0.5989  1.6342  
trainID = 398  3.0746  1.6286  1.8607  3.1272  0.929  0.5464  2.1895  0.7594  0.3014  0.8746  0.462  3.6866  9.6625  1.4186  6.4332  2.0385  8.6849  5.8002  0.902  1.1257  2.6597  0.6369  0.415  4.7643  4.464  1.3358  5.8504  2.684  4.6915  3.6772  0.4517  5.4015  1.878  5.6778  2.3088  0.0859  3.5203  3.0063  2.4564  
trainID = 402  2.4198  3.2746  2.1346  1.498  2.3753  1.5145  1.961  2.6837  2.2144  2.5551  1.329  1.196  2.2028  18.6146  5.1104  1.8903  9.2816  0.8467  2.042  2.937  1.1267  0.9191  0.533  2.517  0.5775  2.5412  8.4984  3.3032  3.0574  2.5994  2.497  2.4841  2.6505  0.4587  1.863  4.0819  4.2117  2.8939  1.9799  0.7934  3.3583  2.0355  
trainID = 413  6.752  3.4248  0.823  4.5847  3.8876  5.0324  36.5172  4.6266  2.3452  1.01  12.1919  5.8684  1.7603  2.2014  5.1342  5.9336  1.2385  4.0335  5.8203  3.0795  0.894  3.624  6.5883  3.6204  5.2606  4.9564  14.3326  3.8859  0.6459  7.9296  7.5531  5.0577  3.47  1.6122  3.3055  5.3312  3.8101  1.6827  0.9448  0.1864  
trainID = 518  1.3543  2.507  0.6214  2.5736  0.9684  3.2954  3.259  1.0141  1.0626  5.2624  1.38  3.8733  1.0784  11.6856  5.2159  0.8814  2.377  3.1845  0.4486  1.11  0.3229  0.769  0.931  2.633  1.4214  0.7213  5.3035  2.724  2.5478  0.3946  0.7489  4.0683  3.4146  1.9628  1.808  4.3369  2.3507  0.1376  1.6808  0.5883  3.9903  1.0625  
trainID = 522  0.728  3.0978  3.9581  2.5646  0.9765  2.3299  0.758  2.4609  2.3654  5.7534  2.7648  4.2063  15.3479  21.9372  18.4093  0.7883  12.5796  6.272  0.322  2.7876  1.2845  0.1098  0.096  4.5183  6.0929  0.2973  9.302  3.4948  6.3104  3.9128  3.3736  5.7901  0.1269  2.4449  1.032  3.9574  6.327  3.2268  1.0866  4.1823  2.6103  1.8074  
trainID = 571  2.5419  1.5032  0.1052  0.0684  0.4089  0.1253  0.391  2.5404  2.0144  3.0468  0.734  2.0475  1.133  12.9327  5.0833  1.9702  4.6967  0.1829  1.505  0.0454  0.1319  0.9378  2.3247  1.787  1.411  1.8569  6.9698  1.7926  2.6848  4.1698  0.1671  0.5868  2.2524  0.8324  1.14  3.154  4.3209  1.1437  2.111  0.325  2.5753  2.1312  
trainID = 572  3.8822  1.3076  3.9911  1.9425  1.6775  1.1457  0.132  0.7774  0.9072  3.0171  1.139  1.026  9.368  0.5147  6.5082  1.3044  6.169  7.9156  1.5842  0.8842  2.3295  0.8052  1.99  2.766  4.3105  0.1256  6.4703  3.9569  5.7124  2.4934  1.0975  4.6284  0.6518  3.6671  1.8008  1.8037  2.3653  2.4903  1.8038  
trainID = 589  1.784  4.324  2.1145  3.1325  1.4015  0.0477  0.51  1.577  1.6574  4.9192  0.3689  4.2511  9.0379  18.2423  10.9241  0.7021  7.4761  5.327  2.673  3.3751  0.5969  0.2874  0.405  4.3763  3.3203  1.4576  6.0343  4.4084  4.1978  2.7454  2.9176  3.161  2.5015  2.2115  1.345  5.6903  2.7734  0.4887  1.1062  1.7893  4.6663  2.102  
trainID = 613  3.9462  0.7306  2.928  3.1637  4.4329  4.5484  35.8372  1.8837  0.644  3.0399  11.0255  5.1574  2.1568  1.9711  3.5295  6.7406  3.083  2.6656  7.6961  1.064  0.356  4.6753  3.8596  4.979  4.3966  7.7148  22.6663  7.4382  0.2713  9.2966  8.4261  8.6619  2.681  1.9681  7.959  5.9659  4.8617  2.1463  2.4066  2.5053  
trainID = 617  0.7816  7.496  3.9528  2.2697  0.3598  0.6421  1.886  6.1415  2.1604  6.9319  2.143  5.8925  1.9678  24.0645  9.0721  1.5989  11.905  4.1178  2.1094  3.5497  4.3974  5.2622  3.4842  14.2586  2.7888  7.0464  6.0263  1.5531  3.2876  3.0963  1.7959  3.777  8.1362  8.1005  0.5145  0.1365  4.2413  3.2873  3.4025  
trainID = 619  1.622  0.4164  0.4653  0.2376  3.8775  1.1073  0.073  0.0668  1.4334  1.9005  1.9582  1.329  0.2865  0.4011  0.6575  1.2704  2.057  0.9962  1.4079  3.5663  2.7612  34.7231  0.3565  2.0656  1.2891  1.8897  1.9213  1.7307  1.7872  2.1801  0.2021  2.5648  0.482  0.0284  1.0347  1.3053  1.5191  0.9979  1.849  0.5878  
trainID = 636  1.0602  0.7271  1.486  3.0487  4.054  2.2571  2.028  0.7094  0.8614  0.1192  1.6059  1.8554  5.237  8.4202  0.8583  0.5297  2.6516  4.5929  1.862  0.3465  1.4574  1.9933  0.81  2.509  3.7647  3.2429  3.809  3.574  3.0608  3.996  1.5126  3.0875  1.901  5.0726  2.9658  3.9855  2.2709  1.9191  2.1556  0.0073  0.5887  0.3728  
trainID = 645  0.3947  2.7936  2.6876  0.265  0.5333  3.0308  1.391  0.0134  0.4724  3.5355  1.2805  2.9633  0.3147  9.5998  4.5608  0.4749  4.0864  1.8083  0.921  0.0355  2.0762  0.0269  0.999  3.087  1.1657  0.6388  2.7876  0.4667  1.1887  1.5761  1.2251  1.6522  0.2286  0.3564  1.182  2.3  2.5114  0.3949  0.5373  2.9273  2.0054  2.2324  
trainID = 671  4.577  0.5168  3.513  0.1156  1.2523  3.9164  36.5032  0.3076  2.3146  2.5027  6.9897  7.5066  1.8167  1.7522  6.5495  4.6123  4.076  2.5104  6.3361  0.7652  2.7193  4.6401  4.9728  3.0429  5.0781  9.3349  7.5389  1.8243  1.4427  7.9093  4.5131  5.8946  3.4938  0.4215  4.7801  4.5181  2.4189  0.1127  3.2461  0.7751  
trainID = 714  4.4701  0.7752  0.637  3.0327  4.4507  4.4904  36.2462  1.2818  1.297  0.5761  8.8454  8.2028  2.4151  1.3438  2.7557  3.5348  3.448  0.9262  5.5198  0.6387  0.75  3.134  5.4718  3.3178  3.5374  6.9941  7.8304  0.3467  1.0736  7.4515  4.3842  4.1604  3.8787  1.2369  2.587  5.4167  1.5746  0.6368  1.1651  1.1009  
trainID = 715  0.5251  5.1501  0.1118  0.3233  0.9245  1.7149  4.244  0.0068  1.8914  4.2569  0.6394  2.946  3.6079  16.1418  5.1089  1.756  8.1943  0.2791  0.169  2.0029  0.1273  1.3946  2.5836  2.637  0.6154  5.9923  9.4175  1.6229  4.2665  1.1549  0.5274  1.1887  2.2319  2.4195  0.577  3.1932  4.3025  0.5832  2.214  2.7633  2.0712  1.1131  
trainID = 718  2.4428  1.6971  1.4414  1.8249  3.8092  0.2876  1.157  1.4818  3.2274  2.7585  0.2305  3.239  11.9886  3.3469  10.9602  0.0629  7.6319  6.8826  0.261  2.5863  1.0118  2.7695  1.634  3.414  2.9116  0.1831  10.0753  5.0187  5.284  3.5417  3.9586  4.5717  1.594  3.5143  0.3715  1.4341  2.4763  1.4601  1.8294  
trainID = 742  0.5301  7.4552  1.931  3.556  0.5275  0.15  0.732  2.4963  1.4484  6.4167  0.6816  5.4676  3.5428  23.2814  8.0408  0.4147  9.6605  3.7987  0.059  0.328  3.736  1.7327  2.7398  13.2198  5.8568  8.328  4.493  2.8196  1.0594  4.5387  1.5577  2.7956  5.8258  3.8435  0.4976  3.4707  3.9983  2.1416  0.8901  
trainID = 760  5.9826  0.8804  0.0555  3.4507  4.3788  4.9534  2.3036  0.5513  0.8434  10.2412  5.0155  1.5554  2.948  3.8708  6.5712  0.962  3.1778  7.8241  2.2686  3.412  3.287  4.7481  3.512  3.9852  7.7061  20.254  6.3232  0.0929  9.808  9.249  5.399  2.208  1.0129  7.564  7.9698  3.7948  0.9724  1.5738  2.71  
trainID = 779  4.0338  0.1152  4.384  4.1247  4.7116  4.6234  2.7384  0.5223  0.16  12.9316  5.052  5.468  1.9393  6.8989  5.795  2.988  1.0284  8.1691  1.3326  1.275  1.633  3.2279  3.6531  2.1062  11.2299  24.7001  8.5428  0.5929  8.9521  5.3061  6.328  1.637  0.4305  7.9436  5.6457  4.1598  1.9311  1.4493  2.2921  
trainID = 787  2.272  4.8118  2.9859  3.2251  0.0485  1.7665  1.989  0.6752  0.1164  3.8385  2.2654  6.0047  7.6729  26.3141  18.497  2.4164  12.7556  3.9605  1.8  3.3454  4.0561  1.97  2.027  4.18  6.061  1.5581  11.0922  4.9787  7.6381  2.957  2.5012  5.025  1.7334  1.1971  0.034  5.1287  6.2991  0.5812  0.7546  4.4183  6.7443  4.029  
trainID = 804  3.7991  3.1175  0.684  0.4293  2.8485  3.7274  0.6074  1.1171  2.7083  7.2293  11.08  0.4474  1.1376  4.7475  5.3283  0.5601  0.1535  3.7323  0.2811  0.844  2.229  2.9314  4.7479  4.9516  4.674  0.803  1.6238  4.7416  5.5303  4.8121  4.7841  1.355  3.4081  0.7974  4.6561  4.5601  1.597  0.473  0.1708  
trainID = 872  2.6288  1.8187  1.0473  0.1361  3.1753  0.6619  1.309  3.794  2.6784  3.9146  0.1941  3.9197  9.4149  15.4065  2.4992  2.9555  8.1056  4.4556  0.9065  2.8861  2.032  2.8563  5.4734  6.2992  0.2454  2.083  0.3566  0.0788  1.4186  1.4668  2.297  1.832  4.4611  3.2009  3.2693  2.1749  2.1383  3.2723  0.1495  
trainID = 885  1.462  0.6089  0.7259  1.1154  0.3491  1.5995  2.0568  0.6519  0.8959  2.9147  1.2163  0.393  7.1858  1.7953  7.641  2.8638  4.8278  6.5231  0.07  1.6319  2.8123  1.5548  1.113  1.796  2.4647  0.1017  5.8589  0.1584  7.4254  1.5051  0.9051  3.9485  0.6356  1.9815  0.0392  0.2528  1.5683  0.0542  1.7376  
trainID = 886  1.0161  2.7549  0.2982  0.5963  0.3612  1.1746  0.538  1.5148  2.7184  1.9179  1.4371  2.8094  0.4782  11.2512  5.4685  1.2005  4.8917  1.5352  3.363  2.2142  0.9567  0.7522  2.8985  4.3233  1.0338  2.757  4.4369  1.2981  4.2946  1.1537  0.9964  0.5237  0.7323  0.916  2.622  3.3835  1.5548  0.2789  1.836  2.9163  0.8877  0.7725  
trainID = 944  2.0511  2.7218  0.1477  0.2482  2.2234  1.0739  0.92  3.4585  1.4364  1.1794  1.8259  1.1829  1.4971  10.0837  0.6005  0.7169  3.4903  5.5335  0.215  2.3258  2.5874  1.21  0.794  4.7714  4.8998  2.8866  2.7454  3.7911  1.7686  1.2403  2.2786  1.7962  5.1136  5.3082  0.854  3.5419  0.9075  1.7397  2.3825  1.8893  2.3403  0.4474  
trainID = 950  1.3651  6.823  5.6817  2.164  1.6695  1.2828  3.489  3.8986  1.6784  6.4843  4.3987  8.2334  1.0573  30.7382  19.5129  0.0469  11.5595  4.2186  0.0119  1.9321  4.103  6.4047  2.2471  13.039  4.8005  7.0839  5.3838  1.7601  5.0633  4.2308  2.1049  0.67  6.8861  6.0329  0.4986  1.5369  4.2163  4.1693  3.2186  
trainID = 985  4.1933  2.1386  0.92  1.3679  2.6698  3.6464  37.2032  0.5031  0.5995  0.8818  9.1204  8.0819  1.4971  1.045  6.1645  4.8431  0.287  2.282  4.8458  3.2626  1.519  2.436  3.5929  2.7753  3.6058  4.3965  8.4582  0.8006  1.1279  5.869  5.5626  5.5197  2.251  0.1174  2.2921  2.939  5.6279  1.4733  0.8272  0.3678  
trainID = 997  2.5488  3.0695  2.246  2.1077  4.3296  4.4164  0.701  4.219  1.9294  3.5963  1.8192  0.31  7.0222  4.5061  4.3152  0.6087  3.9885  5.8343  1.138  2.4252  4.4428  0.7461  0.84  3.166  3.2567  0.7717  2.9076  11.181  9.4129  10.1738  1.2252  8.305  2.591  6.0567  1.429  1.1192  8.0288  3.1849  2.1786  2.4175  3.0067  0.3397  
trainID = 1000  3.9948  3.6563  0.2  4.4758  2.742  0.1575  0.056  0.0526  0.4939  2.1899  0.7465  4.0779  15.7998  6.6935  11.3596  2.0897  8.0216  8.7516  1.369  2.5784  4.6208  1.0002  1.642  4.9577  3.5094  0.6533  5.4658  4.8072  7.8954  3.3224  1.7062  5.2774  0.6281  4.6362  0.6818  0.9437  0.268  3.3683  3.3775  
trainID = 1028  1.9938  2.258  1.9718  3.3255  1.582  0.9306  0.204  2.3226  2.1534  0.1208  2.6082  4.4082  2.6148  13.1996  4.9497  0.9822  7.7331  0.95  3.019  0.6375  1.5745  1.647  0.74  3.087  0.2206  5.033  6.5768  0.1668  4.0253  0.1248  1.6945  1.2655  1.6969  2.8281  4.2167  3.2539  4.5103  0.9594  2.0587  2.2593  2.4273  1.4899  
trainID = 1030  0.0875  0.9664  1.2765  1.0148  0.5415  3.3864  1.2982  2.1995  1.9844  1.3163  2.596  1.146  0.819  0.5158  0.6741  2.3281  0.4752  0.0527  0.4573  2.8674  0.1573  0.2152  1.305  3.881  1.0599  0.7311  3.1701  6.0643  0.7403  3.0061  0.0208  2.3715  1.7887  2.7937  1.82  0.2515  3.31  3.2613  0.2039  0.6356  1.7042  0.6599  
trainID = 1067  0.3698  0.3853  2.826  1.4529  2.6148  3.0313  0.197  1.6326  2.8204  2.4012  3.1433  0.191  5.4127  1.9804  3.0071  0.3671  3.6154  4.3701  1.068  3.2431  5.406  0.5824  0.155  0.576  2.2568  2.839  2.4384  13.7131  6.6711  13.6668  0.0051  4.9015  0.8175  5.4832  4.0931  1.6525  4.4556  5.4331  2.4155  3.7231  0.912  2.2364  
trainID = 1071  3.6356  2.0001  3.0211  0.7239  2.47  0.1099  0.641  1.4423  0.361  2.3162  0.3585  2.5385  7.9213  0.8429  5.9659  2.3899  6.7062  4.61  0.555  0.1386  2.2295  3.2144  0.092  3.9809  4.04  0.254  3.3484  0.8684  7.4262  2.8709  2.5262  4.9774  2.5901  1.3446  0.6334  0.5448  2.5413  3.8253  4.8507  
trainID = 1076  6.0387  0.0744  0.4109  3.9107  2.7155  2.5278  35.0342  0.4428  0.096  1.5573  9.1792  5.8196  3.5596  0.4593  4.4877  6.2467  2.881  1.2369  5.8601  2.0193  1.735  4.0009  4.277  1.6764  4.4288  10.1153  14.4345  1.0147  1.2367  7.4467  5.2972  6.7595  4.9571  0.8348  5.8942  4.2113  5.095  0.9196  0.9523  3.4589  
trainID = 1081  1.31  2.672  0.0895  0.6959  1.4089  0.1115  0.728  0.7092  0.0534  2.2679  0.3491  0.5161  0.1546  8.714  3.9043  0.0614  5.1965  2.6991  1.584  0.5855  1.2275  0.7647  0.154  2.109  0.5659  3.5539  2.7795  1.4063  0.8948  1.4876  1.3322  0.3933  0.1903  2.3853  0.236  2.4526  1.6916  1.441  1.047  3.0033  2.8523  0.6027  
trainID = 1094  2.1447  0.2452  0.526  1.4937  1.2444  0.3481  0.742  2.0349  0.9963  1.0355  2.1298  3.0639  5.6208  0.2986  3.9247  3.1275  3.5699  5.6776  1.3475  2.7575  1.2533  0.5619  0.267  1.76  1.4909  0.1918  3.0526  0.408  0.9745  3.5842  0.7254  0.1939  1.0208  0.3574  0.7689  0.2314  1.0986  1.6894  1.7485  
trainID = 1141  2.1109  5.5681  0.2235  0.3063  0.67  2.2304  2.915  2.0057  3.1954  3.2549  1.2533  6.0941  8.5462  14.8085  3.7799  2.404  5.2151  3.2957  1.0135  2.9316  4.5288  6.0728  3.4572  4.9198  0.333  3.623  0.3942  2.5493  0.2688  3.9083  1.9601  2.509  4.4686  3.3142  3.8184  4.144  1.0957  2.1879  1.4759  
trainID = 1149  5.7528  4.2209  3.1409  3.6635  2.7204  0.0937  3.5899  0.5911  0.023  5.2581  1.6356  3.8405  19.5421  9.751  14.5236  0.6799  13.2282  5.2484  0.385  4.838  3.9965  1.2592  2.376  4.0193  9.1225  0.1546  7.0844  5.3334  8.7914  3.9544  4.1226  6.2391  1.0529  5.254  2.1398  1.4005  1.1942  3.5473  2.4388  
trainID = 1166  1.7911  9.3002  3.672  4.1915  0.5558  1.8171  0.198  3.6426  1.5574  6.5382  3.5043  6.7692  5.5737  25.1123  11.7502  0.9479  10.2114  3.1338  0.6715  2.7358  4.2813  6.2742  3.1747  14.1514  4.4621  8.12  5.7863  3.0416  5.9891  4.3587  1.2881  0.874  7.6426  6.6875  1.8948  1.6344  4.6283  3.0653  6.1098  
trainID = 1168  1.3833  0.5144  0.548  1.0229  0.1765  1.6389  0.304  0.4104  0.9874  2.0476  0.5905  3.1886  2.2125  5.5148  2.2417  1.0257  2.3151  2.2912  0.894  1.1704  0.0349  2.5536  0.398  2.227  1.1832  2.2141  2.3746  5.1456  0.0928  2.0988  2.6276  0.0389  1.3326  1.002  0.807  0.1259  1.9693  0.2027  0.0915  1.5423  1.6487  0.6263  
trainID = 1258  6.7141  2.7975  2.242  1.2383  3.3884  4.2654  36.6342  1.5673  1.1333  0.655  12.0808  6.0729  0.4398  0.5335  5.9157  5.2179  2.355  2.2495  7.4031  2.471  0.009  3.814  4.8865  4.6568  4.6748  4.1051  12.6706  4.5322  1.2362  7.7302  6.8553  4.8312  3.8259  0.1187  5.0227  5.8117  2.4668  3.4976  2.1345  0.1974  
trainID = 1267  3.4274  3.5696  0.525  3.2887  1.6825  2.3291  36.9202  1.522  0.0429  1.267  11.9884  11.8845  1.8715  0.3376  6.3191  5.3139  1.722  1.1178  4.373  3.6439  2.4509  4.653  3.2485  3.0118  2.835  0.1887  1.1568  0.7461  2.5081  4.5126  5.2552  4.2397  1.257  2.0585  0.0977  4.1893  3.8228  0.0531  1.6547  0.6707  
trainID = 1274  2.5214  0.3439  2.784  1.4887  2.9839  3.0355  0.181  2.8429  0.3086  0.1822  3.1168  1.838  0.3079  2.9771  0.403  2.2854  2.5682  3.1787  0.382  3.2336  0.6058  1.0369  0.091  2.984  1.8489  0.2936  0.5331  2.3711  1.0005  4.4182  2.6576  1.5125  0.1103  2.043  0.567  1.4853  2.9803  2.7056  2.3395  0.6036  0.3668  0.4998  
trainID = 1377  2.5766  5.0185  2.453  3.0997  2.5702  2.0185  0.154  1.1064  3.9454  1.1185  0.7086  2.1161  9.087  13.8144  2.7825  0.1218  4.9428  4.5934  1.923  0.0295  3.9931  0.9063  0.223  3.563  1.6959  2.9178  5.712  0.5792  0.7895  1.9046  1.4931  0.4623  4.962  1.7078  3.044  4.0415  0.8532  2.579  3.188  1.1084  1.9119  0.7567  
trainID = 1390  3.0829  1.0255  0.1639  1.9257  5.1363  2.4714  2.192  1.9444  1.1874  1.1145  2.8841  0.6602  4.4027  2.8767  1.5767  0.4193  2.2843  2.6368  0.7971  1.496  5.2466  0.6015  0.565  2.267  2.371  0.3263  1.4911  12.2089  11.4092  12.6223  0.1577  6.1915  2.6077  4.6673  1.874  3.9179  6.3311  4.0162  0.1398  0.458  0.0427  2.5242  
trainID = 1393  4.7066  0.4094  0.932  0.9911  4.5368  4.8094  36.9962  2.9268  4.0593  0.101  7.2206  0.7643  2.2942  1.2083  2.6644  4.4472  0.424  1.83  8.4621  1.0839  0.586  4.5451  3.4896  1.7209  0.8227  16.6182  24.8479  7.9747  0.3457  9.336  4.5045  5.5099  2.274  2.8884  10.106  5.4768  0.3211  1.711  0.7591  3.1304  
trainID = 1396  1.8881  3.8177  1.863  3.2477  4.8297  5.3374  0.716  0.2002  0.7824  0.9124  3.9623  0.45  6.8597  2.4097  3.1175  0.4278  1.0359  3.6533  0.27  3.2914  5.9985  34.7361  1.7851  2.7848  0.0375  21.3727  17.3624  14.5635  0.884  8.6477  3.0409  4.4513  3.4671  4.0799  6.9633  3.0346  0.5833  0.7127  2.3236  1.7935  
trainID = 1406  3.3469  0.2655  2.775  1.7074  3.8041  3.6154  1.519  0.8815  1.3064  0.6961  3.8173  0.774  5.3829  1.1477  3.965  1.2254  4.0188  2.7188  1.3236  5.4383  6.6241  33.5131  0.3892  0.0814  1.7341  29.2381  15.7388  9.4213  1.9517  8.7082  1.0271  3.7722  1.535  3.2689  5.7553  3.9156  0.5982  3.4195  2.4003  3.8196  
trainID = 1438  4.8597  0.3247  2.43  3.8907  4.4574  5.8064  2.228  2.5867  5.1564  2.4463  4.3173  2.024  7.9205  1.7241  3.7876  0.3476  6.1682  4.8463  0.9264  3.2747  8.1051  35.8831  2.8421  0.3738  0.923  33.198  20.0596  10.3595  3.3939  11.8394  2.9404  4.6422  0.42  5.2629  8.2694  2.7174  0.9176  3.0917  0.5629  3.0117  
trainID = 1579  1.6975  1.0812  1.112  1.3067  0.8965  3.9584  0.607  0.8869  1.8724  1.3712  4.6043  1.988  3.7995  1.5652  1.7157  1.5214  0.5694  1.2027  1.8801  2.3717  3.1797  32.5491  0.0308  0.1786  1.1722  12.9693  4.975  0.1426  1.815  4.3027  1.45  2.7735  1.782  2.7708  6.0134  1.0465  3.6473  1.3717  0.7876  2.3788  
trainID = 1598  0.9912  2.0227  2.588  2.6487  1.3448  4.7634  1.319  0.5778  1.0034  0.795  3.3153  2.2171  2.5945  3.9318  1.2285  0.7268  2.3727  3.4422  0.023  3.2857  3.3574  0.6619  0.431  0.326  1.1121  0.7505  1.9194  6.6935  4.4179  6.6604  0.9167  3.5847  1.6984  1.8177  2.258  0.8258  3.3017  4.3923  0.1159  3.201  0.4105  3.0208  
trainID = 1718  2.6796  1.3475  2.61  1.8327  3.7753  1.9114  0.7875  1.2113  1.3671  11.0659  3.8509  4.9654  0.6183  4.6397  6.234  3.634  0.8876  7.5741  0.0924  1.512  1.674  3.7406  4.1009  3.8365  11.0946  17.353  2.0827  0.4102  7.5177  3.0143  5.2037  3.4854  1.0796  6.6894  4.9936  1.216  0.491  2.4759  3.9387  
trainID = 1722  3.1454  4.1984  0.458  0.787  1.0374  2.9795  0.466  2.7686  2.7684  1.587  0.1877  2.6904  5.2309  12.2016  1.4083  1.0425  4.9568  5.8251  0.7665  1.406  3.0884  2.2201  1.53  4.4879  3.2652  5.9714  5.5841  1.7582  2.6212  3.6778  1.3942  2.0444  5.0951  1.1651  3.8021  3.2468  2.102  4.1017  3.2406  0.3727  0.1366  0.0511  
trainID = 1771  2.3721  3.45  0.657  0.359  1.6043  3.9134  37.7472  0.3174  1.6054  0.672  8.9266  6.8179  0.7462  0.1234  4.5751  5.2047  0.017  2.014  5.5389  2.0756  0.115  4.7016  7.1975  4.3657  3.208  6.1914  8.1744  2.5145  0.6145  8.6339  3.8869  3.3425  3.9473  1.8818  6.2037  3.857  2.7785  1.9832  0.5697  1.8062  
trainID = 1772  1.9614  0.8644  0.2374  1.2651  3.1149  3.7694  0.437  2.6718  0.4554  0.5936  4.3103  0.101  3.3281  1.4627  0.2381  0.5361  1.5422  2.5036  1.5502  2.4459  2.5982  0.4052  1.015  3.113  0.1173  1.2886  0.2728  6.5388  5.9345  6.2711  0.6751  4.3319  2.7975  4.4209  2.423  0.2561  5.3708  2.136  0.3539  0.4196  1.078  1.2074  
trainID = 1789  2.6864  3.8353  0.2855  1.521  0.1235  2.1036  37.2432  1.389  1.6984  0.7714  7.9067  10.4249  0.2505  2.1754  3.9436  3.0027  0.323  0.7385  4.4379  1.7501  1.477  2.356  4.2362  1.3478  3.3693  6.3097  1.915  1.5403  1.3194  0.8604  3.6526  4.7063  3.1149  1.8077  2.1784  5.1686  2.8736  0.0973  1.0167  0.5328  
trainID = 1845  2.9239  0.8526  2.205  0.5451  5.3315  5.8284  36.2372  0.9018  3.3763  0.05  9.7221  7.405  0.2643  1.0439  5.0565  6.6041  1.726  1.1887  5.1631  4.496  0.573  5.04  3.5488  3.0954  2.4147  10.2181  11.4786  3.4217  1.0899  8.8201  4.7119  5.8203  3.2351  0.3025  4.1624  4.7259  0.6615  0.351  1.021  3.1681  
trainID = 1883  1.1783  0.1224  0.804  2.3064  2.1131  2.333  1.4149  0.0166  0.6408  0.4951  3.6323  1.3669  1.0754  1.8601  0.1412  3.2149  1.4805  0.081  0.688  3.952  1.005  35.2571  0.5374  2.5914  2.1076  9.4905  3.722  0.3758  2.0997  4.3475  0.3736  3.6613  0.908  1.234  3.39  1.0298  2.4405  0.6123  0.3135  0.9772  
trainID = 1918  2.2105  1.6603  0.674  1.4639  0.2435  4.7794  1.024  1.0543  2.2864  0.6657  3.8943  1.9792  6.8091  6.4583  0.3053  1.8612  2.2238  4.3042  2.96  0.6906  4.248  1.6095  0.287  1.367  0.9325  3.6111  2.9764  4.9961  4.0478  3.2971  0.6107  4.4135  3.2753  2.8635  2.8762  0.3411  0.6113  1.3393  0.4044  0.2752  0.3475  0.8822  
trainID = 1987  4.1916  2.7763  1.6  2.4747  1.5087  2.7266  0.248  2.7611  2.1074  0.1617  1.3609  1.1248  8.7406  10.4688  1.0771  3.2824  7.1583  4.0951  0.093  0.4633  1.9414  0.7059  1.9262  3.865  2.1193  3.6639  5.7714  0.0519  0.8931  2.5254  0.516  2.7365  6.9575  2.9671  4.2863  3.3074  0.3537  1.5542  2.5033  1.921  3.0403  0.134  
trainID = 2085  4.445  0.2628  2.464  1.533  4.1963  3.7274  2.494  0.8293  2.5834  0.0988  2.7633  0.351  4.9677  4.9392  2.5113  3.0553  4.2081  4.262  3.056  2.7551  2.6451  0.3885  0.15  0.849  1.4209  1.6343  1.936  9.4315  6.8995  7.7872  0.7087  6.0277  2.5768  3.3193  2.56  0.735  4.1593  3.3216  1.0884  0.1962  0.805  5.4344  
trainID = 2086  5.8179  2.1097  2.072  4.7267  3.6285  3.9544  36.7432  1.9313  2.6329  1.554  9.0036  7.7687  3.9777  0.6588  4.6638  6.5307  0.924  0.5403  7.6581  2.8581  1.9313  0.669  2.957  2.2092  1.6368  9.2119  20.0121  0.2771  1.2325  6.8537  6.4461  5.194  3.4931  0.26  8.0218  4.5608  2.1736  2.9632  0.8084  1.5456  
trainID = 2144  6.8647  1.747  2.558  3.5777  5.429  2.98  36.5272  3.1331  2.5513  0.6531  12.863  6.2774  3.1913  1.3883  4.9022  5.4488  0.5  0.2201  5.2414  0.676  1.8077  5.621  4.8368  4.9431  3.502  8.4587  21.181  8.1811  1.7445  6.4172  5.8984  6.1903  3.3456  0.9071  7.0122  4.8141  2.3992  2.9564  0.2794  2.2792  
trainID = 2200  0.5038  1.9905  0.4193  0.7909  2.6817  2.4599  1.246  1.7763  2.5574  0.2512  2.3302  3.3099  4.1284  7.3885  1.6683  2.0518  3.1655  3.6507  3.36  0.1847  1.7245  1.1122  1.637  3.263  2.5357  0.3747  3.3126  6.064  0.8019  3.1015  2.0116  2.0731  3.5469  5.3014  3.1671  0.4858  2.4504  2.6055  0.8338  1.647  1.5105  0.5115  
trainID = 2228  4.552  2.366  3.138  5.3377  2.9975  3.5034  37.1662  0.0669  0.3476  1.3858  11.1249  6.5699  1.3851  1.3421  6.3144  5.5301  0.5294  3.6461  4.244  0.9673  2.8039  2.564  5.7979  4.3616  3.9465  7.6097  14.9492  2.1051  1.2403  7.5414  4.0838  7.8877  0.7  0.8353  4.4111  4.1597  2.2782  0.4523  0.9452  1.8672  
trainID = 2271  2.0227  1.7343  1.495  2.5557  3.7477  2.8497  2.723  3.0782  0.2681  1.3757  0.9732  1.6837  3.7619  1.5062  0.4584  1.3296  3.1389  2.5643  0.8801  1.7117  3.5837  0.3296  0.279  1.701  1.3671  0.6059  1.6879  7.118  4.1573  8.2544  2.8349  8.1881  1.6594  3.3998  4.455  0.2565  3.1674  4.6873  1.9157  1.3911  3.6903  1.0108  
trainID = 2281  5.8218  0.1229  0.715  3.0917  2.4362  5.0144  35.7202  1.4724  2.6388  0.008  10.2328  5.5648  0.2097  1.4659  3.3085  7.0734  2.481  1.5125  6.5101  2.215  1.528  3.9936  2.4694  3.1206  2.5883  10.8371  19.0814  3.0858  1.9742  11.2809  5.1232  8.2054  0.797  0.1442  5.7603  3.9468  0.9241  1.4365  0.2742  3.8136  
trainID = 2294  1.1993  0.3924  2.413  2.1127  2  1.8587  0.236  1.7577  0.8224  2.1752  2.2886  1.601  5.1453  3.0888  3.6548  0.1013  2.0826  2.5719  1.4699  3.5888  6.6111  0.9265  0.8542  0.2861  0.8722  15.0315  11.3341  12.2621  0.9248  6.549  4.6505  3.3077  0.54  3.4399  5.8047  4.2087  0.8124  3.6037  3.0054  3.6045  
trainID = 2319  3.855  0.9091  1.507  0.1752  3.8311  4.0214  0.655  0.5088  1.6984  0.5175  5.3573  0.283  1.3845  1.0048  3.4959  2.9235  0.785  0.6142  1.119  4.4721  1.9593  33.5241  1.5097  0.4102  0.7978  10.8843  6.3338  4.4193  0.2855  7.4929  2.0097  5.3688  1.589  0.662  7.4456  0.6576  1.6606  1.4191  2.3486  1.687  
trainID = 2349  0.5872  2.1557  2.818  0.2195  2.3712  1.8087  1.324  1.7956  1.5504  2.9888  1.5242  1.216  4.1282  7.334  1.9937  0.9523  5.3595  1.9506  1.567  0.2173  2.9242  0.4244  0.549  1.21  1.4324  2.0147  3.3975  3.9339  0.7674  2.076  1.0064  2.6679  1.6358  0.4175  2.646  0.4896  0.0196  3.2957  4.8665  0.9904  1.2584  0.1242  
trainID = 2368  3.9913  0.6145  3.033  3.2527  5.5037  3.1881  36.8812  3.2315  0.5553  0.6409  8.9153  1.2637  0.9369  0.6397  4.0828  4.7671  0.133  2.0304  5.2804  1.1039  2.111  0.778  0.8374  1.34  0.6242  17.81  27.2734  6.7617  0.1206  8.8247  4.858  5.735  2.8383  3.8339  10.4729  6.6798  1.7379  2.3937  2.7095  5.7026  
trainID = 2444  4.0778  3.4296  1.435  0.0735  2.2675  1.6325  0.136  0.3364  1.9454  0.0972  0.5366  3.0033  4.8263  6.5556  0.7216  2.1097  3.4995  4.0915  0.748  0.1835  5.5942  2.5564  1.721  1.622  4.7717  0.4743  2.2712  9.4617  4.4871  5.235  1.0512  6.372  3.6567  2.0561  0.985  0.7874  3.5914  3.2145  4.3547  0.2251  1.8195  0.8715  
trainID = 2488  2.0414  0.0248  3.068  1.536  1.331  2.1909  2.141  2.6496  3.7444  1.3018  2.905  3.3365  6.6834  7.1608  1.1558  1.5359  3.1954  6.1641  0.4854  0.3085  5.4345  0.4632  0.068  4.2073  2.9697  3.4605  4.6097  5.9452  3.2034  2.7873  1.1152  4.9597  1.0036  2.9544  2.808  0.3596  3.4754  2.903  2.6101  1.0909  1.2668  0.8706  
trainID = 2523  2.4749  2.1897  1.862  1.7115  2.4233  1.9308  2.915  1.6047  1.8244  0.0063  3.1383  2.6304  2.6562  9.3145  1.0218  0.3464  3.9535  4.2484  0.8405  1.0132  2.0496  1.1591  0.1  2.619  2.3626  3.0213  2.7904  4.6621  1.4468  2.6304  2.0236  2.3127  2.337  3.2828  3.2511  0.4168  1.9541  1.7074  1.0179  0.013  1.2626  0.9029  
trainID = 2566  1.865  0.4046  0.0888  3.0497  1.2099  4.4294  1.3701  0.7158  1.1537  2.3561  4.0213  0.287  3.9876  3.6407  0.4218  1.1356  1.9582  2.8971  2.688  2.2285  2.2552  1.9759  2.1007  0.402  1.5047  0.906  2.1407  9.1918  7.3076  8.3832  2.8851  6.2296  1.4531  5.0612  1.301  1.8011  4.9142  1.18  1.4838  0.2535  0.4965  1.7646  
trainID = 2570  3.149  3.2626  0.9316  0.9868  3.729  2.5313  0.8  0.1235  0.9884  2.2643  5.6373  1.9473  1.6911  3.9545  0.4614  2.1573  2.9844  3.563  0.322  4.6393  3.1555  0.7673  0.2316  0.7787  11.7609  4.0059  1.6038  3.1534  4.0754  2.8121  2.9305  3.115  0.0747  7.7474  2.1261  2.2124  2.1103  0.6985  1.5962  
trainID = 2598  1.8399  2.9106  4.569  3.0587  5.127  2.6283  0.881  1.3966  3.4144  2.8642  2.0706  0.7372  6.7133  0.9039  1.2574  1.149  2.0348  4.2774  0.016  4.4782  5.5311  1.3112  1.8403  1.316  1.125  0.9548  1.5627  17.8457  15.0375  17.0835  2.3996  9.2823  3.4893  7.2377  2.568  3.3909  6.3863  2.9287  0.9694  0.633  1.82  1.6487  
trainID = 2639  4.6577  4.3943  1.825  0.4555  3.7736  4.5744  35.6402  1.3837  0.087  3.1848  9.2791  10.7477  0.7636  0.735  6.412  5.4843  3.134  0.3122  5.1468  2.0645  1.605  3.009  6.6586  3.2909  5.4128  0.9418  1.0243  2.2192  1.2529  4.6152  5.54  3.5954  3.536  0.5569  1.2537  4.2041  2.6304  0.5409  0.2755  2.9605  
trainID = 2677  3.3241  3.054  0.851  1.8235  1.8541  3.5834  35.5302  1.707  0.1939  3.6711  11.2371  6.6774  0.296  2.2237  6.3294  5.7012  1.473  0.314  2.949  2.8507  1.65  2.488  4.4621  4.1877  4.7179  7.6085  8.4402  0.9855  2.6086  3.3878  4.8844  5.3344  3.8782  0.5632  1.5951  3.7259  3.0781  0.5719  0.0284  2.3125  
trainID = 2701  6.4917  1.7309  3.646  4.5597  4.1861  1.7109  37.1222  3.522  3.1753  1.5169  7.5711  6.8631  0.1627  1.9678  6.1443  4.0511  0.952  1.8372  5.71  2.2876  2.0631  1.709  5.103  0.7485  1.2411  10.5981  16.3261  4.9939  0.7929  8.8371  5.373  7.9776  2.657  0.1585  4.637  5.5113  2.242  2.072  1.9079  0.7049  
trainID = 2733  1.2353  1.9442  2.137  0.1145  1.1279  0.7106  1.6405  1.9623  1.2114  2.1955  2.1132  2.5437  5.1626  5.1753  0.4744  0.7549  3.5304  1.0517  2.463  3.4167  1.7279  1.7665  1.474  4.976  1.0924  1.6096  0.122  6.0801  2.5948  3.7003  1.5328  4.3757  2.0237  3.3606  0.311  1.8719  2.583  4.1638  2.4855  2.9393  0.8035  1.7235  
trainID = 2750  3.3902  2.4554  2.378  1.2997  1.6451  2.3398  0.542  0.91  0.4504  1.4341  3.5263  3.0686  7.0665  7.743  1.2001  0.8998  4.5747  5.9276  1.019  0.3828  3.1739  0.1367  0.975  2.116  4.2269  5.1154  4.2186  3.9224  0.1225  3.0537  0.657  4.6152  4.9002  4.1845  3.5929  2.7586  0.5838  3.9418  2.941  0.0114  1.1264  3.1515  
trainID = 2828  1.8679  1.8319  0.5001  2.4917  3.8301  1.5882  0.126  0.8221  0.5834  0.2723  2.3884  2.7741  0.975  1.6143  1.1755  3.7357  1.3366  1.3626  0.094  4.5857  2.3114  1.324  1.3539  0.872  11.1297  3.8759  1.4459  2.2138  7.2019  1.165  2.6708  0.786  1.5806  6.7036  0.7153  3.4574  1.7542  1.4127  1.013  
trainID = 2832  0.4526  0.4594  2.019  1.6467  3.1265  1.4883  0.463  2.0933  2.1104  2.4582  4.2143  0.545  5.1672  3.9003  0.1402  1.7897  3.1829  3.7845  1.031  3.0401  5.4174  0.0126  0.818  3.153  3.4862  3.6754  2.3665  12.2469  10.987  13.6308  1.399  8.1535  3.804  3.1622  3.622  2.7508  5.9914  4.8188  0.2724  3.2824  0.33  0.3347  
trainID = 2864  4.7785  0.7527  0.0715  1.4333  3.213  2.1472  1.425  3.2895  2.2254  1.4107  3.1793  2.1091  8.5834  4.7717  3.2217  0.6345  3.5174  2.8696  1.146  1.6416  4.6534  3.5325  2.3209  2.072  2.8386  3.2386  2.3384  8.5462  8.4537  7.5691  1.449  7.5648  6.301  5.4361  2.337  2.8277  5.7897  2.5074  0.6051  2.0911  0.7557  0.9143  
trainID = 2890  5.8687  1.3253  3.062  0.6176  2.9431  4.6784  37.5992  1.4868  1.0575  0.961  10.4509  6.2895  5.2315  2.3091  3.077  6.3098  3.393  2.5732  5.4364  1.8614  0.45  2.736  5.3694  2.5218  3.0384  9.9703  18.2165  0.7934  1.153  8.6534  5.653  7.991  2.9888  0.5782  5.1068  6.0059  2.7639  2.0335  0.5603  0.9895  
trainID = 2901  4.8543  1.9465  0.0811  2.7697  4.6066  3.6924  35.9232  0.1668  1.475  1.373  6.8585  4.5797  0.4101  3.9851  3.029  4.9057  2.343  3.0887  4.336  1.5893  0.953  1.47  3.3655  0.578  1.3476  10.4602  9.0921  7.4078  0.6963  6.6121  3.2179  5.5394  0.837  0.3843  3.9488  4.6354  2.579  1.1578  0.3749  2.704  
trainID = 2939  2.2364  1.3094  1.217  1.2787  3.3003  4.0434  0.9  0.0032  2.5304  1.5555  4.3003  0.614  7.0755  8.5958  3.4525  0.4523  5.1157  3.4285  1.758  3.4632  5.7528  0.8765  0.75  3.361  3.0856  1.5594  2.5195  8.2999  5.2141  5.7542  0.0669  7.4551  2.8154  6.9843  2.426  0.9315  5.9294  2.6251  2.7645  3.0109  0.3955  2.0106  
TrainID = 374  dbValue = 1.18825  nTestCell = 42  nTrainCell = 39  nDiff = 3  (X,Y) = (1995, 1095)  Position Error = 51.6236
TrainID = 1168  dbValue = 1.44798  nTestCell = 42  nTrainCell = 42  nDiff = 0  (X,Y) = (1935, 1085)  Position Error = 34.7131
TrainID = 1030  dbValue = 1.5513  nTestCell = 42  nTrainCell = 42  nDiff = 0  (X,Y) = (1985, 1125)  Position Error = 71.3092
TrainID = 1081  dbValue = 1.58052  nTestCell = 42  nTrainCell = 42  nDiff = 0  (X,Y) = (1875, 1075)  Position Error = 84.5281
TrainID = 1094  dbValue = 1.63352  nTestCell = 42  nTrainCell = 39  nDiff = 3  (X,Y) = (1955, 1015)  Position Error = 44.1022
TrainID = 1274  dbValue = 1.66708  nTestCell = 42  nTrainCell = 42  nDiff = 0  (X,Y) = (1975, 1135)  Position Error = 77.8781
TrainID = 645  dbValue = 1.73162  nTestCell = 42  nTrainCell = 42  nDiff = 0  (X,Y) = (1855, 1045)  Position Error = 103.947
TrainID = 2349  dbValue = 1.9526  nTestCell = 42  nTrainCell = 42  nDiff = 0  (X,Y) = (1885, 1125)  Position Error = 98.4124
TrainID = 1772  dbValue = 2.05746  nTestCell = 42  nTrainCell = 42  nDiff = 0  (X,Y) = (1985, 1185)  Position Error = 128.86
TrainID = 571  dbValue = 2.09244  nTestCell = 42  nTrainCell = 42  nDiff = 0  (X,Y) = (1825, 1045)  Position Error = 133.735
TrainID = 333  dbValue = 2.10279  nTestCell = 42  nTrainCell = 42  nDiff = 0  (X,Y) = (1825, 1135)  Position Error = 153.183
TrainID = 885  dbValue = 2.11388  nTestCell = 42  nTrainCell = 39  nDiff = 3  (X,Y) = (1915, 975)  Position Error = 94.3663
TrainID = 886  dbValue = 2.11582  nTestCell = 42  nTrainCell = 42  nDiff = 0  (X,Y) = (1855, 1075)  Position Error = 104.235
TrainID = 619  dbValue = 2.16014  nTestCell = 42  nTrainCell = 40  nDiff = 2  (X,Y) = (1995, 1085)  Position Error = 45.2217
TrainID = 2523  dbValue = 2.17688  nTestCell = 42  nTrainCell = 42  nDiff = 0  (X,Y) = (1905, 1145)  Position Error = 101.02
TrainID = 1598  dbValue = 2.21584  nTestCell = 42  nTrainCell = 42  nDiff = 0  (X,Y) = (1945, 1185)  Position Error = 126.669
TrainID = 1918  dbValue = 2.21811  nTestCell = 42  nTrainCell = 42  nDiff = 0  (X,Y) = (1905, 1175)  Position Error = 127.534
TrainID = 2828  dbValue = 2.2293  nTestCell = 42  nTrainCell = 39  nDiff = 3  (X,Y) = (2035, 1165)  Position Error = 131.015
TrainID = 2733  dbValue = 2.24483  nTestCell = 42  nTrainCell = 42  nDiff = 0  (X,Y) = (1935, 1175)  Position Error = 118.258
TrainID = 2200  dbValue = 2.2854  nTestCell = 42  nTrainCell = 42  nDiff = 0  (X,Y) = (1905, 1155)  Position Error = 109.659
TrainID = 518  dbValue = 2.31122  nTestCell = 42  nTrainCell = 42  nDiff = 0  (X,Y) = (1865, 1075)  Position Error = 94.3663
TrainID = 944  dbValue = 2.33871  nTestCell = 42  nTrainCell = 42  nDiff = 0  (X,Y) = (1855, 1135)  Position Error = 128.004
TrainID = 636  dbValue = 2.34207  nTestCell = 42  nTrainCell = 42  nDiff = 0  (X,Y) = (1895, 1175)  Position Error = 132.004
TrainID = 321  dbValue = 2.37007  nTestCell = 42  nTrainCell = 42  nDiff = 0  (X,Y) = (1855, 1145)  Position Error = 134.183
TrainID = 345  dbValue = 2.42552  nTestCell = 42  nTrainCell = 42  nDiff = 0  (X,Y) = (1795, 1105)  Position Error = 169.366
TrainID = 2566  dbValue = 2.49763  nTestCell = 42  nTrainCell = 42  nDiff = 0  (X,Y) = (1955, 1205)  Position Error = 146.031
TrainID = 2271  dbValue = 2.51425  nTestCell = 42  nTrainCell = 42  nDiff = 0  (X,Y) = (1955, 1185)  Position Error = 126.036
TrainID = 1071  dbValue = 2.58734  nTestCell = 42  nTrainCell = 39  nDiff = 3  (X,Y) = (1905, 945)  Position Error = 125.718
TrainID = 2570  dbValue = 2.59179  nTestCell = 42  nTrainCell = 39  nDiff = 3  (X,Y) = (2045, 1175)  Position Error = 145
TrainID = 2444  dbValue = 2.59253  nTestCell = 42  nTrainCell = 42  nDiff = 0  (X,Y) = (1915, 1195)  Position Error = 142.636
TrainID = 1028  dbValue = 2.61479  nTestCell = 42  nTrainCell = 42  nDiff = 0  (X,Y) = (1825, 1065)  Position Error = 133.135
TrainID = 1883  dbValue = 2.63478  nTestCell = 42  nTrainCell = 40  nDiff = 2  (X,Y) = (2035, 1135)  Position Error = 108.19
TrainID = 2488  dbValue = 2.65538  nTestCell = 42  nTrainCell = 42  nDiff = 0  (X,Y) = (1885, 1195)  Position Error = 154.353
TrainID = 2750  dbValue = 2.66139  nTestCell = 42  nTrainCell = 42  nDiff = 0  (X,Y) = (1855, 1195)  Position Error = 170.602
TrainID = 1987  dbValue = 2.6705  nTestCell = 42  nTrainCell = 42  nDiff = 0  (X,Y) = (1815, 1165)  Position Error = 178.003
TrainID = 1377  dbValue = 2.68029  nTestCell = 42  nTrainCell = 42  nDiff = 0  (X,Y) = (1825, 1135)  Position Error = 153.183
TrainID = 715  dbValue = 2.69026  nTestCell = 42  nTrainCell = 42  nDiff = 0  (X,Y) = (1795, 1055)  Position Error = 163.049
TrainID = 572  dbValue = 2.7298  nTestCell = 42  nTrainCell = 39  nDiff = 3  (X,Y) = (1935, 935)  Position Error = 126.115
TrainID = 1722  dbValue = 2.78258  nTestCell = 42  nTrainCell = 42  nDiff = 0  (X,Y) = (1845, 1165)  Position Error = 154.935
TrainID = 346  dbValue = 2.81543  nTestCell = 42  nTrainCell = 42  nDiff = 0  (X,Y) = (1795, 1075)  Position Error = 163.783
TrainID = 2085  dbValue = 2.84708  nTestCell = 42  nTrainCell = 42  nDiff = 0  (X,Y) = (1965, 1215)  Position Error = 156.157
TrainID = 398  dbValue = 2.85823  nTestCell = 42  nTrainCell = 39  nDiff = 3  (X,Y) = (1895, 945)  Position Error = 130.25
TrainID = 804  dbValue = 2.90836  nTestCell = 42  nTrainCell = 39  nDiff = 3  (X,Y) = (1845, 1205)  Position Error = 184.621
TrainID = 1390  dbValue = 2.91226  nTestCell = 42  nTrainCell = 42  nDiff = 0  (X,Y) = (1975, 1245)  Position Error = 186.775
TrainID = 402  dbValue = 2.93005  nTestCell = 42  nTrainCell = 42  nDiff = 0  (X,Y) = (1775, 1015)  Position Error = 188.215
TrainID = 872  dbValue = 3.00034  nTestCell = 42  nTrainCell = 39  nDiff = 3  (X,Y) = (1775, 1115)  Position Error = 191.377
TrainID = 1579  dbValue = 3.03361  nTestCell = 42  nTrainCell = 40  nDiff = 2  (X,Y) = (2035, 1185)  Position Error = 147.665
TrainID = 1067  dbValue = 3.06102  nTestCell = 42  nTrainCell = 42  nDiff = 0  (X,Y) = (1975, 1245)  Position Error = 186.775
TrainID = 2939  dbValue = 3.12425  nTestCell = 42  nTrainCell = 42  nDiff = 0  (X,Y) = (1925, 1245)  Position Error = 188.905
TrainID = 718  dbValue = 3.18901  nTestCell = 42  nTrainCell = 39  nDiff = 3  (X,Y) = (1855, 935)  Position Error = 161.199
TrainID = 2294  dbValue = 3.22974  nTestCell = 42  nTrainCell = 40  nDiff = 2  (X,Y) = (2005, 1245)  Position Error = 191.846
TrainID = 2864  dbValue = 3.25151  nTestCell = 42  nTrainCell = 42  nDiff = 0  (X,Y) = (1935, 1255)  Position Error = 197.345
TrainID = 1141  dbValue = 3.25259  nTestCell = 42  nTrainCell = 39  nDiff = 3  (X,Y) = (1785, 1125)  Position Error = 185.162
TrainID = 2832  dbValue = 3.2578  nTestCell = 42  nTrainCell = 42  nDiff = 0  (X,Y) = (1985, 1235)  Position Error = 178.059
TrainID = 2319  dbValue = 3.28957  nTestCell = 42  nTrainCell = 40  nDiff = 2  (X,Y) = (2035, 1185)  Position Error = 147.665
TrainID = 589  dbValue = 3.39113  nTestCell = 42  nTrainCell = 42  nDiff = 0  (X,Y) = (1805, 965)  Position Error = 179.569
TrainID = 1789  dbValue = 3.41227  nTestCell = 42  nTrainCell = 40  nDiff = 2  (X,Y) = (1855, 1205)  Position Error = 178.676
TrainID = 997  dbValue = 3.52171  nTestCell = 42  nTrainCell = 42  nDiff = 0  (X,Y) = (1945, 1255)  Position Error = 196.431
TrainID = 1000  dbValue = 3.54533  nTestCell = 42  nTrainCell = 39  nDiff = 3  (X,Y) = (1855, 905)  Position Error = 185.27
TrainID = 313  dbValue = 3.6001  nTestCell = 42  nTrainCell = 39  nDiff = 3  (X,Y) = (1755, 1035)  Position Error = 204.414
TrainID = 1718  dbValue = 3.76909  nTestCell = 42  nTrainCell = 39  nDiff = 3  (X,Y) = (1915, 1305)  Position Error = 249.73
TrainID = 2598  dbValue = 3.77831  nTestCell = 42  nTrainCell = 42  nDiff = 0  (X,Y) = (1995, 1275)  Position Error = 219.146
TrainID = 1267  dbValue = 3.79391  nTestCell = 42  nTrainCell = 40  nDiff = 2  (X,Y) = (1815, 1175)  Position Error = 184.133
TrainID = 330  dbValue = 3.83388  nTestCell = 42  nTrainCell = 39  nDiff = 3  (X,Y) = (1725, 1035)  Position Error = 234.233
TrainID = 985  dbValue = 3.92781  nTestCell = 42  nTrainCell = 40  nDiff = 2  (X,Y) = (1865, 1265)  Position Error = 226.02
TrainID = 742  dbValue = 3.95033  nTestCell = 42  nTrainCell = 39  nDiff = 3  (X,Y) = (1735, 985)  Position Error = 234.957
TrainID = 2639  dbValue = 3.97946  nTestCell = 42  nTrainCell = 40  nDiff = 2  (X,Y) = (1845, 1205)  Position Error = 184.621
TrainID = 2901  dbValue = 3.98437  nTestCell = 42  nTrainCell = 40  nDiff = 2  (X,Y) = (1925, 1255)  Position Error = 198.759
TrainID = 714  dbValue = 4.0234  nTestCell = 42  nTrainCell = 40  nDiff = 2  (X,Y) = (1865, 1255)  Position Error = 216.945
TrainID = 2677  dbValue = 4.0538  nTestCell = 42  nTrainCell = 40  nDiff = 2  (X,Y) = (1845, 1265)  Position Error = 234.957
TrainID = 1771  dbValue = 4.11776  nTestCell = 42  nTrainCell = 40  nDiff = 2  (X,Y) = (1875, 1275)  Position Error = 231.398
TrainID = 522  dbValue = 4.32837  nTestCell = 42  nTrainCell = 42  nDiff = 0  (X,Y) = (1795, 915)  Position Error = 217.497
TrainID = 671  dbValue = 4.42778  nTestCell = 42  nTrainCell = 40  nDiff = 2  (X,Y) = (1885, 1255)  Position Error = 209.153
TrainID = 760  dbValue = 4.44658  nTestCell = 42  nTrainCell = 39  nDiff = 3  (X,Y) = (1885, 1345)  Position Error = 295.169
TrainID = 1845  dbValue = 4.46954  nTestCell = 42  nTrainCell = 40  nDiff = 2  (X,Y) = (1905, 1275)  Position Error = 222.407
TrainID = 1149  dbValue = 4.51814  nTestCell = 42  nTrainCell = 39  nDiff = 3  (X,Y) = (1835, 875)  Position Error = 221.326
TrainID = 787  dbValue = 4.56488  nTestCell = 42  nTrainCell = 42  nDiff = 0  (X,Y) = (1765, 915)  Position Error = 240.801
TrainID = 2228  dbValue = 4.57636  nTestCell = 42  nTrainCell = 40  nDiff = 2  (X,Y) = (1875, 1295)  Position Error = 250.17
TrainID = 1076  dbValue = 4.58259  nTestCell = 42  nTrainCell = 40  nDiff = 2  (X,Y) = (1875, 1285)  Position Error = 240.759
TrainID = 779  dbValue = 4.61673  nTestCell = 42  nTrainCell = 39  nDiff = 3  (X,Y) = (1915, 1345)  Position Error = 289.214
TrainID = 1406  dbValue = 4.66602  nTestCell = 42  nTrainCell = 40  nDiff = 2  (X,Y) = (2025, 1285)  Position Error = 235.722
TrainID = 1396  dbValue = 4.69237  nTestCell = 42  nTrainCell = 40  nDiff = 2  (X,Y) = (2015, 1275)  Position Error = 223.394
TrainID = 2281  dbValue = 4.69999  nTestCell = 42  nTrainCell = 40  nDiff = 2  (X,Y) = (1925, 1305)  Position Error = 248.204
TrainID = 617  dbValue = 4.70859  nTestCell = 42  nTrainCell = 39  nDiff = 3  (X,Y) = (1705, 965)  Position Error = 269.898
TrainID = 1258  dbValue = 4.7113  nTestCell = 42  nTrainCell = 40  nDiff = 2  (X,Y) = (1855, 1305)  Position Error = 266.693
TrainID = 2701  dbValue = 4.77156  nTestCell = 42  nTrainCell = 40  nDiff = 2  (X,Y) = (1925, 1295)  Position Error = 238.296
TrainID = 2086  dbValue = 4.80529  nTestCell = 42  nTrainCell = 40  nDiff = 2  (X,Y) = (1905, 1305)  Position Error = 251.645
TrainID = 2890  dbValue = 4.85261  nTestCell = 42  nTrainCell = 40  nDiff = 2  (X,Y) = (1905, 1305)  Position Error = 251.645
TrainID = 1393  dbValue = 4.94589  nTestCell = 42  nTrainCell = 40  nDiff = 2  (X,Y) = (1975, 1305)  Position Error = 246.587
TrainID = 413  dbValue = 5.02391  nTestCell = 42  nTrainCell = 40  nDiff = 2  (X,Y) = (1875, 1305)  Position Error = 259.625
TrainID = 1166  dbValue = 5.05483  nTestCell = 42  nTrainCell = 39  nDiff = 3  (X,Y) = (1695, 945)  Position Error = 286.644
TrainID = 366  dbValue = 5.07615  nTestCell = 42  nTrainCell = 39  nDiff = 3  (X,Y) = (1715, 925)  Position Error = 277.498
TrainID = 2368  dbValue = 5.0872  nTestCell = 42  nTrainCell = 40  nDiff = 2  (X,Y) = (1985, 1315)  Position Error = 257.42
TrainID = 950  dbValue = 5.1204  nTestCell = 42  nTrainCell = 39  nDiff = 3  (X,Y) = (1725, 925)  Position Error = 268.784
TrainID = 2144  dbValue = 5.23761  nTestCell = 42  nTrainCell = 40  nDiff = 2  (X,Y) = (1905, 1355)  Position Error = 300.707
TrainID = 613  dbValue = 5.487  nTestCell = 42  nTrainCell = 40  nDiff = 2  (X,Y) = (1895, 1345)  Position Error = 292.857
TrainID = 1438  dbValue = 5.70842  nTestCell = 42  nTrainCell = 40  nDiff = 2  (X,Y) = (2015, 1295)  Position Error = 242.786
