trainID = 132  4.935  4.356  2.0465  1.4747  0.5808  3.4124  35.3881  2.4355  5.6543  0.617  16.8682  9.7002  2.952  6.5274  3.6172  7.8027  3.9151  2.5776  5.9291  7.8087  5.5297  1.9183  0.678  7.0753  2.8794  0.3466  7.4926  5.014  1.094  4.1828  5.8003  0.8423  0.8153  2.4918  
trainID = 145  3.6809  4.9095  2.5725  0.1031  1.1889  2.7654  37.8521  0.354  4.3461  0.4051  14.1127  14.9044  2.2162  8.8749  4.1881  7.8526  4.7821  4.0014  2.4989  3.543  5.1891  4.8451  1.3475  1.367  2.1112  0.9679  3.6113  4.405  3.1095  4.0681  5.9234  1.9226  0.272  0.7569  
trainID = 177  2.0578  6.0197  5.334  3.9871  4.4685  2.155  0.66  2.7175  1.2835  1.9969  5.8357  1.8867  20.5826  24.7586  18.1547  6.067  8.5703  3.8101  6.3411  5.6388  4.2597  5.9981  0.8889  8.535  8.4566  6.6228  4.03  3.8424  6.876  1.8027  9.1299  1.0955  1.1396  5.682  2.7097  1.7306  
trainID = 186  0.7503  0.4123  2.224  1.1321  0.7704  1.2059  0.02  0.3225  1.5129  1.6981  2.6023  2.7796  5.8261  5.7402  2.187  3.6972  1.4701  5.0768  2.8904  2.9657  2.6767  2.5905  1.3579  0.054  2.0786  6.2414  7.8783  2.3472  6.255  0.2815  3.4254  0.6729  0.4935  2.1941  0.6531  2.7272  
trainID = 190  0.2851  1.7777  2.7825  4.0223  3.2723  1.8329  0.934  3.7162  0.2663  0.6812  2.8396  1.4107  1.4477  6.8025  3.8612  2.5094  4.1471  0.454  3.9431  3.1123  1.9932  0.0194  0.183  2.7858  6.4693  3.5945  1.3558  2.4971  1.5505  0.657  1.8834  0.1788  1.9676  3.218  3.1517  2.7315  
trainID = 193  0.8874  1.9244  2.0483  1.1459  1.3627  1.3633  1.8944  1.1896  2.1879  1.8801  3.155  1.8881  4.8725  9.1588  2.1061  5.8475  0.5925  3.5929  2.8869  4.9414  0.7222  1.0833  0.342  1.8841  5.1788  1.7528  2.1416  1.4732  0.9173  0.9435  1.6829  1.8689  2.13  4.204  0.3433  0.5074  
trainID = 196  1.9055  0.6223  1.494  0.1117  1.9721  0.1946  0.084  1.1215  1.3732  1.3152  2.9565  0.2721  2.4689  6.2133  0.9131  0.5944  0.8174  3.1343  3.3051  4.8642  1.7224  0.3442  2.0306  1.8963  2.5645  1.9514  3.6614  0.0919  0.4619  1.8524  1.072  1.2995  2.87  0.5989  0.11  2.4303  
trainID = 200  3.8393  1.9214  1.252  3.1047  0.9584  3.4324  1.394  0.7575  1.268  0.8126  2.1827  0.464  9.5894  9.309  3.8001  8.5676  1.5254  6.9358  3.1011  2.7663  5.2961  2.7546  1.7928  0.9344  4.4191  5.6754  10.428  0.2508  6.2854  4.3679  3.9268  1.7289  2.6136  3.05  0.2503  2.2734  
trainID = 206  0.717  0.2671  0.393  1.0686  2.2615  0.9237  0.673  0.5158  1.9159  1.2409  1.5543  2.1276  2.14  5.6581  0.5828  2.1106  1.4619  1.5338  5.2691  4.1267  0.9816  0.4028  1.6802  1.7379  2.6495  0.4255  1.0924  1.0634  0.7155  1.7284  0.781  3.5715  0.2459  3.235  1.0811  1.0405  
trainID = 238  0.481  1.217  1.979  0.66  2.4323  0.657  0.628  0.6969  1.3915  1.3711  4.5503  1.4606  4.2007  3.2939  1.6873  6.2533  0.7036  1.729  3.1231  3.5537  0.2028  0.7935  0.5117  1.1827  4.759  1.1627  2.0683  0.5212  0.2289  0.5842  1.0524  0.4347  1.124  1.4987  0.9776  0.7529  
trainID = 271  7.0354  0.5715  0.194  2.7137  0.3704  1.5762  38.5791  0.1339  3.0666  2.2396  14.3265  8.0678  5.299  7.7793  4.8333  9.0011  2.7063  1.1685  7.6249  3.8911  0.2982  0.6511  9.046  32.1358  0.8996  3.3997  11.355  4.7002  8.9938  1.5315  2.2818  3.8833  2.9518  3.6798  1.968  
trainID = 321  3.2466  2.4313  3.4179  0.6367  0.2451  3.5454  1.822  4.2102  1.2422  0.5357  3.0185  0.5044  10.2055  14.2084  0.0208  4.4696  4.1121  4.4168  5.1011  1.9266  2.6329  4.3377  3.6145  2.7265  4.0742  1.7062  3.0131  1.2434  0.4772  2.1599  2.0735  0.7379  1.834  2.9261  0.7724  0.4433  
trainID = 333  3.9137  4.6015  2.2347  0.6758  1.7517  0.6255  0.619  1.9182  2.0419  0.7339  4.0345  2.0211  11.4939  14.2961  0.9545  7.0808  5.1922  6.624  4.6281  3.3907  0.1355  1.9401  0.8489  3.8544  5.2962  2.1569  2.6038  1.9452  1.4786  2.7485  2.4371  0.5809  3.2077  1.7438  0.0653  1.5336  
trainID = 345  3.1404  4.1837  0.392  1.2694  2.6251  0.2006  1.97  1.7868  3.4359  0.0679  5.1732  0.6018  9.5018  16.6053  0.8122  6.7489  3.9954  7.5197  3.9481  5.1838  1.5463  3.8101  3.5357  5.9756  4.5484  0.6086  0.031  1.7732  1.6553  1.893  2.7635  0.3134  2.6515  2.361  0.2124  2.3906  0.268  
trainID = 346  0.329  5.7374  2.4215  2.0027  2.888  4.3694  1.599  3.9133  3.5239  1.4974  3.9779  1.5842  11.7  18.4023  3.2682  8.0767  4.7036  3.4487  2.7464  4.0035  0.2329  1.7552  3.9733  9.739  6.2988  0.849  3.0033  1.5882  0.8725  1.5779  5.3795  1.5951  3.2129  1.5575  1.4527  0.1408  
trainID = 374  0.1105  2.2277  1.182  0.4708  0.6741  0.9038  0.96  0.101  3.4219  2.4707  1.18  2.0416  1.4565  2.6197  2.5583  4.5049  0.5769  4.4211  2.5234  2.0605  0.3595  0.2724  1.3217  0.8367  3.1851  0.8989  3.9698  1.4489  1.117  0.7112  2.6897  0.6292  0.7751  2.0949  1.5765  2.3871  0.453  
trainID = 379  1.2163  1.2421  4.4014  3.8498  3.3278  3.4565  0.29  0.2287  0.4506  1.4022  2.2403  0.0398  4.7736  1.1477  2.4213  2.5279  2.0574  6.6346  2.7125  3.326  1.3835  1.1878  2.8813  1.8158  6.8664  2.5494  4.1029  1.2468  3.7674  1.988  1.7698  0.4494  3.673  3.659  1.9277  1.2398  
trainID = 398  2.5936  2.8456  3.8397  3.7872  3.3613  0.1106  1.5615  0.0625  1.6929  0.4965  5.0123  2.226  5.4618  4.7125  4.7459  4.2148  7.9813  4.0712  4.0251  4.6794  2.4569  3.6705  1.8475  4.6677  7.443  3.5288  1.6089  0.0695  5.6304  1.2938  6.7302  2.7435  1.2099  5.019  2.0287  1.7035  
trainID = 402  1.9388  4.4916  4.1136  2.158  4.8076  0.8575  2.589  3.3806  3.6059  1.184  5.8793  0.2646  6.4035  21.9085  3.4231  8.1436  8.578  0.8823  5.1651  6.4907  1.3295  0.216  2.0295  7.3157  8.0622  1.8947  0.5311  1.9758  2.713  2.0663  5.2641  2.4592  3.1039  2.2921  2.3807  1.2826  
trainID = 413  7.233  4.6418  1.156  3.9247  1.4553  4.3754  37.2141  5.9977  6.8955  0.4506  16.3926  9.1623  3.4476  8.4547  4.4306  7.6626  1.8846  0.4798  6.0231  7.3818  3.1087  4.0779  0.1974  15.4953  1.8176  0.1247  7.7007  6.9689  2.2531  4.8965  4.9341  0.184  0.0328  0.5665  
trainID = 518  1.8353  3.724  2.6004  3.2336  3.4007  2.6384  3.887  0.3172  0.3289  3.8913  3.1703  2.4127  3.1223  14.9795  3.5286  5.3719  1.6734  4.9135  2.6745  4.6637  0.5257  2.2149  0.2096  4.1208  2.035  1.3851  2.4629  0.2277  3.8394  2.8304  3.4031  0.2971  2.8048  0.9104  3.0127  0.3096  
trainID = 522  0.247  4.3148  5.9371  3.2246  3.4088  2.9869  0.13  3.1578  3.7569  4.3823  7.3151  2.7457  11.1472  25.2311  16.722  7.0416  11.876  4.543  3.4451  6.3413  1.0817  5.2994  0.809  8.1193  8.2538  5.1477  1.8445  2.8524  6.019  0.7111  7.3794  3.6615  2.2106  5.681  1.6327  1.0545  
trainID = 571  2.0609  2.7202  1.8738  0.7284  2.8412  0.5317  0.237  3.2373  3.4059  1.6757  3.8163  0.5869  3.0677  16.2266  3.396  8.2235  3.9931  1.9119  4.6281  3.5083  0.0709  0.6175  1.3452  5.7871  6.5516  1.5221  2.1015  0.6883  0.8157  1.6682  5.3733  0.709  3.235  1.1737  1.5977  2.8841  
trainID = 572  3.4012  2.5246  5.9701  2.6025  4.1098  1.8027  0.496  1.4743  0.4843  1.646  3.4113  0.4346  5.1673  2.7792  4.8209  4.9489  5.4654  6.1866  1.5389  4.4379  2.1267  3.517  0.6373  5.2876  8.7159  4.5497  0.4251  0.5763  4.8573  0.0676  4.7195  2.2355  0.6797  3.864  1.5127  1.0509  
trainID = 589  1.303  5.541  4.0935  3.7925  3.8338  0.7047  0.118  2.2739  3.0489  3.5481  4.9192  2.7905  4.8372  21.5362  9.2368  6.9554  6.7725  3.598  5.7961  6.9288  0.3941  2.5268  0.9459  4.8516  9.1674  3.0351  0.6771  2.3964  3.3899  1.9173  3.8258  0.9234  2.2302  3.288  3.6887  1.3491  
trainID = 613  4.4272  1.9476  0.949  2.5037  2.0006  3.8914  36.5341  3.2548  3.9063  1.5793  15.2262  8.4513  3.8441  8.2244  2.8259  8.4696  6.2061  0.8881  7.8989  4.6531  4.4673  3.2139  2.9558  23.829  5.3699  0.7925  9.0677  7.8419  6.9066  5.5312  5.9857  0.6476  3.3842  3.2582  0.486  
trainID = 619  1.141  1.6334  2.4443  0.8976  1.4452  0.4503  0.555  0.6301  2.8249  0.5294  2.5921  2.7896  3.9142  3.695  2.3448  4.9829  1.3534  2.7252  1.7152  0.0126  2.5584  1.15  2.5773  0.1064  2.8693  0.7586  3.799  1.266  1.9512  0.3821  0.0177  0.8706  2.6431  2.4966  0.8714  1.3407  
trainID = 636  1.5412  1.9441  0.493  2.3887  1.6217  1.6001  2.656  1.4063  2.2529  1.2519  2.9444  0.3948  9.4377  11.7141  0.829  6.783  1.948  6.3219  4.9851  3.2072  1.6602  4.5582  2.7312  2.6263  1.185  4.2235  6.0643  2.0338  2.8586  1.3168  1.2185  1.4844  3.2796  1.4914  1.5663  1.1257  
trainID = 645  0.8757  4.0106  4.6666  0.395  1.899  2.3738  2.019  0.7103  1.8639  2.1644  3.2698  1.5027  4.5154  12.8937  2.8735  5.7784  3.3828  0.0793  4.0441  3.5182  1.8734  0.3722  1.1505  1.6049  5.2257  0.026  0.4922  0.7039  1.8811  0.3556  3.5638  0.8296  1.6613  4.426  1.0278  1.4795  
trainID = 671  5.058  1.7338  1.534  0.7756  1.18  3.2594  37.2001  1.0635  2.2357  1.0421  11.1904  10.8005  3.504  8.0055  5.8459  6.3413  7.1991  1.0433  6.5389  5.7663  2.5312  3.8954  4.5759  8.7016  3.8926  0.9215  7.6804  3.9289  3.7277  4.0834  3.5429  1.6114  4.2237  1.528  
trainID = 683  5.9713  0.0966  3.557  3.0681  4.0275  2.7591  3.2695  0.1992  0.5475  1.1851  2.0855  1.1719  5.4431  2.1949  1.1493  1.1976  4.9499  10.2868  0.5716  5.3428  5.2602  4.8918  3.4705  2.9923  7.6694  4.7305  5.5422  1.7188  3.3728  3.3163  1.072  0.7448  1.8865  3.509  1.0575  0.6246  
trainID = 714  4.9511  1.9922  1.342  2.3727  2.0184  3.8334  36.9431  0.0893  5.8473  0.8845  13.0461  11.4967  4.1024  7.5971  2.0521  5.2638  6.5711  2.6275  5.7226  6.2653  2.8061  2.3547  2.2351  8.9931  2.415  1.5948  7.2226  3.8  1.5346  4.982  2.6986  0.8619  2.1427  1.8538  0.553  
trainID = 715  0.0441  6.3671  1.8672  0.3367  1.5078  1.0579  4.872  0.6901  3.2829  2.8858  3.9109  1.4854  7.8086  19.4357  3.4216  8.0093  7.4907  1.4499  2.9541  5.5566  0.3301  0.1781  5.4806  8.2348  6.3819  3.1038  0.9134  0.0062  1.4176  1.6477  5.3549  1.0179  3.338  4.262  1.0936  0.3602  
trainID = 718  1.9618  2.9141  3.4204  2.4849  6.2415  0.9446  0.529  0.7849  4.6189  1.3874  4.3198  1.7784  7.7879  6.6408  9.2729  6.1904  6.9283  5.1536  3.3841  6.14  0.809  2.1181  0.6948  8.8926  9.7777  4.1213  1.4734  3.4374  4.8006  1.0098  4.5667  0.0632  2.5581  3.975  0.4825  1.0765  
trainID = 760  6.4636  2.0974  2.0345  2.7907  1.9465  4.2964  3.6747  3.999  0.6172  14.4419  8.3094  3.2427  9.2013  3.1672  8.3002  4.0851  0.3759  8.0269  5.5416  3.0003  2.8025  2.9471  21.4167  4.2549  0.4283  9.5791  8.6648  6.5116  7.5351  4.9188  0.5263  2.5514  3.4629  1.329  
trainID = 779  4.5148  1.3322  2.405  3.4647  2.2793  3.9664  4.1095  5.0726  1.6206  17.1323  8.3459  7.1553  8.1926  6.1953  7.524  6.1111  2.5253  8.3719  4.0214  3.1414  0.9235  6.4709  25.8628  6.4745  0.0717  8.7232  4.7219  6.8912  5.211  5.2838  0.4324  2.4269  3.045  1.058  
trainID = 787  1.791  6.0288  4.9649  3.8851  2.4808  2.4235  2.617  1.3721  1.5079  2.4674  6.8157  4.5441  3.4722  29.608  16.8097  8.6697  12.052  2.2315  4.9231  6.8991  3.8533  5.2675  1.0464  9.9095  9.7377  6.4754  0.8887  1.98  5.2539  1.1492  7.3515  0.1465  0.3694  5.917  5.7667  3.2761  
trainID = 804  4.2801  4.3345  1.295  0.2307  0.4162  3.0704  0.7637  5.6674  1.2477  11.43  14.3739  2.1347  5.1157  4.0439  7.0573  2.563  3.4002  3.9351  3.7249  4.2362  3.7689  0.085  1.9657  3.6921  4.2204  5.3014  4.2279  0.255  4.2214  5.6841  0.0983  1.4506  0.9237  0.487  
trainID = 885  0.981  1.8259  2.7049  1.7754  2.7814  2.2565  1.4288  0.045  0.4956  1.5436  3.334  1.8536  2.9851  5.0892  5.9537  3.3895  4.1242  4.7941  3.1931  5.1856  2.6095  1.6712  0.6134  4.6762  4.6006  6.2627  0.5632  0.3839  4.1774  0.0514  3.0339  0.3955  1.3768  3.067  0.9234  0.9847  
trainID = 886  1.4971  3.9719  1.6808  1.2563  2.7935  0.5176  0.09  2.2117  4.1099  0.5468  3.1132  1.3488  3.7225  14.5451  3.7812  5.0528  4.1881  3.2642  6.4861  5.7679  0.7539  1.8273  2.2453  3.2542  6.0571  3.1319  0.9146  0.4752  0.7526  0.1481  2.6072  0.1558  2.96  4.415  0.0899  1.5254  
trainID = 944  2.5321  3.9388  2.1267  0.9082  0.2089  0.4169  1.548  4.1554  2.8279  0.1917  2.7244  0.2777  5.6978  13.3776  1.0868  6.9702  2.7867  7.2625  3.3381  1.2279  2.7902  5.6933  2.3749  1.5627  0.9679  0.6059  3.3086  1.7574  1.5673  4.5294  0.1449  1.305  3.5065  3.388  1.3627  1.2003  
trainID = 985  4.6743  3.3556  1.059  0.7079  0.2375  2.9894  37.9001  0.868  5.1498  0.5788  13.3211  11.3758  3.1844  7.2983  5.4609  6.5721  3.4101  1.2717  5.0486  4.3864  2.2636  2.4231  0.3625  9.6209  2.8689  0.6067  5.6401  4.9784  1.2397  2.5043  6.7519  0.0254  0.1504  1.1207  
trainID = 997  3.0298  4.2865  0.267  1.4477  1.8973  3.7594  1.329  4.9159  3.3209  4.9674  2.7311  1.7706  11.2229  7.8  6.0025  6.862  3.2849  7.5633  4.2611  1.1285  4.6456  4.0502  0.26  1.7249  6.422  10.5756  12.2421  1.7464  8.0761  2.0068  6.9764  2.7502  3.3026  0.9188  3.9843  1.0926  
trainID = 1000  3.5138  4.8733  1.779  5.1358  5.1743  0.8145  0.684  0.7495  0.8976  0.8188  3.8038  2.6173  11.5991  9.9874  9.6723  4.1636  7.318  7.0226  4.4921  6.1321  4.418  2.7159  1.165  4.2831  9.5662  6.7327  1.2541  1.185  5.5063  1.2123  5.6886  1.1165  0.1803  1.7667  2.3907  2.6246  
trainID = 1028  2.4748  3.475  3.9508  3.9855  4.0143  1.5876  0.424  3.0195  3.5449  1.4919  1.9421  2.9476  6.8155  16.4935  3.2624  7.2355  7.0295  2.679  6.1421  4.1912  1.7773  0.5729  4.5213  5.3941  4.9258  2.8626  1.9435  1.1733  1.4944  1.1127  5.5627  0.5247  3.1827  3.758  1.4497  2.2428  0.711  
trainID = 1030  0.5685  0.2506  3.2555  1.6748  1.8908  2.7294  0.6702  2.8964  3.3759  2.6874  1.9543  2.6066  5.0197  3.8097  1.0132  3.9252  1.1788  1.7817  2.6658  0.6863  0.0455  1.8534  0.2194  1.9874  1.3053  1.903  5.0744  0.5004  2.1426  2.3729  2.2576  2.8266  1.3279  2.1343  0.7266  1.4128  
trainID = 1067  0.1112  1.6023  0.847  0.7929  0.1825  2.3743  0.825  2.3295  4.2119  3.7723  1.407  1.6516  9.6134  5.2743  4.6944  5.8862  2.9118  6.0991  4.1911  0.3106  5.6088  3.0503  2.3273  1.2557  8.9541  7.8338  15.7351  0.5161  4.6726  0.2333  3.4032  4.9984  1.2915  2.2244  1.8896  2.9893  
trainID = 1071  3.1546  3.2171  5.0001  1.3839  4.9023  0.7669  0.013  0.7454  1.0305  0.9451  4.1918  1.0779  3.7206  2.451  4.2786  3.8634  6.0026  2.881  3.6781  3.4151  2.0267  3.2465  0.7657  2.1657  5.6274  6.2635  0.8026  2.005  5.2063  3.1743  2.397  1.0681  0.5792  4.04  2.8477  4.0978  
trainID = 1076  6.5197  1.2914  1.5681  3.2507  0.2832  1.8708  35.7311  1.8139  4.6463  0.0967  13.3799  9.1135  5.2469  5.794  3.7841  7.9757  6.0041  2.3168  6.0629  5.0705  1.1647  3.2461  5.3563  15.5972  1.0536  0.7155  7.2178  4.713  4.8418  3.7766  6.219  0.5791  1.9299  4.2118  
trainID = 1081  1.791  3.889  2.0685  1.3559  1.0234  0.7685  1.356  0.0123  1.4449  0.8968  4.8994  0.9445  4.3553  12.0079  2.217  6.1919  4.4929  4.4281  4.7071  4.1392  1.4303  1.3594  3.0422  1.5968  6.1653  0.2679  0.5807  0.811  0.1644  0.7745  2.744  1.0063  2.171  4.502  1.8747  1.3556  
trainID = 1094  1.6637  1.4622  1.453  2.1537  3.6767  1.0051  0.114  2.7318  0.3952  0.3356  2.4205  1.6033  1.4201  2.9953  2.2374  3.1258  2.8663  3.9486  1.7756  6.3112  1.0505  0.6974  0.3199  1.8699  5.167  0.1882  1.5159  0.2042  0.4228  0.4366  0.695  0.3342  1.3554  2.5973  0.7118  0.9956  
trainID = 1119  4.8663  0.1784  2.3162  3.5847  2.0805  0.7054  0.05  0.3766  0.4869  0.5978  3.4343  1.0367  1.8814  1.5961  1.1298  2.6135  2.5979  5.0897  2.0707  2.5009  3.2536  3.9138  0.6615  0.2064  8.7227  4.4048  1.839  0.0512  5.678  2.7421  4.1473  2.0465  0.1535  3.751  0.6532  1.9319  
trainID = 1149  5.2718  5.4379  5.1199  4.3235  5.1527  0.7507  2.9619  1.288  1.3685  3.887  6.1859  2.3799  15.3414  13.0449  12.8363  5.5734  12.5246  3.5194  2.7381  8.3917  3.7937  8.329  0.3571  5.9017  10.0924  7.6287  1.8861  3.6014  6.468  0.4687  6.3064  2.5745  2.5245  2.6929  2.5697  1.6859  
trainID = 1168  1.8643  1.7314  1.431  1.6829  2.6088  0.9819  0.324  1.1073  2.3789  0.6765  5.1408  1.728  1.9882  8.8087  0.5544  5.2276  1.6115  4.0202  4.0171  2.3833  0.2377  1.9767  1.7024  1.1919  0.3866  1.2555  0.0305  2.1064  0.19  0.7484  0.9169  0.232  1.2155  3.041  0.6711  1.3792  0.797  
TrainID = 206  dbValue = 1.63816  nTestCell = 37  nTrainCell = 36  nDiff = 1  (X,Y) = (1975, 1055)  Position Error = 24.0832
TrainID = 374  dbValue = 1.65384  nTestCell = 37  nTrainCell = 37  nDiff = 0  (X,Y) = (1995, 1095)  Position Error = 38.2099
TrainID = 238  dbValue = 1.66457  nTestCell = 37  nTrainCell = 36  nDiff = 1  (X,Y) = (1965, 1065)  Position Error = 34.9285
TrainID = 196  dbValue = 1.68586  nTestCell = 37  nTrainCell = 36  nDiff = 1  (X,Y) = (1965, 1045)  Position Error = 36.0555
TrainID = 1094  dbValue = 1.72936  nTestCell = 37  nTrainCell = 36  nDiff = 1  (X,Y) = (1955, 1015)  Position Error = 60.8276
TrainID = 619  dbValue = 1.78707  nTestCell = 37  nTrainCell = 36  nDiff = 1  (X,Y) = (1995, 1085)  Position Error = 28.2843
TrainID = 1168  dbValue = 1.84718  nTestCell = 37  nTrainCell = 37  nDiff = 0  (X,Y) = (1935, 1085)  Position Error = 69.857
TrainID = 1030  dbValue = 2.0203  nTestCell = 37  nTrainCell = 36  nDiff = 1  (X,Y) = (1985, 1125)  Position Error = 69.4262
TrainID = 193  dbValue = 2.28058  nTestCell = 37  nTrainCell = 36  nDiff = 1  (X,Y) = (1925, 1085)  Position Error = 79.1202
TrainID = 1119  dbValue = 2.31529  nTestCell = 37  nTrainCell = 36  nDiff = 1  (X,Y) = (1985, 945)  Position Error = 112.872
TrainID = 190  dbValue = 2.34263  nTestCell = 37  nTrainCell = 36  nDiff = 1  (X,Y) = (1925, 1015)  Position Error = 85.0882
TrainID = 186  dbValue = 2.42253  nTestCell = 37  nTrainCell = 36  nDiff = 1  (X,Y) = (1995, 1175)  Position Error = 118.068
TrainID = 379  dbValue = 2.45151  nTestCell = 37  nTrainCell = 36  nDiff = 1  (X,Y) = (1985, 945)  Position Error = 112.872
TrainID = 645  dbValue = 2.48638  nTestCell = 37  nTrainCell = 36  nDiff = 1  (X,Y) = (1855, 1045)  Position Error = 144.499
TrainID = 885  dbValue = 2.53142  nTestCell = 37  nTrainCell = 36  nDiff = 1  (X,Y) = (1915, 975)  Position Error = 117.388
TrainID = 1081  dbValue = 2.57877  nTestCell = 37  nTrainCell = 36  nDiff = 1  (X,Y) = (1875, 1075)  Position Error = 125.3
TrainID = 944  dbValue = 2.76859  nTestCell = 37  nTrainCell = 36  nDiff = 1  (X,Y) = (1855, 1135)  Position Error = 163.768
TrainID = 886  dbValue = 2.81275  nTestCell = 37  nTrainCell = 36  nDiff = 1  (X,Y) = (1855, 1075)  Position Error = 145.121
TrainID = 518  dbValue = 2.8599  nTestCell = 37  nTrainCell = 36  nDiff = 1  (X,Y) = (1865, 1075)  Position Error = 135.204
TrainID = 1071  dbValue = 2.86201  nTestCell = 37  nTrainCell = 36  nDiff = 1  (X,Y) = (1905, 945)  Position Error = 146.219
TrainID = 321  dbValue = 2.89138  nTestCell = 37  nTrainCell = 36  nDiff = 1  (X,Y) = (1855, 1145)  Position Error = 168.76
TrainID = 571  dbValue = 2.91143  nTestCell = 37  nTrainCell = 36  nDiff = 1  (X,Y) = (1825, 1045)  Position Error = 174.413
TrainID = 636  dbValue = 2.92069  nTestCell = 37  nTrainCell = 36  nDiff = 1  (X,Y) = (1895, 1175)  Position Error = 157.29
TrainID = 572  dbValue = 3.01459  nTestCell = 37  nTrainCell = 36  nDiff = 1  (X,Y) = (1935, 935)  Position Error = 137.768
TrainID = 683  dbValue = 3.08149  nTestCell = 37  nTrainCell = 36  nDiff = 1  (X,Y) = (1985, 885)  Position Error = 172.569
TrainID = 333  dbValue = 3.09467  nTestCell = 37  nTrainCell = 36  nDiff = 1  (X,Y) = (1825, 1135)  Position Error = 190.683
TrainID = 345  dbValue = 3.12161  nTestCell = 37  nTrainCell = 37  nDiff = 0  (X,Y) = (1795, 1105)  Position Error = 209.571
TrainID = 398  dbValue = 3.30926  nTestCell = 37  nTrainCell = 36  nDiff = 1  (X,Y) = (1895, 945)  Position Error = 152.84
TrainID = 200  dbValue = 3.41748  nTestCell = 37  nTrainCell = 36  nDiff = 1  (X,Y) = (1915, 1225)  Position Error = 187.83
TrainID = 1067  dbValue = 3.502  nTestCell = 37  nTrainCell = 36  nDiff = 1  (X,Y) = (1975, 1245)  Position Error = 189.526
TrainID = 1028  dbValue = 3.51125  nTestCell = 37  nTrainCell = 37  nDiff = 0  (X,Y) = (1825, 1065)  Position Error = 174.184
TrainID = 804  dbValue = 3.52065  nTestCell = 37  nTrainCell = 34  nDiff = 3  (X,Y) = (1845, 1205)  Position Error = 213.588
TrainID = 715  dbValue = 3.5432  nTestCell = 37  nTrainCell = 36  nDiff = 1  (X,Y) = (1795, 1055)  Position Error = 204.01
TrainID = 718  dbValue = 3.68723  nTestCell = 37  nTrainCell = 36  nDiff = 1  (X,Y) = (1855, 935)  Position Error = 188.733
TrainID = 346  dbValue = 3.70616  nTestCell = 37  nTrainCell = 36  nDiff = 1  (X,Y) = (1795, 1075)  Position Error = 204.793
TrainID = 402  dbValue = 3.92171  nTestCell = 37  nTrainCell = 36  nDiff = 1  (X,Y) = (1775, 1015)  Position Error = 227.903
TrainID = 1000  dbValue = 3.97375  nTestCell = 37  nTrainCell = 36  nDiff = 1  (X,Y) = (1855, 905)  Position Error = 209.38
TrainID = 589  dbValue = 4.06208  nTestCell = 37  nTrainCell = 36  nDiff = 1  (X,Y) = (1805, 965)  Position Error = 214.709
TrainID = 997  dbValue = 4.23951  nTestCell = 37  nTrainCell = 36  nDiff = 1  (X,Y) = (1945, 1255)  Position Error = 205.232
TrainID = 985  dbValue = 4.68842  nTestCell = 37  nTrainCell = 34  nDiff = 3  (X,Y) = (1865, 1265)  Position Error = 247.427
TrainID = 145  dbValue = 4.85437  nTestCell = 37  nTrainCell = 34  nDiff = 3  (X,Y) = (1815, 1175)  Position Error = 218.586
TrainID = 714  dbValue = 4.88762  nTestCell = 37  nTrainCell = 35  nDiff = 2  (X,Y) = (1865, 1255)  Position Error = 239.082
TrainID = 760  dbValue = 5.07474  nTestCell = 37  nTrainCell = 34  nDiff = 3  (X,Y) = (1885, 1345)  Position Error = 309.742
TrainID = 1149  dbValue = 5.13828  nTestCell = 37  nTrainCell = 36  nDiff = 1  (X,Y) = (1835, 875)  Position Error = 244.99
TrainID = 132  dbValue = 5.13997  nTestCell = 37  nTrainCell = 34  nDiff = 3  (X,Y) = (1855, 1255)  Position Error = 244.826
TrainID = 671  dbValue = 5.18124  nTestCell = 37  nTrainCell = 34  nDiff = 3  (X,Y) = (1885, 1255)  Position Error = 228.473
TrainID = 522  dbValue = 5.26978  nTestCell = 37  nTrainCell = 36  nDiff = 1  (X,Y) = (1795, 915)  Position Error = 248.556
TrainID = 1076  dbValue = 5.36596  nTestCell = 37  nTrainCell = 34  nDiff = 3  (X,Y) = (1875, 1285)  Position Error = 259.538
TrainID = 787  dbValue = 5.38757  nTestCell = 37  nTrainCell = 36  nDiff = 1  (X,Y) = (1765, 915)  Position Error = 273.715
TrainID = 779  dbValue = 5.44348  nTestCell = 37  nTrainCell = 34  nDiff = 3  (X,Y) = (1915, 1345)  Position Error = 300
TrainID = 413  dbValue = 5.61829  nTestCell = 37  nTrainCell = 34  nDiff = 3  (X,Y) = (1875, 1305)  Position Error = 277.272
TrainID = 177  dbValue = 5.69792  nTestCell = 37  nTrainCell = 36  nDiff = 1  (X,Y) = (1775, 885)  Position Error = 282.418
TrainID = 271  dbValue = 5.97011  nTestCell = 37  nTrainCell = 35  nDiff = 2  (X,Y) = (1955, 1335)  Position Error = 281.46
TrainID = 613  dbValue = 6.04055  nTestCell = 37  nTrainCell = 35  nDiff = 2  (X,Y) = (1895, 1345)  Position Error = 306.203
