trainID = 316  0.142  0.8188  4.8193  0.5597  0.1931  0.1119  2.519  0.194  0.351  2.3045  2.0016  3.5447  0.328  6.9839  15.4613  8.7151  1.3928  6.1859  1.2683  3.4073  1.7161  0.1536  1.2144  1.137  1.447  1.1298  2.3505  12.284  4.8754  1.8267  1.3045  4.9082  1.1803  4.2911  2.4507  0.62  3.9284  6.1935  2.4835  2.8934  0.7392  0.1265  0.9  
trainID = 320  4.7466  1.7921  3.7057  4.6066  5.3836  2.0569  35.3846  6.3017  0.4965  3.2733  12.2244  1.9823  9.0103  1.0511  1.0787  6.983  3.0853  3.3728  7.5938  2.8828  1.993  0.243  3.1055  2.0244  1.1602  15.6044  29.0922  11.8157  1.0561  13.4135  4.8676  5.6315  3.9981  1.3565  8.9819  7.096  1.0647  4.5238  5.1271  5.6343  
trainID = 334  1.437  1.1901  6.0518  2.9964  2.1  0.6137  2.9238  0.324  3.0899  2.7425  2.4088  3.3059  0.5481  3.1697  33.5984  16.8463  5.1451  6.3203  3.3028  2.4181  2.1698  0.174  4.6985  0.5564  12.4466  4.6062  2.5271  3.4478  5.1162  1.2809  2.8212  5.2168  1.961  7.9648  5.3914  1.891  3.4957  0.4072  4.4781  1.072  
trainID = 335  4.9835  2.8712  3.2617  2.5416  4.6142  1.4969  0.23  2.4164  3.4695  5.8298  1.1608  5.331  11.7597  0.8882  11.107  3.8773  0.5353  3.7699  0.0084  6.1715  7.9738  32.7612  5.7964  0.8771  1.7811  37.9854  19.3508  4.592  0.7392  13.515  3.4742  7.8653  0.521  3.2591  11.4937  6.2632  0.4388  3.9448  4.457  7.6449  
trainID = 347  0.034  0.1083  2.0761  1.3874  1.2633  2.0342  1.6962  0.309  1.1999  3.1525  2.0202  1.1428  5.109  5.1825  1.008  6.4252  3.6012  2.3018  6.5593  0.4721  4.6527  1.6255  33.1342  0.4139  2.2744  1.9893  10.0735  8.6348  3.3557  0.3925  8.3158  0.7057  2.1308  0.948  0.063  6.1069  1.4872  0.0686  2.4493  2.182  4.8601  
trainID = 359  3.1125  1.2553  1.1432  3.6676  3.3477  0.1059  0.696  0.0791  4.8425  4.5961  1.2048  5.688  6.3111  1.342  6.5669  1.1947  1.179  5.2375  1.0805  2.5861  2.8982  3.7294  0.741  0.765  4.6738  2.4266  0.2878  7.8024  8.0917  5.2347  2.0123  8.0015  0.9725  3.4785  2.707  1.5058  5.22  4.1343  0.9522  3.1051  2.5724  2.9497  
trainID = 369  5.3085  1.343  3.6727  4.1536  3.3124  1.2001  36.7286  6.0166  1.1648  6.195  12.974  1.1633  9.3293  4.0518  0.8199  9.4131  1.4338  3.1439  9.0078  2.7935  0.684  0.246  3.9576  2.4129  1.0346  15.6638  28.2523  6.3959  0.3413  13.9353  3.6945  4.8796  3.702  2.3693  8.5976  5.5681  1.998  5.2058  2.1765  5.4365  
trainID = 393  33.7791  3.3253  1.9168  0.3273  0.8264  2.8945  3.8415  2.1373  0.9391  1.2175  0.7203  0.0449  2.6306  12.4744  2.9852  6.4159  1.0058  8.4254  5.9281  1.5973  1.0402  5.034  0.417  1.21  1.9797  3.3875  2.3025  4.8983  3.6614  4.3427  4.7732  4.0238  0.71  1.5912  2.6074  0.05  3.1707  1.322  2.0081  1.6193  
trainID = 397  35.5085  1.4826  1.2562  1.6854  0.836  0.594  3.9315  2.8189  1.0293  1.1986  0.2304  1.2313  2.6378  9.2876  0.3376  1.5066  1.7676  4.2249  6.5345  2.1533  0.4691  3.8634  0.5473  2.585  2.448  1.7309  1.4516  7.9113  1.6947  4.9668  2.2981  2.9192  1.1603  0.4345  2.2955  1.7572  0.2102  0.808  2.8601  0.3721  
trainID = 400  0.672  4.6328  1.6738  0.0508  1.1271  1.0887  0.1607  1.796  2.305  3.8475  0.1686  3.178  0.2954  8.2183  13.8464  0.3493  1.5874  4.5826  3.726  2.7663  0.6378  1.806  1.863  1.77  0.123  1.6924  4.2652  6.7531  0.5198  0.498  0.1749  1.9819  5.6374  3.9405  0.9328  1.795  5.7744  0.5636  1.4062  2.1691  0.6107  0.0047  1.1353  
trainID = 408  5.2746  2.7444  3.1727  3.4236  4.1234  1.5729  33.4556  3.5711  1.5492  3.6007  14.5851  5.926  8.5795  5.4116  0.6701  7.3794  4.8173  5.1579  7.4468  2.0716  1.35  0.029  4.5235  1.1814  4.6  4.9753  15.6823  2.7587  2.8765  10.9642  5.6037  4.7372  5.4392  1.6517  2.6933  7.5343  7.4472  3.3304  1.8063  1.789  
trainID = 424  1.6336  3.3751  0.7878  2.3483  1.6492  2.7926  0.9603  0.3079  1.9454  0.9473  2.7247  1.0369  0.1378  17.3157  4.4551  0.1821  4.8298  1.5922  2.2683  0.6059  1.8248  0.0161  0.502  0.5  2.5293  2.7245  7.6428  3.4649  0.4777  1.8441  3.8409  1.3111  2.2467  0.5819  1.896  7.7054  1.8136  0.493  1.9036  0.036  0.2479  0.6238  
trainID = 496  3.3832  2.9091  3.1217  0.4009  3.6728  0.8832  1.3182  0.3774  4.2155  3.6433  2.0598  5.785  3.6121  3.9168  8.4927  0.3629  3.7193  4.3919  0.2308  5.66  4.9188  32.1302  1.7588  1.7206  0.3567  20.0757  9.305  0.2888  1.9292  10.0166  0.6059  2.5297  2.799  4.5701  7.6133  2.4702  2.7528  3.2786  3.5712  5.1329  
trainID = 523  36.4076  1.5872  1.4926  2.1832  3.804  1.9279  4.8446  1.5957  2.0489  0.8703  0.2265  2.0523  0.2626  11.9357  1.3469  5.1214  0.6381  7.4324  6.3912  2.2473  2.8975  4.1514  0.0015  1.053  0.565  2.7899  0.6536  8.5274  3.2702  0.8791  4.1093  2.9752  2.6526  0.152  4.7196  1.8426  3.5112  1.556  1.2891  1.2501  
trainID = 526  4.8745  0.2008  4.0837  4.4246  3.788  1.7299  0.893  0.0422  5.6105  4.0141  0.9173  2.3761  10.7092  2.4827  7.6907  1.8836  0.5579  8.2155  4.3893  4.1065  6.4564  2.2106  0.574  0.814  6.9709  2.2411  1.742  9.9898  11.7446  8.4304  0.4066  9.4685  6.4941  5.7276  4.7582  1.0992  6.0473  3.5977  2.089  2.0301  2.3708  2.044  
trainID = 529  3.7596  0.1283  4.1907  3.1736  4.3078  1.4899  0.508  3.3669  5.4655  5.6678  2.0618  6.296  8.8058  0.2063  8.7531  3.689  1.0031  5.5814  2.3993  5.0728  6.6673  3.2977  0.412  1.532  2.1699  0.9275  0.608  18.9808  18.9626  20.2457  1.2493  12.9297  3.3782  3.2083  1.494  2.4706  9.3264  5.445  1.8677  1.583  3.4239  4.3423  
trainID = 535  3.415  2.6377  4.6187  2.7982  1.1977  4.1243  2.9395  1.4708  0.2947  2.7715  2.817  2.7497  0.502  17.999  17.4142  14.5482  3.8669  9.3949  1.9619  4.2313  1.4447  2.3739  0.3307  0.054  1.057  5.4583  3.2399  11.498  4.8501  2.4489  3.9835  5.3062  1.9846  1.3211  3.302  1.914  3.9169  5.4176  1.0465  2.5834  1.855  2.1991  1.5126  
trainID = 538  2.214  1.4553  4.3749  0.3576  0.5926  0.2454  3.5682  0.842  1.7221  2.9445  0.3866  3.8511  0.2211  12.1837  10.1866  9.6596  4.7938  7.1297  1.7909  1.9973  1.1537  0.8843  1.9569  1.905  0.107  3.453  1.0177  8.5129  4.0946  2.0129  1.7223  4.2712  0.7036  4.2151  2.2159  1.265  5.1575  4.2586  0.508  1.4975  1.876  2.9411  0.2284  
trainID = 558  0.662  3.0492  1.6738  0.2642  2.1519  4.2207  1.7048  0.9018  1.3414  1.2528  0.4365  4.0626  1.1318  12.609  8.2069  8.3752  0.7554  6.9859  0.8284  2.7103  0.876  1.1446  2.4935  0.458  0.102  5.338  0.3961  9.5192  3.1986  0.9701  1.4395  3.6941  1.1189  2.6284  0.3473  1.498  3.7644  4.9459  1.987  2.2819  0.447  3.7691  0.5469  
trainID = 579  5.5508  0.831  2.0927  5.1926  4.0858  0.652  33.6946  4.2507  0.6372  4.839  10.4466  1.2193  7.4482  0.4544  0.2598  4.673  2.4693  4.2579  7.0118  2.5972  0.989  0.71  5.3528  1.4402  2.8852  11.7112  24.7681  9.7814  1.0938  11.9325  3.123  3.5745  2.716  0.2971  8.3602  5.7255  2.4683  2.5227  2.9635  5.949  
trainID = 597  6.3682  2.9811  5.3707  6.4946  3.0453  0.4951  36.6866  3.2337  1.9214  5.534  15.5349  1.9416  9.9422  4.0083  1.6568  8.6369  4.3463  5.5244  6.2891  3.3428  1.523  0.096  5.8422  3.4393  3.7869  8.1179  19.1047  0.1461  2.342  9.6757  6.1485  6.7232  4.3077  0.2676  5.8599  8.3019  5.2248  5.6758  3.2207  5.8763  
trainID = 615  1.126  0.7253  3.2516  0.4246  1.7327  1.8337  1.4004  0.58  1.2717  0.6349  1.2889  2.213  0.3858  0.3868  17.3581  6.2144  3.6605  4.0757  1.6265  1.4221  0.6792  1.1381  0.4935  2.4021  1.5722  1.993  1.8921  8.1049  2.9555  2.1669  1.0585  3.9204  0.6077  2.5853  2.8895  4.0447  7.8488  4.3733  2.4137  3.3617  1.238  1.0241  0.1334  
trainID = 618  3.6325  4.1067  2.9077  0.228  5.9976  2.6319  1.83  0.1874  3.0395  3.98  2.6828  5.388  7.3623  6.3287  8.6792  1.7945  2.8046  4.8083  2.0193  4.6016  6.0378  32.7712  2.2628  2.7256  0.7086  24.2222  12.3626  4.2191  2.2267  12.1177  0.1747  3.517  3.369  3.5861  9.6443  1.7839  4.3993  3.8966  4.0227  5.0678  
trainID = 624  2.4311  0.514  3.3837  1.4996  4.3291  1.1013  0.314  1.8389  4.2555  2.6625  2.6628  5.777  7.5916  0.0802  9.1342  3.4242  1.6458  4.5513  2.5063  5.3526  3.0134  32.5682  3.2821  0.4713  2.4787  13.4191  15.151  10.6895  1.7559  9.1428  1.5693  2.8118  1.424  1.1896  9.6848  5.1615  0.3805  3.0263  2.4979  4.0252  
trainID = 685  1.896  1.1974  4.6959  1.8702  1.386  1.1961  0.429  1.1409  2.8902  3.6165  3.4517  2.5083  1.8316  0.6358  28.3037  12.9874  3.3775  7.2314  4.553  2.2794  0.9284  1.2618  0.499  0.819  4.8438  0.1784  12.1202  2.7468  1.1288  6.6989  1.4387  0.387  1.2612  3.2281  3.469  6.246  6.4635  0.285  0.8475  1.881  3.5011  1.437  
trainID = 711  1.022  2.7637  2.1645  0.6208  0.317  1.2779  2.0762  0.321  1.7586  3.2775  1.8398  1.3546  3.2341  2.0473  12.168  3.4506  1.0184  2.928  1.4772  1.3979  1.7937  1.7136  0.5867  1.07  1.071  0.6756  1.465  5.782  1.9662  0.5166  2.3924  4.0433  1.0916  2.8925  0.6736  3.322  4.1444  0.7216  2.4061  2.1342  0.307  0.4191  2.7744  
trainID = 712  4.9749  0.5678  0.9547  2.4939  0.7841  0.0718  1.6171  0.3141  1.3358  0.4127  0.2267  4.907  4.0809  0.5304  2.7675  1.8956  1.5475  3.772  0.8765  2.2437  0.7816  2.9995  0.46  0.867  2.9149  1.3252  2.5994  3.4696  5.4941  4.9274  0.5529  7.7178  0.4511  2.3814  2.136  1.7809  4.0847  2.918  2.6213  3.3725  0.5984  5.1797  
trainID = 722  2.3733  2.8901  0.0434  0.0284  0.3334  1.5409  1.3768  0.1116  1.8466  1.8167  0.3915  1.591  1.5688  5.919  1.2688  0.9999  3.3649  1.3527  6.1073  0.1203  2.2856  0.3132  1.013  1.898  1.6614  0.1172  3.6497  0.2254  1.7572  2.0548  1.0368  2.7478  2.7532  0.6858  1.987  4.003  1.9761  4.3225  2.0392  0.4182  0.6701  2.6318  
trainID = 731  5.5301  3.5538  3.1607  4.2466  1.8278  1.6829  34.7796  3.4134  0.8161  2.7354  14.383  9.4172  6.2701  2.0558  2.4742  8.5003  3.7883  2.6177  4.8364  4.8522  2.4945  3.4034  4.5831  4.5398  5.1584  4.2119  9.703  0.2221  0.1983  11.622  4.2504  4.6584  5.6007  1.7204  4.4476  4.5638  4.0293  1.2233  2.7538  1.4693  
trainID = 740  1.5706  1.8958  2.4027  0.6368  2.9749  1.1126  0.606  1.0544  3.2025  3.0569  1.7908  3.3651  2.3962  1.4073  5.4556  1.4912  0.2961  3.5686  3.1373  5.9598  1.0182  3.915  1.668  3.187  1.7961  0.1188  2.2993  4.3467  7.8468  5.6247  1.0984  7.2851  0.2467  3.1202  3.066  0.6016  5.1018  1.5818  2.252  1.6753  0.89  3.3973  
trainID = 744  0.69  1.103  1.1028  1.2829  0.4798  0.6244  0.4242  0.363  1.2928  4.0355  2.2418  0.0195  4.3996  3.4984  3.3056  2.1202  0.2978  2.1781  3.2432  2.6743  0.9226  0.5263  2.3965  0.029  0.127  1.1779  0.7594  2.5976  1.6575  2.6715  0.458  2.2328  4.5039  0.8624  0.8562  2.709  1.9411  1.0724  2.0167  0.6833  1.3852  0.4041  0.0019  
trainID = 749  0.271  0.3244  4.8956  0.1012  1.6003  0.3615  0.1247  1.775  0.9267  3.3175  0.3085  4.3607  0.8463  2.1661  19.0646  5.1564  0.4012  5.639  1.6646  2.3553  0.901  3.0442  4.0344  2.286  1.6481  0.9635  3.5299  11.0091  3.3215  2.6133  1.4886  3.9551  2.1782  4.6056  0.4033  3.9776  7.1017  5.4591  0.362  2.3674  2.575  0.9071  1.2946  
trainID = 751  3.9407  1.4477  3.7967  2.5886  6.8893  1.0293  0.724  2.4658  4.9895  4.243  0.7116  4.0837  10.7003  0.5645  8.0546  1.9331  2.8651  5.7761  1.5343  2.6292  2.9522  4.195  0.102  0.818  6.2949  1.0834  0.2749  11.6066  12.0121  11.5767  2.1809  11.199  3.8782  5.2112  1.165  0.3926  6.8036  3.5952  2.9721  3.9767  3.1463  6.4931  
trainID = 762  3.2226  2.7631  3.6717  0.5929  0.1086  0.3181  1.094  2.682  3.4725  0.7623  0.8583  3.3259  10.3875  7.3519  2.0659  2.7004  1.4611  5.6514  1.0729  2.6034  3.8269  4.0196  0.916  1.7985  4.6197  0.5199  5.0054  1.097  2.9086  3.0823  1.8  4.2773  3.377  1.6749  3.375  0.9978  0.7095  3.358  3.1488  0.9073  3.3439  4.8534  
trainID = 768  2.055  2.1815  6.036  2.2495  1.212  2.3062  1.4772  0.207  2.8124  0.4275  1.5973  1.7667  1.5495  15.7317  7.0851  10.202  1.3681  7.1036  3.9433  0.8017  1.1982  2.0037  0.101  0.125  0.208  5.8698  1.2666  8.1001  3.0845  4.9321  4.212  3.8114  0.5927  1.3298  3.9301  0.6925  1.9273  1.395  0.8541  0.9298  
trainID = 773  1.138  0.8938  1.3065  0.452  1.5344  0.9598  0.4736  2.4933  2.4785  2.4115  2.2358  0.979  5.247  3.1994  4.5261  0.4644  0.9921  1.3418  1.6081  3.2343  2.8845  1.8032  0.0734  0.916  0.796  1.4419  0.3759  3.6278  2.5753  0.3847  0.5156  1.4106  0.248  0.7084  0.8933  2.4155  1.5125  0.2932  1.8961  0.0249  
trainID = 774  7.1375  0.5423  4.7077  4.8756  5.369  2.1159  35.4816  6.0533  0.0369  7.849  10.905  2.0311  6.7479  3.0628  0.5497  8.3893  2.1293  4.9376  3.7203  1.6245  0.226  0.508  3.0792  1.1038  2.2587  12.573  24.4395  6.1867  0.9604  10.9479  5.8578  5.9138  4.5518  2.4531  7.838  5.2357  2.986  2.7301  4.2167  6.0536  
trainID = 823  4.9548  1.8542  5.4757  6.2676  1.8145  1.0691  33.3446  4.8873  0.2202  6.546  10.9111  0.7771  8.1636  3.6916  0.7474  5.5984  1.5533  5.9938  5.3559  2.0114  1.765  0.094  7.038  2.6368  0.5777  15.7832  21.1212  12.9111  0.7373  12.7102  3.7349  7.202  4.0833  0.7751  10.0522  4.9246  1.5817  3.5056  2.3466  7.406  
trainID = 901  0.362  2.1596  1.1191  2.0255  3.6076  2.9774  0.2842  2.2389  0.0973  3.1235  0.5446  0.3467  6.108  3.4962  1.9454  6.3451  2.9118  3.6013  4.722  2.5383  4.2688  0.2226  33.5672  2.8272  0.3633  1.0596  5.2465  5.9085  3.454  1.4485  7.2996  1.0189  3.2559  3.298  0.1137  1.9484  3.5908  0.4456  2.2528  0.325  3.7253  
trainID = 903  35.3928  3.0413  3.383  2.8653  1.7063  0.2933  4.4781  1.3022  1.0243  1.4842  0.2826  1.8957  0.5932  16.7545  5.5375  8.3622  0.6323  3.3673  4.4761  4.6533  2.3987  0.8767  0.3837  0.519  1.395  4.2564  0.1206  6.8668  3.6641  1.2166  1.8601  4.7212  0.0989  0.0473  2.3912  0.9017  2.0884  0.58  1.4781  1.9192  
trainID = 908  3.1518  3.5452  4.6127  0.8269  4.1209  0.5697  0.475  0.1068  6.1705  2.205  0.1946  4.832  10.6107  4.5645  6.8519  3.0942  2.6313  6.0148  3.7583  4.0396  4.3205  4.8552  1.015  0.749  2.9025  1.373  4.2033  6.9538  7.0395  7.1158  1.8878  7.1317  3.0438  5.0873  4.2851  1.0926  1.8296  6.3286  4.9559  2.7933  2.5304  5.4477  
trainID = 933  1.824  1.579  0.1675  0.208  3.2878  1.8415  3.7551  0.347  0.9235  2.5895  1.2294  2.0607  1.0468  5.4397  7.2794  5.7282  0.2602  3.8469  3.1651  2.9553  0.5751  3.6128  2.8516  0.279  0.679  3.0549  1.2178  6.0045  5.7962  0.987  4.369  3.7115  0.5777  1.6448  0.6814  1.401  6.6225  3.1836  0.291  1.1847  2.493  0.4081  0.1546  
trainID = 940  5.3836  0.4355  2.9167  2.5402  1.4437  0.3887  1.109  0.5626  5.5325  2.5958  1.4877  3.9606  13.3052  7.873  4.3977  3.3715  1.3259  5.0487  4.0353  3.6654  4.872  3.4409  0.714  0.369  4.1156  2.7889  1.9489  4.5158  7.3426  4.8345  0.1054  8.9903  5.6509  3.714  0.53  1.0838  3.3748  4.5766  5.0443  2.926  2.7909  3.3001  
trainID = 994  1.001  2.8215  5.4554  0.2932  0.0242  1.411  1.5572  0.248  3.0721  3.6615  2.7391  4.1742  0.8345  6.7407  20.0716  6.4883  4.3921  6.0409  2.775  4.3509  1.719  0.631  0.3956  1.3844  10.3955  4.6097  0.48  3.1363  2.7749  0.5871  0.6371  2.0278  0.536  4.8961  4.4629  0.152  1.1387  0.8603  0.4321  0.2621  
trainID = 995  34.324  3.6846  0.6222  0.3358  1.7509  2.6472  5.2852  3.532  2.4907  2.046  2.5507  0.8988  3.8608  8.9459  1.5228  1.7269  0.1751  4.6533  5.138  1.6793  1.014  3.8855  1.2212  2.375  0.811  2.4822  3.1403  4.2939  1.7952  1.2884  1.5613  5.5032  0.3319  2.0032  0.2838  0.107  1.2727  1.671  2.0941  0.6836  
trainID = 1018  5.8212  0.327  4.8567  4.9696  5.9662  4.7629  33.0746  3.6953  2.647  5.33  11.781  0.6763  9.8867  4.2612  1.5972  7.6624  2.1573  4.6586  5.3608  2.5475  0.554  2.101  5.2724  0.7243  2.1782  13.681  31.9869  0.4102  0.0595  14.9604  6.5819  4.3397  5.6799  3.3081  9.7709  6.8336  2.74  3.3847  2.6992  6.4612  
trainID = 1065  4.8108  4.3433  1.7095  4.8096  3.5491  1.7206  0.805  0.2524  2.9005  0.6057  0.4403  1.4173  10.5184  8.4766  3.358  2.9762  1.3851  7.6957  2.6093  2.6869  3.8213  4.6357  0.495  1.007  5.3784  0.9265  0.2968  3.4334  6.3411  4.4261  0.5643  10.2241  4.9068  4.9196  3.086  2.933  2.3819  4.6014  5.9196  1.6337  1.4709  2.8978  
trainID = 1066  4.2126  0.5676  1.5537  2.4966  2.2811  0.0096  0.84  0.9403  3.1925  3.1176  0.2529  2.2535  7.3579  2.2895  7.3281  0.6298  1.0888  6.9154  0.3648  4.243  3.4332  2.582  0.364  0.051  5.9067  0.3112  0.7092  4.6402  9.1371  7.8072  0.559  9.5618  1.4321  4.9358  5.9493  0.8611  4.0813  4.2516  4.1774  1.6293  2.1149  3.2718  
trainID = 1075  0.119  1.3155  5.5902  1.3392  1.1191  2.7693  3.7218  0.063  0.276  3.4125  1.5892  3.8845  0.8833  20.732  18.5763  17.2276  2.1102  9.9707  2.7456  3.4843  0.363  3.5732  2.941  2.6368  0.688  4.5092  2.6159  8.6496  5.353  3.5523  4.3568  5.7352  2.2596  1.8555  4.4958  1.693  7.0334  5.4884  0.288  1.9412  2.302  2.9401  2.2077  
trainID = 1090  6.6862  0.3578  2.8317  6.3616  2.0352  3.5469  34.4686  2.6175  1.1168  5.65  12.0233  2.3288  9.8982  4.4734  0.2463  8.3715  2.2103  4.9868  5.9571  3.6393  1.609  1.098  5.4092  2.5075  0.0326  16.223  28.1083  11.7647  0.5365  14.7265  4.7558  5.9461  3.291  2.1721  7.3947  6.7939  2.7829  3.4711  1.7982  4.2036  
trainID = 1114  0.7928  0.8051  2.0323  0.759  2.4234  1.4473  2.3889  1.0853  3.9465  3.5835  0.2484  2.3269  0.2201  3.3532  2.6115  0.6601  2.7228  3.3116  2.7243  2.0524  1.8506  3.5077  0.341  0.797  1.5836  0.5501  0.5025  2.6505  2.7315  0.3641  2.0322  2.4529  0.7749  2.0626  0.117  0.3084  1.8493  1.0702  0.1899  0.253  1.2025  0.6879  
trainID = 1122  35.2711  3.2293  1.2039  1.1109  0.2741  5.4828  4.8826  1.7561  3.229  2.3775  1.4295  2.672  2.3592  14.1761  3.7323  6.0209  1.1483  7.2202  7.2937  1.0892  0.2787  3.2059  0.9486  2.2342  2.731  3.4111  1.2747  7.3744  4.3451  3.5806  3.5315  3.0487  0.1224  1.0506  3.1642  0.829  0.1888  0.289  1.6205  0.9367  
trainID = 1123  0.436  2.4535  2.1434  0.3565  2.8863  2.4275  0.4253  2.613  2.5141  5.2705  1.2098  2.073  1.7652  5.264  11.5127  0.0685  2.7509  1.7787  4.768  3.8013  2.2177  1.9294  2.8615  2.1388  0.749  4.9723  3.9224  2.6327  2.719  1.7191  0.4236  2.0376  6.0956  2.818  1.0796  2.929  3.2115  1.9559  5.2833  2.2059  1.562  0.7871  3.0913  
trainID = 1132  4.9405  0.7331  3.5167  4.3166  4.3095  2.2379  36.9586  4.4335  0.9197  4.881  9.5384  4.5042  8.3656  5.6237  0.0077  6.7892  2.3943  4.4292  3.5803  3.7512  2.333  0.298  3.8961  1.2533  3.1698  12.1551  12.9231  11.2116  0.0089  12.301  4.7308  5.3343  5.0781  0.8576  7.4098  7.6447  1.5523  3.1999  2.7489  3.3541  
trainID = 1145  0.184  0.8124  8.5731  0.6  0.8184  1.5813  4.181  1.891  1.5946  1.6971  2.7622  3.1297  0.6077  6.366  23.5199  5.0073  1.6878  6.5127  0.0337  3.4039  0.958  0.441  0.7161  2.0757  10.1744  6.483  2.7566  1.1765  4.5802  4.1714  2.8854  0.4265  2.807  7.7617  7.2705  1.115  3.2842  1.756  2.4501  0.2759  
trainID = 1146  1.694  4.2361  6.2667  2.5231  2.2981  1.9329  1.9294  2.727  2.064  4.5365  4.2924  4.1875  0.3237  8.1109  19.6062  2.5797  4.8961  11.5593  0.5023  1.0169  2.0758  3.0133  1.9201  3.4572  13.528  3.285  3.4471  5.4958  4.9422  1.2957  4.7622  1.7164  3.636  7.9553  4.5679  3.3309  4.9241  3.378  1.3221  2.7098  
trainID = 1154  1.4298  3.1113  1.424  2.5627  0.5511  2.3363  0.751  2.3329  3.6565  0.5337  3.0378  0.5729  5.3336  14.2974  3.0511  1.3606  4.7944  2.2725  5.0093  0.95  0.9859  3.2463  1.714  0.845  0.3765  3.5877  6.7439  2.2948  1.0068  1.8919  2.4246  1.1398  1.5584  0.6891  2.303  3.7294  2.7165  0.018  5.423  0.6469  3.1211  2.1758  
trainID = 1180  35.5196  0.7682  0.7361  1.0096  2.4711  1.9525  1.5231  0.574  0.7194  3.6625  2.6357  0.9299  1.0561  11.4593  2.1098  4.6409  0.3644  6.1357  3.4376  3.4603  0.7642  3.8601  3.7339  2.4245  2.1101  2.4602  0.2422  7.6588  5.6651  3.163  2.9797  2.5709  1.0729  0.7707  2.754  0.6373  0.8564  0.164  3.9101  0.2066  
trainID = 1201  2.291  0.1651  1.2976  3.5057  0.9843  2.4033  0.1117  0.816  2.2044  4.0245  3.294  2.3983  3.4088  1.3034  1.2347  4.0403  1.2914  3.4448  2.9889  2.5593  2.8363  1.3373  34.2002  0.0243  1.0911  0.0133  0.1084  2.1169  1.4393  1.5412  5.7253  1.1689  2.1897  1.687  0.0354  2.7335  2.67  0.4329  3.0229  0.2743  1.6212  
trainID = 1203  3.4354  3.1026  2.0837  1.4917  3.4118  0.0612  33.3236  4.875  1.3949  1.6002  12.0121  4.3872  5.9874  4.0517  2.0296  6.6942  3.7753  1.7018  3.9531  3.6657  1.327  2.435  5.9816  5.1467  3.7543  3.4352  6.7947  4.5981  1.2509  7.6512  5.1434  5.6355  4.1184  2.8687  1.8301  4.4317  3.9055  3.9292  3.5659  3.5968  
trainID = 1206  4.7109  5.0561  1.3307  3.2846  3.3507  1.2934  35.7976  1.6222  0.2644  2.3146  14.9934  9.3339  4.3348  2.8033  0.1724  5.1237  2.6443  4.2162  3.0669  3.3218  0.928  0.794  5.4395  4.758  4.5161  1.9196  4.1063  2.3298  2.143  10.4291  6.3447  3.6022  4.3847  1.9064  1.4734  3.8549  5.3148  1.9947  2.3821  4.1052  
trainID = 1221  36.263  4.1513  2.2514  1.6367  3.6755  1.4546  3.5738  0.368  0.0677  2.3745  2.2429  2.7881  0.1814  14.7616  6.7327  6.5659  0.6259  7.0817  5.6988  1.9723  0.3215  3.1042  3.3791  0.954  0.1  4.5538  1.3068  7.3677  4.9615  1.2091  1.8765  2.7843  2.9406  1.0643  3.4506  0.892  0.668  1.8023  1.6221  0.0426  
trainID = 1253  1.731  0.6791  5.7247  0.85  1.9327  0.5726  4.5847  0.445  1.2955  3.4205  0.3878  3.2808  2.7811  6.6906  18.3879  8.8873  3.0885  4.3347  1.3637  3.1683  0.3812  2.9084  2.6462  1.163  0.267  3.0198  0.1923  10.1965  3.7991  5.8918  2.6874  5.5102  0.6257  2.8118  0.4602  1.493  6.8637  4.2553  3.3769  3.7843  1.672  4.5211  2.109  
trainID = 1310  0.537  1.7781  6.6183  0.6787  1.4253  1.2707  1.3  0.8897  0.3585  5.0235  0.21  3.5231  1.4685  9.4025  19.0261  2.7259  3.7033  4.3646  1.7382  5.1005  2.6763  1.4887  1.0616  1.3448  11.8104  4.1312  2.2066  2.9442  5.8162  3.778  3.6797  0.6509  3.452  4.6189  5.5563  3.1214  3.189  0.63  0.8734  0.6148  
trainID = 1319  33.1154  4.0859  2.3428  2.2348  3.814  1.9308  2.5039  1.9765  0.0216  3.3955  0.6749  2.5142  1.3583  14.3932  3.4031  7.0061  1.4399  8.7103  6.8906  3.2813  1.6144  3.1197  0.6988  2.2705  0.269  5.4618  1.021  8.0078  5.8217  3.4671  5.1558  4.3822  1.0331  2.9623  6.9475  3.041  0.6495  3.322  1.9501  1.0068  
trainID = 1326  1.832  0.2078  7.776  1.4431  1.5648  4.1948  2.862  0.586  2.1746  3.2655  2.1766  3.9054  1.5705  0.1603  29.9798  12.9758  3.014  7.6708  2.9466  2.1469  0.966  1.095  6.3997  0.3237  13.2341  5.6478  3.9948  4.5465  5.8292  2.5526  3.5269  3.1773  2.002  7.9603  7.5865  1.071  2.5029  3.841  2.0901  0.4672  
trainID = 1352  3.8985  0.7231  5.1317  2.5547  3.7502  0.5244  0.566  1.1501  3.8035  3.4553  1.4948  6.259  10.5132  2.4234  8.9859  2.6618  0.4663  4.3388  2.2293  6.0528  7.3878  34.3512  3.0635  0.0632  0.6039  38.0644  21.9806  1.003  2.207  14.612  3.4131  5.1491  3.024  3.7881  8.0069  5.9558  0.6116  3.1631  6.7106  6.1302  
trainID = 1365  2.7649  2.7001  2.9607  1.9458  0.2977  0.1621  0.122  3.4276  2.5175  2.1357  0.7457  5.165  4.7785  0.9421  8.3985  0.7368  3.0133  3.8095  1.1097  4.1466  0.2126  31.6532  1.9385  0.3554  0.1944  4.8795  7.502  0.9172  1.4629  7.1415  0.755  2.5486  2.315  0.8495  2.9486  0.426  0.7159  2.8574  0.8294  2.4789  
trainID = 1368  1.455  3.5399  0.202  1.7153  1.8299  1.4174  0.1998  0.654  0.3976  4.5105  2.676  0.9778  3.4269  0.7252  0.1882  2.5345  1.2347  2.5715  3.6197  3.0733  2.4107  0.6754  4.0398  0.39  1.923  0.4865  0.3203  2.7383  2.3217  4.7901  1.7966  0.8124  3.4008  0.9764  3.5116  3.031  0.7521  0.52  3.1543  1.8136  1.4895  0.7871  2.8203  
trainID = 1388  1.692  0.5507  6.5373  3.7566  0.7845  2.9819  3.6959  0.077  1.9346  3.1475  3.4475  6.0617  2.3345  2.0527  33.9667  14.6788  3.3047  9.1832  5.0148  1.1586  1.099  2.5099  4.6085  0.3336  12.4487  3.9158  2.8333  4.9499  7.0812  0.4239  1.6404  1.3714  3.188  6.4616  6.8525  1.061  2.4416  0.5718  3.1481  1.9169  
trainID = 1408  0.9077  0.1046  0.0657  1.3859  0.1509  2.615  0.814  2.7457  2.5555  1.8009  0.9557  3.2776  0.8565  0.8519  0.8974  0.1894  0.5377  4.1262  1.02  3.3879  1.4654  1.9527  1.857  1.83  2.9047  0.7837  2.5691  2.2567  5.3348  2.2726  2.1524  5.1811  1.9713  2.1538  0.331  3.5371  3.226  3.9761  2.4186  3.451  1.0061  0.0117  
trainID = 1419  1.7123  0.3924  2.2137  1.9968  0.0353  0.7169  0.444  0.531  1.6801  0.9165  2.8178  4.6037  2.7335  2.1712  2.8208  0.3606  1.9055  2.9909  0.5243  2.8323  0.9917  0.2894  0.651  0.876  3.0503  1.1148  0.4207  2.8118  3.022  0.3733  0.5766  2.3918  0.5179  1.7437  2.913  1.047  1.1151  0.357  0.8423  1.3244  0.3666  2.1407  
trainID = 1424  0.101  2.2064  1.4936  3.1627  0.4613  3.986  1.5032  0.786  0.3369  4.1545  1.4019  1.8178  4.1171  4.2667  3.1131  5.518  0.5007  3.0263  3.1074  1.5263  4.278  3.3457  3.8769  0.6615  0.9909  7.0201  4.5768  1.7568  1.3722  3.9251  0.7205  4.8108  1.829  1.46  7.0506  2.8507  1.0583  0.5476  3.1633  1.3734  
trainID = 1434  4.8479  0.2043  2.3337  1.8406  3.3165  1.3919  3.053  0.1807  2.1139  4.3083  2.1748  5.363  8.1903  0.7729  8.1332  1.933  1.0891  8.9978  2.3353  4.637  4.8474  2.2092  0.635  1.495  3.7869  1.9901  1.4819  11.0057  12.5701  12.9095  1.3694  11.0288  1.7455  3.5534  2.114  1.2287  3.5681  2.1214  0.1442  1.9122  1.677  4.9752  
trainID = 1442  2.5951  1.913  2.6907  0.7218  2.2095  0.0925  1.135  0.6598  4.7775  0.2246  0.2261  5.194  9.3631  7.328  4.9356  3.5055  0.7906  7.8433  4.5133  3.9632  3.6335  2.8549  1.255  0.008  4.9689  5.7248  0.395  5.5507  6.9812  3.3908  0.969  8.7496  2.8402  3.6485  3.536  3.2437  2.0083  3.0316  5.0334  0.7328  0.1998  3.5435  
trainID = 1453  0.12  2.3342  2.0988  1.7548  1.0278  3.2284  1.1674  1.7917  0.2253  3.2095  5.1994  1.4978  5.025  6.3403  2.2309  7.2562  3.4285  1.1907  4.7131  2.2113  4.2163  2.4608  2.7545  0.453  0.601  3.268  1.3439  0.5325  7.3178  10.8695  9.3858  0.9806  10.4772  0.4404  4.9817  1.41  1.0737  5.218  3.8471  1.2448  3.1923  0.5673  4.1992  
trainID = 1516  0.354  3.9694  5.2034  0.5532  2.4064  0.4803  2.3249  1.839  3.9035  2.2725  3.1654  2.4263  3.8582  9.3468  9.6534  4.8768  1.3268  3.8961  8.2003  1.2183  1.0726  0.6859  3.2724  0.409  0.613  4.0426  2.6408  4.6845  2.0484  4.5688  2.5646  0.3817  5.7306  4.3182  0.9002  5.2438  2.456  3.0109  6.4366  5.5417  1.0555  0.9293  2.0125  
trainID = 1534  1.7835  3.2992  0.7888  3.2546  0.8961  0.8485  1.966  0.991  4.1355  0.253  1.6343  0.3891  10.5439  13.1807  3.4395  5.4379  2.9681  7.0477  1.5003  1.4954  2.7271  2.5453  1.573  2.7465  2.954  4.3849  4.3166  0.7222  1.896  1.8469  6.0652  4.7434  2.207  0.0666  3.338  4.6511  2.7507  4.6891  5.946  1.464  3.6851  1.1792  
trainID = 1540  0.468  0.5354  2.5099  0.8508  0.3332  1.0865  0.2619  0.105  1.3819  4.3335  1.4124  0.5521  2.4795  5.495  9.3621  2.8947  3.9489  4.0823  1.431  3.8853  1.2871  0.098  2.6914  1.566  0.823  0.5581  0.6554  7.2991  3.0595  0.2518  2.7503  2.1432  2.6282  3.6799  0.3858  2.267  3.2872  0.6584  1.1201  3.2583  0.157  1.0731  3.0866  
trainID = 1585  2.237  0.3509  5.851  2.7263  1.5837  0.5567  3.0274  2.316  0.8999  4.1165  1.8126  4.8597  0.3098  4.6024  36.1608  16.8864  2.1696  7.6857  2.8283  0.4443  1.824  1.21  4.8764  1.5727  10.1182  5.4964  3.2859  4.4481  6.0822  2.8656  5.7921  0.7889  3.161  6.9172  6.9235  1.5122  0.5417  2.122  3.1271  0.7705  
trainID = 1593  1.0901  1.64  1.3753  0.4346  1.5423  1.4109  0.183  0.5325  5.3885  2.8195  1.2775  0.8092  0.5085  6.746  2.9482  3.2823  2.1772  6.0311  0.9313  2.2572  1.0208  1.1428  0.235  0.152  0.824  0.2736  0.8019  1.4068  0.753  2.8979  1.544  4.1557  2.2068  1.1213  3.335  3.2021  1.4804  0.027  2.7212  0.072  0.0203  2.6152  
trainID = 1597  0.048  1.3596  0.9549  1.7693  1.5438  0.8755  3.5445  0.173  2.1766  3.4615  1.9694  1.8258  2.5966  0.1994  0.4507  3.9605  0.7338  1.6741  4.3049  0.2525  3.6056  0.5643  4.1869  0.856  0.951  2.0798  1.7922  0.2531  1.9848  3.3882  3.6053  0.1252  5.2491  0.4377  1.9575  2.453  1.8033  3.029  2.4174  2.4246  1.4751  2.4247  3.7982  
trainID = 1600  7.7263  3.7021  3.6467  3.7216  3.5576  0.5716  35.8476  2.2537  2.0078  2.6378  14.302  6.2564  6.9881  2.3409  0.1864  8.5339  2.9433  1.3015  5.8237  4.6929  0.972  1.16  6.9338  2.7003  5.4215  7.3035  10.8688  2.15  1.1751  10.1961  4.8994  7.7332  4.0091  3.0396  1.0469  7.1254  7.1111  2.1171  0.8721  4.1025  
trainID = 1624  2.8615  5.1513  0.2216  1.8657  2.9781  1.5539  2.365  3.208  4.6405  0.5157  1.1328  0.5776  11.3252  10.0581  3.3506  3.5798  0.5116  8.4161  1.8983  0.2812  5.1549  3.3374  0.666  2.3878  3.8556  3.0185  3.7943  4.0835  5.4191  1.1295  2.1891  6.315  4.8609  3.3941  2.689  1.0056  0.8536  3.1114  2.6462  2.0909  1.0731  1.3298  
trainID = 1672  2.6119  3.257  2.0345  1.5056  2.2391  3.8443  1.3335  0.3077  3.3035  0.3266  1.1814  0.1714  1.7501  12.1414  3.0582  1.777  3.134  0.1089  1.7063  1.201  0.2043  3.057  1.65  2.1342  1.0008  2.9267  6.9646  1.5786  1.5797  0.3635  3.7475  0.0474  2.0625  0.8258  2.262  2.9971  3.3629  0.165  1.7133  1.336  0.2704  1.9419  
trainID = 1713  0.495  3.7074  3.609  1.2742  0.1218  1.3473  3.4046  2.203  0.7487  3.1415  1.5458  0.4569  1.2296  2.7855  13.8067  1.2673  4.9413  1.6183  0.2228  2.5313  2.1997  0.5009  1.6481  1.218  2.7731  2.2293  1.2152  6.7998  1.929  2.2647  1.0936  3.0139  4.4888  0.7128  0.8365  1.099  4.292  0.8267  3.0811  3.9705  0.2858  0.9921  2.1535  
trainID = 1723  0.705  0.8974  1.8572  0.7873  0.5896  0.3563  0.2449  0.889  0.5555  0.6409  1.0575  0.2845  3.2724  0.2617  2.645  2.4468  0.2015  1.4295  1.8959  1.0703  3.0089  1.6412  1.6742  2.7316  0.328  1.3181  0.566  3.5814  1.6288  2.563  0.3305  2.2165  3.3758  0.0961  1.1999  2.289  1.1706  1.7346  2.7395  1.7347  0.5772  0.6821  1.81  
trainID = 1735  4.0641  1.987  1.876  1.7139  2.4061  0.0091  3.502  0.8791  4.8775  1.0751  3.6956  4.902  8.6278  7.4166  2.2363  3.7994  1.804  5.5032  2.5703  1.4053  1.633  4.2198  1.914  2.7286  5.3387  3.0763  5.6345  1.9379  4.7402  2.4844  3.1497  5.4075  2.2661  1.1904  4.5666  4.2674  0.016  4.61  1.5551  1.015  1.1216  1.8086  
trainID = 1736  0.779  3.8464  7.0074  2.2961  0.1603  1.4338  0.7639  0.583  0.3152  2.2285  0.1579  6.2394  0.8357  10.4864  21.2009  2.6816  4.3078  6.9556  0.5896  3.4076  2.2954  1.5735  2.3061  4.678  14.9347  2.2514  1.5856  3.9175  5.4292  4.1761  4.1754  2.2844  3.016  8.2702  7.5195  1.8318  5.7744  0.981  2.4621  0.3746  
trainID = 1738  0.497  1.3225  0.6643  4.2127  1.0576  0.6231  2.2459  0.242  0.228  3.1855  4.3517  0.7555  2.6138  4.29  7.7025  4.8241  1.933  1.6764  5.1619  3.9513  2.6805  0.4037  6.1187  1.427  0.505  2.052  1.1447  2.2914  0.4377  5.1541  3.6476  4.1962  5.8467  0.8703  0.9831  3.139  3.5407  1.6521  4.4382  3.7716  0.074  1.0731  0.9468  
trainID = 1745  0.007  1.1494  4.2502  3.0337  1.136  1.742  2.2774  1.0339  0.5912  0.1246  0.6854  2.6394  0.5624  5.7906  14.1093  6.6238  0.0927  5.359  3.424  4.2873  0.9215  0.2246  1.8755  0.456  1.3978  3.4818  1.3091  9.6643  2.4872  0.4509  1.0619  4.4002  1.1557  0.8312  1.2777  1.785  4.4556  2.148  0.116  4.5917  3.489  2.5061  0.6409  
trainID = 1758  2.8742  3.4226  1.4434  1.0829  2.2753  1.0594  0.235  0.3146  1.7207  0.7706  1.7249  3.0009  5.861  5.2443  0.0763  2.2832  2.3135  5.144  1.5313  0.8473  1.8878  2.032  2.6592  0.723  2.5214  3.2522  2.5445  4.6242  4.007  5.323  0.8137  5.1517  3.2937  2.159  3.534  4.1966  2.3324  0.09  3.1755  4.4684  0.6588  2.7922  
trainID = 1767  2.281  0.1264  6.5555  3.5083  0.443  0.5228  5.6245  0.51  5.2199  3.6645  2.0798  4.8195  1.1123  3.1582  27.324  9.4961  2.2378  8.4787  3.2328  2.1919  1.875  0.954  4.4169  0.2998  15.1246  6.413  4.2811  5.0753  4.6112  1.1904  3.7563  3.2136  3.9362  6.9565  6.4305  2.5599  0.1537  4.523  0.8461  0.085  
trainID = 1815  4.6615  1.9744  1.9982  0.9302  3.0225  0.3122  1.543  1.9634  4.0825  2.4609  1.8978  2.6511  8.6029  7.7477  4.8563  4.4719  1.5653  6.7438  3.8873  0.9497  2.6977  2.1036  0.873  0.374  4.8449  2.4809  3.3577  4.3206  5.3758  4.6234  4.8892  4.8032  1.9701  3.9204  4.4448  1.3663  2.047  6.4028  5.6844  2.1105  1.1201  3.0911  
trainID = 1840  0.7171  0.1363  2.7817  2.5304  1.8356  0.8589  1.0065  0.7277  2.1755  1.7253  2.7658  4.4486  5.3045  0.8879  5.3369  0.5035  4.7537  3.651  0.0012  3.9675  1.0269  31.3282  1.5436  0.0603  0.8403  6.2273  6.8729  1.8602  1.6518  5.6849  0.904  3.3862  0.678  1.2698  4.5648  3.0433  1.1159  1.1773  1.7501  0.2644  
trainID = 1849  1.335  1.2032  5.4369  1.7091  2.0594  2.1856  3.4926  0.13  2.7302  0.5395  1.9976  2.5864  1.9122  2.9077  32.352  15.2408  4.4506  5.8455  3.9254  1.7028  0.894  1.081  5.1227  1.0704  10.409  3.2652  4.6357  3.8549  3.6665  1.9356  5.5646  2.3691  1.257  5.0303  6.0545  1.463  2.6607  2.539  0.7681  1.9265  
trainID = 1859  36.2018  3.7603  0.2193  0.2181  3.0538  6.5677  2.0087  1.6694  0.2923  1.5355  2.3556  2.8836  3.0535  13.9279  1.9737  3.4838  1.6909  6.8944  6.7706  3.7013  2.5178  5.2634  2.0734  0.069  0.829  3.1601  0.4754  5.177  6.3827  1.8233  3.5398  1.4119  1.1129  1.2778  2.5777  0.498  0.4082  1.78  2.3901  1.1015  
trainID = 1885  0.828  3.3468  4.0189  2.8957  2.0892  1.6729  0.6788  0.9329  0.6571  3.3485  1.5726  2.942  2.6866  7.9118  12.4158  2.3316  3.1284  2.4737  4.6748  5.0703  0.6377  1.6579  4.5394  0.464  0.442  3.8122  0.7635  5.2124  0.1436  1.4054  1.0282  3.7119  6.6316  5.4265  2.9011  3.08  3.1767  0.1452  3.3479  1.9712  0.2656  1.7231  2.9636  
trainID = 1900  37.0464  1.9026  1.0683  0.6602  2.1281  3.5375  4.8069  1.3805  0.0707  1.6357  0.5792  0.6012  2.8531  10.5698  3.1263  5.5574  3.3444  2.0317  6.912  4.8043  2.6674  2.9068  0.9569  0.115  0.239  1.205  1.6222  5.7896  3.9618  1.2174  5.2072  1.7398  2.7816  0.8092  5.7738  1.045  2.885  1.082  0.4501  0.4445  
trainID = 1911  5.1978  3.9342  2.7457  2.6577  1.6155  0.3493  2.465  0.5136  4.8035  2.5397  0.3473  3.3096  8.2083  4.113  3.843  1.1268  1.3682  7.8952  1.6503  3.8901  4.2189  2.9084  0.239  1.75  3.6174  2.5799  1.7946  6.7011  7.1847  4.0896  3.0107  8.812  1.6009  3.5277  3.072  1.0884  3.6681  5.827  5.1973  2.0872  3.8111  5.1503  
trainID = 1912  3.9533  1.29  4.4127  4.3616  4.6076  2.7469  2.653  0.7623  6.7135  4.9909  1.2328  7.263  8.9835  0.6041  9.3885  3.1735  1.6108  7.7414  0.5916  5.8981  8.4518  1.1024  0.676  1.77  4.2244  2.0156  2.4376  20.521  22.4725  19.0546  0.2917  11.3615  4.5264  6.509  6.1426  1.5623  8.1703  2.6683  1.8184  2.9437  4.9313  7.3376  
trainID = 1922  6.1715  0.454  4.4467  4.9766  4.4188  0.5573  0.404  0.6193  4.3845  3.3385  2.1058  2.5535  9.5275  2.89  6.9704  0.4692  1.4567  5.7695  0.3234  3.1779  5.2275  3.3932  0.997  1.145  6.2924  2.6995  0.2273  7.2004  8.7226  9.3378  3.0909  9.4311  3.885  3.4887  3.404  1.6534  5.9602  1.0948  1.5259  1.4756  4.2748  2.8755  
trainID = 1934  0.772  1.6101  1.1568  2.7457  0.9481  2.9398  0.1519  2.3096  1.3034  3.9495  5.0655  1.7538  2.8503  0.9192  0.7567  4.4892  2.9198  1.9166  0.5249  0.7623  3.1415  0.3071  31.4842  2.4809  1.2264  0.1164  1.8393  2.6408  0.3324  1.2415  5.0562  1.632  4.368  1.408  1.5723  2.8883  1.7467  0.6751  0.4258  0.0264  0.8874  
trainID = 1944  4.8234  0.6325  2.9127  3.7286  4.076  1.8399  0.141  0.8863  4.2365  2.7267  0.9609  3.5603  8.5133  1.9075  9.0015  3.5905  0.2831  5.3237  0.9691  2.0551  6.3997  3.0132  0.504  1.54  4.2026  0.5004  0.1966  10.6675  10.0832  12.7417  1.6632  10.5489  1.3737  5.2435  2.229  1.403  5.8733  3.6126  1.4976  5.4308  3.0951  5.1818  
trainID = 1949  6.4689  4.4198  1.9753  1.9552  1.5978  0.423  34.9796  1.836  0.9945  0.1228  9.5476  9.1412  3.0975  3.4347  1.4128  4.8884  3.9313  2.1864  0.8213  4.9214  1.533  3.2786  6.308  3.9526  2.271  0.6329  6.58  1.6132  1.2387  7.4939  5.2226  4.3182  4.4733  3.2221  0.6495  2.1214  3.8879  0.334  3.4584  2.1675  
trainID = 1952  37.2914  2.65  5.2109  1.5795  2.0445  2.1417  4.0401  0.234  0.1097  3.4425  1.9341  3.3786  0.0486  22.0446  12.0597  12.2676  3.1333  7.4693  4.3346  2.8723  1.816  4.1825  0.3094  0.879  1.226  5.9886  2.8551  10.597  6.3627  2.3004  4.5196  1.7749  5.0896  2.9627  4.443  1.7358  2.0168  2.96  3.9861  3.2597  
trainID = 1962  6.6122  0.0947  3.1177  1.6462  4.5223  0.2751  34.9836  5.5463  0.8175  4.5019  13.88  1.2065  9.679  4.3072  0.85  7.0083  3.3163  2.4392  5.564  0.5023  4.0494  1.29  5.8687  3.7824  4.2064  11.2485  21.8242  4.407  1.2429  13.7105  6.033  6.0324  3.768  3.0481  9.2572  6.6148  3.903  3.003  3.9853  6.6314  
trainID = 1968  2.1281  3.3912  1.0846  1.2754  4.5324  0.1037  0.154  2.3171  2.7225  0.1783  0.1289  1.5709  6.4258  8.8831  1.5236  0.8973  0.2389  6.8497  2.1803  1.7931  1.228  4.3048  1.635  1.213  3.2509  2.6684  1.5382  1.6824  4.2556  0.436  2.8201  6.7546  1.8387  2.6261  4.4334  2.636  0.4693  4.3776  3.2269  0.041  0.3721  1.3835  
trainID = 1971  35.0962  4.3209  4.7325  1.7559  3.5918  1.1663  5.5804  2.7587  0.9539  0.6262  0.4509  4.2596  1.2311  14.8856  4.7212  7.0807  1.8846  7.5443  7.2215  3.6813  2.5517  4.4477  1.3101  0.593  1.471  3.7032  1.8859  7.1727  3.5353  3.6179  4.2987  4.5112  1.294  2.6255  3.1439  0.262  2.5631  1.524  0.5681  1.8923  
trainID = 1973  3.8727  0.6022  1.8577  5.2316  0.9875  1.2666  0.828  2.1439  2.0832  2.4774  1.3158  6.736  5.2746  0.2527  4.2212  0.0736  0.4359  4.0805  0.0873  6.1848  3.0179  1.4393  1.027  0.015  3.9125  0.8397  0.522  6.8625  6.6833  5.2712  1.8358  8.9409  1.3615  4.091  4.876  0.0307  3.4179  4.183  1.3327  2.6974  1.8095  1.7068  
trainID = 2012  0.868  0.1135  0.8292  1.4068  1.8522  1.8174  0.5079  0.16  0.538  0.4574  2.2356  1.9078  2.5929  3.2131  0.577  1.9777  0.3561  0.922  2.1386  2.3933  2.0323  0.4958  2.8886  0.278  0.42  0.7808  1.2247  2.9264  1.6972  1.9355  0.1688  1.5076  3.3857  0.981  1.1087  2.863  0.8158  0.6632  2.4379  0.6626  1.12  1.1461  1.6371  
trainID = 2013  34.9327  2.3163  2.2166  0.0653  3.9501  2.0004  5.6009  1.811  1.4672  2.2555  2.8591  2.5547  2.476  14.2902  3.15  8.2457  1.9353  5.6109  5.5618  3.4463  2.3211  1.3857  0.2564  0.25  0.989  2.8899  1.4488  7.4021  1.5337  2.877  2.2102  3.6706  1.6906  1.2613  3.2455  1.3291  0.952  0.362  0.1291  0.6738  
trainID = 2034  0.047  0.1331  3.5914  0.598  1.7659  1.0314  1.7125  1.4581  1.9306  2.1925  0.452  3.8965  2.0189  0.7791  8.7401  0.8104  0.5612  2.7114  0.6886  2.8083  0.8275  0.7313  2.856  2.195  2.3085  0.775  1.5098  4.2397  2.6536  0.0829  0.6843  2.2625  2.2816  1.3251  0.0553  3.877  3.284  0.1163  1.5571  1.4614  0.8819  0.4141  0.0129  
trainID = 2074  0.013  0.7254  4.805  1.8211  2.4989  0.6693  0.9043  1.311  0.6421  2.4905  3.5267  2.0108  0.3916  1.4705  31.404  14.9293  4.2855  11.0712  2.2299  1.4902  2.5405  0.169  4.2378  0.858  11.4745  3.2313  2.9218  5.0229  4.7852  4.5436  2.8365  0.9931  3.727  4.6163  4.7571  1.5006  3.8435  1.68  2.5731  1.4446  
trainID = 2079  2.815  0.6037  6.6771  2.9687  0.7694  1.9701  2.7044  0.44  2.7401  3.7855  3.1462  3.6553  0.0339  5.7231  24.1204  6.6149  1.678  7.721  1.5746  1.6053  1.574  0.043  4.1531  0.4566  12.9119  5.2644  3.2659  4.8309  5.3152  2.0136  3.5794  0.173  2.265  6.6293  8.0175  2.7038  3.4537  1.38  1.1021  2.371  
trainID = 2088  1.92  1.5443  0.4581  2.2537  0.4333  1.9942  2.6485  3.3452  2.0795  1.1121  0.8793  1.6378  2.4964  0.638  2.1377  4.7596  1.1724  4.3908  2.1753  1.4029  3.5644  1.3867  2.4558  0.1518  0.5791  0.1568  1.1822  2.11  0.4762  2.5809  2.8594  2.2757  0.7442  2.633  1.9745  3.2194  1.561  1.9431  0.637  1.7579  1.0261  
trainID = 2103  4.7175  3.5814  0.2945  2.4823  0.2422  0.8515  2.288  1.1808  3.3565  1.8447  1.0274  1.549  4.6261  5.4916  3.4406  0.9929  0.1305  4.9747  0.1574  2.1193  1.7823  2.3115  1.573  0.568  3.6406  0.2869  0.0964  3.6819  3.4203  1.5758  2.9918  4.206  0.9613  3.52  3.267  3.5032  2.0725  2.8464  3.3807  3.5561  2.7234  3.3639  
trainID = 2133  0.065  0.1893  1.2173  1.1076  1.567  0.2868  0.1101  0.44  0.0611  2.6925  3.9137  0.5144  2.05  6.5129  4.196  4.8714  1.8233  0.8441  7.9758  3.3433  1.9558  3.928  0.0519  1.18  1.329  4.2396  1.7916  0.4745  4.423  5.9211  6.9389  1.9703  7.6214  4.1704  2.4628  2.578  1.862  2.6947  4.1424  5.0754  1.1783  0.533  2.7474  
trainID = 2172  1.993  0.9091  0.7311  0.6839  1.6571  0.7122  4.6164  2.7295  0.6261  4.4335  1.8891  2.0386  0.5106  6.9214  1.5619  0.6891  1.6546  2.5937  5.9662  0.7197  0.3293  1.2768  2.4426  0.882  1.036  3.5713  1.47  5.7301  1.9057  0.447  1.9206  2.3672  1.0834  1.2709  1.2676  2.3047  0.3666  2.346  0.2485  1.7825  
trainID = 2190  2.094  0.4456  7.6477  0.9169  1.102  1.935  4.8488  1.0216  2.0822  4.8115  3.2251  4.3713  1.1576  3.2327  29.463  13.8079  2.0764  8.7399  1.7755  0.7676  1.665  0.905  5.3204  0.393  13.215  6.1461  2.1715  5.0452  2.5563  0.3893  3.1217  3.1799  2.893  6.4962  3.362  0.049  1.3082  0.25  5.3171  1.036  
trainID = 2194  5.2699  3.863  1.8855  3.1386  0.4372  3.1249  35.5696  0.3183  0.7127  3.8293  13.023  8.265  4.4507  4.4449  3.5095  7.0167  2.9203  1.0828  4.3432  3.9194  2.6223  3.3883  6.2462  3.602  7.0812  1.4154  5.2807  1.0928  0.4527  7.9547  2.9642  5.4444  5.7076  4.6435  0.1257  4.4106  6.7893  0.025  1.8604  0.4007  
trainID = 2195  0.1346  0.246  1.3664  2.176  1.942  1.3295  0.321  1.3717  1.564  0.4687  0.312  5.205  3.0104  0.1431  6.2871  1.5253  1.4889  4.5814  3.8633  3.092  1.9554  1.9389  2.892  0.261  1.5024  2.2319  2.6517  1.7031  4.5308  1.6709  0.0753  4.2052  1.1626  5.1217  5.2966  0.973  3.3124  3.5544  3.4638  1.3269  2.7706  3.6956  
trainID = 2206  36.8003  6.4543  0.9323  1.4894  2.8816  1.5634  6.1299  0.334  0.2662  0.8572  0.8426  1.4738  2.8648  10.8142  1.8418  6.3466  0.1296  7.6726  8.9646  2.2813  2.3375  4.876  0.1716  1.988  1.318  4.0018  1.6731  9.8491  4.6914  5.6974  4.4098  2.9903  3.2106  0.8299  2.4187  1.462  1.4627  1.604  0.8371  0.0271  
trainID = 2210  0.3751  0.6679  0.9359  1.3077  0.9604  1.0327  0.823  2.2116  2.1865  0.3934  3.0134  1.697  1.3421  5.6975  2.2877  4.5939  1.4735  0.4462  1.0778  0.4882  1.2629  0.6427  3.3826  0.852  0.1599  1.1203  3.1162  1.6492  0.2791  1.9499  1.9113  1.9764  1.7521  0.2358  2.419  5.0997  0.924  0.574  1.5903  0.7647  0.9001  1.3832  
trainID = 2225  0.4201  2.5553  2.1327  1.2212  4.2708  1.0811  0.22  1.184  4.3595  4.0175  1.2108  4.4309  7.9402  6.618  8.1987  1.336  1.2701  3.1181  1.4394  5.3868  4.7694  33.6952  0.1416  1.6656  0.5127  23.1098  9.7256  4.8628  3.5429  10.9131  0.3097  1.8438  3.217  1.8964  7.5813  2.8976  3.5097  2.794  1.3247  4.5426  
trainID = 2238  1.626  1.0363  6.1064  1.0277  0.4911  0.7459  2.4917  2.997  1.8251  1.7513  2.1353  5.0816  1.0409  1.1417  26.6921  10.5278  3.201  7.4372  2.9331  2.5373  1.0374  1.6793  3.0161  0.336  0.715  2.3098  1.6537  9.9011  4.3191  4.1564  5.2518  5.4122  0.332  7.3185  2.0367  0.048  7.4068  7.8705  0.425  4.0358  1.86  1.9331  0.2714  
trainID = 2246  0.923  4.2727  1.4653  2.2867  0.58  2.4029  0.9386  2.363  0.9576  1.8918  1.7595  0.1031  5.327  4.5852  0.6664  4.906  0.0004  2.6746  5.3685  1.3607  5.5256  3.5775  33.3082  1.8564  2.9989  0.5493  7.2711  4.5484  5.6421  0.1481  6.2218  1.8579  2.455  2.133  1.4165  6.5558  1.2735  1.7906  2.3289  2.1955  1.9239  
trainID = 2258  0.733  2.106  5.8214  2.6639  2.9412  1.9885  0.0976  0.034  1.5236  3.6295  2.4841  2.2161  1.9654  10.5205  17.8737  1.6469  4.0714  5.0328  1.6728  5.0697  1.338  0.163  1.4942  1.0893  9.7641  3.8482  0.7105  1.583  1.4738  1.3022  2.7716  3.2754  3.634  5.7305  3.2955  0.582  4.5086  0.944  0.6081  1.5719  
trainID = 2275  0.7486  4.8889  0.6966  2.1955  2.3194  0.5218  0.263  1.6676  5.3285  0.1846  2.8934  3.8684  5.1856  11.6338  3.7964  5.7351  2.2178  5.5746  3.1253  2.5112  3.5928  3.5654  2.205  0.983  2.3124  2.8097  4.6068  1.0657  2.2567  1.467  2.3193  4.8795  4.3359  1.3928  2.466  5.6887  2.063  1.3696  3.4917  0.5198  0.4229  1.0649  
trainID = 2280  2.4826  1.3128  0.0483  0.8022  1.0656  0.2829  1.906  1.833  3.3165  0.8121  1.7282  1.3304  1.5506  8.1644  1.3376  2.8408  0.1751  3.0309  4.7443  2.1025  0.5402  3.0845  1.777  0.414  1.85  0.3813  3.4477  0.1659  1.8062  0.7804  3.4892  3.3074  2.1923  2.8768  3.445  1.781  0.0837  1.2539  0.6872  0.845  0.3561  0.7596  
trainID = 2302  1.31  1.9507  6.6486  2.3479  1.6542  1.2414  1.1921  0.317  2.2986  4.0955  4.9407  3.8152  0.3108  5.0581  23.973  7.9022  1.8377  10.8226  1.6312  3.7036  4.2398  2.4586  2.7025  1.8515  13.2372  3.5043  1.0748  6.2936  5.5802  1.0115  4.4935  1.4506  4.0447  6.6132  3.6668  1.6965  2.6398  0.035  4.8591  0.3164  
trainID = 2314  3.2532  0.8775  2.0857  3.0858  5.5414  1.3539  0.815  0.2342  4.9715  5.6018  1.6098  4.3791  6.9527  2.0142  6.9285  0.5005  1.0248  7.432  2.8433  5.1628  5.6787  32.1472  3.893  2.4824  0.193  11.1915  12.4346  11.1326  1.9046  11.3069  1.5455  4.1652  2.324  0.6672  7.3863  5.9154  1.1533  3.7937  3.9413  4.4578  
trainID = 2322  1.777  3.3479  1.0384  1.7713  0.4109  0.8278  0.742  0.6983  3.4355  2.2945  1.122  2.7991  2.3269  1.7208  2.2706  0.7895  0.3524  4.7175  0.5801  2.2809  1.5626  2.6192  1.689  0.555  0.7769  1.381  3.1509  1.1576  2.232  0.0256  2.681  3.8316  2.6851  1.5621  2.426  3.0499  0.2884  1.6578  2.6213  1.6663  0.6361  0.363  
trainID = 2323  6.2767  0.2627  1.7776  3.2706  1.0506  1.7249  34.1226  3.8444  1.6411  3.2229  12.1465  7.0675  7.3216  1.0852  1.8849  8.7064  5.5173  3.3583  4.5318  1.8811  1.216  0.473  4.0864  3.5245  2.619  5.8749  15.4051  3.8538  2.1412  11.1855  5.0128  4.6563  3.633  0.7891  4.7616  6.1901  5.8844  3.9059  2.1653  4.5559  
trainID = 2324  0.855  3.253  3.4503  1.6476  0.6392  1.0546  1.9569  1.0964  0.4391  3.1365  2.0867  3.6133  0.5003  6.9237  16.979  1.9922  1.4198  2.4871  0.0629  4.1243  0.5767  1.3228  4.2368  3.3408  0.363  1.7641  1.5454  8.1529  3.2975  0.5408  2.6716  1.5581  1.6171  2.7093  0.0035  2.602  4.8966  5.9085  1.8012  5.6876  0.3594  1.7621  0.9264  
trainID = 2354  3.9112  3.6377  1.9744  3.6506  1.2397  1.9889  34.9486  1.5709  2.4806  4.4048  10.6655  6.9992  6.3293  2.4972  0.0826  6.5361  2.6733  4.8301  3.58  4.4028  2.1381  0.23  6.0076  4.2572  3.7651  3.455  5.5427  1.3085  3.5472  8.4982  3.6377  7.0107  5.0461  1.7386  2.5169  5.493  2.6646  1.377  2.0209  2.8511  
trainID = 2380  0.1007  2.0741  1.1643  2.0979  1.8661  0.2247  0.311  0.101  2.6355  3.7348  0.6761  5.039  4.4038  4.684  4.3621  1.0273  0.2445  4.02  0.9896  3.0215  0.1698  1.7031  0.026  1.287  4.9951  1.4503  1.7894  3.396  3.7108  3.6643  2.4337  6.644  2.2365  1.5014  3.134  2.8686  1.096  3.3226  0.2533  0.9599  1.1746  2.3024  
trainID = 2387  3.3154  0.9506  1.2852  2.6406  4.7922  1.7519  1.468  0.285  1.7086  2.9451  1.0638  5.175  6.0574  1.8224  6.3835  0.5948  3.2186  6.8874  0.894  5.5047  4.5023  31.8242  1.6491  0.5513  2.1954  6.1752  9.7061  6.2574  2.8645  8.9882  2.0235  4.1811  1.612  2.4128  6.2867  1.7806  0.1304  2.9905  2.4499  1.9644  
trainID = 2396  1.388  1.7209  5.916  2.1647  0.7859  0.12  0.6389  0.455  2.3548  5.6255  0.5429  3.2861  0.4379  7.789  18.4429  4.377  5.4555  6.148  3.9579  4.6285  1.506  1.551  3.5352  0.5067  12.458  2.2509  1.8089  3.9159  5.2702  0.3138  3.8219  0.5353  4.1067  7.1303  7.0085  1.8838  5.855  0.976  0.8201  0.0712  
trainID = 2410  2.6175  2.0466  5.3737  1.9987  4.5662  1.2358  0.338  0.936  4.2695  4.9036  0.2937  6.404  10.306  0.0007  9.2969  1.8797  1.4086  4.248  1.4739  7.173  4.5937  1.9226  0.403  1.552  4.4457  0.9601  2.0418  11.9173  14.7298  13.5697  0.305  12.6644  0.7809  6.7438  3.328  2.0262  8.4616  6.2497  0.0029  5.6723  4.6439  5.2528  
trainID = 2420  2.6483  1.3592  2.2397  0.1744  3.6956  0.0964  3.304  0.3726  3.6675  3.6698  1.8328  5.522  6.3233  0.2884  7.218  1.3449  1.5972  5.8519  1.1068  3.9487  3.6085  1.6475  1.574  1.389  1.9746  1.2766  0.9065  9.9498  9.9793  9.7486  0.6097  9.7108  1.3072  5.6159  2.786  2.4361  7.1457  2.1843  1.2843  3.6913  3.0288  2.5812  
trainID = 2425  0.54  0.5835  2.0237  0.8637  2.0948  3.135  0.9812  0.09  0.8718  0.942  0.5691  0.508  1.5506  8.6239  2.7519  0.6841  0.3023  5.2429  3.282  2.0903  0.8114  2.3081  0.9896  1.152  0.044  1.1803  2.0873  3.8933  1.2676  0.218  0.0378  3.1383  0.9776  2.2281  0.2965  0.467  0.3881  0.3202  0.4081  0.2897  
trainID = 2467  4.8158  2.1407  2.6737  1.7198  5.7085  0.232  1.801  1.7916  2.5855  3.4465  0.7321  3.6413  8.1725  2.1868  9.0276  3.1024  0.623  5.8908  2.1483  4.6709  7.5368  32.6972  0.7098  0.18  0.288  26.4597  19.289  14.3671  2.4889  13.5975  2.1201  4.8061  1.81  1.1648  9.1261  5.9465  1.097  5.8549  4.2012  4.663  
trainID = 2486  4.6543  2.8546  2.0677  3.0929  6.2918  1.7569  1.086  2.3651  4.7045  5.6308  2.0098  5.103  7.2007  0.7762  9.543  1.0644  0.7396  7.3889  2.2453  4.6613  6.9268  30.1152  3.136  1.2016  0.7137  26.8352  24.5084  11.4209  0.9195  15.9141  3.0576  3.4063  4.5271  2.3276  10.6145  4.2517  0.7535  3.9177  3.0606  4.7757  
trainID = 2496  4.1393  0.8215  2.5107  1.0523  2.6839  1.1757  0.696  1.0999  4.2585  3.0471  0.9314  4.6001  9.2374  3.2969  7.2534  2.4005  0.2137  5.3399  4.5673  2.165  5.2885  2.5284  0.514  0.279  5.9015  2.2513  3.0338  5.2761  7.756  7.2812  2.6071  7.8947  1.4897  2.2317  2.246  3.0046  5.516  2.0906  1.8368  3.8573  2.7908  3.0271  
trainID = 2551  0.1499  4.6534  1.1963  0.8609  1.3512  0.5894  1.149  1.4712  3.4525  2.4586  3.9912  1.3601  3.6859  19.2025  9.7981  1.4899  6.1115  2.2242  2.9053  1.9311  3.2253  0.3352  1.607  2.2978  4.1841  0.4517  11.6009  0.6941  3.4949  1.3924  3.5829  1.8266  1.1496  0.771  0.742  4.6376  3.1196  0.9721  3.4579  0.958  3.1231  0.1272  
trainID = 2557  1.523  1.8471  1.661  2.7877  2.7058  0.068  1.8463  0.005  2.1231  3.3445  1.5343  1.8679  2.1698  4.5794  6.8686  2.3229  4.9897  2.0569  6.0919  2.3633  0.565  4.0263  2.9141  2.069  2.4404  0.5556  0.6403  3.3957  2.1686  0.3715  2.0208  2.3851  4.4474  1.8049  2.2553  3.863  2.4273  1.4864  1.9506  1.6506  0.528  0.4794  1.3616  
trainID = 2605  3.2896  1.3588  3.4567  1.931  5.3517  0.1433  0.205  1.6864  2.3335  4.0595  2.5278  3.5108  5.3037  1.6798  8.237  2.5483  3.0665  7.2715  0.0817  6.3121  6.4773  32.3302  2.4738  0.1891  0.1209  22.3065  12.0098  6.4212  0.3777  11.8035  0.9835  5.893  2.543  3.2861  8.288  3.6462  0.5221  2.4462  4.2922  5.5051  
trainID = 2638  3.4222  0.1777  2.8557  2.619  5.5504  2.4929  0.146  1.3089  4.4135  3.9541  1.1558  5.859  10.8236  0.8231  6.6549  1.5853  1.493  8.3634  3.7683  5.0773  8.4488  31.8832  4.7238  1.7066  1.3298  23.7409  24.3357  17.9137  2.2763  13.4928  4.395  6.5583  3.718  2.9351  10.0658  6.5364  0.4835  5.2309  3.6497  5.2145  
trainID = 2641  1.673  0.9126  2.2273  2.1327  1.6356  1.7809  3.2869  0.378  0.1012  1.0329  2.3873  1.628  1.4137  8.153  7.283  1.6022  1.2066  3.106  0.583  4.7753  0.2168  0.469  2.694  1.771  0.293  2.4555  3.1524  7.9014  2.2548  0.395  1.3245  1.7155  0.8548  2.9621  0.9225  3.396  5.0009  3.3641  0.033  3.1394  0.069  1.1661  0.4826  
trainID = 2654  0.026  3.1189  6.8299  1.8633  3.9526  0.9616  1.3049  0.199  2.6597  3.4825  2.4416  5.7286  0.9812  10.1819  22.1876  2.411  4.3944  9.9265  0.1155  3.8884  3.365  3.6374  3.8272  2.1017  15.3052  5.2008  2.1972  6.942  3.5287  2.495  3.8244  1.6946  3.656  8.1107  6.2395  0.116  4.8747  2.787  0.3108  0.2756  
trainID = 2668  0.38  5.2132  8.4328  0.8346  2.5641  2.509  0.4878  2.802  1.855  3.4545  0.1236  4.0939  2.4978  14.5987  16.8991  1.2886  3.8866  3.9227  4.4611  5.5935  2.3313  2.8793  3.4163  7.039  10.1954  2.5305  0.1441  1.7198  5.0852  4.1754  4.9903  1.3573  4.7379  5.6158  4.54  2.5643  3.3889  1.021  2.9471  0.9589  
trainID = 2685  3.4861  0.8961  3.7587  4.1796  2.9092  2.8901  1.043  1.5339  2.8415  4.4186  2.7078  4.824  7.6528  1.5036  5.8261  0.8365  3.7373  8.109  3.2253  7.7199  6.0884  0.5992  2.3149  0.154  2.1365  0.1625  1.0922  11.2173  14.3526  12.9833  0.0946  11.465  0.9981  1.9524  0.982  1.2718  5.6338  3.774  2.334  2.0445  2.6199  2.9914  
trainID = 2696  0.079  3.7013  7.2166  0.4543  3.5176  0.5801  0.033  0.141  1.7069  2.2235  0.3859  3.1653  1.1736  13.3927  13.5101  3.4872  4.6624  2.497  5.9331  3.9692  3.4616  2.7819  5.6251  4.2283  6.5357  2.2174  2.2096  0.4347  4.9612  6.1883  3.9205  2.6145  3.599  3.3632  3.2592  2.7356  6.2219  1.6541  0.0814  0.1345  
trainID = 2704  2.409  0.9623  3.9451  0.9834  0.7027  0.497  2.8721  0.187  2.0132  4.6785  2.5869  3.1797  4.3082  8.0965  19.7714  11.2914  2.4285  6.0451  2.8736  3.5673  2.5223  1.3854  1.7535  0.964  0.851  2.5012  2.3517  10.1785  4.0903  0.2206  1.7266  2.6906  1.9436  1.3669  0.7177  2.936  5.2038  3.2227  2.5407  3.0317  1.968  2.1071  0.5457  
trainID = 2707  3.4858  0.0311  2.7277  3.0418  4.0803  0.0986  1.3947  1.7605  3.2065  5.4029  4.0388  4.993  8.5703  1.7926  6.2379  1.6917  0.4102  5.2299  2.2213  5.1011  4.6506  33.3932  2.0334  1.6426  2.4107  17.6635  13.1352  9.6158  2.0966  12.4352  1.4098  4.6971  1.333  3.4761  10.2749  2.8798  0.1388  5.5303  0.9907  6.6002  
trainID = 2710  1.209  2.2452  5.886  1.6814  1.8287  1.8098  2.8746  1.2003  0.1636  2.3055  1.5517  3.035  0.1855  0.8944  27.4754  9.864  2.194  7.2995  1.7339  4.6717  0.992  0.14  4.6398  0.6587  13.7989  4.7886  4.1703  2.45  5.4852  1.6407  3.6418  0.3628  0.874  6.1594  8.2755  3.317  2.3659  3.335  3.5541  0.6592  
trainID = 2723  6.9787  4.0096  4.1567  4.5146  6.2624  2.2049  34.7806  5.5697  0.703  4.2327  12.4265  7.1272  5.993  1.3605  1.9722  6.3551  2.4413  3.7873  4.3449  3.1927  1.437  0.097  6.5286  3.0063  4.1304  4.488  9.756  2.9036  1.5073  12.3536  5.4628  5.4026  3.841  1.05  3.4638  4.1114  3.3097  1.193  0.8798  5.3688  
trainID = 2726  3.46  2.8179  0.2245  0.4217  1.1411  0.1695  0.141  2.3333  3.1475  3.587  2.5227  2.0735  6.0674  10.9149  1.3734  2.6349  2.3547  4.6155  3.8173  1.4315  2.3976  2.1842  0.889  1.831  1.8233  4.6484  4.8568  1.5445  2.1943  0.7845  3.5668  4.8138  2.312  3.802  3.833  5.0052  0.0807  4.7441  3.7648  1.5878  0.6151  0.8434  
trainID = 2764  1.862  0.0057  7.6379  1.3948  0.4853  0.7835  3.2226  0.667  2.7273  4.1315  3.1986  3.0711  0.5349  1.7227  26.4504  11.2425  1.3179  8.2459  3.0445  1.7779  1.953  1.029  4.6073  0.4214  13.3738  3.9045  2.6187  5.9478  6.0372  0.2598  3.3278  1.0404  0.01  7.9088  6.8495  1.9  1.9128  2.444  1.8191  0.1921  
trainID = 2829  1.523  0.674  0.6647  1.381  0.5208  0.4906  2.5358  0.269  0.713  1.058  1.9145  0.8081  3.6859  0.1942  0.0719  0.1501  0.5493  0.7441  2.5382  3.5913  4.1629  0.0737  2.9861  0.878  2.279  1.581  1.3218  1.6431  1.0254  3.0095  0.9185  2.4389  3.1911  1.1672  0.5299  1.0728  3.3348  0.529  1.5141  2.2466  
trainID = 2850  1.92  1.3063  2.1347  0.5468  2.1314  0.6562  0.9121  1.6525  0.3489  1.11  0.355  3.4556  2.6665  1.9563  4.0107  0.517  0.3665  1.5331  1.845  1.5463  0.2877  0.1048  3.6919  0.538  2.6133  0.2239  0.8617  3.3486  0.248  1.9114  1.9547  3.2189  2.2128  1.4263  2.9995  1.682  2.4268  1.8402  2.9771  2.6068  1.747  0.4081  0.011  
trainID = 2860  0.454  1.1684  4.7436  1.9445  3.0166  0.961  0.6684  0.987  0.091  1.8669  2.6467  4.1872  0.6118  5.4941  16.4815  4.1706  3.6201  4.4471  0.0105  3.5973  0.7897  1.8126  4.1931  2.1853  0.07  1.0603  2.5225  11.17  2.1729  1.2716  3.2631  4.3612  2.8058  4.2511  0.8723  1.002  4.2919  3.831  0.241  1.1201  0.009  0.2025  2.7686  
trainID = 2871  3.9456  2.963  3.0707  2.08  1.4267  1.6269  0.509  1.9167  3.9585  2.9936  1.1292  6.218  9.3332  9.2338  2.8702  2.9414  3.9189  7.0068  3.1163  4.2586  2.0564  3.3573  0.934  1.348  4.1025  3.7919  3.9136  3.4898  6.9408  6.6045  1.0375  9.6974  3.4678  3.6365  2.244  0.8232  2.5313  4.7634  4.4531  3.6835  1.5151  2.903  
trainID = 2891  5.8022  3.8778  2.8797  2.5743  4.7468  1.21  1.713  0.8835  4.6915  5.4431  1.5368  2.0211  8.3444  2.1397  8.6134  0.7291  0.4058  6.1925  0.9872  4.4955  5.0417  32.3582  1.6792  1.7874  0.2079  27.354  14.5719  2.5112  0.0273  13.5911  0.9817  6.499  1.982  3.5941  10.2904  4.8798  1.553  5.5145  1.5935  5.6961  
trainID = 2907  38.2798  5.5751  0.5446  1.8629  3.9629  3.8254  3.4977  1.2664  1.4067  2.1638  0.6815  1.4868  2.055  13.022  2.0721  5.8456  0.6175  8.6544  8.2083  2.9913  2.7568  3.7066  1.9176  0.35  0.892  7.2104  3.3153  8.6926  4.001  5.0293  5.727  5.9482  1.6929  1.2244  4.3125  0.6382  1.6352  1.436  1.5251  1.1107  
trainID = 2908  1.476  1.0315  4.9763  3.7501  2.9777  1.5778  1.3272  1.277  3.227  3.0665  1.7831  3.3342  0.8586  3.4782  26.1536  9.4487  3.6457  8.823  2.0936  3.3715  2.9362  0.494  7.1559  2.1232  11.9673  5.4416  3.8492  4.1904  7.0732  1.7546  1.9954  1.3639  4.1463  9.6299  6.2875  1.8046  2.2871  3.314  2.7061  2.1176  
trainID = 2922  0.814  0.7109  2.7951  0.8293  0.0454  0.4951  2.0814  0.202  0.8665  5.7585  0.4344  1.9448  0.0755  1.9087  6.8524  2.2729  1.5914  0.6013  3.2682  1.7253  0.0244  0.5468  1.0791  1.074  2.353  1.9265  3.5488  4.8653  0.0191  0.9572  0.3759  4.2202  3.6778  1.1812  0.7153  1.423  2.7053  0.1305  1.0856  3.0367  2.502  0.9931  1.0612  
trainID = 2923  5.5965  3.4292  2.6367  4.0356  2.8178  1.5799  36.3136  6.5028  4.7225  4.3564  13.3204  5.9006  7.4004  6.9299  2.0114  9.6413  2.8823  4.5169  6.0527  3.7628  1.916  2.2548  9.0004  3.7345  1.9929  5.7913  19.5316  0.5207  3.5084  13.4882  5.9764  7.6662  6.7034  1.6198  6.3404  6.4386  4.9624  3.2989  2.7917  4.143  
trainID = 2926  7.3346  1.5055  1.5793  4.3176  2.0437  3.6739  34.8986  1.835  2.0787  3.7303  13.0338  6.9126  6.3842  5.1699  1.3609  9.1776  0.6356  2.1198  6.2043  5.3859  1.721  3.0511  6.4731  4.8897  5.0298  4.1373  10.4682  0.153  3.7101  9.6057  6.2724  5.8884  3.293  0.2366  4.7759  3.7044  6.4902  1.4966  3.5904  3.9058  
trainID = 2929  0.341  4.3527  2.6428  1.0596  1.512  0.7307  1.1192  0.773  1.6442  3.8845  0.5285  2.3979  0.459  2.8734  11.9649  1.3041  3.8495  0.7149  6.4892  3.0423  2.7477  1.9258  3.8301  0.053  0.274  1.5197  1.8134  5.3926  1.706  3.6706  1.0468  4.0635  6.7816  0.965  1.855  3.64  4.1601  0.8237  4.6963  0.8615  2.939  1.3721  1.6054  
trainID = 2941  1.134  2.7678  2.4608  0.3678  0.8517  0.7313  3.3476  0.417  2.106  2.057  1.0848  2.1579  0.1107  2.2922  13.0587  4.5501  3.6016  3.4074  1.532  1.4993  0.0233  0.0502  2.6775  0.66  1.9602  2.6304  1.0545  5.1315  1.8097  0.497  2.2603  3.9897  0.2657  2.6465  0.5948  1.311  3.3507  3.953  0.616  0.1382  0.96  2.6861  0.0408  
trainID = 2957  2.3898  0.34  2.4287  1.9813  4.0214  0.1333  0.054  1.2179  3.7645  4.1567  0.8632  2.8358  5.2486  1.6995  7.2081  0.2002  0.81  6.5333  2.5683  2.4081  3.0329  1.3157  0.108  1.4509  2.4633  2.7325  2.4337  5.9582  8.1769  6.1495  0.7282  8.3668  2.5129  4.2572  1.31  0.7759  4.7799  6.1795  3.1811  0.8289  0.5607  2.1807  
trainID = 2970  1.3752  0.4929  4.0927  0.0864  5.4437  2.9586  0.114  0.126  0.431  1.3417  2.0078  5.856  1.7723  3.1221  7.1709  1.3181  6.8256  4.5191  1.3783  5.0229  1.9255  32.7612  4.5383  2.677  1.3157  6.4798  6.5921  0.5973  0.828  5.7205  1.5319  3.1145  1.662  1.8762  4.9759  2.3764  1.2827  3.4461  1.9245  2.6016  
trainID = 2971  33.2697  2.6342  2.4625  1.2876  4.6513  3.7226  4.1397  0.363  1.5254  2.1221  1.2374  2.532  1.3876  13.0815  3.6978  5.0692  0.3568  6.3058  6.6663  1.8883  0.6789  4.0716  0.7993  2.6769  0.623  4.0326  1.1035  6.9404  4.9612  5.0761  3.3788  6.0772  1.7346  0.3797  3.9998  1.07  0.1209  1.555  3.5361  1.3063  
trainID = 2981  3.5472  0.6252  2.6587  2.9363  1.9917  0.2628  0.599  0.2554  2.0193  1.6677  0.9761  4.5975  7.3889  2.7656  3.8083  2.4815  0.3565  2.7183  4.8673  3.8455  3.3824  2.8948  0.164  1.4284  2.8882  1.1372  2.9383  7.3358  6.0306  6.2861  0.1999  8.3833  2.7611  3.5282  3.832  1.9258  5.132  2.1511  1.0535  2.8882  3.0445  2.7659  
trainID = 2987  2.346  1.7888  8.0459  0.7074  0.1489  1.5434  2.1642  0.743  2.4297  3.8045  3.0333  5.8457  1.4103  10.4109  21.2188  4.4525  4.261  7.432  1.4698  3.4596  3.0166  1.9767  2.5049  3.8225  14.7948  1.7433  2.3325  3.9565  5.3612  1.4542  4.3689  2.0893  0.953  6.8913  5.757  1.4191  4.5861  0.907  3.3631  1.0058  
trainID = 2993  4.2295  4.0963  3.5627  3.1092  0.856  3.3299  35.4896  2.9534  0.5347  0.9289  11.582  5.3246  8.9582  3.598  1.3115  6.119  3.2433  2.769  4.3754  2.1142  1.227  1.242  6.1854  4.4908  5.0853  5.565  5.6916  3.3437  1.558  8.7552  3.9047  3.6255  3.539  0.6334  3.7073  5.2753  7.2484  0.8606  0.9191  2.0972  
trainID = 2994  0.648  1.6469  9.2887  2.3724  0.2115  0.8756  1.5977  2.63  4.5296  5.3885  5.5927  4.3275  1.3613  8.283  21.2846  4.8861  7.0616  9.4984  1.763  2.1361  5.7631  3.0431  1.8138  4.2935  15.6782  4.431  2.4522  3.6127  6.1232  0.1976  4.9238  1.8616  1.508  9.2615  4.483  0.31  3.9299  1.554  2.7071  4.0988  
TrainID = 2012  dbValue = 1.39631  nTestCell = 43  nTrainCell = 43  nDiff = 0  (X,Y) = (1695, 1455)  Position Error = 18.0278
TrainID = 1723  dbValue = 1.4206  nTestCell = 43  nTrainCell = 43  nDiff = 0  (X,Y) = (1665, 1485)  Position Error = 49.2443
TrainID = 2829  dbValue = 1.49952  nTestCell = 43  nTrainCell = 40  nDiff = 3  (X,Y) = (1715, 1455)  Position Error = 33.541
TrainID = 2425  dbValue = 1.50584  nTestCell = 43  nTrainCell = 40  nDiff = 3  (X,Y) = (1635, 1395)  Position Error = 67.2681
TrainID = 1419  dbValue = 1.50802  nTestCell = 43  nTrainCell = 42  nDiff = 1  (X,Y) = (1715, 1475)  Position Error = 46.0977
TrainID = 744  dbValue = 1.56673  nTestCell = 43  nTrainCell = 43  nDiff = 0  (X,Y) = (1665, 1465)  Position Error = 32.0156
TrainID = 773  dbValue = 1.56915  nTestCell = 43  nTrainCell = 40  nDiff = 3  (X,Y) = (1695, 1425)  Position Error = 18.0278
TrainID = 2210  dbValue = 1.59421  nTestCell = 43  nTrainCell = 42  nDiff = 1  (X,Y) = (1615, 1435)  Position Error = 70.1783
TrainID = 1114  dbValue = 1.60416  nTestCell = 43  nTrainCell = 42  nDiff = 1  (X,Y) = (1705, 1475)  Position Error = 40.3113
TrainID = 2850  dbValue = 1.63515  nTestCell = 43  nTrainCell = 43  nDiff = 0  (X,Y) = (1635, 1465)  Position Error = 55.9017
TrainID = 2034  dbValue = 1.72837  nTestCell = 43  nTrainCell = 43  nDiff = 0  (X,Y) = (1625, 1455)  Position Error = 61.8466
TrainID = 2922  dbValue = 1.73896  nTestCell = 43  nTrainCell = 43  nDiff = 0  (X,Y) = (1615, 1465)  Position Error = 74.3303
TrainID = 2322  dbValue = 1.76004  nTestCell = 43  nTrainCell = 42  nDiff = 1  (X,Y) = (1665, 1505)  Position Error = 68.0074
TrainID = 722  dbValue = 1.79268  nTestCell = 43  nTrainCell = 42  nDiff = 1  (X,Y) = (1635, 1475)  Position Error = 61.0328
TrainID = 1593  dbValue = 1.7951  nTestCell = 43  nTrainCell = 42  nDiff = 1  (X,Y) = (1655, 1515)  Position Error = 80.7775
TrainID = 2280  dbValue = 1.81408  nTestCell = 43  nTrainCell = 42  nDiff = 1  (X,Y) = (1615, 1485)  Position Error = 83.2166
TrainID = 2088  dbValue = 1.82328  nTestCell = 43  nTrainCell = 41  nDiff = 2  (X,Y) = (1725, 1485)  Position Error = 60.208
TrainID = 1368  dbValue = 1.9049  nTestCell = 43  nTrainCell = 43  nDiff = 0  (X,Y) = (1715, 1505)  Position Error = 71.5891
TrainID = 2172  dbValue = 1.94214  nTestCell = 43  nTrainCell = 40  nDiff = 3  (X,Y) = (1665, 1395)  Position Error = 49.2443
TrainID = 1408  dbValue = 1.94974  nTestCell = 43  nTrainCell = 42  nDiff = 1  (X,Y) = (1685, 1515)  Position Error = 75
TrainID = 1597  dbValue = 1.97061  nTestCell = 43  nTrainCell = 43  nDiff = 0  (X,Y) = (1705, 1525)  Position Error = 87.3212
TrainID = 2941  dbValue = 2.06611  nTestCell = 43  nTrainCell = 43  nDiff = 0  (X,Y) = (1575, 1415)  Position Error = 112.805
TrainID = 711  dbValue = 2.10413  nTestCell = 43  nTrainCell = 43  nDiff = 0  (X,Y) = (1585, 1445)  Position Error = 100.125
TrainID = 1672  dbValue = 2.12344  nTestCell = 43  nTrainCell = 42  nDiff = 1  (X,Y) = (1575, 1425)  Position Error = 111.018
TrainID = 1540  dbValue = 2.14404  nTestCell = 43  nTrainCell = 43  nDiff = 0  (X,Y) = (1595, 1425)  Position Error = 91.2414
TrainID = 2641  dbValue = 2.17053  nTestCell = 43  nTrainCell = 43  nDiff = 0  (X,Y) = (1615, 1415)  Position Error = 74.3303
TrainID = 2380  dbValue = 2.21183  nTestCell = 43  nTrainCell = 42  nDiff = 1  (X,Y) = (1675, 1545)  Position Error = 105.475
TrainID = 712  dbValue = 2.28591  nTestCell = 43  nTrainCell = 42  nDiff = 1  (X,Y) = (1705, 1545)  Position Error = 106.888
TrainID = 424  dbValue = 2.28862  nTestCell = 43  nTrainCell = 42  nDiff = 1  (X,Y) = (1545, 1405)  Position Error = 144.309
TrainID = 2557  dbValue = 2.29217  nTestCell = 43  nTrainCell = 43  nDiff = 0  (X,Y) = (1605, 1515)  Position Error = 109.659
TrainID = 2195  dbValue = 2.30297  nTestCell = 43  nTrainCell = 42  nDiff = 1  (X,Y) = (1715, 1535)  Position Error = 99.6243
TrainID = 1713  dbValue = 2.32749  nTestCell = 43  nTrainCell = 43  nDiff = 0  (X,Y) = (1575, 1475)  Position Error = 115.434
TrainID = 933  dbValue = 2.35617  nTestCell = 43  nTrainCell = 43  nDiff = 0  (X,Y) = (1605, 1395)  Position Error = 91.7878
TrainID = 400  dbValue = 2.37506  nTestCell = 43  nTrainCell = 43  nDiff = 0  (X,Y) = (1555, 1495)  Position Error = 141.156
TrainID = 2103  dbValue = 2.39709  nTestCell = 43  nTrainCell = 42  nDiff = 1  (X,Y) = (1635, 1535)  Position Error = 107.355
TrainID = 1968  dbValue = 2.41835  nTestCell = 43  nTrainCell = 42  nDiff = 1  (X,Y) = (1605, 1535)  Position Error = 124.197
TrainID = 1738  dbValue = 2.51007  nTestCell = 43  nTrainCell = 43  nDiff = 0  (X,Y) = (1625, 1555)  Position Error = 129.711
TrainID = 1758  dbValue = 2.51109  nTestCell = 43  nTrainCell = 42  nDiff = 1  (X,Y) = (1625, 1545)  Position Error = 120.934
TrainID = 2929  dbValue = 2.5448  nTestCell = 43  nTrainCell = 43  nDiff = 0  (X,Y) = (1585, 1525)  Position Error = 131.244
TrainID = 1745  dbValue = 2.54993  nTestCell = 43  nTrainCell = 43  nDiff = 0  (X,Y) = (1555, 1385)  Position Error = 141.156
TrainID = 1934  dbValue = 2.56931  nTestCell = 43  nTrainCell = 41  nDiff = 2  (X,Y) = (1735, 1495)  Position Error = 74.3303
TrainID = 615  dbValue = 2.56998  nTestCell = 43  nTrainCell = 43  nDiff = 0  (X,Y) = (1545, 1415)  Position Error = 142.215
TrainID = 1154  dbValue = 2.5716  nTestCell = 43  nTrainCell = 42  nDiff = 1  (X,Y) = (1545, 1465)  Position Error = 142.215
TrainID = 1424  dbValue = 2.58138  nTestCell = 43  nTrainCell = 40  nDiff = 3  (X,Y) = (1785, 1565)  Position Error = 160.078
TrainID = 740  dbValue = 2.60757  nTestCell = 43  nTrainCell = 42  nDiff = 1  (X,Y) = (1745, 1575)  Position Error = 147.733
TrainID = 2133  dbValue = 2.6291  nTestCell = 43  nTrainCell = 43  nDiff = 0  (X,Y) = (1655, 1585)  Position Error = 148.071
TrainID = 2324  dbValue = 2.68284  nTestCell = 43  nTrainCell = 43  nDiff = 0  (X,Y) = (1535, 1475)  Position Error = 154.029
TrainID = 1201  dbValue = 2.68383  nTestCell = 43  nTrainCell = 41  nDiff = 2  (X,Y) = (1735, 1495)  Position Error = 74.3303
TrainID = 1123  dbValue = 2.69443  nTestCell = 43  nTrainCell = 43  nDiff = 0  (X,Y) = (1585, 1525)  Position Error = 131.244
TrainID = 2726  dbValue = 2.69932  nTestCell = 43  nTrainCell = 42  nDiff = 1  (X,Y) = (1565, 1525)  Position Error = 147.054
TrainID = 558  dbValue = 2.7044  nTestCell = 43  nTrainCell = 43  nDiff = 0  (X,Y) = (1575, 1355)  Position Error = 139.014
TrainID = 2860  dbValue = 2.73107  nTestCell = 43  nTrainCell = 43  nDiff = 0  (X,Y) = (1535, 1425)  Position Error = 150.748
TrainID = 762  dbValue = 2.75675  nTestCell = 43  nTrainCell = 42  nDiff = 1  (X,Y) = (1605, 1565)  Position Error = 148.408
TrainID = 1973  dbValue = 2.75921  nTestCell = 43  nTrainCell = 42  nDiff = 1  (X,Y) = (1745, 1605)  Position Error = 175.57
TrainID = 1885  dbValue = 2.81691  nTestCell = 43  nTrainCell = 43  nDiff = 0  (X,Y) = (1565, 1545)  Position Error = 159.452
TrainID = 316  dbValue = 2.82456  nTestCell = 43  nTrainCell = 43  nDiff = 0  (X,Y) = (1545, 1375)  Position Error = 154.353
TrainID = 2275  dbValue = 2.86273  nTestCell = 43  nTrainCell = 42  nDiff = 1  (X,Y) = (1575, 1515)  Position Error = 133.135
TrainID = 2957  dbValue = 2.86538  nTestCell = 43  nTrainCell = 42  nDiff = 1  (X,Y) = (1695, 1605)  Position Error = 165.303
TrainID = 2981  dbValue = 2.91715  nTestCell = 43  nTrainCell = 42  nDiff = 1  (X,Y) = (1665, 1615)  Position Error = 176.139
TrainID = 749  dbValue = 2.92295  nTestCell = 43  nTrainCell = 43  nDiff = 0  (X,Y) = (1525, 1415)  Position Error = 161.941
TrainID = 538  dbValue = 2.94128  nTestCell = 43  nTrainCell = 43  nDiff = 0  (X,Y) = (1575, 1355)  Position Error = 139.014
TrainID = 2551  dbValue = 2.94722  nTestCell = 43  nTrainCell = 42  nDiff = 1  (X,Y) = (1535, 1385)  Position Error = 159.765
TrainID = 768  dbValue = 2.96692  nTestCell = 43  nTrainCell = 40  nDiff = 3  (X,Y) = (1555, 1335)  Position Error = 167.108
TrainID = 994  dbValue = 2.99177  nTestCell = 43  nTrainCell = 40  nDiff = 3  (X,Y) = (1505, 1405)  Position Error = 183.371
TrainID = 1840  dbValue = 3.03414  nTestCell = 43  nTrainCell = 40  nDiff = 3  (X,Y) = (1765, 1565)  Position Error = 148.408
TrainID = 1735  dbValue = 3.07219  nTestCell = 43  nTrainCell = 42  nDiff = 1  (X,Y) = (1585, 1535)  Position Error = 137.931
TrainID = 397  dbValue = 3.0759  nTestCell = 43  nTrainCell = 40  nDiff = 3  (X,Y) = (1655, 1325)  Position Error = 118.849
TrainID = 359  dbValue = 3.0833  nTestCell = 43  nTrainCell = 42  nDiff = 1  (X,Y) = (1685, 1625)  Position Error = 185
TrainID = 1066  dbValue = 3.08815  nTestCell = 43  nTrainCell = 42  nDiff = 1  (X,Y) = (1695, 1625)  Position Error = 185.27
TrainID = 2258  dbValue = 3.0945  nTestCell = 43  nTrainCell = 40  nDiff = 3  (X,Y) = (1515, 1455)  Position Error = 170.66
TrainID = 1624  dbValue = 3.11662  nTestCell = 43  nTrainCell = 42  nDiff = 1  (X,Y) = (1595, 1595)  Position Error = 179.234
TrainID = 1365  dbValue = 3.12153  nTestCell = 43  nTrainCell = 40  nDiff = 3  (X,Y) = (1745, 1555)  Position Error = 129.711
TrainID = 995  dbValue = 3.14222  nTestCell = 43  nTrainCell = 40  nDiff = 3  (X,Y) = (1665, 1345)  Position Error = 97.0824
TrainID = 1534  dbValue = 3.15121  nTestCell = 43  nTrainCell = 42  nDiff = 1  (X,Y) = (1545, 1535)  Position Error = 169.189
TrainID = 1516  dbValue = 3.16034  nTestCell = 43  nTrainCell = 43  nDiff = 0  (X,Y) = (1595, 1565)  Position Error = 154.029
TrainID = 1453  dbValue = 3.18341  nTestCell = 43  nTrainCell = 43  nDiff = 0  (X,Y) = (1745, 1635)  Position Error = 204.022
TrainID = 2704  dbValue = 3.2609  nTestCell = 43  nTrainCell = 43  nDiff = 0  (X,Y) = (1535, 1365)  Position Error = 167.705
TrainID = 1442  dbValue = 3.26146  nTestCell = 43  nTrainCell = 42  nDiff = 1  (X,Y) = (1625, 1615)  Position Error = 185
TrainID = 1815  dbValue = 3.31486  nTestCell = 43  nTrainCell = 42  nDiff = 1  (X,Y) = (1595, 1605)  Position Error = 187.949
TrainID = 901  dbValue = 3.32182  nTestCell = 43  nTrainCell = 41  nDiff = 2  (X,Y) = (1755, 1565)  Position Error = 143.265
TrainID = 1180  dbValue = 3.32926  nTestCell = 43  nTrainCell = 40  nDiff = 3  (X,Y) = (1625, 1355)  Position Error = 104.043
TrainID = 2496  dbValue = 3.33792  nTestCell = 43  nTrainCell = 42  nDiff = 1  (X,Y) = (1665, 1645)  Position Error = 205.973
TrainID = 2420  dbValue = 3.34993  nTestCell = 43  nTrainCell = 42  nDiff = 1  (X,Y) = (1735, 1625)  Position Error = 191.638
TrainID = 1253  dbValue = 3.35447  nTestCell = 43  nTrainCell = 43  nDiff = 0  (X,Y) = (1545, 1375)  Position Error = 154.353
TrainID = 1310  dbValue = 3.36967  nTestCell = 43  nTrainCell = 40  nDiff = 3  (X,Y) = (1515, 1475)  Position Error = 173.566
TrainID = 1065  dbValue = 3.41359  nTestCell = 43  nTrainCell = 42  nDiff = 1  (X,Y) = (1605, 1615)  Position Error = 192.419
TrainID = 2246  dbValue = 3.42466  nTestCell = 43  nTrainCell = 41  nDiff = 2  (X,Y) = (1755, 1565)  Position Error = 143.265
TrainID = 1900  dbValue = 3.43789  nTestCell = 43  nTrainCell = 40  nDiff = 3  (X,Y) = (1635, 1335)  Position Error = 116.297
TrainID = 1911  dbValue = 3.44072  nTestCell = 43  nTrainCell = 42  nDiff = 1  (X,Y) = (1635, 1625)  Position Error = 191.638
TrainID = 2696  dbValue = 3.45144  nTestCell = 43  nTrainCell = 40  nDiff = 3  (X,Y) = (1515, 1545)  Position Error = 199.812
TrainID = 1145  dbValue = 3.46323  nTestCell = 43  nTrainCell = 40  nDiff = 3  (X,Y) = (1495, 1405)  Position Error = 193.197
TrainID = 903  dbValue = 3.48273  nTestCell = 43  nTrainCell = 40  nDiff = 3  (X,Y) = (1585, 1335)  Position Error = 145
TrainID = 347  dbValue = 3.48651  nTestCell = 43  nTrainCell = 41  nDiff = 2  (X,Y) = (1775, 1605)  Position Error = 187.949
TrainID = 940  dbValue = 3.53354  nTestCell = 43  nTrainCell = 42  nDiff = 1  (X,Y) = (1635, 1655)  Position Error = 220.737
TrainID = 2396  dbValue = 3.53902  nTestCell = 43  nTrainCell = 40  nDiff = 3  (X,Y) = (1485, 1435)  Position Error = 200.062
TrainID = 685  dbValue = 3.55115  nTestCell = 43  nTrainCell = 42  nDiff = 1  (X,Y) = (1515, 1345)  Position Error = 194.743
TrainID = 523  dbValue = 3.58157  nTestCell = 43  nTrainCell = 40  nDiff = 3  (X,Y) = (1615, 1275)  Position Error = 179.234
TrainID = 393  dbValue = 3.58954  nTestCell = 43  nTrainCell = 40  nDiff = 3  (X,Y) = (1605, 1315)  Position Error = 148.408
TrainID = 2013  dbValue = 3.5906  nTestCell = 43  nTrainCell = 40  nDiff = 3  (X,Y) = (1605, 1325)  Position Error = 140.089
TrainID = 2970  dbValue = 3.59206  nTestCell = 43  nTrainCell = 40  nDiff = 3  (X,Y) = (1785, 1545)  Position Error = 145
TrainID = 2871  dbValue = 3.61456  nTestCell = 43  nTrainCell = 42  nDiff = 1  (X,Y) = (1625, 1605)  Position Error = 175.57
TrainID = 1922  dbValue = 3.62899  nTestCell = 43  nTrainCell = 42  nDiff = 1  (X,Y) = (1685, 1655)  Position Error = 215
TrainID = 2238  dbValue = 3.63145  nTestCell = 43  nTrainCell = 43  nDiff = 0  (X,Y) = (1515, 1365)  Position Error = 185.809
TrainID = 1859  dbValue = 3.65328  nTestCell = 43  nTrainCell = 40  nDiff = 3  (X,Y) = (1635, 1315)  Position Error = 134.629
TrainID = 1434  dbValue = 3.70443  nTestCell = 43  nTrainCell = 42  nDiff = 1  (X,Y) = (1725, 1655)  Position Error = 218.689
TrainID = 1221  dbValue = 3.72172  nTestCell = 43  nTrainCell = 40  nDiff = 3  (X,Y) = (1585, 1325)  Position Error = 152.398
TrainID = 1122  dbValue = 3.75311  nTestCell = 43  nTrainCell = 40  nDiff = 3  (X,Y) = (1615, 1305)  Position Error = 152.069
TrainID = 2764  dbValue = 3.77702  nTestCell = 43  nTrainCell = 40  nDiff = 3  (X,Y) = (1495, 1365)  Position Error = 204.267
TrainID = 2710  dbValue = 3.78545  nTestCell = 43  nTrainCell = 40  nDiff = 3  (X,Y) = (1495, 1365)  Position Error = 204.267
TrainID = 1944  dbValue = 3.78976  nTestCell = 43  nTrainCell = 42  nDiff = 1  (X,Y) = (1715, 1655)  Position Error = 217.083
TrainID = 908  dbValue = 3.79328  nTestCell = 43  nTrainCell = 42  nDiff = 1  (X,Y) = (1645, 1655)  Position Error = 218.689
TrainID = 2971  dbValue = 3.81307  nTestCell = 43  nTrainCell = 40  nDiff = 3  (X,Y) = (1615, 1285)  Position Error = 170.074
TrainID = 2079  dbValue = 3.82125  nTestCell = 43  nTrainCell = 40  nDiff = 3  (X,Y) = (1475, 1395)  Position Error = 214.767
TrainID = 2685  dbValue = 3.84194  nTestCell = 43  nTrainCell = 42  nDiff = 1  (X,Y) = (1735, 1665)  Position Error = 230.489
TrainID = 1736  dbValue = 3.90282  nTestCell = 43  nTrainCell = 40  nDiff = 3  (X,Y) = (1465, 1445)  Position Error = 220.057
TrainID = 2074  dbValue = 3.91117  nTestCell = 43  nTrainCell = 40  nDiff = 3  (X,Y) = (1495, 1345)  Position Error = 212.426
TrainID = 2206  dbValue = 3.91992  nTestCell = 43  nTrainCell = 40  nDiff = 3  (X,Y) = (1625, 1275)  Position Error = 175.57
TrainID = 2668  dbValue = 3.93841  nTestCell = 43  nTrainCell = 40  nDiff = 3  (X,Y) = (1505, 1525)  Position Error = 199.06
TrainID = 2302  dbValue = 3.97052  nTestCell = 43  nTrainCell = 40  nDiff = 3  (X,Y) = (1465, 1385)  Position Error = 226.771
TrainID = 535  dbValue = 3.97328  nTestCell = 43  nTrainCell = 43  nDiff = 0  (X,Y) = (1535, 1335)  Position Error = 183.098
TrainID = 2987  dbValue = 3.97549  nTestCell = 43  nTrainCell = 40  nDiff = 3  (X,Y) = (1455, 1435)  Position Error = 230.054
TrainID = 2387  dbValue = 3.98225  nTestCell = 43  nTrainCell = 40  nDiff = 3  (X,Y) = (1755, 1595)  Position Error = 170.074
TrainID = 1849  dbValue = 3.98276  nTestCell = 43  nTrainCell = 40  nDiff = 3  (X,Y) = (1505, 1335)  Position Error = 208.387
TrainID = 2190  dbValue = 4.00856  nTestCell = 43  nTrainCell = 40  nDiff = 3  (X,Y) = (1475, 1335)  Position Error = 234.787
TrainID = 526  dbValue = 4.05469  nTestCell = 43  nTrainCell = 42  nDiff = 1  (X,Y) = (1675, 1675)  Position Error = 235.213
TrainID = 1949  dbValue = 4.07281  nTestCell = 43  nTrainCell = 40  nDiff = 3  (X,Y) = (1575, 1605)  Position Error = 198.305
TrainID = 751  dbValue = 4.11659  nTestCell = 43  nTrainCell = 42  nDiff = 1  (X,Y) = (1715, 1675)  Position Error = 236.907
TrainID = 1075  dbValue = 4.14902  nTestCell = 43  nTrainCell = 43  nDiff = 0  (X,Y) = (1525, 1315)  Position Error = 203.039
TrainID = 1971  dbValue = 4.16287  nTestCell = 43  nTrainCell = 40  nDiff = 3  (X,Y) = (1595, 1285)  Position Error = 179.234
TrainID = 2654  dbValue = 4.17862  nTestCell = 43  nTrainCell = 40  nDiff = 3  (X,Y) = (1415, 1405)  Position Error = 272.259
TrainID = 1319  dbValue = 4.18238  nTestCell = 43  nTrainCell = 40  nDiff = 3  (X,Y) = (1605, 1285)  Position Error = 174.428
TrainID = 1146  dbValue = 4.20114  nTestCell = 43  nTrainCell = 40  nDiff = 3  (X,Y) = (1415, 1405)  Position Error = 272.259
TrainID = 1767  dbValue = 4.23223  nTestCell = 43  nTrainCell = 40  nDiff = 3  (X,Y) = (1475, 1355)  Position Error = 226.55
TrainID = 2908  dbValue = 4.25788  nTestCell = 43  nTrainCell = 40  nDiff = 3  (X,Y) = (1455, 1355)  Position Error = 245.204
TrainID = 2907  dbValue = 4.27854  nTestCell = 43  nTrainCell = 40  nDiff = 3  (X,Y) = (1615, 1275)  Position Error = 179.234
TrainID = 1326  dbValue = 4.2817  nTestCell = 43  nTrainCell = 40  nDiff = 3  (X,Y) = (1475, 1345)  Position Error = 230.489
TrainID = 334  dbValue = 4.30639  nTestCell = 43  nTrainCell = 40  nDiff = 3  (X,Y) = (1495, 1335)  Position Error = 217.083
TrainID = 2410  dbValue = 4.35803  nTestCell = 43  nTrainCell = 42  nDiff = 1  (X,Y) = (1735, 1675)  Position Error = 240.26
TrainID = 1585  dbValue = 4.37152  nTestCell = 43  nTrainCell = 40  nDiff = 3  (X,Y) = (1505, 1325)  Position Error = 213.6
TrainID = 1388  dbValue = 4.38046  nTestCell = 43  nTrainCell = 40  nDiff = 3  (X,Y) = (1485, 1325)  Position Error = 230.705
TrainID = 2994  dbValue = 4.43573  nTestCell = 43  nTrainCell = 40  nDiff = 3  (X,Y) = (1425, 1385)  Position Error = 265.754
TrainID = 496  dbValue = 4.49952  nTestCell = 43  nTrainCell = 40  nDiff = 3  (X,Y) = (1835, 1635)  Position Error = 246.018
TrainID = 2354  dbValue = 4.53774  nTestCell = 43  nTrainCell = 40  nDiff = 3  (X,Y) = (1595, 1645)  Position Error = 223.886
TrainID = 1206  dbValue = 4.54406  nTestCell = 43  nTrainCell = 40  nDiff = 3  (X,Y) = (1575, 1635)  Position Error = 223.886
TrainID = 2194  dbValue = 4.5658  nTestCell = 43  nTrainCell = 40  nDiff = 3  (X,Y) = (1555, 1595)  Position Error = 202.299
TrainID = 2993  dbValue = 4.586  nTestCell = 43  nTrainCell = 40  nDiff = 3  (X,Y) = (1605, 1635)  Position Error = 210.772
TrainID = 1203  dbValue = 4.61095  nTestCell = 43  nTrainCell = 40  nDiff = 3  (X,Y) = (1615, 1645)  Position Error = 216.622
TrainID = 2225  dbValue = 4.63167  nTestCell = 43  nTrainCell = 40  nDiff = 3  (X,Y) = (1855, 1645)  Position Error = 266.317
TrainID = 624  dbValue = 4.71996  nTestCell = 43  nTrainCell = 40  nDiff = 3  (X,Y) = (1755, 1665)  Position Error = 235.637
TrainID = 529  dbValue = 4.77259  nTestCell = 43  nTrainCell = 42  nDiff = 1  (X,Y) = (1745, 1705)  Position Error = 271.708
TrainID = 2314  dbValue = 4.85955  nTestCell = 43  nTrainCell = 40  nDiff = 3  (X,Y) = (1755, 1655)  Position Error = 226.108
TrainID = 2605  dbValue = 4.90675  nTestCell = 43  nTrainCell = 40  nDiff = 3  (X,Y) = (1805, 1655)  Position Error = 246.221
TrainID = 1952  dbValue = 4.9388  nTestCell = 43  nTrainCell = 40  nDiff = 3  (X,Y) = (1545, 1315)  Position Error = 187.683
TrainID = 731  dbValue = 5.04488  nTestCell = 43  nTrainCell = 40  nDiff = 3  (X,Y) = (1585, 1675)  Position Error = 255.392
TrainID = 2707  dbValue = 5.0481  nTestCell = 43  nTrainCell = 40  nDiff = 3  (X,Y) = (1775, 1665)  Position Error = 242.332
TrainID = 2323  dbValue = 5.06571  nTestCell = 43  nTrainCell = 40  nDiff = 3  (X,Y) = (1635, 1695)  Position Error = 259.856
TrainID = 2723  dbValue = 5.06761  nTestCell = 43  nTrainCell = 40  nDiff = 3  (X,Y) = (1605, 1665)  Position Error = 238.799
TrainID = 2926  dbValue = 5.20686  nTestCell = 43  nTrainCell = 40  nDiff = 3  (X,Y) = (1595, 1675)  Position Error = 251.645
TrainID = 1600  dbValue = 5.24948  nTestCell = 43  nTrainCell = 40  nDiff = 3  (X,Y) = (1605, 1675)  Position Error = 248.244
TrainID = 2891  dbValue = 5.27504  nTestCell = 43  nTrainCell = 40  nDiff = 3  (X,Y) = (1805, 1695)  Position Error = 281.824
TrainID = 579  dbValue = 5.2757  nTestCell = 43  nTrainCell = 40  nDiff = 3  (X,Y) = (1695, 1725)  Position Error = 285.175
TrainID = 1912  dbValue = 5.33257  nTestCell = 43  nTrainCell = 42  nDiff = 1  (X,Y) = (1755, 1725)  Position Error = 293.471
TrainID = 618  dbValue = 5.35316  nTestCell = 43  nTrainCell = 40  nDiff = 3  (X,Y) = (1835, 1675)  Position Error = 278.792
TrainID = 408  dbValue = 5.38767  nTestCell = 43  nTrainCell = 40  nDiff = 3  (X,Y) = (1595, 1705)  Position Error = 279.866
TrainID = 1132  dbValue = 5.44228  nTestCell = 43  nTrainCell = 40  nDiff = 3  (X,Y) = (1685, 1705)  Position Error = 265
TrainID = 2467  dbValue = 5.63786  nTestCell = 43  nTrainCell = 40  nDiff = 3  (X,Y) = (1765, 1715)  Position Error = 286.4
TrainID = 774  dbValue = 5.70965  nTestCell = 43  nTrainCell = 40  nDiff = 3  (X,Y) = (1685, 1735)  Position Error = 295
TrainID = 823  dbValue = 5.8056  nTestCell = 43  nTrainCell = 40  nDiff = 3  (X,Y) = (1715, 1725)  Position Error = 286.575
TrainID = 1962  dbValue = 5.86941  nTestCell = 43  nTrainCell = 40  nDiff = 3  (X,Y) = (1655, 1735)  Position Error = 296.522
TrainID = 2486  dbValue = 5.94051  nTestCell = 43  nTrainCell = 40  nDiff = 3  (X,Y) = (1765, 1725)  Position Error = 296.015
TrainID = 597  dbValue = 5.97586  nTestCell = 43  nTrainCell = 40  nDiff = 3  (X,Y) = (1625, 1745)  Position Error = 310.846
TrainID = 369  dbValue = 5.99443  nTestCell = 43  nTrainCell = 40  nDiff = 3  (X,Y) = (1715, 1745)  Position Error = 306.472
TrainID = 1352  dbValue = 6.0068  nTestCell = 43  nTrainCell = 40  nDiff = 3  (X,Y) = (1785, 1725)  Position Error = 302.035
TrainID = 1090  dbValue = 6.1108  nTestCell = 43  nTrainCell = 40  nDiff = 3  (X,Y) = (1715, 1735)  Position Error = 296.522
TrainID = 320  dbValue = 6.12004  nTestCell = 43  nTrainCell = 40  nDiff = 3  (X,Y) = (1715, 1735)  Position Error = 296.522
TrainID = 1018  dbValue = 6.14416  nTestCell = 43  nTrainCell = 40  nDiff = 3  (X,Y) = (1695, 1755)  Position Error = 315.159
TrainID = 2923  dbValue = 6.15223  nTestCell = 43  nTrainCell = 40  nDiff = 3  (X,Y) = (1615, 1735)  Position Error = 303.191
TrainID = 335  dbValue = 6.27645  nTestCell = 43  nTrainCell = 40  nDiff = 3  (X,Y) = (1785, 1725)  Position Error = 302.035
TrainID = 2638  dbValue = 6.27957  nTestCell = 43  nTrainCell = 40  nDiff = 3  (X,Y) = (1765, 1725)  Position Error = 296.015
