trainID = 130  2.1717  2.2556  0.577  2.2612  1.7138  0.9466  1.0508  1.6089  2.1515  2.1287  0.31  1.3478  2.41  5.4838  1.7876  5.1688  5.8298  3.5126  1.8808  0.2527  2.0383  1.0853  3.2223  1.784  6.4973  3.5385  5.1721  2.0796  4.535  1.9683  0.23  0.8726  0.0451  0.9478  0.6497  2.3683  4.6675  0.2062  0.7342  1.49  0.876  0.9808  
trainID = 181  35.9668  0.7089  0.5298  2.1017  3.8019  2.1376  1.7662  0.5338  2.328  0.4343  4.4467  3.5642  2.5488  3.1342  3.4531  1.4955  2.0938  0.678  0.8609  1.6555  3.9305  3.721  1.7936  0.3435  0.9163  6.1803  2.0927  3.2361  3.5715  0.6672  1.2079  0.415  0.8529  2.6471  5.1065  0.4571  3.4757  1.1062  0.1668  0.8392  1.47  0.414  2.5633  
trainID = 182  1.0059  2.807  0.222  1.3746  0.2431  2.1123  0.5208  1.8294  0.2722  0.446  1.8746  1.5857  0.4982  0.0471  4.4903  1.9324  2.0148  3.9135  1.944  3.1055  0.5162  4.2325  3.9246  1.4961  0.546  0.921  2.1393  4.5847  1.654  1.3721  1.3126  0.783  5.757  1.9434  2.6799  1.2293  1.0734  3.4639  0.9328  2.2908  0.643  0.689  0.2626  
trainID = 197  0.7222  0.3014  0.31  0.1956  0.6145  2.2208  0.5578  0.3516  0.8532  0.885  1.6859  0.278  0.3918  2.2757  2.5927  2.008  0.7085  0.8682  3.3268  0.5428  0.1694  3.0588  0.77  1.4596  1.9345  0.1367  2.3816  2.509  2.32  3.2801  0.9945  2.0464  2.698  1.4761  0.6103  2.8322  2.7777  0.602  3.5322  0.5504  0.9353  0.613  0.557  2.3419  
trainID = 242  34.2859  2.0532  4.6561  1.943  7.2388  6.4225  3.2521  4.5963  2.534  2.9095  34.848  33.19  3.3658  1.4298  2.7027  13.9398  6.0372  5.7389  1.4623  2.5706  5.833  2.3988  5.4759  1.6034  1.4229  6.5484  8.0575  0.4445  0.4008  3.4664  0.497  1.0338  5.5496  3.4325  2.2937  3.4145  4.3993  1.3387  2.4092  0.182  1.374  0.7411  
trainID = 282  34.4661  0.2116  0.8378  1.6445  5.7132  1.3594  3.4358  1.1949  1.9708  1.6087  33.4939  0.1607  0.133  2.6828  2.7365  0.3292  1.0757  5.7065  1.0666  7.4573  1.8054  2.3459  5.7818  0.86  3.8357  2.0083  11.0744  4.571  2.3745  4.2836  3.3388  0.1885  0.652  0.6205  2.0722  3.8364  2.2117  0.7958  1.5479  1.1175  5.2779  37.3422  
trainID = 290  2.185  0.119  1.4176  1.7444  0.6383  1.4427  0.3087  0.1387  1.4301  0.1699  0.317  1.504  0.696  1.4438  2.0497  3.5096  3.95  1.5299  1.8181  0.4219  2.7222  0.9149  1.7209  1.327  2.2869  1.7516  1.148  5.2267  2.6808  2.512  0.6147  0.7485  0.9738  0.279  0.3813  0.2197  1.9174  1.1597  1.8602  2.0888  0.7261  1.6601  0.329  0.658  0.6668  
trainID = 310  38.5735  0.3382  1.0724  1.223  0.6711  0.8406  0.5946  1.0415  0.9015  0.0921  1.1043  2.5365  1.1388  4.3781  2.8569  2.4248  5.7181  1.1255  5.2536  3.4113  3.0081  3.7141  0.879  0.626  3.4214  3.395  6.6682  3.4543  2.149  2.7322  1.3842  0.4533  0.663  0.1009  0.9447  4.3728  2.5697  1.8501  0.9715  2.0296  0.8241  1.241  1.381  0.0525  
trainID = 316  36.983  0.3472  4.8301  0.203  8.4091  4.4319  0.3  2.4127  2.4755  2.2324  36.8876  31.376  1.2263  0.3089  0.3202  21.5593  1.746  10.6322  2.7596  0.0475  5.6126  2.7644  5.1689  2.449  1.8166  5.3179  2.9662  2.4454  0.5397  4.9477  0.377  2.607  2.1959  5.4354  3.9377  4.0961  0.502  0.0591  4.0743  2.6992  2.7096  1.862  
trainID = 323  0.68  2.8154  4.3009  1.5598  2.44  1.7945  0.7627  1.3118  1.9964  3.3475  3.4565  0.889  0.7088  3.2421  9.5474  1.9997  3.4857  4.0332  2.8099  2.7073  1.7064  3.4835  0.55  2.4299  1.8764  0.2435  0.3459  4.4191  12.2825  1.3048  5.3192  2.4231  1.829  3.5989  0.7038  0.7424  1.9781  2.9894  5.3634  3.1  0.8485  0.049  2.8144  5.4679  
trainID = 334  37.1969  2.4683  4.2301  0.395  8.7804  3.1994  2.7367  4.7058  2.9773  2.6372  33.4467  2.473  1.294  0.0151  1.6335  0.5477  0.5403  17.7451  16.3911  18.7634  0.9927  0.1819  7.6471  1.5607  4.1361  3.722  5.3853  7.112  2.8036  2.1762  1.2401  2.8044  0.585  2.7076  3.6658  8.2015  2.5967  0.0597  1.3041  4.4336  3.472  2.3672  1.642  2.034  
trainID = 370  1.6558  1.9874  2.309  1.3076  1.701  0.6464  0.9578  0.4623  1.9748  2.1016  0.056  3.3058  0.7466  0.8456  0.3738  1.2543  1.0467  2.3296  1.381  1.3027  1.6042  0.7548  2.6701  1.3467  4.1812  1.2828  0.4363  0.3581  0.8237  1.2963  0.119  2.4807  1.6226  0.8698  0.0939  0.9528  3.5941  1.1273  0.1445  1.677  3.7497  0.5941  
trainID = 410  4.5062  2.3743  2.207  1.137  1.6041  0.6555  0.2011  0.8719  1.2797  1.013  1.4409  2.1168  5.1536  1.6935  1.1977  5.0825  3.7425  2.1076  2.3241  2.6706  1.8327  1.4852  2.4063  1.1631  9.2268  3.2693  0.1842  1.3715  5.7112  0.2756  0.065  3.3213  0.9646  0.2285  0.5013  2.5821  5.1081  0.682  1.6823  0.167  2.466  0.3149  
trainID = 424  37.4746  1.316  3.4978  1.958  5.9567  5.8761  0.5281  4.9541  0.7144  2.506  36.8445  31.95  0.172  1.1289  1.0447  14.4376  0.1084  6.3722  4.3345  1.3086  5.9365  3.9627  5.8039  4.396  3.2161  4.9439  7.6074  1.0349  0.8093  4.4081  0.6903  2.7378  4.2403  3.5666  2.6617  0.3191  4.8819  3.0356  5.0641  1.924  3.084  0.3382  
trainID = 535  36.5612  0.7993  4.0623  0.574  10.228  4.6325  2.5385  3.8035  6.4879  2.6529  36.8313  33.745  2.0417  1.1039  0.4942  32.5744  0.2069  16.4653  0.2855  3.2565  6.3062  3.6481  6.2519  2.839  6.1451  4.4285  3.7522  2.4201  1.1619  2.2687  0.775  3.4113  5.1659  6.2867  2.6437  4.1076  1.2779  1.4961  4.3843  0.105  0.637  2.4746  
trainID = 538  33.5832  0.3708  4.3141  0.113  9.0456  4.8763  0.6173  3.1984  2.1182  3.2816  38.2587  34.26  0.3887  0.0025  0.2289  26.7591  7.0207  11.5767  0.6414  0.9913  6.1352  2.0219  4.4009  4.003  4.1398  8.6861  6.7373  1.6646  0.7259  4.5299  0.26  2.1303  2.2719  5.2006  3.2927  2.867  2.4369  3.0506  5.4702  0.084  0.105  0.7336  
trainID = 558  35.9597  1.9339  5.2431  1.4711  10.6395  7.5774  0.5239  4.7577  6.5843  1.4182  37.878  33.218  0.3388  0.209  1.1396  27.1844  9.0004  10.2923  3.397  0.8475  5.1727  1.4853  5.8479  3.998  6.0248  7.2723  5.731  0.7686  0.3169  4.8127  0.8371  2.5456  3.8586  2.6374  3.0597  4.2601  1.7496  4.5296  4.6858  2.407  0.933  0.4151  
trainID = 612  4.5905  5.5253  2.193  2.7172  2.939  1.2897  1.8008  0.249  2.2355  0.4534  2.8307  0.0358  1.3771  6.6519  0.729  3.6569  4.2358  0.8567  1.8953  0.9874  1.777  0.75  2.1206  0.042  0.7322  6.6064  5.0011  8.1129  1.4771  4.7191  1.2161  0.782  2.7553  0.4823  0.5628  0.1752  0.5791  3.8208  0.8009  1.251  0.126  0.203  2.7151  
trainID = 615  34.6866  2.0239  5.6671  0.409  8.3156  5.9996  0.1649  4.3385  4.1973  1.1138  35.2649  32.377  0.5136  1.6406  0.378  14.1886  0.1508  8.1315  0.4919  2.0627  5.9708  3.4853  3.9038  2.3238  2.6798  5.7763  7.1453  0.5255  0.8799  5.1937  0.6108  0.819  3.9017  5.8742  0.513  0.1757  2.3222  0.1289  3.606  0.722  1.812  1.0954  
trainID = 627  4.376  3.8076  0.1  1.8327  2.0872  2.6254  2.5078  0.5151  3.9605  2.2473  0.02  1.4518  5.4309  8.2339  1.1439  5.488  8.3219  8.2845  2.9858  2.1077  5.8566  1.415  3.0434  0.9831  1.3029  15.4852  9.0135  4.672  2.1469  9.9404  2.9697  0.005  5.4679  1.88  1.3196  2.8543  0.7278  5.0926  3.885  3.043  1.782  4.2002  1.0237  
trainID = 685  34.6876  0.2916  4.7291  0.843  8.7877  4.5553  1.6105  3.9918  3.5597  0.1424  33.6464  32.566  2.6764  1.3453  1.8394  15.2112  11.0964  14.9045  0.7749  1.093  8.8973  2.717  5.8069  3.077  5.5306  7.49  3.13  0.3168  0.1582  0.4467  3.0925  1.0397  5.2258  6.2128  1.0887  1.7785  0.232  2.2576  6.1202  0.079  0.665  2.399  
trainID = 690  1.4935  0.0776  1.5593  4.6095  0.5825  2.1203  0.8668  2.2322  0.5726  34.0742  0.2779  2.241  2.9268  3.1705  1.371  1.3277  3.4371  2.3125  5.1881  0.1497  0.1262  0.9792  0.8665  3.0559  0.9503  0.0794  3.363  1.7991  1.611  2.6007  5.0647  0.575  0.8315  1.1045  3.1346  0.58  0.306  3.6826  2.0576  1.8345  0.314  1.769  0.2813  
trainID = 692  2.31  1.289  2.0838  1.417  2.1237  2.4361  1.4708  1.7416  1.0257  2.5095  0.645  0.8647  0.005  0.43  1.7957  0.593  0.1156  0.6553  2.0817  0.1977  1.2553  2.3672  0.0822  0.224  0.168  4.4639  0.777  0.8552  1.6346  3.7636  0.7314  0.8004  3.6453  0.432  4.202  2.2809  1.9466  1.0787  0.5049  2.111  2.0456  2.6436  3.0378  2.188  0.3617  
trainID = 708  34.781  2.4744  0.9781  0.305  3.0808  3.1068  1.2117  1.2817  3.7938  0.0581  34.565  2.7436  2.312  1.5618  3.3303  1.2555  1.5398  7.5979  8.7276  7.9555  0.5143  1.2821  4.2033  1.6398  2.1009  0.1402  3.6615  3.7852  1.7545  3.4635  0.5663  4.1889  1.304  1.3321  2.0994  4.2536  2.0647  0.1924  1.8777  0.0747  4.0086  0.861  1.541  0.4673  
trainID = 711  33.3809  0.9215  2.3711  0.503  4.8266  7.0867  0.3611  2.2888  3.6415  1.7896  34.778  33.363  2.6151  2.499  3.2419  16.6227  5.0393  5.3677  3.134  3.2104  2.8671  3.3921  5.2359  2.825  0.0112  6.2034  9.4682  0.4638  1.8036  3.8598  0.4879  0.3351  3.5945  2.3111  1.2357  3.8801  5.9739  0.1365  4.8335  1.653  2.417  1.8124  
trainID = 739  0.9954  0.133  0.185  1.8165  1.4304  1.0872  0.2457  0.1569  1.8315  0.893  1.4604  0.684  1.1728  0.3043  2.1274  2.227  2.5102  3.9776  0.1572  3.8476  0.2309  3.5047  1.9993  3.9011  1.6127  3.6839  4.2122  1.7016  1.2508  1.2947  0.4059  1.492  3.9879  1.6364  0.4828  0.9382  1.3282  2.0861  0.7504  1.3887  0.985  1.41  0.3399  
trainID = 749  36.2372  0.5326  1.4158  1.91  7.2659  4.3556  0.3609  4.2061  2.0021  0.4113  35.6099  31.977  0.4668  0.5071  0.8541  12.4093  1.8573  7.0735  3.7512  0.4994  6.0089  0.0556  4.0199  2.2479  1.6503  4.1385  4.2411  0.8915  1.3263  4.7636  0.5761  0.7515  1.8814  2.5814  0.5801  0.9228  1.2364  2.1806  4.6003  0.615  1.929  2.2566  
trainID = 772  0.7778  0.5072  0.001  2.5505  4.0124  2.7824  0.3374  1.6146  1.3336  0.1174  0.802  2.3398  0.8179  1.7005  2.0277  0.887  1.8625  1.9138  1.5414  0.0072  1.7101  3.7862  4.0252  2.856  5.7324  0.9569  4.532  1.3455  2.3345  4.2926  1.02  2.0846  0.9803  0.2867  2.1327  0.8913  3.1765  0.2409  0.0709  0.924  1.166  0.689  
trainID = 785  1.814  1.0494  0.2505  1.4248  0.8139  3.0691  2.5004  1.1155  1.719  2.1405  1.827  1.623  1.5818  1.5503  0.3276  1.9518  2.3189  2.8626  0.0565  3.0885  0.869  0.3076  1.0516  1.0169  1.2237  4.0677  0.9361  0.9067  0.7873  0.4048  0.6025  0.8758  4.614  0.6539  3.7135  1.1186  2.1617  1.9822  0.4258  0.659  0.081  2.9147  1.3847  
trainID = 899  38.0868  1.6185  2.0307  2.9753  6.7656  0.9035  2.4505  1.775  0.9575  2.5623  34.369  4.0451  0.504  0.2348  3.4051  1.444  2.5524  6.8841  1.0424  14.5939  1.7366  3.9455  6.0833  1.521  3.1852  0.3683  9.0158  8.4034  0.7758  3.535  2.538  0.1643  0.05  1.7526  2.093  6.5312  0.621  1.0047  1.3207  0.7387  6.6382  36.4902  
trainID = 914  3.2403  5.2502  0.974  3.5432  0.2631  1.722  2.0308  1.187  1.6705  0.3503  1.5332  0.1918  2.4628  7.5488  1.0238  3.5936  4.9445  4.8608  4.5876  1.3257  1.1508  4.5062  1.9331  1.4345  2.2901  4.5388  12.5337  0.8054  4.4344  2.0824  1.739  3.076  0.8366  2.0605  4.2749  3.0342  4.2957  2.5627  1.1455  0.825  0.457  1.4199  
trainID = 918  38.752  0.2183  3.1377  1.213  5.5793  1.6878  4.998  3.3296  2.7746  1.1456  32.3252  2.3569  1.556  2.3828  3.4771  1.2191  0.222  7.1226  3.1899  14.0878  0.7487  4.462  6.9897  3.2017  3.9091  0.5188  9.0133  6.32  1.7646  5.2301  0.7797  0.0915  2.384  0.5315  2.7856  5.2948  2.3127  0.5706  0.781  0.4327  4.8205  37.2922  
trainID = 933  34.3361  2.9485  3.9245  0.449  9.1693  9.0837  0.4677  5.8936  4.2051  3.4685  35.6131  34.137  2.0047  1.7929  1.0546  20.0151  9.9279  7.6453  3.8922  2.2915  7.5094  1.1272  6.0269  3.217  3.7417  6.4506  9.2457  3.3662  2.274  1.8832  0.8197  2.0044  8.1318  3.6661  3.1567  1.402  3.5119  2.2516  5.783  0.533  2.428  1.1166  
trainID = 994  37.5887  3.6555  2.4555  1.5889  4.7688  3.7958  0.0335  2.63  3.7746  1.2706  33.4645  32.456  1.9638  0.3206  0.8267  7.8347  2.8643  8.4054  0.2397  0.0975  1.5693  0.3721  4.5869  4.527  1.0824  6.284  4.8547  2.1797  0.807  3.1159  1.7563  2.0138  5.8499  5.0125  4.0217  3.1284  2.2326  2.6946  5.829  2.8203  2.404  0.6999  
trainID = 1031  2.9303  3.225  3.904  1.5698  2.0874  2.5284  2.3928  1.0672  2.5695  0.4203  1.6503  1.1678  3.8503  8.1157  1.1226  3.026  6.717  5.1421  2.9476  2.3933  4.7367  2.736  2.097  1.1432  0.9017  11.3752  8.2414  10.1917  2.6111  8.2485  3.094  0.046  3.3405  3.834  0.1196  3.0302  1.4431  4.5581  0.4778  1.3011  3.8841  1.207  1.9908  
trainID = 1032  2.3459  0.6715  1.4599  0.0584  1.6618  1.9008  0.7548  0.3625  0.2927  2.2053  1.8588  2.3528  1.2587  0.9901  1.6195  3.2932  3.0338  3.4669  0.5945  0.0597  2.5212  1.7383  1.0729  0.8622  4.6805  1.1308  0.7397  0.8467  0.7556  1.128  1.767  2.1787  0.2964  2.5418  1.2295  0.1107  4.5801  1.2603  1.601  2.028  2.9901  2.0077  
trainID = 1061  34.597  0.2377  4.1271  3.2458  3.6503  2.7365  0.6109  2.3999  1.9884  0.642  33.0182  1.1139  0.531  0.7432  1.7504  1.0522  0.6659  5.744  4.6908  7.6825  1.2557  2.7916  5.0704  0.2684  5.5779  4.172  5.6791  7.1057  2.9678  1.1303  0.783  3.4956  3.072  3.5423  3.0972  6.571  2.8117  0.3135  0.328  1.8446  2.9397  0.804  1.321  0.4495  
trainID = 1091  0.7236  1.274  1.127  0.7037  1.1602  1.5276  0.2552  1.8058  1.0499  3.1393  1.111  0.0962  1.4892  3.2763  2.5745  1.2767  4.1378  1.6113  3.6546  2.4453  0.6742  0.528  3.0304  0.5199  1.0371  1.2367  0.4819  4.1075  4.009  0.4014  0.911  2.607  2.2703  0.6729  3.5059  1.3889  2.9995  2.612  0.7597  2.2478  0.729  2.002  2.9371  
trainID = 1100  0.9565  0.7914  1.297  1.3505  3.1294  0.6942  1.0048  1.3857  2.5715  0.4829  0.626  3.2308  2.0242  0.4581  0.8947  0.8143  1.4781  0.6724  1.8431  0.884  1.6383  0.789  3.4253  1.6936  4.301  0.1227  2.3004  0.9885  1.3004  2.3282  1.289  0.384  0.9355  1.5176  1.1518  2.3806  3.825  1.912  1.4091  0.963  4.1766  1.8753  
trainID = 1110  0.9417  3.3652  1.151  0.641  2.7712  1.2425  0.5981  1.5974  1.9925  0.8211  0.303  1.9478  0.0913  2.8522  1.5722  3.9756  3.3768  1.6244  3.1963  0.3265  3.442  0.652  0.5234  1.4263  0.9918  6.2038  0.2028  2.7868  0.0387  3.8965  2.1825  0.785  6.0542  0.7277  0.76  0.8006  1.259  2.1712  0.9064  1.7444  0.114  2.017  2.7315  
trainID = 1145  33.7516  1.2396  3.8426  0.377  6.7779  0.6781  0.8597  3.4242  3.9449  3.8944  34.942  0.1014  3.462  2.1128  1.9869  0.7239  0.5999  8.2094  6.3126  6.9244  2.4646  0.3743  4.378  1.539  0.5749  5.3479  3.455  1.4029  5.5927  5.0758  4.053  1.4696  5.0757  0.049  2.7447  3.6016  2.5582  1.7507  0.2628  0.575  3.6576  3.6835  0.204  0.386  0.6861  
trainID = 1146  35.1267  0.3954  1.2228  2.1918  3.3542  2.9845  2.2634  4.9039  0.4307  1.6428  34.4726  2.3128  1.26  0.1848  3.5171  0.3339  0.3315  6.4645  2.3989  4.4968  0.7437  5.4209  3.842  2.9619  4.2301  0.8827  2.6069  4.2112  1.7222  0.855  2.1601  0.7564  0.411  0.131  1.7248  4.7011  0.9217  0.0692  2.1276  0.7883  2.0436  1.418  1.514  1.7478  
TrainID = 290  dbValue = 1.40908  nTestCell = 45  nTrainCell = 45  nDiff = 0  (X,Y) = (1385, 1475)  Position Error = 37.2156
TrainID = 197  dbValue = 1.41539  nTestCell = 45  nTrainCell = 44  nDiff = 1  (X,Y) = (1385, 1485)  Position Error = 29.0689
TrainID = 370  dbValue = 1.41727  nTestCell = 45  nTrainCell = 42  nDiff = 3  (X,Y) = (1425, 1555)  Position Error = 52.3927
TrainID = 785  dbValue = 1.53125  nTestCell = 45  nTrainCell = 43  nDiff = 2  (X,Y) = (1415, 1555)  Position Error = 49.2443
TrainID = 692  dbValue = 1.54204  nTestCell = 45  nTrainCell = 45  nDiff = 0  (X,Y) = (1465, 1535)  Position Error = 67.1193
TrainID = 739  dbValue = 1.57829  nTestCell = 45  nTrainCell = 43  nDiff = 2  (X,Y) = (1395, 1555)  Position Error = 48.8365
TrainID = 1100  dbValue = 1.6023  nTestCell = 45  nTrainCell = 42  nDiff = 3  (X,Y) = (1425, 1545)  Position Error = 43.4166
TrainID = 1032  dbValue = 1.6264  nTestCell = 45  nTrainCell = 42  nDiff = 3  (X,Y) = (1395, 1575)  Position Error = 68.593
TrainID = 772  dbValue = 1.7421  nTestCell = 45  nTrainCell = 42  nDiff = 3  (X,Y) = (1465, 1555)  Position Error = 77.6209
TrainID = 1091  dbValue = 1.76996  nTestCell = 45  nTrainCell = 43  nDiff = 2  (X,Y) = (1345, 1515)  Position Error = 59.5399
TrainID = 182  dbValue = 1.78341  nTestCell = 45  nTrainCell = 43  nDiff = 2  (X,Y) = (1355, 1545)  Position Error = 62.0081
TrainID = 1110  dbValue = 1.78617  nTestCell = 45  nTrainCell = 43  nDiff = 2  (X,Y) = (1415, 1585)  Position Error = 78.7718
TrainID = 410  dbValue = 2.10449  nTestCell = 45  nTrainCell = 42  nDiff = 3  (X,Y) = (1405, 1615)  Position Error = 108.005
TrainID = 130  dbValue = 2.16282  nTestCell = 45  nTrainCell = 42  nDiff = 3  (X,Y) = (1345, 1605)  Position Error = 114.39
TrainID = 612  dbValue = 2.1874  nTestCell = 45  nTrainCell = 43  nDiff = 2  (X,Y) = (1345, 1615)  Position Error = 123.065
TrainID = 690  dbValue = 2.50133  nTestCell = 45  nTrainCell = 43  nDiff = 2  (X,Y) = (1465, 1455)  Position Error = 80.1561
TrainID = 914  dbValue = 2.7081  nTestCell = 45  nTrainCell = 42  nDiff = 3  (X,Y) = (1305, 1615)  Position Error = 146.509
TrainID = 323  dbValue = 2.72177  nTestCell = 45  nTrainCell = 44  nDiff = 1  (X,Y) = (1305, 1605)  Position Error = 139.302
TrainID = 310  dbValue = 2.82232  nTestCell = 45  nTrainCell = 44  nDiff = 1  (X,Y) = (1385, 1425)  Position Error = 84.1724
TrainID = 181  dbValue = 2.82358  nTestCell = 45  nTrainCell = 43  nDiff = 2  (X,Y) = (1355, 1425)  Position Error = 95.5249
TrainID = 1031  dbValue = 3.2427  nTestCell = 45  nTrainCell = 43  nDiff = 2  (X,Y) = (1315, 1665)  Position Error = 181.342
TrainID = 1146  dbValue = 3.59728  nTestCell = 45  nTrainCell = 44  nDiff = 1  (X,Y) = (1415, 1405)  Position Error = 102.591
TrainID = 627  dbValue = 3.61948  nTestCell = 45  nTrainCell = 43  nDiff = 2  (X,Y) = (1325, 1695)  Position Error = 203.924
TrainID = 708  dbValue = 3.86449  nTestCell = 45  nTrainCell = 44  nDiff = 1  (X,Y) = (1455, 1405)  Position Error = 114.039
TrainID = 1061  dbValue = 4.05954  nTestCell = 45  nTrainCell = 44  nDiff = 1  (X,Y) = (1445, 1385)  Position Error = 128.705
TrainID = 1145  dbValue = 4.11395  nTestCell = 45  nTrainCell = 45  nDiff = 0  (X,Y) = (1495, 1405)  Position Error = 136.693
TrainID = 749  dbValue = 4.83709  nTestCell = 45  nTrainCell = 42  nDiff = 3  (X,Y) = (1525, 1415)  Position Error = 152.003
TrainID = 282  dbValue = 4.88636  nTestCell = 45  nTrainCell = 42  nDiff = 3  (X,Y) = (1405, 1365)  Position Error = 142.004
TrainID = 994  dbValue = 5.18755  nTestCell = 45  nTrainCell = 42  nDiff = 3  (X,Y) = (1505, 1405)  Position Error = 143.544
TrainID = 615  dbValue = 5.27574  nTestCell = 45  nTrainCell = 42  nDiff = 3  (X,Y) = (1545, 1415)  Position Error = 168.36
TrainID = 334  dbValue = 5.3411  nTestCell = 45  nTrainCell = 44  nDiff = 1  (X,Y) = (1495, 1335)  Position Error = 194.589
TrainID = 899  dbValue = 5.42174  nTestCell = 45  nTrainCell = 42  nDiff = 3  (X,Y) = (1405, 1325)  Position Error = 182.003
TrainID = 918  dbValue = 5.50024  nTestCell = 45  nTrainCell = 42  nDiff = 3  (X,Y) = (1435, 1335)  Position Error = 174.771
TrainID = 711  dbValue = 5.52006  nTestCell = 45  nTrainCell = 42  nDiff = 3  (X,Y) = (1585, 1445)  Position Error = 191.324
TrainID = 316  dbValue = 5.57315  nTestCell = 45  nTrainCell = 42  nDiff = 3  (X,Y) = (1545, 1375)  Position Error = 193.145
TrainID = 424  dbValue = 5.64632  nTestCell = 45  nTrainCell = 42  nDiff = 3  (X,Y) = (1545, 1405)  Position Error = 174.026
TrainID = 242  dbValue = 5.65461  nTestCell = 45  nTrainCell = 42  nDiff = 3  (X,Y) = (1575, 1435)  Position Error = 185.54
TrainID = 685  dbValue = 5.85985  nTestCell = 45  nTrainCell = 42  nDiff = 3  (X,Y) = (1515, 1345)  Position Error = 196.38
TrainID = 538  dbValue = 6.01414  nTestCell = 45  nTrainCell = 42  nDiff = 3  (X,Y) = (1575, 1355)  Position Error = 228.79
TrainID = 535  dbValue = 6.46028  nTestCell = 45  nTrainCell = 42  nDiff = 3  (X,Y) = (1535, 1335)  Position Error = 216.206
TrainID = 933  dbValue = 6.4754  nTestCell = 45  nTrainCell = 42  nDiff = 3  (X,Y) = (1605, 1395)  Position Error = 230.098
TrainID = 558  dbValue = 6.49911  nTestCell = 45  nTrainCell = 42  nDiff = 3  (X,Y) = (1575, 1355)  Position Error = 228.79
