trainID = 411  2.9744  3.1378  1.3325  1.192  3.1616  0.502  0.9741  0.3349  2.405  2.2767  3.2884  1.7727  1.7579  0.6059  0.3636  4.0071  3.1371  4.1755  1.367  0.8426  1.8948  0.756  17.0293  2.4271  12.9901  4.9903  4.7624  2.6176  0.169  0.7968  0.5527  2.6544  0.629  2.2967  6.0927  3.5129  1.9212  3.0426  1.178  0.299  3.7642  1.606  3.8013  3.2037  0.955  0.4883  
trainID = 417  2.2149  0.5932  4.5864  0.3542  0.6871  0.3695  1.259  3.2  1.463  0.5077  3.56  1.2464  0.8031  0.8826  1.8904  1.8627  0.166  0.7203  1.749  1.5609  1.675  0.904  1.8701  0.0101  2.2301  13.5171  10.8823  1.2494  4.9257  2.2573  3.1292  1.281  1.6767  1.7226  0.0863  0.66  1.8087  5.5688  1.1664  0.8139  1.4941  1.2496  2.4831  3.034  3.473  0.7019  1.093  0.844  1.9319  
trainID = 427  0.1857  0.2163  3.3574  2.7061  2.4843  2.5308  3.5317  5.4514  0.397  0.6306  1.05  1.609  0.0769  1.6125  1.5381  0.7135  2.8673  4.5369  3.5531  1.6588  2.785  0.236  0.6729  1.2289  1.4774  11.5604  1.9461  8.4918  2.8089  0.2231  0.4118  1.307  0.9819  1.3166  0.7216  4.256  1.5597  0.8569  2.588  2.2751  2.2519  0.2766  1.5968  3.8103  2.413  0.0521  2.0784  2.217  1.6959  
trainID = 455  2.3861  1.1893  3.0024  3.0825  1.7259  2.9408  2.431  0.7321  0.056  1.3808  2.831  0.041  2.7092  2.9707  0.8129  1.5741  0.7637  0.5919  2.5394  0.9811  3.3951  38.2593  3.0548  3.6161  4.0076  1.2142  9.6517  14.3591  1.9902  0.0663  4.9967  0.0569  1.449  2.0807  4.2701  1.9669  4.4923  1.0237  1.652  0.8024  1.219  2.224  1.9429  0.941  2.388  0.9898  
trainID = 476  0.6718  0.1134  1.5771  2.8128  0.6081  0.3449  3.7557  2.1134  3.278  2.339  2.598  0.272  1.061  2.7025  0.9207  0.1314  1.7167  1.9306  1.3984  0.3796  0.5432  1.2366  1.3868  0.823  3.5949  1.3129  2.8825  1.8215  0.3938  0.2543  2.1946  0.2856  1.1794  0.0826  2.405  0.1576  0.5619  1.1445  0.4691  0.7942  0.0955  1.6236  0.326  3.202  1.7566  0.824  1.465  0.8677  
trainID = 604  1.3594  4.1331  2.3624  0.2231  0.8031  0.4763  0.249  2.7028  0.381  1.6333  1.2862  0.7131  0.2393  2.8605  5.2696  1.0605  0.4625  2.6248  3.8881  1.3033  1.6308  35.9323  2.4985  0.6102  3.0015  4.8634  0.1252  5.7427  0.0885  2.5797  2.0997  0.6757  0.751  1.4762  1.2697  0.3808  2.9828  2.5597  0.3385  3.0323  0.739  1.051  3.1082  2.047  0.54  1.419  
trainID = 689  0.6572  3.8279  2.3788  1.502  2.5752  0.642  0.0675  1.074  1.725  2.3547  5.0635  0.3487  2.9514  0.5028  1.0241  0.7599  2.9497  3.2233  0.273  0.3706  0.4761  1.2083  14.3247  1.5593  15.3266  3.9138  5.006  0.088  3.4256  0.2159  2.4826  1.5006  2.01  2.6947  7.1101  0.0925  2.1417  4.7296  2.4107  1.0498  3.7354  3.9543  1.3129  3.9759  3.3638  0.0172  
trainID = 710  2.7588  1.4305  2.3524  1.7865  0.572  1.5048  0.58  1.8714  1.597  0.228  2.6537  0.048  3.3275  4.9983  2.8851  1.2878  0.5103  1.4018  2.7925  0.7959  1.6116  35.2279  3.817  2.632  3.6785  7.3811  0.3532  5.5729  0.3856  2.9634  3.6693  1.9695  0.034  1.6668  1.3478  1.6685  5.6831  2.6694  1.4291  4.4778  0.897  1.24  3.092  0.767  2.7472  1.8482  
trainID = 748  3.7408  0.8021  3.1414  1.3395  1.4225  2.1508  1.001  1.9194  1.176  2.1483  0.7359  1.051  3.4171  0.1339  1.444  3.9108  0.6844  0.7011  5.1731  0.1904  3.5856  2.139  0.4204  0.7076  0.9874  15.2533  14.3797  11.6801  5.7893  3.5259  2.4663  1.482  1.8482  3.3167  0.6876  0.121  2.2797  5.7997  2.2046  2.0691  2.3956  3.6401  0.0864  1.115  3.8935  0.5983  1.045  2.6507  2.5573  
trainID = 799  2.0839  0.5013  0.9918  0.783  1.4618  0.321  1.5739  1.341  2.491  1.8844  4.7745  0.6221  1.9677  1.1454  0.7198  3.3151  1.2208  2.2431  0.183  1.1741  2.2367  0.4449  13.2341  0.4894  14.4102  6.5684  3.5348  1.7376  1.949  0.4271  1.0048  0.4445  3.085  1.2287  3.4184  1.9426  2.2801  0.2961  0.7239  1.717  1.953  4.558  0.5631  1.261  1.571  2.5166  
trainID = 829  1.0048  1.346  4.8054  2.1938  3.4015  0.511  3.0921  2.681  0.038  0.1977  1.836  0.5689  0.2474  4.3327  0.9139  1.6317  1.6463  2.0786  2.2759  2.3652  2.1681  0.983  0.0509  2.9383  0.4849  11.065  0.4574  8.564  4.4589  2.2056  0.6203  0.327  0.948  0.876  0.9515  2.182  3.0977  3.2785  0.7033  3.1439  0.4281  1.272  1.3487  1.108  3.458  1.4345  2.1754  1.933  0.7605  
trainID = 1039  1.7135  0.993  0.383  0.3864  1.0662  3.6067  2.243  2.5561  1.419  2.7762  1.3135  0.058  1.3339  3.1528  1.5067  0.3732  1.9224  0.7367  3.9291  0.8947  0.8633  0.793  0.4725  3.1436  0.9152  6.291  2.9367  0.4902  0.2279  3.8964  0.4731  1.522  2.9252  1.4479  1.0191  2.377  1.8945  1.7776  1.2141  3.4249  2.7847  1.6221  2.3995  0.787  2.515  0.9685  
trainID = 1134  1.8331  0.3489  5.6704  1.7015  1.5537  0.3848  0.644  1.5707  0.429  0.6125  0.0982  0.707  0.6059  1.4947  1.278  2.5885  0.548  0.4712  2.7125  0.2539  2.9991  36.7008  1.4938  0.222  3.1566  2.5119  11.1185  13.7104  2.2905  1.8229  2.9553  0.9414  1.562  2.4677  4.808  1.6792  0.7712  3.0546  1.5217  1.5575  2.1975  3.55  3.2081  1.7484  2.637  0.0793  
trainID = 1185  1.1049  2.069  0.7408  1.164  1.0954  0.983  0.3503  0.444  1.3349  2.1295  1.6434  1.8116  0.5107  0.7055  0.1275  3.2001  2.7421  3.0002  1.542  0.0022  0.2223  0.532  20.0308  4.6336  7.3174  3.3828  3.9066  4.0361  2.1396  0.1111  1.8223  1.4577  2.227  2.5417  4.0467  1.0023  1.0766  3.2966  0.8055  1.2377  1.228  1.903  1.954  1.4427  0.892  0.1087  
TrainID = 476  dbValue = 1.34186  nTestCell = 49  nTrainCell = 48  nDiff = 1  (X,Y) = (1315, 2495)  Position Error = 41.8808
TrainID = 1039  dbValue = 1.77274  nTestCell = 49  nTrainCell = 46  nDiff = 3  (X,Y) = (1275, 2435)  Position Error = 37.3363
TrainID = 829  dbValue = 2.05287  nTestCell = 49  nTrainCell = 49  nDiff = 0  (X,Y) = (1345, 2535)  Position Error = 90.5207
TrainID = 417  dbValue = 2.11052  nTestCell = 49  nTrainCell = 49  nDiff = 0  (X,Y) = (1285, 2555)  Position Error = 83.1505
TrainID = 427  dbValue = 2.13887  nTestCell = 49  nTrainCell = 49  nDiff = 0  (X,Y) = (1345, 2525)  Position Error = 83.8689
TrainID = 1185  dbValue = 2.17513  nTestCell = 49  nTrainCell = 46  nDiff = 3  (X,Y) = (1325, 2605)  Position Error = 140.407
TrainID = 799  dbValue = 2.26945  nTestCell = 49  nTrainCell = 46  nDiff = 3  (X,Y) = (1365, 2545)  Position Error = 112.045
TrainID = 604  dbValue = 2.5125  nTestCell = 49  nTrainCell = 46  nDiff = 3  (X,Y) = (1185, 2485)  Position Error = 95.8853
TrainID = 689  dbValue = 2.66081  nTestCell = 49  nTrainCell = 46  nDiff = 3  (X,Y) = (1385, 2595)  Position Error = 161.722
TrainID = 411  dbValue = 2.69652  nTestCell = 49  nTrainCell = 46  nDiff = 3  (X,Y) = (1345, 2585)  Position Error = 130.361
TrainID = 748  dbValue = 2.75528  nTestCell = 49  nTrainCell = 49  nDiff = 0  (X,Y) = (1265, 2605)  Position Error = 133.843
TrainID = 710  dbValue = 2.91766  nTestCell = 49  nTrainCell = 46  nDiff = 3  (X,Y) = (1165, 2525)  Position Error = 126.625
TrainID = 1134  dbValue = 2.96243  nTestCell = 49  nTrainCell = 46  nDiff = 3  (X,Y) = (1255, 2555)  Position Error = 86.6833
TrainID = 455  dbValue = 3.19243  nTestCell = 49  nTrainCell = 46  nDiff = 3  (X,Y) = (1235, 2575)  Position Error = 112.401
