trainID = 188  1.2988  1.6661  1.348  0.6933  1.3759  1.4004  1.228  1.144  2.2351  1.0423  0.357  2.5445  2.3335  2.0438  0.6801  2.1616  0.5887  0.5345  0.597  2.9842  1.5601  2.6392  0.943  0.081  0.1934  3.5493  2.0261  5.772  1.6038  0.3713  2.3082  2.6039  1.9278  1.353  2.9051  3.264  5.4076  0.1302  0.6274  2.6444  2.6085  0.7289  33.9167  1.779  
trainID = 336  3.2549  4.236  0.99  3.2283  1.8746  1.9966  34.0286  0.4098  2.7599  0.7152  5.8989  4.7335  0.3175  0.3821  1.0963  0.023  0.71  0.6188  5.125  1.7018  0.907  1.665  4.2345  1.0985  3.5806  3.4489  7.1942  0.2953  1.3009  0.0343  6.8611  3.8423  0.0904  0.607  2.3772  2.5478  3.5526  0.5434  1.7723  4.5901  3.195  1.414  1.7922  31.8609  
trainID = 340  2.6615  3.3077  1.058  0.8067  1.7909  0.804  1.547  0.1241  1.1181  0.541  0.9507  1.0266  0.5751  0.9192  0.8739  1.8717  1.2169  1.4283  2.0143  2.4573  2.242  35.3384  0.796  5.0658  1.1897  8.9361  5.0247  0.2319  0.4405  2.6043  1.3097  1.2091  2.4951  1.4201  1.0323  0.9718  1.7222  1.0949  1.755  1.0801  2.154  2.343  0.692  31.9347  0.827  
trainID = 444  2.6619  0.7091  0.933  1.6293  1.0033  2.0128  0.684  3.1621  0.9491  2.2558  0.085  0.092  4.2529  4.5701  0.1769  0.4422  4.5577  1.8017  2.3616  0.3699  4.2765  0.7107  0.45  2.092  0.2115  0.6827  1.457  4.7536  6.0692  9.6762  0.8841  1.3377  3.1344  0.1724  2.2141  0.499  0.1309  2.406  3.2286  0.3315  3.5945  1.9137  1.669  0.738  0.1815  33.8299  0.437  
trainID = 472  1.3148  0.6723  1.422  0.5015  2.8676  1.324  1.1478  0.4611  0.8631  1.5516  0.6156  0.042  1.7174  2.5051  0.0846  0.0991  1.0046  1.1853  0.961  2.569  2.4634  35.7534  1.2368  2.2571  0.856  7.0237  6.5865  1.5775  0.2597  1.426  0.8723  0.4978  5.0921  0.7844  1.2425  1.7417  0.1672  0.4371  0.9584  2.728  5.4374  1.535  2.2589  32.8388  
trainID = 513  2.2314  0.2289  0.922  2.2573  0.8815  1.7465  1.943  2.1078  3.2621  1.922  1.0891  0.25  3.425  0.2149  1.8317  1.1785  1.5997  2.4825  4.9184  2.2653  4.3148  34.1664  0.6743  3.0639  2.4765  14.9566  12.6831  6.2633  0.0752  3.3573  0.2864  3.4087  1.7321  1.2671  4.5517  1.41  0.8006  0.6503  0.7816  2.1161  2.136  3.4227  0.962  32.4891  
trainID = 519  0.6264  0.4446  1.11  0.3162  0.1871  1.8435  0.37  1.1462  2.1151  0.6912  0.5773  2.53  1.2202  2.7233  0.1479  2.1943  1.1284  0.3252  0.824  1.1428  3.3653  1.1256  0.46  1.838  0.1746  0.4924  2.3366  3.5572  1.4869  4.4015  3.8212  4.281  0.8224  1.0778  3.0231  2.9847  0.4527  1.7385  0.0303  4.4321  0.1084  2.2505  1.828  0.825  0.6502  0.479  
trainID = 536  5.0358  1.8684  1.699  1.0263  0.331  0.645  1.951  1.5791  1.6341  0.3763  1.1246  0.111  4.6472  6.6486  0.7371  0.9582  1.1823  2.3375  1.471  0.7991  3.7272  0.2627  0.703  2.015  2.6467  0.7828  3.9285  0.7525  1.5035  4.9352  1.2984  1.065  5.4189  0.9096  0.5142  0.494  0.7941  1.4751  2.3521  0.4584  0.8121  2.381  1.456  0.916  1.3759  34.0354  
trainID = 545  2.4966  0.2501  0.508  0.831  0.9648  1.2984  0.468  1.7006  1.9171  0.694  0.024  2.6529  0.6533  0.7217  1.4333  3.4014  0.7384  1.2324  2.447  0.6567  0.8046  35.7334  2.924  0.2171  1.0824  1.2432  2.6987  0.162  0.5786  0.2461  0.5618  0.6268  2.9321  0.2661  0.4916  0.7524  0.9644  1.3297  2.8765  1.7794  1.996  1.325  1.5538  0.742  
trainID = 649  0.61  0.0808  2.3391  1.7883  1.5752  2.8752  1.3196  1.4003  3.8071  2.5604  0.7237  0.451  3.2708  3.6914  2.1801  2.461  0.589  0.161  2.1871  1.4792  1.8798  0.0958  0.051  1.923  0.4829  1.9737  1.023  3.9219  2.4433  2.0368  0.1777  4.2291  1.9948  1.5496  3.0951  3.7581  3.7776  0.1185  0.4574  2.0611  0.0342  0.5825  35.3917  0.538  
trainID = 834  1.2005  3.5078  0.985  1.5344  0.4128  1.7584  0.342  0.9676  3.2551  0.9127  2.065  0.211  1.18  0.5772  0.707  2.1529  1.0692  3.0868  1.18  0.9493  4.7295  35.9264  2.3334  3.4944  1.3738  18.8994  3.7719  4.5412  0.2502  4.7213  0.4737  0.0956  2.6771  2.2151  2.9988  0.3907  2.9948  0.3024  0.5137  2.9439  2.508  2.4  0.368  31.9374  2.507  
trainID = 879  2.5413  1.2272  0.782  0.5629  0.6064  0.274  1.337  0.7666  1.7741  0.9551  1.7099  2.3298  0.6448  5.7621  0.6755  1.0201  2.2141  0.9915  0.081  2.1756  0.2273  0.4078  0.438  0.838  0.614  1.0685  2.244  0.1496  2.0556  3.5744  3.1611  1.0272  0.2387  0.3032  1.2251  2.1498  2.011  1.4388  0.594  1.2231  1.1517  1.4157  32.5367  0.652  
trainID = 899  5.112  0.4912  1.825  1.5363  0.5211  1.18  34.9436  3.4629  2.2444  1.9623  7.234  5.4662  1.9452  2.5894  5.9801  2.9675  0.365  1.039  6.3608  2.1397  0.326  2.492  2.4745  0.1982  2.3849  0.7182  19.2903  7.1072  3.046  3.2695  6.6025  2.9685  0.2896  0.9346  0.642  2.0355  3.5178  0.5684  2.5939  1.9163  3.328  4.1087  2.5354  31.9283  0.631  
trainID = 900  1.8906  2.7021  0.443  0.1509  0.7671  0.912  0.105  1.086  1.1181  0.0761  0.015  0.019  3.4398  5.5155  1.2081  0.7605  2.9447  2.4131  0.322  0.4937  2.3192  0.0756  1.382  2.308  4.6974  1.0354  2.1271  2.1072  4.926  3.7029  1.6791  0.1249  2.236  1.7  2.0521  1.0218  0.1843  4.0457  1.1166  1.7985  2.0617  1.5614  4.4488  0.155  3.1228  33.7815  0.631  
trainID = 918  4.6583  1.9264  0.264  3.1013  0.1441  1.276  34.9236  4.8631  1.1374  0.2  8.4203  2.8749  0.6023  1.0348  4.163  4.3842  1.2435  1.0048  5.7058  0.4515  1.378  0.344  2.5465  0.4231  0.0545  0.9567  21.4378  7.6133  2.0581  2.753  5.6961  1.2878  0.4343  0.7841  0.6445  4.1189  0.9774  1.1267  4.3522  1.9891  0.994  5.3298  1.8428  33.746  0.171  
trainID = 990  2.5425  3.5687  2.4463  2.5299  0.8816  3.0479  1.989  0.2013  1.2011  0.5276  0.621  1.9477  3.6569  4.8999  2.9378  3.0718  1.9078  3.3808  2.2802  1.1285  1.0305  0.4438  0.847  2.103  0.7546  1.9167  0.6001  6.1405  1.8316  1.2536  3.2488  4.9618  1.2015  0.0138  2.2021  5.1642  4.9071  0.7316  2.2357  2.762  1.8535  0.3429  35.4857  1.142  
trainID = 1010  1.9666  0.7841  2.7784  1.2304  2.3036  1.6734  0.4539  1.1737  1.7251  1.1115  1.274  0.039  1.1739  2.166  0.7764  0.5039  0.8956  0.3659  0.082  3.2453  5.2852  36.2244  0.0214  2.1893  4.181  13.2274  3.372  2.1273  0.5737  2.5273  1.648  1.2206  2.5181  2.3561  1.4131  1.8603  2.2953  0.9706  2.8456  2.0511  2.465  2.701  0.3679  31.372  
trainID = 1038  2.1361  1.3888  0.226  0.5817  0.7898  1.3847  0.708  1.4315  0.5221  1.1841  2.1935  0.022  0.1816  3.3663  2.3625  0.2806  0.8434  0.0246  0.522  1.5151  0.6685  0.4795  0.88  2.338  0.7081  1.9146  0.0097  0.4258  1.4724  1.1908  0.8834  2.4025  1.4041  2.6534  1.141  0.4401  2.6203  3.098  1.0543  2.2651  0.2503  0.0771  1.606  0.128  0.462  
trainID = 1058  0.1568  1.392  0.999  1.6394  1.2043  3.6524  2.733  0.8901  3.2161  0.5548  0.068  2.08  3.6003  4.3911  0.1822  1.8044  0.6104  0.4699  1.5414  0.2525  2.5947  1.2038  0.007  2.562  3.8022  0.9009  0.7424  6.6062  8.1277  10.3293  1.2801  2.106  1.8079  1.1037  0.0133  0.3073  0.5362  3.1834  1.8274  2.2722  0.6141  5.1753  2.931  0.104  1.608  33.0707  0.65  
trainID = 1102  0.0955  2.6573  2.7794  2.3881  0.8639  3.5451  2.124  1.2324  3.2701  0.2965  0.3872  1.2006  1.5048  5.5315  1.1017  0.4514  2.3535  1.0132  1.5875  1.8484  3.5541  0.2849  0.073  2.518  0.8885  0.3102  1.1598  0.9073  0.6846  1.6624  3.0976  2.7603  0.6686  3.2125  0.4983  1.9775  4.4938  1.3197  0.5076  1.6607  1.834  2.138  35.0187  0.217  0.313  
trainID = 1124  2.4657  0.1512  2.3957  0.8843  0.4607  0.224  2.041  1.9903  1.5581  1.5231  0.589  1.7272  5.447  3.9197  1.2076  0.5339  0.0374  1.413  3.1294  0.0614  2.9908  1.7773  0.923  1.866  0.1526  1.7671  0.3309  8.3659  11.6097  12.1329  1.9935  2.2772  3.0865  1.7456  0.282  0.6725  0.3702  3.0554  2.3272  2.0466  2.6178  3.5558  2.716  2.138  2.357  33.6279  0.034  
trainID = 1196  3.7468  3.4769  0.674  0.7401  1.3339  2.1133  4.057  0.2193  1.7871  0.6282  1.3971  0.7591  1.3929  4.4948  0.8161  0.7401  3.4952  2.0379  1.032  2.295  0.1633  1.1456  0.771  3.023  1.6396  1.371  0.6319  0.4635  2.8675  2.5883  2.3752  2.0568  1.3087  1.2657  0.0044  2.2769  1.3746  3.3012  0.5844  1.4268  0.454  3.5018  3.764  1.4  0.4644  30.8552  
TrainID = 1038  dbValue = 1.16083  nTestCell = 47  nTrainCell = 45  nDiff = 2  (X,Y) = (1465, 1145)  Position Error = 19.6469
TrainID = 519  dbValue = 1.51536  nTestCell = 47  nTrainCell = 46  nDiff = 1  (X,Y) = (1455, 1175)  Position Error = 38.2884
TrainID = 545  dbValue = 2.02221  nTestCell = 47  nTrainCell = 44  nDiff = 3  (X,Y) = (1505, 1175)  Position Error = 32.6497
TrainID = 879  dbValue = 2.02673  nTestCell = 47  nTrainCell = 44  nDiff = 3  (X,Y) = (1425, 1185)  Position Error = 68.6003
TrainID = 1196  dbValue = 2.35469  nTestCell = 47  nTrainCell = 46  nDiff = 1  (X,Y) = (1435, 1225)  Position Error = 89.5879
TrainID = 900  dbValue = 2.39967  nTestCell = 47  nTrainCell = 47  nDiff = 0  (X,Y) = (1425, 1235)  Position Error = 103.47
TrainID = 1102  dbValue = 2.39983  nTestCell = 47  nTrainCell = 45  nDiff = 2  (X,Y) = (1415, 1165)  Position Error = 70.6116
TrainID = 536  dbValue = 2.46035  nTestCell = 47  nTrainCell = 46  nDiff = 1  (X,Y) = (1415, 1235)  Position Error = 109.481
TrainID = 649  dbValue = 2.48061  nTestCell = 47  nTrainCell = 44  nDiff = 3  (X,Y) = (1455, 1115)  Position Error = 45.4533
TrainID = 188  dbValue = 2.48183  nTestCell = 47  nTrainCell = 44  nDiff = 3  (X,Y) = (1435, 1105)  Position Error = 66.5282
TrainID = 444  dbValue = 2.59132  nTestCell = 47  nTrainCell = 47  nDiff = 0  (X,Y) = (1465, 1235)  Position Error = 87.0976
TrainID = 1058  dbValue = 2.7001  nTestCell = 47  nTrainCell = 47  nDiff = 0  (X,Y) = (1465, 1255)  Position Error = 106.705
TrainID = 990  dbValue = 2.90778  nTestCell = 47  nTrainCell = 44  nDiff = 3  (X,Y) = (1425, 1105)  Position Error = 74.2024
TrainID = 1124  dbValue = 2.94849  nTestCell = 47  nTrainCell = 47  nDiff = 0  (X,Y) = (1485, 1265)  Position Error = 115.004
TrainID = 340  dbValue = 3.13341  nTestCell = 47  nTrainCell = 45  nDiff = 2  (X,Y) = (1545, 1215)  Position Error = 89.1403
TrainID = 472  dbValue = 3.15775  nTestCell = 47  nTrainCell = 44  nDiff = 3  (X,Y) = (1525, 1215)  Position Error = 76.8505
TrainID = 1010  dbValue = 3.44401  nTestCell = 47  nTrainCell = 44  nDiff = 3  (X,Y) = (1565, 1225)  Position Error = 110.39
TrainID = 834  dbValue = 3.63161  nTestCell = 47  nTrainCell = 45  nDiff = 2  (X,Y) = (1575, 1255)  Position Error = 138.946
TrainID = 336  dbValue = 3.70242  nTestCell = 47  nTrainCell = 44  nDiff = 3  (X,Y) = (1395, 1265)  Position Error = 145.417
TrainID = 513  dbValue = 3.9728  nTestCell = 47  nTrainCell = 44  nDiff = 3  (X,Y) = (1525, 1265)  Position Error = 122.09
TrainID = 918  dbValue = 4.12087  nTestCell = 47  nTrainCell = 45  nDiff = 2  (X,Y) = (1435, 1335)  Position Error = 191.379
TrainID = 899  dbValue = 4.3394  nTestCell = 47  nTrainCell = 45  nDiff = 2  (X,Y) = (1405, 1325)  Position Error = 192.005
