trainID = 368  0.2963  0.444  2.159  0.5034  0.8712  1.0631  0.3994  1.5875  2.5566  2.6358  1.1803  0.6443  7.2273  3.5576  2.7094  1.5933  0.6204  2.8759  3.003  2.0624  6.0515  0.1748  0.281  0.947  2.6366  1.6787  0.9508  3.6197  4.9686  8.0559  0.6191  3.7154  0.9974  4.8599  0.778  0.4892  0.6321  0.0165  1.203  0.2355  2.3213  2.6759  
trainID = 377  2.6652  2.5666  0.101  3.2335  0.6523  1.396  4.509  0.2817  0.119  0.3055  0.4933  2.495  3.115  4.8741  0.4885  2.5934  3.4807  2.4545  0.316  1.0453  0.5378  0.1437  0.99  2.7431  2.2666  3.3301  2.3776  2.1691  1.25  1.753  0.8915  5.7723  4.313  0.7817  1.959  0.5302  1.0822  2.9596  2.973  0.7077  0.1919  1.0756  0.996  0.333  2.4486  
trainID = 438  4.8857  2.1857  1.931  0.4561  0.47  4.327  35.1489  1.5626  3.9198  3.361  6.305  7.3901  3.4505  0.5907  2.2214  4.071  2.215  2.1939  1.7858  2.5795  1.22  1.138  3.4421  3.2718  1.0783  2.5468  6.9268  5.0518  3.0749  4.3896  7.819  0.671  2.97  0.5058  0.3993  3.3532  2.3005  1.2479  0.3489  0.494  0.125  2.669  3.2323  
trainID = 456  0.0618  1.318  0.654  1.9473  3.47  1.6547  2.729  0.6053  0.905  1.0194  0.3521  0.249  0.3643  1.3127  1.4136  2.3162  1.7316  1.1781  1.9028  3.7463  0.7852  1.3906  1.227  0.385  0.8074  0.6034  0.3316  5.5998  5.5306  1.1077  0.7325  5.2356  1.6028  3.5785  1.91  2.6799  0.3285  2.8175  2.0166  1.2418  1.0041  0.1964  0.81  1.77  0.443  
trainID = 489  1.2437  4.8058  3.6262  1.1942  5.4094  3.6445  0.135  0.5376  0.687  0.6727  3.195  4.7548  0.1655  19.4281  10.2915  1.4154  4.8635  2.1792  0.3246  5.5808  3.164  0.1248  3.2698  2.4314  4.5274  2.718  10.4136  6.4219  9.0246  12.7862  3.4515  6.3338  5.1188  6.5376  2.833  4.4684  7.6956  1.0382  1.6695  6.0635  2.2513  3.1081  
trainID = 493  2.7778  2.2839  2.0235  2.0149  5.104  1.7909  0.636  1.2475  1.906  2.8264  3.8783  3.1926  6.9477  17.7438  10.819  1.3894  5.1171  5.0568  0.943  8.23  3.0922  0.8546  0.937  2.2194  4.9801  0.2333  8.7609  7.2183  10.1087  10.437  4.7341  7.0186  2.9328  5.1097  0.626  3.5042  6.9997  0.0661  1.7465  3.4275  3.4473  5.3921  
trainID = 508  1.3206  0.347  0.358  0.1283  1.8049  0.0348  0.6592  1.1702  0.022  0.9345  0.8551  0.4219  3.3793  5.6822  1.2958  1.7386  0.4995  1.4926  0.821  1.7621  1.2506  0.6861  1.904  0.095  0.9728  0.3672  0.0565  0.0532  3.2056  3.2475  1.549  0.929  2.8096  1.5476  1.798  0.0968  1.8387  1.3554  1.0173  0.066  1.6345  1.2864  33.8176  
trainID = 546  1.691  0.8599  1.482  0.5556  2.7378  0.6541  2.444  0.7972  0.556  1.7536  1.6673  1.8156  1.392  3.3617  0.8905  1.4812  0.4755  3.3093  0.052  1.3126  2.5398  1.873  0.079  1.206  2.0975  0.4793  1.9193  8.1763  5.0195  5.0751  0.6091  5.3896  4.6192  1.7061  1.783  1.7709  1.0079  4.3057  0.1128  1.838  0.9515  2.3437  0.231  1.811  0.1442  
trainID = 550  2.1106  1.7267  1.058  1.5335  2.3416  0.8086  1.851  0.1209  0.449  0.7145  0.2157  0.9901  3.9507  4.6829  0.5807  1.4908  0.3994  1.5412  0.046  0.4716  0.7996  1.5964  1.08  2.834  0.8569  0.5822  2.6266  3.6551  1.5469  1.1494  0.87  2.6252  3.6571  2.2008  3.1421  2.4246  0.5138  1.2748  1.8267  1.7164  0.5352  0.6201  1.019  0.838  1.6289  
trainID = 553  0.9658  0.5078  1.4285  0.011  4.3462  1.5773  2.483  0.1821  2.4268  0.9697  0.4472  2.0226  1.4903  0.8181  1.369  2.9473  0.1294  1.392  2.6946  1.2611  0.6318  32.9247  0.6504  0.6866  1.7995  3.8308  0.4692  1.3426  1.0838  2.4933  3.2769  4.2687  1.994  2.2549  2.4461  2.1479  0.4556  1.7778  1.0773  0.1275  0.435  0.556  0.2664  
trainID = 554  0.2595  2.1064  0.603  2.239  2.619  1.11  0.802  0.7479  0.65  1.157  1.4813  0.807  2.0769  2.4531  2.3671  0.7687  0.8091  1.4668  2.2044  1.659  0.5427  0.2704  2.2046  1.2246  9.2443  0.4994  9.3964  1.57  2.8739  0.4564  4.676  2.123  4.816  4.302  3.2192  1.7817  0.5395  2.067  0.964  2.02  0.435  0.3167  
trainID = 632  2.497  0.6036  1.738  0.6175  1.0684  1.4834  0.8385  1.819  1.521  4.1463  1.8233  1.8981  8.1642  0.676  3.8407  2.5588  1.6279  2.6836  2.178  2.5128  4.7792  0.7288  1.111  0.839  2.179  0.1086  2.0463  6.7768  5.9141  7.9406  0.8537  5.6549  1.3477  6.963  1.14  1.396  4.2451  0.6161  0.3952  1.4282  0.347  1.4831  
trainID = 664  4.5033  3.9487  2.1546  1.4853  1.2796  0.4573  1.64  0.7446  0.371  3.3367  3.5305  2.2125  3.3006  11.7977  3.985  0.8474  6.158  0.6142  2.252  5.748  2.3423  3.8203  4.5714  1.551  2.7363  1.9571  8.7247  4.0965  9.2299  7.4707  4.242  1.9407  5.6527  2.9503  0.283  1.9794  8.3357  1.3108  3.9826  4.0375  2.6263  3.9238  
trainID = 696  1.0904  3.0958  1.3076  0.9675  1.8095  0.3319  1.55  1.1496  2.0973  1.4735  2.4624  4.7323  4.0213  14.4976  7.4196  1.7933  4.1142  0.5414  1.242  3.3871  2.2199  1.3324  1.807  0.362  1.7385  3.1719  9.4427  5.0775  8.1242  9.5544  3.0712  4.8618  4.0593  6.0537  0.868  5.0969  7.3404  0.2762  3.0815  4.3815  2.3843  1.1909  
trainID = 697  0.6853  0.7891  1.269  2.8165  3.9969  1.443  1.17  0.1405  1.044  1.8537  1.2453  0.824  0.6206  4.6438  1.683  0.4298  0.9111  0.1911  0.144  1.9839  0.481  0.1496  0.228  0.224  1.4653  1.4845  0.7659  2.312  1.9263  0.5376  0.0871  1.2691  1.8567  2.8781  2.9671  0.3066  2.1253  1.1873  0.7954  0.5592  0.6882  0.1603  2.407  2.681  0.6656  
trainID = 705  1.0379  1.675  0.194  0.013  3.9517  0.5534  1.543  1.7117  0.543  1.8669  0.4569  0.6483  1.9725  2.0458  2.0558  0.4984  1.6921  2.102  0.355  2.2287  2.6086  0.0076  0.548  1.73  0.5987  0.061  1.3753  0.698  0.6115  1.1193  1.0705  2.1941  0.9436  0.9576  0.934  1.8321  1.3967  1.514  0.9226  0.9537  2.0742  0.3389  2.304  0.447  1.1011  
trainID = 726  1.0206  4.1074  0.5925  0.4888  1.1113  0.8495  3.088  0.1412  0.302  0.3422  5.1654  4.3183  0.4717  15.1507  3.4727  3.5389  3.8708  2.3475  0.2149  2.0956  4.0815  0.8945  4.008  1.061  1.0407  4.1624  6.2412  6.9441  8.2498  9.0709  3.5388  4.0011  4.2016  5.5136  1.377  4.1184  4.9642  1.2428  4.5099  2.1101  4.0333  0.4709  
trainID = 770  4.9423  0.8777  0.067  2.7445  2.3726  1.1264  2.3692  2.678  0.9061  7.5035  4.6076  2.2171  3.3723  4.7814  6.1763  0.2433  0.3248  4.047  2.021  0.748  0.153  3.1541  2.1684  0.3972  2.9283  17.0105  10.945  3.6941  6.1697  9.8705  2.7656  4.3615  4.222  3.7583  4.1248  7.085  1.634  2.7889  1.7313  0.62  3.0799  1.5417  
trainID = 791  2.9594  4.3782  1.4607  3.2275  0.3022  1.4924  1.493  1.3094  0.514  1.6082  2.2937  1.1979  5.3306  9.9325  0.5344  1.7353  1.1686  3.9042  0.783  2.2557  1.8471  2.7418  2.9847  0.725  3.2306  5.3574  2.9752  2.4827  6.7144  5.1951  1.8587  0.9093  3.3021  3.1384  3.7441  2.8802  6.1208  2.8665  3.7281  2.2679  1.3558  3.4933  34.8756  
trainID = 802  4.0672  0.7031  0.505  1.9469  0.9083  2.6226  1.0159  3.6371  0.148  0.9953  0.497  1.0499  10.9412  3.9301  4.7895  0.4444  0.271  4.0799  0.3834  1.1238  4.7784  1.1416  0.901  0.471  1.5945  0.9731  3.0222  4.3446  8.1155  8.1809  2.6735  4.6865  0.2782  4.2365  0.072  0.3016  4.3977  0.3714  1.1391  3.2255  1.6066  4.2109  34.6816  
trainID = 819  3.0259  2.7415  4.5258  1.3637  3.2172  3.9341  1.5794  1.5809  0.455  2.9122  1.8992  0.6154  11.8169  14.5493  9.473  1.1233  5.1453  6.3435  1.567  3.3793  6.6431  0.203  1.235  2.0456  3.6174  0.3108  7.978  8.1256  10.678  10.4173  2.7148  6.3805  2.3658  6.1177  0.748  3.4937  6.9173  0.2527  3.2728  3.2225  1.788  3.2783  
trainID = 827  3.0203  2.0582  1.0981  0.662  0.4918  0.316  2.699  0.352  0.028  1.7614  1.0253  0.307  0.5989  5.8974  1.6075  1.0749  0.5597  1.7287  2.178  0.6081  0.5248  2.2924  1.474  1.454  0.2214  3.0066  4.7669  0.2131  2.2542  1.9805  1.9206  1.0682  3.6764  2.0875  0.797  0.657  1.3732  1.6082  1.2209  0.0261  0.2893  0.2014  
trainID = 855  1.7805  3.1709  2.2083  0.7463  1.8638  2.693  1.2871  0.9259  2.2175  3.1814  3.2258  5.2524  17.1192  13.3641  12.2482  0.469  6.0908  7.0205  0.161  4.6484  6.1829  1.1248  3.383  2.3643  2.6137  1.1979  7.6262  6.3547  11.3216  10.5893  4.3201  9.2712  3.901  6.9491  2.006  5.6861  7.0504  1.6248  2.8463  5.7945  5.0533  5.1252  
trainID = 889  0.8527  0.1668  1.604  1.0939  0.8843  1.08  0.3713  0.2694  1.584  0.5793  0.6786  1.9612  2.0382  9.2997  1.9796  1.1161  1.6499  4.4601  2.062  3.7125  1.3498  3.1811  1.471  2.6226  1.2195  2.9994  1.2793  3.8748  6.4159  6.7583  4.3703  1.079  2.5211  4.8134  2.692  1.8779  4.2936  0.2733  0.6559  2.2029  0.5182  2.1405  
trainID = 893  1.9326  4.6594  2.5487  0.6167  2.8631  0.2111  0.6174  1.6649  0.929  2.1098  1.6583  2.7765  1.9988  11.5259  3.2836  2.5672  4.9134  2.3387  0.774  1.5512  2.4759  0.6235  0.988  1.73  1.0386  1.6624  4.6842  4.6867  5.1503  5.8923  5.423  2.383  4.9493  3.5278  1.117  3.7648  6.0275  2.8546  2.7444  3.7765  2.5083  3.9666  
trainID = 912  2.0831  3.433  1.3502  1.5412  1.2593  3.344  2.541  0.984  1.281  2.4839  4.4568  4.3358  2.7689  8.2026  3.3059  2.6161  4.043  4.7273  0.2106  2.0924  1.2795  0.5443  0.904  0.363  1.4549  1.1022  2.2953  3.3208  2.7356  7.9262  4.4575  3.7365  4.318  0.1589  2.9813  2.8752  3.6509  3.1992  4.2612  3.0775  2.0273  2.9659  
trainID = 920  3.0744  2.2491  1.1855  1.2021  4.6012  2.6266  1.4081  2.0208  1.248  1.6361  1.044  3.0427  11.1328  3.9642  8.0057  0.9289  1.7225  3.6514  0.8337  2.8558  5.1972  1.5993  0.365  0.531  2.5705  0.1464  4.2516  7.314  7.9319  11.1127  5.994  6.3619  1.3238  6.4381  0.527  3.1741  2.2455  1.5978  0.7464  5.1745  3.0273  5.277  
trainID = 930  2.2728  2.9057  2.8787  0.7784  2.6899  1.3667  0.585  0.7462  2.0863  3.761  1.3085  4.1152  14.47  9.7093  10.8195  0.8931  2.7596  6.452  1.71  3.285  3.7924  0.561  3.6326  2.314  2.7558  0.0199  6.4306  5.9079  10.3825  9.0445  2.484  4.4625  1.2044  5.8733  3.105  2.99  5.5537  0.5205  1.4591  3.4235  1.8187  3.3172  
trainID = 960  0.1082  1.3068  0.8747  1.9254  1.3599  3.0997  0.658  1.9891  0.706  1.0023  0.0546  0.6384  0.9705  1.6776  2.595  0.7448  0.141  0.9386  0.623  3.7083  0.6408  33.3487  1.1661  1.9884  1.0522  4.6528  2.2425  0.1076  0.7172  3.6848  1.6884  0.0525  0.764  1.9655  5.0004  1.0445  1.4088  1.4399  0.4497  0.5231  0.445  0.625  1.1058  
trainID = 984  1.7127  3.1436  1.025  4.0074  5.3272  2.8654  0.508  1.4401  1.8013  2.8065  3.0043  6.1333  8.0141  13.4597  9.769  0.7221  8.0667  3.9079  1.718  3.5262  4.3729  0.1598  2.8963  2.7317  1.4415  1.5874  8.5066  5.9351  9.1981  9.6954  4.3478  4.7815  3.9798  5.4383  3.3649  5.3068  4.5055  1.8008  1.7623  4.4015  3.0423  2.8484  
trainID = 1044  2.3776  0.1986  1.1038  0.2214  0.5672  0.8985  1.872  1.9075  0.375  1.9546  3.1022  3.3993  1.5659  10.4422  3.0793  1.5541  2.615  1.1506  1.7  0.2499  2.5946  2.939  0.572  0.61  0.7793  0.5083  1.0312  5.1846  5.2964  7.1114  2.5641  2.4396  3.0773  2.8395  3.1277  3.0878  6.3527  0.5817  2.515  2.8311  0.4836  1.658  
trainID = 1072  2.1459  2.6872  0.288  0.1506  0.8892  0.977  0.163  1.2332  0.339  2.4532  0.7573  0.097  0.9597  3.2426  3.4281  0.6535  0.4191  2.3936  0.047  3.8336  2.6806  1.8866  3.4477  3.2505  20.9094  4.4381  6.5217  0.5302  3.9489  1.5106  0.4295  2.529  5.146  6.027  4.0309  0.8408  3.1321  0.7385  0.1237  2.552  0.874  1.6753  
trainID = 1077  3.6135  0.5259  3.607  1.7593  4.8446  1.62  3.5996  0.9703  0.9562  6.5347  4.4447  1.9013  1.5822  2.5599  2.5511  2.421  0.1691  2.7456  0.3879  0.752  1.509  3.1547  1.471  2.9751  5.0085  18.643  9.8286  1.2189  6.8425  7.417  0.1162  5.4566  2.5341  4.4409  5.1422  5.4479  0.7676  2.2322  1.8631  3.0854  0.283  1.2536  
trainID = 1156  2.8182  1.7873  2.2685  1.2367  2.8605  1.5784  0.75  1.8843  0.362  0.2376  1.5673  1.9145  1.0064  10.2492  3.158  1.9797  5.6833  0.3662  1.129  0.4021  1.5106  1.8913  1.309  2.4891  0.6838  3.854  5.6189  4.2963  5.9578  5.6753  6.691  1.0243  3.6798  3.8628  1.38  4.1774  5.8973  2.2369  2.9356  4.4405  1.8573  3.3963  
trainID = 1163  1.1126  2.4028  2.2476  1.9204  1.5364  0.9019  1.408  0.2301  2.133  4.7284  4.2208  1.3231  4.2835  14.1258  1.92  0.5778  4.1534  2.457  3.939  3.7392  1.1025  0.8507  2.201  3.3395  0.8355  1.5781  4.0735  5.2039  5.8739  8.9255  3.8835  1.3395  4.4545  2.1724  2.167  2.1257  4.7284  1.4163  3.6643  2.7948  2.6153  2.2283  
trainID = 1184  0.0388  0.9176  1.6249  1.8399  1.7643  0.1795  0.4072  1.1164  1.788  2.1988  1.7806  0.7934  1.3869  4.5935  0.1909  0.923  2.3881  1.9533  1.928  1.11  0.2434  0.1152  0.376  1.096  3.6868  1.611  3.4246  0.627  0.1127  2.2322  3.3042  1.779  4.696  1.8172  1.334  0.3982  1.0466  2.4562  1.5936  0.0491  1.5373  1.6417  
trainID = 1188  0.6086  1.6077  2.1618  2.8495  1.9827  0.7012  0.439  2.1362  1.623  2.0271  2.0981  0.96  0.018  7.1178  1.491  1.2516  0.6975  0.626  1.5507  3.1529  0.7504  0.1125  0.797  0.019  1.1741  1.5978  1.1971  1.9925  2.3516  1.9845  0.0208  0.2795  4.609  4.6082  3.0436  0.6522  0.0037  1.8426  2.4925  0.5984  0.1852  1.4051  0.35  1.179  0.0306  
trainID = 1193  3.2452  0.1978  1.79  2.0723  1.958  0.397  33.9879  2.941  1.6973  1.045  5.4797  7.3173  2.7886  1.7353  4.4431  3.7855  0.923  0.66  1.8944  0.5374  0.939  0.696  3.3594  0.6379  1.6294  6.7485  15.3663  3.1611  3.6153  7.1122  6.3031  0.9642  3.7717  3.342  2.9827  5.0617  0.1331  0.6406  2.0913  0.7509  1.365  1.6246  1.5258  
trainID = 1229  4.9989  2.4623  0.981  4.2815  2.0573  0.5345  32.8239  3.7965  0.0039  2.7676  8.3388  6.3606  1.7837  3.4708  4.6862  4.6119  1.475  0.0135  3.176  3.0731  0.236  3.0672  5.9334  2.6072  4.3727  1.726  12.3287  10.186  3.1969  5.8476  7.9356  0.0242  6.1185  0.3498  0.915  6.2382  5.6331  0.2168  2.9907  0.5168  0.54  0.411  1.045  
trainID = 1241  2.5104  0.148  0.359  0.3133  1.5938  0.4937  1.4199  0.0275  2.0441  0.9643  3.4758  3.2313  1.067  9.342  5.2752  0.5644  2.1295  1.2697  0.624  1.4803  2.0382  0.9537  0.883  1.559  2.8947  0.6792  4.4865  2.0358  3.7604  9.6846  3.7824  3.161  2.5356  2.3354  0.439  1.6563  3.0412  0.8305  3.4031  0.3636  0.5288  0.153  
trainID = 1244  1.1001  3.6304  1.9118  0.6473  0.1278  1.723  1.271  0.1981  2.6123  0.6628  1.3343  1.3914  3.0025  0.9981  2.1604  4.4307  2.0511  0.7784  2.7053  0.5671  1.7429  34.8637  0.5644  3.7241  1.2097  8.9091  2.628  5.9104  0.2634  1.2298  1.08  4.4219  2.067  4.721  3.393  2.5704  1.7172  0.1861  0.7731  0.6766  0.396  1.5154  1.4147  
trainID = 1272  0.165  2.0164  0.079  5.0885  0.7463  0.0788  0.191  0.5304  2.697  0.1226  0.0614  3.2513  2.7568  5.433  1.9486  1.4392  0.819  2.1442  0.131  1.4004  4.6695  0.3386  1.129  0.976  0.0643  2.3994  1.1121  2.068  3.4536  3.3984  2.4786  2.099  0.1544  2.6166  1.921  1.8626  0.9088  0.818  1.1072  0.4859  0.3728  4.1782  32.7736  
trainID = 1295  1.4394  0.0015  0.5525  0.0194  0.2007  0.2612  0.224  1.0596  1.143  1.6978  0.2282  3.7872  5.1289  3.8195  2.3748  3.1881  0.8412  0.0745  1.5635  0.1728  2.8559  0.3299  1.068  1.824  1.5773  1.6636  0.4782  3.1228  6.0543  4.5868  2.1094  2.5036  3.373  4.5193  3.6467  0.8685  1.4306  0.3769  0.767  2.8305  1.5897  2.27  33.0726  
trainID = 1307  2.0442  0.0777  2.4667  0.4802  0.0783  1.7075  1.419  0.2042  0.371  0.7743  0.0128  1.645  2.0728  2.1362  0.1586  0.3825  0.624  2.175  1.239  1.1467  2.5644  32.9587  2.2329  0.9076  1.056  0.7715  2.4199  4.056  2.2009  0.6173  2.779  2.8247  1.671  0.5393  0.4466  1.143  0.0799  1.7044  0.2599  3.75  1.943  0.626  0.5902  
trainID = 1337  3.6029  1.4328  0.5297  1.4038  1.379  1.8616  0.595  1.41  0.75  1.2265  0.6611  2.7867  10.762  8.9195  6.2994  1.304  4.9715  5.7481  0.674  2.2909  2.0032  1.847  0.401  0.432  2.1236  0.2303  5.6268  7.96  10.2582  8.2713  2.8899  4.0297  0.8452  5.5374  1.975  1.7491  4.4438  0.0461  0.1833  1.8365  2.0583  2.5756  
trainID = 1339  3.0788  0.2515  0.555  5.5215  3.608  4.555  33.5239  2.1622  1.2508  1.5793  5.8403  4.8141  2.0872  1.575  1.8761  4.2119  0.7785  0.7176  3.882  0.4599  0.445  0.111  1.3484  2.6473  1.6681  11.4155  15.7043  1.741  0.0676  6.4772  4.8774  2.2075  2.059  2.3653  2.5748  3.9002  3.4926  0.0825  3.8023  1.9995  2.699  0.697  1.0041  
trainID = 1343  3.7254  1.1694  2.152  3.1225  3.9457  3.71  34.8919  3.0138  1.502  1.596  8.4816  3.3183  4.3359  3.1471  3.5034  5.2075  0.661  1.2344  5.331  0.047  0.984  0.963  1.748  2.6151  1.4049  1.7684  16.4784  18.0461  3.8898  4.6804  6.0682  0.327  5.0592  0.8901  4.4633  5.4555  4.6523  1.2232  3.613  0.9541  0.326  1.7801  0.9842  
trainID = 1344  3.4719  0.5792  2.104  4.6765  1.0944  0.1388  33.2379  1.9102  1.0699  0.476  5.6857  4.666  3.4669  0.1886  0.6185  3.3548  1.917  0.9602  4.308  0.2747  0.837  0.492  1.9202  0.2766  0.8984  9.2162  15.1005  0.398  0.2655  5.6952  5.504  0.3816  1.833  4.554  3.5661  5.0803  4.0241  0.7012  2.8098  0.8157  0.161  0.803  1.3962  
trainID = 1354  0.37  0.5145  0.177  1.0278  0.0493  0.9162  1.5465  0.7054  1.333  1.1088  1.8972  0.5891  0.5237  4.6835  1.6766  2.1512  3.0071  0.3784  0.923  0.1649  0.9386  0.0208  0.369  1.327  2.3527  2.6039  1.4487  1.3637  3.037  3.4637  3.0164  1.2062  3.8405  1.8939  0.019  1.0867  0.056  2.5214  2.6283  0.9658  0.4687  0.6498  
trainID = 1372  1.376  1.6683  0.767  1.2234  2.2729  2.628  2.748  0.2893  0.35  2.2802  1.6333  0.481  1.3599  0.1557  2.3541  0.2466  0.7247  0.8251  0.889  2.2584  1.8014  33.0717  0.3806  0.9213  0.033  8.4317  5.7921  2.4278  0.0581  1.7995  0.4736  3.4765  2.783  4.228  3.4666  2.8411  0.1278  0.9989  2.4529  1.5085  1.348  0.83  2.0647  
trainID = 1394  1.6726  1.3187  2.705  2.2  1.2982  1.608  1.115  0.2945  0.649  2.391  2.0433  0.04  2.8453  4.4645  3.4121  0.5022  1.4921  1.2993  0.1301  0.779  0.6811  1.9211  0.737  0.998  1.0772  1.2359  0.5529  8.4513  6.6451  6.5773  0.8719  7.1622  5.0096  0.6503  1.821  1.6325  6.4054  0.3155  2.5195  2.7936  3.1625  0.3549  2.188  0.559  2.3833  
trainID = 1416  1.1217  3.3296  2.778  0.0191  3.0168  2.7538  1.21  0.4271  1.295  2.2129  2.6458  4.1091  3.528  13.4097  7.4433  0.3129  3.9446  1.5097  0.271  3.1771  4.488  1.2056  0.063  0.926  2.1634  1.8508  7.3448  5.7335  8.5277  9.4262  5.168  6.0345  2.8061  6.9695  2.027  6.4695  5.7261  0.1488  2.8545  1.3614  1.7687  1.1941  
trainID = 1420  2.4033  0.2473  1.1193  2.8865  1.4301  1.1822  2.093  1.3341  0.254  1.3812  1.2316  2.1732  1.6161  6.3622  2.5221  2.5586  2.82  2.9521  0.95  0.0388  0.2475  0.4223  2.9236  2.4197  0.0631  2.0343  3.1077  2.4098  2.9504  2.5166  4.9146  1.3042  3.3119  1.5839  3.9353  2.441  1.2548  0.5394  2.0122  1.2184  2.0323  1.0293  35.3366  
trainID = 1429  3.4121  1.3629  1.202  5.6035  1.5332  1.349  32.8299  2.8415  0.7616  1.247  3.7244  4.7306  1.9199  1.2565  1.0385  2.3234  1.247  0.2002  1.2143  3.13  0.951  0.814  2.2124  2.5846  1.8341  3.2604  5.7793  2.6268  1.5865  3.5066  4.9371  1.4517  4.9321  0.8592  0.6379  4.8637  3.6681  0.3207  1.4105  1.2838  0.354  2.6038  1.8786  
trainID = 1436  1.3034  3.7704  0.975  2.8095  2.7328  2.789  0.8  0.6101  0.502  3.6067  2.4413  0.345  1.1865  0.6423  3.5263  0.367  0.2553  1.5286  0.927  2.5215  3.497  35.3867  0.1884  0.1663  0.1441  29.7933  11.4221  4.1372  0.5217  9.134  2.2949  0.0015  0.239  2.3791  4.8011  1.6115  2.2424  1.958  4.0877  2.5553  3.4567  1.148  0.1241  
trainID = 1437  0.5674  0.7892  0.211  0.7836  2.1829  0.5048  0.585  1.0802  0.33  4.2591  0.9393  0.4943  1.6589  4.0112  0.1713  2.3485  0.1879  3.681  2.4  1.2368  1.7907  1.3194  0.665  0.355  0.9424  0.0568  3.3755  5.6676  0.8664  1.6649  0.3032  3.7491  4.7832  0.332  0.206  1.8539  3.8103  3.5774  1.8296  1.3034  1.7333  0.166  0.244  0.976  0.031  
trainID = 1440  3.7593  0.1894  0.284  4.0805  5.0119  1.139  2.82  0.214  0.763  2.0888  1.1563  2.0491  5.8299  2.5366  1.1186  0.5431  0.2978  3.5428  0.012  0.892  2.1348  1.47  0.458  0.785  3.3265  2.5233  1.0928  5.928  5.5977  2.7036  2.2753  4.7419  4.6571  0.2352  2.376  2.0812  2.7437  2.7432  1.7603  2.4287  2.5968  1.8053  2.191  0.804  2.9751  
trainID = 1444  1.8846  1.1421  1.602  2.6055  1.336  0.003  2.87  1.3657  0.385  1.6341  0.1297  3.7863  3.1646  4.5748  0.0378  0.4992  2.2987  1.3035  2.415  1.3975  0.5258  4.004  0.106  0.162  4.4558  3.7954  2.7593  3.5546  1.2811  1.5608  2.7524  3.9234  3.5045  0.9718  3.6544  0.637  2.5154  3.6621  4.1253  2.3728  0.3732  0.6815  0.618  0.943  2.1479  
trainID = 1473  0.2184  4.6219  0.01  1.908  1.1565  2.6057  0.456  0.4046  1.8426  3.9166  0.7393  0.244  3.4904  2.7826  0.2973  1.2982  0.6033  3.0099  2.4964  1.8974  1.336  33.5307  0.5241  1.2039  1.2558  3.1676  3.6765  6.1162  1.5226  0.4288  1.2499  0.1785  2.481  0.2589  0.0946  0.0455  2.7689  0.1403  0.7412  2.3526  1.413  0.392  1.9212  
trainID = 1480  0.2202  0.3751  0.151  0.9151  1.3767  2.584  1.708  2.2006  0.846  0.306  0.954  0.026  2.8549  5.0308  2.7684  1.4008  1.6878  2.1995  0.026  1.64  2.818  2.2065  0.095  0.599  0.1926  2.1745  0.5382  1.0868  4.6714  6.4828  1.5974  3.3129  4.0079  2.3097  1.389  1.111  1.8539  0.5973  0.4441  2.8044  0.9424  2.1035  36.3726  
trainID = 1483  0.3605  0.9654  4.4051  2.8275  3.1517  0.254  0.322  2.0979  1.567  0.7261  2.6951  3.845  9.0639  1.0134  1.5351  1.9444  0.038  1.1832  1.1975  0.8175  6.1527  1.268  0.011  0.332  2.2408  0.7803  1.6075  3.7615  6.6312  8.7591  2.691  3.1008  0.9707  3.4575  0.191  1.0724  4.6404  1.0778  0.2732  2.5576  0.7176  1.2255  35.5206  
trainID = 1484  2.2826  1.3818  1.91  1.901  1.5163  0.959  0.025  2.5764  0.759  1.4809  0.0152  2.0641  1.8482  7.1954  0.1371  3.5316  1.8262  2.2439  0.811  0.506  0.513  1.7693  1.51  2.0862  2.9336  2.4739  4.4882  0.9464  0.9525  4.6891  3.2634  1.7226  5.4622  1.9634  3.8338  0.4265  1.3303  1.6287  3.3625  1.4017  1.5187  3.2165  
trainID = 1503  3.7454  0.3634  1.8029  3.1057  3.0121  2.5752  1.7361  0.7113  2.5448  0.5372  2.3966  2.3027  6.6835  7.4555  8.9418  1.5836  4.3217  2.2046  2.111  2.0762  6.7496  0.016  2.264  0.403  1.9028  0.4716  6.0851  5.4403  9.7022  8.005  5.944  4.8612  2.7118  4.3713  2.9849  0.9449  6.2911  0.5984  0.3607  3.7405  2.4953  2.8259  
trainID = 1504  0.9029  0.4048  1.2885  2.6948  0.6485  1.983  2.101  1.219  1.424  0.1243  1.7213  0.196  7.8996  10.7269  4.3836  0.2328  3.1116  3.3886  1.557  4.6872  5.5513  0.8726  1.423  1.04  1.3577  1.8776  5.8732  4.4646  6.3723  7.4344  1.9475  4.9238  0.1685  5.7976  1.098  5.0368  4.9757  2.5885  0.1455  3.5065  1.8653  4.8944  
trainID = 1507  4.9385  4.1999  3.4931  2.5922  3.8675  1.6837  0.347  1.3754  0.24  3.5849  5.1611  3.6957  17.7652  15.0954  15.5451  0.0653  8.1337  5.7558  1.594  2.8697  4.2432  1.9667  1.958  3.4692  5.7059  1.2452  9.8048  7.3645  10.9064  12.8335  6.206  7.9686  2.3465  6.3223  0.191  5.1104  8.8988  1.1898  0.8448  3.0775  2.6493  3.9595  
trainID = 1526  0.6941  4.7242  4.9811  0.5385  2.3791  2.8809  0.712  1.1752  1.202  1.5522  3.5604  3.3839  3.5728  20.1627  10.4234  0.1888  5.9619  1.7165  1.554  3.904  2.3653  1.0352  1.601  3.3371  4.2179  2.3959  8.2995  9.2537  10.5409  9.5263  3.5369  8.6723  4.1296  3.8966  3.104  7.6391  9.4217  1.6909  3.4654  5.1375  2.7223  4.1366  34.4056  
trainID = 1529  1.4002  0.5307  0.312  1.378  2.3706  0.1989  0.397  0.3747  0.739  2.5165  1.3547  0.191  0.8045  2.1016  1.4766  2.0696  1.1423  4.0598  2.856  0.2196  0.892  34.9067  1.2278  3.2707  1.2145  4.0492  4.6715  4.0409  0.459  0.1269  0.6853  5.0769  1.27  1.0484  0.6622  0.4178  2.9017  0.0056  1.0052  0.8939  0.065  0.434  1.861  
trainID = 1568  0.6987  1.8114  1.756  1.6783  1.2559  1.977  2.946  1.4839  0.992  2.4504  0.6803  2.2254  4.3292  2.0441  1.8824  1.3749  1.2745  0.2151  0.1619  4.8993  1.89  32.9757  0.0797  0.5524  0.9075  4.454  2.2938  3.3213  0.4352  0.3122  1.1081  2.0356  2.783  2.5213  1.0258  2.2226  0.5146  1.7169  0.468  0.0285  0.962  0.647  0.8195  
trainID = 1601  4.6892  2.8327  2.698  2.1614  4.2236  1.537  35.4729  3.3554  1.7792  0.309  9.0059  5.554  4.4791  0.5832  4.0953  4.4911  3.865  0.0349  5.713  2.113  0.651  1.781  1.1132  2.9585  0.0799  5.1411  16.1499  16.0202  3.6466  7.7372  5.4134  1.7202  5.2477  3.735  3.8011  3.8513  5.9806  0.2569  2.4982  2.8225  0.28  3.6558  0.3358  
trainID = 1651  1.9198  1.3333  1.6634  1.1557  1.2375  0.4064  2.885  1.6521  1.432  0.6884  3.3393  3.4862  6.1457  7.2428  7.4884  0.2987  3.0626  1.1578  0.835  2.3579  2.8762  2.305  0.735  0.294  0.3807  0.0895  4.9491  7.6648  9.8432  9.6291  5.842  4.4957  0.5004  6.0926  1.508  2.208  2.7839  1.3388  0.2684  3.2145  0.3873  2.3735  
trainID = 1671  3.6292  0.8802  2.227  3.7665  2.5079  0.0698  34.7669  1.2759  2.8616  3.03  8.2843  4.2499  1.0253  3.8643  5.0497  5.665  0.908  1.7411  2.6722  3.4072  0.672  1.851  4.7732  3.5719  2.1969  2.1416  11.8077  11.3853  1.9695  4.7515  6.9562  1.7484  3.7773  0.0105  3.2445  4.3896  5.7367  1.0722  0.8502  1.4777  2.911  0.828  1.9248  
trainID = 1689  1.5005  3.7296  0.724  2.6885  1.0371  0.3354  2.089  1.5422  1.433  0.6617  1.8657  5.3821  5.1591  11.35  2.0486  1.9014  3.2014  6.9565  2.039  1.0892  0.9067  0.1041  2.4446  2.4954  2.7257  5.0667  4.2777  5.2096  6.4099  5.652  2.6301  0.5202  3.6208  2.8544  1.704  3.8456  3.6117  0.6024  4.4152  0.942  2.3723  0.3865  
trainID = 1693  2.1062  2.1402  1.1856  2.4465  1.2575  1.05  0.248  1.2953  0.937  0.8332  0.4875  1.7435  1.2799  8.2726  3.9909  2.6548  3.9893  3.6534  2.705  1.4099  4.5192  1.5674  1.836  3.9222  0.8531  2.6067  2.993  3.2381  6.4702  8.5486  2.7513  0.0899  6.0458  2.2078  1.477  5.0763  6.5127  1.7206  1.8934  2.0938  0.7073  3.0899  
trainID = 1708  2.001  0.6884  1.466  3.2565  1.1437  0.5512  2.349  1.6633  1.593  2.5155  3.1303  0.775  0.8937  1.8924  3.2239  1.4462  1.2057  0.5256  0.207  0.8548  2.4577  0.0257  1.202  1.47  1.2619  1.3811  0.1211  10.1337  6.5291  6.9235  2.4183  5.573  4.09  1.8228  0.249  3.1115  3.8034  1.3562  0.9485  1.0338  3.0218  1.5263  3.7504  3.337  1.319  
trainID = 1716  4.0748  0.524  0.145  3.4275  1.6927  1.774  32.7959  1.5184  3.1055  0.371  6.0226  4.6088  2.1449  2.7037  4.2856  6.4876  0.667  0.2434  5.308  1.453  1.224  1.709  2.1663  4.6203  0.5438  5.722  18.2336  14.7439  1.5198  7.1314  7.413  1.6029  3.5742  1.8397  3.5424  6.2336  2.5006  0.2874  3.6705  0.9644  1.944  2.817  0.4175  
trainID = 1806  3.2378  2.1694  2.0236  3.3034  3.8322  1.194  1.093  1.3701  1.418  2.382  3.8684  5.6147  10.4448  19.9535  11.8832  0.9617  9.2077  4.192  0.4769  4.2422  2.7018  2.1817  1.656  0.141  4.9976  1.1544  12.4399  8.6683  10.6743  8.8877  5.923  6.9175  4.2707  4.7982  1.437  4.7088  10.8904  1.0074  2.1955  4.2745  2.7053  4.0357  
trainID = 1827  1.7205  2.4662  0.905  2.4905  3.8315  2.4918  0.082  0.0384  2.4941  3.5621  2.3592  2.332  11.303  5.916  8.6141  1.6962  3.9193  4.7348  1.106  2.748  5.6079  0.3494  1.457  1.508  3.0511  1.5407  4.2052  6.9143  9.5318  7.8999  3.8861  6.8664  1.2567  5.8429  0.774  2.5487  5.8741  2.5058  3.0689  5.4115  2.8613  4.9805  
trainID = 1832  1.5157  0.7758  1.954  0.5407  3.0557  0.9606  1.715  0.7198  0.624  1.5  0.2278  2.7149  2.6778  3.6989  0.0811  2.2042  0.5429  1.5512  0.323  1.9399  1.1213  1.2295  2.304  0.882  1.036  0.2227  0.585  2.4917  1.008  3.4139  0.9409  1.6275  2.2415  1.7576  2.75  3.0192  4.2481  0.9831  0.9052  0.1002  3.4118  1.2439  1.033  3.048  0.3792  
trainID = 1862  3.1456  0.9977  2.6968  0.6747  1.4572  0.7037  0.545  3.78  2.3704  2.146  0.7084  0.9908  7.9105  6.972  5.3461  1.4741  2.0315  4.2601  1.367  3.0932  5.8703  1.4336  1.321  1.397  2.8202  2.4571  3.5347  5.7653  9.6762  10.0672  3.7519  5.8811  1.5748  4.2848  0.623  3.2058  3.4555  1.0153  2.7193  2.7578  1.8783  6.1077  
trainID = 1884  0.9135  0.5188  0.065  1.5895  1.1735  0.0196  0.996  0.9328  3.5806  0.8031  0.4999  3.6722  6.4919  3.5497  3.4234  1.2913  1.4747  0.841  0.4393  1.1993  3.2828  0.1614  1.739  0.39  2.1121  1.2834  0.2025  4.8642  6.4006  7.3687  0.8483  5.2431  0.3757  3.1529  0.346  2.8636  3.0502  0.4406  0.2566  2.356  1.2616  3.509  33.2036  
trainID = 1896  2.0688  0.6451  2.0871  3.4885  0.0984  0.5619  3.479  2.2189  0.87  0.5664  0.596  1.0111  4.3583  8.8516  1.4491  2.9314  2.6351  4.7171  1.199  1.3043  1.0678  2.1261  3.1346  1.533  3.1527  1.4815  2.31  0.8936  4.9084  1.565  2.9766  0.6688  5.3719  1.9278  4.66  2.0484  3.0902  4.7661  4.3448  2.8387  1.0329  2.2845  
trainID = 1897  3.9779  2.1827  2.265  2.3895  4.7253  1.839  34.6929  0.776  0.0078  0.4612  2.8709  2.5158  1.9645  0.4738  0.6914  1.8399  0.9041  0.7855  0.3274  1.3  1.119  1.003  1.0958  1.9202  0.2211  17.0912  25.3273  6.0466  0.5612  6.3492  6.4718  1.2613  3.7481  2.7705  4.741  4.4424  0.4411  0.34  2.4833  0.6677  3.1096  0.968  1.9833  
trainID = 1905  3.2743  2.6356  2.962  1.6182  4.194  0.6091  1.84  0.876  1.524  2.6724  1.2103  1.259  3.1535  0.0259  2.6441  1.2403  1.2574  3.5668  0.339  1.1429  0.7482  33.9227  3.5818  1.5237  0.2193  24.7617  9.715  1.3002  0.7965  6.4011  4.7303  1.3457  2.993  2.5401  2.0665  1.8777  1.2113  2.8043  2.7426  1.3048  3.3878  1.5987  0.4465  
trainID = 1906  1.2138  0.3598  2.8271  0.0953  1.8678  1.9055  0.289  0.3894  2.3389  0.512  2.0232  1.1425  10.1603  4.0038  5.5888  0.5123  5.6281  3.7053  1.903  2.1606  1.8787  0.1417  1.604  0.05  2.7333  3.6192  3.6485  2.8171  7.4224  8.0643  3.8259  7.5398  5.9239  4.0517  0.172  1.0091  5.4457  0.9662  0.9856  1.0414  0.4408  2.7464  
trainID = 1977  2.2713  0.3744  0.9502  1.4051  1.8762  0.928  0.164  1.5588  0.956  0.3412  0.8143  2.3012  4.6303  2.3952  2.1273  1.8297  1.9977  2.933  2.101  0.6476  4.3196  0.1948  0.023  0.318  3.3999  0.1753  1.8444  4.2895  4.2259  4.9537  4.8919  2.1088  2.2558  3.8482  1.472  1.9684  1.6563  0.5908  0.4182  1.4969  1.0253  0.7173  34.9556  
trainID = 2002  0.9906  1.3509  0.085  1.6157  2.8104  1.5193  0.375  2.2468  1.077  1.4057  0.1212  2.593  1.457  1.0708  1.0339  2.2205  0.0976  3.1874  1.099  0.9877  1.3189  0.4766  0.362  2.5277  1.3819  0.1405  0.5994  1.2443  4.7689  1.2662  0.0588  0.5306  1.9556  1.7959  0.549  1.1184  2.689  0.5547  0.0072  1.0048  0.4463  1.37  1.128  1.54  0.3688  
trainID = 2019  1.6279  0.2833  2.1024  1.4058  1.4951  0.8621  0.132  0.3567  1.9493  0.3852  2.6309  3.0072  1.2247  7.1368  2.8049  2.3639  1.7507  1.7268  1.818  1.5392  2.4156  1.2625  0.618  2.2498  1.1068  4.3287  3.1224  2.1217  5.9883  5.3594  1.8305  3.1995  4.9086  5.3412  2.791  1.7874  3.5116  1.0933  1.5786  1.2631  2.5753  2.2905  
trainID = 2027  2.5033  1.3456  0.223  0.2495  2.1117  2.92  34.4849  2.8959  1.0953  3.3507  4.1982  2.3139  2.5525  2.9323  0.3665  1.8438  0.885  2.0301  2.1996  1.1216  2.3911  1.625  1.0588  2.412  0.521  7.7832  12.86  1.4672  1.3688  4.4937  7.0461  0.8131  2.187  3.3445  4.1639  2.9318  2.5383  3.376  2.3826  1.277  1.466  1.77  0.5042  
trainID = 2028  0.9963  1.6229  0.234  0.2229  0.9558  2.088  0.246  1.4997  0.426  1.7598  0.4695  0.403  1.5464  2.6366  1.4081  0.185  0.9105  1.7396  0.192  0.7853  2.3609  34.4767  1.3438  1.1421  2.2117  1.4259  3.9801  4.5026  3.2146  1.6822  0.6918  3.5335  0.019  0.9932  2.1632  2.0321  0.8942  1.8935  1.2229  4.2777  1.517  0.524  1.5737  
trainID = 2055  0.511  2.6502  0.27  0.4351  0.7807  2.6493  0.853  3.3275  3.011  0.5061  2.0528  2.7379  1.2452  7.8083  5.6158  0.2335  2.494  1.2661  0.345  2.1837  2.8198  1.0889  1.886  0.004  0.039  1.3251  3.0908  2.9765  8.2995  5.786  1.4389  1.7779  3.115  3.7489  1.505  3.1527  2.4844  1.5938  2.4548  2.6183  2.8203  2.9841  
trainID = 2084  4.7068  0.1856  2.318  3.9025  1.653  1.734  34.0719  2.0205  2.0567  0.7753  5.9153  3.4075  3.9799  1.4524  3.7841  5.4723  1.306  0.58  4.248  0.2692  2.5831  1.031  3.8396  4.1947  0.2606  5.9132  17.4857  7.8897  3.5594  6.2075  5.3831  2.308  1.791  1.3625  3.5418  5.6941  6.4342  0.427  2.8142  3.7993  2.491  0.556  2.4467  
trainID = 2089  3.2464  1.5236  0.951  1.246  2.1897  0.9383  0.835  0.0493  0.936  3.699  0.9713  0.7509  2.3661  5.2353  2.2918  1.2779  2.5267  4.6962  1.2766  0.871  3.753  0.8024  3.2463  0.052  3.0625  3.8568  3.0585  4.5074  2.5691  2.0249  1.1464  4.5434  2.7361  1.3125  0.96  1.8345  1.1237  5.0665  2.0632  2.028  1.3712  0.7081  0.336  0.524  3.1814  
trainID = 2093  3.144  1.6749  1.3788  2.7965  2.1339  0.943  2.895  1.1437  0.287  0.5763  0.4573  1.2352  4.2535  8.6403  2.6425  2.0596  2.1861  1.9612  1.6  2.4857  2.993  1.4824  3.706  1.199  1.2887  1.1607  1.9771  2.9568  3.0284  3.3484  2.3659  1.0117  3.5423  0.4063  1.469  2.5896  0.1351  1.3977  2.7794  1.0271  0.283  0.1654  
trainID = 2120  1.7278  0.1887  0.04  0.7311  1.7752  2.8382  0.072  0.9007  0.706  1.0881  2.4446  1.2094  0.6097  4.6347  1.1315  2.3223  2.4315  2.0373  0.915  1.7684  1.1544  0.6316  1.481  0.342  1.2339  0.9108  0.255  2.0509  2.1281  3.0378  2.4741  0.8337  2.9351  0.4653  0.887  0.0592  0.4676  0.1904  1.679  3.8855  0.4223  1.6417  34.4986  
trainID = 2130  1.3893  0.4294  2.3764  0.8742  0.205  0.708  0.3202  0.2127  1.264  1.5869  1.9452  1.019  2.8806  7.7335  1.3243  1.5322  1.5702  1.1979  0.8  1.2259  2.7638  0.3693  0.462  0.208  1.0092  1.2178  1.4769  0.3446  6.8497  4.0511  3.2  2.3946  2.2111  3.5628  1.206  0.4703  4.2117  0.1928  0.8786  0.3506  0.8719  1.2426  33.4136  
trainID = 2132  0.7303  2.0305  0.657  1.177  1.326  0.1753  0.476  4.8692  0.839  2.5385  0.2361  0.747  3.1503  0.7513  1.0645  0.4806  2.8489  0.4137  1.406  1.7296  0.1796  1.5214  0.3195  0.7467  1.097  0.7641  3.9775  0.015  0.2926  0.5753  4.0022  1.289  3.957  2.5722  0.7542  0.2338  1.3534  0.8013  0.3201  0.279  0.543  1.4652  
trainID = 2167  0.7079  1.1718  1.5223  0.6907  0.1894  0.9773  1.087  1.0993  2.183  0.5309  1.3359  0.598  2.6668  2.896  0.9668  2.6216  0.5163  0.3578  1.764  1.6249  1.4539  1.4148  0.766  0.967  1.2795  0.1225  0.1565  2.3681  3.306  4.4786  1.4701  1.1832  0.1075  3.6992  1.383  0.1944  0.4315  2.355  1.1504  1.5023  3.5753  0.7679  0.476  1.77  0.1709  
trainID = 2184  1.3774  1.0527  2.466  1.0193  0.1542  1.8875  0.8003  1.9021  0.947  0.5588  2.9882  3.0627  0.2258  7.0784  1.4355  0.5203  3.0684  3.9637  0.781  1.5783  2.7643  1.6349  2.9856  1.268  2.4223  1.9033  0.9495  5.8128  4.6207  4.1076  2.6679  2.3959  3.1198  4.2203  0.461  1.7087  3.4279  0.5196  3.3192  1.7649  1.5196  2.1569  34.2556  
trainID = 2191  0.1881  3.1089  2.567  0.4926  1.8126  3.0209  0.444  0.189  0.652  2.4022  0.1384  4.0307  8.2469  10.4037  5.606  0.2942  3.9859  2.4801  0.777  2.1661  3.5141  0.9565  2.6602  3.02  1.635  2.0834  5.9847  4.2318  9.2217  8.8214  4.3983  4.3651  3.2549  5.3967  1.598  3.9684  7.0054  0.0102  0.9222  2.4625  1.6808  5.424  
trainID = 2231  4.372  1.6582  0.5546  1.6676  1.8625  3.2117  1.3393  0.9291  0.858  2.2202  1.1336  3.4782  15.3877  5.3129  9.3255  0.6926  3.7216  8.3772  0.9466  4.7801  7.2195  0.6592  1.365  2.8245  3.6439  0.3279  5.6782  9.1485  12.0613  10.9328  5.061  5.9757  2.9579  7.9436  1.411  3.3439  7.136  2.0028  0.6812  0.6111  1.6773  5.2709  
trainID = 2244  2.5082  0.7192  1.396  2.8615  2.8237  0.5648  1.637  0.6377  0.708  1.6671  0.7473  2.7058  3.1587  7.5738  0.2766  0.4083  0.8697  1.4222  2.17  0.4228  0.6181  1.6462  0.351  3.9189  1.7511  3.4757  2.1001  0.3025  0.1893  1.194  3.3055  3.238  6.0182  1.1111  1.299  1.8334  0.7477  3.6372  5.6574  0.563  0.2698  0.9556  1.175  0.219  1.1232  
trainID = 2247  0.7078  2.706  1.1514  2.2654  1.1681  2.526  3.026  2.8211  4.2083  0.662  0.0052  0.066  4.6566  1.3632  0.2316  1.5904  1.5393  1.1038  0.441  1.255  0.0388  34.2517  0.1797  1.3717  0.0092  1.2768  2.1633  6.9328  2.2046  0.2347  0.5038  3.9085  0.685  1.2931  0.4836  2.6185  0.1917  1.7971  1.151  1.996  1.664  1.081  0.4437  
trainID = 2249  0.3328  5.0467  1.37  0.9698  1.6165  1.416  0.929  2.6773  0.045  4.0825  1.0373  1.975  1.4416  2.577  4.2148  1.808  0.7591  1.2925  0.49  3.2817  2.2952  1.3817  1.5405  1.3758  20.7622  2.0023  15.7849  1.1024  6.441  1.387  2.4649  1.207  3.928  5.8765  1.9722  4.9752  1.7417  3.266  1.2318  2.9852  0.176  1.8792  
trainID = 2356  0.1248  0.9922  1.325  1.5547  1.1408  1.4109  1.187  0.3446  0.06  1.7341  1.0101  2.7783  4.4183  6.0595  0.1656  1.6384  3.5067  2.3629  1.308  1.3676  0.5116  2.2777  2.089  1.55  2.6445  1.2502  1.3257  0.163  1.9936  3.5887  2.6168  2.196  4.8683  1.4562  1.613  1.5084  1.4468  2.5362  3.1669  0.8576  1.5831  0.0953  
trainID = 2362  3.6759  2.9993  1.7881  1.0614  2.9532  0.5435  3.483  1.1065  0.224  2.1212  5.2249  4.1704  6.6526  10.292  1.1321  1.7737  2.6895  5.2025  0.2168  3.4235  1.588  1.597  0.375  1.791  2.9838  4.4057  3.6927  2.6129  5.816  6.9336  3.9364  0.0561  5.2595  3.6829  2.656  4.1577  4.2258  2.3806  4.8817  1.7417  0.8622  2.4181  
trainID = 2371  1.999  3.8992  3.6023  2.2043  1.0661  0.9138  3.1  2.2112  0.616  1.063  1.6421  2.4704  4.3387  12.4375  3.5507  0.5419  5.3668  4.1626  1.601  2.5258  1.0738  1.4293  3.178  0.387  4.1915  3.0846  5.5947  3.9853  7.6565  8.3225  2.8912  0.9067  5.068  2.3244  3.5507  2.2931  4.5585  0.1119  4.108  1.6644  1.622  2.8332  
trainID = 2384  2.7877  0.7915  0.668  3.6045  1.2059  0.5671  2.7432  0.431  0.182  4.2007  1.6899  2.4281  3.0956  2.4154  2.381  0.703  1.5844  4.807  0.2937  0.475  0.298  4.2896  2.1087  2.065  10.3015  24.8066  3.5867  0.8601  6.4709  3.0351  0.7833  3.9103  2.4847  4.6433  5.0776  2.9994  1.2879  0.9757  3.8542  2.732  0.939  2.1817  
trainID = 2388  4.186  1.6815  0.737  3.3545  3.652  1.084  0.986  1.3753  2.515  4.2074  1.3813  0.907  3.6083  2.4294  3.7892  0.703  1.1396  0.6423  2.509  1.7792  0.6292  1.796  0.937  0.102  0.9772  0.5997  0.2577  15.8852  10.8057  12.5385  0.1606  4.0502  3.6399  1.9864  1.599  3.1792  5.1309  3.8316  0.6815  2.5722  3.2582  3.4641  1.672  0.055  0.062  
trainID = 2402  2.7948  0.943  2.9834  1.6565  0.0662  1.4885  0.666  1.475  2.411  1.6189  1.4286  2.104  2.7008  3.1978  0.4093  3.6473  0.7541  1.7923  0.441  0.7376  2.0126  0.5916  1.63  0.892  0.9155  1.5613  0.7265  1.8957  4.3832  5.0491  1.1662  1.6813  1.352  3.6273  0.377  0.0166  2.7527  1.4402  0.2012  0.3534  2.0686  1.8515  35.0526  
trainID = 2477  1.9624  3.0433  0.8473  1.9198  1.1435  2.165  1.699  0.1322  0.25  1.8249  0.6236  5.097  6.4659  10.8405  1.5381  2.1141  3.2886  3.8196  2.468  3.8787  0.6792  1.6704  1.201  0.856  5.0887  4.3107  2.5771  1.7382  4.2484  7.1698  0.9105  0.6996  4.8804  0.3111  2.34  3.3704  2.3716  2.7383  4.6509  2.381  0.4148  2.7593  
trainID = 2508  0.5524  0.1504  2.0321  0.3248  2.3605  0.6863  1.856  0.2637  2.4402  3.2602  0.0272  1.5104  5.2361  9.3179  2.8095  0.3255  2.3771  2.3191  0.551  2.2311  4.4477  1.0001  0.13  0.085  1.2978  1.1924  2.3757  4.5861  7.347  7.3241  4.3162  3.5123  1.8949  3.9813  0.408  3.2484  5.9086  2.5004  1.5663  2.9095  1.7729  1.1169  35.6566  
trainID = 2513  3.8121  0.4844  1.138  1.4088  2.4067  0.0009  2.5768  1.7282  1.982  1.0872  1.9506  3.1288  8.499  1.4435  3.5111  3.7763  0.9172  3.1224  0.321  0.7268  1.5466  0.6674  0.158  0.905  4.6497  1.1632  0.9142  5.048  7.4705  8.3392  4.7096  6.2925  0.1965  4.268  0.699  3.2826  4.601  0.1576  1.2631  2.9895  0.2662  3.7126  
trainID = 2559  0.6301  1.5254  1.3935  1.2859  0.6525  4.6047  1.7631  0.2912  1.25  0.1076  0.1272  0.1  3.2348  1.5717  0.071  0.5315  1.5548  0.4095  1.9344  0.6091  1.6139  34.0437  0.5966  3.3238  0.5461  1.4761  4.1204  3.2492  1.2268  0.9063  0.7915  2.6808  2.85  0.6669  1.8482  1.4873  0.3484  2.9145  1.6208  1.4251  1.791  0.489  0.5728  
trainID = 2564  0.2688  4.1278  2.0912  0.6857  2.5011  3.3471  3.2  1.3182  0.826  5.002  3.239  4.9265  4.1724  21.5701  11.5239  2.1336  7.7179  6.1453  0.09  4.2883  3.5503  2.7031  2.4062  3.5811  4.8279  1.2003  9.9868  8.0952  10.9155  8.6995  6.044  7.6432  4.2995  5.3274  1.265  4.5374  7.9183  2.0658  0.427  5.0555  1.9693  6.2598  
trainID = 2580  1.2528  3.0614  2.1962  0.9686  1.1782  0.8897  0.288  1.2213  2.2905  1.6478  2.7963  0.205  2.3164  3.228  1.0542  1.3435  3.7702  1.4837  1.001  1.4777  0.1446  33.7127  0.7129  0.8122  0.5571  7.3913  0.4722  6.7805  0.4574  2.8447  1.2281  3.638  2.185  2.955  2.6642  1.5191  3.3722  0.0369  1.3218  0.607  3.9673  0.131  0.7302  
trainID = 2592  5.1799  0.0375  1.3641  1.8609  3.0755  2.5227  0.3061  0.0402  2.5285  2.0764  2.7071  2.9834  9.7069  2.7377  9.5689  2.8276  3.3084  4.7556  0.94  4.1473  6.4997  0.7017  4.4651  0.163  1.9221  0.7664  3.6754  8.7526  11.1792  10.0784  3.9501  7.414  1.9186  6.3452  1.907  3.0629  5.231  0.91  0.9201  3.9025  0.4502  4.4543  
trainID = 2612  3.6411  0.9109  3.991  3.1575  3.0043  0.9069  33.7959  0.563  0.8833  0.34  4.2935  4.479  3.1603  2.0487  3.3176  3.9055  1.778  1.2558  1.2376  1.5167  1.916  0.713  3.1502  0.4238  2.048  6.4207  13.4185  3.512  0.2427  3.5685  3.7387  0.5135  3.7702  0.7052  6.0012  3.8262  0.8026  0.1605  2.1373  0.9481  1.87  0.424  0.7921  
trainID = 2644  1.2072  0.3264  1.627  1.5635  1.5858  0.6512  0.35  0.127  0.423  0.1003  2.2985  0.8103  0.824  4.6839  1.9049  0.0249  1.9245  2.7097  2.223  0.9265  2.1386  0.6044  1.062  1.806  1.387  0.6229  0.5644  1.2607  2.79  1.9274  2.4237  0.1743  2.2656  5.2012  1.752  0.224  0.1452  3.7056  3.5443  2.5627  2.9083  1.1587  32.3136  
trainID = 2659  0.3589  1.1632  2.336  2.158  0.2557  1.19  0.554  1.0125  1.198  0.0828  0.7543  2.0747  0.8318  1.3872  2.538  0.0842  0.0259  1.416  0.571  0.8178  1.2017  0.0682  0.749  2.9902  2.4061  1.6556  2.9148  2.0112  2.463  3.4761  3.0548  1.3972  2.33  3.1447  2.9455  1.4889  1.0444  1.5147  1.2477  0.6515  0.2142  0.2938  
trainID = 2673  1.11  4.9203  3.4029  2.3055  3.2998  2.852  0.515  2.4616  1.848  2.2353  3.1726  3.6269  8.4208  20.3712  11.9514  0.7077  3.9723  5.5935  3.693  5.4549  6.0834  0.4485  3.8451  0.867  1.8866  2.9525  8.8644  7.1544  9.6183  10.3887  3.5361  5.5646  3.5964  4.584  2.8966  5.8417  7.7228  0.5605  1.9538  4.6295  2.1483  2.376  
trainID = 2703  2.1571  0.8313  1.974  4.3155  2.5749  0.4855  32.8799  2.7261  3.1363  0.167  4.1794  4.6896  1.7288  1.3177  2.1355  2.5311  0.296  1.2787  1.9575  3.2564  0.144  0.864  0.6877  0.4586  0.1357  4.4094  4.0002  2.0467  1.868  4.8065  4.2792  1.6585  1.111  1.5954  3.9091  1.8567  2.6824  0.3755  2.0068  1.1124  1.86  0.059  1.9137  
trainID = 2706  2.7623  1.9756  1.194  1.5475  0.304  1.342  3.091  0.4939  0.737  0.7163  1.0903  2.9263  3.9784  4.1469  3.2136  1.3853  1.4771  0.3017  0.923  0.7662  0.3423  3.8548  0.215  0.523  2.0814  0.6146  3.9838  3.0579  1.3263  0.0389  3.4377  6.3713  5.5171  1.7445  2.54  3.5051  1.2361  1.3565  1.6429  0.7626  0.0403  1.0881  0.151  3.009  2.0674  
trainID = 2792  4.8206  1.1354  1.063  1.6359  2.6717  0.994  33.7249  0.9195  3.511  1.5643  8.278  4.1482  1.9432  1.3704  3.6328  5.6487  0.114  1.3947  3.821  2.0335  2.256  1.411  4.5401  4.206  4.8532  0.5297  9.9323  5.0241  3.6756  5.7178  7.8908  0.4568  3.8202  2.5812  2.2531  4.1098  3.4336  1.5524  3.1969  0.1777  0.161  2.2251  2.5404  
trainID = 2795  1.3415  0.8379  0.26  0.2615  2.7231  0.9999  3.272  0.8936  1.662  0.4473  2.3209  0.6097  0.4572  9.1772  1.4497  2.5472  4.0342  2.732  0.176  0.3188  2.4695  1.6387  0.36  2.2721  1.8285  1.6944  1.9471  1.4973  6.9911  5.7155  2.7816  3.3214  5.0018  2.1139  3.1957  2.4532  4.6673  2.2109  4.7926  1.5348  0.21  1.7854  
trainID = 2809  2.2216  3.9864  1.33  0.1995  1.2122  0.9662  0.6249  3.9968  1.123  2.0052  3.2013  0.053  2.2755  4.0801  2.715  0.0778  0.982  0.0403  0.485  1.5041  0.7993  34.8107  0.4209  1.7112  0.0691  9.7051  1.8076  9.1539  1.3781  2.2295  0.3794  1.5276  1.741  3.79  2.3742  1.3457  1.3285  0.2889  3.0739  1.0886  4.1591  1.542  0.6927  
trainID = 2842  1.7593  2.3907  2.8648  2.6479  4.2758  1.4351  1.716  0.8025  1.91  2.1267  4.1259  5.3446  10.3342  22.8226  13.7996  1.8665  8.6863  5.3077  2.437  4.9105  5.8081  1.6518  0.529  0.859  5.8468  1.1647  9.3149  7.3746  11.5768  10.8279  3.7443  7.0072  4.1369  6.0949  1.532  4.8633  7.765  0.9866  1.5306  3.4055  4.0733  2.3592  
trainID = 2848  1.6301  1.2859  0.472  0.0419  3.6124  0.004  1.4598  0.1735  0.602  3.5524  1.9231  0.858  4.1351  0.252  1.0939  1.1778  1.5111  1.7008  0.3515  0.8833  0.5628  33.8077  0.3268  0.6229  2.1984  10.8397  1.0514  5.375  0.4153  2.7303  0.7291  2.882  0.749  3.771  3.1499  1.8688  1.0902  1.0504  1.8127  1.6768  2.336  2.7722  0.6114  
trainID = 2852  1.6021  1.1987  2.8245  1.2278  1.1331  2.206  2.6401  2.2668  1.862  1.0652  2.2574  0.286  3.6666  3.1193  0.5299  4.1385  0.392  3.3789  0.224  2.0059  2.9088  33.5617  3.0411  1.0372  1.8227  1.4862  4.224  7.5013  3.6404  5.5291  1.7286  3.7109  0.124  0.1591  0.1033  0.1198  2.537  0.8325  2.5167  0.6489  1.763  1.7197  1.3094  
trainID = 2859  2.092  0.8905  3.3209  0.9041  3.0166  2.4479  1.2578  1.8428  1.902  1.6804  2.4061  4.5862  10.628  8.587  7.9376  1.8384  3.8063  4.288  0.841  2.0641  4.7176  0.3232  1.754  1.77  2.9669  1.6398  7.4647  8.8342  9.1314  12.4811  3.6251  4.4687  5.2675  5.9065  3.5504  3.7439  8.7806  0.4234  0.004  2.5447  1.2117  5.5892  
trainID = 2874  2.2402  0.3877  0.3998  2.246  0.2645  1.338  0.3626  2.5966  1.374  0.6146  0.1195  0.925  3.9816  2.1433  1.4721  2.0214  1.0308  0.6729  1.7935  1.0771  2.0384  1.7805  1.328  0.624  2.201  1.194  0.1417  0.5231  0.7444  2.7665  0.9928  0.0709  2.335  3.153  1.587  2.0559  0.6974  1.8632  1.644  1.5828  0.5531  2.5266  1.238  1.4016  0.1517  
trainID = 2889  2.9324  0.6647  2.948  2.6225  2.8295  1.293  34.2359  1.2544  1.3224  2.5097  7.1782  4.3051  2.2488  1.2187  5.8937  3.4051  2.319  0.4026  2.2824  0.5872  0.029  0.355  2.3128  1.9296  2.5801  4.2834  14.1722  12.2342  2.6994  5.4486  7.0321  0.9116  3.1414  1.2156  3.256  6.5724  5.2783  0.1874  0.4733  0.4929  2.18  2.7823  1.15  
trainID = 2896  1.6093  0.7452  0.237  0.1099  4.423  2.34  3.201  2.2505  0.306  3.4812  1.6124  0.436  4.5097  5.592  0.8983  1.1272  0.4001  6.6616  1.127  0.8095  1.4831  1.8592  2.6004  1.258  2.0979  1.7488  1.5299  3.7883  3.9558  0.2165  3.6136  3.8758  7.1258  1.9989  3.7841  0.5697  1.4129  5.3487  0.6863  0.0922  1.1671  1.3386  0.072  1.416  1.8802  
trainID = 2911  1.5527  4.0642  0.476  1.7569  2.6487  0.6247  0.892  0.4683  0.173  0.1001  3.0613  4.4527  1.5332  14.8926  5.2631  1.1467  4.2926  0.8563  4.897  3.2783  2.1607  2.7374  2.8294  2.3794  0.6811  4.2704  8.2547  6.477  8.4792  8.0182  2.6  3.329  6.7459  3.4703  1.364  4.3107  6.4952  0.2272  5.1893  1.0276  1.5236  1.2782  
trainID = 2930  0.8354  1.8928  2.02  1.2953  2.7775  0.523  0.23  1.423  2.168  2.6829  2.45  4.9189  9.6393  14.6632  11.6265  1.651  7.8681  3.202  2.205  3.4791  3  2.0199  3.5554  1.994  4.7595  0.9234  6.0876  7.0232  8.5993  9.027  4.6415  3.7218  4.0588  4.7474  1.792  5.2106  9.2295  1.2388  2.2231  2.9395  0.5733  2.395  
trainID = 2938  1.2922  0.1973  0.508  2.2361  0.0775  1.5161  1.008  0.1229  1.644  1.2058  0.4348  0.5838  3.3149  2.3348  1.956  0.2132  0.17  0.4351  0.053  0.1137  3.1727  1.0676  0.595  1.027  1.3396  0.7226  0.6895  5.2994  4.2158  9.1752  3.744  1.0376  0.9291  3.9509  2.28  1.9329  0.6024  2.2914  0.7714  3.2665  1.3634  2.2461  34.5836  
trainID = 2965  2.4976  0.9551  3.3041  2.5712  4.0698  1.9346  0.069  0.5268  2.6513  1.1126  0.8704  3.9333  12.9151  4.3938  6.7077  0.6806  4.5123  4.4115  1.567  2.4355  7.0807  0.1273  3.2756  0.237  3.5285  1.8555  4.8751  6.5433  9.2001  9.3911  2.3348  7.2347  0.2027  5.21  2.093  3.0072  5.8376  0.1625  0.7443  5.9715  2.3423  5.2123  34.4966  
TrainID = 705  dbValue = 1.23305  nTestCell = 45  nTrainCell = 45  nDiff = 0  (X,Y) = (1485, 2015)  Position Error = 16.4012
TrainID = 2002  dbValue = 1.25662  nTestCell = 45  nTrainCell = 45  nDiff = 0  (X,Y) = (1485, 2015)  Position Error = 16.4012
TrainID = 697  dbValue = 1.29095  nTestCell = 45  nTrainCell = 45  nDiff = 0  (X,Y) = (1445, 2065)  Position Error = 47.634
TrainID = 2132  dbValue = 1.30252  nTestCell = 45  nTrainCell = 42  nDiff = 3  (X,Y) = (1525, 2015)  Position Error = 51.6624
TrainID = 2167  dbValue = 1.37905  nTestCell = 45  nTrainCell = 45  nDiff = 0  (X,Y) = (1485, 2005)  Position Error = 25.0799
TrainID = 2874  dbValue = 1.38346  nTestCell = 45  nTrainCell = 45  nDiff = 0  (X,Y) = (1485, 2005)  Position Error = 25.0799
TrainID = 1354  dbValue = 1.40526  nTestCell = 45  nTrainCell = 42  nDiff = 3  (X,Y) = (1425, 2045)  Position Error = 52.811
TrainID = 2659  dbValue = 1.43032  nTestCell = 45  nTrainCell = 42  nDiff = 3  (X,Y) = (1445, 1995)  Position Error = 44.5982
TrainID = 827  dbValue = 1.45681  nTestCell = 45  nTrainCell = 42  nDiff = 3  (X,Y) = (1395, 2045)  Position Error = 81.7863
TrainID = 1188  dbValue = 1.5195  nTestCell = 45  nTrainCell = 45  nDiff = 0  (X,Y) = (1445, 2045)  Position Error = 34.4819
TrainID = 1184  dbValue = 1.52622  nTestCell = 45  nTrainCell = 42  nDiff = 3  (X,Y) = (1415, 2065)  Position Error = 70.4911
TrainID = 550  dbValue = 1.52674  nTestCell = 45  nTrainCell = 45  nDiff = 0  (X,Y) = (1425, 2095)  Position Error = 83.6002
TrainID = 1437  dbValue = 1.5561  nTestCell = 45  nTrainCell = 45  nDiff = 0  (X,Y) = (1455, 2075)  Position Error = 51.0784
TrainID = 1832  dbValue = 1.58458  nTestCell = 45  nTrainCell = 45  nDiff = 0  (X,Y) = (1485, 2025)  Position Error = 10.4403
TrainID = 456  dbValue = 1.6237  nTestCell = 45  nTrainCell = 45  nDiff = 0  (X,Y) = (1495, 2075)  Position Error = 51.0784
TrainID = 2356  dbValue = 1.80543  nTestCell = 45  nTrainCell = 42  nDiff = 3  (X,Y) = (1385, 2075)  Position Error = 101.533
TrainID = 377  dbValue = 1.81693  nTestCell = 45  nTrainCell = 45  nDiff = 0  (X,Y) = (1415, 2105)  Position Error = 97.6166
TrainID = 2244  dbValue = 1.82174  nTestCell = 45  nTrainCell = 45  nDiff = 0  (X,Y) = (1405, 2095)  Position Error = 96.8969
TrainID = 2706  dbValue = 1.88622  nTestCell = 45  nTrainCell = 45  nDiff = 0  (X,Y) = (1415, 2105)  Position Error = 97.6166
TrainID = 546  dbValue = 1.9195  nTestCell = 45  nTrainCell = 45  nDiff = 0  (X,Y) = (1485, 2105)  Position Error = 77.6466
TrainID = 1444  dbValue = 1.98939  nTestCell = 45  nTrainCell = 45  nDiff = 0  (X,Y) = (1415, 2105)  Position Error = 97.6166
TrainID = 554  dbValue = 1.99833  nTestCell = 45  nTrainCell = 42  nDiff = 3  (X,Y) = (1575, 2045)  Position Error = 101.435
TrainID = 508  dbValue = 2.00726  nTestCell = 45  nTrainCell = 43  nDiff = 2  (X,Y) = (1455, 2005)  Position Error = 30.4795
TrainID = 2093  dbValue = 2.01923  nTestCell = 45  nTrainCell = 42  nDiff = 3  (X,Y) = (1385, 2085)  Position Error = 106.532
TrainID = 368  dbValue = 2.04519  nTestCell = 45  nTrainCell = 42  nDiff = 3  (X,Y) = (1475, 1915)  Position Error = 113
TrainID = 1484  dbValue = 2.05865  nTestCell = 45  nTrainCell = 42  nDiff = 3  (X,Y) = (1385, 2065)  Position Error = 97.3088
TrainID = 1307  dbValue = 2.07809  nTestCell = 45  nTrainCell = 43  nDiff = 2  (X,Y) = (1505, 1995)  Position Error = 44.5982
TrainID = 2089  dbValue = 2.08324  nTestCell = 45  nTrainCell = 45  nDiff = 0  (X,Y) = (1425, 2105)  Position Error = 91.8096
TrainID = 960  dbValue = 2.12176  nTestCell = 45  nTrainCell = 43  nDiff = 2  (X,Y) = (1515, 2065)  Position Error = 54.4885
TrainID = 1241  dbValue = 2.13186  nTestCell = 45  nTrainCell = 42  nDiff = 3  (X,Y) = (1375, 1945)  Position Error = 129.958
TrainID = 2896  dbValue = 2.15104  nTestCell = 45  nTrainCell = 45  nDiff = 0  (X,Y) = (1425, 2115)  Position Error = 100.344
TrainID = 2120  dbValue = 2.16831  nTestCell = 45  nTrainCell = 43  nDiff = 2  (X,Y) = (1455, 1995)  Position Error = 38.5876
TrainID = 2559  dbValue = 2.19156  nTestCell = 45  nTrainCell = 43  nDiff = 2  (X,Y) = (1505, 1985)  Position Error = 52.4309
TrainID = 1394  dbValue = 2.19924  nTestCell = 45  nTrainCell = 45  nDiff = 0  (X,Y) = (1465, 2135)  Position Error = 107.466
TrainID = 1708  dbValue = 2.22776  nTestCell = 45  nTrainCell = 45  nDiff = 0  (X,Y) = (1505, 2125)  Position Error = 101.533
TrainID = 1440  dbValue = 2.23917  nTestCell = 45  nTrainCell = 45  nDiff = 0  (X,Y) = (1445, 2135)  Position Error = 111.126
TrainID = 553  dbValue = 2.24341  nTestCell = 45  nTrainCell = 43  nDiff = 2  (X,Y) = (1515, 2035)  Position Error = 40.6079
TrainID = 1529  dbValue = 2.27162  nTestCell = 45  nTrainCell = 43  nDiff = 2  (X,Y) = (1525, 2025)  Position Error = 50.0899
TrainID = 2028  dbValue = 2.27916  nTestCell = 45  nTrainCell = 43  nDiff = 2  (X,Y) = (1525, 1995)  Position Error = 59.9083
TrainID = 889  dbValue = 2.28699  nTestCell = 45  nTrainCell = 42  nDiff = 3  (X,Y) = (1375, 1985)  Position Error = 108.853
TrainID = 2644  dbValue = 2.29847  nTestCell = 45  nTrainCell = 43  nDiff = 2  (X,Y) = (1435, 2025)  Position Error = 40.1123
TrainID = 2795  dbValue = 2.30963  nTestCell = 45  nTrainCell = 42  nDiff = 3  (X,Y) = (1335, 1995)  Position Error = 143.837
TrainID = 2019  dbValue = 2.31778  nTestCell = 45  nTrainCell = 42  nDiff = 3  (X,Y) = (1375, 1985)  Position Error = 108.853
TrainID = 2247  dbValue = 2.32499  nTestCell = 45  nTrainCell = 43  nDiff = 2  (X,Y) = (1525, 1985)  Position Error = 65.9469
TrainID = 1568  dbValue = 2.3305  nTestCell = 45  nTrainCell = 43  nDiff = 2  (X,Y) = (1525, 2045)  Position Error = 52.811
TrainID = 2055  dbValue = 2.333  nTestCell = 45  nTrainCell = 42  nDiff = 3  (X,Y) = (1375, 1945)  Position Error = 129.958
TrainID = 1473  dbValue = 2.34416  nTestCell = 45  nTrainCell = 43  nDiff = 2  (X,Y) = (1545, 1995)  Position Error = 77.3886
TrainID = 1044  dbValue = 2.3457  nTestCell = 45  nTrainCell = 42  nDiff = 3  (X,Y) = (1355, 1965)  Position Error = 135.532
TrainID = 1272  dbValue = 2.38338  nTestCell = 45  nTrainCell = 43  nDiff = 2  (X,Y) = (1425, 1975)  Position Error = 72.8629
TrainID = 2130  dbValue = 2.40823  nTestCell = 45  nTrainCell = 43  nDiff = 2  (X,Y) = (1405, 1985)  Position Error = 82.1523
TrainID = 2402  dbValue = 2.43987  nTestCell = 45  nTrainCell = 43  nDiff = 2  (X,Y) = (1455, 1975)  Position Error = 56.648
TrainID = 632  dbValue = 2.44261  nTestCell = 45  nTrainCell = 42  nDiff = 3  (X,Y) = (1435, 1885)  Position Error = 148.489
TrainID = 2938  dbValue = 2.45863  nTestCell = 45  nTrainCell = 43  nDiff = 2  (X,Y) = (1435, 1935)  Position Error = 101.237
TrainID = 1896  dbValue = 2.46001  nTestCell = 45  nTrainCell = 42  nDiff = 3  (X,Y) = (1355, 2035)  Position Error = 120.204
TrainID = 1072  dbValue = 2.48526  nTestCell = 45  nTrainCell = 42  nDiff = 3  (X,Y) = (1565, 2115)  Position Error = 125.176
TrainID = 1372  dbValue = 2.50809  nTestCell = 45  nTrainCell = 43  nDiff = 2  (X,Y) = (1505, 2105)  Position Error = 82.6378
TrainID = 1480  dbValue = 2.53446  nTestCell = 45  nTrainCell = 43  nDiff = 2  (X,Y) = (1435, 2005)  Position Error = 46.1411
TrainID = 2848  dbValue = 2.53838  nTestCell = 45  nTrainCell = 43  nDiff = 2  (X,Y) = (1545, 2065)  Position Error = 79.177
TrainID = 2513  dbValue = 2.55528  nTestCell = 45  nTrainCell = 42  nDiff = 3  (X,Y) = (1445, 1895)  Position Error = 136.341
TrainID = 1295  dbValue = 2.57433  nTestCell = 45  nTrainCell = 43  nDiff = 2  (X,Y) = (1445, 1945)  Position Error = 88.2553
TrainID = 2580  dbValue = 2.6026  nTestCell = 45  nTrainCell = 43  nDiff = 2  (X,Y) = (1555, 2045)  Position Error = 81.7863
TrainID = 1977  dbValue = 2.6454  nTestCell = 45  nTrainCell = 43  nDiff = 2  (X,Y) = (1445, 1945)  Position Error = 88.2553
TrainID = 2477  dbValue = 2.67831  nTestCell = 45  nTrainCell = 42  nDiff = 3  (X,Y) = (1345, 2045)  Position Error = 131.107
TrainID = 1693  dbValue = 2.71206  nTestCell = 45  nTrainCell = 42  nDiff = 3  (X,Y) = (1345, 1985)  Position Error = 136.927
TrainID = 2388  dbValue = 2.72307  nTestCell = 45  nTrainCell = 45  nDiff = 0  (X,Y) = (1495, 2165)  Position Error = 138.452
TrainID = 1906  dbValue = 2.73224  nTestCell = 45  nTrainCell = 42  nDiff = 3  (X,Y) = (1395, 1895)  Position Error = 155.206
TrainID = 1420  dbValue = 2.73406  nTestCell = 45  nTrainCell = 43  nDiff = 2  (X,Y) = (1395, 2015)  Position Error = 81.0494
TrainID = 1884  dbValue = 2.74853  nTestCell = 45  nTrainCell = 43  nDiff = 2  (X,Y) = (1435, 1925)  Position Error = 110.494
TrainID = 2703  dbValue = 2.75486  nTestCell = 45  nTrainCell = 43  nDiff = 2  (X,Y) = (1435, 2135)  Position Error = 114.232
TrainID = 2809  dbValue = 2.75574  nTestCell = 45  nTrainCell = 43  nDiff = 2  (X,Y) = (1565, 2045)  Position Error = 91.5915
TrainID = 1244  dbValue = 2.774  nTestCell = 45  nTrainCell = 43  nDiff = 2  (X,Y) = (1555, 2025)  Position Error = 80.0562
TrainID = 912  dbValue = 2.77846  nTestCell = 45  nTrainCell = 42  nDiff = 3  (X,Y) = (1335, 2005)  Position Error = 141.877
TrainID = 2852  dbValue = 2.79187  nTestCell = 45  nTrainCell = 43  nDiff = 2  (X,Y) = (1525, 1965)  Position Error = 80.4301
TrainID = 1156  dbValue = 2.81201  nTestCell = 45  nTrainCell = 42  nDiff = 3  (X,Y) = (1335, 1945)  Position Error = 162.754
TrainID = 1689  dbValue = 2.84599  nTestCell = 45  nTrainCell = 42  nDiff = 3  (X,Y) = (1325, 2005)  Position Error = 151.753
TrainID = 1651  dbValue = 2.84685  nTestCell = 45  nTrainCell = 42  nDiff = 3  (X,Y) = (1385, 1895)  Position Error = 160.59
TrainID = 2249  dbValue = 2.93189  nTestCell = 45  nTrainCell = 42  nDiff = 3  (X,Y) = (1605, 2105)  Position Error = 151.093
TrainID = 893  dbValue = 2.94083  nTestCell = 45  nTrainCell = 42  nDiff = 3  (X,Y) = (1335, 1955)  Position Error = 157.889
TrainID = 1504  dbValue = 2.95024  nTestCell = 45  nTrainCell = 42  nDiff = 3  (X,Y) = (1365, 1885)  Position Error = 180.413
TrainID = 2184  dbValue = 2.95056  nTestCell = 45  nTrainCell = 43  nDiff = 2  (X,Y) = (1365, 1995)  Position Error = 114.843
TrainID = 1429  dbValue = 2.9601  nTestCell = 45  nTrainCell = 43  nDiff = 2  (X,Y) = (1405, 2135)  Position Error = 127.863
TrainID = 1337  dbValue = 2.99838  nTestCell = 45  nTrainCell = 42  nDiff = 3  (X,Y) = (1375, 1875)  Position Error = 182.781
TrainID = 1483  dbValue = 3.00117  nTestCell = 45  nTrainCell = 43  nDiff = 2  (X,Y) = (1455, 1915)  Position Error = 114.756
TrainID = 2384  dbValue = 3.01776  nTestCell = 45  nTrainCell = 42  nDiff = 3  (X,Y) = (1465, 2185)  Position Error = 157.318
TrainID = 1163  dbValue = 3.02226  nTestCell = 45  nTrainCell = 42  nDiff = 3  (X,Y) = (1315, 1985)  Position Error = 165.677
TrainID = 2362  dbValue = 3.06639  nTestCell = 45  nTrainCell = 42  nDiff = 3  (X,Y) = (1305, 2015)  Position Error = 170.496
TrainID = 2371  dbValue = 3.09875  nTestCell = 45  nTrainCell = 42  nDiff = 3  (X,Y) = (1295, 2005)  Position Error = 181.463
TrainID = 1862  dbValue = 3.19687  nTestCell = 45  nTrainCell = 42  nDiff = 3  (X,Y) = (1385, 1865)  Position Error = 186.196
TrainID = 2191  dbValue = 3.22909  nTestCell = 45  nTrainCell = 42  nDiff = 3  (X,Y) = (1355, 1895)  Position Error = 179.134
TrainID = 2508  dbValue = 3.23743  nTestCell = 45  nTrainCell = 43  nDiff = 2  (X,Y) = (1375, 1935)  Position Error = 136.561
TrainID = 2612  dbValue = 3.23929  nTestCell = 45  nTrainCell = 43  nDiff = 2  (X,Y) = (1425, 2165)  Position Error = 145.839
TrainID = 802  dbValue = 3.24334  nTestCell = 45  nTrainCell = 43  nDiff = 2  (X,Y) = (1435, 1885)  Position Error = 148.489
TrainID = 1344  dbValue = 3.27741  nTestCell = 45  nTrainCell = 43  nDiff = 2  (X,Y) = (1435, 2165)  Position Error = 142.72
TrainID = 2027  dbValue = 3.28848  nTestCell = 45  nTrainCell = 43  nDiff = 2  (X,Y) = (1445, 2165)  Position Error = 140.246
TrainID = 1077  dbValue = 3.29136  nTestCell = 45  nTrainCell = 42  nDiff = 3  (X,Y) = (1415, 2195)  Position Error = 177.451
TrainID = 726  dbValue = 3.29823  nTestCell = 45  nTrainCell = 42  nDiff = 3  (X,Y) = (1315, 1945)  Position Error = 180.247
TrainID = 1503  dbValue = 3.31859  nTestCell = 45  nTrainCell = 42  nDiff = 3  (X,Y) = (1385, 1865)  Position Error = 186.196
TrainID = 2911  dbValue = 3.33997  nTestCell = 45  nTrainCell = 42  nDiff = 3  (X,Y) = (1305, 1945)  Position Error = 189.18
TrainID = 920  dbValue = 3.36525  nTestCell = 45  nTrainCell = 42  nDiff = 3  (X,Y) = (1405, 1865)  Position Error = 177.395
TrainID = 1416  dbValue = 3.39934  nTestCell = 45  nTrainCell = 42  nDiff = 3  (X,Y) = (1325, 1905)  Position Error = 193.982
TrainID = 696  dbValue = 3.44239  nTestCell = 45  nTrainCell = 42  nDiff = 3  (X,Y) = (1305, 1905)  Position Error = 209.831
TrainID = 438  dbValue = 3.47271  nTestCell = 45  nTrainCell = 43  nDiff = 2  (X,Y) = (1375, 2145)  Position Error = 153.912
TrainID = 1905  dbValue = 3.48987  nTestCell = 45  nTrainCell = 43  nDiff = 2  (X,Y) = (1535, 2135)  Position Error = 122.674
TrainID = 664  dbValue = 3.52695  nTestCell = 45  nTrainCell = 42  nDiff = 3  (X,Y) = (1295, 1965)  Position Error = 190.707
TrainID = 770  dbValue = 3.53166  nTestCell = 45  nTrainCell = 42  nDiff = 3  (X,Y) = (1395, 2195)  Position Error = 185.173
TrainID = 791  dbValue = 3.5506  nTestCell = 45  nTrainCell = 43  nDiff = 2  (X,Y) = (1325, 2015)  Position Error = 150.562
TrainID = 1193  dbValue = 3.55157  nTestCell = 45  nTrainCell = 43  nDiff = 2  (X,Y) = (1425, 2165)  Position Error = 145.839
TrainID = 1436  dbValue = 3.60302  nTestCell = 45  nTrainCell = 43  nDiff = 2  (X,Y) = (1535, 2155)  Position Error = 140.46
TrainID = 2592  dbValue = 3.60343  nTestCell = 45  nTrainCell = 42  nDiff = 3  (X,Y) = (1405, 1845)  Position Error = 195.931
TrainID = 1339  dbValue = 3.62128  nTestCell = 45  nTrainCell = 43  nDiff = 2  (X,Y) = (1455, 2165)  Position Error = 138.452
TrainID = 1827  dbValue = 3.63697  nTestCell = 45  nTrainCell = 42  nDiff = 3  (X,Y) = (1375, 1845)  Position Error = 208.54
TrainID = 930  dbValue = 3.72967  nTestCell = 45  nTrainCell = 42  nDiff = 3  (X,Y) = (1355, 1845)  Position Error = 218.836
TrainID = 2792  dbValue = 3.74348  nTestCell = 45  nTrainCell = 43  nDiff = 2  (X,Y) = (1375, 2165)  Position Error = 169.614
TrainID = 1897  dbValue = 3.74775  nTestCell = 45  nTrainCell = 43  nDiff = 2  (X,Y) = (1495, 2175)  Position Error = 148.354
TrainID = 2889  dbValue = 3.79467  nTestCell = 45  nTrainCell = 43  nDiff = 2  (X,Y) = (1405, 2205)  Position Error = 190.339
TrainID = 2859  dbValue = 3.86991  nTestCell = 45  nTrainCell = 42  nDiff = 3  (X,Y) = (1355, 1855)  Position Error = 210.545
TrainID = 2930  dbValue = 3.98361  nTestCell = 45  nTrainCell = 42  nDiff = 3  (X,Y) = (1315, 1855)  Position Error = 235.646
TrainID = 1671  dbValue = 3.99837  nTestCell = 45  nTrainCell = 43  nDiff = 2  (X,Y) = (1375, 2185)  Position Error = 186.142
TrainID = 2231  dbValue = 4.04196  nTestCell = 45  nTrainCell = 42  nDiff = 3  (X,Y) = (1365, 1825)  Position Error = 230.887
TrainID = 1229  dbValue = 4.04961  nTestCell = 45  nTrainCell = 43  nDiff = 2  (X,Y) = (1365, 2185)  Position Error = 191.7
TrainID = 2084  dbValue = 4.08959  nTestCell = 45  nTrainCell = 43  nDiff = 2  (X,Y) = (1415, 2195)  Position Error = 177.451
TrainID = 819  dbValue = 4.12033  nTestCell = 45  nTrainCell = 42  nDiff = 3  (X,Y) = (1325, 1845)  Position Error = 236.62
TrainID = 1716  dbValue = 4.1343  nTestCell = 45  nTrainCell = 43  nDiff = 2  (X,Y) = (1415, 2215)  Position Error = 196.39
TrainID = 984  dbValue = 4.16817  nTestCell = 45  nTrainCell = 42  nDiff = 3  (X,Y) = (1315, 1855)  Position Error = 235.646
TrainID = 1343  dbValue = 4.24349  nTestCell = 45  nTrainCell = 43  nDiff = 2  (X,Y) = (1395, 2225)  Position Error = 212.624
TrainID = 2965  dbValue = 4.25774  nTestCell = 45  nTrainCell = 43  nDiff = 2  (X,Y) = (1385, 1835)  Position Error = 212.953
TrainID = 489  dbValue = 4.27632  nTestCell = 45  nTrainCell = 42  nDiff = 3  (X,Y) = (1275, 1865)  Position Error = 258.01
TrainID = 493  dbValue = 4.28035  nTestCell = 45  nTrainCell = 42  nDiff = 3  (X,Y) = (1295, 1845)  Position Error = 256.689
TrainID = 1601  dbValue = 4.5086  nTestCell = 45  nTrainCell = 43  nDiff = 2  (X,Y) = (1405, 2215)  Position Error = 199.672
TrainID = 2673  dbValue = 4.51033  nTestCell = 45  nTrainCell = 42  nDiff = 3  (X,Y) = (1295, 1845)  Position Error = 256.689
TrainID = 2564  dbValue = 4.71317  nTestCell = 45  nTrainCell = 42  nDiff = 3  (X,Y) = (1265, 1845)  Position Error = 278.548
TrainID = 1806  dbValue = 4.75084  nTestCell = 45  nTrainCell = 42  nDiff = 3  (X,Y) = (1295, 1825)  Position Error = 271.31
TrainID = 855  dbValue = 4.81096  nTestCell = 45  nTrainCell = 42  nDiff = 3  (X,Y) = (1325, 1805)  Position Error = 268.755
TrainID = 2842  dbValue = 4.85753  nTestCell = 45  nTrainCell = 42  nDiff = 3  (X,Y) = (1285, 1805)  Position Error = 292.966
TrainID = 1507  dbValue = 5.00631  nTestCell = 45  nTrainCell = 42  nDiff = 3  (X,Y) = (1315, 1795)  Position Error = 282.646
TrainID = 1526  dbValue = 5.1116  nTestCell = 45  nTrainCell = 43  nDiff = 2  (X,Y) = (1285, 1855)  Position Error = 256.961
