trainID = 337  1.3041  3.0458  1.786  1.5313  0.1418  1.6442  4.4173  1.8048  0.553  1.9006  1.9798  3.4562  4.7132  4.1564  0.5784  1.6709  2.5285  1.2227  1.489  2.1153  0.9532  3.2436  1.5059  0.088  3.0044  0.1148  1.3535  1.6727  0.9664  0.7113  3.1457  1.3555  1.058  1.609  0.199  0.9259  0.5148  0.9722  1.6079  2.2864  1.4511  1.6975  32.6281  
trainID = 356  1.8923  1.4511  4.4464  2.8837  4.2272  3.6581  6.8313  0.2485  0.668  0.0449  2.3945  2.5055  15.8845  3.7902  10.3654  3.3131  1.9314  7.3916  0.171  4.648  5.9633  1.4072  1.7679  0.863  9.5737  0.4368  5.9961  8.1371  7.551  5.0917  1.125  5.1394  0.8685  6.6747  1.4944  3.9028  5.0272  2.1967  2.8717  2.7131  2.4016  4.7891  
trainID = 388  3.0775  2.4049  2.2157  3.3553  3.9869  2.9658  1.491  0.7354  0.64  2.987  0.9435  0.338  15.1217  2.7979  8.6535  3.8635  2.4923  8.8543  2.553  1.0182  4.4711  0.7314  1.9939  1.038  8.3975  0.5066  4.8955  6.0349  7.3508  4.4672  3.2064  5.0972  5.1123  5.3701  0.894  2.5142  4.7027  3.1904  2.2474  0.3423  4.7341  3.9491  
trainID = 439  1.7657  2.7473  2.4254  0.8719  1.8305  1.0853  3.8433  0.3716  1.84  0.5481  1.7901  3.0419  4.1401  0.0605  1.3817  2.9881  2.3445  0.9109  1.352  2.413  0.1323  1.7092  2.0949  0.102  2.0018  1.6981  0.6592  1.4743  3.3274  0.7765  3.8394  2.4362  0.7288  0.6551  0.691  0.6809  0.8283  1.5548  2.6515  0.9287  0.0004  0.7651  
trainID = 443  2.4539  0.6092  2.4076  0.9561  0.8625  1.2772  5.1953  0.9913  0.261  2.8622  0.2577  3.2478  4.057  0.3359  4.4291  1.483  2.0204  0.6404  2.8651  2.4207  3.1542  2.3961  0.6923  1.529  2.5471  3.901  4.1649  2.8544  3.7563  1.9157  3.5802  1.4062  0.8502  4.1499  0.252  1.0085  4.7232  1.536  2.6488  1.8792  4.3711  2.4627  32.4561  
trainID = 450  1.3369  2.6803  2.5767  3.6072  4.0824  2.6954  4.2333  0.914  2.67  2.9568  0.532  0.51  12.3116  2.6912  4.029  3.6415  1.9682  5.1361  0.315  2.168  3.8027  0.734  4.3259  0.135  8.3637  0.9851  1.8714  4.019  6.4154  3.3234  3.6029  4.6052  3.174  4.9355  1.236  2.0745  1.6949  1.9882  2.4621  0.8691  0.7428  2.5655  
trainID = 485  0.311  1.8239  1.7209  2.6628  4.5165  0.9249  4.7433  0.8689  3.158  3.4757  0.9205  4.2502  0.5529  8.2295  4.7769  0.5698  2.3258  4.4541  1.021  3.5271  4.8018  1.7229  0.6931  2.1163  7.1427  1.1937  4.8167  5.5317  5.1649  4.2441  2.411  1.4105  2.2046  3.3401  1.072  5.6914  5.1661  2.6204  0.2113  0.2031  4.8341  3.2003  
trainID = 486  0.3415  3.4765  0.934  1.2982  0.5484  0.379  4.7043  1.2672  0.801  0.8199  4.0391  2.5062  0.4767  5.7108  2.3652  2.1646  3.1384  0.032  0.071  1.5129  1.7019  2.7449  2.5129  2.624  1.3965  2.8628  0.4379  3.9941  2.1139  6.1347  3.8882  0.2905  1.0781  0.3769  2.9509  0.6591  2.9865  1.1959  1.1942  2.1007  0.1653  0.0388  0.964  0.902  0.6124  
trainID = 506  3.0858  3.667  0.187  4.1593  2.8073  3.5429  2.8213  1.814  1.2123  1.4517  1.8258  2.0524  12.81  7.9528  0.7078  4.4049  4.4069  4.6974  2.367  1.3239  4.0693  2.4585  2.1339  2.164  7.1275  0.5742  3.8466  1.7536  6.2157  2.3866  5.0948  2.569  3.0882  3.3021  0.82  0.6089  0.0385  1.7487  2.9992  1.6656  4.5991  0.9393  
trainID = 530  5.5749  0.7133  5.657  3.5656  4.1057  3.6294  2.3275  0.723  0.16  2.358  1.5361  4.8024  10.3841  11.889  12.5952  0.8084  2.633  7.5926  1.429  4.4842  6.3132  1.7442  1.7349  1.151  11.5822  1.3772  8.5184  9.6625  8.4242  6.5266  0.485  5.721  0.0038  5.4095  1.6618  0.9535  6.9548  3.7004  0.2142  0.2216  1.7654  2.2328  
trainID = 600  0.9134  2.7293  0.023  1.2259  4.2836  1.037  4.6323  0.2634  1.276  0.1098  3.8551  0.048  2.8345  4.4911  2.3675  2.8968  1.7462  1.2311  1.493  0.5289  0.1157  0.8254  3.0009  1.693  1.231  1.9261  0.8364  3.8046  4.5187  3.4565  3.2278  1.6433  2.0005  2.4981  1.38  1.0794  2.041  2.854  1.6308  4.1834  0.7938  1.2391  0.705  1.739  1.0843  
trainID = 601  3.8681  1.855  0.587  1.2789  0.4616  0.8068  1.6844  0.8153  1.0657  2.5273  0.5907  0.9999  0.7536  4.0486  0.6792  3.2359  0.7064  2.5684  3.8321  0.2254  1.0867  3.4773  3.7159  2.1379  0.6383  6.0944  0.5455  4.7257  3.4912  0.5993  1.591  2.5699  2.2563  3.0706  3.4944  0.076  3.6269  2.0212  1.2614  0.386  0.636  0.419  
trainID = 667  2.5902  6.2044  3.007  1.4589  1.3131  0.188  6.6293  0.0819  0.136  1.8512  4.9421  2.928  3.9451  11.1575  4.7165  3.5924  5.4837  2.8493  2.6896  1.1266  1.6079  3.3311  1.2865  2.4736  22.5169  6.7095  6.1527  7.3615  5.5165  1.9852  2.1774  0.415  6.0638  7.23  0.5544  5.9718  3.3849  2.3392  2.5291  3.3313  0.033  1.5646  
trainID = 698  0.3051  5.2221  1.168  2.1364  1.5071  2.1564  34.4501  1.2765  0.3656  0.095  1.2637  1.1507  1.386  1.5498  2.8003  0.2016  1.8  1.3028  1.2951  0.6226  3.0329  1.0668  1.8927  3.0915  2.1491  0.5244  1.8624  0.3333  2.941  3.1879  0.4774  1.8017  1.4439  1.2151  0.7594  1.6625  0.8683  0.2288  1.8548  0.896  0.932  0.187  0.8047  
trainID = 709  0.3808  3.1501  0.018  1.7295  0.7998  0.8729  5.2083  0.6937  1.2258  0.6084  3.4411  2.267  4.6383  8.012  1.515  4.0208  5.8915  2.8453  3.3973  1.8234  2.0352  3.7499  5.1169  3.076  5.2703  0.6822  1.9452  3.9503  3.02  3.9306  5.008  2.9884  1.9098  1.1537  1.017  2.3077  5.3825  0.1083  3.3682  2.2513  2.4161  0.1389  0.778  0.352  0.1077  
trainID = 733  0.0098  6.3967  0.079  2.2504  0.6064  0.7219  3.7793  0.9995  0.847  3.2225  4.0081  1.0151  2.4132  11.9465  5.0886  1.6768  5.4105  1.9201  2.9272  2.6455  2.2453  38.8026  5.0849  1.5341  2.4852  24.1222  4.9001  5.2422  6.6171  5.1814  5.0174  0.9861  0.77  7.3628  5.4593  1.5766  4.7441  4.8409  1.9299  3.0032  2.2031  1.116  0.8208  
trainID = 750  1.2139  5.0034  0.004  0.8709  1.2928  1.8047  3.9833  0.1036  0.824  0.1426  3.9281  2.4836  4.1628  9.0925  2.8912  2.3274  4.808  1.5563  2.011  0.2136  0.1662  38.2986  6.3404  2.9715  0.0814  6.6563  4.3383  6.1431  6.5667  2.7063  5.0948  0.9869  0.992  4.0669  4.4842  1.5432  4.9675  3.9949  0.3798  0.2565  0.312  0.4  1.1419  
trainID = 789  2.6427  0.5722  5.1277  1.4788  4.3192  2.1029  3.7413  0.5421  0.633  1.1801  1.5726  3.4004  8.127  6.4638  7.302  2.2082  2.4297  5.6596  0.026  4.4892  3.2435  1.1541  2.7929  0.351  6.9394  0.153  5.6141  5.5881  5.154  3.3324  2.3005  5.707  1.1331  5.002  1.553  0.535  3.8478  1.6565  0.9086  1.7675  5.0001  4.2157  34.0711  
trainID = 800  0.1809  0.4723  2.67  2.1589  3.5483  1.1495  2.5933  1.2091  1.626  1.5067  0.4776  3.415  2.9465  2.0887  4.6971  2.2566  0.5593  2.3634  1.648  1.7497  3.1084  1.9795  2.9289  0.014  2.9361  2.5272  0.8142  2.8441  3.5861  1.1414  2.3542  1.129  1.4955  1.9434  1.719  1.9756  0.9981  0.1283  0.6081  1.0548  3.6881  1.031  32.3071  
trainID = 811  3.3037  6.1118  2.8435  1.0228  2.2148  5.1884  1.4247  3.0028  1.875  2.2786  3.1024  4.2667  12.6843  8.6238  0.931  5.869  2.9832  6.6359  0.383  1.0122  3.3666  1.6256  4.7729  0.707  7.9164  0.8501  0.5985  4.3926  3.9282  2.7079  4.2178  5.4353  3.9663  2.9404  0.556  0.2713  1.192  0.0557  3.117  1.4701  1.1781  1.6083  
trainID = 820  0.1401  0.4617  5.5977  4.4914  4.7814  3.9268  2.141  0.2515  1.6706  1.8748  1.1363  5.172  15.7279  8.8476  15.8103  2.1849  3.4854  10.0333  1.133  6.3066  3.6454  1.9336  2.6739  0.21  9.0096  1.0099  6.7436  9.455  8.6091  4.7724  1.499  10.3917  1.8971  6.0025  0.863  3.2891  7.1121  2.5564  0.7133  0.5041  4.3571  1.6119  
trainID = 821  1.1617  1.1879  0.32  0.0738  1.0754  0.733  3.3013  0.0222  1.719  2.4353  1.125  1.1997  0.5849  0.5156  0.0852  1.6859  3.0136  0.2433  0.973  1.0359  3.7904  0.5039  0.8144  0.756  0.9862  3.0297  0.8178  1.1969  1.3011  0.67  5.86  1.5436  0.7644  0.0755  2.6633  1.3931  1.8428  2.0707  0.8131  2.6582  2.1986  0.0354  0.818  0.09  1.667  
trainID = 824  2.0738  2.5081  1.361  0.7139  1.8324  0.962  35.3641  2.5051  4.0291  0.14  0.6175  5.2604  4.1291  1.7645  2.6326  1.0472  0.03  0.2155  1.1903  4.9397  4.1649  2.21  0.1815  2.113  2.9948  10.1124  12.6457  4.2254  4.9598  6.1591  0.5088  0.7091  2.2194  1.7713  5.422  1.5395  0.1949  5.2907  1.1414  3.8686  0.798  0.482  2.0463  
trainID = 825  3.079  5.297  2.672  1.2643  2.3291  1.6584  4.3773  2.8405  0.553  0.7737  2.0453  1.8023  10.6706  8.3422  0.8576  3.5372  5.1446  2.5947  0.757  0.5996  6.3081  3.7869  4.1129  0.859  5.831  2.3744  2.5123  1.1895  2.7089  1.4489  5.9328  1.4567  5.1126  1.1539  1.3996  0.2016  0.5274  2.5014  3.174  0.2915  5.0711  0.8943  
trainID = 826  2.166  3.3052  3.626  1.2969  2.0332  2.0375  3.0463  1.4981  2.692  2.3589  0.3293  2.4988  5.1567  1.6306  3.8251  2.8315  0.6182  0.7414  1.032  0.2449  0.6939  1.396  3.9729  2.0274  5.9085  2.5132  0.0696  1.3742  3.1316  1.7952  4.7858  0.4302  0.7244  2.8575  0.163  0.2276  1.3187  0.1725  0.3645  2.1901  5.0141  1.4474  
trainID = 843  1.3672  4.6159  1.2797  2.0179  1.8191  1.962  34.5751  4.386  3.0185  0.8234  0.8518  6.5576  6.2463  0.1618  1.9147  1.5438  2.182  2.2389  2.6485  2.3556  3.6969  0.907  2.9614  1.2453  1.1785  9.8292  20.9658  4.5142  6.702  6.9907  2.1361  0.022  1.156  4.4449  4.6022  2.3816  0.381  2.7637  0.1883  0.9304  1.12  0.44  0.9576  
trainID = 883  1.593  2.2236  1.615  0.9629  2.5223  2.621  3.1873  1.7718  1.0107  2.2026  2.7592  2.032  1.7266  4.9719  0.2724  0.0289  2.0856  0.2934  0.567  1.6616  2.548  0.4712  2.1639  2.9685  0.5438  4.4653  0.4582  1.0829  3.3747  2.1491  4.442  1.1585  2.6232  0.0066  1.292  1.9244  1.223  0.8931  0.2983  2.7778  0.0781  0.5763  0.15  0.257  0.7034  
trainID = 907  1.4784  3.8899  2.8321  0.1879  1.0959  1.8071  3.3853  0.9375  0.604  2.956  0.5779  3.6094  2.5459  1.2058  1.0547  0.5757  3.4431  1.201  1.686  1.074  0.5108  0.1855  0.3933  1.367  1.9902  1.5782  1.259  3.5837  0.5852  0.4773  4.5925  0.774  0.8356  0.5631  1.7198  1.5978  0.9165  0.7358  1.4104  1.2569  1.5621  1.7776  
trainID = 919  0.6143  2.7715  0.239  1.3439  0.6237  0.8596  5.2413  0.0104  1.138  2.369  1.0215  0.427  0.4138  4.9166  2.8029  3.2708  2.1205  0.4352  0.763  2.0708  0.0942  1.0305  3.1179  0.654  3.2034  0.1746  0.1922  6.7448  2.7721  7.3012  4.0161  3.807  0.7817  1.8097  0.239  2.699  3.6459  0.2958  1.3901  2.8515  0.3499  0.9481  1.969  1.897  1.3768  
trainID = 971  2.5203  2.9798  2.3457  0.6549  2.6109  1.6458  1.5803  2.3648  2.0165  0.971  1.7978  1.4214  6.267  6.0357  2.7963  0.7999  2.5022  0.6597  2.29  1.0101  0.4946  1.666  0.801  0.163  2.494  0.782  3.0779  0.5635  2.9746  0.3772  4.5131  1.0076  3.5683  1.9426  0.589  0.1333  1.6123  0.7153  1.9172  0.1787  2.8376  0.3534  33.9301  
trainID = 996  3.1707  1.8566  0.384  1.1439  0.6648  0.173  35.9311  3.7972  0.5771  0.176  3.8441  3.2499  2.7396  0.5647  0.1299  0.336  0.519  0.7463  1.17  4.5935  2.6109  0.136  1.7902  1.8154  1.9392  0.9975  12.2074  2.304  5.6592  3.7064  2.2214  1.3747  2.0158  1.4016  1.9526  4.0663  1.6987  2.8074  0.2161  0.205  2.023  0.876  1.2342  
trainID = 1082  1.2777  3.6888  0.283  1.8819  1.1705  1.5693  4.5883  0.7524  2.035  0.2349  3.3351  1.8447  2.6153  4.3475  1.6979  0.4246  3.6789  0.2596  2.039  2.0914  1.6244  1.5259  2.8399  0.844  3.6303  2.4756  0.6654  1.7392  0.5449  2.767  4.0585  0.6017  0.7205  2.8397  3.8013  0.6596  1.0692  2.2616  1.8257  2.8429  1.5163  0.2833  33.5651  
trainID = 1093  1.0583  5.7345  1.098  0.6599  0.3964  0.3691  36.7901  1.6206  2.6462  0.477  0.7063  6.6308  2.8154  0.5532  4.1375  0.151  2.312  2.7997  4.2434  3.2555  1.7049  0.061  3.6518  2.5231  1.4903  10.4324  9.8711  9.6746  6.0389  5.0627  0.1738  0.6148  0.574  4.447  5.2724  1.1007  0.6882  0.7135  0.0117  0.8933  0.914  1.044  0.5456  
trainID = 1158  5.135  3.3594  3.4004  2.7731  4.2544  4.4713  5.5803  1.2645  1.337  2.1629  0.2363  4.6123  12.3019  0.6502  7.1274  1.2214  2.0631  8.1869  0.585  5.0273  3.8786  3.3466  1.2169  1.523  6.5608  0.0172  6.1931  6.0014  8.7609  0.8778  2.9853  6.3756  1.3068  4.7637  0.068  3.8351  4.3978  0.2105  2.0883  1.7781  6.7211  3.0115  34.3871  
trainID = 1176  0.1505  2.8896  1.831  0.1268  2.1355  3.6238  6.3193  0.0497  2.046  3.5426  0.4684  4.2689  3.6005  6.8057  5.5534  0.6822  3.2854  3.7815  1.25  4.7389  1.0634  0.4079  0.1644  2.1742  6.1587  1.4311  7.0631  3.6749  7.8415  6.2095  2.1715  0.2861  3.3063  3.357  1.8714  1.5513  4.0293  1.3328  1.3263  0.3411  5.4481  3.6885  31.5291  
trainID = 1191  0.3891  6.1659  0.476  0.1812  1.0785  1.3201  3.6993  0.5117  1.325  2.3729  4.3951  0.366  2.5563  8.8887  2.3781  1.9307  3.1613  0.065  1.473  3.8565  0.4024  1.9917  2.1279  2.279  4.1689  1.5906  1.7733  11.3846  12.2968  12.4033  7.8804  5.1568  1.5706  0.451  1.4519  4.2512  5.7359  1.8274  0.8766  3.3125  1.5962  1.3691  0.117  1.225  2.1767  
trainID = 1235  0.8034  0.7306  4.3016  0.5582  1.1637  4.1866  3.2263  2.7888  1.247  0.9919  1.5702  2.4264  7.6597  0.1334  5.1698  0.7815  0.3853  2.1911  0.934  1.5057  2.4657  0.604  1.6949  0.341  6.899  0.8016  4.1212  3.6604  5.1943  4.0893  2.6589  3.1168  2.4901  5.1141  2.5161  0.8656  2.3962  4.6324  0.4414  0.0866  4.2681  5.2058  
trainID = 1242  1.8357  6.4705  2.489  1.3019  2.1016  0.067  2.575  3.6811  1.5618  0.9364  6.9475  4.296  0.3536  0.7782  1.4247  0.681  0.0219  5.9904  1.0251  1.3329  1.463  2.3531  0.1813  0.609  11.6164  25.6346  0.0244  4.9191  7.1136  1.2703  0.7392  2.7472  3.3683  6.4966  3.5639  0.74  2.188  0.1169  2.391  2.2432  2.373  2.7561  
trainID = 1280  0.12  8.8976  0.757  2.3722  1.5082  0.2794  2.2594  1.4969  1.3897  2.9131  4.9061  0.352  4.9514  11.3477  3.3277  3.449  5.9298  3.4323  3.0696  5.4339  2.3455  37.6326  5.264  1.6137  1.5048  18.8981  2.5814  7.0893  7.1829  4.7165  4.7703  0.2646  1.544  6.9268  6.7361  0.7166  6.0505  4.4481  1.1486  2.586  2.5689  0.589  2.5141  
trainID = 1292  3.8351  5.6912  1.5021  1.4308  3.8153  5.2439  1.5961  1.0716  0.352  0.4287  4.4791  2.7069  9.0214  8.1471  2.1943  3.0433  4.1957  0.8958  4.6789  0.4853  4.4213  5.8202  0.5006  1.251  5.6697  2.1162  1.5017  0.1348  1.8219  0.6113  5.0454  1.725  3.2315  1.8435  1.6455  0.8773  1.2458  0.7346  4.4218  0.4345  2.4077  2.7869  
trainID = 1309  2.0018  0.4526  5.7505  3.4515  5.7351  3.2071  5.3963  0.4915  0.362  2.3754  0.9056  4.5465  12.3381  11.7021  12.8707  1.1377  3.6617  10.7587  0.003  3.2379  4.455  3.3259  0.7636  0.868  11.0055  2.095  6.5609  6.391  8.2938  5.204  2.9335  6.5502  1.2751  7.4008  0.009  3.7256  6.4392  2.5664  1.1949  1.6851  5.0311  4.3815  
trainID = 1316  0.4446  5.4553  1.411  0.3394  1.7479  1.1239  4.7593  1.7616  0.633  4.4138  3.1332  0.848  3.5465  12.1724  3.0174  2.2533  5.726  2.9045  4.0004  1.1224  0.7562  36.3256  5.0986  0.78  4.0105  20.75  7.4328  1.2392  5.7864  5.111  4.7685  0.1159  0.004  6.8578  6.6249  0.9667  3.8517  2.5256  0.9532  3.7274  2.9917  0.847  4.0121  
trainID = 1325  1.9732  4.4357  0.548  0.8319  0.526  0.315  35.1891  1.506  2.4893  0.199  0.2572  5.6985  2.935  1.0606  4.0162  0.215  2.9959  1.8763  1.6872  0.7802  1.9399  1.263  2.6416  4.9825  0.4895  7.5408  10.8832  6.3709  5.7186  5.3226  1.0516  0.8093  1.7142  4.2331  4.5989  2.5803  0.9465  0.2183  2.5803  0.2014  0.911  1.429  0.898  
trainID = 1336  1.2807  5.2654  0.541  0.2185  0.8653  0.5964  34.3671  0.7281  0.2945  1.009  0.166  2.2826  0.6237  1.2969  1.4262  1.7275  3.0146  0.7507  1.2327  0.5133  2.0189  0.262  1.4963  3.0625  1.2129  3.2222  0.578  2.7076  2.0861  2.8901  0.8645  0.4495  1.7642  0.9331  0.4242  1.9608  0.098  1.4095  0.4109  0.5103  0.317  2.0377  2.1466  
trainID = 1359  0.2908  6.7388  0.703  1.5249  1.6471  0.297  2.8953  1.2084  1.474  4.1985  5.9281  0.043  1.5167  8.4644  2.3033  0.7636  1.2017  2.1884  1.964  2.8566  1.0635  37.5356  3.8701  0.1759  2.2968  26.9136  17.6393  4.8285  3.301  7.4071  0.8006  2.4176  1.5231  4.3899  6.6349  2.621  2.3696  2.8184  0.715  1.8851  1.231  0.231  0.9915  
trainID = 1366  4.5322  3.9986  3.8218  2.8579  5.6549  2.8101  4.0403  2.5435  0.415  1.4353  2.0997  3.4837  13.4617  6.189  3.6507  3.4879  3.0554  5.0815  0.768  2.2205  5.1739  1.4996  2.9179  1.92  7.8329  0.0581  0.4364  2.1354  4.1851  2.5592  4.6238  4.3347  1.951  2.4665  1.8002  0.4495  1.7091  3.5184  2.6921  1.3124  1.2397  2.0944  
trainID = 1380  4.1909  0.6056  3.7423  2.0866  5.5806  4.4136  4.8573  0.2645  1.201  2.7475  0.474  1.8833  15.0955  1.3829  9.0466  2.6456  3.2672  8.5889  0.452  4.2406  2.8339  0.4587  4.0849  1.096  8.1465  2.1105  5.0495  7.9699  8.0395  4.1883  2.6153  9.4147  1.6643  5.2576  0.028  4.6395  6.7512  2.5254  3.2467  1.8361  1.7906  3.7155  
trainID = 1385  5.4079  0.3044  3.9315  4.1917  5.8136  2.869  3.6823  0.8734  0.206  1.6348  1.1211  3.7974  24.005  2.145  15.4117  0.7018  4.9428  9.411  1.267  6.0469  7.5911  3.5901  2.9989  0.172  10.9906  0.4455  4.8174  8.2664  7.6967  6.0563  0.571  7.4582  2.4529  7.3305  1.03  2.0858  6.9654  2.1982  2.1717  1.8701  2.8865  2.5653  
trainID = 1402  1.2778  3.3477  2.1263  0.2636  3.8812  1.7444  2.1158  2.0959  1.428  1.2339  2.702  0.9104  5.081  4.3209  0.6797  2.9202  3.14  1.7218  4.0643  0.2587  1.6708  2.9633  4.2419  0.287  5.3719  0.4566  2.0225  2.2295  1.7614  0.1109  3.198  0.6947  3.4715  0.3118  0.147  0.6203  0.1757  0.213  3.1957  0.9181  1.5773  0.2118  33.3461  
trainID = 1415  3.9513  0.0671  3.1442  3.9158  3.7806  3.4351  3.3613  0.1291  1.281  3.2413  0.7134  4.2719  9.8967  6.4222  8.029  1.6396  2.0785  6.8537  1.114  3.2327  4.8687  1.5373  0.5865  1.0215  8.0245  1.8431  7.9316  8.6822  6.4185  4.3556  1.243  5.2125  2.4182  5.5551  0.023  3.8524  6.6195  0.1141  2.4525  2.1261  5.3231  4.2567  34.4871  
trainID = 1422  5.0826  3.4427  3.457  2.8343  3.2126  3.7162  2.7223  0.8114  1.32  0.5725  3.7931  3.7108  13.8779  8.003  6.6183  2.9856  1.7148  7.7973  0.009  1.8941  2.7724  2.1324  2.0009  1.427  7.9124  0.3959  1.0198  4.2783  4.6064  1.292  2.091  4.1726  5.5886  3.1562  0.214  2.0323  1.9236  0.6423  2.7282  0.147  4.9361  2.783  
trainID = 1439  2.8953  2.9385  1.744  0.3525  2.1631  0.203  35.0761  1.2261  0.8762  1.7633  1.6349  2.6002  1.4014  0.2731  0.7318  2.341  2.201  0.5979  2.8904  1.317  1.041  1.2979  2.885  2.9378  0.5971  4.1297  9.8587  1.1475  3.2343  4.6161  1.8179  2.6295  2.6203  0.0458  2.6396  3.1476  1.611  2.172  0.7189  0.3326  0.988  1.009  1.9859  
trainID = 1476  0.1693  1.7939  0.823  1.5959  1.649  1.5409  5.2653  1.9208  0.367  0.3394  2.1574  2.8935  0.5314  3.3089  0.4495  1.7492  1.8651  0.8612  0.669  1.8226  0.5353  1.6493  2.3889  1.131  2.5494  2.7755  0.7423  0.5752  0.1888  0.4694  3.6188  0.999  1.5654  1.2998  1.065  0.753  2.1035  0.4865  1.5319  0.5053  0.2894  2.1098  0.283  1.968  0.4401  
trainID = 1477  0.0318  3.9689  1.6888  0.6865  0.3663  2.6738  3.7753  1.0878  0.101  0.8663  0.0287  0.9287  5.0469  3.8123  1.58  1.9241  1.9627  1.9369  2.7523  1.8701  1.3525  0.8973  4.6499  2.122  4.9948  0.3988  1.3431  4.3742  1.0455  0.1941  3.5826  2.2373  4.3083  2.2592  1.4262  3.1796  2.5245  1.1478  0.0884  0.0908  0.129  0.7443  
trainID = 1487  0.2773  3.1676  0.022  1.4159  0.2011  0.599  34.7031  1.4077  0.7745  1.7053  1.8916  2.2015  0.263  0.8316  1.0298  1.16  0.885  1.4793  3.5284  0.9445  3.9809  0.679  1.1392  3.0344  2.5079  0.7291  7.0439  3.0416  3.7008  4.1103  1.2541  0.767  1.6413  0.4438  0.252  2.8152  0.2006  2.213  0.9459  1.1308  1.677  1.2  0.6759  
trainID = 1497  0.3483  4.6805  2.717  0.0062  0.2201  0.4417  34.5661  0.2582  1.8595  2.2671  0.4786  3.791  1.8413  1.1904  0.2593  0.4509  1.491  0.132  2.0624  1.5882  3.7069  0.449  3.3981  3.0599  0.4711  4.2953  4.6262  2.876  5.4129  3.3604  0.7743  0.6099  3.0729  3.635  1.6885  1.9938  2.8645  2.5793  1.0914  0.3008  0.292  0.361  2.55  
trainID = 1537  0.2272  4.5559  0.556  0.7069  0.4034  0.6493  4.4873  0.1899  1.951  1.294  2.2795  2.992  4.2182  5.4717  0.2554  2.4939  3.995  0.9015  3.7146  0.1127  1.9417  3.4568  5.1289  1.825  1.7317  1.8492  1.0581  7.6258  4.9046  8.3798  5.7858  3.0933  2.1421  0.2337  1.366  3.1878  3.9942  0.0637  3.4127  4.0419  0.005  0.5492  0.537  1.164  0.574  
trainID = 1556  0.0607  2.1705  2.4094  2.4587  1.6367  0.9128  3.6673  4.3529  0.282  2.5165  0.9974  3.1864  8.0172  0.6593  1.9489  3.7135  2.192  2.5743  2.6258  2.7063  3.8068  0.6476  2.3829  0.711  7.2769  1.0584  1.8823  5.6506  3.4666  3.9993  4.168  3.889  1.3385  2.3738  1.159  1.9606  4.6999  0.2912  2.7846  1.1691  6.0951  2.1207  
trainID = 1567  4.7674  2.1013  1.6694  3.016  6.0785  1.8393  3.1963  1.2865  0.068  2.421  1.9637  3.0497  12.831  7.2763  5.0668  3.8106  4.8185  7.0451  2.9675  3.1037  5.684  1.6832  1.0887  0.432  6.7981  0.2954  1.4438  6.1023  5.2081  4.2932  2.88  7.0608  2.7395  4.006  0.053  1.1482  2.1975  1.3795  3.9918  0.3779  4.2941  1.5879  
trainID = 1588  3.854  2.739  1.2409  1.4161  2.8267  3.0096  1.6932  0.1255  0.9199  0.995  3.9621  0.9117  9.3915  5.509  5.3683  2.3459  4.3076  1.5221  2.7152  3.6615  4.9845  4.2819  2.8689  1.006  7.9627  2.3441  1.9571  4.2426  4.3529  1.2711  5.6347  3.762  1.6227  3.4426  1.22  0.8487  0.3528  2.7464  2.5675  1.0921  2.4568  2.5994  34.4551  
trainID = 1628  2.6741  1.009  4.3093  6.4096  4.2863  1.4672  6.7453  0.6433  0.806  2.3033  1.3528  2.3608  14.1801  1.3363  7.9492  2.6758  0.7564  8.8415  2.578  5.3899  6.2003  3.0888  2.3139  1.917  6.5974  1.2304  7.774  5.6657  4.7019  2.3274  2.0154  8.0654  3.6262  6.4157  0.448  2.1103  4.7474  3.4734  1.5101  1.0651  4.5501  3.6906  
trainID = 1639  0.51  3.3715  0.714  1.5609  0.4516  0.2823  3.4763  2.1326  1.1608  1.8206  1.0288  1.938  1.1716  5.3618  0.3161  2.4482  2.4041  0.3758  2.143  1.024  0.9283  2.8491  1.4419  0.359  2.7108  3.3044  1.1255  2.0984  1.8247  3.3306  4.3837  1.5605  0.1586  2.0716  0.16  0.3775  1.2974  0.0214  2.7248  2.7448  1.7913  1.0439  0.657  3.452  0.3131  
trainID = 1643  0.1101  1.2945  0.18  0.7493  1.1862  0.079  1.3632  0.2136  2.367  1.354  3.6371  1.4312  6.2598  1.871  0.9748  2.2441  2.1637  0.6774  1.459  2.6112  0.5245  0.6843  0.4451  2.7239  4.1082  3.1398  0.3964  0.277  1.1376  1.8048  2.8537  0.8863  2.0026  2.9208  0.151  1.9341  1.1133  0.2207  0.3196  1.1303  1.422  3.7007  32.5961  
trainID = 1650  4.1316  5.3164  3.3962  4.5516  0.6851  2.942  3.2363  0.6513  0.738  0.0175  1.5673  1.5692  6.0088  7.2267  1.2857  4.0626  3.9473  2.76  2.7101  1.0326  0.9297  3.1246  1.9409  2.527  5.3575  0.2657  4.1721  0.7319  1.1711  0.1672  3.4707  0.5918  0.1983  4.4545  0.835  1.7199  1.0353  1.5854  2.9876  1.1613  2.957  3.9302  
trainID = 1657  4.1306  1.213  3.0079  3.4824  2.7107  1.0375  2.5773  0.8545  0.977  1.7987  1.462  1.2808  12.7496  2.1618  9.8175  2.4118  1.1884  7.355  0.991  3.0327  5.5432  0.7087  3.9299  0.909  7.521  0.2606  5.4068  6.0761  6.4287  5.3531  3.7357  5.3961  2.2204  3.6374  0.698  0.9108  4.1244  0.3126  2.6992  3.2061  4.1081  2.6819  
trainID = 1685  0.0618  2.106  1.9044  2.1379  1.7363  3.1363  4.4823  0.1949  0.206  0.1687  1.1903  2.1698  1.3019  0.9348  0.6933  1.5892  2.7134  0.0812  0.999  2.9477  1.9089  0.2881  2.7469  0.492  3.1507  1.7936  2.1139  3.5343  4.3318  1.6564  4.9091  1.3511  0.7766  3.3076  0.512  1.6563  2.4877  1.3089  0.194  1.7718  3.9141  2.4475  
trainID = 1686  0.4742  4.3376  0.124  0.7879  0.3355  2.797  5.6753  0.0963  2.314  2.0058  3.214  0.809  0.1208  6.674  2.8241  2.0794  2.2174  2.1284  0.074  1.3582  1.262  0.9515  2.5809  0.362  2.6006  2.1195  0.8212  9.5827  10.6186  11.906  3.9198  6.6579  2.4669  1.9575  1.4218  4.6745  5.6528  1.3728  1.0097  1.2458  0.298  1.2697  0.822  2.475  0.2289  
trainID = 1730  0.7171  1.6558  1.37  3.7858  4.0684  1.9681  4.7373  2.5012  0.767  2.5348  2.7104  1.4416  6.9492  3.512  4.4447  0.5884  1.539  2.7414  0.264  1.4393  2.0299  2.8641  1.6989  0.017  3.7512  2.8732  2.5208  5.6028  5.9153  3.0305  3.6826  4.3497  2.1811  3.2744  0.338  0.7662  4.7258  0.466  2.0587  0.9231  3.6851  3.4659  
trainID = 1746  2.7667  0.5482  3.2241  1.2481  7.4559  4.7521  2.4373  0.4973  0.732  3.8559  0.1518  3.5738  20.4974  15.4375  18.9631  1.5406  3.1177  9.3704  1.813  4.7  5.7484  0.4273  1.3399  1.0807  12.4426  2.1457  7.94  8.1698  9.8771  6.6947  0.355  6.4118  1.2505  3.949  1.364  4.3899  8.2255  0.5503  1.2056  2.5831  4.5651  3.2853  
trainID = 1760  1.1582  0.154  1.6851  0.4511  6.0323  3.6998  3.5083  0.1188  1.315  1.6384  0.2002  4.8413  4.2111  7.0895  4.5859  0.6851  1.9565  2.068  0.307  0.6971  3.2647  2.4454  1.3449  0.343  7.7212  0.8568  6.1635  4.8554  4.6247  2.0919  4.5665  3.2614  0.9161  3.9083  0.706  3.3342  5.8909  1.791  0.38  0.0844  2.1867  0.5684  
trainID = 1793  1.36  3.0561  3.9672  1.9245  3.2153  3.473  3.9083  1.1152  0.538  3.0814  2.3274  4.8734  14.8879  1.6191  8.137  2.6132  0.7487  10.0437  1.581  1.5794  5.4104  1.7915  1.9799  0.7019  6.2321  1.2763  6.1979  6.6598  8.4592  4.1029  2.939  6.6459  0.1816  3.1661  0.914  0.7823  5.5406  0.5903  1.0912  0.3186  3.2043  3.6088  
trainID = 1800  1.4866  6.2271  1.617  0.1873  1.339  0.862  4.5023  1.3237  1.337  2.6001  0.777  1.1098  1.9744  7.7761  3.382  2.3103  2.121  0.6518  3.0065  2.8209  4.5584  4.7427  3.4439  0.547  4.8862  0.923  1.8631  13.3954  11.8136  13.278  5.193  5.5325  0.6383  0.1996  1.458  4.0728  4.5712  1.9362  3.5199  2.1253  0.4586  2.5284  0.796  0.999  1.7127  
trainID = 1801  3.6387  2.0176  1.4371  0.3449  1.0145  2.017  34.4881  2.5382  0.7204  1.023  1.2003  6.1151  2.5339  1.1149  3.3739  1.8957  1.543  0.2456  2.9124  3.6874  0.5063  1.856  2.8434  2.5557  2.1127  6.7961  15.2504  0.1489  6.8062  6.6033  2.2453  2.4644  0.515  5.189  5.6058  1.4908  1.5443  2.1471  0.3495  1.8289  0.317  1.8752  3.1784  
trainID = 1809  2.736  3.7739  0.936  0.3375  0.7126  1.4172  34.1711  1.8486  0.1455  1.541  3.8765  3.138  2.8829  1.184  3.0516  3.2669  0.184  1.7779  0.2763  1.6367  2.5999  0.592  1.2626  3.1724  0.4501  1.2403  3.3394  0.2812  2.296  3.3754  0.6144  0.9378  0.794  0.3358  1.8481  2.0331  2.1067  2.8867  2.1712  1.3727  1.045  1.222  0.501  
trainID = 1898  3.6481  3.5068  0.937  0.6569  0.8578  3.945  3.1451  1.1102  0.7905  3.1062  4.6307  2.071  0.2283  1.0373  0.3535  0.111  3.7784  3.1734  2.1877  2.8919  0.03  4.2737  0.842  0.2354  6.7872  13.5175  0.2644  5.2189  6.0598  0.5614  1.9555  0.244  3.6932  4.5874  3.773  2.2081  1.3037  0.73  0.6818  0.467  0.622  2.0972  
trainID = 1909  0.6863  5.391  0.45  0.3784  0.0887  0.945  4.5373  0.0793  3.866  2.799  5.1061  0.307  2.832  9.9198  4.51  2.5619  3.7098  1.0693  2.209  0.2911  0.8286  37.2706  3.9135  0.2592  2.6438  21.8363  10.7615  5.094  7.9943  3.9211  1.729  1.6213  1.296  8.4608  7.4733  0.5695  6.858  4.1611  0.3968  0.4978  1.329  0.487  1.1301  
trainID = 1938  3.4871  2.283  5.54  0.6319  2.8567  1.8739  3.6963  0.9506  1.177  2.5268  2.5405  2.2394  7.6061  8.5206  9.4281  0.622  1.3464  4.7568  1.125  3.62  6.5348  3.7497  0.6936  1.4768  9.9371  2.1442  4.7088  6.2069  6.512  6.0758  1.85  5.7186  2.6983  2.1115  0.019  1.7328  5.923  0.8771  0.4712  1.2381  5.7381  4.6732  34.6881  
trainID = 1950  0.8236  6.9304  1.143  2.0191  0.735  1.374  4.9383  1.865  3.361  3.1406  3.9471  0.232  3.8386  12.3052  3.8448  1.5203  3.701  0.9483  4.2667  1.1429  0.5661  3.5268  0.3593  4.5326  26.2019  9.994  4.9974  8.2394  6.7283  1.3923  1.72  0.407  6.9468  5.75  2.8148  4.5403  5.427  1.9552  4.5216  2.7283  0.937  0.8444  
trainID = 1969  3.1682  0.4223  0.033  1.6539  0.6869  0.296  34.5431  1.109  1.2407  2.3335  2.493  0.9505  0.8109  2.0604  0.4049  2.9715  1.01  0.2246  0.5309  0.8327  0.5382  1.3318  1.4359  2.9999  0.438  1.079  5.2142  2.5316  4.7397  1.4403  2.7352  0.7688  1.7383  1.2016  0.8528  1.4937  1.2603  1.5596  2.0625  0.1093  2.435  2.844  2.02  
trainID = 1989  0.6121  2.6119  1.9825  2.7  3.5982  1.6357  4.4723  0.3663  1.3488  2.5326  1.9628  3.9442  5.9176  0.8908  3.5766  2.0041  0.5728  2.3561  1.186  1.1464  2.8944  2.7815  1.4239  1.381  5.2704  0.8643  2.0829  4.2845  4.2432  0.5505  3.3919  1.3327  0.8369  0.9519  1.6888  0.0803  1.143  0.9463  0.5585  1.384  2.6076  3.6575  
trainID = 2000  0.7429  2.1786  0.656  0.0503  0.2823  1.3733  4.8463  0.8985  0.89  1.3125  2.3169  3.2143  2.1356  0.3976  0.9885  2.1973  3.438  2.8658  1.221  1.2107  1.7529  2.6536  0.9313  1.9294  2.7451  1.9819  0.9408  0.2293  0.3528  3.1886  1.9793  1.7739  2.5514  2.4613  0.088  2.2122  0.0084  1.8994  0.5467  1.6854  1.8633  1.1544  33.2911  
trainID = 2020  1.3633  2.4355  2.7641  0.3406  4.0828  3.4401  0.714  1.5442  1.055  3.5225  0.916  5.4235  10.8692  0.0882  5.541  1.4844  0.0178  1.9154  0.884  2.5381  5.2509  1.3831  3.9709  2.124  7.1433  1.4397  3.0449  6.6693  2.5169  2.2411  1.8005  2.7542  3.7554  3.4513  0.573  2.5253  5.2461  0.2113  2.9424  0.4184  3.1857  3.0714  33.6211  
trainID = 2021  1.0974  1.8713  1.21  0.231  0.9378  1.903  35.0621  0.4692  2.1244  2.146  0.1818  5.1327  3.3333  1.8049  3.1492  1.7912  1.38  0.1018  0.3392  3.6987  3.5879  1.1571  0.3254  2.6352  0.8626  7.0098  8.2031  6.5428  3.6685  3.0654  2.2187  2.2719  1.4262  3.717  3.4819  4.1906  2.7774  1.8076  0.841  0.6078  0.239  0.603  3.0394  
trainID = 2026  0.0392  1.9294  1.039  1.8963  0.879  1.2511  3.7403  0.7359  1.5858  0.1152  1.6375  1.6959  2.5671  3.0423  1.2335  2.8083  3.6315  1.6544  0.945  0.322  0.6926  1.62  0.4935  0.845  2.8644  0.4072  0.9002  4.1721  2.214  5.3342  4.1906  1.9437  1.1973  1.0521  2.304  2.0902  2.5986  1.6902  0.488  2.359  1.8933  0.0082  0.017  1.374  0.2634  
trainID = 2083  1.2777  6.7972  0.307  0.9529  2.2153  0.8348  34.8671  3.1988  2.2348  0.409  0.7186  7.1228  0.0365  1.8563  2.0977  1.0545  3.5761  0.487  1.5014  4.5928  3.2079  0.367  2.4713  0.6796  0.6762  8.302  12.024  7.5401  5.1691  5.1249  2.9524  1.16  2.5279  4.4336  7.1568  3.7529  3.4369  2.4196  0.8596  0.3926  0.151  1.27  1.7792  
trainID = 2107  1.788  2.5073  2.1194  2.9959  0.56  2.3783  1.5252  1.0438  3.695  1.3044  3.6231  0.6611  3.0457  4.0607  2.1329  1.7326  1.3424  0.1687  1.806  0.4159  1.8565  2.1994  2.0029  0.903  3.0527  1.806  0.4087  3.5051  3.2426  4.6438  5.8762  2.7948  0.7298  1.6217  2.6252  0.9264  2.3715  0.3548  0.7876  3.1344  0.9882  2.1574  2.357  0.175  1.6491  
trainID = 2119  0.2997  7.5684  1.751  0.8689  0.0679  0.636  3.6713  1.0091  0.02  1.8967  5.0371  0.6024  0.8919  7.4344  5.495  0.0985  2.839  0.8288  2.6694  2.2009  2.4039  1.6187  2.9479  1.784  2.7214  0.1017  0.0473  16.494  15.614  15.2514  7.6701  6.5325  0.1026  1.239  2.2279  6.3388  5.8907  3.9979  4.0822  2.7666  1.8845  3.4574  2.118  0.467  2.3  
trainID = 2142  1.6288  3.2456  2.4143  4.234  3.0344  4.5369  1.5937  1.1449  0.729  2.7213  0.8894  0.124  14.6339  3.8418  5.9403  5.3815  1.0766  7.4576  1.227  4.4938  2.5786  1.4021  3.4629  0.152  7.5061  1.9689  0.6789  3.7801  5.3243  1.0194  4.1252  4.59  1.4114  2.9552  0.72  0.943  4.3284  0.3658  3.6379  0.8641  1.574  3.3516  
trainID = 2171  1.1158  4.864  0.197  1.9098  3.0268  1.4884  3.1033  2.5279  0.28  1.9679  2.8258  1.023  7.2851  7.0931  1.8692  2.0114  3.1515  3.1788  0.627  3.272  0.0727  4.6359  5.0839  1.27  4.6853  0.8179  1.289  6.2717  4.3301  5.2593  5.4959  2.9207  2.8366  0.6686  0.514  2.4372  3.1116  2.6163  0.9625  1.2896  0.7838  0.831  0.453  1.282  1.6946  
trainID = 2196  2.8943  5.3486  0.494  2.6629  0.5398  3.378  33.9451  4.1031  0.5155  0.163  1.3748  5.2337  4.0426  1.7692  0.995  1.1793  2.173  1.3583  6.8414  1.3463  3.9589  0.913  0.2723  0.1352  0.6848  6.923  19.1492  7.8648  3.2448  5.2898  3.4073  1.2313  0.884  2.9564  6.0032  4.5347  1.3  2.9764  1.0331  2.184  1.927  1.972  2.1808  
trainID = 2250  2.8618  1.3103  0.176  0.7129  0.8938  0.3189  32.7681  5.4058  0.208  4.0281  4.3274  2.897  4.2807  0.6164  0.2331  2.8294  1.356  1.0182  2.7112  1.0231  0.7635  2.0595  0.8149  5.7691  2.2904  2.7039  10.3022  6.3933  5.1562  4.404  3.5358  0.807  3.547  0.4811  4.0713  4.542  1.8508  2.5695  0.5424  0.2222  2.5201  0.414  2.3446  
trainID = 2282  1.0753  3.4405  0.622  0.1453  1.0845  0.5608  4.0683  3.1022  0.371  0.9344  2.394  1.5947  1.5593  5.6123  1.5588  0.5913  2.8529  0.9885  3.341  0.4339  2.7867  2.6589  2.0779  0.061  5.1652  0.6842  1.9066  7.0206  6.8812  6.4605  6.2814  2.5676  1.2039  2.5317  1.272  3.8239  4.6767  2.0981  1.3398  3.495  0.032  2.743  3.6742  1.302  0.5962  
trainID = 2304  5.6718  2.4867  3.125  4.1368  5.8943  5.0372  2.9823  1.5062  0.279  1.92  1.1499  3.4556  16.2277  7.2648  4.3294  5.3361  1.5043  8.6248  0.728  4.6969  5.9977  5.398  2.8989  2.224  6.7615  2.1135  3.8668  6.3296  4.4161  3.2687  3.8074  7.1428  3.2007  5.5261  0.512  0.7443  3.5811  1.004  4.9111  0.1936  3.8211  2.8379  
trainID = 2351  1.7021  5.8199  1.6965  2.5781  1.8257  1.9954  3.2453  0.9569  0.678  1.2708  3.2941  1.983  8.4689  10.4146  3.5039  4.1282  6.0817  2.7784  3.87  2.4061  0.8066  4.216  2.7753  2.9834  11.0971  3.7418  0.5871  7.9896  2.9601  3.5137  2.0492  0.302  5.1801  3.5481  0.1106  4.3666  1.9366  1.5728  0.754  2.1117  0.452  0.9796  
trainID = 2358  2.5941  2.4102  1.9354  2.0444  1.385  1.0427  1.6602  1.2224  0.368  2.4582  0.2705  4.2001  6.0199  2.6034  5.0165  3.95  2.975  0.5507  2.8052  0.1696  1.7123  1.234  1.1849  0.51  5.248  2.4639  0.8346  2.0322  3.0929  1.3957  2.1297  1.1961  2.5669  2.1561  0.436  0.2201  2.2994  0.8226  3.707  0.1029  2.9928  1.7389  
trainID = 2364  3.8122  4.1863  3.9477  5.194  6.0051  3.9535  1.7659  1.1702  0.122  3.3048  1.09  4.476  17.8768  0.8465  7.4138  2.7503  1.2267  8.6439  0.886  2.3146  3.5929  0.9447  0.6616  0.351  7.6504  1.0825  4.1642  6.6716  6.8497  3.9615  2.6272  6.2999  1.8561  6.0663  0.692  1.7933  3.2369  3.9194  3.4906  0.6231  3.5681  2.7111  
trainID = 2376  0.9723  0.9254  0.788  0.373  1.2345  1.6253  5.0603  0.0437  1.168  1.7184  1.5829  2.6402  1.731  0.9888  0.9449  1.1314  0.1562  0.8679  0.572  0.4942  1.6949  1.7081  1.1799  0.844  1.1006  4.9731  0.1896  3.2879  1.436  0.3787  4.2518  1.6822  0.8689  0.7321  1.4902  2.6122  2.7706  0.1813  1.4171  0.6241  2.1574  2.9495  
trainID = 2424  3.6522  3.7864  3.2992  4.8451  3.9686  5.5634  4.4883  1.0753  0.667  2.7806  0.261  5.8965  14.0601  6.9529  11.9041  3.3494  2.6475  9.1937  0.143  5.3684  7.5627  2.8573  0.9379  0.9473  10.4214  0.0602  7.4218  7.0918  6.5696  5.8169  0.804  8.9597  1.855  6.2854  1.124  3.2046  5.3571  4.5874  3.1791  0.8041  3.8681  3.6912  
trainID = 2428  1.2073  0.2926  4.5307  3.4223  2.7464  4.9401  3.3193  0.3369  0.204  3.3913  1.4991  3.1984  16.871  1.236  9.5105  0.432  0.7834  6.9065  0.049  3.2249  3.8943  1.1252  2.6189  1.562  6.9466  0.7479  3.5484  4.6507  6.7721  2.8442  2.5236  4.3377  2.7805  4.9637  1.488  2.4665  5.2551  1.8385  2.2169  1.6611  6.0711  3.2251  
trainID = 2431  2.4446  4.0087  0.253  0.1132  2.8012  1.2675  0.2735  1.0039  2.3746  4.8868  3.526  1.4807  1.4823  1.0911  1.913  1.048  0.1852  2.2069  0.6587  1.6669  0.89  0.4402  5.0657  0.5502  1.4192  10.3715  0.1314  5.1485  4.6963  2.4233  0.2356  2.2072  0.5948  2.8339  2.4399  0.266  2.8006  0.4371  1.0255  1.987  0.267  0.0294  
trainID = 2484  2.357  0.0791  0.21  0.5421  3.3571  1.0871  1.6375  2.3716  2.7096  0.3016  1.756  2.102  0.0857  0.0765  2.9199  0.124  3.1527  2.2982  0.5882  2.3999  2.0653  0.6914  4.6904  2.301  2.3497  1.0855  1.8478  3.3625  0.6027  2.1676  1.7016  3.1205  3.364  3.4958  3.3816  0.0295  1.343  1.9373  1.8622  1.341  0.335  1.5608  
trainID = 2501  1.116  1.4172  2.3313  0.7876  3.631  2.7254  3.5813  2.216  0.9559  0.9135  4.2041  3.8053  7.6168  2.5282  2.2476  2.0809  2.0157  2.8682  2.521  0.1786  0.8489  2.6251  3.1779  0.606  3.6288  2.4154  0.1581  1.8865  1.3858  0.3624  2.8053  1.2075  1.715  0.6272  0.32  1.0977  0.5131  0.2706  3.0545  0.9971  1.0552  1.2012  
trainID = 2517  0.6401  0.1671  3.0956  0.9019  3.8709  4.5857  1.6023  1.8054  0.942  2.6643  1.4793  2.2654  5.4353  4.2634  5.3905  0.5018  1.2816  2.3732  2.222  6.5955  5.4885  0.5779  2.2579  0.405  4.0372  4.2317  3.6884  7.1328  3.515  2.3907  2.5805  3.029  0.3014  0.9845  1.174  3.8189  5.7758  1.5942  0.0307  1.5461  4.3051  3.6493  
trainID = 2532  4.3258  2.2983  3.7198  3.2319  5.1814  5.0648  2.3383  0.2455  0.8755  3.3564  1.6148  4.817  19.3289  8.5096  14.2832  1.8204  3.7272  10.5501  1.442  5.3023  4.8919  3.3158  0.7189  0.251  10.4296  0.8593  6.2937  9.1048  7.3578  5.1302  4.6469  8.0304  1.1894  6.2343  0.738  2.8413  7.1287  2.6904  3.4638  1.3981  3.3951  3.8907  
trainID = 2547  2.2225  5.3825  2.2789  0.4186  1.9684  2.038  2.2271  0.2692  1.3351  0.6737  3.0797  2.5733  9.5949  6.7424  1.9272  4.0316  4.0912  0.937  1.793  0.1561  3.3106  3.3466  1.3599  2.114  5.087  1.8072  0.9402  1.7282  0.636  2.4404  2.2063  1.3339  5.5315  3.3355  1.048  1.156  2.2228  1.6054  3.1496  2.0913  3.0508  3.2136  34.7511  
trainID = 2568  4.4013  1.2532  3.0429  3.9757  1.8705  2.3236  4.3983  1.3143  0.217  2.3675  0.9414  4.4012  15.246  0.459  7.4118  3.6955  1.9119  8.6215  2.003  2.4951  3.412  1.7874  2.7579  0.219  7.688  0.5654  5.8007  5.6429  6.732  3.8547  2.1042  5.2111  5.1753  4.3351  0.62  0.3301  3.464  1.275  1.1905  1.7681  4.6471  1.445  
trainID = 2576  0.2593  4.9717  0.875  0.0497  1.0979  1.301  2.0412  0.665  0.408  0.4841  2.8877  0.8052  1.6289  8.8619  2.6927  0.7358  3.3013  0.7827  2.7379  1.4797  2.2607  2.7728  5.1059  1.704  2.2684  1.8466  0.3956  10.0803  9.9839  11.7025  7.3593  4.9056  1.6726  0.4337  2.4473  4.0489  6.6524  1.1158  2.0213  1.0609  1.9164  1.0177  0.6  2.7227  1.368  
trainID = 2579  5.3801  0.3602  1.8139  6.1271  4.8828  4.4539  3.6143  0.1637  0.808  4.1997  1.9712  5.4205  21.2391  0.6366  11.4076  2.5436  1.7055  11.4753  0.723  3.3644  8.1227  4.7224  0.4811  0.394  7.1889  0.7665  6.5188  8.1711  8.5528  4.9644  2.7977  6.4383  3.1747  3.9825  0.663  1.5749  6.2425  3.5504  2.005  3.2721  5.0771  2.9877  
trainID = 2606  2.1248  4.4877  1.4922  4.5168  3.5392  3.2918  1.3131  2.5488  1.4633  0.6261  2.7016  2.423  12.0119  7.308  2.6891  2.7584  4.031  5.2316  1.479  2.0869  4.3785  3.3728  6.4989  2.688  9.2762  0.9873  2.2701  3.3267  4.5728  2.1729  2.3584  4.1384  4.2501  2.7102  2.632  1.6958  0.2839  3.5784  2.5968  0.5501  3.7851  1.7433  
trainID = 2616  5.5982  0.2289  4.8282  2.6169  2.6905  3.9386  1.6828  1.1349  1.0642  1.6597  0.7395  6.3465  11.5423  3.2698  6.5057  1.7785  0.1088  7.3634  0.855  3.5142  3.0359  0.0159  0.3706  0.9793  9.2037  2.8028  6.2775  7.277  7.5506  4.9922  1.13  5.7419  1.5584  4.8536  0.038  1.8855  5.9558  1.7178  3.8643  0.2616  2.2994  4.2451  
trainID = 2623  6.5434  3.2601  1.8403  4.6717  3.6747  5.1773  4.3643  1.464  0.754  2.2474  1.5441  2.2431  14.4148  5.9189  6.14  1.8963  4.3166  7.2907  1.023  2.4856  4.1102  2.3784  3.9159  1.868  6.6275  1.4797  0.0283  4.5558  4.5792  2.9527  2.6574  5.3152  4.3207  2.9072  0.434  2.4349  1.8745  2.7804  3.8753  0.9711  2.3689  1.8479  
trainID = 2629  2.4672  1.9098  0.835  1.5263  3.0102  0.4791  4.0533  1.5218  0.187  1.14  2.613  0.091  6.0922  4.2369  2.6236  3.9233  1.4085  2.8306  2.582  0.6226  4.6063  1.1449  2.5829  1.0861  4.403  1.1872  1.6099  0.1423  2.9346  0.3015  4.9867  3.4321  1.9803  3.1288  0.463  0.8183  2.1059  1.4969  0.2042  1.1896  3.9781  1.8319  34.0131  
trainID = 2648  2.7147  8.778  0.254  3.9424  2.7577  0.443  5.2413  1.6951  1.083  0.295  4.3721  1.5138  5.3653  12.8667  2.9317  1.9062  4.7793  2.0741  3.1318  3.0866  1.0259  5.2927  1.5552  2.6647  19.9836  3.1339  8.5251  8.3357  4.1772  5.0965  0.948  0.57  6.6288  5.7606  1.2209  8.5312  3.5553  1.5078  0.211  2.5077  3.177  1.0376  
trainID = 2664  1.2715  1.2767  0.915  2.301  5.3822  1.9995  4.8673  0.8268  0.501  2.3201  0.7007  5.7143  6.8727  7.913  8.5824  0.3353  0.0667  5.6523  1.635  3.2775  5.2315  0.1775  3.2529  0.922  8.5747  1.5367  8.9014  6.7501  8.9667  4.3785  1.8833  3.3592  0.3782  5.0142  2.4053  4.826  6.1608  2.4644  1.5639  2.5351  4.8081  3.7756  
trainID = 2672  3.0123  4.0862  0.245  1.0359  0.0812  0.018  35.7451  1.9098  1.5904  0.452  0.4125  3.9237  1.4965  0.1987  3.1423  0.0848  0.876  1.2084  2.9914  0.087  3.9239  0.372  0.2226  4.3509  0.0434  2.4221  10.5394  2.1538  4.7269  4.1861  2.3056  1.6542  1.5019  4.2773  1.6289  2.4456  0.3125  2.6811  0.7947  2.2624  0.435  1.602  0.61  
trainID = 2684  5.5076  1.3986  0.733  3.8245  4.2864  2.4422  3.8813  0.0613  1.569  1.7519  2.1036  3.4852  10.2674  2.289  6.0365  1.9027  3.7096  3.0817  0.636  1.9213  3.8882  0.8344  2.1709  0.851  6.0675  1.5903  5.5586  4.1073  4.4072  1.0944  2.4738  4.6096  4.0599  2.6189  1.6353  0.3318  3.6969  0.8561  3.4213  0.148  3.6911  2.9524  
trainID = 2705  1.6388  2.4857  1.8066  0.3041  0.9435  2.7628  5.0103  1.9743  0.795  0.9107  2.3606  2.6387  1.9437  1.3319  0.0296  1.7036  1.9022  0.5411  0.59  0.7828  0.2961  2.647  3.0739  0.047  2.0536  0.4012  0.4029  1.5212  1.8807  0.9549  2.9536  2.4869  0.4697  0.5971  1.366  0.8574  0.1548  1.3661  0.0304  0.2301  2.0187  3.468  32.6141  
trainID = 2741  0.1  5.3071  0.138  0.052  0.7216  1.0201  4.3593  1.2644  1.7883  0.1289  1.305  1.126  0.9049  6.6983  2.5791  0.758  3.875  0.1658  0.754  2.6639  1.1957  2.6646  1.9509  3.56  2.3876  0.1212  1.8821  6.6165  5.8336  5.6665  6.8496  1.3698  2.0832  0.1461  3.1091  3.1146  5.7839  2.9109  3.886  3.9552  2.5406  2.6433  0.622  0.658  1.8168  
trainID = 2751  0.8269  0.1938  3.5811  1.7228  4.2592  2.1147  4.7593  1.9157  1.504  2.2621  2.4603  4.0905  0.4536  9.0896  6.8216  0.1918  1.8157  3.1514  0.002  3.0545  2.7422  0.669  1.7969  1.7556  6.4007  1.1976  5.4083  4.1339  5.8371  2.3376  2.8931  5.0622  0.1023  3.4424  0.811  3.0347  6.0786  0.0831  1.3628  3.3981  4.4651  3.4216  34.1391  
trainID = 2765  1.2951  3.86  0.233  1.2302  1.2032  2.2027  3.8233  0.8512  0.622  0.0467  0.9299  2.4811  1.9043  1.7292  0.1382  2.3224  1.4379  1.4242  1.471  0.3497  0.686  0.912  0.2085  2.0416  2.5717  0.3617  0.3203  1.88  1.555  2.5335  6.4542  4.883  1.7473  0.9822  2.054  1.46  0.7998  1.6423  0.7696  3.9187  4.8441  1.0118  0.894  0.762  3.3427  
trainID = 2771  0.6001  5.6719  2.9742  1.6029  0.9755  0.241  2.6973  0.7754  0.671  0.0327  4.4861  0.006  3.4309  7.9764  1.9635  3.1656  3.5921  0.3691  3.2403  1.7754  0.6876  0.5507  3.2979  0.08  3.4032  0.0661  0.7213  5.028  5.4555  8.9537  6.9532  3.2821  4.1165  1.7144  1.342  4.3781  4.5771  0.2578  2.6347  2.8502  0.824  0.9714  1.706  2.493  0.9762  
trainID = 2775  3.4651  3.7753  0.235  0.7309  1.558  1.602  34.8151  0.4908  0.9963  2.8758  2.9308  5.3912  1.6625  0.6317  2.0712  2.014  1.142  0.8112  0.7292  0.6265  1.8579  0.7102  2.1948  0.7884  2.0336  5.0522  10.4108  1.6475  5.3624  3.5856  2.6489  0.4602  1.8621  1.0844  3.6609  3.1802  0.6194  2.8096  1.1752  1.7693  1.013  1.9627  1.3371  
trainID = 2799  1.6441  2.3047  5.4175  3.2401  4.1793  4.2986  3.5953  0.5614  2.5871  1.0156  1.0541  3.1571  9.5515  7.404  8.4805  2.3596  2.0935  6.1327  1.467  2.0691  6.904  2.2084  1.0239  0.046  8.04  0.1312  6.9539  5.7408  4.5396  4.1643  0.214  4.2848  1.2081  3.086  2.655  5.4807  7.553  2.2252  1.7758  2.9121  3.7471  4.1593  
trainID = 2837  1.6959  2.6253  1.489  1.8629  0.7726  1.589  34.6191  0.7536  2.2133  0.056  1.9021  5.6181  2.0666  1.5433  0.6465  0.4352  0.942  1.1457  1.4559  0.6033  2.0079  0.49  3.6319  0.435  2.2303  6.5865  16.496  0.1081  3.4622  5.769  0.1949  1.2733  1.4152  5.8928  4.8967  3.3549  0.3026  5.2767  2.3112  1.089  0.546  0.699  3.3682  
trainID = 2843  2.1968  0.7347  3.3397  3.4169  5.3558  2.989  2.6273  1.9035  0.711  4.6641  0.1809  6.6545  14.3488  9.7059  11.1249  1.79  4.4674  7.2631  0.25  3.9855  3.7393  2.0649  2.0619  0.868  9.4436  0.2204  6.3496  6.674  6.8071  2.7822  1.626  6.3572  2.2977  4.7913  0.399  2.0042  7.6564  2.0825  1.5202  1.5871  4.9261  5.925  
trainID = 2863  3.0265  0.0298  4.7639  4.1756  2.427  4.1511  4.0203  1.3775  2.097  3.2448  0.1322  3.3344  9.0924  7.7234  7.0284  2.3922  1.6515  7.5074  1.127  3.3415  4.0226  1.6775  1.2419  2.98  5.7616  0.5762  5.7517  7.5627  5.9366  3.0164  2.1259  5.2884  1.4024  4.1694  2.1485  3.5332  5.7263  5.3424  4.1871  0.7311  2.7941  3.8037  
trainID = 2867  4.895  2.2568  2.242  2.6759  2.0156  0.773  2.0888  1.8373  0.343  3.4173  5.8483  4.1987  1.1954  3.2664  0.373  0.196  2.4068  2.8784  1.7554  2.9539  1.553  2.2037  1.9432  2.2061  2.6559  19.3971  9.8806  5.5812  4.3777  3.0545  4.1735  3.9257  2.964  3.5183  3.0544  0.7637  2.703  3.5825  0.6387  1.322  3.4389  2.6421  
trainID = 2869  0.3323  6.0234  2.9021  2.205  0.7163  2.7286  4.5863  3.3689  1.518  2.0656  4.2491  2.476  4.6958  9.5771  0.782  3.628  5.3245  2.6186  2.062  2.34  0.9576  33.7996  5.1849  4.0068  1.8331  14.1243  5.5453  3.5794  6.5079  3.2913  4.2785  1.4918  0.656  6.0968  4.0233  1.2573  2.2415  6.5141  0.8334  0.116  3.9126  0.813  0.3067  
trainID = 2886  1.5029  0.4344  1.229  1.6359  0.3409  0.201  2.4002  0.2462  3.3461  1.784  4.8596  2.6252  0.9429  0.2339  0.7685  0.911  0.3745  0.2234  1.6016  2.0089  0.591  1.508  4.0379  2.1444  3.8543  7.5444  0.6582  4.422  3.7819  0.6138  1.7727  0.539  0.598  2.7048  0.8355  0.701  3.1312  0.4732  2.3726  0.399  2.9557  0.5971  
trainID = 2910  1.1568  4.0709  2.508  0.5999  0.2853  0.491  3.5183  0.794  0.9594  1.6801  3.3991  0.6235  0.6147  4.986  1.5576  1.4362  1.2438  1.2507  2.8748  0.0442  1.6236  1.5506  2.8879  0.905  0.6193  0.3676  1.1112  4.9585  5.6633  8.5237  4.2125  5.0134  1.9265  0.4387  0.155  2.8554  3.7924  1.8685  3.2687  0.4829  0.4457  0.0595  0.1  0.856  0.1069  
trainID = 2912  2.5083  2.1998  3.861  2.4139  3.5424  2.8374  2.9643  0.2754  0.355  1.3998  1.0616  0.44  8.7956  0.4043  4.5541  0.9242  0.321  3.8866  1.118  1.7326  4.0126  2.7113  3.4949  0.272  3.7701  1.9815  1.9818  5.162  7.026  4.4677  4.862  4.6301  3.3374  4.2852  0.684  1.3995  3.8701  0.0428  0.7246  0.4014  3.6451  2.173  
trainID = 2915  3.0606  0.9009  3.5071  4.7805  4.5184  2.4222  3.6023  0.3429  2.8399  0.7894  0.7034  1.7792  15.1051  1.8594  6.4648  1.7193  2.9266  5.6405  1.888  3.8676  6.2733  2.9457  4.1219  0.532  5.2654  0.8097  4.9808  6.1515  7.1635  1.8987  2.6742  5.3046  2.4818  3.8298  0.471  1.7635  5.494  0.4383  2.1333  0.9831  5.5531  4.0653  
trainID = 2918  0.7908  4.0945  0.942  1.0751  0.4515  0.833  3.8403  0.8204  1.716  0.449  5.1891  0.252  2.221  7.7765  4.2549  2.6831  1.824  2.7326  1.637  2.0963  2.5227  1.2446  1.8639  1.358  1.9948  0.1736  2.5276  10.332  7.9491  10.0343  6.9783  4.7064  2.1318  2.2621  1.4982  3.9181  6.4279  2.8363  3.1103  3.5014  0.131  1.5366  1.914  1.465  0.2084  
trainID = 2943  1.2596  2.1134  0.159  0.1519  3.94  0.7942  5.2343  0.2888  0.727  2.0675  0.3019  4.1382  4.0098  2.9355  3.0854  2.4047  0.6087  3.4058  2.7632  2.2662  0.5785  0.6473  0.936  1.0728  2.4825  3.3281  1.5864  1.395  3.4244  1.7786  1.523  2.8119  0.3719  3.1534  1.7844  2.7564  2.6996  1.1559  0.3471  0.5571  2.3635  1.2744  
trainID = 2945  1.5184  3.6464  3.4251  0.7717  1.7571  3.9811  4.7583  3.3451  0.882  1.7575  3.2921  2.3517  10.4695  8.4611  0.5298  3.843  5.1354  4.3822  2.544  1.2338  3.2022  3.7677  2.8919  1.956  7.1576  2.2615  1.0196  1.1009  4.9444  1.1131  5.3305  2.0516  4.4438  3.0048  0.865  1.1411  0.2076  3.1364  1.2339  0.8551  3.2069  0.3492  
trainID = 2948  0.3709  4.415  0.852  0.1653  1.1299  0.6459  2.6313  0.2234  1.201  0.3804  2.6131  0.6009  7.9448  4.3715  2.4255  1.8328  3.1144  1.9447  0.632  0.6532  1.406  3.0165  2.2099  1.314  4.2963  0.1097  0.6411  0.4156  1.2461  2.0435  5.1389  1.2427  2.2008  1.7759  2.447  2.945  1.0287  1.4032  2.1053  1.4482  4.1741  1.0644  34.1021  
trainID = 2959  2.2321  4.0226  0.804  0.2782  0.2251  1.2911  4.5983  1.7312  0.446  0.2914  0.8673  0.241  0.7564  3.8342  1.1208  0.9293  3.3249  1.616  2.241  0.0589  0.0942  0.6975  0.2967  1.394  1.9823  1.5177  0.6565  4.3265  3.4284  3.1043  2.1352  2.1979  0.6095  1.0288  0.044  0.7731  1.7843  0.0642  1.4299  3.5312  1.8093  0.0696  0.364  0.16  3.2785  
trainID = 2977  2.9269  5.1996  1.122  2.5259  0.9707  2.8204  4.9743  0.7355  1.956  0.3869  3.7631  0.9132  6.8031  8.2024  0.8022  5.0464  3.6355  3.5451  2.076  0.4552  1.7435  0.4806  3.4419  1.019  5.3833  0.2096  0.3217  0.7887  0.1581  4.7308  5.2271  0.8401  3.5618  1.8261  2.625  0.7153  0.4721  0.0304  3.4596  1.5327  1.0208  0.2135  33.6771  
trainID = 2996  3.2154  3.2408  0.527  1.2439  0.0027  0.888  34.8611  2.9017  0.2991  3.469  2.1661  4.4805  3.4359  0.6651  2.4856  0.0136  3.1129  0.098  2.8264  1.0016  0.8083  0.1  1.0336  3.3634  1.7077  1.1352  13.7141  4.273  1.415  5.3765  4.3511  0.8384  2.2428  0.8892  3.1066  4.4833  3.143  4.611  2.7212  0.4267  1.715  1.224  0.2944  
trainID = 3000  4.3814  2.855  1.099  0.3649  0.1282  3.527  34.0761  3.2929  0.4666  0.393  3.9907  3.579  4.3425  1.0841  0.4044  0.0211  3.4607  0.1338  5.0224  3.3469  4.2159  0.619  0.3181  0.9313  0.4894  5.9975  21.3686  7.4541  1.687  6.5631  0.267  2.8191  3.6763  4.5679  6.4503  4.9573  0.9792  2.6649  1.2522  0.4666  4.221  0.339  0.3905  
TrainID = 821  dbValue = 1.35226  nTestCell = 45  nTrainCell = 45  nDiff = 0  (X,Y) = (1625, 2505)  Position Error = 41.8688
TrainID = 1476  dbValue = 1.41769  nTestCell = 45  nTrainCell = 45  nDiff = 0  (X,Y) = (1625, 2495)  Position Error = 36.2353
TrainID = 2959  dbValue = 1.50416  nTestCell = 45  nTrainCell = 45  nDiff = 0  (X,Y) = (1655, 2505)  Position Error = 67.624
TrainID = 2376  dbValue = 1.51306  nTestCell = 45  nTrainCell = 42  nDiff = 3  (X,Y) = (1585, 2455)  Position Error = 24.3516
TrainID = 907  dbValue = 1.56714  nTestCell = 45  nTrainCell = 42  nDiff = 3  (X,Y) = (1615, 2465)  Position Error = 25.5539
TrainID = 439  dbValue = 1.60685  nTestCell = 45  nTrainCell = 42  nDiff = 3  (X,Y) = (1625, 2425)  Position Error = 61.9112
TrainID = 883  dbValue = 1.66085  nTestCell = 45  nTrainCell = 45  nDiff = 0  (X,Y) = (1645, 2525)  Position Error = 70.0928
TrainID = 2026  dbValue = 1.68359  nTestCell = 45  nTrainCell = 45  nDiff = 0  (X,Y) = (1675, 2495)  Position Error = 83.7437
TrainID = 1639  dbValue = 1.69827  nTestCell = 45  nTrainCell = 45  nDiff = 0  (X,Y) = (1675, 2495)  Position Error = 83.7437
TrainID = 2765  dbValue = 1.73758  nTestCell = 45  nTrainCell = 45  nDiff = 0  (X,Y) = (1625, 2495)  Position Error = 36.2353
TrainID = 2886  dbValue = 1.75966  nTestCell = 45  nTrainCell = 42  nDiff = 3  (X,Y) = (1615, 2575)  Position Error = 99.4636
TrainID = 2484  dbValue = 1.78076  nTestCell = 45  nTrainCell = 42  nDiff = 3  (X,Y) = (1575, 2505)  Position Error = 32.45
TrainID = 486  dbValue = 1.83364  nTestCell = 45  nTrainCell = 45  nDiff = 0  (X,Y) = (1665, 2505)  Position Error = 76.896
TrainID = 1685  dbValue = 1.84306  nTestCell = 45  nTrainCell = 42  nDiff = 3  (X,Y) = (1585, 2445)  Position Error = 33.9559
TrainID = 1477  dbValue = 1.90903  nTestCell = 45  nTrainCell = 42  nDiff = 3  (X,Y) = (1645, 2415)  Position Error = 81.6884
TrainID = 601  dbValue = 1.91693  nTestCell = 45  nTrainCell = 42  nDiff = 3  (X,Y) = (1615, 2545)  Position Error = 70.5195
TrainID = 2943  dbValue = 1.92103  nTestCell = 45  nTrainCell = 42  nDiff = 3  (X,Y) = (1595, 2405)  Position Error = 73.0274
TrainID = 2431  dbValue = 1.92729  nTestCell = 45  nTrainCell = 42  nDiff = 3  (X,Y) = (1615, 2585)  Position Error = 109.238
TrainID = 919  dbValue = 1.92921  nTestCell = 45  nTrainCell = 45  nDiff = 0  (X,Y) = (1685, 2535)  Position Error = 108.227
TrainID = 600  dbValue = 1.9443  nTestCell = 45  nTrainCell = 45  nDiff = 0  (X,Y) = (1675, 2515)  Position Error = 89.9611
TrainID = 2501  dbValue = 1.94526  nTestCell = 45  nTrainCell = 42  nDiff = 3  (X,Y) = (1645, 2415)  Position Error = 81.6884
TrainID = 2910  dbValue = 1.95305  nTestCell = 45  nTrainCell = 45  nDiff = 0  (X,Y) = (1685, 2535)  Position Error = 108.227
TrainID = 2107  dbValue = 2.02392  nTestCell = 45  nTrainCell = 45  nDiff = 0  (X,Y) = (1665, 2535)  Position Error = 91.8314
TrainID = 826  dbValue = 2.03683  nTestCell = 45  nTrainCell = 42  nDiff = 3  (X,Y) = (1625, 2425)  Position Error = 61.9112
TrainID = 2358  dbValue = 2.04187  nTestCell = 45  nTrainCell = 42  nDiff = 3  (X,Y) = (1645, 2385)  Position Error = 106.55
TrainID = 1336  dbValue = 2.11775  nTestCell = 45  nTrainCell = 43  nDiff = 2  (X,Y) = (1625, 2525)  Position Error = 56.8595
TrainID = 1989  dbValue = 2.13747  nTestCell = 45  nTrainCell = 42  nDiff = 3  (X,Y) = (1605, 2405)  Position Error = 73.9797
TrainID = 2705  dbValue = 2.19413  nTestCell = 45  nTrainCell = 43  nDiff = 2  (X,Y) = (1605, 2465)  Position Error = 17.6918
TrainID = 698  dbValue = 2.21555  nTestCell = 45  nTrainCell = 43  nDiff = 2  (X,Y) = (1615, 2535)  Position Error = 61.0983
TrainID = 1643  dbValue = 2.29579  nTestCell = 45  nTrainCell = 43  nDiff = 2  (X,Y) = (1635, 2465)  Position Error = 43.9659
TrainID = 1969  dbValue = 2.33967  nTestCell = 45  nTrainCell = 43  nDiff = 2  (X,Y) = (1585, 2545)  Position Error = 67.4759
TrainID = 2000  dbValue = 2.359  nTestCell = 45  nTrainCell = 43  nDiff = 2  (X,Y) = (1635, 2465)  Position Error = 43.9659
TrainID = 1487  dbValue = 2.41097  nTestCell = 45  nTrainCell = 43  nDiff = 2  (X,Y) = (1595, 2555)  Position Error = 77.026
TrainID = 2741  dbValue = 2.42394  nTestCell = 45  nTrainCell = 45  nDiff = 0  (X,Y) = (1735, 2515)  Position Error = 146.741
TrainID = 1537  dbValue = 2.4335  nTestCell = 45  nTrainCell = 45  nDiff = 0  (X,Y) = (1705, 2525)  Position Error = 121.462
TrainID = 1898  dbValue = 2.43619  nTestCell = 45  nTrainCell = 42  nDiff = 3  (X,Y) = (1665, 2595)  Position Error = 137.379
TrainID = 2282  dbValue = 2.43714  nTestCell = 45  nTrainCell = 45  nDiff = 0  (X,Y) = (1705, 2535)  Position Error = 125.67
TrainID = 337  dbValue = 2.44428  nTestCell = 45  nTrainCell = 43  nDiff = 2  (X,Y) = (1655, 2455)  Position Error = 66.1287
TrainID = 1809  dbValue = 2.45051  nTestCell = 45  nTrainCell = 43  nDiff = 2  (X,Y) = (1605, 2555)  Position Error = 77.9295
TrainID = 1650  dbValue = 2.45598  nTestCell = 45  nTrainCell = 42  nDiff = 3  (X,Y) = (1685, 2415)  Position Error = 111.503
TrainID = 2771  dbValue = 2.52374  nTestCell = 45  nTrainCell = 45  nDiff = 0  (X,Y) = (1735, 2515)  Position Error = 146.741
TrainID = 1235  dbValue = 2.53378  nTestCell = 45  nTrainCell = 42  nDiff = 3  (X,Y) = (1595, 2355)  Position Error = 123.016
TrainID = 2171  dbValue = 2.54291  nTestCell = 45  nTrainCell = 45  nDiff = 0  (X,Y) = (1745, 2495)  Position Error = 152.948
TrainID = 709  dbValue = 2.54674  nTestCell = 45  nTrainCell = 45  nDiff = 0  (X,Y) = (1745, 2495)  Position Error = 152.948
TrainID = 1760  dbValue = 2.56448  nTestCell = 45  nTrainCell = 42  nDiff = 3  (X,Y) = (1555, 2355)  Position Error = 128.736
TrainID = 800  dbValue = 2.59602  nTestCell = 45  nTrainCell = 43  nDiff = 2  (X,Y) = (1585, 2395)  Position Error = 83.3847
TrainID = 971  dbValue = 2.60378  nTestCell = 45  nTrainCell = 43  nDiff = 2  (X,Y) = (1695, 2425)  Position Error = 114.948
TrainID = 1730  dbValue = 2.618  nTestCell = 45  nTrainCell = 42  nDiff = 3  (X,Y) = (1575, 2345)  Position Error = 134.213
TrainID = 2912  dbValue = 2.63168  nTestCell = 45  nTrainCell = 42  nDiff = 3  (X,Y) = (1605, 2365)  Position Error = 113.635
TrainID = 1686  dbValue = 2.63833  nTestCell = 45  nTrainCell = 45  nDiff = 0  (X,Y) = (1715, 2575)  Position Error = 155.862
TrainID = 1497  dbValue = 2.65393  nTestCell = 45  nTrainCell = 43  nDiff = 2  (X,Y) = (1655, 2555)  Position Error = 98.8585
TrainID = 1402  dbValue = 2.66303  nTestCell = 45  nTrainCell = 43  nDiff = 2  (X,Y) = (1685, 2445)  Position Error = 97.7394
TrainID = 1082  dbValue = 2.6632  nTestCell = 45  nTrainCell = 43  nDiff = 2  (X,Y) = (1655, 2475)  Position Error = 62.0725
TrainID = 1556  dbValue = 2.66715  nTestCell = 45  nTrainCell = 42  nDiff = 3  (X,Y) = (1615, 2355)  Position Error = 124.952
TrainID = 2948  dbValue = 2.69588  nTestCell = 45  nTrainCell = 43  nDiff = 2  (X,Y) = (1675, 2415)  Position Error = 103.407
TrainID = 2517  dbValue = 2.72852  nTestCell = 45  nTrainCell = 42  nDiff = 3  (X,Y) = (1555, 2365)  Position Error = 119.218
TrainID = 1292  dbValue = 2.73959  nTestCell = 45  nTrainCell = 42  nDiff = 3  (X,Y) = (1715, 2395)  Position Error = 147.557
TrainID = 2672  dbValue = 2.74534  nTestCell = 45  nTrainCell = 43  nDiff = 2  (X,Y) = (1635, 2585)  Position Error = 114.948
TrainID = 1439  dbValue = 2.76023  nTestCell = 45  nTrainCell = 43  nDiff = 2  (X,Y) = (1615, 2585)  Position Error = 109.238
TrainID = 2576  dbValue = 2.78956  nTestCell = 45  nTrainCell = 45  nDiff = 0  (X,Y) = (1745, 2555)  Position Error = 170.391
TrainID = 996  dbValue = 2.81457  nTestCell = 45  nTrainCell = 43  nDiff = 2  (X,Y) = (1605, 2585)  Position Error = 107.671
TrainID = 2918  dbValue = 2.85123  nTestCell = 45  nTrainCell = 45  nDiff = 0  (X,Y) = (1755, 2535)  Position Error = 171.735
TrainID = 825  dbValue = 2.8582  nTestCell = 45  nTrainCell = 42  nDiff = 3  (X,Y) = (1715, 2385)  Position Error = 153.405
TrainID = 2629  dbValue = 2.87863  nTestCell = 45  nTrainCell = 43  nDiff = 2  (X,Y) = (1655, 2395)  Position Error = 103.6
TrainID = 2684  dbValue = 2.90366  nTestCell = 45  nTrainCell = 42  nDiff = 3  (X,Y) = (1615, 2345)  Position Error = 134.807
TrainID = 2775  dbValue = 2.92514  nTestCell = 45  nTrainCell = 43  nDiff = 2  (X,Y) = (1645, 2575)  Position Error = 110.059
TrainID = 2945  dbValue = 2.93634  nTestCell = 45  nTrainCell = 42  nDiff = 3  (X,Y) = (1735, 2385)  Position Error = 169.744
TrainID = 485  dbValue = 2.9673  nTestCell = 45  nTrainCell = 42  nDiff = 3  (X,Y) = (1535, 2365)  Position Error = 127.016
TrainID = 443  dbValue = 2.97369  nTestCell = 45  nTrainCell = 43  nDiff = 2  (X,Y) = (1585, 2395)  Position Error = 83.3847
TrainID = 450  dbValue = 2.97576  nTestCell = 45  nTrainCell = 42  nDiff = 3  (X,Y) = (1635, 2335)  Position Error = 149.04
TrainID = 1191  dbValue = 3.02238  nTestCell = 45  nTrainCell = 45  nDiff = 0  (X,Y) = (1755, 2555)  Position Error = 179.368
TrainID = 2142  dbValue = 3.02592  nTestCell = 45  nTrainCell = 42  nDiff = 3  (X,Y) = (1645, 2315)  Position Error = 171.094
TrainID = 506  dbValue = 3.03573  nTestCell = 45  nTrainCell = 42  nDiff = 3  (X,Y) = (1705, 2355)  Position Error = 166.352
TrainID = 2021  dbValue = 3.07545  nTestCell = 45  nTrainCell = 43  nDiff = 2  (X,Y) = (1675, 2565)  Position Error = 119.553
TrainID = 2977  dbValue = 3.07766  nTestCell = 45  nTrainCell = 43  nDiff = 2  (X,Y) = (1705, 2435)  Position Error = 119.971
TrainID = 1242  dbValue = 3.1138  nTestCell = 45  nTrainCell = 42  nDiff = 3  (X,Y) = (1705, 2615)  Position Error = 176.955
TrainID = 2996  dbValue = 3.11414  nTestCell = 45  nTrainCell = 43  nDiff = 2  (X,Y) = (1605, 2605)  Position Error = 127.566
TrainID = 1366  dbValue = 3.15519  nTestCell = 45  nTrainCell = 42  nDiff = 3  (X,Y) = (1675, 2315)  Position Error = 182.464
TrainID = 811  dbValue = 3.1579  nTestCell = 45  nTrainCell = 42  nDiff = 3  (X,Y) = (1695, 2315)  Position Error = 192.284
TrainID = 2837  dbValue = 3.15983  nTestCell = 45  nTrainCell = 43  nDiff = 2  (X,Y) = (1675, 2605)  Position Error = 151.172
TrainID = 2351  dbValue = 3.16028  nTestCell = 45  nTrainCell = 42  nDiff = 3  (X,Y) = (1805, 2475)  Position Error = 212.021
TrainID = 1800  dbValue = 3.16899  nTestCell = 45  nTrainCell = 45  nDiff = 0  (X,Y) = (1725, 2575)  Position Error = 163.808
TrainID = 2867  dbValue = 3.17135  nTestCell = 45  nTrainCell = 42  nDiff = 3  (X,Y) = (1645, 2645)  Position Error = 174.909
TrainID = 2250  dbValue = 3.21119  nTestCell = 45  nTrainCell = 43  nDiff = 2  (X,Y) = (1615, 2605)  Position Error = 128.891
TrainID = 1325  dbValue = 3.2293  nTestCell = 45  nTrainCell = 43  nDiff = 2  (X,Y) = (1685, 2575)  Position Error = 133.69
TrainID = 1422  dbValue = 3.234  nTestCell = 45  nTrainCell = 42  nDiff = 3  (X,Y) = (1675, 2305)  Position Error = 191.45
TrainID = 2547  dbValue = 3.28387  nTestCell = 45  nTrainCell = 43  nDiff = 2  (X,Y) = (1705, 2415)  Position Error = 128.503
TrainID = 2606  dbValue = 3.2855  nTestCell = 45  nTrainCell = 42  nDiff = 3  (X,Y) = (1695, 2335)  Position Error = 175.65
TrainID = 1657  dbValue = 3.3359  nTestCell = 45  nTrainCell = 42  nDiff = 3  (X,Y) = (1585, 2285)  Position Error = 193.166
TrainID = 2428  dbValue = 3.37238  nTestCell = 45  nTrainCell = 42  nDiff = 3  (X,Y) = (1605, 2285)  Position Error = 193.373
TrainID = 2568  dbValue = 3.38991  nTestCell = 45  nTrainCell = 42  nDiff = 3  (X,Y) = (1595, 2285)  Position Error = 193.01
TrainID = 1093  dbValue = 3.39439  nTestCell = 45  nTrainCell = 43  nDiff = 2  (X,Y) = (1705, 2585)  Position Error = 154.897
TrainID = 1567  dbValue = 3.40766  nTestCell = 45  nTrainCell = 42  nDiff = 3  (X,Y) = (1665, 2315)  Position Error = 178.194
TrainID = 2616  dbValue = 3.41723  nTestCell = 45  nTrainCell = 42  nDiff = 3  (X,Y) = (1575, 2305)  Position Error = 173.934
TrainID = 2915  dbValue = 3.42982  nTestCell = 45  nTrainCell = 42  nDiff = 3  (X,Y) = (1595, 2305)  Position Error = 173.012
TrainID = 1801  dbValue = 3.44399  nTestCell = 45  nTrainCell = 43  nDiff = 2  (X,Y) = (1665, 2605)  Position Error = 145.99
TrainID = 2119  dbValue = 3.46546  nTestCell = 45  nTrainCell = 45  nDiff = 0  (X,Y) = (1735, 2595)  Position Error = 183.992
TrainID = 2623  dbValue = 3.46556  nTestCell = 45  nTrainCell = 42  nDiff = 3  (X,Y) = (1675, 2335)  Position Error = 164.842
TrainID = 824  dbValue = 3.46686  nTestCell = 45  nTrainCell = 43  nDiff = 2  (X,Y) = (1695, 2585)  Position Error = 147.828
TrainID = 1793  dbValue = 3.47249  nTestCell = 45  nTrainCell = 42  nDiff = 3  (X,Y) = (1615, 2295)  Position Error = 184.318
TrainID = 2020  dbValue = 3.49488  nTestCell = 45  nTrainCell = 43  nDiff = 2  (X,Y) = (1595, 2335)  Position Error = 143.014
TrainID = 750  dbValue = 3.52575  nTestCell = 45  nTrainCell = 43  nDiff = 2  (X,Y) = (1755, 2515)  Position Error = 166.172
TrainID = 1176  dbValue = 3.57156  nTestCell = 45  nTrainCell = 43  nDiff = 2  (X,Y) = (1535, 2375)  Position Error = 118.207
TrainID = 2664  dbValue = 3.57803  nTestCell = 45  nTrainCell = 42  nDiff = 3  (X,Y) = (1535, 2315)  Position Error = 173.012
TrainID = 2083  dbValue = 3.58123  nTestCell = 45  nTrainCell = 43  nDiff = 2  (X,Y) = (1695, 2585)  Position Error = 147.828
TrainID = 2751  dbValue = 3.60101  nTestCell = 45  nTrainCell = 43  nDiff = 2  (X,Y) = (1525, 2335)  Position Error = 158.345
TrainID = 2799  dbValue = 3.6111  nTestCell = 45  nTrainCell = 42  nDiff = 3  (X,Y) = (1555, 2305)  Position Error = 177.124
TrainID = 388  dbValue = 3.61292  nTestCell = 45  nTrainCell = 42  nDiff = 3  (X,Y) = (1635, 2275)  Position Error = 207.299
TrainID = 2863  dbValue = 3.62913  nTestCell = 45  nTrainCell = 42  nDiff = 3  (X,Y) = (1555, 2305)  Position Error = 177.124
TrainID = 1588  dbValue = 3.64157  nTestCell = 45  nTrainCell = 43  nDiff = 2  (X,Y) = (1685, 2365)  Position Error = 145.715
TrainID = 2364  dbValue = 3.66191  nTestCell = 45  nTrainCell = 42  nDiff = 3  (X,Y) = (1605, 2275)  Position Error = 203.354
TrainID = 3000  dbValue = 3.68988  nTestCell = 45  nTrainCell = 43  nDiff = 2  (X,Y) = (1675, 2635)  Position Error = 177.124
TrainID = 2196  dbValue = 3.75311  nTestCell = 45  nTrainCell = 43  nDiff = 2  (X,Y) = (1655, 2645)  Position Error = 178.138
TrainID = 843  dbValue = 3.79257  nTestCell = 45  nTrainCell = 43  nDiff = 2  (X,Y) = (1705, 2605)  Position Error = 169.331
TrainID = 667  dbValue = 3.84349  nTestCell = 45  nTrainCell = 42  nDiff = 3  (X,Y) = (1825, 2555)  Position Error = 244.444
TrainID = 1628  dbValue = 3.84783  nTestCell = 45  nTrainCell = 42  nDiff = 3  (X,Y) = (1595, 2285)  Position Error = 193.01
TrainID = 789  dbValue = 3.86137  nTestCell = 45  nTrainCell = 43  nDiff = 2  (X,Y) = (1555, 2315)  Position Error = 167.371
TrainID = 1380  dbValue = 3.91022  nTestCell = 45  nTrainCell = 42  nDiff = 3  (X,Y) = (1585, 2275)  Position Error = 203.158
TrainID = 2648  dbValue = 3.92091  nTestCell = 45  nTrainCell = 42  nDiff = 3  (X,Y) = (1855, 2525)  Position Error = 266.182
TrainID = 356  dbValue = 3.92235  nTestCell = 45  nTrainCell = 42  nDiff = 3  (X,Y) = (1565, 2265)  Position Error = 214.832
TrainID = 2304  dbValue = 3.97414  nTestCell = 45  nTrainCell = 42  nDiff = 3  (X,Y) = (1645, 2275)  Position Error = 209.554
TrainID = 1950  dbValue = 3.98113  nTestCell = 45  nTrainCell = 42  nDiff = 3  (X,Y) = (1805, 2575)  Position Error = 233.137
TrainID = 2843  dbValue = 4.04508  nTestCell = 45  nTrainCell = 42  nDiff = 3  (X,Y) = (1535, 2265)  Position Error = 220.756
TrainID = 2869  dbValue = 4.08304  nTestCell = 45  nTrainCell = 43  nDiff = 2  (X,Y) = (1785, 2525)  Position Error = 197.669
TrainID = 530  dbValue = 4.12682  nTestCell = 45  nTrainCell = 42  nDiff = 3  (X,Y) = (1525, 2255)  Position Error = 233.137
TrainID = 1359  dbValue = 4.22948  nTestCell = 45  nTrainCell = 43  nDiff = 2  (X,Y) = (1775, 2585)  Position Error = 211.123
TrainID = 1909  dbValue = 4.23883  nTestCell = 45  nTrainCell = 43  nDiff = 2  (X,Y) = (1795, 2555)  Position Error = 216.178
TrainID = 1938  dbValue = 4.24667  nTestCell = 45  nTrainCell = 43  nDiff = 2  (X,Y) = (1545, 2305)  Position Error = 179.536
TrainID = 1158  dbValue = 4.32687  nTestCell = 45  nTrainCell = 43  nDiff = 2  (X,Y) = (1595, 2305)  Position Error = 173.012
TrainID = 1316  dbValue = 4.33374  nTestCell = 45  nTrainCell = 43  nDiff = 2  (X,Y) = (1805, 2545)  Position Error = 222.335
TrainID = 1309  dbValue = 4.34621  nTestCell = 45  nTrainCell = 42  nDiff = 3  (X,Y) = (1525, 2245)  Position Error = 242.72
TrainID = 2579  dbValue = 4.3795  nTestCell = 45  nTrainCell = 42  nDiff = 3  (X,Y) = (1575, 2225)  Position Error = 253.64
TrainID = 820  dbValue = 4.38176  nTestCell = 45  nTrainCell = 42  nDiff = 3  (X,Y) = (1545, 2245)  Position Error = 237.893
TrainID = 1415  dbValue = 4.40724  nTestCell = 45  nTrainCell = 43  nDiff = 2  (X,Y) = (1545, 2295)  Position Error = 189.19
TrainID = 2424  dbValue = 4.45975  nTestCell = 45  nTrainCell = 42  nDiff = 3  (X,Y) = (1555, 2255)  Position Error = 226.214
TrainID = 733  dbValue = 4.51185  nTestCell = 45  nTrainCell = 43  nDiff = 2  (X,Y) = (1825, 2545)  Position Error = 241.481
TrainID = 1385  dbValue = 4.52321  nTestCell = 45  nTrainCell = 42  nDiff = 3  (X,Y) = (1565, 2215)  Position Error = 264.486
TrainID = 1280  dbValue = 4.60199  nTestCell = 45  nTrainCell = 43  nDiff = 2  (X,Y) = (1855, 2515)  Position Error = 264.6
TrainID = 2532  dbValue = 4.66746  nTestCell = 45  nTrainCell = 42  nDiff = 3  (X,Y) = (1555, 2235)  Position Error = 245.953
TrainID = 1746  dbValue = 4.7782  nTestCell = 45  nTrainCell = 42  nDiff = 3  (X,Y) = (1535, 2215)  Position Error = 269.32
