trainID = 129  1.024  0.0516  2.9043  0.204  0.1608  0.8135  1.1841  2.3225  0.8938  0.7369  1.0214  1.279  3.4816  0.4365  3.5517  0.4414  0.5247  0.7842  2.1425  0.985  0.4293  1.4655  1.6039  2.5041  0.4562  2.1455  1.2834  2.983  0.3448  0.4864  1.1258  2.161  0.1679  1.1728  0.0008  1.5737  0.8585  0.1184  1.4268  3.6655  1.6903  0.159  4.3954  
trainID = 141  2.5632  2.7654  0.556  6.1729  0.9083  5.2227  0.6041  1.9027  1.8518  1.0148  2.094  1.202  1.7334  3.4597  1.7014  5.3061  0.9512  3.2148  0.4592  0.1765  4.49  1.2549  3.021  1.4608  3.5789  2.7605  5.708  2.2188  1.4297  3.2275  1.3905  1.9132  1.9155  2.0183  1.4709  1.1316  2.7707  1.8963  1.4854  1.5913  0.598  0.7045  
trainID = 142  3.3875  0.9521  0.237  5.089  1.7822  2.0968  3.1401  1.3264  2.4466  0.8473  1.5231  3.1319  1.0554  6.7811  1.6254  8.6552  0.6308  4.9237  0.6738  2.242  1.4741  4.5582  2.9331  1.3048  2.301  1.9093  9.0228  3.2442  0.9695  3.5203  0.337  0.0206  0.3064  2.8523  0.8197  4.9669  2.3075  0.0017  0.1255  0.7073  0.345  1.3478  
trainID = 171  3.5818  2.4123  0.432  7.2727  1.5027  3.5921  3.1951  2.9181  5.1077  0.8628  0.985  0.834  6.004  9.5825  0.6435  8.4847  4.9004  8.0854  4.0248  1.7611  8.2632  5.3665  4.851  1.1069  17.589  13.9562  8.3231  3.296  6.7153  7.7742  0.412  4.0132  4.0035  3.2015  3.5768  3.1958  0.1219  0.7334  3.3179  0.9083  0.145  2.8335  1.366  
trainID = 175  0.291  1.5385  0.6991  0.6077  2.2048  2.1094  0.5469  2.7385  0.1017  0.947  1.3076  1.418  3.1412  4.0347  1.8713  0.6692  0.6405  5.6165  2.9789  2.362  3.6511  4.7325  0.8659  2.0472  1.5571  6.1232  5.7651  1.7291  1.9633  2.8711  1.6539  0.479  2.9555  1.6223  0.521  0.1989  0.4349  3.7249  2.8847  1.5171  0.1741  0.069  3.6632  
trainID = 211  0.7573  3.9803  0.799  4.7162  1.8172  2.5675  0.6281  1.3656  2.9536  0.7321  0.439  1.037  0.4166  4.0531  0.1319  4.6154  2.6108  2.8445  1.4942  0.1111  1.1436  3.0985  4.543  2.0477  0.4626  2.4718  6.3525  2.2889  2.4865  2.4049  0.522  0.5805  0.4164  0.1284  0.258  0.1705  1.9366  0.5813  1.8012  0.185  0.158  2.8177  0.913  
trainID = 258  1.9476  3.7786  1.167  5.2538  0.4996  2.8022  0.3791  3.9135  3.7067  0.4659  1.731  4.3514  2.7792  6.8136  0.525  6.9614  4.4307  3.5245  0.0862  1.7421  5.3716  3.7164  1.0041  2.1915  1.2403  5.5577  10.4406  3.9051  1.2163  7.5216  2.8941  0.7406  0.4826  0.0807  3.2636  1.3076  0.9052  3.503  4.0928  1.9123  0.128  1.5434  0.174  
trainID = 286  3.3453  1.2547  2.489  0.4333  1.298  3.0704  0.3431  1.6695  3.1737  1.3376  3.435  1.067  0.2276  1.2761  0.3599  2.0462  0.6514  1.3945  3.2357  0.076  1.283  0.715  2.2278  1.6916  0.0136  1.3712  3.2324  1.2688  1.1795  0.0515  0.705  0.7606  1.1964  1.5071  0.3078  2.196  2.4517  1.0387  1.2066  2.8693  1.153  4.5019  0.157  
trainID = 300  0.135  5.4669  0.9872  1.9733  1.7589  3.6173  2.5499  2.2318  0.0554  0.1008  1.551  0.8003  2.914  3.4186  4.024  0.597  3.1758  4.4437  14.2386  2.6063  4.9239  6.587  0.8302  1.2151  0.6643  13.9949  4.7599  3.3662  6.6249  5.3623  3.693  1.137  6.1452  1.0166  2.6653  1.2055  0.6768  4.5423  0.464  2.5647  32.7796  
trainID = 311  0.953  0.8464  3.6749  1.986  2.2952  1.6861  0.5289  1.6322  0.9339  1.1986  32.6277  1.2534  0.8142  1.0225  1.7894  1.4902  4.0123  2.6621  0.9074  0.9566  0.9523  0.9003  5.7356  2.2065  4.8856  4.7345  2.4511  0.172  2.1182  3.6422  1.6689  2.1598  0.0632  1.9985  5.2762  0.9316  0.8828  2.4796  0.6133  0.617  3.1626  
trainID = 320  0.272  2.1768  3.7186  1.8867  5.2826  0.5819  0.5034  6.5368  1.1766  1.4771  1.3863  0.572  1.306  0.9795  2.2092  2.8109  11.0926  5.5105  28.0207  2.0273  3.7951  7.3625  2.1528  0.018  1.651  9.2563  4.7086  3.8141  4.0712  2.7622  1.3459  0.084  5.6672  5.9499  3.2135  1.3565  1.874  5.1353  3.7577  3.1491  31.1386  
trainID = 338  0.0096  1.5592  0.342  3.8521  1.8296  3.5398  0.5151  0.477  1.0691  2.6152  3.432  2.008  0.7959  2.3694  1.1421  0.964  1.276  3.9731  0.672  1.2327  2.4344  0.9775  2.1008  2.3069  2.9396  0.3748  2.2095  0.1532  1.9309  3.0478  0.396  1.4826  0.2109  0.467  1.5505  0.2518  0.9723  0.7399  1.491  0.9473  1.504  3.1638  
trainID = 350  1.16  2.8566  2.3472  2.8471  2.4341  4.7833  2.9243  1.2665  0.32  0.642  1.5153  5.3701  0.8175  6.8537  1.7676  5.7408  1.0274  0.185  5.5386  2.4819  2.4857  2.3101  8.5456  3.3161  4.3099  0.3079  7.8094  2.468  0.334  4.0545  0.9127  3.1867  1.0021  0.6397  0.5833  3.1124  2.9727  0.8933  0.647  3.7194  34.9896  
trainID = 369  1.072  2.4619  5.3799  1.035  4.533  0.2371  0.1844  3.5361  1.4354  0.953  1.297  0.737  1.303  1.8316  2.5977  2.6853  11.152  4.6706  22.6009  2.7421  3.2733  8.5356  2.9047  0.2781  2.6638  9.6406  6.2365  0.7514  3.3892  5.7128  1.5437  0.287  4.7038  3.537  3.7879  0.0139  3.3815  5.0033  3.3427  4.8568  33.1266  
trainID = 389  0.5457  2.4081  0.833  0.7366  0.1376  2.7331  0.0017  0.5181  0.8377  1.4772  0.924  2.006  1.9049  0.5923  3.0721  1.2454  0.2764  1.1218  1.5604  1.212  0.5394  0.7305  2.1031  3.1059  1.5915  3.0693  0.9642  0.2013  0.4864  2.6217  1.5363  0.2011  1.531  2.0068  1.7455  2.9164  2.9954  2.3557  1.4554  1.6193  0.07  2.7876  
trainID = 399  1.096  0.1354  8.4989  1.289  7.2529  2.8305  2.3776  3.0678  0.5048  3.8047  34.4397  0.4627  0.355  3.6261  18.0879  7.7622  5.0939  5.2665  0.7666  5.1852  1.8755  0.7551  3.5706  6.751  4.0856  6.3381  1.8709  1.1637  0.4625  2.0623  2.6061  3.9909  0.803  2.1345  3.4593  3.3921  0.0672  2.5093  1.1143  0.137  5.5861  
trainID = 426  0.082  3.0336  2.3755  0.463  3.7133  0.8024  1.0284  0.9533  0.4171  0.9306  1.0485  0.893  0.004  1.2931  1.6359  0.8081  4.6722  7.4848  8.9083  3.2842  0.4297  5.0346  0.0926  0.1261  3.7766  3.3508  3.2823  1.8638  0.7294  1.742  0.8621  2.1441  5.9752  3.5462  2.355  0.5385  2.5007  4.4733  0.7469  2.0687  0.7503  0.681  1.6005  
trainID = 442  1.8796  2.2204  0.8166  0.2192  1.8281  2.144  0.1215  2.5855  0.7034  32.8817  0.2593  0.9399  1.7209  3.3876  2.2275  0.9045  0.6959  1.163  0.5257  1.6163  0.1151  0.7754  0.3678  2.9354  6.5861  0.055  2.4113  2.2647  3.2784  0.4907  0.9042  1.364  0.9845  4.3439  2.1971  0.3975  0.2994  0.324  1.552  3.1441  1.323  
trainID = 492  0.9782  0.4471  2.496  4.2792  0.1136  2.3767  3.0481  0.4694  3.1907  3.427  0.983  3.3408  1.1636  0.3048  0.0663  5.0935  3.8997  5.4948  0.2169  0.8167  2.0115  2.653  2.2617  0.0975  0.5921  0.6926  6.6912  2.7078  1.2079  2.2921  0.299  1.2636  0.2735  1.4897  1.4552  0.4552  0.4154  2.4627  2.543  0.2696  1.066  3.3052  
trainID = 554  2.3975  3.2372  0.574  4.2072  0.1025  2.1877  1.2291  5.5791  4.0587  1.7733  0.386  1.775  2.0086  7.9289  0.2993  7.8497  6.1589  3.538  1.0016  2.1013  4.0305  4.9947  2.4558  0.0314  0.2259  5.748  9.9981  1.943  3.4847  4.8289  1.14  3.9084  0.3486  2.7869  3.9665  2.2726  0.6313  2.0546  3.5744  1.4073  0.346  1.0193  0.395  
trainID = 579  1.962  4.2278  3.5779  0.321  7.0604  0.1811  2.0655  7.1335  2.5151  3.7871  1.1007  0.432  2.259  3.2268  1.625  1.2345  7.1994  1.1864  25.9864  1.9896  5.2761  9.1071  4.2098  1.2641  0.5916  9.878  6.0791  0.2811  6.0723  4.9258  1.0312  0.015  7.9912  1.3784  3.2816  2.8515  1.4678  5.1343  1.9267  4.5502  33.4376  
trainID = 580  0.589  2.1927  4.8589  0.287  2.9252  0.9706  2.2504  3.4507  0.3102  1.1878  33.0597  0.3758  0.85  2.9357  3.9075  3.544  7.4341  2.4124  0.1561  3.214  0.8777  1.4163  1.8808  2.5115  4.9186  2.9261  2.1924  2.4154  0.8521  0.076  2.8538  0.5576  0.4954  2.9615  1.8303  1.298  1.8469  0.7913  1.2563  1.38  2.3115  
trainID = 581  1.112  2.5386  3.1094  1.217  0.7778  1.1622  3.6527  2.8906  0.1141  0.1406  1.0187  3.059  0.111  0.1295  0.2106  1.4687  6.4488  5.1288  7.4068  3.5095  0.3764  1.9843  1.9355  1.9292  1.4114  4.57  5.0179  0.2606  1.246  1.4071  0.09  0.389  4.5516  3.633  1.647  0.2143  1.781  4.4393  2.1887  0.5895  1.4423  0.187  4.567  
trainID = 586  0.68  0.2517  5.6069  0.8027  3.0045  3.1449  1.2018  2.096  1.8762  1.0621  32.8677  1.9027  0.2069  1.2073  12.8805  2.2074  5.4561  3.5392  0.9857  4.5886  0.0946  0.6471  3.7506  0.7786  6.994  6.3679  0.4058  0.7368  1.4698  0.325  1.8795  4.6506  0.2315  2.1385  4.6288  3.5659  0.9255  2.3549  0.0123  0.703  3.0876  
trainID = 597  1.03  5.2448  2.2937  0.374  1.9721  0.5412  0.4285  3.5796  0.5985  0.1768  1.8463  0.102  1.645  3.7162  3.6241  2.1362  3.6061  4.477  16.3511  0.7414  7.5329  6.0816  1.0611  0.3276  0.0269  12.3783  3.5027  2.4754  2.9192  4.6686  1.1039  0.819  3.7716  0.186  5.2069  3.0785  1.6822  3.4289  2.0527  1.998  32.5696  
trainID = 634  0.658  3.0596  1.3878  3.1234  0.6235  2.9835  0.5458  2.5576  0.4974  1.8894  0.9498  1.313  2.533  2.7439  2.9479  3.4497  0.433  1.1262  5.6049  2.8164  4.73  3.7341  2.1004  0.3629  1.7756  11.2258  6.6165  5.3392  3.9595  4.1214  4.2622  0.373  3.6103  3.3303  3.6204  1.0175  1.1722  3.359  2.1247  0.736  33.4436  
trainID = 666  0.031  3.8334  4.832  1.3103  3.581  1.1078  0.8684  3.9949  2.5024  2.4818  1.2242  3.502  0.944  1.852  1.9422  0.2862  11.1999  12.883  12.29  2.7302  2.8775  5.8724  2.9668  0.899  3.2666  7.3791  4.8199  1.687  3.0648  6.0275  0.5065  0.451  4.7393  2.0005  3.4358  2.8925  0.9874  1.815  0.0195  3.8182  1.3403  3.391  3.4383  
trainID = 675  0.2677  1.0709  0.188  2.4685  0.9272  3.7894  0.4666  2.9866  1.9477  1.2172  0.8454  1.933  0.3132  4.0298  1.6938  3.3723  1.8319  0.2805  1.8748  1.2817  0.0891  3.1036  0.7473  0.828  4.1196  1.1262  4.2627  1.5036  2.3033  3.9213  0.831  0.0201  0.582  1.2204  0.4905  1.7776  3.2677  0.2445  0.6337  2.0693  2.433  2.0491  0.362  
trainID = 729  0.854  0.0844  0.837  4.4952  1.5975  2.6501  1.7484  3.1819  1.1708  0.4179  0.7618  2.3  3.4277  3.4284  2.3858  3.3816  0.3301  1.0595  1.1851  2.2905  0.2116  1.1482  2.1217  0.7913  5.4976  0.7857  7.5034  2.822  5.555  1.179  0.563  0.0473  0.2131  0.2018  1.0295  0.3581  3.9869  1.5533  1.6134  2.9973  1.694  2.1487  
trainID = 774  0.175  2.4252  4.1782  2.689  6.602  0.6307  2.7658  4.5251  2.805  0.0708  0.128  1.647  2.057  0.9532  1.2886  0.608  8.0612  0.8578  22.3917  2.123  6.2607  6.3723  1.8705  0.5717  2.7476  10.4002  6.5689  0.2366  5.8649  3.6726  0.9266  0.816  6.2072  2.7196  3.7713  3.8875  0.2417  3.5398  5.0027  2.1671  32.0166  0.481  
trainID = 793  1.855  0.7353  2.8541  2.347  2.0235  5.44  1.6626  1.5387  0.3872  1.3593  0.5228  1.8407  0.4175  0.2904  1.9696  2.7997  2.3231  0.5004  3.8034  1.175  1.5381  3.5126  0.0563  5.3155  4.0449  1.9542  0.9838  0.4283  1.218  1.0428  1.577  2.4836  1.6415  4.4879  0.2817  2.0567  1.2297  0.4634  0.258  4.199  1.821  
trainID = 823  2.312  3.5912  3.9949  1.386  6.5959  2.1775  1.3501  3.8963  3.0027  2.8617  0.5149  0.344  1.455  4.912  2.8216  1.073  11.2714  2.4605  29.1161  3.8207  4.4984  8.4952  0.5823  0.1032  1.0696  8.186  6.88  1.1677  5.0894  5.5427  0.4258  0.266  7.0582  2.2345  3.6055  2.2915  1.0965  3.9004  0.4206  3.0175  33.1426  
trainID = 849  1.8215  0.2851  0.5456  0.4027  1.2317  0.252  3.7123  0.5566  1.6205  3.5703  0.39  1.818  3.2812  4.6205  0.2415  0.5363  2.9795  0.9667  1.8451  3.1744  3.1036  1.3854  1.1792  1.2667  10.1311  2.389  4.9457  2.4314  4.2511  0.3464  1.6249  4.1867  1.3657  1.5122  1.9565  0.5374  4.5333  1.7832  0.9197  3.6493  0.176  0.9328  
trainID = 856  2.8899  2.7758  0.193  1.4454  3.2718  1.3545  1.9511  0.7021  1.1662  3.6033  1.9738  2.772  4.2915  6.5479  2.9529  0.9266  0.2544  3.8363  1.4409  2.1288  3.8809  1.2491  0.8644  1.969  12.1106  4.2232  6.6459  3.9866  4.2421  3.9415  3.263  2.3538  1.0915  3.0151  1.1125  1.2565  5.3333  2.7627  0.707  31.8036  1.874  
trainID = 865  0.091  2.6836  3.075  1.463  2.9627  1.4394  3.0972  3.3548  0.8624  0.6376  1.0157  2.605  1.635  0.6042  2.1865  1.2081  5.0554  4.9274  3.6776  0.9592  1.4871  1.7189  0.0854  1.2568  3.0855  4.8267  2.8325  0.3703  1.3227  3.3357  0.3776  2.185  3.6453  1.8998  3.0664  1.3585  0.8026  3.4311  0.1848  1.3136  0.435  0.381  3.2443  0.759  
trainID = 921  0.875  0.2003  3.5364  2.106  3.3054  0.8563  0.6843  3.4492  0.7092  1.3639  1.7709  1.4  0.709  1.9503  0.1158  3.1708  4.2617  4.7168  4.1178  0.6854  0.7358  1.4247  1.5937  1.3517  5.3096  5.9552  1.8926  1.1349  1.1963  2.3476  0.6294  0.826  0.8096  2.9075  0.7428  2.1845  2.4701  2.5741  1.1887  0.2723  0.1276  0.952  2.987  
trainID = 924  0.23  4.1163  2.8429  0.8078  3.113  0.5708  0.6619  3.4751  2.9717  0.6096  1.579  0.949  2.174  4.6905  1.5888  1.2897  7.9878  7.5199  8.2489  1.6186  3.168  4.846  0.0623  2.2061  3.0834  10.4784  4.9854  2.2648  2.2908  3.9013  2.2331  0.637  7.8752  2.3571  3.0923  1.9575  3.3415  5.3323  1.6948  2.8023  31.2756  
trainID = 977  1.634  3.6343  5.3339  1.6347  7.7401  4.9237  0.3492  2.4648  1.0527  2.4232  34.5147  2.2068  0.2155  4.0628  20.9023  9.4468  6.7864  3.969  0.6851  7.8854  2.6103  1.6781  4.1476  6.01  5.5122  6.2516  1.553  2.1797  0.3607  0.728  5.5232  4.3346  1.291  3.3455  4.9063  0.407  2.9017  2.492  1.3163  1.379  3.8792  
trainID = 988  1.354  0.1043  2.0364  0.729  0.9286  1.6314  2.6011  1.9075  2.0685  0.4752  0.5961  1.232  2.405  0.6277  1.6859  0.3775  0.6204  5.4101  3.3363  0.5365  0.9306  1.0684  0.8188  0.3511  1.8114  4.1507  4.8202  0.9855  0.6828  2.7339  1.669  0.95  2.4224  2.5292  2.7816  1.8755  1.218  3.9221  0.6058  2.2523  1.1683  0.451  4.6894  
trainID = 1018  2.582  4.7832  1.5681  0.17  5.726  0.7241  0.373  3.3267  3.8525  0.7977  1.051  1.975  0.552  3.1464  0.9091  0.5275  9.1692  8.4052  16.6152  3.0239  2.2482  5.6482  3.4446  1.6998  3.6026  8.4673  4.971  0.0094  5.2103  5.1901  0.519  2.125  5.9302  3.8951  1.4313  2.5775  1.5199  5.1273  3.1697  3.7831  31.0786  
trainID = 1045  2.8715  0.6185  0.7809  5.7786  1.4747  3.3046  0.5339  4.5175  3.2267  1.8406  0.053  3.1752  2.185  5.2723  0.4967  6.1977  6.1392  4.8187  0.0934  0.5507  2.5131  0.7724  2.9719  1.2597  3.9006  3.8413  8.0225  2.6787  1.4468  2.9235  2.5171  2.5149  2.3743  2.6822  1.7836  3.3788  1.2399  2.9391  2.444  0.1401  0.255  1.7965  
trainID = 1048  1.115  1.2042  1.9509  0.204  0.7597  1.3003  1.3403  2.4995  0.9471  0.9745  0.8697  0.052  1.521  0.0757  2.6353  1.3901  1.3996  5.9983  5.1696  3.1312  0.1958  2.8664  0.2594  0.9841  0.695  1.0842  5.4952  1.1986  1.8506  0.411  0.1763  0.067  1.2747  0.3154  2.291  2.2575  4.1886  3.3123  0.507  0.2808  1.6173  0.077  3.3181  
trainID = 1049  0.71  0.2852  0.9876  0.232  3.5139  1.6971  1.3359  2.2571  3.2579  3.0195  1.8928  0.9043  3.8815  1.3371  6.7766  1.2466  6.4259  0.8425  3.1809  3.6148  2.0281  1.8792  2.2687  3.8768  1.0088  2.6628  1.4886  11.5526  2.667  1.0736  4.4514  1.707  1.4358  2.6921  0.1292  2.3664  2.6539  3.3016  1.2838  0.8695  2.5683  0.742  0.6211  0.805  
trainID = 1053  0.9027  1.1731  1.596  1.2905  1.0237  2.5463  3.8406  1.4853  0.8401  0.809  0.954  2.936  0.0328  1.931  1.7079  1.273  0.067  0.6639  4.0177  1.1027  0.8387  0.3152  1.8671  2.7775  1.2367  4.0931  0.4599  0.4174  2.265  1.0251  0.805  1.9158  3.8736  2.0316  1.8735  3.3277  1.4845  1.8554  1.2616  3.7503  0.338  3.1397  
trainID = 1072  4.2839  2.6564  0.317  6.2956  1.8323  4.2747  0.2641  3.598  4.3697  0.4771  0.338  2.679  5.0452  7.1394  1.3603  9.2719  4.9307  7.3984  1.1558  0.0733  7.2538  2.8377  1.2127  2.0573  11.891  10.6855  12.8728  2.9828  4.5597  6.7959  0.571  4.3681  1.0935  4.5119  4.7782  3.2135  1.9613  0.7261  2.4867  0.8753  0.785  3.0113  0.525  
trainID = 1086  0.966  3.4466  2.1036  0.996  1.3131  0.0705  3.2607  2.5317  0.079  2.9217  1.5469  1.171  0.341  0.7508  2.8131  1.2107  1.8253  4.5924  2.0281  3.2418  2.892  3.6103  1.9904  0.0322  2.833  2.5216  1.3576  3.2329  2.2853  3.0964  0.8005  1.193  1.8066  1.6059  1.6332  1.4022  1.0163  4.0893  0.742  1.2521  1.9093  0.813  3.3007  
trainID = 1106  0.8006  2.2724  0.5573  2.1407  0.811  2.6947  1.0841  0.2047  2.5998  0.6773  1.302  4.4205  0.0971  1.8848  1.3448  1.5602  2.1782  2.6627  0.5677  2.5456  0.9661  1.6483  1.6309  0.7401  3.0299  1.0317  4.9624  3.7986  4.5108  1.6149  0.659  1.5801  0.0759  0.4143  0.4626  0.0707  0.8531  0.584  2.4953  0.2705  0.244  3.7307  
trainID = 1117  1.55  2.2623  6.0609  0.7873  6.7053  0.7084  0.0913  3.1606  0.6042  1.7108  34.2217  0.8275  0.3437  3.0519  23.0067  0.4356  11.2304  3.9213  2.2614  6.9154  3.4831  2.5013  5.4926  6.9916  6.3878  4.8838  2.0638  1.6902  0.1612  1.6635  4.0528  3.5706  1.3607  3.8595  3.843  0.9229  1.3782  3.1344  0.4883  1.986  3.7461  
trainID = 1133  1.514  0.6394  4.2452  0.8617  0.6433  0.301  1.9776  1.7133  0.9519  0.2486  0.0686  3.412  0.489  0.158  1.3881  0.046  1.8665  1.9499  2.0184  4.6731  0.1374  0.8171  0.3874  0.7984  1.2465  2.2844  2.0913  1.226  2.263  1.5514  1.0213  0.895  0.3527  1.852  0.8796  0.3052  0.1199  3.6174  2.4427  2.1279  2.0273  0.789  2.5261  
trainID = 1148  1.2188  0.7399  2.544  0.2243  1.528  2.3373  0.4631  0.7453  1.514  0.694  0.184  1.643  1.2829  0.83  0.2361  1.5676  0.9121  2.1955  1.4185  0.5088  3.2545  3.1215  1.8094  1.9526  1.1296  4.2012  2.5057  0.7193  1.4774  2.51  2.9164  1.2569  0.9399  1.3294  0.7028  0.0764  2.6874  1.7955  1.881  0.6421  2.6052  2.3695  
trainID = 1183  0.9099  0.3031  1.07  3.7437  1.8163  3.0103  1.1911  1.3101  3.9647  0.1079  0.579  3.61  2.6763  6.2535  2.2797  5.0844  3.0773  4.2979  0.5778  3.3227  3.7259  4.429  5.3347  0.6643  3.8877  2.601  5.0952  2.3861  3.8912  3.8244  0.694  1.3576  0.7648  0.9362  1.3737  2.0447  0.2451  1.9183  2.0656  2.0603  1.2957  3.4781  0.085  
trainID = 1194  2.0151  1.9032  1.663  0.9388  3.7002  2.4873  1.242  0.2893  3.0342  1.5225  1.134  0.273  0.6718  1.8743  2.5334  0.1015  0.841  0.8398  3.0298  0.7363  2.2687  1.1203  1.6569  3.6046  0.4024  3.5975  1.363  1.2339  1.037  0.8458  3.0453  1.1215  1.0757  1.583  0.3389  0.3861  3.1013  0.2812  0.4272  1.7883  0.343  2.841  
TrainID = 129  dbValue = 1.32934  nTestCell = 44  nTrainCell = 43  nDiff = 1  (X,Y) = (1655, 1955)  Position Error = 40.3113
TrainID = 1133  dbValue = 1.41685  nTestCell = 44  nTrainCell = 43  nDiff = 1  (X,Y) = (1685, 1895)  Position Error = 26.9258
TrainID = 389  dbValue = 1.44709  nTestCell = 44  nTrainCell = 42  nDiff = 2  (X,Y) = (1735, 1925)  Position Error = 60.208
TrainID = 286  dbValue = 1.5179  nTestCell = 44  nTrainCell = 43  nDiff = 1  (X,Y) = (1675, 1965)  Position Error = 45
TrainID = 1194  dbValue = 1.53079  nTestCell = 44  nTrainCell = 42  nDiff = 2  (X,Y) = (1735, 1955)  Position Error = 69.4622
TrainID = 1148  dbValue = 1.53978  nTestCell = 44  nTrainCell = 42  nDiff = 2  (X,Y) = (1735, 1915)  Position Error = 60.208
TrainID = 338  dbValue = 1.55539  nTestCell = 44  nTrainCell = 42  nDiff = 2  (X,Y) = (1705, 1965)  Position Error = 54.0833
TrainID = 1048  dbValue = 1.61073  nTestCell = 44  nTrainCell = 43  nDiff = 1  (X,Y) = (1735, 1865)  Position Error = 81.3941
TrainID = 1106  dbValue = 1.61381  nTestCell = 44  nTrainCell = 42  nDiff = 2  (X,Y) = (1625, 1935)  Position Error = 52.2015
TrainID = 675  dbValue = 1.64586  nTestCell = 44  nTrainCell = 43  nDiff = 1  (X,Y) = (1605, 1935)  Position Error = 71.5891
TrainID = 1053  dbValue = 1.69395  nTestCell = 44  nTrainCell = 42  nDiff = 2  (X,Y) = (1725, 1935)  Position Error = 52.2015
TrainID = 988  dbValue = 1.75701  nTestCell = 44  nTrainCell = 43  nDiff = 1  (X,Y) = (1715, 1895)  Position Error = 47.1699
TrainID = 211  dbValue = 1.7637  nTestCell = 44  nTrainCell = 43  nDiff = 1  (X,Y) = (1615, 1995)  Position Error = 96.0469
TrainID = 793  dbValue = 1.86437  nTestCell = 44  nTrainCell = 41  nDiff = 3  (X,Y) = (1765, 1905)  Position Error = 91.2414
TrainID = 492  dbValue = 1.87409  nTestCell = 44  nTrainCell = 42  nDiff = 2  (X,Y) = (1615, 1975)  Position Error = 81.3941
TrainID = 921  dbValue = 1.89763  nTestCell = 44  nTrainCell = 43  nDiff = 1  (X,Y) = (1695, 1855)  Position Error = 68.0074
TrainID = 1086  dbValue = 1.92153  nTestCell = 44  nTrainCell = 43  nDiff = 1  (X,Y) = (1695, 1885)  Position Error = 40.3113
TrainID = 729  dbValue = 1.94309  nTestCell = 44  nTrainCell = 42  nDiff = 2  (X,Y) = (1595, 1925)  Position Error = 80.1561
TrainID = 865  dbValue = 1.97605  nTestCell = 44  nTrainCell = 44  nDiff = 0  (X,Y) = (1685, 1845)  Position Error = 75.6637
TrainID = 175  dbValue = 2.02392  nTestCell = 44  nTrainCell = 43  nDiff = 1  (X,Y) = (1665, 1855)  Position Error = 65.7647
TrainID = 849  dbValue = 2.10616  nTestCell = 44  nTrainCell = 42  nDiff = 2  (X,Y) = (1625, 1845)  Position Error = 90.1388
TrainID = 581  dbValue = 2.11778  nTestCell = 44  nTrainCell = 43  nDiff = 1  (X,Y) = (1735, 1855)  Position Error = 88.459
TrainID = 426  dbValue = 2.1512  nTestCell = 44  nTrainCell = 43  nDiff = 1  (X,Y) = (1745, 1845)  Position Error = 102.591
TrainID = 141  dbValue = 2.18801  nTestCell = 44  nTrainCell = 42  nDiff = 2  (X,Y) = (1625, 2025)  Position Error = 116.297
TrainID = 442  dbValue = 2.31596  nTestCell = 44  nTrainCell = 41  nDiff = 3  (X,Y) = (1765, 1965)  Position Error = 100.623
TrainID = 142  dbValue = 2.33149  nTestCell = 44  nTrainCell = 42  nDiff = 2  (X,Y) = (1575, 1985)  Position Error = 119.269
TrainID = 1049  dbValue = 2.35301  nTestCell = 44  nTrainCell = 44  nDiff = 0  (X,Y) = (1555, 1985)  Position Error = 136.473
TrainID = 1183  dbValue = 2.40336  nTestCell = 44  nTrainCell = 43  nDiff = 1  (X,Y) = (1605, 2035)  Position Error = 134.629
TrainID = 1045  dbValue = 2.57918  nTestCell = 44  nTrainCell = 42  nDiff = 2  (X,Y) = (1595, 2025)  Position Error = 132.004
TrainID = 311  dbValue = 2.70543  nTestCell = 44  nTrainCell = 41  nDiff = 3  (X,Y) = (1765, 1895)  Position Error = 93.4077
TrainID = 554  dbValue = 2.79036  nTestCell = 44  nTrainCell = 43  nDiff = 1  (X,Y) = (1575, 2045)  Position Error = 160.078
TrainID = 258  dbValue = 2.79191  nTestCell = 44  nTrainCell = 43  nDiff = 1  (X,Y) = (1565, 2035)  Position Error = 159.138
TrainID = 580  dbValue = 2.79418  nTestCell = 44  nTrainCell = 41  nDiff = 3  (X,Y) = (1755, 1865)  Position Error = 97.0824
TrainID = 586  dbValue = 3.20286  nTestCell = 44  nTrainCell = 41  nDiff = 3  (X,Y) = (1815, 1855)  Position Error = 154.353
TrainID = 666  dbValue = 3.28122  nTestCell = 44  nTrainCell = 43  nDiff = 1  (X,Y) = (1745, 1785)  Position Error = 152.069
TrainID = 350  dbValue = 3.45071  nTestCell = 44  nTrainCell = 41  nDiff = 3  (X,Y) = (1685, 2095)  Position Error = 175.285
TrainID = 634  dbValue = 3.46972  nTestCell = 44  nTrainCell = 41  nDiff = 3  (X,Y) = (1615, 1815)  Position Error = 120.934
TrainID = 856  dbValue = 3.51621  nTestCell = 44  nTrainCell = 41  nDiff = 3  (X,Y) = (1605, 1815)  Position Error = 126.194
TrainID = 597  dbValue = 3.69161  nTestCell = 44  nTrainCell = 41  nDiff = 3  (X,Y) = (1625, 1745)  Position Error = 182.003
TrainID = 1072  dbValue = 3.71667  nTestCell = 44  nTrainCell = 43  nDiff = 1  (X,Y) = (1565, 2115)  Position Error = 223.886
TrainID = 924  dbValue = 3.82757  nTestCell = 44  nTrainCell = 41  nDiff = 3  (X,Y) = (1675, 1785)  Position Error = 135
TrainID = 300  dbValue = 3.94791  nTestCell = 44  nTrainCell = 41  nDiff = 3  (X,Y) = (1615, 1755)  Position Error = 175.57
TrainID = 399  dbValue = 4.06435  nTestCell = 44  nTrainCell = 41  nDiff = 3  (X,Y) = (1845, 1825)  Position Error = 194.743
TrainID = 774  dbValue = 4.1268  nTestCell = 44  nTrainCell = 42  nDiff = 2  (X,Y) = (1685, 1735)  Position Error = 185.27
TrainID = 1018  dbValue = 4.16893  nTestCell = 44  nTrainCell = 41  nDiff = 3  (X,Y) = (1695, 1755)  Position Error = 166.208
TrainID = 171  dbValue = 4.21518  nTestCell = 44  nTrainCell = 43  nDiff = 1  (X,Y) = (1565, 2135)  Position Error = 241.506
TrainID = 1117  dbValue = 4.23215  nTestCell = 44  nTrainCell = 41  nDiff = 3  (X,Y) = (1795, 1785)  Position Error = 180.624
TrainID = 369  dbValue = 4.37598  nTestCell = 44  nTrainCell = 41  nDiff = 3  (X,Y) = (1715, 1745)  Position Error = 179.513
TrainID = 320  dbValue = 4.43393  nTestCell = 44  nTrainCell = 41  nDiff = 3  (X,Y) = (1715, 1735)  Position Error = 189.275
TrainID = 977  dbValue = 4.5042  nTestCell = 44  nTrainCell = 41  nDiff = 3  (X,Y) = (1835, 1795)  Position Error = 203.039
TrainID = 823  dbValue = 4.58612  nTestCell = 44  nTrainCell = 41  nDiff = 3  (X,Y) = (1715, 1725)  Position Error = 199.06
TrainID = 579  dbValue = 4.6298  nTestCell = 44  nTrainCell = 41  nDiff = 3  (X,Y) = (1695, 1725)  Position Error = 196.023
