trainID = 146  0.513  2.44  2.18  0.316  1.5904  2.2696  0.984  1.1305  5.2077  1.2382  1.4426  0.4689  2.2537  0.22  1.0982  0.648  2.8499  4.5784  1.5159  0.1486  0.2566  4.6554  0.7111  2.6899  1.4585  2.6577  0.3992  3.6233  1.9059  0.6627  2.1939  3.6174  0.7463  0.2605  0.149  1.6727  0.9752  0.4647  0.959  2.017  0.989  1.281  2.5453  33.2931  
trainID = 162  0.006  2.4795  2.343  0.127  0.8189  1.2077  1.273  0.2818  2.3775  1.801  0.9515  1.4528  0.0013  0.277  2.4671  0.307  0.2287  0.84  1.5334  5.7845  1.3269  2.6166  1.2737  1.7905  2.0919  0.7455  0.4871  2.333  2.4103  2.8002  1.6976  1.6138  2.0181  3.6226  0.654  2.3907  1.4196  2.2368  3.9739  1.7764  0.629  4.0687  0.0611  3.112  0.937  0.4458  
trainID = 177  0.557  1.9125  0.436  0.832  1.7402  0.394  0.609  1.541  0.2848  0.3648  0.8271  1.2343  1.8473  1.48  0.6955  1.8204  1.7864  0.3052  2.6335  22.4  6.0607  4.1286  0.5196  0.115  0.784  0.2726  0.6947  1.101  1.6328  0.5323  3.7328  0.9738  1.0683  0.9391  1.066  1.9417  1.941  0.6536  0.238  1.8289  1.145  2.035  0.299  1.228  2.406  0.9939  
trainID = 293  1.294  2.8613  2.962  2.5584  1.2284  3.8452  1.7213  3.218  0.4652  1.0928  3.2764  1.3587  0.465  3.2257  0.455  2.4936  2.0835  1.5117  5.5719  3.363  2.4288  0.6083  3.7376  4.0321  0.7983  0.8512  4.0592  3.0563  0.8331  1.0755  2.5747  0.061  0.7529  0.864  0.6635  0.7914  0.2322  2.28  2.0418  0.385  2.6412  3.6634  36.3841  
trainID = 298  34.1915  2.0826  5.5105  2.7616  2.1252  2.9735  0.6323  2.9721  4.2323  1.7865  0.816  2.2223  0.589  0.6862  0.2675  1.5489  8.5411  6.0683  7.6584  3.2552  2.0133  5.6249  1.5752  1.7383  1.31  0.9957  2.0581  1.3664  0.3154  2.4298  2.0376  1.5462  3.9603  1.5109  1.7645  2.3  2.5621  0.3885  4.7231  2.0828  2.281  4.006  1.5513  
trainID = 366  2.689  2.0204  2.103  0.2871  2.332  1.041  0.0825  2.2083  0.2093  1.0261  1.1978  0.7248  1.107  1.6581  0.304  1.465  2.4713  1.2275  5.4168  3.7218  1.5019  1.5732  3.3246  1.08  1.4019  0.1572  3.7602  0.4628  1.4079  1.2338  3.1842  1.7925  3.8338  0.884  1.7699  0.6393  2.0223  4.1008  2.3706  0.892  0.211  3.0011  1.401  2.633  0.5451  
trainID = 402  0.909  1.3889  4.0224  0.434  1.422  1.2433  1.5852  1.002  0.8952  1.1652  0.449  1.3586  0.502  2.5993  0.3488  4.7848  4.5861  8.9108  10.603  1.557  0.1227  5.4764  0.5598  1.7687  1.762  4.5813  2.3861  4.9521  0.5794  5.7964  4.438  0.8006  2.2213  1.6774  1.7692  1.999  1.3352  2.7208  5.5897  2.2633  4.6179  2.735  0.5459  
trainID = 522  2.8151  0.3593  2.139  1.636  0.3755  2.391  0.365  0.2698  1.4201  0.2383  0.0646  2.294  2.6792  2.27  1.1358  0.653  0.599  1.7846  1.7745  12.9646  5.5882  2.6959  0.455  3.4207  0.0511  0.2495  2.2057  3.7633  0.9341  0.4524  4.1485  0.771  2.5434  3.1246  0.076  1.0847  4.4548  0.217  1.168  1.4597  0.6055  0.531  1.37  1.229  3.483  0.3178  
trainID = 589  0.3781  0.4013  0.941  1.2727  0.301  0.937  0.7862  0.1939  1.6053  0.6325  1.869  0.397  2.022  0.2519  0.055  0.2352  0.6113  1.7297  6.6546  9.2831  4.7893  0.3688  1.6828  0.9961  0.0719  1.8967  3.6213  1.8385  1.3025  7.4162  1.6846  4.656  4.292  0.38  1.5444  1.8264  0.0164  1.481  0.2732  4.1591  2.2071  1.3896  3.622  1.427  0.6124  
trainID = 617  0.599  0.1138  1.393  0.0401  2.8933  1.125  0.2162  2.9781  0.233  4.7697  2.9107  0.2928  0.374  4.8164  0.448  1.7775  1.1628  0.0883  4.3511  3.4609  6.6413  1.2656  2.7461  2.2053  2.4687  1.248  3.6424  0.1034  3.3291  0.8081  0.065  1.8074  1.0111  1.7445  1.4178  1.2316  0.432  3.913  2.7191  1.168  3.2103  0.4199  1.17  2.806  1.9129  
trainID = 718  2.1548  2.2721  4.5186  2.903  0.5131  1.577  0.327  1.445  2.8208  2.2784  0.6751  0.5387  0.6369  2.669  2.8069  1.515  2.3959  1.2107  2.7418  9.6053  24.1785  4.7532  0.3962  1.527  0.5595  2.4102  0.6677  2.659  2.2472  0.3382  3.3752  2.2949  3.5698  3.4957  0.661  0.1337  2.7339  3.4182  3.0673  1.7175  2.935  4.6332  0.3398  
trainID = 742  1.95  0.8077  2.4  1.179  2.3553  3.8052  1.373  0.4677  2.9373  1.7888  1.056  3.798  0.1993  0.78  1.1712  0.264  1.2623  0.2986  0.5132  5.9261  4.244  7.6726  0.0814  0.5016  2.5244  0.4183  1.9737  2.981  3.4261  2.5847  0.2307  3.133  0.5258  2.5444  0.478  3.646  0.2108  0.6702  2.9316  0.4087  3.089  3.1934  3.7541  1.413  3.9517  0.5995  
trainID = 787  0.103  0.7707  2.497  0.992  0.7982  0.08  1.298  1.2742  0.2939  0.7339  0.7251  3.222  2.1158  0.477  0.6499  1.596  1.3159  1.2852  0.0239  5.2896  1.2113  2.7836  2.0831  3.5967  2.3626  2.3293  4.3287  3.425  0.9022  1.403  2.3583  2.2549  1.2157  4.0804  0.7964  0.3196  2.5945  1.0308  0.17  0.2884  0.6334  3.277  0.4712  0.993  0.651  2.5394  
trainID = 950  1.4682  0.5446  3.365  0.6231  2.5314  1.4731  0.3673  2.3051  1.9619  0.336  1.601  1.6321  1.977  2.5735  0.034  1.3299  3.4185  2.2526  1.326  3.2128  3.7995  0.2864  2.4006  2.1045  0.3712  0.3696  3.348  1.2459  2.092  0.4115  2.0767  1.7699  1.6536  1.5375  0.3579  0.0971  0.123  0.806  1.469  0.8996  2.1972  1.8203  1.195  1.924  1.729  
trainID = 959  3.025  2.5348  3.401  0.8088  2.5247  3.8024  2.3952  5.4565  0.1525  1.5933  0.3834  0.7314  0.413  4.1116  1.11  3.1256  1.288  1.2613  5.6276  5.7338  1.9539  1.6485  2.97  2.6544  0.8759  0.5554  3.8115  3.2248  0.366  2.1808  4.8644  0.8839  1.8678  0.251  1.6127  0.3847  0.1306  2.573  2.1861  1.1242  0.1  3.3656  35.6291  
trainID = 964  3.309  4.149  5.0423  3.089  0.5025  2.5763  2.3537  1.731  3.473  1.5516  3.7979  0.1589  0.5773  0.132  1.4412  1.171  2.1865  4.181  2.0082  3.0585  2.8539  2.1244  4.0309  5.6785  1.2119  2.1108  0.5067  3.2409  3.5315  0.8781  3.1888  2.753  2.1509  2.6721  1.043  1.6148  2.3921  1.1886  0.858  1.7879  1.134  3.4835  2.394  36.2751  
trainID = 1000  0.001  0.7331  2.751  33.8609  0.4606  0.98  0.29  2.997  0.8616  3.9198  1.9758  0.5285  0.5068  1.456  1.2725  2.2063  2.9645  1.7267  1.9029  13.4165  20.8319  4.3538  2.423  1.1373  2.4285  0.6409  3.9437  4.2027  1.6494  0.8084  7.9847  2.0834  0.9584  3.715  1.5914  0.572  4.956  2.2963  2.014  0.6603  5.1433  2.725  1.8879  
trainID = 1149  0.9972  1.5185  2.596  36.5462  0.948  1.189  1.062  4.755  0.297  0.5789  1.1635  0.5501  0.443  5.1019  0.734  1.7354  0.1037  0.6554  2.1403  17.1588  17.7744  1.1898  1.0132  4.0693  1.0747  0.8999  4.6777  3.2643  3.9637  0.0005  6.3661  2.6096  0.0624  3.083  0.825  1.5337  3.275  1.6785  0.556  1.6839  4.2171  2.546  0.9492  
trainID = 1166  0.543  1.7106  2.684  1.8513  3.409  0.506  2.7889  4.7823  0.0478  1.6915  3.8263  2.1664  1.71  2.3175  0.155  1.3838  2.5241  0.7884  7.957  2.4131  3.9632  0.6146  1.0525  3.1893  0.3122  0.4341  3.5263  1.1154  3.0196  0.7009  1.7383  0.7338  1.2511  0.256  1.2837  0.0308  0.9398  1.01  2.2255  0.245  0.801  1.9178  0.783  3.028  4.6202  
TrainID = 950  dbValue = 1.56485  nTestCell = 46  nTrainCell = 45  nDiff = 1  (X,Y) = (1725, 925)  Position Error = 26.0192
TrainID = 787  dbValue = 1.60089  nTestCell = 46  nTrainCell = 46  nDiff = 0  (X,Y) = (1765, 915)  Position Error = 16.6433
TrainID = 162  dbValue = 1.63242  nTestCell = 46  nTrainCell = 46  nDiff = 0  (X,Y) = (1745, 955)  Position Error = 31.5753
TrainID = 366  dbValue = 1.74393  nTestCell = 46  nTrainCell = 45  nDiff = 1  (X,Y) = (1715, 925)  Position Error = 36.0139
TrainID = 177  dbValue = 1.78331  nTestCell = 46  nTrainCell = 46  nDiff = 0  (X,Y) = (1775, 885)  Position Error = 45.793
TrainID = 522  dbValue = 1.83975  nTestCell = 46  nTrainCell = 46  nDiff = 0  (X,Y) = (1795, 915)  Position Error = 44.911
TrainID = 617  dbValue = 1.85623  nTestCell = 46  nTrainCell = 45  nDiff = 1  (X,Y) = (1705, 965)  Position Error = 61.6198
TrainID = 1166  dbValue = 1.86774  nTestCell = 46  nTrainCell = 45  nDiff = 1  (X,Y) = (1695, 945)  Position Error = 59.808
TrainID = 589  dbValue = 1.86918  nTestCell = 46  nTrainCell = 45  nDiff = 1  (X,Y) = (1805, 965)  Position Error = 67.8012
TrainID = 742  dbValue = 1.98957  nTestCell = 46  nTrainCell = 46  nDiff = 0  (X,Y) = (1735, 985)  Position Error = 63.0635
TrainID = 146  dbValue = 2.34723  nTestCell = 46  nTrainCell = 44  nDiff = 2  (X,Y) = (1705, 895)  Position Error = 54.3783
TrainID = 402  dbValue = 2.56895  nTestCell = 46  nTrainCell = 43  nDiff = 3  (X,Y) = (1775, 1015)  Position Error = 94.1116
TrainID = 718  dbValue = 2.7376  nTestCell = 46  nTrainCell = 43  nDiff = 3  (X,Y) = (1855, 935)  Position Error = 104.58
TrainID = 293  dbValue = 2.7876  nTestCell = 46  nTrainCell = 43  nDiff = 3  (X,Y) = (1675, 925)  Position Error = 76.0066
TrainID = 959  dbValue = 2.89987  nTestCell = 46  nTrainCell = 43  nDiff = 3  (X,Y) = (1665, 915)  Position Error = 86.4696
TrainID = 964  dbValue = 3.08167  nTestCell = 46  nTrainCell = 44  nDiff = 2  (X,Y) = (1685, 905)  Position Error = 68.6804
TrainID = 298  dbValue = 3.28052  nTestCell = 46  nTrainCell = 43  nDiff = 3  (X,Y) = (1705, 1035)  Position Error = 120.154
TrainID = 1149  dbValue = 3.43225  nTestCell = 46  nTrainCell = 43  nDiff = 3  (X,Y) = (1835, 875)  Position Error = 97.2471
TrainID = 1000  dbValue = 3.57718  nTestCell = 46  nTrainCell = 43  nDiff = 3  (X,Y) = (1855, 905)  Position Error = 105.721
