trainID = 149  34.6455  36.9984  6.518  6.7768  3.6721  2.9246  5.02  2.9963  35.3009  36.0105  4.1059  3.1763  4.8671  7.6567  4.3474  28.712  2.135  6.7826  10.8256  1.2297  1.3248  2.0807  10.7169  5.0426  7.2505  7.0342  7.1238  4.5789  4.3495  7.5028  1.4143  4.767  3.913  0.2203  5.4987  6.0061  0.305  36.7752  
trainID = 153  35.1805  38.0051  6.0797  5.5044  6.3179  4.2468  4.9655  4.7295  34.2384  35.349  4.3496  0.2227  2.0152  9.0466  7.0349  30.3675  4.0431  8.1933  8.9801  3.546  0.4513  2.1325  15.0584  5.5616  6.6548  7.9722  5.4261  3.9906  1.1918  9.2833  2.1037  6.0663  1.744  1.5876  3.6447  1.8675  2.7691  35.2512  
trainID = 173  33.9485  36.1101  0.8334  7.2674  4.4671  1.9686  0.8835  1.4544  0.543  35.6128  6.6759  7.3083  4.7898  4.4537  4.8871  12.0045  0.1173  5.3252  6.7728  1.1606  2.777  1.7154  12.4092  3.1117  10.632  7.4337  5.2657  3.8907  4.6965  4.3022  1.3393  2.1835  1.4526  1.3834  3.5587  3.8801  0.9568  36.1012  
trainID = 209  4.0411  1.9579  2.332  0.5334  1.9179  2.4172  0.901  1.796  2.0925  1.4669  0.9674  3.8602  5.1059  0.7725  0.8293  1.8569  2.952  2.1099  0.169  0.5481  5.1901  1.6777  0.5347  0.2547  4.5632  0.2764  2.1895  0.7861  1.0205  4.9927  3.3542  0.1744  4.3945  3.0601  4.3391  2.1877  2.1069  0.5354  
trainID = 213  29.1174  7.6351  2.6338  3.598  0.842  2.4745  1.7292  33.4654  0.7375  9.7983  1.2305  6.2724  4.2204  2.382  3.1105  5.4547  5.916  0.967  5.2029  2.1667  0.452  11.2584  11.8979  14.0442  5.953  6.4382  4.5153  0.0204  0.8918  2.7618  3.6572  2.3795  2.5095  2.3991  2.6667  7.8908  2.655  1.816  1.245  
trainID = 247  8.3723  1.6689  1.679  2.1665  1.332  0.5367  33.8551  2.6652  8.2154  2.457  7.055  4.8822  3.4342  1.6413  2.7383  6.1479  0.62  4.7764  3.5236  2.2229  11.9998  10.8945  6.5202  5.835  9.4291  5.2237  3.3085  1.4953  4.8832  3.459  3.9388  3.8032  2.4767  1.6626  6.9427  0.4021  0.797  1.6209  
trainID = 250  30.9658  6.782  3.9038  0.633  0.099  2.6563  1.0066  33.7805  1.0162  7.3149  2.3843  2.9878  3.9426  0.9762  1.0664  2.7861  1.3116  3.57  3.5134  3.0415  3.914  0.8147  10.6717  17.2692  5.659  1.9785  5.1278  2.1945  2.0302  3.3964  0.3252  2.5585  3.8018  1.7688  1.0467  4.1926  0.4308  1.645  3.0773  
trainID = 254  28.4342  10.1131  3.2024  0.9899  2.8665  0.1822  3.3662  32.3241  0.9277  5.9891  2.7856  5.8042  3.2955  0.9471  1.5046  4.1671  3.4179  4.1915  3.6461  2.8553  4.8309  10.0222  12.1784  4.7498  4.1791  4.0843  5.5285  0.4701  4.7945  3.5149  2.2853  4.0272  2.3592  2.7288  5.3167  0.125  0.396  0.693  
trainID = 285  35.3095  34.4454  0.7627  6.5587  2.7751  2.6303  4.0719  3.1242  32.743  32.9824  3.6624  3.9197  0.0616  5.1993  7.6073  8.8111  0.0531  6.6151  4.9107  1.3725  2.4794  1.1242  10.4299  1.7591  7.0159  5.4876  4.6325  1.9047  1.9529  7.7751  3.2539  0.8723  1.2318  0.3937  2.4677  1.5153  2.3638  1.915  1.462  1.0681  
trainID = 308  31.2363  4.1643  3.491  0.5383  0.9037  0.4758  1.7322  34.3071  1.1922  5.8844  2.4837  4.719  3.4561  2.6342  0.1397  1.9741  3.5197  4.6117  4.6836  1.2057  4.2583  9.4128  11.0128  4.4819  1.6326  6.3892  2.7165  0.6746  3.0408  1.1526  3.1231  5.4321  0.7068  0.6054  3.8226  3.891  1.082  0.6871  
trainID = 312  31.8527  2.4742  2.7691  1.406  0.5301  2.3898  1.9991  31.5047  2.1608  2.4725  2.1212  0.0333  0.2122  3.7938  0.1419  3.7308  3.1339  0.067  2.9044  0.6689  2.1839  0.3093  3.178  4.0628  0.243  2.1727  1.8138  2.3226  0.3073  1.3659  0.041  2.6883  0.6717  0.821  4.9771  1.83  1.418  1.4872  
trainID = 331  34.2673  34.9721  3.8982  2.8549  2.6384  4.8544  2.2109  2.4109  34.628  34.6519  3.1912  1.039  1.2407  13.7083  15.0578  12.7476  0.4829  6.5251  7.6599  0.9419  0.6479  1.312  8.3763  3.1605  5.3978  5.0488  2.8562  0.5895  3.4195  6.8127  0.4468  4.316  1.679  0.4803  2.3527  3.3571  0.2333  3.514  1.207  4.3955  
trainID = 344  33.3575  3.8518  2.202  3.4156  2.2886  1.9592  1.2018  32.8708  1.157  0.025  2.2656  1.8876  0.2541  0.3053  0.2915  2.1324  0.762  2.254  1.0535  0.4244  3.1036  2.5177  4.2982  7.6049  4.753  1.0182  3.6032  1.3251  2.6607  0.5289  2.0394  0.012  1.5934  0.2281  0.6948  4.6769  0.026  0.821  0.1268  
trainID = 382  0.156  31.11  4.8489  7.0012  2.4966  1.3925  1.5197  0.3455  33.7078  3.7053  5.2921  4.6454  3.5311  0.352  2.2764  3.7395  4.7613  0.6173  1.231  3.3877  3.1866  1.6885  8.1769  3.3715  15.4771  5.7491  4.7203  5.0999  5.3505  2.3557  1.1915  2.6326  0.682  1.709  1.475  0.7601  5.3391  0.243  0.012  3.9539  
trainID = 391  32.2912  2.3579  4.3521  1.1258  0.4165  1.2131  0.9457  2.443  33.0368  4.635  1.6006  0.8745  0.3496  1.124  2.9696  0.8165  0.1514  0.9761  1.5359  1.9844  0.8431  3.3412  1.4195  4.7832  1.9201  0.21  0.2365  1.9649  2.5017  0.7621  1.2444  1.0643  0.299  1.072  0.198  2.3013  2.0813  2.3304  3.8816  
trainID = 409  1.39  34.4493  1.2787  6.6799  1.8996  1.0126  1.3109  2.3087  37.4237  5.257  2.4966  2.5971  2.6552  0.9047  5.5494  2.5145  6.2903  4.9548  1.4759  0.7295  1.275  8.3053  2.7106  8.5397  5.7975  4.9818  3.2463  4.1085  4.1922  1.8135  0.925  2.6544  0.5984  0.0467  2.8461  3.6896  0.374  0.116  0.7916  
trainID = 414  35.1981  33.87  1.0358  9.2337  4.837  2.2323  1.3407  0.1592  0.576  35.0428  5.7894  7.1779  4.4662  2.5598  1.2078  6.9875  2.7785  7.1213  5.4148  0.09  0.9392  0.5754  0.7364  10.243  0.3926  9.8307  7.7716  6.601  3.0232  2.7525  7.2951  0.247  4.4096  1.5452  2.7705  2.2267  3.5361  0.4317  36.2862  
trainID = 430  0.957  34.0458  0.9072  4.2998  1.5222  2.2813  3.2385  1.1294  31.7347  2.5394  2.7942  1.5665  1.5188  4.1723  6.585  0.67  4.9216  3.192  2.1373  1.8834  0.8243  8.6505  1.2434  9.9053  4.4302  3.273  2.8202  3.8315  3.2551  1.3466  1.3502  0.096  0.6578  2.0639  1.5824  1.2818  0.405  1.429  0.5275  
trainID = 435  36.4584  34.7573  0.0122  5.9682  4.7745  1.4924  2.3  1.7794  33.5491  34.2222  5.026  4.2395  3.8008  4.7974  1.2365  13.3125  0.6425  6.196  7.0056  1.4643  0.011  1.957  10.4924  0.9744  9.642  8.2316  4.8965  3.9562  4.5545  6.3765  0.5355  2.9514  0.885  3.1516  1.4776  2.0616  3.0166  33.9972  
trainID = 453  33.407  33.0672  2.314  3.773  1.2693  1.3176  2.3352  3.2103  33.8818  4.3553  2.6331  1.766  1.907  3.6138  7.0609  2.3154  5.1697  2.8298  0.6252  1.297  0.0311  5.7852  0.4693  10.6792  5.3767  3.4046  4.1131  1.2699  2.0597  1.3803  1.5801  1.5875  1.7034  1.3641  3.1511  0.0454  0.9761  0.476  0.0358  
trainID = 524  31.9122  35.5717  0.8368  3.5379  2.4637  0.3757  3.7502  1.8049  32.9819  33.9026  2.1749  1.1847  1.953  6.3897  2.9504  9.1038  1.5358  3.7183  5.5007  1.8919  1.746  1.1709  5.8677  0.6806  3.6021  5.0977  0.277  0.098  5.2765  4.1607  0.8474  1.265  0.798  1.0716  0.2734  0.8658  2.0348  0.79  0.248  1.5392  
trainID = 549  0.978  31.6708  2.3839  3.1757  0.6403  1.1553  2.2252  0.6343  0.403  35.6359  3.642  1.2412  1.9076  0.1927  2.0562  1.6328  1.2054  4.7357  0.1069  0.2073  2.3082  1.1149  4.9556  2.3287  11.2587  5.6253  2.8622  1.3532  5.0835  2.3631  1.1906  1.128  2.031  2.3625  0.8568  1.0574  2.2518  2.24  0.967  0.845  
trainID = 582  0.345  32.6374  4.8226  3.6264  2.5892  0.8967  1.0745  1.5762  34.9267  1.614  3.9853  3.0477  1.086  0.1982  0.9782  0.4964  4.2266  1.887  1.777  3.2771  3.2786  3.8402  3.9578  3.509  15.1211  4.7181  0.4333  4.9073  3.7555  2.3429  1.5644  1.8386  1.5218  1.1939  1.7031  0.11  5.0506  1.129  2.345  0.9248  
trainID = 608  33.0419  0.3011  2.8131  2.2354  0.2863  1.893  0.5837  2.914  30.5518  0.8486  1.6872  1.4056  3.6538  1.8902  4.1519  1.9063  2.0553  0.782  2.3798  0.234  0.7952  3.586  1.022  4.8928  6.434  1.4111  1.1462  1.4745  2.5147  1.3487  1.3275  1.3306  0.3972  1.5887  0.7133  2.4902  1.198  1.614  3.2701  
trainID = 667  31.7295  8.4286  3.9836  1.357  5.2395  2.146  2.2802  33.7266  1.8671  10.0417  0.1635  5.2401  3.5641  1.5901  2.5119  5.1733  4.7784  6.4275  3.874  3.2896  11.286  12.9522  13.9083  5.177  5.2021  8.632  4.4155  1.2088  3.5861  2.9806  2.806  3.9983  1.7063  3.3052  7.5543  1.5211  0.382  2.0875  
trainID = 707  1.092  34.7558  1.5956  2.2358  4.3678  1.1793  2.8985  0.7392  35.3459  32.7761  2.9306  2.3564  2.2874  1.9181  4.1208  8.2492  0.2535  4.2657  2.211  0.31  1.0933  0.955  0.8449  3.0709  2.069  8.3709  6.2319  5.7032  2.2583  2.9495  5.1213  2.9244  1.7086  2.1189  1.8488  1.7978  1.2993  2.1869  0.869  0.611  2.8735  
trainID = 733  29.1295  7.6371  5.9031  0.8231  2.3895  1.2284  2.9912  32.3553  3.399  9.2527  0.5356  7.1557  3.6373  2.5193  2.2743  3.6544  5.4158  0.248  4.6737  3.6264  3.278  12.8913  11.1428  14.8188  5.9214  4.867  5.5998  1.762  1.5469  4.6278  1.2099  4.937  5.226  3.1623  2.8959  8.0284  0.5611  0.991  1.1999  
trainID = 741  31.0747  4.7761  2.4913  0.4192  0.5808  0.956  1.8102  2.024  32.8622  0.6142  4.1951  1.1325  3.8896  1.4494  2.6904  0.2798  2.4929  3.6421  1.7776  2.2921  0.7219  0.9107  6.2065  9.8417  4.2418  1.2052  0.8794  2.1174  0.3647  0.6159  1.8963  0.854  0.7985  0.1542  0.9758  1.9603  0.636  2.0377  0.1054  
trainID = 754  35.3697  34.0121  0.6629  4.091  0.863  2.5998  3.0031  2.1275  35.898  35.3586  4.7379  2.5589  1.7085  5.4633  8.4987  10.7875  0.3283  5.268  7.1364  1.2218  0.5718  0.7959  8.5722  1.9476  6.1061  5.8844  4.5017  1.51  1.5814  3.1215  0.76  3.6905  2.4704  2.5116  2.4077  2.7561  2.5297  0.585  0.256  1.7353  
trainID = 801  31.0629  1.6705  6.2305  1.882  0.7251  1.0863  2.5862  34.1645  1.0105  3.7126  1.276  4.6363  2.0019  1.6871  1.6546  1.1392  1.8101  1.6701  2.4138  2.8319  4.4502  4.9602  12.698  5.1595  1.2268  3.1908  3.4185  1.0771  1.432  2.9766  1.4606  1.4928  3.4856  0.6441  4.5108  0.8598  0.909  0.5341  
trainID = 808  0.381  33.3518  1.1018  2.4149  0.4255  0.5917  0.1853  1.6534  37.2682  2.19  2.6177  2.5875  0.2896  3.669  2.0842  6.1644  0.5153  2.0038  3.0383  0.07  0.946  0.9369  1.5365  0.4482  0.8398  2.7046  0.1847  2.5929  2.0844  0.2424  2.779  0.0089  0.364  0.3361  0.2045  0.7809  1.8628  0.5183  3.5318  0.3636  
trainID = 816  31.1975  4.2154  3.1605  0.4874  1.9915  0.7809  0.5272  0.769  32.7669  0.3385  2.9358  1.8844  4.2882  1.2988  0.1252  1.5872  3.754  1.0407  1.627  1.7638  1.6325  1.8618  0.8242  4.863  9.7589  4.1214  0.5002  3.7272  3.3455  2.2637  0.4481  2.0243  0.744  2.1766  0.194  0.7556  1.8566  1.279  0.259  0.299  
trainID = 868  33.9897  33.9123  4.8257  3.3527  4.7051  1.5788  2.9206  0.1662  36.5173  32.3998  3.3879  2.4532  1.5066  13.0792  14.9902  13.6342  2.7392  3.582  6.516  1.8887  2.2502  0.9499  7.2887  3.1613  5.1088  5.0889  3.2372  0.3775  3.6075  7.2427  2.6098  0.6632  0.117  0.4383  0.9401  0.8404  0.0163  2.742  2.147  1.264  
trainID = 875  31.9176  33.4676  0.949  3.2488  1.7788  2.6585  1.6243  1.5794  36.6653  32.6354  3.2358  2.9146  0.5358  6.0602  6.7118  5.6228  0.57  5.1148  2.2952  0.517  0.0722  2.0443  2.8285  6.3856  0.8091  7.9954  5.4885  2.6551  1.31  2.8505  3.6357  0.8484  2.4829  0.9434  1.6446  0.242  1.1831  0.0006  0.223  0.84  2.3837  
trainID = 897  33.6049  1.2809  5.0771  3.5349  1.0246  1.5913  1.0897  2.21  34.0645  2.4146  0.9123  0.8721  0.3149  0.7807  2.6259  1.4071  1.2667  1.4461  1.1699  2.8023  2.4115  1.3242  0.725  6.5726  5.2143  2.555  0.9436  3.0345  1.2069  1.0963  0.7859  2.0408  0.7179  0.0284  1.6124  3.9077  0.224  1.45  1.998  
trainID = 926  33.6764  1.1584  2.0793  1.4256  2.1211  0.833  0.3503  34.5419  1.978  2.2167  2.6716  1.3219  0.9115  4.3838  0.3306  3.6771  3.5226  1.9658  0.6659  0.2661  3.3131  0.8616  3.8717  5.959  0.4268  0.8451  1.9536  3.97  1.9509  0.0998  0.274  1.1679  0.7048  1.5701  0.8862  0.218  2.1274  1.581  
trainID = 935  0.86  31.8984  1.7688  1.4059  1.267  0.1413  3.296  1.7232  1.588  3.9652  2.0758  1.2574  0.9256  0.8019  1.2047  0.2544  1.5197  0.372  0.386  1.261  2.0882  0.9602  0.1661  0.6567  1.9705  1.3207  1.6817  0.2479  3.6385  0.6736  0.8612  2.7428  0.476  0.8153  2.1208  1.2156  4.5941  0.849  0.625  0.4618  
trainID = 941  0.856  32.5013  3.5791  4.2889  1.7575  1.6445  4.0483  0.7315  34.8094  4.4986  4.6207  2.0009  0.1987  0.1963  4.4179  1.1437  6.1921  1.202  1.906  0.9423  1.6259  0.7804  4.2507  1.7064  11.9537  5.0161  3.2866  0.3894  6.5625  4.0678  2.4471  2.1752  2.0241  2.5413  2.2917  0.7251  4.2798  0.096  1.611  0.6507  
trainID = 943  35.1633  2.6771  3.9841  0.456  0.4233  0.2767  0.6292  1.361  33.5329  2.6444  1.6796  0.9488  2.0288  1.1681  1.7418  0.5469  1.7674  0.4171  5.1344  0.9525  0.9106  2.2112  0.1949  6.3549  5.1985  4.6024  0.2595  1.9904  4.4333  0.7545  0.9445  0.822  1.2787  0.0511  0.1581  4.8258  1.3404  0.87  2.5411  
trainID = 946  8.3972  1.8011  0.606  3.4855  0.3175  2.4442  32.2511  4.4893  10.4941  0.4115  7.0389  3.9663  3.3716  0.9435  3.46  7.5479  2.891  4.2978  4.537  3.3525  21.3207  19.9809  16.7035  4.4744  6.0623  7.4198  3.8025  2.2932  4.9123  5.8909  4.0158  5.5273  1.8144  3.9314  5.1831  0.983  1.131  0.5139  
trainID = 965  31.6356  0.5008  5.5292  0.1184  0.1845  0.3396  1.9582  1.291  33.1322  1.5514  2.9663  1.8372  1.1294  0.0807  2.6857  0.3177  2.2741  0.5076  2.1462  1.9589  0.7201  0.2352  2.6271  8.9546  1.1977  1.4864  0.1316  2.1681  1.4917  1.4287  0.401  0.687  2.1515  1.2143  1.4959  3.8068  1.649  4.1588  0.7434  
trainID = 983  31.0103  6.1896  6.0673  0.423  3.1365  0.4153  0.4736  35.4984  4.2113  7.5744  4.2517  3.7777  1.1387  0.954  1.7488  4.1  0.2018  0.916  1.6502  3.7436  2.4959  8.159  4.5593  17.8254  8.3705  2.3444  7.3716  5.1695  3.089  1.3882  0.8977  3.6718  5.5426  2.7357  0.9896  3.321  0.305  1.555  2.7316  
trainID = 1011  4.7253  2.3492  1.669  1.2325  0.115  2.5212  0.618  31.3957  0.8465  7.4158  0.6004  3.3135  2.5995  4.2792  0.5618  0.5576  3.9633  3.9074  2.0276  3.1596  9.0303  5.7588  1.1722  3.6543  6.5064  2.9995  2.0297  0.335  2.2768  2.6305  2.5743  0.586  3.3576  2.1801  7.6728  0.9339  0.386  0.2099  
trainID = 1024  0.182  31.3261  5.1719  6.838  0.1484  0.1438  1.2999  1.5062  34.0646  1.7773  6.3689  3.4085  3.4212  2.0685  0.3707  1.6505  5.0602  0.2918  1.326  3.7984  4.5688  0.9368  4.5244  4.3829  16.2249  6.5857  2.5654  5.411  3.8115  3.711  2.4231  0.461  3.3272  6.2668  0.024  0.7563  4.0197  1.2278  1.683  2.2307  
trainID = 1033  36.2277  36.3779  4.4717  5.4641  3.0712  4.2334  4.5516  3.6936  33.2063  34.9285  5.2198  4.6234  1.7542  5.8261  8.7845  25.2988  2.8874  9.3252  8.0786  3.2801  0.433  4.1131  13.6754  4.3725  7.2771  6.7567  4.0981  3.5688  4.1545  9.0553  2.2871  4.7606  1.868  2.2718  2.8737  2.7881  2.8924  37.2882  
trainID = 1035  0.872  33.7427  0.0697  2.5354  0.612  2.0135  1.6088  3.4287  37.5839  31.8556  4.3543  0.1494  0.1445  2.2605  3.6291  9.6092  0.597  5.0486  6.3888  1.2276  0.593  1.1129  2.7675  1.3422  4.0037  5.2137  0.4947  0.0987  3.0895  4.409  3.9912  2.6882  3.196  0.1273  3.1597  0.5599  0.6856  0.511  0.298  0.599  
trainID = 1036  1.19  33.3107  4.1698  5.8629  3.2407  0.0531  1.6887  0.9657  0.888  36.0364  3.4433  3.4018  1.9309  0.5889  2.3246  2.525  0.6105  2.0929  1.9691  2.4121  1.3272  1.5063  5.9094  1.963  8.3677  3.5067  2.8424  1.2225  3.6165  3.7147  0.0149  0.7711  1.1329  2.5571  0.192  0.7299  2.7899  1.55  0.144  2.1275  
trainID = 1051  0.126  32.9952  0.1035  3.8764  0.0009  1.2685  0.8807  0.5262  34.2448  2.7661  1.1486  1.6379  0.8582  0.7903  3.453  0.1191  2.6106  1.2738  2.573  1.6823  0.9739  4.7662  0.8125  8.2133  2.8315  0.2157  0.6006  2.9185  3.5203  0.6397  2.3766  1.1473  2.7921  2.0716  1.4579  3.7388  1.94  0.603  1.061  
trainID = 1052  34.799  37.9519  2.5608  5.1509  5.4997  4.6747  3.6857  3.8336  33.6174  34.8022  5.2293  2.339  1.8535  3.9544  4.1515  24.9513  1.8134  8.1047  7.4694  2.1749  0.2867  1.5489  14.1215  3.9591  7.0737  5.309  4.8447  3.4299  6.1665  10.9283  2.6809  6.0829  2.101  1.751  2.5967  2.8311  1.5372  36.3482  
trainID = 1054  0.531  32.3473  5.3015  6.5724  1.9826  1.1455  1.278  1.6143  36.3485  5.3211  5.6587  2.7419  3.1682  0.1857  3.1498  2.2141  4.3215  3.4815  3.5276  2.3741  4.1774  11.2542  4.2634  17.1484  5.468  7.682  4.8998  3.3665  2.8773  1.5222  1.2961  3.9366  4.2039  1.6679  0.6827  4.2271  1.204  1.8904  0.5843  
trainID = 1120  0.89  34.7793  2.7513  4.3199  2.1715  0.4438  2.0073  0.0282  1.118  35.2219  4.27  4.2536  4.1792  1.1523  3.1316  3.4065  1.4715  5.0575  4.373  1.1011  2.745  1.2841  7.2392  0.3938  9.1262  6.498  7.2446  0.4298  2.1051  4.1112  2.0168  2.8756  2.3808  3.8346  3.5707  0.8573  1.4901  0.479  0.025  1.6411  
trainID = 1128  1.426  34.3749  1.0448  1.1068  1.4928  1.6675  0.7426  0.4996  1.243  31.9035  2.1074  2.6581  0.3713  0.4282  0.0618  6.272  0.0248  3.7151  1.3483  0.113  0.7462  2.907  0.1899  1.3152  0.1212  5.283  3.8589  0.5247  1.1966  2.7465  0.2278  1.2854  0.5417  1.772  0.8558  0.8836  0.4625  4.4805  0.289  0.065  0.3118  
trainID = 1131  36.2344  36.1587  2.9847  3.2886  3.9584  4.0063  4.0448  3.1982  36.2439  34.0288  7.3328  1.5843  0.6539  14.1034  17.3092  17.6158  3.0812  3.1295  8.1062  1.0654  1.4834  0.7929  9.2702  3.4785  4.7171  4.9553  2.7232  0.7457  3.8095  8.8693  3.204  3.4058  0.407  0.3298  3.6417  4.1191  0.6636  1.355  0.408  0.777  
trainID = 1136  8.7121  1.9001  1.81  2.5395  0.9752  3.9642  33.5977  6.2365  8.121  0.2955  8.1104  4.2205  1.352  0.0875  4.2051  6.2879  2.013  3.2143  3.6308  2.3558  14.8058  10.5501  5.9996  4.1459  7.7863  7.132  2.6695  1.9891  3.3637  3.9773  4.7886  5.354  2.7967  5.601  8.1405  1.751  2.8542  1.0762  
trainID = 1170  33.5816  2.6387  4.3541  2.5132  2.0115  1.3664  1.1864  35.0968  2.385  1.3474  1.6613  1.6532  6.3746  6.4827  1.6456  3.4984  3.2158  1.9604  1.9092  1.8089  5.6246  0.6474  5.1654  4.2145  5.638  1.4526  3.1755  4.0281  0.5779  1.4719  0.377  4.083  0.2716  0.7456  2.7649  0.162  1.039  3.2941  
trainID = 1190  28.9808  5.6428  4.2594  1.1281  2.9535  0.2799  0.1758  34.1431  1.2516  4.6072  0.2329  5.4239  6.5578  2.1383  1.9282  3.496  4.4624  3.325  4.4605  1.6731  0.9893  5.256  9.5352  10.9435  3.1364  5.4128  3.6157  3.4255  0.1045  3.9183  2.8214  2.1146  3.364  0.8834  1.8038  4.8374  1.1293  0.904  1.7974  
TrainID = 209  dbValue = 2.11224  nTestCell = 41  nTrainCell = 38  nDiff = 3  (X,Y) = (2005, 2525)  Position Error = 124.68
TrainID = 935  dbValue = 2.15345  nTestCell = 41  nTrainCell = 40  nDiff = 1  (X,Y) = (1985, 2425)  Position Error = 25
TrainID = 1128  dbValue = 2.99185  nTestCell = 41  nTrainCell = 41  nDiff = 0  (X,Y) = (1975, 2375)  Position Error = 31.0644
TrainID = 808  dbValue = 3.14674  nTestCell = 41  nTrainCell = 40  nDiff = 1  (X,Y) = (2005, 2375)  Position Error = 29.0689
TrainID = 391  dbValue = 3.27319  nTestCell = 41  nTrainCell = 39  nDiff = 2  (X,Y) = (1955, 2395)  Position Error = 37.4833
TrainID = 965  dbValue = 3.30496  nTestCell = 41  nTrainCell = 39  nDiff = 2  (X,Y) = (1925, 2405)  Position Error = 67.1193
TrainID = 312  dbValue = 3.37526  nTestCell = 41  nTrainCell = 38  nDiff = 3  (X,Y) = (1965, 2395)  Position Error = 27.6586
TrainID = 608  dbValue = 3.44025  nTestCell = 41  nTrainCell = 39  nDiff = 2  (X,Y) = (1965, 2355)  Position Error = 53.3385
TrainID = 926  dbValue = 3.47049  nTestCell = 41  nTrainCell = 38  nDiff = 3  (X,Y) = (1995, 2355)  Position Error = 46.0977
TrainID = 344  dbValue = 3.47671  nTestCell = 41  nTrainCell = 39  nDiff = 2  (X,Y) = (1925, 2415)  Position Error = 68.4471
TrainID = 1051  dbValue = 3.47732  nTestCell = 41  nTrainCell = 39  nDiff = 2  (X,Y) = (1915, 2375)  Position Error = 81.2712
TrainID = 1011  dbValue = 3.47769  nTestCell = 41  nTrainCell = 38  nDiff = 3  (X,Y) = (1925, 2525)  Position Error = 140.943
TrainID = 816  dbValue = 3.48686  nTestCell = 41  nTrainCell = 40  nDiff = 1  (X,Y) = (1895, 2445)  Position Error = 106.513
TrainID = 943  dbValue = 3.51988  nTestCell = 41  nTrainCell = 39  nDiff = 2  (X,Y) = (1945, 2385)  Position Error = 49.6488
TrainID = 897  dbValue = 3.52153  nTestCell = 41  nTrainCell = 39  nDiff = 2  (X,Y) = (1955, 2395)  Position Error = 37.4833
TrainID = 741  dbValue = 3.53778  nTestCell = 41  nTrainCell = 39  nDiff = 2  (X,Y) = (1895, 2445)  Position Error = 106.513
TrainID = 549  dbValue = 3.75034  nTestCell = 41  nTrainCell = 40  nDiff = 1  (X,Y) = (1895, 2365)  Position Error = 103.465
TrainID = 1036  dbValue = 3.86727  nTestCell = 41  nTrainCell = 40  nDiff = 1  (X,Y) = (1915, 2365)  Position Error = 85
TrainID = 430  dbValue = 4.13  nTestCell = 41  nTrainCell = 39  nDiff = 2  (X,Y) = (1895, 2315)  Position Error = 129.634
TrainID = 801  dbValue = 4.20365  nTestCell = 41  nTrainCell = 38  nDiff = 3  (X,Y) = (1885, 2455)  Position Error = 119.854
TrainID = 582  dbValue = 4.20783  nTestCell = 41  nTrainCell = 40  nDiff = 1  (X,Y) = (1845, 2395)  Position Error = 147.122
TrainID = 1170  dbValue = 4.24801  nTestCell = 41  nTrainCell = 38  nDiff = 3  (X,Y) = (1915, 2315)  Position Error = 115.434
TrainID = 941  dbValue = 4.25043  nTestCell = 41  nTrainCell = 40  nDiff = 1  (X,Y) = (1855, 2355)  Position Error = 144.516
TrainID = 1120  dbValue = 4.41189  nTestCell = 41  nTrainCell = 40  nDiff = 1  (X,Y) = (1875, 2305)  Position Error = 151.344
TrainID = 409  dbValue = 4.62027  nTestCell = 41  nTrainCell = 39  nDiff = 2  (X,Y) = (1885, 2305)  Position Error = 143.753
TrainID = 1024  dbValue = 4.63412  nTestCell = 41  nTrainCell = 40  nDiff = 1  (X,Y) = (1805, 2415)  Position Error = 187.523
TrainID = 1035  dbValue = 4.6668  nTestCell = 41  nTrainCell = 40  nDiff = 1  (X,Y) = (1995, 2325)  Position Error = 76.0592
TrainID = 308  dbValue = 4.67039  nTestCell = 41  nTrainCell = 38  nDiff = 3  (X,Y) = (1855, 2505)  Position Error = 172.003
TrainID = 1190  dbValue = 4.6952  nTestCell = 41  nTrainCell = 39  nDiff = 2  (X,Y) = (1855, 2505)  Position Error = 172.003
TrainID = 382  dbValue = 4.73229  nTestCell = 41  nTrainCell = 40  nDiff = 1  (X,Y) = (1815, 2365)  Position Error = 180.624
TrainID = 250  dbValue = 4.76002  nTestCell = 41  nTrainCell = 39  nDiff = 2  (X,Y) = (1825, 2475)  Position Error = 182.661
TrainID = 247  dbValue = 4.86006  nTestCell = 41  nTrainCell = 38  nDiff = 3  (X,Y) = (1865, 2575)  Position Error = 215.418
TrainID = 707  dbValue = 4.94622  nTestCell = 41  nTrainCell = 41  nDiff = 0  (X,Y) = (1955, 2325)  Position Error = 84.5281
TrainID = 453  dbValue = 4.96506  nTestCell = 41  nTrainCell = 39  nDiff = 2  (X,Y) = (1895, 2305)  Position Error = 136.473
TrainID = 254  dbValue = 5.08669  nTestCell = 41  nTrainCell = 38  nDiff = 3  (X,Y) = (1845, 2495)  Position Error = 174.485
TrainID = 983  dbValue = 5.12833  nTestCell = 41  nTrainCell = 39  nDiff = 2  (X,Y) = (1795, 2405)  Position Error = 197.041
TrainID = 1136  dbValue = 5.22133  nTestCell = 41  nTrainCell = 38  nDiff = 3  (X,Y) = (1865, 2565)  Position Error = 207.425
TrainID = 1054  dbValue = 5.27224  nTestCell = 41  nTrainCell = 39  nDiff = 2  (X,Y) = (1795, 2355)  Position Error = 202.299
TrainID = 213  dbValue = 5.49759  nTestCell = 41  nTrainCell = 39  nDiff = 2  (X,Y) = (1835, 2525)  Position Error = 200.062
TrainID = 524  dbValue = 5.53128  nTestCell = 41  nTrainCell = 40  nDiff = 1  (X,Y) = (1995, 2305)  Position Error = 96.0469
TrainID = 875  dbValue = 5.53584  nTestCell = 41  nTrainCell = 41  nDiff = 0  (X,Y) = (1935, 2295)  Position Error = 120.354
TrainID = 733  dbValue = 5.7312  nTestCell = 41  nTrainCell = 39  nDiff = 2  (X,Y) = (1825, 2545)  Position Error = 220.511
TrainID = 946  dbValue = 5.8438  nTestCell = 41  nTrainCell = 38  nDiff = 3  (X,Y) = (1795, 2595)  Position Error = 276.487
TrainID = 667  dbValue = 6.05583  nTestCell = 41  nTrainCell = 38  nDiff = 3  (X,Y) = (1825, 2555)  Position Error = 227.167
TrainID = 754  dbValue = 6.39975  nTestCell = 41  nTrainCell = 40  nDiff = 1  (X,Y) = (1915, 2255)  Position Error = 165.061
TrainID = 285  dbValue = 6.46802  nTestCell = 41  nTrainCell = 40  nDiff = 1  (X,Y) = (1915, 2245)  Position Error = 173.968
TrainID = 868  dbValue = 6.70591  nTestCell = 41  nTrainCell = 40  nDiff = 1  (X,Y) = (1985, 2235)  Position Error = 166.148
TrainID = 414  dbValue = 6.89058  nTestCell = 41  nTrainCell = 39  nDiff = 2  (X,Y) = (1845, 2245)  Position Error = 214.348
TrainID = 331  dbValue = 6.98961  nTestCell = 41  nTrainCell = 40  nDiff = 1  (X,Y) = (1965, 2225)  Position Error = 178.059
TrainID = 1131  dbValue = 7.43212  nTestCell = 41  nTrainCell = 40  nDiff = 1  (X,Y) = (1985, 2205)  Position Error = 196.125
TrainID = 173  dbValue = 7.4651  nTestCell = 41  nTrainCell = 38  nDiff = 3  (X,Y) = (1875, 2235)  Position Error = 203.089
TrainID = 435  dbValue = 7.95272  nTestCell = 41  nTrainCell = 38  nDiff = 3  (X,Y) = (1885, 2225)  Position Error = 205.973
TrainID = 1052  dbValue = 9.00565  nTestCell = 41  nTrainCell = 38  nDiff = 3  (X,Y) = (1905, 2145)  Position Error = 270.379
TrainID = 1033  dbValue = 9.36417  nTestCell = 41  nTrainCell = 38  nDiff = 3  (X,Y) = (1905, 2135)  Position Error = 279.866
TrainID = 149  dbValue = 9.48962  nTestCell = 41  nTrainCell = 38  nDiff = 3  (X,Y) = (1935, 2155)  Position Error = 252.517
TrainID = 153  dbValue = 9.6098  nTestCell = 41  nTrainCell = 38  nDiff = 3  (X,Y) = (1935, 2145)  Position Error = 262.269
