trainID = 360  2.4199  0.5106  3.8867  1.5964  3.7542  3.1682  2.9316  0.5653  1.0106  4.6022  2.5862  0.447  4.5069  2.6475  0.906  2.6895  5.4008  4.5653  0.313  2.6497  3.7572  1.913  3.9437  3.0843  0.3875  16.8386  9.66  0.4345  0.481  7.7887  1.429  1.775  4.3648  1.5536  4.9137  4.0426  0.6434  1.9296  4.7264  3.094  0.294  2.682  2.5881  
trainID = 372  3.0069  0.5693  0.1698  1.096  1.1276  1.3976  3.0976  0.2179  1.6764  2.7142  0.212  3.0712  0.2517  0.0482  0.7946  2.8695  2.0837  0.8806  2.9134  0.5322  0.7818  0.1  0.3866  2.1417  3.3405  8.4078  1.0511  3.6851  2.4264  0.4377  0.4795  0.232  1.591  0.3307  0.971  1.1173  0.1568  1.5016  1.4409  3.3309  1.193  0.688  1.9183  
trainID = 373  3.6534  5.6336  0.8967  10.4979  2.9498  3.302  2.1718  2.8325  2.9534  2.2132  1.539  1.32  1.9789  4.5047  0.3298  16.5954  10.9078  13.5879  1.6832  0.4896  8.1469  2.8018  1.8821  4.4636  0.9302  9.2527  14.5095  2.4515  0.9178  5.458  0.648  5.772  2.4558  1.3651  0.9391  3.7587  3.0716  3.9102  3.7638  33.9558  
trainID = 386  2.5105  0.4854  1.2491  3.0006  1.4215  0.23  1.4446  0.7398  1.8116  2.252  1.338  2.985  1.134  0.2334  1.0009  0.5091  4.3566  0.9475  0.9903  2.7707  0.0419  4.317  0.1246  2.2052  1.8449  2.1185  2.0036  0.527  2.8716  1.3665  0.3675  2.301  1.2465  2.3993  0.0001  0.1395  2.144  0.1695  0.2462  0.448  3.4512  2.0836  
trainID = 404  1.3653  5.3882  1.6697  9.6495  2.1183  1.8941  0.0865  2.8466  1.7461  3.0521  0.318  1.022  2.0333  4.6765  0.0727  6.4638  4.37  4.5335  3.5057  3.131  3.1503  0.747  4.4768  4.2749  4.4661  5.8366  12.7874  0.8828  2.7611  4.5544  0.501  2.8231  3.4469  1.9115  1.2711  2.095  0.9375  0.6885  1.9162  0.594  1.459  1.3094  
trainID = 475  0.1633  4.1207  2.6682  1.6896  1.918  2.1506  1.6171  3.551  1.189  5.955  3.4152  3.2995  2.2582  8.3539  3.8543  2.135  4.0947  2.2984  0.502  1.1942  2.4938  2.7822  21.4955  4.8309  14.2145  0.9056  9.9343  0.3323  2.878  4.8319  1.4219  8.4211  1.9388  0.7322  5.5155  3.3549  5.8452  1.5568  4.4117  1.5968  
trainID = 488  4.0098  1.6224  1.0977  0.893  2.4333  0.9327  4.9636  1.7295  0.3051  1.7912  0.152  2.239  2.6586  3.0155  1.164  1.6711  5.0181  0.974  0.404  0.0349  2.6607  0.035  1.7258  1.245  0.8221  12.1481  2.6582  3.5275  1.1208  2.458  0.8788  1.862  2.3386  1.4822  4.3952  0.2186  0.3761  2.4763  2.523  0.7807  0.153  2.116  2.896  
trainID = 500  3.7158  1.185  0.7557  1.2  0.9838  0.2055  1.7786  1.1347  0.9326  1.5563  2.9464  2.649  1.6135  0.6377  3.8487  0.4657  2.3431  1.9519  1.1782  0.4645  0.0328  1.313  0.6685  0.4571  1.7737  4.9618  2.1523  2.8755  2.9703  3.5268  1.543  0.6132  0.9181  0.2915  1.9136  0.4706  0.1897  1.4255  1.455  1.7189  
trainID = 504  0.035  5.3589  1.5617  7.2806  1.56  0.0153  1.2572  1.9269  2.0937  0.6903  0.638  0.42  0.1056  3.0093  0.993  5.5234  2.6919  3.0744  2.1689  6.2633  4.4474  0.1893  2.6592  4.4088  6.9849  5.1124  12.6273  3.2259  1.2109  4.5089  2.2668  2.2654  4.5595  1.2826  0.403  3.2415  0.0551  0.4489  0.3204  0.966  2.945  4.8738  
trainID = 515  2.9687  5.6915  1.9427  6.7271  0.3265  1.0603  0.7705  0.0239  2.7741  1.9748  0.143  2.6708  0.8985  4.0285  1.4111  12.3622  7.4758  7.3498  1.4682  0.8844  6.8839  2.6002  2.7188  2.2509  0.2976  7.0395  11.0332  0.4929  1.9974  5.2278  2.07  2.9051  3.6343  1.5355  0.6931  3.0903  1.0213  0.2017  3.6445  0.229  1.798  2.8281  
trainID = 584  0.2988  1.7122  1.0237  0.7152  1.4758  0.3405  1.8406  2.2894  1.4855  0.6419  0.338  3.2679  3.9447  0.6963  4.3986  3.7407  0.6963  0.4152  1.8463  0.1565  1.8553  1.4633  1.2003  0.8068  2.4512  0.8754  3.2282  0.9043  3.5694  3.343  3.185  1.2969  4.1315  0.7045  0.0092  0.3987  2.0356  2.6242  1.1951  1.262  2.002  0.4025  
trainID = 602  0.4411  0.3822  2.3357  5.4697  1.3927  1.9199  2.1966  0.6707  0.0565  2.8215  0.452  1.453  0.3272  1.3198  0.1438  2.9963  1.3923  0.1626  3.391  4.5583  0.6838  0.133  0.7673  0.3056  1.1555  9.8524  3.207  11.8756  1.7706  1.618  2.5594  1.758  0.4375  0.818  4.3628  0.6471  3.3629  1.7774  1.3649  1.8646  0.158  1.921  1.4451  
trainID = 610  3.343  7.2241  1.7517  9.5431  2.4187  0.0983  0.8975  1.6406  1.6839  1.855  1.978  2.7181  1.4232  6.133  0.6121  7.782  1.2381  7.5257  5.3148  2.92  4.1667  3.018  2.1482  6.7631  2.7739  7.2861  15.4848  0.0656  0.6342  5.1207  0.881  2.0484  4.5575  0.3864  0.4591  4.7151  0.996  2.4902  2.6848  0.646  2.302  2.4374  
trainID = 648  0.8447  5.5388  2.5747  10.657  3.4017  0.8895  0.0259  3.6914  2.3621  36.0726  0.7306  4.872  1.8355  7.739  3.3568  4.9926  4.8277  4.1072  7.0663  1.753  2.3876  3.6596  6.3274  7.5356  15.742  1.7895  0.5009  9.3536  2.8594  2.8266  5.6456  2.0622  0.5351  5.6235  1.3188  0.6398  2.4568  0.108  3.4454  2.3525  
trainID = 660  3.0804  4.7009  1.1287  9.1878  1.7684  1.578  1.7654  0.5141  1.3849  2.4359  0.512  0.15  3.1604  3.3215  0.6341  14.1184  8.665  13.3756  5.1887  3.2314  7.6838  4.6322  5.0538  5.1991  1.5523  5.974  14.3061  0.4137  3.0234  4.111  0.7928  4.4812  6.1758  3.0526  0.9091  2.2622  0.3175  3.6452  2.9136  33.5988  
trainID = 669  2.2986  1.2546  3.1082  1.8536  3.6467  2.3756  4.1593  0.837  3.3829  9.2683  4.3495  0.9399  3.4548  6.5525  2.6934  2.5708  3.252  4.6055  1.18  4.6986  0.3199  0.678  29.4668  12.0667  7.0031  0.6135  9.0302  4.1963  2.29  3.1859  2.0406  4.761  5.4489  0.9776  3.1485  3.0527  5.3114  1.5597  5.1057  2.9873  
trainID = 687  2.7685  6.8435  0.5467  7.0138  1.4454  2.491  0.5811  3.1635  0.3502  1.7352  2.981  3.2424  1.3691  4.2035  2.9377  5.8062  1.3088  4.1372  2.3125  3.7837  2.1613  0.5458  2.6107  3.3384  4.3288  6.6473  15.5324  3.3026  1.6254  8.7402  0.155  0.6773  5.9123  0.9211  1.2201  4.3114  1.6073  0.0048  0.2105  1.553  2.846  1.4296  
trainID = 737  1.8443  8.9513  2.7207  11.5831  4.4078  1.408  4.4039  2.8515  3.0228  36.6626  0.9595  4.4014  3.1695  27.2338  4.4385  9.5194  3.4761  0.8404  11.7334  3.7236  2.8029  7.5961  1.5111  10.0609  18.503  3.9171  1.479  6.3179  0.643  3.3096  7.5417  0.2855  0.1602  4.9065  0.3936  3.1792  1.9543  1.965  1.336  0.5679  
trainID = 753  2.675  3.404  0.6214  0.9771  0.0584  1.1856  3.4525  0.764  3.5337  3.8103  0.7749  0.6454  0.4224  2.6281  3.0207  1.8702  0.1371  2.6354  1.553  3.5696  2.8315  3.2863  18.4008  5.5806  12.4034  3.6151  7.3394  0.4479  1.758  3.6767  0.0957  5.0537  3.9066  3.4875  3.7864  2.4053  3.1633  1.249  1.976  2.1078  
trainID = 775  3.047  0.2635  2.0587  3.6414  0.6368  2.1292  1.9316  0.4158  0.8986  2.5526  0.164  2.413  4.3154  0.6373  2.3184  0.6256  4.0727  2.4485  0.4028  0.8833  4.4104  1.284  1.6443  0.2406  2.3822  12.9497  7.9297  3.3993  0.9048  4.9624  2.1904  0.884  2.392  1.9363  3.2097  3.5565  0.1641  1.689  2.3436  1.0783  0.143  0.231  0.822  
trainID = 783  0.7189  4.4528  1.0727  8.7088  3.3562  0.0775  1.4902  1.8517  3.2847  1.9305  1.996  0.726  0.2398  6.5741  0.2244  4.0345  2.9934  6.5669  4.6399  2.503  4.3851  0.7496  4.5848  4.4153  3.6103  6.0179  15.5603  3.7784  1.0936  4.3187  0.247  0.8324  5.7332  1.6073  0.0265  4.0553  0.6603  1.3676  0.9742  0.34  0.986  1.3067  
trainID = 788  1.7269  2.6385  2.6827  5.9358  0.1068  1.4018  2.2946  0.7502  0.0882  1.5236  0.651  0.036  0.7414  3.0692  0.0552  2.9586  0.5804  0.3792  2.4219  3.9529  0.129  0.2476  0.9807  5.6011  6.4288  1.5402  11.6473  4.5055  1.5016  5.0419  1.6326  2.1772  6.5648  0.4868  0.6137  0.5477  0.2868  1.2651  0.8986  2.25  2.994  4.4282  
trainID = 797  2.3896  2.8495  1.9737  9.0671  1.7624  0.0057  0.442  1.8835  0.6261  3.1871  0.194  0.185  0.0546  5.5547  1.9244  4.6422  2.0424  2.3969  1.854  2.7032  2.6639  0.2471  2.9165  1.937  7.6293  2.7077  12.4508  3.6363  1.727  4.9078  0.7022  0.6344  3.8599  2.3465  0.9811  2.3029  1.0064  1.2853  0.9085  1.318  3.3238  4.0459  
trainID = 846  2.3198  2.6152  2.1057  5.5436  2.2987  0.484  1.1111  0.4697  0.075  2.7335  0.553  0.418  2.3938  4.6792  1.6198  0.5674  0.9425  0.2996  2.6132  3.811  1.5961  0.2406  3.3454  3.279  10.6739  1.9667  16.091  2.6512  0.6173  3.7768  2.2109  0.7112  2.9902  2.9888  0.8411  2.6088  0.5131  0.2227  0.7289  0.708  2.842  0.1307  
trainID = 847  2.2064  7.4813  0.9084  11.4295  2.6668  1.2296  1.2808  3.5191  3.5581  1.3657  0.9081  2.358  1.1827  3.5642  0.4319  16.3158  8.0141  18.2679  2.1777  0.1997  10.2044  2.2872  4.1498  1.3949  1.0722  8.5295  12.4127  1.4177  3.2385  5.4774  0.08  6.2472  5.6797  2.2661  0.6071  3.4565  0.0549  1.556  0.6892  32.7588  
trainID = 861  0.6918  3.5483  0.4794  4.8163  3.3988  0.6602  0.6622  0.6612  1.1526  2.57  1.213  2.1  4.4802  1.718  3.377  6.8736  1.877  0.7934  1.7123  1.5834  4.982  0.197  0.3034  2.7913  2.1368  2.6873  2.5434  7.2483  1.4999  3.7894  0.9021  1.958  4.4756  5.9411  0.9226  1.5751  0.5007  0.9428  0.2117  0.4074  2.153  1.343  0.9983  
trainID = 882  2.5048  8.4723  2.6527  13.4299  3.1801  3.2134  3.7814  4.8279  7.0755  0.7163  2.077  0.816  0.6531  4.7732  1.0259  23.2061  18.8871  21.0407  6.8936  1.3281  12.4701  4.2569  2.5748  5.4171  0.7241  9.3688  14.09  0.0519  1.925  5.2166  0.4878  3.3632  4.3704  0.7548  1.9901  3.2217  4.2116  0.6426  4.8783  4.86  1.517  0.7771  
trainID = 891  5.4674  1.0559  4.6807  3.1656  3.1106  4.1792  2.8196  3.6539  2.7606  1.6968  0.057  3.1872  6.5822  5.6376  0.2002  2.5861  5.8986  4.6556  0.507  4.2388  4.5348  4.053  5.3902  0.2041  1.2563  25.0254  18.7925  11.2259  0.5385  8.0358  3.9566  0.419  3.1342  0.5628  7.2463  4.2001  0.3998  2.4905  5.4494  2.656  0.9435  3.648  0.4725  
trainID = 905  0.6507  6.9289  1.6167  15.7647  6.3134  1.1123  3.0862  2.4334  2.8294  37.6556  0.7989  6.416  2.9998  23.8978  2.0176  11.2651  7.4595  3.957  8.4338  4.7335  5.9618  5.1181  3.9386  9.7306  20.5484  2.6987  0.9241  7.1551  1.89  2.4841  8.1939  1.1032  2.0281  5.1798  0.6018  0.4171  3.4023  0.034  3.4326  2.9759  
trainID = 947  2.5751  0.7541  1.4587  4.2769  0.4105  0.4475  0.4962  0.5496  0.18  0.1375  1.429  2.658  0.6772  6.1611  1.5425  4.0438  0.9111  1.1196  1.5293  2.1207  2.269  0.139  1.4074  2.2817  1.3677  3.7554  2.6323  7.667  1.4621  2.4867  3.5183  2.611  2.0895  3.6415  1.1505  1.9023  0.8475  2.3431  2.1848  0.2622  1.411  2.082  0.1225  
trainID = 1015  1.524  3.5945  1.8697  11.3037  0.4734  2.054  2.1349  2.7193  3.7734  0.9407  1.438  0.266  2.4785  5.5392  0.5212  13.2209  7.1975  11.2944  2.6704  1.8346  7.5212  1.3771  3.7588  3.105  0.0767  8.3765  13.4764  1.4759  3.8814  3.2494  0.55  5.0416  4.7398  1.479  3.3261  5.416  2.8256  0.9226  0.0993  0.376  1.785  4.3241  
trainID = 1042  2.5504  6.0712  0.4687  13.7617  0.6004  2.0027  0.3745  3.2142  3.8461  2.9767  0.554  1.23  2.3928  4.8071  0.366  21.5404  12.4184  20.399  3.4667  1.4608  9.7319  2.9259  1.9334  4.8471  2.3043  8.6212  13.6934  1.2202  2.405  4.8805  1.708  5.423  4.3828  2.0359  0.6391  4.6472  3.2776  2.4762  1.7888  32.8808  
trainID = 1068  3.0743  6.9263  3.2857  13.098  3.6751  2.4126  2.6032  2.3596  5.5676  37.8606  1.3345  4.4123  1.312  20.722  12.0892  16.8903  5.5426  0.621  9.8008  2.9389  4.0018  4.8711  0.5383  7.6872  18.9929  3.1024  1.8534  1.701  0.85  3.4266  5.6445  1.1437  5.2081  4.1893  0.5087  2.4382  2.3755  0.85  1.287  1.596  
trainID = 1074  0.516  3.4775  1.3997  8.9723  0.8481  1.1728  0.0934  0.5296  0.2465  0.1534  1.3723  2.438  0.1355  4.5153  2.3849  8.0779  4.525  7.9071  2.1007  1.8746  5.6748  2.6723  1.5196  2.8571  2.1827  6.3314  12.2679  1.9968  2.9414  4.6049  0.632  1.7972  5.3375  2.25  2.4411  4.6236  0.0572  1.2941  0.1163  0.616  4.2345  3.5378  
trainID = 1144  0.334  1.2424  0.8157  6.2274  0.4062  0.135  1.1105  1.262  1.6591  0.1817  1.105  2.373  0.3486  2.773  2.7018  5.5356  2.3286  4.2355  1.191  0.3077  3.9302  0.6781  0.049  3.2966  3.5724  4.1257  7.1835  0.0121  3.1421  1.1731  0.548  4.4591  4.2393  0.1798  2.1381  0.2956  1.133  1.9262  0.1072  2.569  2.341  0.6479  
trainID = 1167  0.5089  3.6957  1.9082  2.7316  1.4695  0.6068  2.7122  0.528  0.545  5.3888  1.3442  3.3288  2.1622  6.938  5.2279  0.753  0.943  8.2695  0.482  0.8118  0.867  1.1892  20.5596  3.6997  15.002  2.1523  8.472  0.63  1.206  2.7601  0.3607  5.1167  3.2289  3.8488  3.3928  3.5232  3.3523  1.5778  5.5566  1.8516  
trainID = 1195  1.7939  4.3618  1.271  8.7527  1.3507  0.5678  2.5648  0.4673  2.642  0.9208  1.186  3.2942  2.3401  3.5206  1.4297  12.5067  9.7169  13.2964  5.9175  1.8263  8.005  1.6269  3.7888  5.1941  1.1551  7.2897  12.4676  0.4986  4.251  4.4943  0.6216  4.3469  6.4235  1.6155  1.4981  5.3338  1.0676  1.3222  1.4825  0.43  0.304  0.8858  
trainID = 1199  0.4494  2.3911  0.6677  5.3829  0.1841  0.5231  0.3186  2.9743  0.7146  1.712  0.397  2.45  1.9258  5.0561  1.4478  4.6653  1.6358  3.2562  2.5385  3.1132  1.889  0.3384  3.184  3.4439  3.0981  4.2302  9.332  2.0793  3.1549  2.3283  1.0037  2.492  4.3977  2.5845  0.6166  1.0473  1.6406  1.7046  1.1467  1.721  3.052  2.4951  
trainID = 1291  4.0826  1.7463  2.3672  0.7453  1.4375  0.085  3.3374  0.24  0.449  2.5178  3.3004  1.5017  1.7072  2.7616  0.4093  1.0077  4.6172  0.0285  0.004  1.6683  1.2893  4.2513  12.5041  2.1756  17.3111  4.2107  3.5751  5.4862  0.7919  2.3241  3.2703  5.3289  2.0177  2.587  2.7201  0.7181  1.5783  1.4632  5.2264  4.1931  
trainID = 1425  0.8236  1.2592  2.0477  1.34  1.7256  0.1125  2.7236  0.9599  1.0336  1.384  0.196  2.7958  0.4674  0.6309  1.1141  0.3941  4.1722  0.347  1.9288  1.9568  0.0793  0.53  3.9484  0.6629  1.1849  9.8369  0.1781  1.1573  1.7271  4.5315  0.9863  1.662  3.2536  2.0943  0.4117  2.4352  0.8346  0.043  0.404  1.6126  0.643  4.0118  0.2541  
trainID = 1495  1.3666  2.8502  2.8332  3.7476  4.3203  2.0666  2.7724  1.843  0.574  8.379  0.9039  1.3151  2.8008  5.5299  4.6977  0.7886  2.8784  3.7374  0.524  0.5924  0.6888  3.4941  24.1085  5.9901  13.5234  0.6656  9.3596  4.3901  0.222  5.4141  0.1713  8.0267  3.7314  2.579  4.9536  3.541  3.8216  0.238  2.174  2.3225  
trainID = 1557  0.3552  2.9804  2.0097  4.7384  4.1739  0.1961  0.6452  1.2612  1.7661  1.7275  0.822  0.532  3.1263  5.3729  0.006  4.1905  0.1937  2.8595  3.3105  4.424  1.6076  1.8929  3.8628  1.6028  10.9446  2.1958  15.8397  2.9092  0.0047  6.2678  0.112  0.0249  4.1231  2.0694  0.7601  4.0121  0.0805  0.5326  0.2005  1.198  3.5276  2.8145  
trainID = 1632  3.752  0.4857  2.1817  0.9019  1.8727  1.4894  1.2769  0.7802  0.3326  2.7319  0.173  0.262  4.0429  1.0554  1.0648  1.8134  4.3516  2.301  1.8704  4.9161  1.1204  1.211  1.1732  0.1672  1.315  19.6638  6.2905  9.128  2.3864  8.1094  1.3981  0.562  3.5789  1.7579  3.7285  3.5648  2.6946  3.3601  1.9996  3.1972  1.577  3.1873  3.5204  
trainID = 1700  0.4217  5.5576  3.0902  3.3736  0.8583  2.0936  1.7657  0.67  3.4688  8.4111  2.8287  3.5772  2.0533  5.3709  1.8875  0.378  2.0396  3.8749  0.185  3.5204  1.7438  2.8575  26.8788  7.7106  8.7455  2.0606  7.637  3.3272  0.059  3.0771  2.0987  5.9158  2.9406  0.4628  3.0659  6.4136  3.515  0.273  2.933  1.284  
trainID = 1784  1.7883  1.2436  1.7617  1.8476  1.1215  0.1973  4.2626  0.704  0.808  9.418  3.2963  3.1152  0.8866  7.1344  2.6717  2.4976  2.8466  3.519  1.326  1.5349  0.0573  0.2488  23.327  6.5739  12.6238  3.0241  9.8302  4.9479  0.32  3.6028  1.7813  7.2346  4.7919  4.6097  3.0542  2.072  5.3299  0.9029  3.3334  0.1407  
trainID = 1873  1.8637  0.5075  1.7747  0.2501  2.445  0.385  1.7626  1.8054  1.2886  3.0384  0.644  0.36  3.8044  2.1463  1.1273  0.9507  3.6549  1.8603  0.4983  0.2894  1.4249  1.7843  1.2224  3.4666  9.9474  4.6797  5.3773  1.2396  4.6805  0.2764  2.874  1.0232  0.274  3.448  2.1584  0.7518  1.2036  2.9542  0.5473  0.02  0.923  1.6269  
trainID = 1904  5.494  1.987  4.0847  0.6433  2.043  3.1932  0.9297  0.1731  1.3616  2.3994  0.396  1.882  3.454  3.4222  0.8019  1.577  3.1343  1.9002  0.805  4.2297  3.4928  0.317  3.9132  0.6003  1.2695  19.5876  5.471  7.3078  2.466  6.5747  2.1744  0.446  3.1523  0.3012  3.5981  2.834  1.4977  2.9602  3.198  4.1713  0.064  2.715  1.9805  
trainID = 1925  4.9987  0.2219  0.3907  2.2719  1.3498  0.5678  2.7576  1.6444  0.0669  3.2073  1.137  0.493  2.8109  1.2168  0.6527  0.5012  3.9894  2.6655  2.3242  2.0681  2.506  0.172  3.2104  0.6778  2.5672  17.3519  5.0532  12.208  1.2914  6.0658  0.5671  1.971  3.8672  2.6792  4.4102  2.7166  0.3478  1.8895  2.3252  2.3205  0.067  3.8744  1.2084  
trainID = 1959  3.9462  0.141  0.8027  0.9492  1.0217  3.9012  0.1273  3.3275  2.9636  2.0196  0.622  4.8347  0.9507  0.6095  0.3641  0.8194  4.1422  0.6166  0.6227  1.909  0.5446  3.3993  1.3372  1.6203  10.7718  2.0869  3.794  1.43  4.8296  1.3328  0.529  2.9179  3.2267  2.3766  7.627  0.3191  2.9405  1.1602  2.3029  0.615  2.359  1.6976  
trainID = 2018  0.5907  1.6642  2.2437  1.3622  0.8712  2.5092  2.2706  0.0424  0.4329  0.7941  0.314  2.626  3.8835  0.7503  2.9099  2.6439  0.86  1.2148  0.7734  2.0351  1.6521  2.765  2.2677  2.999  10.981  0.6634  5.172  1.3759  2.4164  0.614  1.31  1.9301  1.8976  3.5527  1.1471  1.55  1.3162  1.3384  4.3559  0.7358  1.861  4.4442  
trainID = 2022  1.5557  2.1234  1.4667  0.3227  0.2899  0.5183  1.3616  1.8356  3.1006  1.2737  0.232  3.7788  0.1078  1.0621  1.048  0.151  1.5796  0.4574  1.6784  2.8343  0.4211  2.2005  1.9755  0.4296  8.492  3.4298  0.641  1.2369  2.0745  1.1662  2.445  0.7856  2.8539  2.619  2.3014  0.1516  3.1653  2.4809  0.7529  0.759  2.726  0.7557  
trainID = 2061  3.4341  3.3557  1.5922  0.1763  1.1977  1.6847  2.4853  0.172  2.273  5.1664  1.6183  3.4619  0.2119  3.4509  2.3525  3.5287  4.169  4.4699  0.471  0.3525  1.6278  0.5753  16.7765  0.789  17.2593  1.8911  6.9317  4.2222  1.548  6.0726  2.696  5.7353  2.8301  2.8528  2.9589  2.9209  2.9856  0.582  3.936  2.3121  
trainID = 2147  0.2995  3.7615  3.6612  2.4396  3.432  1.1736  4.9969  0.439  2.414  7.4531  0.0027  3.3377  3.9174  7.1052  5.2635  0.695  5.1302  1.4039  1.092  2.9626  0.1252  1.0259  19.8165  0.4548  13.9262  3.8668  10.2502  2.265  0.6672  3.0374  0.8492  9.1338  2.425  4.6518  4.1418  4.4409  5.4983  1.51  4.4694  0.0904  
trainID = 2344  3.4964  2.4678  0.3117  2.1706  1.54  0.8756  4.524  0.582  1.393  5.4137  2.0963  1.2062  0.2886  3.1763  0.7989  0.553  1.6576  2.942  0.305  0.0653  0.0045  2.7991  16.199  2.1939  16.9456  3.2693  2.5836  1.5037  1.0609  4.4264  2.6307  3.5854  3.0545  5.6615  2.7889  2.2124  2.4429  1.3031  7.4201  1.8571  
trainID = 2462  0.3875  1.6208  4.3052  2.7056  0.9135  0.8406  3.2234  1.463  0.129  7.5686  3.1675  0.4711  0.0406  3.1796  4.6374  0.9342  2.5654  5.8055  1.077  3.661  1.4629  0.2864  23.0165  8.5855  11.2026  3.2244  9.9366  2.7874  2.434  2.6124  0.5318  5.1638  3.1467  2.7427  3.8707  2.4939  3.757  1.2664  3.2861  2.6107  
trainID = 2528  0.0306  0.6308  2.6597  4.4249  1.6854  2.5152  1.0277  0.0473  0.1717  1.0674  0.9632  0.985  2.5968  3.4965  1.7062  0.1102  1.007  0.4346  1.7925  5.2059  0.3718  0.1723  3.5668  0.9295  9.7295  0.7047  14.2381  2.4644  2.0275  3.8781  0.3025  1.3228  3.6442  2.2212  2.0722  4.8944  0.5975  1.3177  0.7613  0.7563  5.852  2.2239  
trainID = 2627  5.1577  4.6525  1.017  1.3576  0.1461  0.7866  2.8398  0.9436  0.19  3.275  5.1591  2.4881  0.1159  3.004  0.6194  3.101  5.6261  2.9974  1.043  0.3711  3.2241  1.416  13.167  0.5894  18.3473  3.7834  5.1823  4.7488  0.244  3.0387  3.4646  5.939  1.6881  5.6475  1.5834  3.1998  0.3157  0.7375  2.226  1.9301  
trainID = 2680  2.2614  1.7794  3.3097  6.9151  1.5716  1.548  0.5442  0.3246  0.17  2.9285  2.1787  0.858  1.7877  2.4038  0.0318  4.0544  1.0566  1.7714  1.2994  4.4342  0.0302  0.9505  2.6577  2.6814  11.5097  0.0586  12.1734  3.2428  3.2821  2.349  1.5552  1.1028  2.6104  3.7476  1.9972  4.0595  1.0458  1.7875  2.8372  0.062  4.4213  3.195  
trainID = 2693  0.9826  0.7483  3.9797  3.6823  2.546  1.2586  2.0206  0.7807  0.3576  2.4835  0.653  1.75  1.2182  1.0064  1.4181  0.1064  3.4744  0.2302  0.7169  1.9826  0.1702  1.3581  1.0155  0.0678  10.8977  0.0137  10.3132  3.0412  5.9057  0.8041  1.603  4.2128  1.95  5.025  2.1391  1.5041  1.7656  0.8951  2.557  1.49  4.2643  0.8881  
trainID = 2717  0.5561  0.4456  2.3587  1.8966  2.9517  2.5012  2.5996  0.0714  0.8146  2.4769  0.781  1.34  0.8096  0.454  0.6389  1.4501  2.1989  1.8025  0.8445  1.0186  2.2634  0.5372  1.957  2.1719  10.5227  2.246  5.2472  0.2712  3.0909  1.5915  0.555  3.4881  3.6531  3.4043  3.5299  3.3632  2.4413  1.1381  1.5261  0.335  3.6084  0.1148  
trainID = 2725  2.78  0.9631  0.6857  4.8091  0.2983  0.469  0.97  1.2866  0.0104  1.6614  1.2135  2.552  0.0438  0.1517  3.4209  0.864  5.962  0.0087  1.0316  0.2337  0.7598  1.265  0.3292  0.7304  1.7804  5.5219  2.0123  4.8225  0.8161  0.4061  0.8129  2.411  0.388  1.5469  0.7906  2.0893  0.3438  0.596  0.4747  0.6266  1.587  1.915  1.2645  
trainID = 2805  1.4794  4.0592  3.9962  3.3986  2.7965  2.6806  4.493  3.459  0.719  7.9233  1.8488  3.9293  4.6847  7.4373  4.0313  0.9947  5.3305  5.0845  0.242  0.7881  1.4552  1.8079  19.7407  2.9843  15.6124  0.8864  12.2111  4.7119  0.39  5.5486  0.2317  9.1036  2.7341  2.7585  3.8855  6.2269  7.0267  3.1588  4.6036  1.5144  
trainID = 2899  4.8208  1.877  1.514  1.6056  0.0778  0.6778  1.1539  2.587  1.263  2.7571  4.5198  3.9233  0.4713  0.3547  0.7642  3.3736  3.7241  1.9553  1.415  0.8007  0.6353  4.9491  11.2109  1.1394  19.6338  3.4388  3.1897  8.7023  1.1105  0.0886  6.9169  2.9417  2.1152  3.2354  1.4832  1.1455  2.0014  0.582  2.583  1.9325  
trainID = 2961  4.8627  4.2717  2.4522  0.9505  1.1603  0.0842  2.6644  0.623  1.664  4.4347  2.6234  3.5976  0.2001  4.1103  3.2359  2.2692  4.215  3.4593  1.566  1.0138  1.4613  5.1221  19.7309  2.5077  20.2684  4.9486  8.6943  2.0239  0.094  4.0926  2.792  7.08  3.2633  4.277  0.8598  2.4452  3.2594  0.652  1.746  3.5383  
trainID = 2992  3.6407  4.1782  1.8417  5.4687  2.4376  0.6383  3.1056  1.7261  1.0621  1.3182  0.373  2.7877  3.6633  1.8769  0.748  0.7818  2.8834  1.3497  0.243  3.6884  0.8225  0.691  1.0355  3.2546  1.0495  13.116  0.0014  11.3957  4.9591  5.1499  1.9465  1.45  1.5146  4.2116  2.5766  1.5408  2.4969  2.52  1.1722  2.3065  1.2893  1.818  0.9622  
TrainID = 2725  dbValue = 1.45827  nTestCell = 43  nTrainCell = 43  nDiff = 0  (X,Y) = (1075, 1135)  Position Error = 46.6154
TrainID = 386  dbValue = 1.51971  nTestCell = 43  nTrainCell = 42  nDiff = 1  (X,Y) = (1055, 1135)  Position Error = 32.45
TrainID = 372  dbValue = 1.54512  nTestCell = 43  nTrainCell = 43  nDiff = 0  (X,Y) = (1075, 1145)  Position Error = 53.0377
TrainID = 500  dbValue = 1.57044  nTestCell = 43  nTrainCell = 40  nDiff = 3  (X,Y) = (1025, 1075)  Position Error = 35.1141
TrainID = 1425  dbValue = 1.62547  nTestCell = 43  nTrainCell = 43  nDiff = 0  (X,Y) = (1085, 1155)  Position Error = 67.1789
TrainID = 584  dbValue = 1.67306  nTestCell = 43  nTrainCell = 42  nDiff = 1  (X,Y) = (1055, 1065)  Position Error = 46.6154
TrainID = 2022  dbValue = 1.68193  nTestCell = 43  nTrainCell = 42  nDiff = 1  (X,Y) = (1065, 1165)  Position Error = 63.5059
TrainID = 947  dbValue = 1.93286  nTestCell = 43  nTrainCell = 43  nDiff = 0  (X,Y) = (1095, 1085)  Position Error = 62.3939
TrainID = 1873  dbValue = 1.96095  nTestCell = 43  nTrainCell = 42  nDiff = 1  (X,Y) = (1065, 1195)  Position Error = 91.3947
TrainID = 1144  dbValue = 2.0005  nTestCell = 43  nTrainCell = 42  nDiff = 1  (X,Y) = (1105, 1005)  Position Error = 123.422
TrainID = 2717  dbValue = 2.0254  nTestCell = 43  nTrainCell = 42  nDiff = 1  (X,Y) = (1095, 1175)  Position Error = 88.6172
TrainID = 602  dbValue = 2.0402  nTestCell = 43  nTrainCell = 43  nDiff = 0  (X,Y) = (1145, 1145)  Position Error = 114.162
TrainID = 488  dbValue = 2.04668  nTestCell = 43  nTrainCell = 43  nDiff = 0  (X,Y) = (1075, 1215)  Position Error = 113.547
TrainID = 2018  dbValue = 2.0747  nTestCell = 43  nTrainCell = 42  nDiff = 1  (X,Y) = (1115, 1175)  Position Error = 102.825
TrainID = 861  dbValue = 2.20649  nTestCell = 43  nTrainCell = 43  nDiff = 0  (X,Y) = (1095, 995)  Position Error = 127.016
TrainID = 2693  dbValue = 2.22089  nTestCell = 43  nTrainCell = 42  nDiff = 1  (X,Y) = (1125, 1185)  Position Error = 116.932
TrainID = 1959  dbValue = 2.23593  nTestCell = 43  nTrainCell = 42  nDiff = 1  (X,Y) = (1085, 1175)  Position Error = 82.4197
TrainID = 775  dbValue = 2.24659  nTestCell = 43  nTrainCell = 43  nDiff = 0  (X,Y) = (1065, 1215)  Position Error = 110.603
TrainID = 788  dbValue = 2.2801  nTestCell = 43  nTrainCell = 42  nDiff = 1  (X,Y) = (1135, 1125)  Position Error = 99.4636
TrainID = 2528  dbValue = 2.30017  nTestCell = 43  nTrainCell = 42  nDiff = 1  (X,Y) = (1165, 1155)  Position Error = 136.356
TrainID = 1199  dbValue = 2.35199  nTestCell = 43  nTrainCell = 42  nDiff = 1  (X,Y) = (1165, 1065)  Position Error = 135.03
TrainID = 846  dbValue = 2.36639  nTestCell = 43  nTrainCell = 42  nDiff = 1  (X,Y) = (1185, 1155)  Position Error = 155.284
TrainID = 2992  dbValue = 2.58355  nTestCell = 43  nTrainCell = 43  nDiff = 0  (X,Y) = (1125, 1175)  Position Error = 110.603
TrainID = 2680  dbValue = 2.58537  nTestCell = 43  nTrainCell = 42  nDiff = 1  (X,Y) = (1175, 1175)  Position Error = 153.405
TrainID = 797  dbValue = 2.60182  nTestCell = 43  nTrainCell = 42  nDiff = 1  (X,Y) = (1195, 1095)  Position Error = 158.534
TrainID = 1557  dbValue = 2.64939  nTestCell = 43  nTrainCell = 42  nDiff = 1  (X,Y) = (1195, 1125)  Position Error = 158.912
TrainID = 1925  dbValue = 2.66706  nTestCell = 43  nTrainCell = 43  nDiff = 0  (X,Y) = (1105, 1235)  Position Error = 144.059
TrainID = 504  dbValue = 2.75406  nTestCell = 43  nTrainCell = 42  nDiff = 1  (X,Y) = (1185, 1065)  Position Error = 154.12
TrainID = 1632  dbValue = 2.84528  nTestCell = 43  nTrainCell = 43  nDiff = 0  (X,Y) = (1095, 1245)  Position Error = 148.772
TrainID = 1904  dbValue = 2.88381  nTestCell = 43  nTrainCell = 43  nDiff = 0  (X,Y) = (1085, 1235)  Position Error = 135.768
TrainID = 1074  dbValue = 2.92207  nTestCell = 43  nTrainCell = 42  nDiff = 1  (X,Y) = (1185, 1005)  Position Error = 180.314
TrainID = 404  dbValue = 2.92461  nTestCell = 43  nTrainCell = 42  nDiff = 1  (X,Y) = (1185, 1035)  Position Error = 165.024
TrainID = 1291  dbValue = 2.92591  nTestCell = 43  nTrainCell = 40  nDiff = 3  (X,Y) = (1205, 1185)  Position Error = 184.805
TrainID = 783  dbValue = 2.95458  nTestCell = 43  nTrainCell = 42  nDiff = 1  (X,Y) = (1225, 1055)  Position Error = 195.328
TrainID = 2899  dbValue = 2.96678  nTestCell = 43  nTrainCell = 40  nDiff = 3  (X,Y) = (1215, 1175)  Position Error = 190.192
TrainID = 2344  dbValue = 2.99517  nTestCell = 43  nTrainCell = 40  nDiff = 3  (X,Y) = (1155, 1235)  Position Error = 173.358
TrainID = 515  dbValue = 3.02727  nTestCell = 43  nTrainCell = 42  nDiff = 1  (X,Y) = (1175, 955)  Position Error = 206.041
TrainID = 687  dbValue = 3.06434  nTestCell = 43  nTrainCell = 42  nDiff = 1  (X,Y) = (1215, 1065)  Position Error = 183.12
TrainID = 360  dbValue = 3.10424  nTestCell = 43  nTrainCell = 43  nDiff = 0  (X,Y) = (1045, 1255)  Position Error = 147.218
TrainID = 753  dbValue = 3.10775  nTestCell = 43  nTrainCell = 40  nDiff = 3  (X,Y) = (1115, 1275)  Position Error = 184.318
TrainID = 2627  dbValue = 3.13409  nTestCell = 43  nTrainCell = 40  nDiff = 3  (X,Y) = (1195, 1195)  Position Error = 180.369
TrainID = 2061  dbValue = 3.32818  nTestCell = 43  nTrainCell = 40  nDiff = 3  (X,Y) = (1145, 1235)  Position Error = 166.712
TrainID = 610  dbValue = 3.33729  nTestCell = 43  nTrainCell = 42  nDiff = 1  (X,Y) = (1235, 1005)  Position Error = 223.188
TrainID = 1167  dbValue = 3.46756  nTestCell = 43  nTrainCell = 40  nDiff = 3  (X,Y) = (1125, 1295)  Position Error = 206.671
TrainID = 2462  dbValue = 3.57788  nTestCell = 43  nTrainCell = 40  nDiff = 3  (X,Y) = (1095, 1285)  Position Error = 186.261
TrainID = 1195  dbValue = 3.66261  nTestCell = 43  nTrainCell = 42  nDiff = 1  (X,Y) = (1185, 935)  Position Error = 227.669
TrainID = 1015  dbValue = 3.66742  nTestCell = 43  nTrainCell = 42  nDiff = 1  (X,Y) = (1195, 955)  Position Error = 219.939
TrainID = 2961  dbValue = 3.70788  nTestCell = 43  nTrainCell = 40  nDiff = 3  (X,Y) = (1185, 1245)  Position Error = 201.675
TrainID = 1700  dbValue = 3.71064  nTestCell = 43  nTrainCell = 40  nDiff = 3  (X,Y) = (1075, 1295)  Position Error = 190.822
TrainID = 1784  dbValue = 3.74468  nTestCell = 43  nTrainCell = 40  nDiff = 3  (X,Y) = (1105, 1285)  Position Error = 189.613
TrainID = 2147  dbValue = 3.84066  nTestCell = 43  nTrainCell = 40  nDiff = 3  (X,Y) = (1145, 1305)  Position Error = 224.662
TrainID = 1495  dbValue = 3.84841  nTestCell = 43  nTrainCell = 40  nDiff = 3  (X,Y) = (1095, 1345)  Position Error = 243.994
TrainID = 475  dbValue = 3.89804  nTestCell = 43  nTrainCell = 40  nDiff = 3  (X,Y) = (1125, 1305)  Position Error = 215.761
TrainID = 891  dbValue = 4.20409  nTestCell = 43  nTrainCell = 43  nDiff = 0  (X,Y) = (1015, 1295)  Position Error = 188.29
TrainID = 669  dbValue = 4.24314  nTestCell = 43  nTrainCell = 40  nDiff = 3  (X,Y) = (1045, 1315)  Position Error = 207.155
TrainID = 2805  dbValue = 4.39921  nTestCell = 43  nTrainCell = 40  nDiff = 3  (X,Y) = (1135, 1355)  Position Error = 265.731
TrainID = 648  dbValue = 4.61272  nTestCell = 43  nTrainCell = 40  nDiff = 3  (X,Y) = (1255, 1035)  Position Error = 229.898
TrainID = 660  dbValue = 4.75  nTestCell = 43  nTrainCell = 40  nDiff = 3  (X,Y) = (1185, 915)  Position Error = 243.214
TrainID = 847  dbValue = 4.81614  nTestCell = 43  nTrainCell = 40  nDiff = 3  (X,Y) = (1195, 905)  Position Error = 257.241
TrainID = 373  dbValue = 5.01237  nTestCell = 43  nTrainCell = 40  nDiff = 3  (X,Y) = (1205, 905)  Position Error = 263.501
TrainID = 882  dbValue = 5.18393  nTestCell = 43  nTrainCell = 42  nDiff = 1  (X,Y) = (1245, 885)  Position Error = 304.948
TrainID = 1042  dbValue = 5.4081  nTestCell = 43  nTrainCell = 40  nDiff = 3  (X,Y) = (1225, 895)  Position Error = 284.1
TrainID = 737  dbValue = 5.64455  nTestCell = 43  nTrainCell = 40  nDiff = 3  (X,Y) = (1315, 945)  Position Error = 322.262
TrainID = 1068  dbValue = 5.71981  nTestCell = 43  nTrainCell = 40  nDiff = 3  (X,Y) = (1265, 925)  Position Error = 292.358
TrainID = 905  dbValue = 5.95471  nTestCell = 43  nTrainCell = 40  nDiff = 3  (X,Y) = (1315, 965)  Position Error = 312.623
