trainID = 137  5.3234  1.9446  0.8904  0.271  1.1319  1.644  35.245  1.4486  5.2555  1.852  1.0337  0.9838  1.152  0.6341  1.0129  2.3348  3.8945  4.3707  3.1244  9.2361  11.9288  9.4785  2.163  7.5353  0.6634  2.5201  2.6191  0.8188  37.0045  1.5736  2.9832  5.9087  3.0222  0.5412  2.0658  0.104  2.3236  0.9625  3.8688  2.019  1.9456  0.3947  0.053  3.4526  
trainID = 150  1.7575  1.0838  2.7414  0.506  0.8294  0.607  1.414  3.6802  1.486  1.4481  1.4699  2.0911  0.6184  2.2274  2.1879  0.5219  0.5574  2.4886  0.2459  2.1755  1.2476  0.467  1.1777  2.5132  4.028  0.9331  0.2148  1.9232  2.547  0.0657  1.3122  1.3555  2.9847  0.3516  1.6163  1.3248  1.9922  1.2823  1.0002  3.076  2.0964  0.3412  1.058  0.945  
trainID = 214  3.0823  2.3902  5.0144  0.128  2.0654  1.507  0.809  3.723  2.2348  1.1505  3.939  0.7569  1.4815  0.9023  1.0683  2.0866  1.8569  1.204  2.6494  4.9162  3.1911  3.4855  4.4537  1.4851  7.6887  1.2372  0.8825  1.4736  0.4526  0.2286  0.1248  1.4006  1.4853  5.4711  2.2028  1.6099  0.4055  0.5844  0.572  3.3121  0.9305  1.786  1.6031  0.657  
trainID = 216  3.9556  3.4399  0.1549  36.0061  34.52  0.9119  9.6726  4.2634  0.3523  2.4457  1.8885  3.1469  5.1093  1.5006  4.1416  3.8517  4.949  14.7975  18.0482  17.0037  5.0633  8.2086  4.3689  3.2501  3.7653  1.416  37.1883  1.7255  4.4556  7.3933  2.6664  2.5159  0.4255  0.4206  0.9794  2.721  3.8483  1.857  2.3032  1.982  0.859  3.1951  
trainID = 260  0.8144  0.6597  1.5154  1.233  0.2449  1.04  0.593  1.5625  3.1858  0.9893  2.5668  1.4872  0.4706  0.032  1.9312  1.1014  1.4498  3.4413  1.4476  2.0622  2.7435  0.8413  0.526  0.3074  1.4088  1.6001  0.83  1.0792  2.7847  0.9847  2.0056  0.6548  2.0285  0.5531  0.6052  0.6865  2.6206  1.3173  2.917  0.3714  0.248  0.862  0.2427  
trainID = 283  3.8411  0.3541  1.2564  1.502  1.2035  1.077  0.9172  3.4151  0.6599  0.215  0.7616  2.9429  0.971  2.5268  0.7862  1.4427  2.4572  0.6703  3.1635  2.5064  2.8696  0.1545  4.1488  1.0869  2.4071  2.5987  1.138  34.3112  0.8498  1.0863  3.3789  0.0238  2.7852  0.9778  1.9147  1.8801  0.3127  0.0041  3.6618  2.6761  1.234  1  4.7188  1.048  
trainID = 300  3.1688  3.0965  3.0384  0.365  0.871  0.688  4.5877  2.9873  0.5484  3.6898  1.4937  0.0966  1.164  0.7589  1.3917  2.0833  1.6403  1.7004  6.2333  3.773  6.2805  8.8197  3.1711  8.735  2.817  1.2424  3.8882  1.7197  3.6677  3.2822  2.3348  1.2712  5.4184  2.2171  0.5605  2.6713  4.3593  2.194  4.403  0.317  3.7927  3.0397  0.215  
trainID = 303  2.8125  2.1872  1.4534  0.093  0.6282  1.31  35.1029  3.3825  4.6787  2.292  1.3052  3.0412  3.241  3.0259  2.9207  0.2256  0.4289  4.8191  0.3895  8.4502  9.4261  8.1953  2.403  7.0522  0.5131  0.8661  2.1818  1.1002  37.2529  0.5177  2.2325  6.3552  3.3452  0.7272  3.6669  0.85  3.5246  0.0478  4.4669  0.086  0.852  2.363  0.417  4.99  
trainID = 304  2.6409  2.6488  1.0294  0.364  0.7663  0.345  34.1831  2.0021  5.008  0.1167  4.1797  1.3541  2.1154  0.1056  3.2658  1.5273  3.3969  4.5227  2.3952  12.3431  12.7821  13.5697  2.1582  7.2677  0.5163  2.3191  5.8328  0.7952  37.5044  0.7462  1.0602  8.5902  5.4489  0.0862  2.1537  0.556  3.0596  3.8562  3.6682  3.3195  2.616  2.699  1.73  2.2262  
trainID = 306  2.7358  2.3592  1.6184  0.881  0.079  0.164  2.4962  2.0784  0.6585  0.7015  0.3541  2.7789  1.8929  0.8226  2.0908  0.8609  3.0814  0.2718  0.4388  2.4149  0.7415  1.6446  0.2393  4.5611  0.7199  2.509  0.2509  2.2221  0.4229  0.0215  1.5167  2.2028  0.2615  3.0971  0.8057  0.4097  0.5547  2.976  1.4528  0.583  0.752  1.6796  1.664  
trainID = 320  4.8497  2.7852  1.6984  0.774  2.4017  1.115  1.2976  5.7187  0.635  7.2135  4.5291  1.9499  5.469  1.9909  2.768  2.248  1.412  3.3084  8.6724  5.5878  9.6884  16.7365  13.1253  22.5171  2.238  2.3712  4.6637  0.3971  2.4346  5.5975  7.0734  1.3225  12.5987  4.7708  3.1606  5.0184  3.8111  2.043  5.6002  0.91  0.429  3.6241  1.856  
trainID = 325  2.8053  2.3417  2.2674  0.9672  3.9407  1.227  3.2548  0.137  0.8097  1.1069  1.1302  0.8926  1.2931  1.4968  1.5669  0.7941  0.71  1.8154  2.9482  0.2958  0.9663  4.2967  0.6757  4.0535  0.4548  0.0089  3.8055  0.4938  0.4534  0.3754  0.8781  0.7227  2.1387  3.0799  2.3896  0.8749  1.9324  2.168  2.328  0.6415  1.078  2.3974  
trainID = 369  4.2878  3.2343  1.6654  0.321  0.3305  1.9718  1.5827  7.38  3.5567  6.4639  5.3481  2.2689  2.4683  2.2497  0.3379  2.3373  0.103  3.3114  7.8203  5.1993  9.5628  16.7959  12.2854  17.0973  2.9528  2.893  5.8368  0.3548  2.7307  6.6103  6.6891  0.2054  9.536  5.4528  0.21  4.8206  3.2367  3.3856  7.1077  0.778  0.014  5.3318  0.132  
trainID = 408  4.3217  1.8329  1.1654  0.409  1.1415  1.599  4.0282  4.666  0.9624  4.8528  0.5854  1.5191  1.1085  2.3995  2.3716  3.0592  0.769  3.0944  7.2544  6.4308  3.9282  6.1074  0.2846  13.4601  0.4176  0.0781  3.9276  0.4972  0.9935  2.5893  0.7848  1.7608  4.0868  3.5774  0.1602  1.1731  1.1187  0.057  0.3573  4.082  1.5662  0.9538  0.007  
trainID = 425  0.9926  1.5228  0.2384  2.4116  0.335  0.068  33.8015  5.1105  4.1307  0.5509  0.4558  4.4542  2.9625  0.0247  0.3747  1.9694  2.8704  3.53  1.6144  1.9203  2.3662  4.0144  1.8048  10.052  7.0658  3.0051  3.1628  1.8161  1.479  3.3368  0.0201  2.7416  4.2986  0.4652  2.1357  0.546  1.9495  1.4455  1.2355  1.015  0.0153  38.3504  
trainID = 436  0.2454  3.3352  1.0544  1.594  0.0379  1.429  3.8299  1.2314  0.0254  0.3287  0.2231  2.0649  1.5309  1.3183  0.5117  0.4853  1.008  0.6043  1.9749  0.0601  1.4195  0.2829  1.2706  6.8259  0.4201  0.6037  1.4249  1.1528  0.0732  0.8296  0.1582  2.9977  3.5433  4.4685  1.1207  1.0446  0.2033  1.854  0.927  2.3  0.294  0.9759  0.285  
trainID = 451  2.2266  2.8282  1.4204  3.292  2.0746  1.21  34.6926  3.4277  7.1411  2.9641  1.7113  4.4091  1.7722  1.137  3.4146  2.0298  1.3573  7.4012  0.6306  9.5633  10.8041  11.142  4.245  9.0122  1.4499  3.1901  3.5628  1.8466  36.0179  0.7348  3.1489  6.8058  0.5217  0.3196  2.6226  1.4051  0.4122  0.8256  1.3584  3.6066  0.6453  2.368  1.194  4.5177  
trainID = 464  0.3004  2.6834  3.3854  0.411  0.4206  1.81  2.3118  2.6576  1.7839  1.272  0.2806  0.6569  0.6391  0.2264  0.2334  2.8693  1.5429  1.1092  2.6565  3.8665  5.121  4.2487  6.8233  0.8061  0.1335  0.2093  0.5135  2.5624  0.5931  3.1438  3.2488  4.3136  0.7833  3.2658  2.4585  1.5266  2.7351  2.01  0.7734  0.598  1.5655  0.4422  0.924  
trainID = 493  3.7553  3.5747  0.5064  36.6211  34.8587  0.2394  5.6274  0.4692  2.5004  2.7145  3.9601  2.1309  5.2644  1.5118  2.1224  5.8136  1.1602  6.7897  20.3288  6.0093  4.3639  2.8521  5.4516  1.9351  5.824  4.1798  36.3311  2.2941  2.4411  6.0076  0.093  2.1698  0.1729  0.5949  0.485  1.8538  1.4902  4.0807  2.0746  0.373  0.131  3.2567  
trainID = 521  1.0438  1.5053  0.5787  0.306  4.6476  0.369  4.0131  0.0774  0.6287  0.8457  0.5932  2.2363  0.0138  1.2974  0.9633  0.931  3.2577  1.2294  2.9594  0.9102  3.6287  1.9266  1.5291  0.6967  1.4731  0.965  0.1684  2.905  1.8822  0.226  0.9112  2.8822  1.6727  2.534  0.1021  1.0897  0.4416  2.557  2.5925  2.211  2.294  1.1382  
trainID = 551  1.4804  1.885  1.1601  1.7302  2.2993  1.353  1.772  6.7963  1.0356  2.1211  2.2959  4.759  1.6863  2.7257  1.0073  1.7481  0.5708  1.042  1.1278  4.3577  1.6365  0.6915  1.0729  10.8391  5.6746  2.2981  5.1555  3.1822  1.586  0.8552  1.4245  4.7104  0.5724  2.5722  0.266  1.5581  1.0535  2.015  0.217  2.0441  37.2164  1.036  
trainID = 574  1.6433  1.9306  1.9824  0.126  1.8174  0.844  1.122  2.3852  1.7876  1.4803  2.1464  2.638  0.9959  0.2427  0.6155  1.5254  2.2202  1.7297  1.467  1.1118  1.2654  1.133  0.8318  5.0468  0.5735  1.1481  0.5056  1.6884  3.3385  2.1175  0.4713  1.1033  2.8863  1.0542  0.117  0.4236  1.0707  1.7278  0.157  2.3559  1.9  0.617  2.9704  0.511  
trainID = 579  4.0455  3.7463  0.0854  1.36  1.1039  2.5199  3.3486  5.578  2.2007  8.9913  5.2921  0.3878  6.0657  3.3294  5.078  2.5336  0.408  2.3554  6.4251  6.172  5.643  12.8433  8.8012  20.4828  2.2003  0.8902  6.4083  1.6599  3.7167  4.5381  6.4517  0.048  9.0657  2.7697  0.997  5.3331  3.743  0.548  5.194  0.909  1.402  5.0252  0.443  
trainID = 597  3.2281  1.5962  3.3634  2.662  0.0634  2.6768  4.3656  4.2938  2.8957  3.903  4.5698  2.8818  2.5118  1.4128  1.1141  1.788  0.942  2.9694  5.9357  4.1729  4.7413  9.25  3.1378  10.8475  0.9521  1.3666  3.3828  1.4888  2.125  3.9734  3.9514  2.5284  6.3092  5.9228  1.2542  5.2604  1.8177  0.321  2.044  0.7964  1.276  2.473  0.425  
trainID = 605  1.1635  0.7802  0.741  0.982  0.0836  2.5714  6.2298  2.7908  0.2762  2.5363  2.8674  1.2816  0.4978  1.41  1.7139  0.2417  0.365  0.0096  3.6578  2.438  0.9108  0.1034  6.0566  6.1965  1.0703  0.4215  2.7321  2.1886  0.3933  1.6647  4.2809  0.7396  3.5354  1.1811  1.8653  0.2226  0.3037  0.456  2.5116  3.402  1.851  0.7662  
trainID = 627  0.1733  2.5867  0.3584  1.281  1.1334  0.502  37.2243  2.9437  5.8723  3.79  0.6255  2.374  3.1412  0.6181  0.9611  0.4499  1.8914  4.7418  2.1335  4.3941  9.0697  11.394  3.4448  7.3135  1.4795  1.2421  4.1477  1.1643  34.9936  0.9301  0.9793  4.5113  3.5114  0.6541  1.5233  0.069  0.6024  0.6776  3.886  0.928  0.0438  35.1674  
trainID = 662  0.571  4.2302  0.7684  0.137  0.5596  2.2022  36.3161  2.3138  4.8134  3.1758  1.6176  1.6401  0.8575  1.7519  3.3444  1.4458  4.0242  3.1892  0.6576  6.9611  7.9368  11.1475  4.0798  7.7207  1.4816  2.6731  2.8224  1.6549  34.5672  2.6647  0.1158  6.6224  1.4508  0.3076  1.3198  0.5321  1.3469  0.5685  2.4821  0.428  1.5289  2.829  0.73  2.643  
trainID = 684  1.3507  0.3887  2.7404  2.121  0.4275  0.433  33.4876  1.5375  3.4654  0.522  0.2629  1.2158  0.6837  2.2979  3.4508  1.1408  2.0895  3.4256  0.7254  3.4207  7.114  2.0864  1.0639  5.376  0.0542  0.8827  0.882  0.1622  36.1705  1.8852  0.8142  4.5733  2.3232  3.0025  2.1117  0.182  1.5197  0.7395  0.5672  2.151  1.0637  0.4881  1.7754  4.7162  0.216  
trainID = 706  0.4674  1.7129  1.5304  1.32  0.3954  0.302  34.9543  1.8798  4.2028  0.9073  0.4647  2.2359  0.3543  1.6939  2.2241  0.7778  3.4134  4.2977  0.9799  9.4303  8.8016  7.961  2.1444  6.5902  0.3931  3.6991  3.108  1.2607  35.6145  1.5832  1.2474  7.9817  1.2635  2.6134  0.0606  1.9095  2.2183  1.7455  1.1557  2.085  0.5855  0.158  0.355  1.9108  
trainID = 731  4.0662  1.0235  1.1534  0.414  1.1541  1.489  2.176  4.1859  7.0313  0.0971  5.0549  2.9058  0.7903  4.4643  0.5954  1.2507  0.2786  1.9135  0.338  7.1948  3.0724  3.3698  5.344  6.2639  10.9235  3.4924  0.5797  5.2809  0.576  0.832  2.5206  2.5391  1.2097  7.5047  1.4703  0.7873  0.8534  1.5165  2.3  1.7478  2.765  0.678  3.9103  
trainID = 735  1.0604  2.6691  2.2184  1.281  1.7584  0.138  4.7409  1.1297  0.5709  2.112  0.4306  0.8903  1.7351  0.7314  0.6435  1.599  2.0817  4.1884  0.0194  4.5935  0.4375  0.9603  3.9866  0.0938  0.8621  0.3686  2.1496  2.813  0.5195  1.4887  0.3702  2.6784  3.0309  2.8674  1.8863  0.6409  2.0878  0.699  2.3174  0.556  0.332  2.9742  0.559  
trainID = 774  2.4588  5.1196  2.7004  1.043  2.3871  1.056  1.546  6.1783  5.2107  8.5329  4.4803  0.3125  3.4573  3.6193  1.3617  3.5063  0.807  2.5574  8.6987  6.5084  6.2695  13.7051  8.4726  16.8881  2.3337  0.0944  3.6735  0.6794  1.8809  6.6941  5.9295  0.5378  8.548  2.9771  2.2502  5.4377  3.2533  0.488  3.4845  0.6855  1.674  2.6421  0.978  
trainID = 777  0.8841  0.058  0.5204  0.798  0.9442  0.053  2.6512  5.8895  0.1684  0.3875  0.4395  2.1433  1.9069  4.711  1.6233  3.0666  3.9512  0.3487  1.2994  7.0638  2.474  1.1412  2.3455  3.7913  1.3291  0.9127  0.8959  39.1748  0.252  1.833  2.8684  1.0864  0.1622  3.037  1.2372  2.0715  0.1693  0.9865  1.412  0.0329  1  0.621  0.7353  
trainID = 780  1.4242  0.4071  1.5674  0.52  0.8627  1.84  4.016  0.8984  0.7497  0.7493  3.7547  2.1472  0.8056  1.6244  1.4943  0.1106  3.8596  1.3985  0.8703  0.8502  1.1958  1.096  5.7802  4.9348  0.3357  1.9997  1.4136  1.2829  1.7985  1.9108  0.2421  0.7844  4.5497  2.511  0.791  1.331  0.4745  1.084  1.7954  0.2266  0.071  3.701  
trainID = 781  2.8675  1.48  0.7398  0.749  0.2392  1.138  0.598  4.7415  2.1026  2.0558  3.4026  2.9005  0.0748  2.4028  2.4639  1.3797  0.2225  2.2678  0.2932  3.6951  0.7084  0.1298  2.0313  7.2398  5.5361  0.1978  3.1403  4.3206  1.677  0.8552  0.1605  5.5466  1.5909  4.0668  2.1859  1.8144  0.8883  0.473  0.722  1.0171  0.916  0.584  2.1389  
trainID = 819  6.7464  1.0941  0.4544  35.4931  33.1272  0.0087  6.085  2.0331  3.1516  0.8277  1.8169  0.0845  5.5978  2.9628  2.2082  3.8345  1.417  1.9205  17.1343  4.6633  4.0978  2.8803  4.1649  2.5591  0.9733  0.6289  37.3887  3.6568  2.5186  5.2247  0.8143  1.6005  0.1926  2.6142  0.1531  1.2868  1.4078  3.8941  3.6009  0.168  1.5283  1.1429  
trainID = 823  4.6415  6.4315  3.4684  2.435  1.1674  4.241  2.712  5.995  3.9077  8.5268  7.2885  1.1032  2.8285  3.817  4.1526  3.1194  1.184  3.1594  4.7399  4.9754  7.9505  16.9153  5.1543  23.6125  4.0314  1.6679  5.7964  1.9676  2.3494  5.0161  8.1437  0.8489  9.9523  3.7526  0.3801  6.7901  3.4191  1.108  4.8227  0.3249  2.9081  3.4925  0.148  
trainID = 844  2.3387  2.7328  0.2554  0.46  0.0826  2.4927  3.48  1.6323  0.8525  4.8536  3.1187  0.6972  2.5888  1.5645  1.3816  1.0871  0.418  3.4074  1.5042  2.2485  4.5465  2.8943  6.562  7.2983  0.2263  1.5688  2.6286  1.979  0.4073  1.2342  0.7048  1.1469  0.5919  6.0958  3.505  0.0735  4.1837  0.9708  3.046  2.3663  2.87  0.789  3.7065  
trainID = 855  3.8507  1.2999  0.8124  34.8581  34.9056  1.2367  6.5144  0.2844  3.769  0.5257  3.058  0.2078  4.9428  1.2003  2.4774  5.1611  3.22  3.3818  15.9491  7.4385  2.5055  3.8258  3.4879  1.1531  2.2424  1.0891  38.3105  4.6605  1.0099  4.8729  0.9566  0.9569  0.0206  1.0089  2.7376  2.822  1.5409  5.7716  3.1744  2.74  1.737  2.9898  
trainID = 856  3.232  4.5291  2.3664  2.456  0.723  0.441  0.584  2.0107  4.7759  2.7147  0.4855  1.8392  3.8078  0.8833  1.5164  0.1247  0.031  2.8138  1.8424  5.3604  1.2491  3.9246  4.7173  7.3604  1.6673  1.6516  4.0375  1.1821  1.3008  1.5882  5.9155  4.2191  1.8079  2.1387  4.8554  1.6807  2.4228  4.0095  2.287  2.4697  1.108  0.566  1.182  1.191  
trainID = 881  1.5757  2.1264  0.3453  1.8068  1.6417  0.062  0.768  5.888  2.1973  1.625  1.1197  2.4754  0.6492  1.5327  0.3338  2.3675  0.3992  1.7898  1.8274  1.636  1.7479  0.0877  3.5612  9.1735  8.2233  0.8733  1.2882  3.2977  1.0871  1.8259  0.7539  3.1117  1.5676  7.1623  3.3903  0.7749  1.8553  1.0865  2.601  1.1914  3.128  1.34  4.1977  
trainID = 895  2.0816  3.0211  2.3494  3.045  1.1492  1.397  0.3206  3.6444  3.0567  4.9494  1.6828  1.6036  1.0757  0.3284  0.7909  2.5243  0.07  2.2894  4.9494  4.3436  6.6724  5.9807  8.6149  4.4619  0.3841  1.6494  1.3745  0.5837  1.5882  4.4416  6.0379  1.3417  5.1593  3.3464  0.6417  4.7362  5.8898  0.877  2.8724  2.068  1.038  2.2953  
trainID = 914  1.5372  4.937  0.545  0.804  0.5687  1.788  34.6267  5.9118  5.1872  3.6699  1.2689  5.7514  0.2825  2.2199  4.3945  4.2559  3.3542  3.7918  2.2651  8.801  4.595  19.2557  0.4925  12.8195  2.3668  2.9761  6.5396  2.2077  36.6546  4.3102  2.3999  6.8177  4.3083  0.6682  5.7118  2.538  5.2596  1.0738  3.9165  0.283  0.2754  36.5714  
trainID = 930  4.3587  1.0165  1.5964  37.4401  31.727  0.7444  6.2492  0.386  3.7369  0.3004  4.3843  2.0799  3.2707  1.3315  3.057  3.2438  2.0828  0.7326  12.2943  6.0098  2.0814  0.4946  4.0564  2.7021  0.879  3.4796  36.6247  4.5184  2.2277  3.6773  1.4034  1.896  1.5654  2.845  2.0711  0.1254  0.0442  3.6263  1.7872  0.369  1.4976  1.1818  
trainID = 984  7.2714  1.7806  1.8484  34.3251  32.4896  1.3045  6.4871  3.5177  0.5079  2.9377  2.8856  2.0029  5.457  1.6165  2.1025  4.9396  4.1009  5.7233  16.0447  4.9593  3.6966  5.8017  6.6005  2.7101  1.1202  2.8991  37.3455  5.8327  3.7952  5.7533  1.3762  3.0804  0.9145  0.9812  1.7521  2.9008  1.004  2.346  2.0904  1.347  0.274  0.713  
trainID = 991  4.385  1.2604  1.1684  3.556  0.9972  0.246  36.0364  1.9639  6.0811  1.7076  2.404  2.8026  3.3306  0.9787  3.576  3.1488  1.9258  5.1547  3.3589  13.2385  13.0826  14.0048  1.7642  6.1463  2.2456  3.4751  1.7599  1.2541  36.4979  2.0311  3.3601  7.837  4.5645  0.3303  2.0459  1.233  2.8556  0.9648  7.1929  1.659  2.393  1.232  0.466  4.4531  
trainID = 1013  2.6294  1.4104  4.0624  1.0908  0.6477  0.623  0.996  4.5457  2.2025  0.6202  2.6795  1.6989  1.9406  0.8737  2.0523  1.8278  0.5951  1.431  2.4564  3.6594  0.0789  3.4327  4.4101  4.9604  9.9457  1.0491  2.4242  2.4406  1.5942  1.465  0.8399  0.6291  2.1013  4.7514  1.9202  0.27  3.3773  0.3545  0.195  3.1191  1.2313  0.254  1.0199  
trainID = 1017  1.5053  0.1429  1.7734  1.238  1.7688  0.567  2.8521  0.8867  3.6857  2.7062  1.4482  2.1371  2.2509  1.162  0.7749  0.8333  3.9543  0.9436  2.8645  1.3535  2.6862  6.9139  1.2448  7.846  0.5141  0.7331  0.4985  0.4702  1.1224  0.5021  2.1413  1.4234  4.3593  2.5468  1.6035  1.2266  0.9133  1.474  2.5737  0.229  1.8613  0.2895  0.658  
trainID = 1018  3.7751  4.2503  2.8494  1.137  2.9843  1.591  3.904  3.5682  2.6917  7.6569  5.8351  2.8263  2.2589  4.6668  2.0886  2.5833  1.135  5.1664  6.5055  6.8879  6.35  14.8131  16.02  11.1116  3.2346  3.9181  2.9494  0.8947  0.7528  7.5491  7.8624  1.0601  8.794  3.6317  0.7327  5.8453  5.5933  0.822  5.2461  0.902  0.159  4.2581  1.916  
trainID = 1031  0.4362  2.5865  0.2614  1.166  0.4489  0.889  34.5567  4.5243  5.7541  3.7687  1.8365  3.9789  0.0012  0.5799  5.4621  0.67  0.945  4.5817  1.7323  0.2841  8.2976  16.9137  3.909  9.0054  1.3552  1.1911  6.2751  0.7897  36.1013  2.3693  1.1552  5.2266  4.0459  2.7531  3.2652  2.1711  3.5956  1.6447  4.9039  1.096  2.8728  36.8674  
trainID = 1047  0.8584  0.9449  2.4474  36.3061  1.7555  0.2996  3.8297  1.388  0.4441  1.3379  2.6399  1.935  0.8107  1.5191  1.8307  1.2471  3.6694  0.2741  0.5749  1.1995  0.7157  4.2545  1.0481  0.8058  0.9625  1.877  5.5885  1.6277  1.3235  0.1922  3.4586  1.3711  2.8188  0.0469  1.0306  3.9621  3.3232  0.0183  1.2962  0.113  0.2138  0.345  
trainID = 1063  3.2572  2.8849  1.4604  0.697  1.6197  0.874  2.5112  3.2436  2.5807  3.8699  2.1513  3.0558  0.5367  0.6886  1.5856  0.5948  0.519  2.6374  6.1819  3.3116  7.415  8.1747  6.758  7.4847  1.4414  1.6095  1.8417  0.8263  3.0337  4.9119  2.6999  1  5.861  2.1967  2.0264  5.1097  2.1415  2.468  3.5285  1.9719  2.7279  3.5325  0.342  
trainID = 1090  2.9101  4.9351  0.8244  2.529  0.9467  0.375  4.9818  7.332  3.0117  7.4146  4.1826  2.8378  2.0467  2.8233  1.3795  1.4915  2.19  4.1634  6.3687  5.1047  8.4956  17.3551  12.1414  22.4661  2.7576  3.6842  4.7755  0.7117  3.1417  6.4131  5.4862  1.0204  8.7511  3.7181  0.1683  3.5877  6.0004  2.602  6.997  1.567  0.005  2.5545  
trainID = 1111  1.3408  2.8924  3.2224  0.081  2.1965  0.363  0.9613  1.0149  0.1437  0.4081  2.7801  0.6576  0.8292  1.0754  1.8728  0.2026  0.447  1.168  3.4781  2.0651  3.4629  1.7465  4.3214  0.2067  0.4667  2.7591  1.1842  2.916  3.1812  0.1822  2.2354  1.4979  2.4143  1.7425  1.7973  0.16  2.8666  1.8681  0.297  0.4062  0.018  2.2751  2.6656  1.775  
trainID = 1132  4.6558  5.3104  1.5094  0.484  1.3276  0.934  0.366  3.1658  5.2955  2.2427  9.8995  2.0072  1.3052  0.8964  3.0773  2.9618  1.3796  2.914  2.7674  7.8818  6.3589  5.3584  13.2872  3.0438  21.913  3.303  1.2587  4.8005  0.0999  1.3546  5.0986  5.5013  1.8712  9.9817  3.4469  0.7824  2.7382  5.2531  4.008  0.5145  0.239  5.9513  0.748  
trainID = 1142  0.8193  0.7054  0.1514  1.3584  1.9192  0.829  33.3078  2.9393  1.4811  2.7254  0.4637  5.8441  1.3117  1.5342  0.8646  1.6733  2.1605  4.0163  0.6875  0.7483  2.228  4.686  0.3221  7.1318  3.8737  0.9431  6.138  1.8177  2.304  1.1656  2.3012  0.1745  3.5514  1.0453  2.6596  1.0346  3.3196  0.2567  3.2554  0.948  0.0268  0.7989  0.929  3.1617  
TrainID = 260  dbValue = 1.30341  nTestCell = 45  nTrainCell = 43  nDiff = 2  (X,Y) = (1455, 1765)  Position Error = 11.4018
TrainID = 436  dbValue = 1.33414  nTestCell = 45  nTrainCell = 43  nDiff = 2  (X,Y) = (1525, 1755)  Position Error = 63.0079
TrainID = 306  dbValue = 1.39692  nTestCell = 45  nTrainCell = 43  nDiff = 2  (X,Y) = (1465, 1805)  Position Error = 49.0918
TrainID = 574  dbValue = 1.47331  nTestCell = 45  nTrainCell = 44  nDiff = 1  (X,Y) = (1455, 1755)  Position Error = 7.07107
TrainID = 150  dbValue = 1.4998  nTestCell = 45  nTrainCell = 44  nDiff = 1  (X,Y) = (1485, 1735)  Position Error = 31.1448
TrainID = 521  dbValue = 1.52938  nTestCell = 45  nTrainCell = 42  nDiff = 3  (X,Y) = (1495, 1785)  Position Error = 43.9318
TrainID = 1111  dbValue = 1.58286  nTestCell = 45  nTrainCell = 44  nDiff = 1  (X,Y) = (1525, 1805)  Position Error = 79.8123
TrainID = 735  dbValue = 1.61095  nTestCell = 45  nTrainCell = 43  nDiff = 2  (X,Y) = (1515, 1785)  Position Error = 60.4152
TrainID = 325  dbValue = 1.61938  nTestCell = 45  nTrainCell = 42  nDiff = 3  (X,Y) = (1505, 1735)  Position Error = 47.8539
TrainID = 780  dbValue = 1.64905  nTestCell = 45  nTrainCell = 42  nDiff = 3  (X,Y) = (1475, 1695)  Position Error = 62.3699
TrainID = 605  dbValue = 1.7974  nTestCell = 45  nTrainCell = 42  nDiff = 3  (X,Y) = (1485, 1685)  Position Error = 74.6324
TrainID = 1017  dbValue = 1.82975  nTestCell = 45  nTrainCell = 43  nDiff = 2  (X,Y) = (1555, 1745)  Position Error = 93.6483
TrainID = 464  dbValue = 1.85852  nTestCell = 45  nTrainCell = 43  nDiff = 2  (X,Y) = (1565, 1795)  Position Error = 110.136
TrainID = 781  dbValue = 1.94779  nTestCell = 45  nTrainCell = 43  nDiff = 2  (X,Y) = (1495, 1675)  Position Error = 87.4643
TrainID = 214  dbValue = 2.0384  nTestCell = 45  nTrainCell = 44  nDiff = 1  (X,Y) = (1565, 1715)  Position Error = 110.86
TrainID = 1013  dbValue = 2.09085  nTestCell = 45  nTrainCell = 43  nDiff = 2  (X,Y) = (1545, 1705)  Position Error = 97.4166
TrainID = 881  dbValue = 2.22077  nTestCell = 45  nTrainCell = 43  nDiff = 2  (X,Y) = (1525, 1655)  Position Error = 119.038
TrainID = 844  dbValue = 2.24633  nTestCell = 45  nTrainCell = 43  nDiff = 2  (X,Y) = (1555, 1695)  Position Error = 111.221
TrainID = 1047  dbValue = 2.42155  nTestCell = 45  nTrainCell = 42  nDiff = 3  (X,Y) = (1475, 1845)  Position Error = 89.9444
TrainID = 856  dbValue = 2.4334  nTestCell = 45  nTrainCell = 44  nDiff = 1  (X,Y) = (1605, 1815)  Position Error = 154.693
TrainID = 408  dbValue = 2.45441  nTestCell = 45  nTrainCell = 43  nDiff = 2  (X,Y) = (1595, 1705)  Position Error = 142.443
TrainID = 283  dbValue = 2.47584  nTestCell = 45  nTrainCell = 44  nDiff = 1  (X,Y) = (1405, 1765)  Position Error = 57.7062
TrainID = 777  dbValue = 2.52273  nTestCell = 45  nTrainCell = 43  nDiff = 2  (X,Y) = (1395, 1805)  Position Error = 83.006
TrainID = 1142  dbValue = 2.71848  nTestCell = 45  nTrainCell = 44  nDiff = 1  (X,Y) = (1425, 1715)  Position Error = 55.2268
TrainID = 731  dbValue = 2.72358  nTestCell = 45  nTrainCell = 43  nDiff = 2  (X,Y) = (1585, 1675)  Position Error = 147.275
TrainID = 895  dbValue = 2.77923  nTestCell = 45  nTrainCell = 42  nDiff = 3  (X,Y) = (1625, 1785)  Position Error = 165.56
TrainID = 300  dbValue = 2.7859  nTestCell = 45  nTrainCell = 43  nDiff = 2  (X,Y) = (1615, 1755)  Position Error = 153.003
TrainID = 1063  dbValue = 2.86893  nTestCell = 45  nTrainCell = 43  nDiff = 2  (X,Y) = (1625, 1765)  Position Error = 163.248
TrainID = 597  dbValue = 3.09282  nTestCell = 45  nTrainCell = 43  nDiff = 2  (X,Y) = (1625, 1745)  Position Error = 163.371
TrainID = 551  dbValue = 3.11026  nTestCell = 45  nTrainCell = 42  nDiff = 3  (X,Y) = (1455, 1635)  Position Error = 121.202
TrainID = 684  dbValue = 3.26906  nTestCell = 45  nTrainCell = 45  nDiff = 0  (X,Y) = (1385, 1775)  Position Error = 79.3095
TrainID = 425  dbValue = 3.84904  nTestCell = 45  nTrainCell = 42  nDiff = 3  (X,Y) = (1405, 1645)  Position Error = 124.78
TrainID = 706  dbValue = 3.86341  nTestCell = 45  nTrainCell = 44  nDiff = 1  (X,Y) = (1345, 1745)  Position Error = 117.516
TrainID = 1132  dbValue = 3.89055  nTestCell = 45  nTrainCell = 43  nDiff = 2  (X,Y) = (1685, 1705)  Position Error = 228.758
TrainID = 774  dbValue = 3.9795  nTestCell = 45  nTrainCell = 43  nDiff = 2  (X,Y) = (1685, 1735)  Position Error = 223.987
TrainID = 662  dbValue = 4.09615  nTestCell = 45  nTrainCell = 44  nDiff = 1  (X,Y) = (1335, 1715)  Position Error = 133.454
TrainID = 579  dbValue = 4.1893  nTestCell = 45  nTrainCell = 43  nDiff = 2  (X,Y) = (1695, 1725)  Position Error = 235.053
TrainID = 303  dbValue = 4.20955  nTestCell = 45  nTrainCell = 44  nDiff = 1  (X,Y) = (1335, 1715)  Position Error = 133.454
TrainID = 137  dbValue = 4.2894  nTestCell = 45  nTrainCell = 44  nDiff = 1  (X,Y) = (1325, 1725)  Position Error = 140.464
TrainID = 369  dbValue = 4.33158  nTestCell = 45  nTrainCell = 43  nDiff = 2  (X,Y) = (1715, 1745)  Position Error = 253.239
TrainID = 1018  dbValue = 4.39018  nTestCell = 45  nTrainCell = 43  nDiff = 2  (X,Y) = (1695, 1755)  Position Error = 233.002
TrainID = 1090  dbValue = 4.57734  nTestCell = 45  nTrainCell = 42  nDiff = 3  (X,Y) = (1715, 1735)  Position Error = 253.87
TrainID = 320  dbValue = 4.61422  nTestCell = 45  nTrainCell = 43  nDiff = 2  (X,Y) = (1715, 1735)  Position Error = 253.87
TrainID = 823  dbValue = 4.66155  nTestCell = 45  nTrainCell = 43  nDiff = 2  (X,Y) = (1715, 1725)  Position Error = 254.892
TrainID = 451  dbValue = 4.69229  nTestCell = 45  nTrainCell = 44  nDiff = 1  (X,Y) = (1335, 1745)  Position Error = 127.475
TrainID = 304  dbValue = 4.74708  nTestCell = 45  nTrainCell = 44  nDiff = 1  (X,Y) = (1315, 1735)  Position Error = 148.492
TrainID = 627  dbValue = 4.87925  nTestCell = 45  nTrainCell = 42  nDiff = 3  (X,Y) = (1325, 1695)  Position Error = 149.967
TrainID = 930  dbValue = 4.88562  nTestCell = 45  nTrainCell = 42  nDiff = 3  (X,Y) = (1355, 1845)  Position Error = 139.176
TrainID = 991  dbValue = 5.00385  nTestCell = 45  nTrainCell = 44  nDiff = 1  (X,Y) = (1305, 1745)  Position Error = 157.385
TrainID = 819  dbValue = 5.07518  nTestCell = 45  nTrainCell = 42  nDiff = 3  (X,Y) = (1325, 1845)  Position Error = 163.371
TrainID = 855  dbValue = 5.35018  nTestCell = 45  nTrainCell = 42  nDiff = 3  (X,Y) = (1325, 1805)  Position Error = 145.499
TrainID = 1031  dbValue = 5.48258  nTestCell = 45  nTrainCell = 42  nDiff = 3  (X,Y) = (1315, 1665)  Position Error = 172.887
TrainID = 493  dbValue = 5.58129  nTestCell = 45  nTrainCell = 42  nDiff = 3  (X,Y) = (1295, 1845)  Position Error = 189.235
TrainID = 984  dbValue = 5.63421  nTestCell = 45  nTrainCell = 42  nDiff = 3  (X,Y) = (1315, 1855)  Position Error = 177.229
TrainID = 914  dbValue = 6.1429  nTestCell = 45  nTrainCell = 42  nDiff = 3  (X,Y) = (1305, 1615)  Position Error = 211.021
TrainID = 216  dbValue = 6.44685  nTestCell = 45  nTrainCell = 42  nDiff = 3  (X,Y) = (1275, 1755)  Position Error = 187.003
