trainID = 132  5.1152  4.7818  1.4247  3.8261  0.6274  1.8426  33.2721  4.8927  2.0849  0.0261  14.6221  2.5251  1.6215  3.3017  0.914  4.9561  0.769  1.8301  4.4238  0.6773  1.1498  3.0902  7.1926  6.9517  0.0597  1.124  5.4975  2.8278  0.0867  9.1635  3.4329  3.2103  3.3074  0.4529  1.2241  3.2677  5.7965  0.1455  0.0347  1.806  
trainID = 145  3.8611  5.3353  0.8987  2.2483  1.1423  1.1956  35.7361  2.8112  0.7767  0.238  11.8666  7.7293  0.8857  5.6492  1.4849  5.006  0.098  0.4063  0.9936  3.417  0.293  1.2416  2.9269  6.6111  2.9865  0.4545  0.2108  2.0596  0.5346  5.2822  2.8239  2.5701  0.853  4.2041  2.9794  3.153  5.9196  0.9348  1.0526  0.0711  
trainID = 162  0.307  0.0548  8.5382  0.4266  0.1429  4.2034  1.8762  3.766  2.3731  0.675  1.5548  2.8011  2.3437  5.3558  22.3173  12.74  4.6346  7.5426  5.3488  0.1022  1.3458  0.176  2.5711  3.8656  8.7116  7.2946  7.2508  1.3981  1.6891  0.8727  0.743  1.6105  3.0799  6.4109  8.4838  0.0231  0.7757  2.8102  4.9593  1.8683  
trainID = 177  0.652  1.8776  6.4455  1.8628  1.6357  4.4219  3.7248  2.009  0.6015  0.8384  0.4603  2.2663  1.2436  22.8287  17.5835  19.4852  2.8413  5.8671  6.6567  1.657  1.2311  5.765  0.5751  0.164  1.408  6.6142  0.5331  6.6764  6.6546  8.2006  4.0816  3.4091  5.2051  0.2216  4.5009  0.656  6.4634  8.9998  2.0106  1.1358  4.6942  3.4903  2.4164  
trainID = 186  0.9305  0.8381  5.6952  1.2193  0.817  0.3639  1.329  1.7935  0.609  4.1553  0.9671  3.4227  3.58  1.4349  0.8565  0.4715  1.2331  2.2302  1.7937  1.442  1.1714  1.0533  0.7  2.949  1.9744  0.0641  1.9126  3.8806  4.6636  7.8267  2.7805  7.9259  1.8626  2.0545  1.817  2.4942  3.5555  0.2422  0.4897  1.2063  0.1275  2.0414  
trainID = 190  0.1049  2.2035  0.6887  1.6709  3.2257  3.4027  2.283  1.6002  1.8556  1.776  0.7298  0.7676  3.6938  0.3726  5.1917  0.7163  1.4439  2.3926  0.741  1.2954  3.4985  1.4308  1.825  1.321  0.6355  1.605  0.9272  4.6673  5.1723  1.3042  2.9304  0.1204  0.9241  0.4269  0.186  1.7593  1.7533  0.7363  1.9638  2.2302  3.9323  3.4173  
trainID = 193  0.634  0.7072  2.3502  1.4229  1.2055  1.3161  0.2065  0.5454  0.9264  0.066  0.5771  0.4144  1.245  2.6264  1.9837  3.4366  2.6218  2.1107  0.7463  1.7972  0.5337  0.7831  1.7896  0.402  0.179  0.4672  1.764  0.0255  3.3768  0.175  2.09  1.9065  2.5882  2.5246  0.5174  1.289  2.3387  1.813  0.9538  2.1262  3.2162  1.1239  1.1932  
trainID = 196  0.732  1.7253  0.1965  1.9772  2.2397  1.9255  1.3752  1.265  0.9945  3.4951  3.7724  0.6129  0.371  0.2228  0.9618  0.4174  2.6313  1.8858  0.2877  1.379  0.4565  3.2277  0.0784  1.835  1.032  0.2719  0.6086  3.7549  0.7625  3.5292  3.6098  0.5252  2.1328  3.4335  0.1758  1.32  0.2657  0.9419  2.2146  2.8662  0.3889  0.8906  1.7445  
trainID = 200  4.0195  2.3472  2.2192  5.4561  0.9118  1.8626  2.743  1.3585  0.8539  3.2698  1.3867  0.1791  7.3433  2.1339  2.4696  5.3419  1.1778  4.0892  1.583  1.6414  3.7908  2.4117  1.3723  1.876  2.1385  3.2148  0.9242  6.2211  4.0976  10.3764  0.6841  7.9563  2.7868  4.2138  1.862  0.1881  4.0569  0.8138  2.6098  2.0622  0.5303  1.5876  
trainID = 206  0.142  0.5368  0.1587  3.8642  1.2828  2.2149  0.6461  0.676  2.6318  0.206  3.6981  2.0151  2.7707  0.1061  1.517  1.9133  1.1151  1.2413  1.3128  0.585  0.281  2.4869  0.7521  3.466  3.723  0.2133  3.1022  3.5965  0.8475  2.0033  1.0408  1.4967  2.3864  3.3095  0.7483  0.615  0.3019  0.6509  4.4866  0.2421  2.2472  1.8617  1.7263  
trainID = 238  0.6612  1.6428  1.4922  1.6914  2.3857  2.2268  1.977  1.4191  0.7304  3.8283  0.9809  2.1037  1.9546  3.8812  0.3568  3.0276  3.4068  1.1176  1.561  0.854  1.3025  1.207  1.443  3.264  0.1774  0.9103  3.0413  2.957  0.4151  2.0167  0.9545  1.442  2.1653  1.6194  0.758  0.7826  0.9223  1.3498  1.1202  0.5109  0.197  0.0671  
trainID = 271  7.2156  0.9973  3.2772  5.0651  0.417  0.0064  36.4631  2.5911  0.5028  2.8827  12.0804  0.8927  3.9685  4.5536  2.1301  6.1545  1.9778  5.5762  6.1196  1.9796  0.143  1.43  3.275  1.7202  1.2075  10.848  30.558  0.9512  3.833  13.0259  3.1191  7.2172  2.3566  2.8859  9.1239  0.6164  2.278  4.8711  2.1712  2.994  
trainID = 321  3.4268  2.8571  0.0533  2.9881  0.2917  1.9756  3.171  2.0942  0.8797  1.9215  0.5509  1.1475  7.9594  7.0333  1.3513  1.2439  1.4089  1.5702  0.417  2.4811  1.1276  1.2797  0.004  0.6921  3.7216  5.0365  0.8679  2.2722  0.1284  2.9615  0.8101  2.1481  0.5788  2.2284  2.8252  3.7067  1.9434  0.1772  1.8302  1.9383  1.553  0.2425  
trainID = 333  1.291  4.0939  5.0273  1.2365  1.6756  1.7051  0.9443  1.968  0.1978  0.08  3.1911  0.4651  1.378  9.2478  7.121  2.285  3.8551  2.489  3.7774  0.056  1.017  1.3698  1.3128  1.477  1.4123  1.324  2.2709  1.9958  3.4942  3.7347  2.5522  2.3785  3.1495  1.1674  0.5346  0.967  4.0279  2.307  0.3342  3.2039  0.756  0.8459  0.8478  
trainID = 345  3.3206  4.6095  3.0792  1.082  2.5785  1.7704  3.319  0.3292  1.314  2.3893  1.6038  0.0413  7.2557  9.4302  2.1427  3.5232  1.2922  4.6731  0.736  0.7761  0.041  2.2391  1.649  2.9459  3.194  4.9577  4.117  2.7464  2.1864  0.0826  1.3399  3.3262  0.3119  0.082  0.45  4.2488  2.6334  1.2285  2.6477  1.3732  0.993  3.0764  
trainID = 346  0.5092  6.1632  1.0497  0.3487  2.8414  2.7996  2.948  1.7973  1.402  0.9598  0.4085  0.9411  9.4539  11.2272  4.5987  4.851  2.0004  0.6021  1.9377  0.4042  1.7382  2.5932  0.235  0.302  1.1391  5.3953  7.8804  4.4968  2.4268  3.0549  1.1549  2.5434  0.0032  0.6687  1.13  2.2267  5.2494  0.68  3.2091  0.5697  2.2333  0.545  
trainID = 374  0.375  0.2907  2.6535  2.2892  2.8222  0.6275  2.4736  2.309  2.015  1.3  4.9279  2.3894  2.6847  0.7896  4.5554  1.2278  1.2792  3.2801  1.5745  2.1607  2.3472  1.1458  0.3437  0.1003  2.6953  1.3831  0.6789  3.9182  1.8822  2.7879  2.2923  0.4181  1.312  2.1055  2.8198  1.5443  0.7789  1.1071  0.7959  1.7013  
trainID = 398  0.599  2.4134  3.2714  0.3685  1.4358  3.3147  1.6804  0.2125  2.1785  0.429  2.9537  1.4429  1.5829  7.7079  2.4626  6.0764  0.9891  5.2781  6.9178  0.659  0.2717  3.9622  0.5701  1.028  1.5003  4.2866  0.4255  2.8091  5.641  5.1066  1.6605  0.5028  3.9595  0.2873  6.6001  3.6586  1.2061  4.0312  2.8093  2.3893  
trainID = 402  0.729  1.7586  4.9174  0.6424  0.1934  4.761  0.7123  3.938  1.2646  1.484  1.2732  2.3099  0.9077  4.1574  14.7334  4.7536  4.9179  5.8748  1.9643  0.481  2.083  0.1758  0.2879  0.91  0.747  0.4001  3.4515  5.4571  6.2602  3.4725  0.5827  1.5425  1.0421  0.4852  2.0781  1.105  3.2993  5.134  1.5441  3.1001  1.3043  3.1613  1.9684  
trainID = 413  7.4132  5.0676  2.3152  6.2761  1.5019  2.8056  35.0981  8.4549  3.3261  1.0937  14.1465  1.9872  2.1171  5.229  1.7274  4.816  2.7995  4.8875  4.5178  4.2865  2.337  0.36  6.7657  4.5307  2.2193  1.9994  13.9175  1.8692  0.3086  9.3716  5.3878  3.4383  2.712  0.8296  2.3832  3.9814  4.9303  1.1718  0.7478  0.1193  
trainID = 518  0.228  2.0155  4.1498  0.8708  0.8822  3.3541  1.0686  5.236  2.4332  1.793  1.4341  0.3991  1.7696  0.8762  7.8044  4.8591  2.1462  1.0298  2.0669  2.0096  0.256  0.9796  0.438  0.512  0.631  1.5988  1.6316  2.2622  0.233  2.9629  2.4113  0.2056  5.5103  1.2493  0.3434  1.05  3.5543  3.273  1.2122  2.801  0.0774  3.7933  0.9954  
trainID = 522  1.456  0.0668  4.7406  2.4659  0.8732  3.3622  4.5567  1.219  1.0418  1.635  1.9251  3.7457  2.1026  13.3933  18.056  18.0525  3.8159  9.1728  7.3896  1.239  1.9336  2.587  1.0972  1.347  1.2543  5.9155  0.613  6.2607  6.4518  6.7255  1.8961  2.4191  4.3481  2.2922  4.0643  0.274  3.1748  7.2493  4.5766  2.2068  4.6932  2.4133  1.7403  
trainID = 571  1.8807  3.146  1.5974  1.623  2.7946  2.1015  1.586  1.1213  1.284  0.7815  0.2469  0.0562  0.8216  9.0515  4.7265  4.9978  1.2899  0.9347  0.056  0.8994  1.4344  2.1448  0.8817  1.477  1.2336  2.7672  3.9285  4.7496  3.0999  2.1531  1.1216  0.8552  0.0871  0.787  0.382  2.3714  5.2432  0.2061  3.2312  0.1859  2.3783  2.1983  
trainID = 572  36.5397  3.221  2.9504  2.4989  0.2511  4.0632  3.3725  1.845  0.6417  1.6376  0.8112  0.1581  1.0777  7.4134  4.3959  6.1514  1.7232  2.7622  9.0332  3.1452  0.0302  3.632  0.4018  3.433  0.498  4.1331  0.7847  3.429  6.9139  6.1275  0.4767  0.143  3.1864  1.5135  4.5894  3.1506  0.6835  2.8762  2.2933  1.7367  
trainID = 589  1.1228  5.9668  0.6223  1.4411  3.7872  2.2745  1.467  0.1579  0.927  1.0909  1.3498  2.1474  7.0833  14.3611  10.5673  3.7297  4.0693  6.4446  1.112  2.5211  1.8994  0.9196  1.038  1.1123  3.1429  2.3679  2.993  7.3654  4.6129  0.7287  1.9631  1.719  0.3362  3.8309  0.587  4.9077  3.6957  1.8385  2.2264  2.3002  4.4693  2.0349  
trainID = 613  4.6074  2.3734  4.4202  4.8551  2.0472  2.3216  34.4181  5.712  0.3369  0.9362  12.9801  1.2762  2.5136  4.9987  0.1227  5.623  1.522  3.5196  6.3936  2.271  1.087  1.4113  4.037  5.8893  1.3553  4.7578  22.2512  5.4215  1.2258  10.7386  6.2608  7.0425  1.923  2.7507  7.0367  4.6161  5.9819  1.6354  2.6036  2.5724  
trainID = 619  0.9608  2.0592  1.0269  1.4538  1.4918  1.1195  1.904  1.4859  0.703  1.9278  0.9773  3.4327  1.6681  3.4801  1.0143  1.7572  1.3498  0.1214  2.9689  4.4203  4.0637  33.5161  0.5339  1.1553  1.7522  1.0673  2.3364  3.7474  0.8327  3.6221  1.9632  0.9454  1.24  0.811  0.1124  0.0445  2.6393  1.5088  1.652  0.6549  
trainID = 636  1.7214  2.3699  2.9782  4.7401  1.6683  0.0303  4.005  0.7097  0.131  3.7091  0.625  0.2483  7.1916  4.539  0.5015  3.5573  0.7552  3.4753  0.301  1.2005  0.1549  3.2003  0.633  0.755  3.9421  4.1532  0.7677  0.617  2.6457  6.0127  2.4671  4.5295  0.2643  3.4532  2.2078  3.2029  1.3486  0.5693  3.2758  0.5036  0.7857  0.4399  
trainID = 645  0.035  1.0559  4.4364  1.1954  1.9564  1.8524  0.804  3.368  1.4057  0.258  0.2928  0.2996  0.8596  2.2693  5.7186  4.204  2.5527  0.6796  2.9259  0.64  0.8895  3.3787  1.2339  0.444  0.177  0.9883  0.2715  0.2537  3.4237  1.6038  0.4406  0.2706  0.2102  1.9367  1.263  0.424  1.5174  3.4337  1.7447  1.6575  3.4382  1.8084  2.1653  
trainID = 671  5.2382  2.1596  5.0052  1.5758  1.1334  1.6896  35.0841  3.5207  1.3337  0.399  8.9443  3.6254  2.1735  4.7798  3.1427  3.4947  2.515  3.3644  5.0336  1.9722  1.2763  1.3761  5.1502  3.9532  2.0368  6.3779  7.1238  3.841  0.4882  9.3513  2.3478  4.2752  2.7358  0.3611  3.8578  3.1683  3.5391  0.6236  3.4431  0.8422  
trainID = 714  5.1313  2.418  2.1292  4.7241  2.065  2.2636  34.8271  2.5465  2.2779  1.5276  10.8  4.3216  2.7719  4.3714  0.6511  2.4172  1.887  1.7802  4.2173  1.8457  0.693  0.13  5.6492  4.2281  0.4961  4.0371  7.4153  2.3634  2.0281  8.8935  2.2189  2.541  3.1207  0.4543  1.6647  4.0669  2.6948  0.1259  1.3621  1.168  
trainID = 715  0.1361  6.7929  1.604  2.0147  1.4612  0.5119  6.221  1.4259  1.161  0.4286  0.3415  0.8423  5.5625  12.2606  4.7521  4.7836  4.7875  1.3967  1.73  1.1489  1.1752  2.6016  1.1406  0.627  0.438  6.9026  6.3762  4.5799  4.6816  0.8618  0.4271  0.2533  0.0666  0.8001  0.181  2.4106  5.2248  1.933  3.3342  3.2742  1.8742  1.046  
trainID = 718  2.723  1.7816  3.3399  0.0508  0.1335  6.1949  2.5144  0.82  2.9009  2.497  1.0698  0.7504  1.1353  10.034  0.5343  10.6034  2.9647  4.2251  8.0002  1.3  1.7323  2.3143  1.5625  0.191  0.15  2.7342  0.7272  7.034  7.9757  5.6991  1.525  3.0041  3.1297  0.5713  4.4366  0.9783  2.5543  2.9872  1.2631  1.7623  
trainID = 742  0.999  0.1311  9.098  0.4388  1.8646  1.8582  2.0768  2.709  1.0772  0.718  2.5884  1.6625  3.3639  5.4974  19.4002  7.684  3.4423  6.2537  4.9163  1.266  1.115  0.472  1.5553  3.6501  10.1785  8.8138  8.7431  2.4763  1.8651  0.3826  2.3734  3.1771  2.0376  5.0432  4.7658  0.8522  4.5909  4.5092  1.9446  0.823  
trainID = 787  0.812  1.6108  6.4546  1.4937  1.5337  2.4342  3.9933  3.966  0.7439  0.614  0.0102  3.2463  3.901  5.7183  22.4329  18.1402  5.444  9.3488  5.0781  0.239  2.4914  5.3586  3.177  3.47  0.916  5.8836  2.4684  8.0509  7.9357  8.0532  0.9403  1.5467  3.583  0.4319  2.8165  0.724  4.3461  7.2214  0.7686  0.3656  4.9292  6.5473  3.9619  
trainID = 804  0.109  4.4603  4.7603  2.1762  2.1207  0.4628  1.5006  3.2209  2.098  0.6046  9.1839  7.1988  0.8042  1.89  1.3407  4.2107  2.1211  1.0075  2.4298  0.9259  0.599  1.035  3.1088  5.6582  1.9103  1.717  0.3879  3.6405  3.7871  6.9723  2.6468  3.1647  0.597  2.6255  0.1249  3.3063  5.6803  1.0861  0.67  0.2379  
trainID = 885  0.716  0.8008  2.2517  0.7663  0.576  2.7348  3.8263  0.0798  2.071  1.6263  0.9136  0.2354  2.4967  5.2312  2.0859  7.2842  0.1638  1.421  7.6407  1.491  0.7779  4.1148  0.3478  0.33  1.468  2.2873  0.8086  2.8176  2.7986  7.8405  0.5116  0.0494  2.5065  1.5297  2.9038  1.3106  1.373  2.0792  0.1428  1.6705  
trainID = 886  0.267  1.6773  4.3977  1.7904  1.0951  2.7469  1.0522  1.439  0.0957  1.988  1.9104  0.4562  0.7057  1.4764  7.37  5.1117  1.8271  1.4849  0.4176  1.802  1.3602  2.2592  0.4548  1.4555  1.0593  1.2112  3.6673  1.3956  4.2551  4.7097  0.863  0.0419  0.9183  1.433  2.5354  1.864  2.6009  2.4771  1.0709  2.9562  3.4272  0.6907  0.8396  
trainID = 944  2.7123  4.3646  1.3445  1.4432  0.1623  1.1529  2.897  2.0394  0.706  2.6489  0.845  0.9208  3.4517  6.2025  0.2437  3.7445  0.0835  4.4159  1.346  3.1798  1.2849  2.417  0.649  1.5074  5.0772  3.7969  0.2959  0.8341  2.1837  3.257  1.3241  3.2382  2.9483  3.6888  0.096  2.7593  0.0148  0.3899  3.5027  2.4002  2.1433  0.5145  
trainID = 985  4.8545  3.7814  2.4122  3.0593  0.2841  1.4196  35.7841  3.3252  1.5804  1.2219  11.075  4.2007  1.8539  4.0726  2.7577  3.7255  1.274  3.136  3.5433  4.4696  2.962  0.828  3.7703  3.6856  0.5645  1.4395  8.0431  2.8173  0.1734  7.311  3.3973  3.9003  1.493  0.6652  1.3698  1.5892  6.7481  0.9624  0.6302  0.4349  
trainID = 997  3.21  4.7123  3.7382  3.7991  1.9439  2.1896  2.678  2.7999  1.199  7.4246  0.8383  2.4137  8.9768  0.6249  4.672  3.6363  0.5817  4.7167  0.423  3.2792  3.1403  1.9531  0.603  0.098  3.4341  1.682  0.1337  8.224  8.9978  12.1905  2.1797  9.747  0.4257  4.4373  0.671  0.3366  7.1065  1.8351  3.2988  1.9066  3.2037  0.4068  
trainID = 1000  33.6809  3.3336  5.2991  1.6922  2.7844  5.1277  2.3843  2.033  1.3665  1.2243  1.6384  0.2344  1.9742  13.8452  2.8123  11.0028  0.9379  4.6148  9.8692  0.192  1.7244  5.9233  0.2068  3.085  1.6937  3.332  0.257  2.4245  7.7642  8.3105  1.3057  0.7517  3.8354  2.7934  5.5585  2.0316  0.1765  0.7789  3.1713  3.3104  
trainID = 1028  2.655  3.9008  0.4796  1.6341  3.9677  3.1574  1.773  0.9035  1.423  3.9491  1.6273  2.3045  4.5694  9.3184  4.5929  4.0098  4.3263  0.1676  1.458  0.2165  0.272  2.854  0.703  0.177  0.0432  5.9433  3.5355  3.1238  4.4404  1.8919  0.74  0.1765  0.4684  1.2087  3.4587  2.4713  5.4326  0.3904  3.1789  2.7702  2.2303  1.557  
trainID = 1030  0.7487  0.6764  0.2157  0.6766  1.8442  1.1596  0.6788  0.7804  1.254  5.1446  1.6151  3.2497  2.7736  3.3654  0.3173  0.6995  3.882  1.0649  2.0183  3.7214  1.4598  1.4222  2.748  0.617  1.2373  1.6414  0.1288  3.1073  0.3252  5.0228  0.9337  3.8135  3.954  1.1743  2.578  0.5311  2.3877  1.9115  1.3241  1.1465  1.5072  0.727  
trainID = 1067  0.2914  2.0281  4.3182  3.1443  0.2291  0.8045  2.174  0.2135  2.09  6.2295  2.1624  2.2947  7.3673  1.9008  3.3639  2.6605  0.2086  3.2525  0.493  4.0971  4.1035  0.6246  1.598  3.84  2.4342  3.7493  0.6029  10.7561  6.256  15.6835  0.9494  6.3435  1.3478  3.8638  3.3351  2.4351  3.5333  4.0833  1.2953  3.2122  1.109  2.3035  
trainID = 1076  6.6999  1.7172  1.9031  5.6021  0.3298  0.301  33.6151  4.2711  1.0769  0.5464  11.1338  1.9384  3.9164  2.5683  1.0809  5.1291  1.32  2.0909  4.5576  0.8123  0.292  0.7369  4.4544  2.5867  1.3875  7.1583  14.0194  1.002  0.2822  8.8887  3.1319  5.1401  4.1991  0.0522  4.9719  2.8615  6.2152  0.4087  1.1493  3.526  
trainID = 1081  1.9712  4.3148  1.4027  0.9955  0.9768  2.3383  2.705  2.1283  0.677  1.5604  1.33  1.5876  2.1092  4.8328  3.5475  2.9662  1.7897  1.5815  0.023  0.2685  0.075  0.4423  1.597  1.155  0.7433  4.4642  0.2618  4.3633  1.3099  0.5291  0.3777  1.8353  2.3556  0.7659  0.522  1.67  2.6139  0.0912  2.1672  3.5142  2.6553  0.6698  
trainID = 1094  1.178  1.4835  1.888  2.0182  0.1977  3.6301  2.5749  1.235  0.6158  1.7267  2.7928  1.1489  0.9602  3.6662  4.1798  3.5679  0.0999  0.1631  6.7952  2.9085  1.9035  2.5558  0.6451  1.71  1.504  1.3135  1.1021  0.0113  3.365  1.3896  1.5675  0.2291  1.2481  1.1445  0.5649  0.5809  1.3516  1.6095  1.4924  1.6814  
trainID = 1149  36.3662  5.0916  5.8637  1.6487  1.9721  5.1061  2.3205  1.6129  0.828  0.7534  1.4298  2.6165  1.7368  17.5875  5.8698  14.1668  2.3477  9.8214  6.366  1.946  3.984  5.299  0.0522  3.819  0.7553  8.9451  1.0649  4.0431  8.2904  9.2065  1.9377  3.1681  4.7971  1.1124  6.1763  3.4896  2.5207  1.7051  3.3503  2.3717  
trainID = 1168  0.151  2.0445  2.1572  2.0402  0.6685  2.5622  0.5879  1.673  1.0087  0.257  1.7807  1.5714  1.0849  0.2579  1.6336  1.8849  2.0019  1.0917  1.1736  0.667  2.0244  1.2676  1.3466  1.045  1.037  1.3606  3.1244  0.6667  2.1886  0.3223  0.0821  1.6731  1.4809  0.8327  0.6174  0.049  0.6567  1.047  1.1471  1.2117  2.0532  1.4517  0.6934  
TrainID = 1168  dbValue = 1.2483  nTestCell = 43  nTrainCell = 43  nDiff = 0  (X,Y) = (1935, 1085)  Position Error = 17.0294
TrainID = 193  dbValue = 1.39805  nTestCell = 43  nTrainCell = 43  nDiff = 0  (X,Y) = (1925, 1085)  Position Error = 25.4951
TrainID = 196  dbValue = 1.5008  nTestCell = 43  nTrainCell = 43  nDiff = 0  (X,Y) = (1965, 1045)  Position Error = 33.6155
TrainID = 238  dbValue = 1.56958  nTestCell = 43  nTrainCell = 42  nDiff = 1  (X,Y) = (1965, 1065)  Position Error = 19.2354
TrainID = 645  dbValue = 1.62288  nTestCell = 43  nTrainCell = 43  nDiff = 0  (X,Y) = (1855, 1045)  Position Error = 97.4166
TrainID = 206  dbValue = 1.633  nTestCell = 43  nTrainCell = 43  nDiff = 0  (X,Y) = (1975, 1055)  Position Error = 33.0151
TrainID = 1081  dbValue = 1.74488  nTestCell = 43  nTrainCell = 42  nDiff = 1  (X,Y) = (1875, 1075)  Position Error = 73.0068
TrainID = 1094  dbValue = 1.74501  nTestCell = 43  nTrainCell = 40  nDiff = 3  (X,Y) = (1955, 1015)  Position Error = 59.4138
TrainID = 1030  dbValue = 1.79963  nTestCell = 43  nTrainCell = 42  nDiff = 1  (X,Y) = (1985, 1125)  Position Error = 63.0079
TrainID = 374  dbValue = 1.85457  nTestCell = 43  nTrainCell = 40  nDiff = 3  (X,Y) = (1995, 1095)  Position Error = 51.4782
TrainID = 190  dbValue = 1.87912  nTestCell = 43  nTrainCell = 42  nDiff = 1  (X,Y) = (1925, 1015)  Position Error = 63.3246
TrainID = 886  dbValue = 1.92227  nTestCell = 43  nTrainCell = 43  nDiff = 0  (X,Y) = (1855, 1075)  Position Error = 93.0054
TrainID = 518  dbValue = 1.96297  nTestCell = 43  nTrainCell = 43  nDiff = 0  (X,Y) = (1865, 1075)  Position Error = 83.006
TrainID = 321  dbValue = 1.97371  nTestCell = 43  nTrainCell = 42  nDiff = 1  (X,Y) = (1855, 1145)  Position Error = 117.004
TrainID = 571  dbValue = 1.99794  nTestCell = 43  nTrainCell = 42  nDiff = 1  (X,Y) = (1825, 1045)  Position Error = 126.372
TrainID = 885  dbValue = 2.05202  nTestCell = 43  nTrainCell = 40  nDiff = 3  (X,Y) = (1915, 975)  Position Error = 104.355
TrainID = 186  dbValue = 2.09465  nTestCell = 43  nTrainCell = 42  nDiff = 1  (X,Y) = (1995, 1175)  Position Error = 111.4
TrainID = 944  dbValue = 2.10066  nTestCell = 43  nTrainCell = 42  nDiff = 1  (X,Y) = (1855, 1135)  Position Error = 111.221
TrainID = 636  dbValue = 2.15207  nTestCell = 43  nTrainCell = 42  nDiff = 1  (X,Y) = (1895, 1175)  Position Error = 114.061
TrainID = 333  dbValue = 2.1992  nTestCell = 43  nTrainCell = 43  nDiff = 0  (X,Y) = (1825, 1135)  Position Error = 137.295
TrainID = 345  dbValue = 2.408  nTestCell = 43  nTrainCell = 42  nDiff = 1  (X,Y) = (1795, 1105)  Position Error = 156.109
TrainID = 1028  dbValue = 2.46431  nTestCell = 43  nTrainCell = 42  nDiff = 1  (X,Y) = (1825, 1065)  Position Error = 123.329
TrainID = 619  dbValue = 2.48804  nTestCell = 43  nTrainCell = 40  nDiff = 3  (X,Y) = (1995, 1085)  Position Error = 48.2701
TrainID = 804  dbValue = 2.53954  nTestCell = 43  nTrainCell = 40  nDiff = 3  (X,Y) = (1845, 1205)  Position Error = 166.643
TrainID = 346  dbValue = 2.54092  nTestCell = 43  nTrainCell = 42  nDiff = 1  (X,Y) = (1795, 1075)  Position Error = 153.003
TrainID = 402  dbValue = 2.58991  nTestCell = 43  nTrainCell = 43  nDiff = 0  (X,Y) = (1775, 1015)  Position Error = 182.784
TrainID = 715  dbValue = 2.60887  nTestCell = 43  nTrainCell = 42  nDiff = 1  (X,Y) = (1795, 1055)  Position Error = 154.175
TrainID = 398  dbValue = 2.61699  nTestCell = 43  nTrainCell = 40  nDiff = 3  (X,Y) = (1895, 945)  Position Error = 139.463
TrainID = 200  dbValue = 2.8134  nTestCell = 43  nTrainCell = 42  nDiff = 1  (X,Y) = (1915, 1225)  Position Error = 154.564
TrainID = 718  dbValue = 2.89764  nTestCell = 43  nTrainCell = 40  nDiff = 3  (X,Y) = (1855, 935)  Position Error = 167.242
TrainID = 589  dbValue = 3.05553  nTestCell = 43  nTrainCell = 42  nDiff = 1  (X,Y) = (1805, 965)  Position Error = 179.805
TrainID = 1067  dbValue = 3.1615  nTestCell = 43  nTrainCell = 42  nDiff = 1  (X,Y) = (1975, 1245)  Position Error = 173.118
TrainID = 997  dbValue = 3.3302  nTestCell = 43  nTrainCell = 42  nDiff = 1  (X,Y) = (1945, 1255)  Position Error = 181.025
TrainID = 145  dbValue = 3.47356  nTestCell = 43  nTrainCell = 40  nDiff = 3  (X,Y) = (1815, 1175)  Position Error = 167.003
TrainID = 572  dbValue = 3.59313  nTestCell = 43  nTrainCell = 40  nDiff = 3  (X,Y) = (1935, 935)  Position Error = 139.607
TrainID = 742  dbValue = 3.66036  nTestCell = 43  nTrainCell = 40  nDiff = 3  (X,Y) = (1735, 985)  Position Error = 230.846
TrainID = 714  dbValue = 3.75812  nTestCell = 43  nTrainCell = 40  nDiff = 3  (X,Y) = (1865, 1255)  Position Error = 199.123
TrainID = 985  dbValue = 3.7654  nTestCell = 43  nTrainCell = 40  nDiff = 3  (X,Y) = (1865, 1265)  Position Error = 208.255
TrainID = 162  dbValue = 3.82611  nTestCell = 43  nTrainCell = 40  nDiff = 3  (X,Y) = (1745, 955)  Position Error = 235.308
TrainID = 132  dbValue = 3.8339  nTestCell = 43  nTrainCell = 40  nDiff = 3  (X,Y) = (1855, 1255)  Position Error = 203.494
TrainID = 671  dbValue = 4.05884  nTestCell = 43  nTrainCell = 40  nDiff = 3  (X,Y) = (1885, 1255)  Position Error = 191.651
TrainID = 1076  dbValue = 4.07686  nTestCell = 43  nTrainCell = 40  nDiff = 3  (X,Y) = (1875, 1285)  Position Error = 223.271
TrainID = 522  dbValue = 4.08938  nTestCell = 43  nTrainCell = 43  nDiff = 0  (X,Y) = (1795, 915)  Position Error = 220.658
TrainID = 1000  dbValue = 4.11205  nTestCell = 43  nTrainCell = 40  nDiff = 3  (X,Y) = (1855, 905)  Position Error = 192.899
TrainID = 787  dbValue = 4.26052  nTestCell = 43  nTrainCell = 43  nDiff = 0  (X,Y) = (1765, 915)  Position Error = 242.425
TrainID = 177  dbValue = 4.42013  nTestCell = 43  nTrainCell = 43  nDiff = 0  (X,Y) = (1775, 885)  Position Error = 256.223
TrainID = 413  dbValue = 4.73119  nTestCell = 43  nTrainCell = 40  nDiff = 3  (X,Y) = (1875, 1305)  Position Error = 242.26
TrainID = 1149  dbValue = 5.0385  nTestCell = 43  nTrainCell = 40  nDiff = 3  (X,Y) = (1835, 875)  Position Error = 228.845
TrainID = 613  dbValue = 5.09616  nTestCell = 43  nTrainCell = 40  nDiff = 3  (X,Y) = (1895, 1345)  Position Error = 276.134
TrainID = 271  dbValue = 5.23691  nTestCell = 43  nTrainCell = 40  nDiff = 3  (X,Y) = (1955, 1335)  Position Error = 261.094
