trainID = 318  0.993  0.3438  2.0117  1.006  4.327  0.6338  1.833  1.041  2.1987  0.5432  1.3935  0.1783  2.2038  0.7569  1.9467  0.0595  2.4634  2.7187  4.2942  1.4348  1.7083  1.6392  1.7626  3.7922  1.5464  3.7557  0.9304  3.9702  0.1981  1.0453  2.5302  0.906  0.6448  0.8542  1.2018  0.482  2.8459  1.4165  4.0193  2.7176  0.773  0.268  0.0553  
trainID = 362  34.6894  1.6572  7.3262  4.2066  4.3423  1.217  0.4536  5.0588  5.3995  3.6332  2.6671  3.0648  1.2899  0.4073  1.8798  0.3099  11.7288  3.7291  26.1651  2.7564  1.8066  7.4742  6.3236  4.6337  2.6642  1.0423  6.6714  5.1671  0.9111  1.1938  3.5307  0.78  5.1934  1.1889  2.6211  4.152  3.4676  4.3857  1.6873  3.5575  32.9969  
trainID = 375  2.2791  1.8859  1.648  2.5935  2.23  4.3815  0.2097  1.9179  1.7114  3.3076  1.3658  0.822  4.1828  3.7778  0.4982  1.6976  1.5436  3.4167  1.6409  1.1797  7.1986  5.6929  0.274  0.9666  12.0091  4.8586  2.3477  3.2767  6.6879  4.0626  0.813  3.5982  1.3943  4.1108  2.3285  1.2625  3.4587  0.391  2.7186  0.313  0.474  0.659  
trainID = 421  1.4372  0.5443  1.188  4.0539  2.3808  1.2939  1.4531  0.5002  0.8359  1.1131  1.7508  0.174  0.8198  0.1477  0.8107  3.5998  2.6821  3.2036  0.2975  0.886  0.0059  0.7489  3.1777  2.5928  9.4745  0.7521  4.1105  3.894  2.6458  4.3728  0.08  1.31  0.5366  2.9422  1.6269  3.0048  0.4493  0.3027  0.4563  0.787  2.3154  2.4276  
trainID = 437  0.81  1.9223  1.327  1.846  2.2539  0.1301  0.7805  0.6993  2.1216  0.9769  1.3279  4.0168  1.2091  2.1602  1.139  1.5511  1.4609  0.4759  1.1926  0.2118  0.1491  1.185  1.6287  1.6475  0.0464  0.2431  1.6831  3.9575  1.4875  0.4455  3.0981  1.015  0.0758  0.6301  1.2342  2.4414  0.2043  1.2817  0.1677  0.506  2.588  1.429  1.0004  
trainID = 446  1.6652  1.9492  0.698  0.4498  2.7109  4.7493  2.5334  1.2402  1.8834  1.9207  1.7258  2.305  3.8048  0.7035  3.12  1.0828  1.3359  1.228  1.7572  1.1835  5.382  0.949  0.3606  2.6592  10.7708  1.4557  7.2105  0.6959  3.4628  6.8114  0.656  2.2084  1.4234  2.8131  0.094  0.4348  1.5538  0.4287  0.0758  0.84  1.8027  1.953  
trainID = 465  1.276  0.6529  0.895  0.6245  1.4869  3.5546  1.1581  0.7561  1.9064  0.0392  2.2828  1.177  2.9227  2.9299  1.6407  0.3452  0.5252  0.7525  1.1068  3.4722  4.1693  2.8951  3.2437  2.3618  12.179  0.6912  5.7129  4.1333  2.0303  6.0716  0.16  2.8402  0.4465  2.97  2.1053  2.758  2.5974  1.1022  1.1389  0.593  0.404  4.1451  
trainID = 467  0.711  1.9164  1.5794  1.781  2.8257  0.0407  2.9395  0.0274  1.0929  0.327  1.0544  0.1077  2.3783  1.0406  3.384  0.3407  0.8631  1.6571  0.0556  0.4543  0.119  1.5834  3.0241  0.6632  0.1604  0.1154  1.3677  2.2987  2.4579  0.4133  4.0364  0.62  0.1386  0.6232  0.394  0.962  2.4467  0.5368  2.7006  0.4688  1.9004  0.778  0.0981  
trainID = 469  5.1838  0.8795  1.344  4.574  0.4765  2.5204  1.6111  0.8091  2.8484  0.0162  3.8638  0.522  5.1845  3.4311  0.8393  5.0455  3.1435  0.8613  0.7373  1.6074  5.2479  1.5707  1.0335  1.1777  12.6631  5.7735  2.0387  1.0939  6.2171  0.0855  2.649  3.6969  3.0732  5.3081  2.2841  0.6106  3.6529  2.3111  1.7094  1.0885  2.0388  0.9521  
trainID = 483  36.2415  0.9055  1.5053  4.0665  3.2249  0.2938  1.0718  3.7814  2.7797  1.1571  2.7029  4.6228  1.8307  1.436  0.042  1.6908  5.9086  4.903  6.0965  2.4895  0.8927  0.691  2.1393  1.9799  2.2953  0.5661  2.4495  2.8244  0.3436  0.4802  6.5816  0.915  3.8627  0.9609  2.0122  0.7539  0.2153  3.0027  3.006  1.1583  31.1479  
trainID = 489  34.8309  2.2364  3.7218  1.465  4.0533  4.2993  1.6105  0.3042  6.4054  2.9731  34.2  4.3327  3.3293  1.5034  8.5482  3.7186  7.8507  3.3786  4.9516  0.9581  2.5307  3.1739  3.1552  3.8746  2.9549  9.1969  4.7718  3.9992  4.3478  2.4705  1.399  0.8513  0.7424  0.105  5.1655  0.7001  3.3237  3.0436  2.369  1.216  2.6688  
trainID = 493  35.8686  1.6037  6.3572  0.761  8.0748  6.8212  3.2132  3.5133  6.1  1.1195  36.839  2.179  2.646  3.0656  15.6614  2.0343  8.3782  3.4046  4.698  3.8357  3.2605  5.5067  3.3672  3.4219  5.4396  10.8496  3.9754  2.9151  6.697  1.1879  2.0838  3.0373  2.1703  3.354  6.1297  1.396  2.3516  2.9666  0.267  0.02  0.3848  
trainID = 507  32.1942  0.9882  7.6722  2.323  5.629  0.1423  1.9349  3.3976  3.6738  3.2254  0.4764  3.2498  1.402  2.228  0.2558  1.3131  14.211  1.3834  30.0668  3.9998  1.3018  7.3161  2.4639  4.5487  1.5073  2.4327  5.4427  7.7692  1.9035  2.1626  6.0431  0.594  4.6594  4.1265  0.5809  1.393  4.1071  2.9167  2.5281  3.1209  32.4319  
trainID = 552  34.6754  0.1287  0.7361  3.4441  0.5551  2.6366  0.9528  0.2343  2.3267  2.1944  1.684  5.0368  0.578  3.0435  0.8853  2.6343  0.4838  1.1417  3.9436  0.6671  0.0377  0.0846  1.1238  4.2787  2.8185  0.3169  2.6644  0.3629  2.0216  0.1044  3.7518  1.026  0.9548  0.0102  2.8161  1.3933  2.3154  2.2417  4.0113  0.0829  
trainID = 616  0.786  1.9769  0.386  2.6124  5.9834  1.6894  1.246  0.2491  0.7243  36.647  2.6977  0.3113  0.3471  0.1571  1.7922  2.4204  2.143  5.2871  4.5267  0.1815  0.8063  2.0103  12.3577  0.322  9.9667  3.4527  5.5051  6.4267  0.847  2.6312  0.5581  5.6372  0.5913  2.5964  0.1988  1.209  2.4357  1.7176  1.9617  1.7946  
trainID = 631  34.6586  0.4802  0.0748  3.06  0.2786  1.3272  1.7599  3.8072  1.2375  1.9484  1.0718  2.2568  2.2785  3.9897  2.7768  2.2617  1.2422  1.07  4.4413  1.0979  3.4354  0.1282  0.1595  2.4252  0.8249  1.6949  2.2026  0.9167  0.6309  0.2993  3.5959  0.88  3.4608  0.6852  3.7083  1.55  0.9972  2.2497  3.5473  0.577  34.7959  
trainID = 633  35.136  0.2456  6.2582  0.395  9.7286  0.4799  0.4651  2.2987  5.8968  3.1291  1.294  0.6465  1.288  0.5822  0.818  0.9402  13.9607  12.7908  14.8628  2.722  1.3221  4.3664  4.0409  3.8744  4.6386  1.6889  5.4793  7.2058  0.5245  0.4804  1.2932  0.133  4.1574  2.0003  1.9101  0.617  0.6606  2.5167  4.5363  2.0259  1.3645  1.64  1.4327  
trainID = 686  0.152  0.5584  2.4647  0.829  4.3301  2.3869  3.0864  0.5354  1.0628  0.3871  1.2166  2.6908  2.608  1.5325  3.2824  0.7162  3.8523  3.0642  1.7927  0.5349  3.232  1.4097  0.7358  1.2108  1.2784  5.9226  1.5559  6.5537  1.4681  0.6347  5.3443  1.5053  2.7956  0.8577  3.112  0.2267  3.7213  1.5846  4.1983  0.1427  0.406  0.609  1.7618  
trainID = 696  0.9003  3.7933  1.092  4.2066  6.0093  3.9291  0.5309  2.8055  1.0033  35.063  3.5319  4.0619  1.5259  12.735  1.2119  4.9788  3.0007  5.7009  1.7625  3.7383  4.6367  5.9486  6.6635  2.501  10.1678  6.1162  4.8996  7.5796  2.8508  0.073  1.9108  1.2263  1.86  4.537  1.0553  2.5617  1.6316  0.687  1.083  4.586  
trainID = 792  0.679  0.0283  1.6015  2.512  0.4983  1.1272  4.2689  2.51  1.0315  1.3189  0.3661  4.3538  1.161  2.4739  1.8567  0.7851  2.9403  6.6376  2.0741  2.8192  1.7637  2.3454  0.2898  4.0526  2.7015  4.4885  2.7157  4.4451  3.4706  2.2017  7.5205  0.051  3.3521  1.7321  1.1781  0.6312  2.2625  0.0594  0.8266  0.0092  1.7184  0.788  0.905  
trainID = 796  0.5169  0.1384  2.394  1.8517  1.7541  2.8074  1.3059  2.1934  1.5609  2.1994  0.6891  0.21  1.269  0.7253  1.1626  0.1863  3.5809  1.138  2.9675  0.6865  1.742  1.0984  4.4937  1.9879  5.9171  0.2018  0.2644  0.4204  2.9812  2.728  0.37  1.5006  0.8371  2.4622  1.624  0.8187  0.5908  1.784  1.2749  0.5  0.263  1.5682  
trainID = 805  1.2149  1.579  3.222  4.7011  1.4209  4.0955  1.4601  2.6552  1.3748  0.903  1.1668  1.1506  1.4207  3.7593  0.7462  0.6963  0.3295  0.8284  0.6401  0.7806  2.6642  2.6904  0.5161  1.2143  0.1955  1.7895  4.2886  1.1369  3.0525  0.7293  0.448  0.46  1.3311  0.847  1.8064  0.305  0.7602  0.1881  0.3414  0.754  0.331  0.4679  
trainID = 819  31.1998  0.1278  5.7952  0.367  8.3229  6.3636  0.7109  2.8621  4.2132  3.2627  2.0932  4.6251  5.6428  20.5306  1.1602  7.0322  3.6707  4.6698  5.1224  2.2029  5.2087  3.541  4.7846  5.3621  11.6325  3.0681  2.3458  6.7167  3.2072  1.4457  3.6043  1.1623  1.98  6.1402  1.4784  2.5382  1.4403  0.472  1.6793  2.4986  
trainID = 850  35.5625  1.9677  3.1523  0.541  5.8034  1.966  0.2913  4.2672  5.69  3.1498  0.8525  1.7788  0.956  1.4296  1.8142  2.4853  10.3582  8.9567  12.1476  0.0503  0.5435  3.6124  3.0547  5.6047  3.2365  1.9898  4.6679  4.1235  0.2127  2.308  4.4407  0.989  2.4876  0.9184  0.9746  1.0247  2.5245  1.4237  3.0073  1.6074  1.31  0.673  1.1295  
trainID = 855  33.5938  1.6506  7.7132  0.628  7.0775  5.9342  3.0284  2.2447  2.8598  2.0216  36.538  1.824  3.2985  1.0058  25.8329  2.3454  9.8074  5.263  3.7243  5.7994  1.2811  3.0607  3.2223  5.7883  6.8708  11.9843  4.839  1.7022  6.5447  1.6019  4.3364  2.0691  0.3309  0.722  3.9478  1.3453  0.6607  1.8668  2.1  1.586  0.6517  
trainID = 859  33.5348  0.607  3.2807  3.2228  7.4014  2.9253  1.1736  2.9516  3.5847  1.1333  2.3212  3.4988  2.837  0.4439  1.0284  1.6407  10.2618  12.8167  10.2826  1.5228  1.1838  1.9126  0.7514  5.3917  4.2186  3.1958  6.4794  6.0252  0.5698  2.2702  7.3041  0.41  2.7136  1.4731  0.4999  1.79  1.2238  0.4798  4.7433  1.8803  0.414  1.189  2.0931  
trainID = 917  0.162  2.0665  4.9797  3.0168  4.3673  3.2554  2.6513  1.885  3.6065  1.59  0.0484  2.9828  2.108  1.4324  0.7503  0.4521  3.6165  4.6533  5.6193  3.725  1.1503  0.2535  3.4498  2.7039  3.0657  5.0146  2.5506  6.2779  3.6462  1.2454  5.2899  0.435  0.7225  0.1272  0.4617  0.6699  3.0407  0.1686  2.6998  0.7125  1.382  0.163  1.3336  
trainID = 929  0.331  1.5322  3.1509  0.341  2.0864  6.6485  4.4347  3.3026  1.3852  0.5814  37.868  1.4698  3.8944  2.4967  4.726  1.4732  2.8761  4.4345  3.2893  1.6429  0.8766  3.6484  3.1538  6.7542  2.6922  13.9357  6.8301  4.4482  6.6903  0.338  0.5491  1.1087  3.8061  0.095  2.4494  0.7787  1.493  0.7246  0.454  0.903  2.658  
trainID = 930  33.3104  1.528  7.5312  0.197  7.5698  6.1994  2.358  2.2768  3.6859  0.6953  1.2444  5.2158  2.143  23.1837  6.0002  8.3787  5.6871  7.0555  5.2309  2.9669  2.8111  7.9006  5.6462  5.653  13.1799  5.2858  2.6413  8.0895  3.438  0.4723  4.7657  1.4067  0.377  6.6439  2.842  2.806  3.254  0.271  1.6486  2.4597  
trainID = 945  37.2449  3.8091  4.2141  2.7003  8.8142  0.4177  0.4088  2.8281  5.045  1.9117  0.2487  2.4988  0.507  1.5241  1.1001  0.267  12.7809  0.8424  25.9893  0.1417  2.8635  6.9277  1.8542  5.0567  2.0255  2.4742  6.5471  5.2311  0.147  1.1645  1.7027  0.7  4.3604  1.4042  1.2044  1.605  5.6146  2.6267  4.4813  4.3388  33.8969  
trainID = 961  0.125  1.798  0.2618  2.7226  2.4299  0.2837  2.2274  1.5183  0.6425  1.6464  1.436  0.1462  1.7165  0.1127  0.471  4.4907  0.4525  2.721  1.0669  2.6099  1.1781  2.6042  0.2732  1.6061  0.5656  3.1119  1.3108  1.8011  0.2795  1.7188  1.4347  0.067  0.0951  1.2513  1.4791  0.43  0.2026  0.4814  3.6313  0.4569  1.124  0.178  0.1252  
trainID = 969  1.1655  1.4362  1.729  3.275  2.0826  2.3774  0.3848  2.1265  1.1222  0.8133  0.7043  2.441  0.8718  1.1614  2.1362  0.8195  0.7593  1.6928  0.4847  2.3896  2.6237  1.1236  2.271  0.6014  3.8043  1.2162  0.8739  1.4254  2.0516  2.815  0.041  2.5691  0.5456  1.5771  1.0481  0.0389  1.5349  1.904  1.1657  0.575  0.299  1.4147  
trainID = 984  34.0745  0.7654  7.8452  0.37  7.0097  5.9615  6.2617  5.5058  6.3232  2.194  2.1989  3.52  0.1249  16.7278  2.2498  7.3282  4.0719  1.7484  2.6868  2.2461  3.5474  2.8549  6.9605  4.0855  11.1039  5.2586  3.8257  7.4386  1.5742  0.1533  1.9903  1.8417  0.6369  4.3271  3.8902  4.0863  2.9508  0.707  0.425  2.9285  
trainID = 1009  0.4037  3.2593  2.317  2.3218  0.5813  3.5794  0.2729  0.5311  0.9531  2.7121  0.762  0.917  1.5305  1.1814  3.5684  1.7312  0.6341  2.2768  0.063  0.7154  1.5512  1.4124  2.8879  2.048  0.4131  1.2258  5.6262  2.4773  2.0779  2.3293  1.945  0.8168  1.9434  0.8246  1.7984  0.1994  1.3933  1.3454  1.6068  1.191  0.103  0.8232  
trainID = 1088  0.5866  1.0778  2.112  1.8997  0.0971  3.8562  1.1151  1.2397  0.4285  1.7368  5.1408  2.085  1.1548  0.2835  1.8255  1.7624  1.1942  1.0442  0.0661  1.4058  3.3588  1.7826  1.7957  2.8671  6.5629  0.9139  0.3068  4.1056  1.8381  2.9291  0.559  2.349  1.1313  4.1253  0.795  1.1644  0.0424  0.5894  0.943  1.046  1.56  0.1065  
trainID = 1105  1.5232  1.2739  1.937  3.1247  3.672  3.5938  0.4731  1.3654  1.3406  1.9252  3.0168  0.38  1.6896  3.7301  0.3538  1.6682  2.9226  1.9221  1.8858  3.123  2.0123  0.7957  4.3847  1.0654  7.4374  0.1915  4.6033  3.0448  0.1724  4.2342  0.023  1.4195  1.1251  0.8133  0.424  2.1178  0.8016  0.7266  0.2328  0.587  2.7575  1.0225  
trainID = 1107  1.903  1.6435  3.7223  1.373  4.5493  1.964  2.0745  0.5869  2.7933  1.3246  1.2875  1.5338  3.093  1.3721  2.274  2.0122  4.5605  2.8806  3.3441  1.518  2.3821  0.0932  0.117  5.1927  4.3116  6.436  4.4547  5.7907  2.8143  2.8867  5.1343  1.4603  0.057  0.8336  1.372  1.0626  2.069  2.0317  3.5233  0.7673  0.23  0.987  1.3316  
trainID = 1118  35.9804  2.3827  5.6678  1.349  9.8719  1.7508  2.2737  2.5957  5.352  2.3529  1.0451  3.6718  1.487  1.2367  0.3477  3.8392  12.7334  3.1588  32.2015  2.7638  1.8778  6.9969  2.6515  5.4937  1.8077  2.8174  8.2478  6.374  1.399  1.5498  4.2428  2.5091  3.8661  1.9388  1.9163  0.2404  2.625  0.7501  3.7353  4.7338  31.3919  
trainID = 1126  2.1601  3.0477  0.493  3.1248  1.2945  1.6016  2.3918  4.404  0.9657  0.1611  0.8475  1.215  0.8734  1.4621  0.6413  2.7104  6.2477  3.9909  0.3062  3.0298  2.6281  2.0756  4.8297  3.3498  5.0989  2.2798  3.2196  0.8463  1.1712  2.5834  1.4777  0.6982  0.1188  2.8063  0.4868  0.2793  0.0282  2.3441  0.4221  2.361  0.72  2.193  
trainID = 1153  35.409  1.8051  3.578  4.5114  4.651  0.3814  0.8891  3.7386  5.9735  0.6239  2.3743  4.3558  0.6825  2.2064  0.8131  1.9426  6.544  6.692  8.2161  2.4362  3.5931  3.4508  3.265  2.6394  2.7265  0.946  1.2703  3.5364  0.1073  1.4215  3.8622  0.242  2.5006  1.6182  0.326  0.526  2.3975  1.4578  5.0643  2.849  1.938  0.344  2.0319  
trainID = 1162  0.569  0.0344  4.0103  1.453  4.2004  2.3668  1.2703  1.0242  2.1124  0.8152  0.0311  1.6282  0.2346  7.7491  6.326  6.004  2.8594  3.787  1.7064  0.8329  5.5827  5.7916  5.3118  2.6347  9.7979  2.4595  3.1184  6.8698  1.422  0.3596  0.3839  3.8418  0.082  6.2497  1.1181  0.8201  1.9128  2.363  2.3483  0.1422  
trainID = 1171  32.6981  1.8868  5.3332  1.415  4.8141  3.3461  2.7502  1.6474  2.9553  0.1671  2.7457  1.1398  2.286  1.3924  2.5502  2.9562  7.167  5.6092  6.7743  3.5115  1.5047  0.7147  0.6235  3.625  2.0692  6.2187  4.8375  7.67  2.3275  1.6362  3.9303  0.225  1.3784  3.6772  0.7944  1.4553  2.5625  1.2413  2.0081  1.5786  0.19  1.246  1.1985  
trainID = 1189  2.7772  2.5432  1.331  4.2165  4.1026  3.3362  3.2791  0.2122  1.7294  2.1608  0.3696  0.3  4.2659  8.952  0.1034  3.2441  4.0306  2.7788  0.0103  2.2958  9.995  3.4625  2.6111  0.8242  21.3034  11.0793  2.9272  1.8329  10.6476  0.5657  0.233  4.0664  5.5773  4.4224  2.2204  0.0198  2.3831  1.724  2.3006  0.997  1.7329  0.6639  
trainID = 1200  2.643  0.2468  2.19  0.631  3.7242  4.1524  1.4753  1.9444  0.19  0.0832  2.4688  0.028  1.4183  3.7804  0.1804  1.4376  1.5216  0.9856  2.531  3.023  4.5436  1.2473  2.5367  1.2646  8.8213  0.7846  8.4682  3.6497  2.421  5.9423  0.767  3.2178  1.7646  3.4718  2.6186  3.5415  0.3332  0.4276  1.104  0.8985  1.212  2.1864  
trainID = 1211  0.2225  5.4051  0.399  7.7619  4.8435  1.7553  1.3977  2.8907  1.4541  36.828  2.234  0.3473  4.3941  7.5984  0.2197  4.9936  3.7334  2.8044  0.0016  0.4829  4.6287  3.1882  5.5852  3.1888  10.017  5.5532  3.1075  5.883  2.1028  0.0849  0.855  2.4911  1.7252  5.0781  0.6285  3.6793  1.5032  0.664  2.1868  2.1541  
trainID = 1240  3.3968  0.8928  1.725  3.0917  3.0549  6.1047  2.9231  2.83  1.3781  3.4007  2.0218  0.8115  6.8157  4.7008  0.7204  3.7553  4.681  2.5522  0.4887  1.5205  8.2334  4.0516  0.3441  0.3254  20.5271  8.8993  1.2143  1.0589  10.1077  0.2888  1.4716  3.3534  2.5202  5.1097  5.6646  1.8162  2.3909  1.8719  4.416  2.2567  2.786  0.2153  
trainID = 1246  0.0354  2.4439  3.8747  0.8111  0.0823  3.5172  0.5833  2.8751  2.2784  0.5142  2.6648  1.0196  3.3164  5.0083  0.9288  1.5993  0.6979  1.1986  0.9823  1.4959  4.5643  1.756  1.041  0.3538  8.4181  2.02  1.3019  1.9234  4.2346  3.3183  0.855  1.0595  3.8484  1.0062  1.5399  0.1487  0.4003  1.474  0.4223  1.651  2.397  2.0164  
trainID = 1261  0.321  0.2077  3.9955  0.294  5.9239  1.106  2.4708  0.605  1.807  0.306  0.0491  3.8478  3.068  0.512  2.5931  1.6512  5.5577  5.7312  6.5915  1.7379  2.6016  0.4981  1.1485  4.9447  3.595  5.3441  2.9145  7.8933  0.7462  2.6655  5.2771  0.396  0.777  2.9238  3.3634  1.486  2.8619  0.4642  2.6693  0.5354  1.9484  0.242  1.3648  
trainID = 1270  2.5918  0.8611  1.142  1.7675  3.3608  3.7591  0.9205  0.7279  2.7344  3.0598  3.8528  2.032  5.5338  3.5641  1.1495  1.4812  1.3837  5.7353  0.3258  1.3317  6.9064  4.5286  1.5907  1.3004  15.8201  9.3122  1.1464  3.5054  7.8576  1.0687  2.379  6.2641  3.8778  4.9727  1.1748  0.7313  0.1239  2.2653  2.9531  0.251  0.744  0.7379  
trainID = 1281  4.332  1.3515  1.112  2.3369  4.5226  3.319  2.3391  0.75  4.0024  0.0178  4.3948  3.306  7.3752  0.1583  0.2827  2.4437  0.946  4.0048  1.3881  2.5477  8.1844  1.2402  1.3265  2.7683  16.2451  4.4443  5.0832  4.0396  7.6532  2.3973  0.319  2.5678  0.6582  3.6167  2.5714  1.8241  3.0531  0.3313  3.9184  1.5676  2.4674  2.8422  
trainID = 1312  2.137  0.5734  1.318  0.0336  2.0345  2.709  1.6981  1.587  2.2634  0.6103  2.1538  1.151  3.9808  1.3231  2.0457  1.6536  0.6989  0.2234  2.1297  2.4726  7.334  1.4193  4.3367  1.2908  14.0346  2.635  7.3711  6.9101  6.3825  0.8983  1.655  4.7925  2.0302  3.4919  1.0438  3.1246  1.801  0.0138  2.0668  0.296  2.3792  3.2289  
trainID = 1314  34.3569  4.0225  3.2666  2.303  7.0788  0.3139  0.0783  3.6464  6.7118  3.3349  1.4884  0.8577  1.712  4.8127  1.253  2.2975  7.3789  0.9992  21.332  0.6263  2.9819  4.2461  0.2838  2.1262  0.7815  2.3763  2.9393  5.5457  0.5924  0.9491  1.8801  0.393  4.3644  2.8467  2.9294  1.152  3.0195  3.6717  6.6963  5.0865  
trainID = 1327  0.697  2.1222  2.3183  2.49  3.8777  0.8507  2.2175  1.2811  0.7131  2.7794  4.9375  0.1139  1.3847  2.4881  5.274  0.7053  2.1185  1.4877  0.8004  0.9509  0.289  4.5575  4.6929  2.1948  1.6311  5.9415  3.9822  6.9759  3.0326  5.9277  0.4578  0.958  2.0726  2.4099  2.8426  3.2547  0.448  0.3197  0.0788  1.4337  1.5005  2.7181  0.5395  
trainID = 1334  0.1519  1.4717  0.035  3.262  2.8114  2.846  0.8375  1.6536  1.9894  4.032  0.6878  2.175  0.3619  2.5743  2.2169  4.1986  2.0861  2.8405  3.768  2.7132  0.214  1.822  3.2988  3.5869  8.2879  2.1524  6.8906  2.7632  6.0421  5.9174  2.0196  0.3039  1.0678  1.2848  0.443  2.4908  1.8698  0.4276  2.6358  1.2772  1.516  1.8636  
trainID = 1360  2.2393  1.7517  0.198  2.4969  2.2256  4.4531  1.3171  0.114  1.0426  2.5694  2.1548  1.2673  2.0295  3.8258  1.5156  1.0533  1.1203  0.4511  0.8641  2.4335  5.4068  2.6455  0.0022  0.2306  8.6858  5.4096  5.174  2.8758  6.8651  1.8442  1.031  4.5411  3.5179  2.7775  2.2212  1.7971  0.3639  0.0901  1.7827  0.927  2.458  2.0907  
trainID = 1395  36.0506  0.1901  5.8892  3.4614  10.3288  2.3949  0.2618  3.5556  5.4956  0.8872  0.9553  5.2398  1.269  0.1457  3.4193  1.7594  18.6768  21.0269  18.9478  3.3359  0.4707  6.206  2.3497  6.6267  5.6866  1.0331  7.0559  8.5213  1.9594  0.5551  4.3622  0.442  3.265  2.259  0.5234  3.107  4.7142  2.1177  3.3843  3.171  0.852  0.691  2.5679  
trainID = 1410  1.0024  1.2746  1.318  0.7607  3.6162  5.4427  1.1271  1.4415  1.9854  2.7551  2.5808  0.816  3.4843  0.1073  2.4066  1.006  0.9898  0.0012  0.893  1.7549  5.5865  0.0631  2.3184  4.9396  13.3427  1.546  3.5918  4.3762  5.4225  5.0267  2.0484  5.1822  1.022  3.3129  1.2649  0.256  1.3681  0.4855  2.5526  1.6802  2.1225  0.1629  
trainID = 1441  1.865  1.3654  2.9328  2.229  4.2697  5.2621  0.0653  2.2302  3.6104  0.2356  1.1867  2.8148  1.982  0.3474  5.2225  0.6452  4.6164  5.0975  7.5197  3.0891  2.8743  3.3639  1.0812  4.0388  1.4526  4.4138  2.3801  9.1523  1.5647  1.8761  6.8037  1.7178  0.5468  1.7111  1.5705  0.5687  2.8909  1.1992  1.4615  1.3225  1.205  0.405  1.6937  
trainID = 1443  1.5918  1.4885  0.241  0.7402  4.8041  5.8047  2.4591  0.1201  1.7094  1.7847  3.8028  1.358  4.7613  1.9023  0.6276  1.3824  0.5192  4.0208  1.7248  0.4768  6.2038  0.8679  3.7676  0.1289  11.6895  3.8558  2.2148  2.328  8.0282  4.8735  0.46  2.1427  1.4689  2.7812  1.2486  2.9448  2.1846  0.3283  3.2683  0.68  0.355  1.5739  
trainID = 1446  35.2208  0.1034  5.5964  0.342  9.6617  2.3263  0.6137  1.7948  5.7215  3.5569  0.9488  3.6358  0.443  1.5059  1.245  1.2727  13.8644  17.6528  17.538  2.5361  0.9517  6.6248  2.8405  4.5897  2.3686  1.399  5.8237  6.6887  3.983  0.2825  4.1801  0.395  3.9494  0.496  0.7805  2.178  6.3652  2.1767  6.5423  3.4255  1.968  1.714  2.3732  
trainID = 1472  0.618  1.1708  5.249  5.9587  1.3411  1.3179  2.5854  3.1371  3.7668  2.815  3.3981  1.1022  1.3104  0.2405  4.0472  1.9827  2.0883  2.5966  6.8813  1.1671  1.1259  0.5227  15.1583  4.259  11.3565  3.5987  10.0911  5.8838  1.1759  5.0561  1.4734  6.9028  1.05  4.0433  0.6251  0.7702  3.0576  1.058  2.8343  0.949  
trainID = 1474  3.0051  1.0126  2.439  4.6704  4.5009  3.469  4.6661  1.3641  5.8894  3.0239  3.2148  2.431  4.0569  3.7487  0.4121  2.1641  5.071  3.1718  0.0555  2.9587  8.4539  1.5619  1.3124  0.511  17.3823  6.7518  1.5828  4.1398  10.7413  1.005  1.434  4.7597  5.7671  4.1509  3.1513  0.2326  2.7148  1.3135  1.3541  0.045  0.964  1.9651  
trainID = 1496  1.736  0.5727  0.0096  1.542  1.7807  1.9721  2.5483  0.8351  2.0347  0.6535  3.1507  0.0448  1.7024  1.3431  0.1846  1.1995  0.0333  0.2877  0.8213  1.1079  0.7329  1.862  0.2303  1.0034  0.6028  1.4391  2.5185  1.6392  1.6787  1.0973  2.6105  0.253  0.8107  2.805  0.4175  2.2181  1.0491  0.4189  1.7238  0.3092  2.415  0.473  1.6652  
trainID = 1505  1.748  0.5592  0.8909  0.939  1.3673  4.2275  2.4469  1.2011  0.7549  2.2344  0.1195  0.8535  0.272  0.3626  4.0791  1.4874  1.9317  1.9753  1.7092  0.2428  1.1874  1.4099  0.6204  2.7863  3.296  5.0187  3.1516  2.8788  1.9451  0.8412  2.8165  0.037  0.69  1.9023  1.232  1.7709  0.5738  0.6978  2.6545  0.1432  0.312  1.422  0.6899  
trainID = 1507  32.7483  0.5677  4.1449  2.09  10.2355  4.9052  1.7436  4.0906  4.8635  1.0123  36.387  1.4205  1.3632  2.5625  26.4789  0.6141  13.1043  4.8593  1.6814  4.5347  4.3726  4.4857  2.1174  2.6961  4.4277  9.8057  3.8292  2.1174  4.3005  0.284  3.0338  3.6236  0.9577  2.919  4.5235  0.5031  3.4753  3.8683  0.617  0.818  1.8174  
trainID = 1514  36.2681  0.431  3.3068  2.7484  4.3227  3.0144  2.0648  2.1909  3.6069  0.9748  0.8517  2.4148  1.079  1.1166  0.6114  0.7508  4.9231  6.1456  6.4973  1.303  2.0845  4.1655  2.2223  2.8578  2.5256  0.862  3.0066  1.6121  1.2292  2.0831  3.4799  0.708  1.1233  0.3035  1.0692  0.8513  2.0948  2.5757  0.7701  2.0252  33.9329  
trainID = 1518  1.9739  0.5038  1.45  1.6146  3.1749  3.7713  1.3552  1.2738  0.5037  2.2787  4.9938  0.982  3.034  2.791  0.4  1.3287  0.3417  1.2042  1.5888  1.5254  5.2939  1.9522  4.3387  2.8564  11.5717  1.4507  7.9849  5.3909  4.1088  4.9771  3.3802  5.0702  0.5759  3.432  0.9585  2.403  0.0451  1.6536  0.0135  2.5834  3.4878  4.0926  
trainID = 1522  33.9001  1.8065  5.6678  1.395  6.273  0.6629  1.0653  2.1705  4.0941  1.9953  0.8891  2.2118  1.468  1.6445  2.5668  0.0273  5.2962  0.4067  20.4564  2.7001  3.3875  4.0643  0.3433  4.4277  3.1295  1.6346  7.563  4.3294  1.4339  1.1984  4.0856  1.454  1.6132  1.0585  1.767  0.161  2.1355  2.9927  3.7403  3.4796  34.0359  
trainID = 1526  32.789  0.0164  5.8122  1.929  4.6029  4.3809  0.2556  0.9599  3.3751  2.2095  35.758  3.4532  2.9639  2.8743  12.2865  4.4532  7.9826  4.9828  3.8532  0.4954  3.4411  4.8427  2.2495  4.1841  3.277  11.311  1.94  2.4829  7.6077  2.3851  3.7375  1.8405  3.3834  0.376  1.9948  1.026  0.5946  1.2477  1.443  0.745  1.6403  
trainID = 1541  1.0978  2.5698  2.6675  2.2361  0.5186  1.2875  0.3558  0.2216  1.4856  0.6912  1.9858  0.314  1.4918  1.2834  2.5936  0.7073  2.131  1.4577  0.1966  0.5216  0.4828  2.0224  2.3613  0.5268  2.2873  0.2673  0.8356  1.8739  0.8966  4.4874  0.923  3.7783  1.0726  0.4585  1.805  1.4722  0.7443  2.924  0.3229  0.189  0.818  0.8768  
trainID = 1562  34.6245  0.9816  6.5122  2.9714  3.8737  4.4643  2.5661  0.2829  3.0858  1.0841  2.086  2.6588  2.968  0.4924  3.3788  0.0263  7.4347  7.193  7.8792  3.1309  3.6493  1.5974  0.1004  3.0143  3.4652  5.5593  2.5052  8.0073  2.5847  3.0158  5.3278  1.8014  0.6012  0.9527  1.3815  0.176  4.9154  0.2532  2.8342  0.4118  0.485  0.315  1.9198  
trainID = 1564  37.0324  4.8772  5.4875  3.1038  10.0118  1.3755  2.1477  2.6711  4.1106  3.1047  2.1502  1.5398  1.38  4.7522  2.8137  3.1482  7.4374  7.8868  24.4126  0.0906  4.0302  7.4368  1.8087  2.9981  0.977  5.5274  5.2392  4.2295  1.7047  3.1159  2.2282  0.165  3.0045  0.3741  3.8982  0.389  2.694  2.1047  5.1683  6.0695  
trainID = 1615  36.6885  1.5282  3.8549  1.544  7.3023  0.1865  3.1967  4.4657  3.1499  2.0373  0.8082  3.6758  0.744  0.402  1.7205  0.4975  13.7496  7.5663  22.2602  1.3773  2.9205  6.804  3.8802  3.1475  3.5006  2.0175  4.9912  7.0881  1.4584  0.5749  3.6531  1.845  3.7522  1.8247  0.2799  1.239  2.9238  1.9067  3.3017  0.6406  33.5119  
trainID = 1623  34.9644  0.3284  2.8863  0.461  4.9417  5.138  3.0698  2.062  3.8746  0.1282  2.3238  3.0298  1.219  0.9553  2.3607  0.1171  8.0045  8.4201  7.4801  4.9618  2.1905  1.9641  3.5799  2.1314  4.6316  4.71  4.9326  5.52  2.1171  1.581  7.228  0.306  2.1739  1.7973  0.878  0.846  3.7054  0.9789  1.9816  3.3863  1.969  0.374  0.5285  
trainID = 1629  2.0301  1.3783  1.371  1.0764  1.2366  2.193  0.6389  0.0922  0.3056  0.4612  2.1608  2.615  0.239  3.6847  0.1149  2.9122  2.3497  1.7787  0.2379  0.3852  0.3153  1.0401  1.7979  2.0113  1.9667  0.3607  1.7775  0.1093  0.6388  4.3376  0.633  0.4892  0.1907  0.6637  0.858  1.0726  0.1552  1.5808  0.4551  2.699  1.075  0.5604  
trainID = 1637  0.179  1.9384  1.2206  1.579  1.4315  4.4918  3.2159  0.1866  1.7551  1.7864  1.2842  0.2407  0.814  3.6056  2.0537  1.4568  2.114  0.2655  2.5428  0.8805  2.2653  4.3268  3.3067  2.1147  2.117  12.1487  2.574  0.1307  1.2301  6.0643  2.4618  1.185  1.7928  2.5939  3.4762  1.6514  0.5834  3.6107  0.7099  1.3537  0.775  0.206  2.0914  
trainID = 1641  3.3701  2.4376  4.1318  1.8361  2.9669  3.228  0.2859  2.3847  0.4614  0.3719  0.6983  0.129  4.5582  4.4295  1.7508  1.553  1.327  1.9754  0.5912  1.5473  6.2387  5.2761  0.7448  2.9513  8.692  4.8086  4.1804  0.5232  6.5033  3.4638  0.029  2.1787  3.4655  1.9575  2.6754  0.2141  0.1972  1.4102  1.0846  0.346  0.639  2.3899  
trainID = 1654  0.226  0.38  0.9881  7.4851  1.6553  0.0124  2.8177  0.8226  1.1082  1.4775  1.5197  1.4098  0.483  1.6687  0.8617  2.1868  0.8271  1.529  0.9703  2.5579  0.392  0.9045  2.7608  2.3394  2.7994  0.5746  1.7598  0.6774  0.0805  0.8811  0.0332  0.294  1.5457  0.4673  0.1026  0.105  0.1359  0.6709  0.7337  0.9156  0.884  0.128  0.9822  
trainID = 1667  2.2691  0.0803  1.199  3.7254  2.5206  4.9597  1.0378  1.2559  1.7214  1.4962  1.8378  0.6728  6.2058  5.1043  0.3981  1.196  1.6085  2.2194  0.401  2.2745  4.3407  2.0376  3.9206  1.1176  11.0321  6.3183  3.7418  1.5192  6.6894  1.6172  0.34  3.296  4.4599  3.37  4.2096  0.2897  0.7909  1.4406  1.4215  0.767  1.8102  1.9991  
trainID = 1683  0.062  4.6704  0.3945  1.703  1.8231  2.5989  2.7745  0.9361  3.3249  2.6104  1.6485  1.9178  0.173  0.7868  2.6389  1.4682  1.3244  3.1622  3.426  3.6276  3.2407  3.1476  0.8313  4.0016  3.0529  4.3623  0.3755  3.7924  4.0374  2.2633  3.8532  0.868  1.814  0.9352  4.6221  0.2183  2.3499  0.2418  2.2299  0.0604  1.503  0.247  3.3608  
trainID = 1707  33.235  0.4841  3.7739  3.5779  7.1382  2.7878  0.462  2.4082  1.2729  1.546  36.512  0.8017  1.5058  1.0253  6.1883  3.4549  4.5503  2.3529  2.6382  1.3928  1.0239  2.2825  5.9356  4.7986  2.8564  6.895  3.2089  2.0136  6.0259  0.065  3.2498  2.3546  0.2627  0.1725  4.7852  1.6708  3.7043  3.094  0.208  0.147  2.3868  
trainID = 1727  2.13  2.4987  1.4092  2.179  1.4299  0.438  3.0058  0.5815  0.8522  0.741  1.4393  2.9648  1.6485  1.0511  2.935  2.202  0.4215  0.1983  0.8064  0.0947  0.9051  1.6844  2.1657  1.0922  0.391  1.9321  3.4216  3.5359  3.5067  4.1052  2.7855  1.296  3.2345  1.8002  0.1162  1.6147  0.5685  1.2371  1.5781  3.1204  2.772  0.292  0.6438  
trainID = 1743  1.2001  0.4568  1.703  2.1365  2.8958  1.6193  0.1595  2.3352  0.0552  0.8976  1.6718  0.47  0.6037  3.0523  2.4488  3.7243  2.6581  2.8802  2.0785  0.2998  1.8496  0.6597  1.2893  1.285  1.8111  2.8856  3.2339  2.3375  0.4381  7.6321  1.08  0.0249  0.9358  0.1513  0.951  1.5055  1.396  0.5212  0.7322  0.704  0.745  0.2999  
trainID = 1752  0.164  2.2952  1.0639  1.927  3.2623  1.5029  3.4467  2.3511  0.7595  0.428  2.1315  2.2798  3.496  1.7815  0.8136  1.0728  1.3866  1.325  1.2101  1.6169  0.3456  3.1884  1.3769  3.3387  0.9488  8.9752  3.607  2.9229  2.5756  3.0631  4.3213  0.175  0.9852  1.4266  3.4165  1.1284  1.5787  0.8739  0.1636  3.0205  1.9186  0.256  1.0971  
trainID = 1756  34.4795  2.9815  3.248  0.549  7.039  2.3805  2.9003  1.4345  2.2755  1.9803  1.2901  0.1048  0.489  0.1452  1.6728  0.6454  10.3176  12.2469  9.3658  1.2793  0.8042  1.7118  0.9743  4.6377  4.0046  3.3423  2.9918  9.8481  2.5272  0.7642  4.6453  2.129  2.8342  3.5891  0.8152  0.75  4.6496  4.2307  4.1513  0.9478  0.426  1.378  0.7726  
trainID = 1763  33.5286  3.237  1.0012  2.275  8.2232  1.0562  1.4428  4.1495  2.7494  5.0664  1.7665  1.4258  1.884  2.0093  0.5944  0.4515  12.0111  0.1964  23.614  3.6809  1.9485  7.1358  3.4974  3.6115  3.8446  2.6819  6.3489  4.6869  0.8673  1.0333  5.3551  1.244  4.0234  2.5543  3.1012  4.54  3.137  1.5014  6.8053  3.6189  32.8479  
trainID = 1803  0.849  3.7494  2.3409  0.017  3.1307  1.126  4.1883  0.3583  1.7297  0.8075  1.6976  0.2468  0.701  2.9024  4.4046  2.023  2.8234  2.8252  2.0481  0.6423  0.5413  5.227  2.4157  1.3075  1.3501  5.2899  2.6397  5.4703  1.7045  5.3972  3.2943  1.485  1.5625  1.2062  1.8316  2.5497  0.7934  0.2255  0.7946  1.9782  0.453  0.352  0.4106  
trainID = 1806  32.769  0.5113  4.379  2.242  8.5348  6.9357  3.2131  4.8018  4.8282  0.5226  2.6234  2.6559  0.6435  19.1585  4.244  9.4424  3.8323  0.6074  2.9709  0.2242  4.7877  5.7276  3.4044  4.5185  7.1706  2.5254  2.3495  8.2463  0.001  1.9827  1.6994  2.4818  4.165  4.9251  2.4947  3.2929  2.5176  0.58  0.762  1.7412  
trainID = 1822  0.451  2.8138  1.6849  1.179  0.2984  0.2223  1.6194  0.2815  2.53  1.4694  1.8358  2.7348  0.303  2.2564  0.836  0.426  1.1664  0.2935  0.2033  0.9116  1.0666  2.4465  1.4888  1.8991  2.1912  6.8267  0.9615  0.7662  1.4786  0.441  4.4288  0.278  0.8408  0.1605  1.8309  1.8096  1.4449  1.0446  1.2581  0.0504  0.316  0.773  2.0436  
trainID = 1831  1.5721  0.9845  1.845  0.4272  1.5969  3.8404  0.7948  2.3452  0.0399  2.6055  0.4286  3.475  3.0115  2.4092  2.3434  1.0263  0.3363  0.2339  0.3535  0.6776  2.3294  3.0645  1.4945  0.1043  6.0943  0.1243  4.1578  3.2076  2.855  3.0246  0.573  1.8504  2.5372  3.5073  1.212  0.4761  1.9364  1.9314  0.7209  3.425  1.054  1.8772  
trainID = 1833  0.6361  4.828  0.976  3.5362  6.2163  4.3636  1.3815  2.2633  0.3111  34.661  1.2609  2.4974  2.1237  7.2876  2.956  4.3043  2.1587  2.4987  0.6667  1.6093  4.0833  2.7347  8.2776  2.4665  11.2499  3.9931  2.1735  7.2208  1.431  0.7711  2.5478  1.8297  1.2055  5.1948  0.6968  0.835  0.3708  1.9145  1.544  2.9868  
trainID = 1902  34.9039  1.614  2.8035  2.259  3.6425  2.7165  1.3966  2.0576  0.5898  0.4078  1.2165  1.2038  1.4006  1.2793  0.3195  2.5844  8.3526  1.7762  9.7786  1.3961  2.8572  3.5767  0.6351  0.2101  1.4318  2.6893  3.9855  0.1492  1.8197  0.2646  2.5079  2.331  0.0378  0.3175  1.7424  1.0642  0.2658  1.0032  4.9733  3.8123  33.4949  
trainID = 1917  35.2278  2.5546  2.7956  0.309  5.3125  1.0306  1.0734  2.1674  2.8194  0.0155  1.9698  1.7378  1.6544  0.9299  0.4263  0.683  11.2394  8.7679  9.3336  2.143  0.7393  4.8646  0.5751  2.4137  3.2985  0.5675  6.1461  5.8255  2.4128  1.0727  3.2851  1.007  1.6102  2.0226  1.2658  1.818  1.1127  1.6177  3.2911  1.0387  0.38  0.471  1.836  
trainID = 1961  35.7879  4.0302  2.8171  3.4766  5.9292  1.3843  1.7987  2.6927  3.345  1.7761  2.4382  2.8228  0.785  4.9114  2.144  4.1791  3.9521  5.7564  17.2824  0.5518  2.6574  4.378  0.7199  2.7499  0.2498  4.1738  4.6343  3.3023  1.0629  1.5705  5.1726  0.361  4.3384  2.6983  4.0393  0.15  0.6277  0.8726  3.1563  2.8591  33.9489  
trainID = 2005  3.453  0.1824  2.6763  3.0632  4.9433  3.4191  0.79  1.5042  0.3012  0.5342  3.3398  0.39  3.1773  4.5438  2.0524  1.9871  5.0204  3.589  0.0207  0.1918  5.7648  3.6443  1.3321  0.1868  14.3344  7.2744  0.7823  2.3175  7.8613  0.2781  1.3881  2.5638  2.4524  4.9815  2.5698  0.295  2.5172  0.6657  0.9394  0.195  5.2563  1.5535  
trainID = 2050  1.448  1.6967  1.126  2.0961  5.7223  2.552  0.3  0.7335  0.6606  36.898  2.9799  2.6808  1.6285  0.5071  0.8791  1.3152  2.9689  3.9712  4.8997  1.1521  4.4117  3.8786  6.5244  0.6544  9.3398  6.06  4.2754  4.4308  0.068  2.676  0.5071  2.2708  1.122  6.2267  0.4649  0.573  1.5373  0.629  2.5716  1.7443  
trainID = 2109  5.0123  0.4995  0.732  5.4488  3.3184  5.8737  2.6731  0.4673  0.7124  2.0567  2.2698  0.053  6.7093  7.0082  2.342  2.762  2.7898  3.6147  0.9984  1.7207  6.7833  3.3531  2.3274  0.5604  17.9825  11.2744  3.3778  3.2195  8.3702  0.5399  1.6671  8.2187  3.3949  5.0935  2.1526  0.2979  4.7934  0.4032  2.963  0.435  1.331  0.6713  
trainID = 2127  36.8606  1.3741  0.3818  0.623  6.5912  4.336  1.2964  1.4253  0.9503  0.2516  1.9516  2.7078  1.228  0.0214  3.0768  0.1979  10.2298  8.6502  10.0617  2.9571  0.3685  3.3388  0.4629  4.7037  3.0316  2.4237  4.4005  7.3538  0.023  2.6163  6.375  0.946  0.8801  0.4472  2.1052  1.505  4.3297  2.2577  3.7103  1.6922  0.287  1.599  1.0668  
trainID = 2145  34.0676  0.0862  4.4095  3.3951  3.6268  3.5724  2.1734  2.9587  1.0692  0.0163  1.5043  4.2078  1.3044  0.8904  2.3209  1.065  6.4311  6.1326  7.6372  0.4551  1.1903  1.1442  1.1946  2.9539  1.6804  5.5505  4.2072  5.8193  3.8507  2.1637  6.7178  1.3056  0.5703  2.615  1.653  1.395  1.0945  0.3822  1.3118  1.7781  1.526  0.434  1.044  
trainID = 2151  32.4506  0.2201  2.2894  1.396  2.5474  3.5303  0.1931  0.5787  1.7006  2.8948  0.9701  4.3118  2.427  0.7581  1.9308  1.1255  6.4558  5.5367  6.2066  1.3803  1.2909  1.8604  0.0421  5.3347  4.1146  5.0589  2.5063  4.5861  2.5424  1.3254  0.0169  0.237  2.6874  2.2693  2.6066  0.216  1.4045  0.1707  2.8441  0.449  0.615  1.386  1.7032  
trainID = 2161  2.9494  0.8509  0.562  1.7801  2.5281  6.0347  2.8701  1.3153  3.3404  0.7687  2.1038  0.742  3.8747  6.1466  1.1945  0.8983  0.4336  1.4383  0.2299  2.7682  4.441  1.9112  1.4012  1.2361  11.3056  5.5339  1.1075  2.5841  5.7384  2.7804  0.885  4.0811  2.603  3.8846  3.3882  1.9489  1.389  0.8454  2.8815  0.548  2.3381  1.7016  
trainID = 2203  37.9831  3.4744  2.8186  2.63  6.7546  3.6339  0.25  4.2887  2.8661  3.8798  0.0155  0.4521  0.7728  1.8748  1.5845  0.177  6.5919  5.9722  21.6383  2.9463  4.1929  6.2853  2.643  6.0947  2.5355  6.7088  4.2497  3.2458  2.7479  0.8194  3.5641  1.445  2.9156  1.0306  0.3518  0.097  2.6193  4.0947  2.7711  2.5438  32.9869  
trainID = 2209  4.5059  1.9224  0.38  2.9054  0.9206  2.6976  2.2891  0.2293  2.5274  1.6994  1.9818  0.903  5.6079  2.1672  0.4897  3.5399  3.945  0.32  0.1913  0.192  5.7553  2.8209  2.9099  1.1249  12.7687  6.5158  0.588  2.3563  7.7879  1.7521  0.309  1.2084  1.4631  2.7723  1.1971  1.6379  0.4068  1.6156  2.4216  0.386  2.626  2.0433  
trainID = 2214  1.476  0.0297  2.2269  2.317  1.1075  0.1187  0.8395  0.9681  1.5183  0.3702  4.3858  2.9508  0.9482  2.6121  1.3338  0.8254  2.9696  2.9127  3.0846  0.1359  0.5815  0.32  2.2385  0.9577  1.8035  2.6582  2.1509  1.7746  1.0936  0.3355  5.7023  1.821  0.4688  0.9306  0.1117  0.1903  1.3322  0.8655  1.9199  1.2107  2.23  1.7903  1.7374  
trainID = 2231  33.1127  0.1432  9.2892  0.867  9.669  7.4469  4.6821  3.166  2.8585  2.5403  2.7852  5.3907  2.78  24.1014  10.3966  6.8847  5.4866  6.0935  7.1561  3.0651  5.0787  2.7621  4.7581  6.0008  13.9323  2.0452  0.9625  6.2012  0.861  1.0409  3.0122  0.6636  4.139  6.29  1.2597  4.2883  4.0319  3.0834  1.79  0.506  
trainID = 2318  33.4883  0.0898  5.4691  1.839  5.4244  2.6037  1.3247  3.1578  2.6712  0.2927  0.0463  1.1557  0.2406  6.8463  4.9799  7.6282  4.883  3.0586  1.9921  1.3658  3.5012  4.7016  5.7323  1.8795  8.348  4.8961  2.7682  6.6619  1.5445  0.1283  1.7091  0.0861  2.203  4.3777  0.4237  1.7818  3.4251  0.481  1.7788  4.3206  
trainID = 2353  0.4043  1.0147  2.304  2.0295  3.5312  1.5669  0.8951  1.6836  0.2289  0.9912  1.4748  0.9534  2.62  1.5043  0.7853  2.1952  0.1816  2.04  2.6528  2.7752  2.2228  1.3426  0.5905  3.1837  7.092  0.2799  7.6866  4.1935  2.5652  3.4693  0.693  1.4271  0.6172  1.0902  0.153  3.4809  0.0618  0.3068  1.349  0.703  2.2547  1.9952  
trainID = 2359  32.846  1.3657  1.1466  0.643  2.944  1.8932  2.9666  1.7685  3.8578  0.4501  0.1726  2.5628  0.008  0.4611  1.0916  0.5513  4.8485  4.589  5.0654  2.2723  0.2273  0.4203  0.4283  2.1364  3.3445  0.9286  1.4852  3.6235  2.5614  0.6064  3.8744  1.46  1.1325  0.9811  1.0919  1.5241  2.6995  3.8427  4.1683  0.2227  2.379  0.616  0.224  
trainID = 2439  1.2838  0.9778  2.178  0.3684  1.1816  3.3925  0.4637  0.5377  3.3144  0.7868  1.8808  0.511  2.3516  0.5988  0.2121  0.417  0.686  0.343  1.2291  0.1998  1.612  1.0924  2.3263  1.7021  7.7339  2.6082  1.1403  2.0263  1.3003  2.6116  0.631  0.5849  1.6002  0.6488  2.5006  0.0298  2.545  0.1092  0.2975  0.702  1.247  2.2309  
trainID = 2446  4.5546  0.3691  2.6515  1.6181  0.4931  3.494  2.4021  1.2187  2.9434  1.8971  2.5968  0.158  4.6689  0.8268  1.1234  3.2665  0.5319  3.7492  0.2161  2.5664  6.2263  3.0415  2.4363  0.2013  15.2878  4.8062  4.2574  2.6004  6.4918  2.606  2.058  3.3524  4.6956  5.8982  2.2869  3.5377  2.3807  1.5307  0.6985  0.592  3.6402  2.0976  
trainID = 2473  33.8104  1.3571  5.7572  4.4251  6.9994  2.2121  0.5272  3.6303  1.6705  2.0765  0.9841  4.3618  0.864  0.1163  1.6364  1.577  9.8768  5.0202  6.494  4.04  2.7632  1.4684  0.5196  5.1747  3.4389  5.2184  2.2339  7.9414  4.9911  0.7302  6.9766  1.4684  0.2625  4.0662  2.4691  0.021  3.9763  0.9757  2.4426  1.3912  0.304  1.102  0.6127  
trainID = 2481  2.4071  1.5552  1.702  0.027  3.6031  3.606  0.5417  1.5785  0.487  1.3357  1.5268  1.078  1.9712  1.6505  0.6194  2.1957  0.4467  0.6938  0.7267  5.3079  4.7766  1.9956  2.5581  3.2362  12.4365  1.9897  5.3833  4.0812  5.1207  4.2976  1.755  4.541  3.7671  4.7148  0.9469  0.5275  0.5634  1.1272  1.2076  1.6369  0.591  2.818  
trainID = 2487  33.5137  0.1231  1.4234  3.574  3.8082  2.9135  0.6031  2.6687  5.5339  2.9851  2.5736  5.5958  1.235  0.8489  1.6641  0.9426  8.0678  8.1244  9.6235  2.1921  0.4049  2.8488  0.4319  5.2807  3.4067  2.2545  2.9383  6.3099  0.2466  3.4253  5.7416  2.653  0.7584  2.7791  1.1372  1.454  3.5135  0.9093  1.183  1.4773  1.012  1.421  1.59  
trainID = 2492  0.876  0.9091  2.6742  0.521  3.3352  3.0929  1.8129  1.5271  0.6994  0.8494  1.7933  1.5098  0.557  0.6388  2.0486  0.0911  6.5201  3.8291  1.3915  1.6354  1.4912  0.0369  3.9058  3.837  6.2296  3.0025  2.2388  5.9852  0.4241  2.111  4.0219  1.1875  1.5013  1.1779  0.6797  0.013  1.6297  0.9461  2.5067  0.4233  2.791  0.014  1.3469  
trainID = 2514  0.677  1.8232  0.3362  1.571  2.8801  0.3628  2.5243  3.2891  1.912  0.9309  1.3723  1.1778  1.38  1.1208  1.0132  1.3808  1.3276  2.508  0.3447  1.944  0.8304  2.7793  2.325  1.0253  1.8754  0.4194  0.9648  2.1172  2.1289  0.0271  2.2959  0.759  0.5077  3.823  1.2237  0.7577  1.3683  0.3029  1.0429  0.5812  0.615  1.085  1.21  
trainID = 2521  34.281  0.2386  4.8394  2.9177  5.7217  2.2244  2.7576  1.6742  3.9536  1.042  35.961  3.9821  4.0007  0.0025  9.477  7.9785  8.033  4.98  2.0585  2.9609  0.9518  4.3737  5.0136  4.8177  4.7353  9.0207  4.035  0.3081  5.9097  1.6493  0.1718  4.3595  1.6661  0.738  5.1532  1.1112  1.0676  1.9575  0.8735  0.251  0.6941  
trainID = 2524  0.837  2.4934  0.2406  3.3524  5.3154  1.2682  4.4045  0.1772  0.7418  2.9654  2.3999  2.2838  1.6  4.1466  4.7282  1.4924  2.6126  2.4772  0.5261  2.6029  0.8813  7.7426  5.5453  1.6655  3.9006  12.4177  6.4498  4.5685  2.0927  6.8309  2.3041  1.678  5.6338  3.0439  1.9012  2.1098  0.5431  1.4426  0.8875  1.315  1.6194  0.736  2.9878  
trainID = 2564  33.0699  1.3096  4.445  4.0656  5.5658  4.9773  3.1455  2.1841  3.4971  2.6757  34.752  0.0034  3.2853  1.3317  12.8861  5.8606  9.0831  2.6604  2.0972  4.9242  0.2972  4.0375  2.0055  3.5741  4.4726  9.6237  3.0985  2.1083  8.4345  0.122  2.7084  1.6706  1.9526  1.463  5.0965  0.4774  4.3513  4.2861  1.361  1.498  0.4829  
trainID = 2565  35.9048  1.2823  4.4461  2.9898  6.5536  0.836  1.9503  3.0572  4.7947  2.6253  1.8419  1.6298  0.262  0.1906  3.4479  0.5517  17.1605  13.8378  14.4529  5.2196  1.0691  5.1848  2.6243  4.5047  2.6166  1.4414  3.759  9.5226  1.2893  1.7038  6.4949  2.2555  1.8981  1.5626  2.7375  2.517  1.7311  0.5689  4.3653  0.8265  1.146  1.34  1.9736  
trainID = 2578  35.9024  1.8593  5.1627  3.0631  8.7029  2.2097  0.1985  2.2288  3.6168  2.0211  3.0882  3.7128  1.463  0.5786  3.2979  0.143  20.0545  18.0381  23.9559  3.7156  2.4712  6.9724  2.4352  5.0297  3.8666  1.2726  4.1838  8.6213  0.0415  0.8174  3.1242  1.0764  4.9304  2.9502  0.4983  0.743  1.9304  2.1887  3.8083  2.3688  
trainID = 2586  0.096  0.6691  1.2332  3.0783  0.5907  1.6002  5.4067  1.2971  1.5247  0.3953  2.1119  3.0808  0.396  2.744  1.4447  0.0871  0.7728  0.0162  2.1304  0.7869  0.4785  2.0229  1.8302  0.6247  1.3352  8.6837  3.7512  3.3014  4.0414  2.6952  4.2484  1.079  1.0279  0.6338  4.5373  2.78  3.5101  0.0231  1.3067  0.5223  1.6388  1.347  0.8574  
trainID = 2601  2.0257  0.4247  1.567  1.5165  1.1765  5.0807  0.4341  0.8119  3.1464  1.3938  3.2218  1.006  4.1086  1.9373  1.4356  0.0854  0.7699  2.108  0.3353  3.5411  4.9422  3.6936  0.8878  2.7725  11.4332  2.0581  2.945  0.8963  3.378  2.4305  0.92  4.4244  4.5332  4.8226  1.8209  0.5955  0.7495  0.0237  0.1269  0.006  1.9815  2.1414  
trainID = 2651  2.8422  3.7107  1.493  0.4166  1.6487  1.2448  1.6321  2.3848  1.0317  2.2945  1.4618  0.279  0.8075  0.2214  1.5912  0.8958  0.296  0.8272  0.4337  0.3207  2.5978  0.5285  0.8799  0.6269  3.1732  2.6841  1.1587  0.1718  2.9642  2.4976  1.6927  0.2699  1.5006  0.0323  0.357  0.6205  0.1449  1.3628  1.0844  1.634  0.33  0.0802  
trainID = 2667  0.247  1.9152  1.0622  0.962  0.6057  0.5237  3.6838  0.1136  1.0878  1.9644  0.6662  0.3816  0.441  2.5855  1.3418  1.5698  0.2267  0.4018  1.5762  0.0681  1.1496  3.6127  1.7066  0.7368  1.5743  2.7615  2.4549  1.1332  0.9581  1.2219  3.5261  0.115  0.7967  0.2425  1.7245  0.8355  1.1398  0.1106  2.4688  0.5929  0.909  3.464  0.6445  
trainID = 2670  36.043  3.2505  2.1269  5.2265  5.9333  2.8559  0.6114  2.0956  2.7151  0.2518  0.7611  1.6218  1.3387  4.9775  0.2039  3.0404  4.7085  1.1912  17.0815  0.5943  2.5402  3.1154  2.2321  0.0571  0.0422  4.2357  5.3061  3.5446  1.0784  0.6417  0.311  1.8438  4.9214  0.6553  2.5845  0.929  0.0285  5.5097  3.1965  1.0843  33.6669  
trainID = 2673  34.4386  1.6395  4.4753  0.159  6.407  4.1848  1.8338  0.8071  4.2958  2.1806  37.027  2.7701  3.3517  2.6313  17.1345  4.6617  9.5106  5.5017  5.8428  4.3724  1.9574  2.5986  6.4536  6.5154  2.7204  10.7461  4.0393  3.4055  6.7453  2.3859  0.6298  2.3737  2.696  0.1686  3.7922  0.6729  1.725  2.7593  0.935  1.319  3.4009  
trainID = 2676  0.9048  1.0261  0.62  5.0786  3.6914  3.5424  0.124  2.0088  1.312  0.7728  4.6328  3.318  2.3855  0.4052  0.805  3.3913  0.7356  1.2356  0.0462  2.3354  1.7507  0.261  2.13  5.1346  10.2971  0.5643  7.8385  3.5386  4.585  7.0021  0.054  1.0636  1.3706  3.9593  2.015  2.4245  0.0819  0.6817  0.2275  0.622  1.18  3.406  
trainID = 2746  2.2089  1.6454  0.297  3.6382  3.0709  3.492  0.9851  0.2826  2.2264  4.0012  1.6078  0.561  5.2713  4.6098  0.4206  1.0293  1.5205  0.3382  0.5978  1.9111  5.2523  2.2753  0.1343  0.7804  12.1202  5.3163  1.5917  4.2688  6.7553  1.1068  1.985  3.0875  0.5066  1.1259  3.8148  0.1597  1.8779  0.0755  0.9719  0.139  1.6633  1.6387  
trainID = 2754  2.1466  2.3467  0.484  1.8683  2.7579  2.8734  0.2478  2.1571  0.2365  0.5921  2.6118  0.736  1.1422  3.2646  0.3346  2.4672  0.3887  3.4316  0.0916  4.4559  1.1238  1.3683  3.2555  1.9633  9.0464  0.4239  7.4855  2.6668  3.4135  7.2736  1.4192  2.981  0.659  4.0514  0.4374  2.0681  0.3427  2.1452  1.7142  0.015  2.8326  2.2569  
trainID = 2774  2.5178  0.3521  0.269  0.885  4.1081  4.1697  0.5647  0.2573  2.6054  0.1158  1.1058  0.38  2.3177  0.6792  1.0446  1.3759  0.2134  1.4799  2.6334  1.2019  3.6626  0.0786  2.1937  3.4554  12.6398  1.8697  3.2459  3.6628  4.5239  2.2923  1.4897  2.6871  0.1409  4.425  1.2189  3.8216  2.0854  1.8198  1.6041  0.319  1.455  0.946  
trainID = 2785  35.285  1.7488  0.5967  3.6535  3.3281  0.6792  0.477  1.6924  2.7055  1.5289  0.3991  1.6678  1.6992  2.2676  2.1292  1.9593  1.7746  1.8992  7.5531  0.2731  3.0589  1.3549  1.499  1.3162  4.0886  3.231  3.1476  0.5123  0.8021  0.8666  2.9871  1.558  0.3654  0.1998  0.2735  0.605  0.5214  1.9807  3.1469  2.6253  33.3569  
trainID = 2797  34.4552  0.2902  0.3443  0.996  1.6582  0.3492  1.4001  0.7613  0.856  0.3702  1.7333  2.6918  0.09  2.0433  0.3087  2.8203  4.2473  3.19  4.9443  1.7303  0.5947  0.0879  0.9339  3.0531  3.3172  2.1407  0.7828  3.0419  2.3707  1.2314  1.9123  0.068  1.8716  1.217  0.2066  0.5469  1.3108  1.8207  2.9396  2.9166  1.543  0.201  0.6733  
trainID = 2824  0.752  0.579  1.2198  1.541  0.958  3.6324  1.7378  1.1932  1.3425  0.208  2.7362  2.4588  0.137  2.4911  4.2837  0.3182  2.5963  0.4949  0.9748  0.8138  2.4891  3.0797  0.4693  1.273  2.6037  9.1413  1.0185  2.6299  1.5985  1.5036  3.4636  2.51  2.4983  0.6338  0.0558  2.243  0.0718  1.849  0.676  0.4962  0.012  0.258  0.9633  
trainID = 2826  36.7742  1.0534  0.2044  3.8161  2.0509  3.3527  1.1754  0.1643  1.3437  0.3573  2.0558  3.9828  1.401  1.4945  0.323  0.9368  3.608  2.4087  4.777  2.9996  0.9522  2.8676  0.0497  1.0738  2.0021  0.7175  2.0894  2.7744  0.0651  0.9512  2.7106  0.701  3.2419  1.3167  0.0575  0.6363  1.2577  0.6373  2.07  3.1513  2.048  0.194  1.1207  
trainID = 2835  35.6627  2.8542  3.6092  3.1368  6.2943  1.9077  0.8988  3.3996  2.0195  0.8221  0.7541  1.5618  0.723  1.5947  0.8106  0.7397  4.6078  6.5166  24.8677  1.0751  3.9505  5.9796  3.8521  2.6306  0.927  5.1165  4.5061  3.7817  0.1978  1.2472  1.6051  0.74  7.0304  1.2867  3.5924  1.395  3.1073  2.7707  4.6753  3.9694  34.9979  
trainID = 2838  1.247  0.3836  2.1827  2.287  2.836  2.4482  3.0838  1.5233  1.337  1.0726  1.6323  1.9478  1.0013  0.5012  1.2229  0.2244  5.088  5.9946  5.8567  1.0318  0.534  0.9181  0.1656  2.036  1.488  4.5595  1.4699  5.8121  4.0939  1.8968  4.6305  0.696  0.1328  1.3511  1.2695  0.4576  1.856  1.7637  1.3704  0.5823  0.811  0.545  2.3899  
trainID = 2840  1.3986  1.5275  0.225  1.5091  3.1421  3.5008  1.2617  2.7313  2.6264  0.3422  1.6738  1.465  1.612  0.2103  0.4366  2.246  1.3207  1.3915  3.4898  0.436  2.9859  1.0882  2.8802  1.1118  6.0472  2.103  0.9557  2.2698  2.9851  1.7861  0.513  1.136  1.4813  0.1811  1.2166  2.2783  0.074  0.916  1.8636  0.04  1.8389  0.268  
trainID = 2842  33.3265  1.2347  4.6294  2.037  7.0563  6.7144  2.3719  4.1463  5.2718  0.7637  2.8787  2.3984  0.9136  19.0479  7.1131  11.3588  2.9275  1.1288  4.0866  0.7541  5.9147  4.7276  2.5552  6.8376  10.2956  3.8191  1.447  6.3061  2.1777  2.0724  1.8332  1.1851  1.196  4.7706  0.6307  3.2721  3.1825  0.289  0.606  3.4177  
trainID = 2873  35.8657  1.0884  2.4253  2.9418  6.2034  0.1575  0.2199  1.2086  0.8909  2.4151  3.3143  0.6886  0.779  2.6073  1.3104  2.7503  3.3741  2.8014  10.4569  1.7256  3.2773  3.8293  2.2432  4.1557  3.2639  2.3428  3.8065  4.4048  0.9639  3.2498  5.3281  0.143  1.4526  2.6768  0.3351  0.241  2.9798  0.7922  1.7558  1.2756  34.3199  
trainID = 2882  33.9968  1.726  4.5691  5.1081  4.9854  1.7421  1.1091  0.7279  2.8954  2.2  0.0078  5.3948  0.01  1.836  0.7039  1.2997  8.9184  4.9413  13.6446  1.7922  2.2661  2.6399  1.2885  3.5334  2.7723  1.1098  5.4758  4.3014  0.7017  0.6784  1.1569  0.07  4.8894  0.5237  1.8801  1.148  4.0678  0.3585  2.3335  3.3552  
trainID = 2885  4.4266  0.2166  3.8557  2.5911  1.8113  6.2577  1.5461  1.1452  2.2664  3.1907  2.3708  0.527  4.1044  4.2859  0.2485  3.926  0.8813  2.1446  0.5225  3.333  5.5767  1.5618  0.5008  2.3443  16.3634  7.7382  0.5276  0.2115  8.5321  1.0575  3.109  5.5589  2.6869  2.5089  2.6572  0.3283  1.8748  1.4499  3.248  0.598  1.272  0.6636  
trainID = 2904  1.5379  1.5339  1.717  1.1529  2.8568  4.3197  0.6823  2.51  0.2506  4.0657  0.7931  1.873  0.0148  0.8845  0.9177  1.2242  3.1653  0.0656  0.1588  0.6924  2.8663  1.0227  4.1296  1.3898  8.3628  0.5394  2.2374  1.7629  3.4331  1.5325  0.502  2.798  1.9552  1.1057  3.0012  0.0635  0.8025  2.4909  1.5183  0.264  0.524  1.7217  
trainID = 2905  1.8789  2.6231  1.61  4.6222  2.1023  2.373  1.4151  3.1733  0.6883  1.1669  2.9778  0.436  2.2295  0.4797  0.5873  2.0701  3.5968  1.6868  2.824  2.0969  3.8437  0.0863  3.6047  3.4433  5.2327  0.257  4.8308  4.0224  1.2064  5.9327  2.208  1.6162  0.8763  2.6441  1.959  2.0984  1.7876  0.4592  2.6282  0.084  0.292  2.7209  
trainID = 2930  32.8589  2.1799  5.2899  0.053  4.4616  7.2123  3.2167  0.2031  3.7735  0.1484  36.871  2.3225  4.0743  1.3393  18.353  1.0463  9.1857  3.143  1.947  1.9809  0.386  2.8883  7.5806  3.6425  6.5963  13.5229  4.1705  4.4245  8.107  1.2805  1.213  1.9113  2.5326  4.52  4.4233  0.8338  3.5243  2.49  0.755  2.894  3.3819  
trainID = 2935  37.1247  3.4445  5.6908  2.427  7.1207  0.6458  0.8285  2.9699  4.1384  3.4408  0.2759  2.2378  1.121  1.2529  1.3549  3.1225  9.9749  1.3192  21.4843  2.5947  2.9542  4.1828  1.6023  4.1223  1.1098  3.5639  5.6072  3.5619  1.8743  1.9033  4.6121  0.653  3.9934  1.8476  2.0954  1.266  0.654  1.2187  2.3636  4.2011  33.4029  
trainID = 2997  33.5658  0.6207  0.9936  3.0776  3.2253  2.2188  0.1284  1.6637  0.6116  1.2783  0.5862  1.8278  0.992  2.7275  0.039  0.6998  6.7426  4.1064  4.4555  0.7276  0.6263  1.2326  0.1721  2.209  2.2951  2.567  1.2347  0.0479  1.5941  0.2118  3.5186  0.081  0.7258  1.0162  0.8876  0.021  0.2786  0.888  1.0087  0.1787  0.889  0.845  1.3003  
TrainID = 1654  dbValue = 1.18964  nTestCell = 43  nTrainCell = 43  nDiff = 0  (X,Y) = (1085, 1875)  Position Error = 19.799
TrainID = 467  dbValue = 1.22055  nTestCell = 43  nTrainCell = 43  nDiff = 0  (X,Y) = (1055, 1915)  Position Error = 30.5287
TrainID = 1629  dbValue = 1.23927  nTestCell = 43  nTrainCell = 42  nDiff = 1  (X,Y) = (1115, 1875)  Position Error = 46.1736
TrainID = 2651  dbValue = 1.24346  nTestCell = 43  nTrainCell = 42  nDiff = 1  (X,Y) = (1075, 1935)  Position Error = 46.1736
TrainID = 1496  dbValue = 1.24496  nTestCell = 43  nTrainCell = 43  nDiff = 0  (X,Y) = (1075, 1935)  Position Error = 46.1736
TrainID = 961  dbValue = 1.26244  nTestCell = 43  nTrainCell = 43  nDiff = 0  (X,Y) = (1055, 1905)  Position Error = 22.6274
TrainID = 2667  dbValue = 1.28613  nTestCell = 43  nTrainCell = 43  nDiff = 0  (X,Y) = (1085, 1935)  Position Error = 48.0833
TrainID = 437  dbValue = 1.2967  nTestCell = 43  nTrainCell = 43  nDiff = 0  (X,Y) = (1075, 1885)  Position Error = 5.65685
TrainID = 1541  dbValue = 1.36286  nTestCell = 43  nTrainCell = 42  nDiff = 1  (X,Y) = (1125, 1905)  Position Error = 56.3205
TrainID = 1822  dbValue = 1.38051  nTestCell = 43  nTrainCell = 43  nDiff = 0  (X,Y) = (1115, 1955)  Position Error = 79.3221
TrainID = 2514  dbValue = 1.39397  nTestCell = 43  nTrainCell = 43  nDiff = 0  (X,Y) = (1075, 1925)  Position Error = 36.2215
TrainID = 2439  dbValue = 1.4332  nTestCell = 43  nTrainCell = 42  nDiff = 1  (X,Y) = (1125, 1965)  Position Error = 93.2309
TrainID = 805  dbValue = 1.43958  nTestCell = 43  nTrainCell = 42  nDiff = 1  (X,Y) = (1045, 1935)  Position Error = 52.8394
TrainID = 969  dbValue = 1.4641  nTestCell = 43  nTrainCell = 42  nDiff = 1  (X,Y) = (1095, 1965)  Position Error = 79.6994
TrainID = 796  dbValue = 1.54204  nTestCell = 43  nTrainCell = 42  nDiff = 1  (X,Y) = (1125, 1935)  Position Error = 70.9366
TrainID = 2214  dbValue = 1.56641  nTestCell = 43  nTrainCell = 43  nDiff = 0  (X,Y) = (1115, 1865)  Position Error = 50.1199
TrainID = 1743  dbValue = 1.56703  nTestCell = 43  nTrainCell = 42  nDiff = 1  (X,Y) = (1135, 1895)  Position Error = 64.2806
TrainID = 1505  dbValue = 1.56929  nTestCell = 43  nTrainCell = 43  nDiff = 0  (X,Y) = (1085, 1945)  Position Error = 57.7235
TrainID = 1009  dbValue = 1.57978  nTestCell = 43  nTrainCell = 42  nDiff = 1  (X,Y) = (1055, 1915)  Position Error = 30.5287
TrainID = 2840  dbValue = 1.63253  nTestCell = 43  nTrainCell = 42  nDiff = 1  (X,Y) = (1125, 1975)  Position Error = 101.548
TrainID = 318  dbValue = 1.66149  nTestCell = 43  nTrainCell = 43  nDiff = 0  (X,Y) = (1145, 1885)  Position Error = 74.108
TrainID = 2824  dbValue = 1.67456  nTestCell = 43  nTrainCell = 43  nDiff = 0  (X,Y) = (1155, 1965)  Position Error = 113.278
TrainID = 1088  dbValue = 1.69009  nTestCell = 43  nTrainCell = 42  nDiff = 1  (X,Y) = (1125, 1965)  Position Error = 93.2309
TrainID = 1727  dbValue = 1.69362  nTestCell = 43  nTrainCell = 43  nDiff = 0  (X,Y) = (1065, 1965)  Position Error = 76.2365
TrainID = 2904  dbValue = 1.77237  nTestCell = 43  nTrainCell = 42  nDiff = 1  (X,Y) = (1115, 1975)  Position Error = 96.6023
TrainID = 421  dbValue = 1.83777  nTestCell = 43  nTrainCell = 42  nDiff = 1  (X,Y) = (1175, 1935)  Position Error = 113.719
TrainID = 1831  dbValue = 1.85486  nTestCell = 43  nTrainCell = 42  nDiff = 1  (X,Y) = (1135, 1975)  Position Error = 107.201
TrainID = 2353  dbValue = 1.87119  nTestCell = 43  nTrainCell = 42  nDiff = 1  (X,Y) = (1215, 1955)  Position Error = 158.405
TrainID = 2586  dbValue = 1.90089  nTestCell = 43  nTrainCell = 43  nDiff = 0  (X,Y) = (1135, 1985)  Position Error = 115.378
TrainID = 1105  dbValue = 1.92651  nTestCell = 43  nTrainCell = 42  nDiff = 1  (X,Y) = (1185, 1945)  Position Error = 127.012
TrainID = 1246  dbValue = 1.9447  nTestCell = 43  nTrainCell = 42  nDiff = 1  (X,Y) = (1105, 1985)  Position Error = 101.843
TrainID = 2838  dbValue = 1.94725  nTestCell = 43  nTrainCell = 43  nDiff = 0  (X,Y) = (1205, 1885)  Position Error = 134.06
TrainID = 2492  dbValue = 1.94914  nTestCell = 43  nTrainCell = 43  nDiff = 0  (X,Y) = (1195, 1895)  Position Error = 124.145
TrainID = 1126  dbValue = 1.97587  nTestCell = 43  nTrainCell = 42  nDiff = 1  (X,Y) = (1165, 1895)  Position Error = 94.1913
TrainID = 1752  dbValue = 1.97716  nTestCell = 43  nTrainCell = 43  nDiff = 0  (X,Y) = (1145, 1985)  Position Error = 121.211
TrainID = 1803  dbValue = 2.02072  nTestCell = 43  nTrainCell = 43  nDiff = 0  (X,Y) = (1075, 1985)  Position Error = 96.0833
TrainID = 686  dbValue = 2.0314  nTestCell = 43  nTrainCell = 43  nDiff = 0  (X,Y) = (1195, 1925)  Position Error = 129.12
TrainID = 2774  dbValue = 2.09319  nTestCell = 43  nTrainCell = 42  nDiff = 1  (X,Y) = (1165, 2005)  Position Error = 149.305
TrainID = 792  dbValue = 2.10586  nTestCell = 43  nTrainCell = 43  nDiff = 0  (X,Y) = (1195, 1915)  Position Error = 126.696
TrainID = 1637  dbValue = 2.13515  nTestCell = 43  nTrainCell = 43  nDiff = 0  (X,Y) = (1125, 2025)  Position Error = 146.328
TrainID = 1683  dbValue = 2.15069  nTestCell = 43  nTrainCell = 43  nDiff = 0  (X,Y) = (1185, 1945)  Position Error = 127.012
TrainID = 2997  dbValue = 2.18877  nTestCell = 43  nTrainCell = 43  nDiff = 0  (X,Y) = (1145, 1855)  Position Error = 81.4371
TrainID = 446  dbValue = 2.19258  nTestCell = 43  nTrainCell = 42  nDiff = 1  (X,Y) = (1175, 1995)  Position Error = 148.499
TrainID = 2905  dbValue = 2.20171  nTestCell = 43  nTrainCell = 42  nDiff = 1  (X,Y) = (1185, 1925)  Position Error = 119.549
TrainID = 2754  dbValue = 2.22805  nTestCell = 43  nTrainCell = 42  nDiff = 1  (X,Y) = (1215, 1975)  Position Error = 167.726
TrainID = 2601  dbValue = 2.23117  nTestCell = 43  nTrainCell = 42  nDiff = 1  (X,Y) = (1145, 2015)  Position Error = 146.123
TrainID = 465  dbValue = 2.24413  nTestCell = 43  nTrainCell = 42  nDiff = 1  (X,Y) = (1195, 2005)  Position Error = 169.8
TrainID = 1327  dbValue = 2.27598  nTestCell = 43  nTrainCell = 43  nDiff = 0  (X,Y) = (1065, 2015)  Position Error = 126.143
TrainID = 1200  dbValue = 2.28279  nTestCell = 43  nTrainCell = 42  nDiff = 1  (X,Y) = (1215, 1985)  Position Error = 173.066
TrainID = 2746  dbValue = 2.29434  nTestCell = 43  nTrainCell = 42  nDiff = 1  (X,Y) = (1105, 2035)  Position Error = 149.907
TrainID = 917  dbValue = 2.31472  nTestCell = 43  nTrainCell = 43  nDiff = 0  (X,Y) = (1215, 1885)  Position Error = 144.056
TrainID = 2797  dbValue = 2.32702  nTestCell = 43  nTrainCell = 43  nDiff = 0  (X,Y) = (1145, 1865)  Position Error = 77.7946
TrainID = 1360  dbValue = 2.33002  nTestCell = 43  nTrainCell = 42  nDiff = 1  (X,Y) = (1075, 2025)  Position Error = 136.059
TrainID = 2676  dbValue = 2.34665  nTestCell = 43  nTrainCell = 42  nDiff = 1  (X,Y) = (1225, 1975)  Position Error = 176.386
TrainID = 1107  dbValue = 2.3523  nTestCell = 43  nTrainCell = 43  nDiff = 0  (X,Y) = (1215, 1905)  Position Error = 144.886
TrainID = 1641  dbValue = 2.38103  nTestCell = 43  nTrainCell = 42  nDiff = 1  (X,Y) = (1075, 2025)  Position Error = 136.059
TrainID = 1334  dbValue = 2.4021  nTestCell = 43  nTrainCell = 42  nDiff = 1  (X,Y) = (1235, 1955)  Position Error = 176.782
TrainID = 2209  dbValue = 2.42576  nTestCell = 43  nTrainCell = 42  nDiff = 1  (X,Y) = (1105, 2045)  Position Error = 159.662
TrainID = 1410  dbValue = 2.43894  nTestCell = 43  nTrainCell = 42  nDiff = 1  (X,Y) = (1145, 2025)  Position Error = 154.829
TrainID = 1261  dbValue = 2.44273  nTestCell = 43  nTrainCell = 43  nDiff = 0  (X,Y) = (1225, 1885)  Position Error = 154.052
TrainID = 2481  dbValue = 2.45552  nTestCell = 43  nTrainCell = 42  nDiff = 1  (X,Y) = (1175, 2015)  Position Error = 163.377
TrainID = 2826  dbValue = 2.48757  nTestCell = 43  nTrainCell = 43  nDiff = 0  (X,Y) = (1135, 1845)  Position Error = 77.666
TrainID = 1443  dbValue = 2.49319  nTestCell = 43  nTrainCell = 42  nDiff = 1  (X,Y) = (1135, 2035)  Position Error = 159.411
TrainID = 552  dbValue = 2.50998  nTestCell = 43  nTrainCell = 40  nDiff = 3  (X,Y) = (1095, 1845)  Position Error = 50.1199
TrainID = 2161  dbValue = 2.55627  nTestCell = 43  nTrainCell = 42  nDiff = 1  (X,Y) = (1105, 2035)  Position Error = 149.907
TrainID = 1667  dbValue = 2.5884  nTestCell = 43  nTrainCell = 42  nDiff = 1  (X,Y) = (1105, 2045)  Position Error = 159.662
TrainID = 2359  dbValue = 2.59261  nTestCell = 43  nTrainCell = 43  nDiff = 0  (X,Y) = (1155, 1855)  Position Error = 90.6201
TrainID = 1441  dbValue = 2.60188  nTestCell = 43  nTrainCell = 43  nDiff = 0  (X,Y) = (1225, 1885)  Position Error = 154.052
TrainID = 375  dbValue = 2.64729  nTestCell = 43  nTrainCell = 42  nDiff = 1  (X,Y) = (1105, 2035)  Position Error = 149.907
TrainID = 1312  dbValue = 2.65079  nTestCell = 43  nTrainCell = 42  nDiff = 1  (X,Y) = (1185, 2035)  Position Error = 185.235
TrainID = 469  dbValue = 2.66131  nTestCell = 43  nTrainCell = 42  nDiff = 1  (X,Y) = (1095, 2055)  Position Error = 167.726
TrainID = 1518  dbValue = 2.7074  nTestCell = 43  nTrainCell = 42  nDiff = 1  (X,Y) = (1195, 2015)  Position Error = 176.782
TrainID = 2005  dbValue = 2.72221  nTestCell = 43  nTrainCell = 42  nDiff = 1  (X,Y) = (1095, 2065)  Position Error = 177.629
TrainID = 1162  dbValue = 2.79062  nTestCell = 43  nTrainCell = 40  nDiff = 3  (X,Y) = (1255, 1875)  Position Error = 184.532
TrainID = 2885  dbValue = 2.85764  nTestCell = 43  nTrainCell = 42  nDiff = 1  (X,Y) = (1095, 2085)  Position Error = 197.464
TrainID = 2151  dbValue = 2.8877  nTestCell = 43  nTrainCell = 43  nDiff = 0  (X,Y) = (1175, 1865)  Position Error = 106.733
TrainID = 2524  dbValue = 2.90611  nTestCell = 43  nTrainCell = 43  nDiff = 0  (X,Y) = (1075, 2045)  Position Error = 156.051
TrainID = 2446  dbValue = 2.90641  nTestCell = 43  nTrainCell = 42  nDiff = 1  (X,Y) = (1135, 2045)  Position Error = 168.618
TrainID = 1270  dbValue = 3.01967  nTestCell = 43  nTrainCell = 42  nDiff = 1  (X,Y) = (1095, 2095)  Position Error = 207.393
TrainID = 1281  dbValue = 3.09643  nTestCell = 43  nTrainCell = 42  nDiff = 1  (X,Y) = (1145, 2075)  Position Error = 200.18
TrainID = 2145  dbValue = 3.23037  nTestCell = 43  nTrainCell = 43  nDiff = 0  (X,Y) = (1235, 1875)  Position Error = 164.596
TrainID = 1917  dbValue = 3.27587  nTestCell = 43  nTrainCell = 43  nDiff = 0  (X,Y) = (1195, 1805)  Position Error = 149.773
TrainID = 1472  dbValue = 3.34415  nTestCell = 43  nTrainCell = 40  nDiff = 3  (X,Y) = (1185, 2075)  Position Error = 218.156
TrainID = 616  dbValue = 3.37977  nTestCell = 43  nTrainCell = 40  nDiff = 3  (X,Y) = (1235, 1985)  Position Error = 190.032
TrainID = 1171  dbValue = 3.39205  nTestCell = 43  nTrainCell = 43  nDiff = 0  (X,Y) = (1245, 1865)  Position Error = 175.647
TrainID = 1153  dbValue = 3.3939  nTestCell = 43  nTrainCell = 43  nDiff = 0  (X,Y) = (1165, 1815)  Position Error = 119.633
TrainID = 1474  dbValue = 3.3957  nTestCell = 43  nTrainCell = 42  nDiff = 1  (X,Y) = (1105, 2085)  Position Error = 198.927
TrainID = 2050  dbValue = 3.40454  nTestCell = 43  nTrainCell = 40  nDiff = 3  (X,Y) = (1245, 1965)  Position Error = 189.874
TrainID = 631  dbValue = 3.4118  nTestCell = 43  nTrainCell = 41  nDiff = 2  (X,Y) = (1085, 1835)  Position Error = 55.7853
TrainID = 1189  dbValue = 3.41972  nTestCell = 43  nTrainCell = 42  nDiff = 1  (X,Y) = (1075, 2105)  Position Error = 216.037
TrainID = 2785  dbValue = 3.4345  nTestCell = 43  nTrainCell = 41  nDiff = 2  (X,Y) = (1085, 1815)  Position Error = 75.3127
TrainID = 1240  dbValue = 3.47116  nTestCell = 43  nTrainCell = 42  nDiff = 1  (X,Y) = (1085, 2105)  Position Error = 216.453
TrainID = 2109  dbValue = 3.48267  nTestCell = 43  nTrainCell = 42  nDiff = 1  (X,Y) = (1075, 2095)  Position Error = 206.039
TrainID = 2127  dbValue = 3.51387  nTestCell = 43  nTrainCell = 43  nDiff = 0  (X,Y) = (1235, 1835)  Position Error = 172.662
TrainID = 2487  dbValue = 3.51608  nTestCell = 43  nTrainCell = 43  nDiff = 0  (X,Y) = (1215, 1835)  Position Error = 153.792
TrainID = 1562  dbValue = 3.54811  nTestCell = 43  nTrainCell = 43  nDiff = 0  (X,Y) = (1235, 1865)  Position Error = 165.747
TrainID = 2882  dbValue = 3.55398  nTestCell = 43  nTrainCell = 40  nDiff = 3  (X,Y) = (1155, 1775)  Position Error = 141.605
TrainID = 850  dbValue = 3.60662  nTestCell = 43  nTrainCell = 43  nDiff = 0  (X,Y) = (1195, 1825)  Position Error = 139.542
TrainID = 1623  dbValue = 3.63343  nTestCell = 43  nTrainCell = 43  nDiff = 0  (X,Y) = (1245, 1855)  Position Error = 177.291
TrainID = 2473  dbValue = 3.67406  nTestCell = 43  nTrainCell = 43  nDiff = 0  (X,Y) = (1245, 1855)  Position Error = 177.291
TrainID = 1902  dbValue = 3.67971  nTestCell = 43  nTrainCell = 41  nDiff = 2  (X,Y) = (1145, 1795)  Position Error = 119.633
TrainID = 1756  dbValue = 3.71512  nTestCell = 43  nTrainCell = 43  nDiff = 0  (X,Y) = (1225, 1825)  Position Error = 166.769
TrainID = 929  dbValue = 3.7159  nTestCell = 43  nTrainCell = 41  nDiff = 2  (X,Y) = (1275, 1945)  Position Error = 211.547
TrainID = 2318  dbValue = 3.73264  nTestCell = 43  nTrainCell = 40  nDiff = 3  (X,Y) = (1255, 1875)  Position Error = 184.532
TrainID = 1833  dbValue = 3.75159  nTestCell = 43  nTrainCell = 40  nDiff = 3  (X,Y) = (1265, 1915)  Position Error = 195.735
TrainID = 483  dbValue = 3.78119  nTestCell = 43  nTrainCell = 41  nDiff = 2  (X,Y) = (1135, 1805)  Position Error = 105.603
TrainID = 1514  dbValue = 3.80987  nTestCell = 43  nTrainCell = 41  nDiff = 2  (X,Y) = (1145, 1805)  Position Error = 111.946
TrainID = 859  dbValue = 3.8298  nTestCell = 43  nTrainCell = 43  nDiff = 0  (X,Y) = (1225, 1825)  Position Error = 166.769
TrainID = 1211  dbValue = 3.85179  nTestCell = 43  nTrainCell = 40  nDiff = 3  (X,Y) = (1265, 1895)  Position Error = 194.093
TrainID = 633  dbValue = 3.99645  nTestCell = 43  nTrainCell = 43  nDiff = 0  (X,Y) = (1215, 1775)  Position Error = 183.663
TrainID = 2873  dbValue = 4.05028  nTestCell = 43  nTrainCell = 41  nDiff = 2  (X,Y) = (1125, 1795)  Position Error = 108.407
TrainID = 1314  dbValue = 4.06832  nTestCell = 43  nTrainCell = 40  nDiff = 3  (X,Y) = (1145, 1735)  Position Error = 170.857
TrainID = 2670  dbValue = 4.24764  nTestCell = 43  nTrainCell = 41  nDiff = 2  (X,Y) = (1115, 1745)  Position Error = 150.572
TrainID = 1707  dbValue = 4.24998  nTestCell = 43  nTrainCell = 41  nDiff = 2  (X,Y) = (1255, 1875)  Position Error = 184.532
TrainID = 2565  dbValue = 4.32947  nTestCell = 43  nTrainCell = 43  nDiff = 0  (X,Y) = (1255, 1795)  Position Error = 206.62
TrainID = 696  dbValue = 4.35391  nTestCell = 43  nTrainCell = 40  nDiff = 3  (X,Y) = (1305, 1905)  Position Error = 234.546
TrainID = 1522  dbValue = 4.50567  nTestCell = 43  nTrainCell = 41  nDiff = 2  (X,Y) = (1145, 1745)  Position Error = 161.901
TrainID = 1806  dbValue = 4.51283  nTestCell = 43  nTrainCell = 40  nDiff = 3  (X,Y) = (1295, 1825)  Position Error = 232.964
TrainID = 1446  dbValue = 4.59712  nTestCell = 43  nTrainCell = 43  nDiff = 0  (X,Y) = (1235, 1785)  Position Error = 194.196
TrainID = 2842  dbValue = 4.66739  nTestCell = 43  nTrainCell = 40  nDiff = 3  (X,Y) = (1285, 1805)  Position Error = 229.896
TrainID = 1961  dbValue = 4.67278  nTestCell = 43  nTrainCell = 41  nDiff = 2  (X,Y) = (1115, 1735)  Position Error = 160.162
TrainID = 984  dbValue = 4.74501  nTestCell = 43  nTrainCell = 40  nDiff = 3  (X,Y) = (1315, 1855)  Position Error = 246.357
TrainID = 819  dbValue = 4.75703  nTestCell = 43  nTrainCell = 40  nDiff = 3  (X,Y) = (1325, 1845)  Position Error = 257.783
TrainID = 489  dbValue = 4.79832  nTestCell = 43  nTrainCell = 41  nDiff = 2  (X,Y) = (1275, 1865)  Position Error = 205.407
TrainID = 1526  dbValue = 4.80935  nTestCell = 43  nTrainCell = 41  nDiff = 2  (X,Y) = (1285, 1855)  Position Error = 216.684
TrainID = 1564  dbValue = 4.81742  nTestCell = 43  nTrainCell = 40  nDiff = 3  (X,Y) = (1145, 1705)  Position Error = 198.323
TrainID = 2521  dbValue = 4.82787  nTestCell = 43  nTrainCell = 41  nDiff = 2  (X,Y) = (1255, 1855)  Position Error = 187.115
TrainID = 2935  dbValue = 4.86241  nTestCell = 43  nTrainCell = 41  nDiff = 2  (X,Y) = (1165, 1745)  Position Error = 171.965
TrainID = 2835  dbValue = 4.90769  nTestCell = 43  nTrainCell = 41  nDiff = 2  (X,Y) = (1145, 1705)  Position Error = 198.323
TrainID = 2203  dbValue = 4.98896  nTestCell = 43  nTrainCell = 41  nDiff = 2  (X,Y) = (1135, 1715)  Position Error = 185.397
TrainID = 2564  dbValue = 4.99857  nTestCell = 43  nTrainCell = 41  nDiff = 2  (X,Y) = (1265, 1845)  Position Error = 198.927
TrainID = 1395  dbValue = 5.00494  nTestCell = 43  nTrainCell = 43  nDiff = 0  (X,Y) = (1255, 1765)  Position Error = 221.883
TrainID = 2578  dbValue = 5.05858  nTestCell = 43  nTrainCell = 40  nDiff = 3  (X,Y) = (1235, 1745)  Position Error = 218.248
TrainID = 1615  dbValue = 5.07358  nTestCell = 43  nTrainCell = 41  nDiff = 2  (X,Y) = (1205, 1755)  Position Error = 189.505
TrainID = 945  dbValue = 5.11025  nTestCell = 43  nTrainCell = 41  nDiff = 2  (X,Y) = (1185, 1725)  Position Error = 199.73
TrainID = 1763  dbValue = 5.23775  nTestCell = 43  nTrainCell = 41  nDiff = 2  (X,Y) = (1185, 1735)  Position Error = 191.604
TrainID = 507  dbValue = 5.34431  nTestCell = 43  nTrainCell = 41  nDiff = 2  (X,Y) = (1205, 1725)  Position Error = 211.783
TrainID = 930  dbValue = 5.35126  nTestCell = 43  nTrainCell = 40  nDiff = 3  (X,Y) = (1355, 1845)  Position Error = 287.388
TrainID = 2930  dbValue = 5.38387  nTestCell = 43  nTrainCell = 41  nDiff = 2  (X,Y) = (1315, 1855)  Position Error = 246.357
TrainID = 2673  dbValue = 5.39671  nTestCell = 43  nTrainCell = 41  nDiff = 2  (X,Y) = (1295, 1845)  Position Error = 228.281
TrainID = 362  dbValue = 5.44954  nTestCell = 43  nTrainCell = 41  nDiff = 2  (X,Y) = (1185, 1715)  Position Error = 208.019
TrainID = 1507  dbValue = 5.46343  nTestCell = 43  nTrainCell = 41  nDiff = 2  (X,Y) = (1315, 1795)  Position Error = 261.48
TrainID = 2231  dbValue = 5.51554  nTestCell = 43  nTrainCell = 40  nDiff = 3  (X,Y) = (1365, 1825)  Position Error = 300.885
TrainID = 493  dbValue = 5.53552  nTestCell = 43  nTrainCell = 41  nDiff = 2  (X,Y) = (1295, 1845)  Position Error = 228.281
TrainID = 855  dbValue = 5.57811  nTestCell = 43  nTrainCell = 41  nDiff = 2  (X,Y) = (1325, 1805)  Position Error = 267.529
TrainID = 1118  dbValue = 5.5909  nTestCell = 43  nTrainCell = 41  nDiff = 2  (X,Y) = (1205, 1715)  Position Error = 219.618
