trainID = 155  3.8743  4.4658  2.212  0.8742  2.4633  2.6795  0.5498  2.6969  3.3266  1.2702  2.5233  3.8641  3.321  5.353  3.0247  2.7338  1.6162  0.6431  1.9009  4.2659  0.358  0.871  0.5705  2.6495  5.0758  7.8661  4.967  13.4016  3.1657  4.0946  1.8265  1.4044  1.0614  3.2476  2.8258  0.4466  2.6791  0.3683  1.5667  2.033  2.894  1.107  1.583  
trainID = 162  33.434  6.8953  8.8091  3.463  7.8361  1.9056  1.1783  3.6932  0.8785  4.5388  1.1921  3.2723  4.1941  0.2374  5.8256  3.7124  11.281  9.4151  11.7126  2.4845  1.6098  7.8804  4.0051  3.3815  5.6238  2.4132  6.3964  14.7733  2.0786  2.3977  5.5888  1.253  1.1288  4.6232  1.2351  0.519  3.4017  3.1469  0.2289  4.0716  2.204  0.06  1.0388  
trainID = 293  33.8158  8.6348  8.7884  1.6552  6.3966  1.0651  1.0879  3.5519  0.9451  5.8988  0.2353  2.9453  0.902  2.5023  4.5821  0.6673  11.4936  7.379  11.9004  3.1499  0.3373  5.9402  2.4613  3.0174  3.8976  3.0534  8.3635  12.0002  1.1177  4.4768  1.2133  0.265  4.183  3.995  1.2339  2.2129  3.1363  2.9029  1.1986  0.3471  34.8995  0.423  
trainID = 298  3.237  3.9938  4.5063  0.5716  5.9927  1.3096  0.0096  1.6726  1.901  2.7536  0.5942  2.6173  2.8721  0.6775  6.3981  3.7279  8.5244  4.6737  6.6708  0.503  1.387  4.3474  1.6844  2.1303  6.6468  0.9986  7.1385  11.7093  3.377  1.986  4.0038  2.1452  0.4408  4.7145  0.7628  2.1929  2.616  2.1294  0.8833  1.9277  1.373  3.009  0.0667  0.086  
trainID = 330  4.063  6.0305  3.52  6.5062  1.5283  1.7687  2.3519  2.8005  3.6326  1.7165  0.836  3.5571  0.9225  6.3399  4.9629  7.3924  6.1875  5.3246  1.6075  3.3161  5.5287  2.6385  6.2723  3.1306  2.9278  5.8022  14.2365  2.7668  0.9751  6.6246  2.6043  0.1151  4.7952  0.0797  2.5019  5.1432  2.9689  2.0828  0.5762  1.01  4.2417  2.1392  
trainID = 340  1.1781  3.4722  3.583  3.8754  0.9613  3.6281  1.624  4.029  0.831  1.3046  0.4634  1.1175  4.5397  2.9128  1.9776  1.8315  5.2401  4.1936  0.2432  2.6508  2.5526  1.35  3.6833  2.9785  1.2872  8.9792  6.5807  2.9491  1.6237  5.897  2.8607  2.316  2.3352  1.6376  3.0037  0.9884  1.7066  0.1813  1.6597  1.604  1.446  2.387  0.9818  1.739  
trainID = 366  32.9749  6.3635  7.6848  1.149  8.0354  2.0748  0.832  3.6186  1.1335  5.2649  0.0438  0.7942  3.9231  1.4737  4.1943  3.4065  11.6487  14.4638  12.8273  2.185  0.0757  8.8923  1.8577  3.7114  4.1966  0.4599  7.7887  11.8419  0.5082  2.6233  5.8  0.285  1.7496  3.8429  3.024  0.3921  2.8075  3.4099  4.0508  1.0094  0.493  1.636  2.0297  
trainID = 387  0.714  3.2837  3.2129  0.7928  0.5385  0.8931  0.3565  4.0232  3.7321  2.3276  0.4677  1.6803  2.9111  2.4389  4.2052  2.5847  3.3289  3.2452  5.6981  1.0272  3.161  2.0613  1.3373  0.7838  1.9816  2.818  3.0189  8.4865  1.2735  2.8538  0.5404  0.093  3.4695  5.385  1.4903  0.725  0.3832  0.0853  0.5428  0.6262  1.872  1.066  2.8649  1.221  
trainID = 395  32.1704  5.9805  6.8396  0.7267  4.4018  2.1388  0.1836  5.0593  0.7257  3.8722  0.4076  1.8763  1.7401  2.9269  2.5302  0.2965  7.3993  0.58  14.1086  0.6717  4.0973  6.8732  0.474  1.2233  3.9927  6.3088  3.0774  7.8793  6.7241  1.9077  4.2179  0.8709  0.688  4.6982  3.0817  1.709  3.6189  2.2452  1.9202  0.7087  4.1743  34.2075  
trainID = 472  0.1686  0.8368  1.103  5.1836  2.038  5.7561  1.0708  4.366  1.086  0.788  0.1283  2.1861  5.682  1.3269  1.1883  3.6041  5.0278  1.58  1.2965  2.7625  2.774  0.935  4.1241  0.1698  0.7585  7.0668  8.1425  4.7585  0.9235  4.7187  2.4233  3.201  2.6525  1.242  3.2139  1.7583  3.2616  1.7133  0.8631  3.2519  4.7294  1.579  2.5487  
trainID = 513  0.748  0.3934  3.447  6.9394  0.0519  2.6856  2.02  6.0127  1.313  1.1584  0.6018  2.3941  7.3896  3.6171  2.9354  4.8817  5.6229  5.2478  2.6609  2.4588  4.6254  2.522  2.213  0.9766  2.379  14.9997  14.2391  9.4443  1.2584  6.65  1.2646  0.012  3.0488  2.1238  6.5231  1.4266  2.6282  1.9265  0.6863  2.64  1.428  3.4667  1.2518  
trainID = 565  0.6721  4.2037  2.194  2.5687  0.5584  2.9067  0.233  3.6728  1.6384  0.1847  2.9873  1.9441  0.7541  2.4962  1.3458  1.4929  1.5645  1.941  1.3979  4.4962  2.6743  1.603  2.423  2.1215  9.4662  1.7896  10.1422  4.8284  0.6633  3.7239  0.632  2.291  1.2538  2.6409  1.4565  3.2169  0.5724  0.0624  2.3752  2.901  1.076  1.8155  2.404  
trainID = 599  32.9412  4.4875  2.6526  0.5533  2.9105  0.8755  1.1824  4.4452  1.53  5.2987  1.815  0.0027  2.1891  2.0631  0.8723  0.8094  3.6635  0.9792  3.5638  0.3568  1.4753  5.1233  0.248  0.9995  1.2552  3.6523  0.9106  4.9416  4.6478  0.4969  4.7117  0.2323  1.6122  2.7532  1.5739  1.4635  1.3524  3.3025  1.6907  3.4068  1.1491  33.4895  
trainID = 617  31.0683  6.0363  7.1235  3.315  7.9017  1.305  0.8557  0.125  0.5794  4.2473  0.9841  0.7273  4.0121  1.7862  5.5028  2.2673  12.7144  7.2811  7.6879  2.4926  0.6542  7.767  0.7909  2.6206  4.3144  0.1005  5.8675  12.2676  3.6274  2.6084  2.9773  2.3435  2.1017  4.4352  0.5697  0.5799  2.459  3.6859  0.6295  3.5906  0.262  1.809  0.4283  
trainID = 639  2.089  5.8859  4.145  1.0457  3.2392  2.4418  0.4361  2.3016  3.6237  0.3409  2.3513  1.7174  2.6494  5.9438  3.2953  4.3744  3.0874  1.8484  3.014  4.6013  0.752  1.7409  1.6534  4.0104  8.8394  1.2851  15.167  5.0696  2.027  6.6224  1.7743  2.6675  2.7417  4.2146  0.8207  2.2092  0.2907  2.1766  2.1462  4.1033  2.568  1.8353  1.434  
trainID = 657  2.5731  4.4591  0.6729  0.734  3.9954  1.7097  1.8002  2.1427  4.3416  0.6302  2.4653  6.5601  0.1063  6.4822  2.0187  3.687  1.1464  1.4596  1.8685  3.2662  0.58  1.6566  4.1764  5.9148  4.977  2.0951  9.0369  3.1854  3.8207  0.5735  0.194  0.5576  1.3764  0.2765  0.1421  2.2185  1.3894  1.3385  0.3257  0.484  2.17  0.6957  0.258  
trainID = 659  1.6952  4.466  2.734  0.3106  1.1725  0.7659  0.9608  0.9275  2.8263  0.5762  0.0245  1.9411  2.8176  2.6354  0.8739  3.4224  0.1397  0.4593  0.0905  0.0024  0.9038  0.7369  1.8354  2.7359  0.9443  0.0065  5.4262  0.1509  1.7539  0.8897  0.703  1.0898  0.0858  3.0966  0.2621  0.1787  1.5623  0.363  0.5936  3.5387  2.219  0.4367  
trainID = 674  2.8153  5.4993  5.176  1.8294  2.4606  1.3109  0.097  2.2044  3.3184  2.7398  2.4133  5.1521  0.3568  6.0748  4.2552  5.4645  3.0834  4.1361  1.0962  3.2558  1.1413  2.1185  3.5443  4.3734  4.8592  3.2523  10.3414  3.4371  0.5494  4.5164  0.516  0.8646  0.4  1.2614  0.8956  4.1543  1.4926  0.8253  0.4722  4.5223  4.4167  0.3825  
trainID = 700  0.75  1.0867  2.767  0.2671  0.3428  0.7061  0.173  2.6254  0.571  3.3038  0.2085  2.6401  0.842  1.5838  1.7358  0.5678  2.3242  0.8181  0.5764  1.7  0.435  0.9937  0.3114  2.5067  2.3548  0.9101  2.8557  2.1617  0.4135  1.8359  1.757  1.9245  0.5216  1.191  0.6783  0.2418  0.4112  0.168  2.8362  1.905  0.627  0.5171  
trainID = 742  30.1468  3.7211  6.2116  0.817  7.6502  1.3458  1.1661  5.7007  1.4667  4.7394  0.4101  4.4723  2.0291  1.271  6.9642  2.6922  11.1394  6.498  6.6566  3.6768  2.8987  7.4479  0.718  2.8413  5.8423  4.9758  3.429  6.6119  13.3064  0.5594  3.89  4.5106  1.077  0.1265  2.9928  0.3315  1.5613  4.7694  0.5711  0.6464  0.2564  0.505  2.9547  2.0841  0.168  
trainID = 771  1.213  2.6367  2.3643  0.996  0.3473  2.0668  0.9152  1.7053  2.4797  3.5047  0.6641  2.6948  3.3041  1.5049  2.6744  0.6919  2.6675  2.8772  1.5032  1.1158  2.0227  0.6583  1.9612  3.3488  0.7821  1.5887  2.9585  3.1926  2.2657  2.0387  2.2503  0.065  0.8413  1.9445  0.4962  2.0149  1.7509  0.7921  0.1385  0.9041  0.559  0.474  2.6103  
trainID = 813  2.2033  3.3089  0.5303  0.7451  1.2494  0.6105  0.8909  3.9714  1.079  1.1704  0.8513  2.6591  0.9077  1.1267  0.5286  0.5407  1.3839  1.7649  0.8765  0.1288  1.6783  1.1065  2.6747  0.4459  0.047  1.4173  1.773  1.3503  0.8338  2.179  0.494  0.6899  1.4242  1.0002  0.0003  1.4769  0.7038  0.3988  0.6974  2.001  0.1  1.7428  
trainID = 834  0.2829  3.6723  1.54  3.1477  0.4168  2.6737  0.265  2.9373  1.306  0.1491  2.5523  2.3551  5.1446  3.2548  1.8107  1.5503  2.954  5.8521  1.0775  1.1428  5.0401  0.762  0.5539  1.4071  1.2763  18.9425  5.3279  1.3602  1.4334  8.014  2.0247  2.085  6.2813  0.8096  4.9702  0.3741  0.434  0.9738  0.4184  3.4678  1.8  2.444  0.6578  3.419  
trainID = 939  3.4334  4.569  1.004  2.2294  2.0026  0.0923  0.9924  2.8191  3.5234  1.0845  2.0413  1.7961  2.5747  5.2064  3.2913  1.1292  2.3512  1.4501  0.8256  1.6547  0.5973  0.556  0.2509  1.5673  0.9922  2.9912  0.5559  6.6455  2.8527  3.8122  2.9242  0.526  0.8571  0.9834  1.6365  2.1109  2.1308  0.4764  1.1344  0.5933  2.75  1.194  0.8297  
trainID = 950  30.4099  6.6995  7.4854  0.7169  8.4852  1.978  2.5846  4.3087  0.7303  6.1722  0.9825  0.8493  4.4711  1.3386  3.2471  0.0736  15.7395  13.9548  18.1287  4.0446  0.9997  7.8678  2.8884  4.2382  4.6088  1.243  7.1046  13.4872  1.6157  2.6459  3.6198  2.1365  3.8774  3.3007  0.8787  3.6869  3.7091  1.6183  1.6426  2.1902  0.287  0.927  0.2444  
trainID = 972  1.5919  0.9302  3.059  0.6079  0.5993  3.7571  1.1426  3.5402  1.207  0.8462  1.9363  4.1011  4.2285  1.0439  3.2577  2.3507  1.745  0.5221  2.7367  3.3047  0.0156  1.106  0.2511  0.3369  4.1769  12.0827  0.341  6.4875  1.262  2.4389  0.4885  0.564  2.1448  0.2778  4.1728  0.1208  1.9575  1.2759  0.8815  2.1959  1.433  2.307  1.5173  
trainID = 1006  0.981  6.1058  1.4769  1.289  1.3006  0.3583  2.9609  1.63  1.7399  2.1671  0.4786  0.3163  1.8281  3.1959  3.4219  1.0231  1.0177  2.7039  1.5177  3.3966  0.1453  3.8496  0.2388  0.3739  3.0426  2.7582  4.6271  2.8602  1.4051  5.2004  1.9172  1.53  0.3916  0.2514  1.2244  1.6479  2.0213  0.8135  0.3773  1.0174  1.031  2.042  0.8633  
trainID = 1010  0.4832  0.9486  0.2534  3.4517  1.474  2.7587  0.3769  5.0786  0.224  0.3479  1.7613  2.1051  5.1385  1.666  0.3273  4.2071  4.9188  2.3994  2.3395  3.4388  5.5958  0.464  2.9087  0.102  4.0835  13.2705  4.928  1.0537  0.6095  5.82  0.097  0.388  1.4971  1.2337  3.3845  1.8769  1.1335  0.3056  2.7503  2.575  1.757  2.745  0.0781  
trainID = 1166  32.6651  7.9277  6.6078  1.684  5.329  0.4992  0.5749  6.3362  1.495  6.7065  0.8539  1.1663  3.6631  1.3925  4.1415  1.3906  9.1085  8.3289  10.366  3.1436  2.3478  6.783  3.5718  3.4345  4.4305  1.1125  6.177  12.3748  1.9541  3.682  3.2173  0.855  4.8032  3.1728  0.0619  3.4829  2.9526  2.2729  3.0388  2.0927  0.125  2.031  3.1356  
TrainID = 813  dbValue = 1.20863  nTestCell = 45  nTrainCell = 42  nDiff = 3  (X,Y) = (1555, 1105)  Position Error = 31.3847
TrainID = 700  dbValue = 1.2654  nTestCell = 45  nTrainCell = 42  nDiff = 3  (X,Y) = (1585, 1105)  Position Error = 59.203
TrainID = 659  dbValue = 1.3894  nTestCell = 45  nTrainCell = 42  nDiff = 3  (X,Y) = (1585, 1085)  Position Error = 57.1402
TrainID = 771  dbValue = 1.71129  nTestCell = 45  nTrainCell = 43  nDiff = 2  (X,Y) = (1545, 1055)  Position Error = 38.0132
TrainID = 1006  dbValue = 1.82648  nTestCell = 45  nTrainCell = 43  nDiff = 2  (X,Y) = (1575, 1045)  Position Error = 64.3817
TrainID = 939  dbValue = 1.93113  nTestCell = 45  nTrainCell = 43  nDiff = 2  (X,Y) = (1635, 1095)  Position Error = 107.168
TrainID = 972  dbValue = 2.10101  nTestCell = 45  nTrainCell = 43  nDiff = 2  (X,Y) = (1615, 1185)  Position Error = 129.557
TrainID = 387  dbValue = 2.17277  nTestCell = 45  nTrainCell = 44  nDiff = 1  (X,Y) = (1595, 1025)  Position Error = 92.6553
TrainID = 657  dbValue = 2.3154  nTestCell = 45  nTrainCell = 43  nDiff = 2  (X,Y) = (1665, 1085)  Position Error = 137.058
TrainID = 565  dbValue = 2.3578  nTestCell = 45  nTrainCell = 43  nDiff = 2  (X,Y) = (1665, 1145)  Position Error = 148.003
TrainID = 1010  dbValue = 2.38038  nTestCell = 45  nTrainCell = 43  nDiff = 2  (X,Y) = (1565, 1225)  Position Error = 140.943
TrainID = 340  dbValue = 2.55421  nTestCell = 45  nTrainCell = 44  nDiff = 1  (X,Y) = (1545, 1215)  Position Error = 127.142
TrainID = 472  dbValue = 2.6509  nTestCell = 45  nTrainCell = 43  nDiff = 2  (X,Y) = (1525, 1215)  Position Error = 126.036
TrainID = 834  dbValue = 2.69005  nTestCell = 45  nTrainCell = 44  nDiff = 1  (X,Y) = (1575, 1255)  Position Error = 172.525
TrainID = 155  dbValue = 2.78423  nTestCell = 45  nTrainCell = 43  nDiff = 2  (X,Y) = (1665, 1125)  Position Error = 141.651
TrainID = 674  dbValue = 2.88276  nTestCell = 45  nTrainCell = 42  nDiff = 3  (X,Y) = (1695, 1075)  Position Error = 167.586
TrainID = 298  dbValue = 2.97644  nTestCell = 45  nTrainCell = 44  nDiff = 1  (X,Y) = (1705, 1035)  Position Error = 185.054
TrainID = 639  dbValue = 3.12979  nTestCell = 45  nTrainCell = 43  nDiff = 2  (X,Y) = (1715, 1145)  Position Error = 195.205
TrainID = 513  dbValue = 3.49566  nTestCell = 45  nTrainCell = 43  nDiff = 2  (X,Y) = (1525, 1265)  Position Error = 176.026
TrainID = 330  dbValue = 3.65538  nTestCell = 45  nTrainCell = 42  nDiff = 3  (X,Y) = (1725, 1035)  Position Error = 204.267
TrainID = 599  dbValue = 3.65905  nTestCell = 45  nTrainCell = 42  nDiff = 3  (X,Y) = (1585, 985)  Position Error = 118.596
TrainID = 617  dbValue = 4.05821  nTestCell = 45  nTrainCell = 43  nDiff = 2  (X,Y) = (1705, 965)  Position Error = 216.113
TrainID = 742  dbValue = 4.08557  nTestCell = 45  nTrainCell = 45  nDiff = 0  (X,Y) = (1735, 985)  Position Error = 231.657
TrainID = 1166  dbValue = 4.43  nTestCell = 45  nTrainCell = 43  nDiff = 2  (X,Y) = (1695, 945)  Position Error = 220.511
TrainID = 366  dbValue = 4.57157  nTestCell = 45  nTrainCell = 43  nDiff = 2  (X,Y) = (1715, 925)  Position Error = 248.727
TrainID = 395  dbValue = 4.74605  nTestCell = 45  nTrainCell = 42  nDiff = 3  (X,Y) = (1615, 915)  Position Error = 194.538
TrainID = 162  dbValue = 4.76787  nTestCell = 45  nTrainCell = 43  nDiff = 2  (X,Y) = (1745, 955)  Position Error = 255.039
TrainID = 950  dbValue = 4.81903  nTestCell = 45  nTrainCell = 43  nDiff = 2  (X,Y) = (1725, 925)  Position Error = 256.33
TrainID = 293  dbValue = 5.19697  nTestCell = 45  nTrainCell = 42  nDiff = 3  (X,Y) = (1675, 925)  Position Error = 220.239
