trainID = 360  0.1597  5.1626  1.295  8.0297  0.6418  0.636  1.337  2.796  3.2054  2.4607  3.9312  0.955  4.2943  8.0737  4.3501  5.3477  5.0897  3.1516  4.2703  2.2009  3.8378  5.7958  0.8866  2.9347  6.1659  12.1054  15.3611  3.41  5.6808  6.4015  2.7364  2.4527  2.7722  1.9283  4.4827  2.5913  2.0243  3.6311  1.8391  1.4781  0.729  1.8808  
trainID = 372  0.7467  5.2213  2.4219  5.3373  3.2684  1.1346  1.503  3.1434  0.5184  0.5727  1.557  1.6692  0.4643  5.4744  4.2387  0.2113  1.7726  0.5331  1.0439  4.3184  0.7012  1.4655  0.056  0.7933  2.2649  3.4965  12.1105  1.4646  1.6702  4.493  1.1934  3.5031  3.9951  2.0144  1.5574  3.0779  2.4523  0.3456  2.076  2.9651  1.265  1.211  
trainID = 373  2.941  5.9136  0.9816  1.695  4.0646  1.4462  5.8342  3.7664  6.1938  0.7586  35.8365  0.0717  0.194  0.082  2.1915  0.9215  3.1143  13.9372  11.2189  15.0016  2.2741  5.3402  8.0663  0.9497  0.3156  1.9164  11.6029  6.8073  1.2861  1.4395  3.0257  0.4855  0.3134  7.6841  1.87  4.3505  0.499  0.524  7.0255  5.0055  5.0187  34.6631  
trainID = 386  0.2503  4.1666  3.8408  3.4327  5.8175  2.7622  0.15  2.6215  4.0064  0.1105  0.007  1.583  1.3466  5.6596  4.445  2.1491  4.0455  0.4662  2.967  2.0799  0.1225  6.1691  2.0731  0.342  8.8278  4.5639  13.792  4.418  0.7637  3.606  0.5939  0.3889  3.0793  0.5861  0.4402  3.3742  1.8099  1.2648  1.5011  2.2201  1.4982  1.3763  
trainID = 404  1.979  0.8949  0.7362  0.922  3.2162  2.2777  4.4263  1.6811  6.2079  0.4487  0.9106  1.663  0.38  2.2459  0.7497  3.5168  3.8056  4.6811  5.9472  0.4516  1.7196  3.0697  2.5991  2.2791  1.7277  6.2066  3.3912  3.0082  3.0082  4.869  0.4181  1.4624  4.7352  0.8789  1.0739  0.831  1.1397  3.0164  0.4068  3.1711  1.1781  0.494  0.6021  0.729  
trainID = 488  1.7496  6.2744  1.494  5.5403  1.9627  3.4649  3.369  1.6318  1.8897  0.377  0.3503  1.497  0.837  2.446  8.4417  2.2801  4.3293  4.707  0.4397  4.3613  4.8157  2.7413  3.5779  3.4427  1.7251  1.4754  5.1036  12.2681  2.7702  0.3501  5.8513  2.8234  0.4265  2.8436  1.4098  0.6587  3.6108  1.4776  1.4277  0.4742  1.9251  0.163  2.1887  
trainID = 504  2.2952  0.7069  1.03  0.8473  2.836  2.5475  2.8518  5.2882  0.1011  1.413  1.4512  0.707  0.982  0.107  2.4169  2.4511  2.8652  3.003  4.4881  1.7884  1.4127  4.3668  2.0414  0.4615  1.8616  3.6878  2.667  3.1683  0.6651  3.3188  0.4636  1.3054  4.1775  0.2337  1.7028  0.8431  0.0068  3.8988  0.6464  0.9345  2.7381  0.992  4.1665  
trainID = 515  5.2289  1.0395  0.649  0.2938  4.0695  3.5925  2.3651  3.3374  0.5793  33.3307  0.1667  1.202  1.2688  1.1111  1.3977  4.8552  9.704  7.7869  8.7635  2.4891  3.9662  6.8033  0.7481  0.5211  0.2963  10.3751  4.5941  4.7624  4.3839  4.1053  0.2553  3.0314  4.8172  0.6915  4.5209  0.253  0.1444  4.9752  1.297  4.8994  1.5431  0.155  2.1208  
trainID = 584  2.559  2.9398  1.568  5.7181  5.8718  2.1917  0.246  1.0719  0.7093  1.4996  1.007  1.8659  4.1573  4.7299  7.8427  1.0825  0.3852  1.8289  2.111  4.6941  1.7747  3.3154  0.9974  1.7404  13.1239  1.57  12.5674  4.7953  5.6773  1.6295  4.1464  3.209  0.1943  3.6899  0.4309  2.836  5.9895  3.7195  2.45  3.0341  0.049  0.3048  
trainID = 602  2.7013  4.2698  0.256  0.9636  3.0033  0.6123  0.602  4.032  2.2513  0.68  1.797  0.051  0.1146  4.1064  3.5879  0.3381  1.0812  1.2511  0.5663  0.2923  0.6032  2.6194  1.8921  1.3917  0.8203  0.7616  3.92  2.1204  0.4899  2.4131  2.7194  1.4746  3.5078  1.3774  0.207  0.1282  2.1765  0.2696  0.6097  1.6141  0.032  0.7378  1.036  
trainID = 610  2.357  5.6032  2.5721  0.84  3.1098  1.9773  2.4339  0.6971  5.0019  0.5109  35.5889  0.2865  0.633  1.3161  1.2106  0.7068  4.0562  5.1238  1.5492  8.9394  1.3575  1.9306  4.0861  1.1659  0.0495  4.2159  7.8988  4.8407  0.3108  3.8254  1.4737  0.1482  1.8424  3.9605  0.2317  2.599  0.019  1.4804  4.9499  3.5855  3.9397  2.4181  0.349  1.7301  
trainID = 648  1.112  1.4155  0.8868  0.017  4.2237  0.9943  1.6427  1.5687  7.0527  0.1673  34.3281  33.9311  0.518  0.5542  1.6086  5.0808  3.6679  6.4063  0.8704  0.7434  6.9857  0.0991  0.1899  1.1124  4.3453  5.0902  0.0536  2.1015  1.607  4.3811  1.898  4.7387  1.3198  0.9232  0.095  2.3888  2.6351  1.7351  3.7117  1.8801  1.4924  1.6452  
trainID = 660  2.981  5.3406  0.0489  1.463  2.7545  2.6276  4.1102  3.36  3.8754  0.8099  34.4917  0.2944  1.857  1.252  3.373  2.1047  2.81  11.4602  8.9761  14.7893  1.2314  8.082  7.6032  2.7801  2.8561  2.6519  12.225  3.5286  1.4895  4.3047  5.1313  0.8615  0.1686  6.3933  1.85  6.038  0.469  0.9725  4.2714  4.7405  4.1685  34.3061  
trainID = 687  2.467  0.5083  2.1915  2.045  0.5805  2.9506  5.0232  2.1757  6.5248  1.8446  0.309  0.4063  1.636  1.8404  1.5817  1.2227  0.5064  3.148  1.6199  5.5509  1.6448  1.0669  2.0807  1.3063  0.413  0.7912  6.3439  4.2019  0.2632  0.5884  3.7333  3.7677  0.8064  2.5894  1.5865  2.0643  0.78  1.0767  2.3466  1.0905  1.0444  3.3251  0.893  0.7223  
trainID = 775  0.7868  4.9155  0.533  2.7919  3.7592  0.403  0.337  2.9455  3.0934  0.4111  1.509  1.011  4.1028  6.0635  1.1257  3.2838  3.7616  1.0348  3.5545  3.9673  4.491  3.4964  1.9571  0.165  2.277  10.3751  12.3963  2.9862  2.8545  7.1629  1.8454  0.4799  2.3895  0.2243  3.9966  3.0706  2.2649  1.2483  0.1766  1.9151  2.184  0.1147  0.707  
trainID = 783  1.717  1.5413  0.1992  1.519  2.2755  1.0398  2.6097  3.0848  5.213  1.0899  34.7035  0.211  0.651  0.676  0.4524  1.1479  3.2197  1.3763  3.3045  7.9806  0.6826  2.3476  4.3045  1.1025  2.3871  1.8681  7.0624  3.5725  0.2353  0.1126  1.0143  0.6538  1.2084  2.7445  1.4074  1.3781  0.4136  0.8206  4.6142  2.4629  2.2291  2.1121  0.967  0.5994  
trainID = 788  0.5333  2.0135  0.091  0.4975  4.5028  3.934  0.7  4.1115  2.1066  0.6179  0.694  1.438  0.954  2.357  3.3889  0.3004  0.8915  1.0345  1.5354  0.8977  0.0484  2.0997  3.1784  3.0539  4.2439  0.9052  4.1483  0.6145  3.6095  0.0694  0.6712  0.2651  2.239  2.4986  1.0538  2.687  3.6671  0.1698  0.3563  4.0221  1.041  3.7209  
trainID = 797  0.1294  1.8025  0.618  2.6338  2.6336  2.5379  1.1526  5.2448  1.5687  1.0456  1.151  1.217  0.2672  0.1285  1.5197  1.984  2.3535  3.8106  2.1033  2.1474  2.5833  1.605  0.7188  0.6102  3.0434  0.2623  3.3448  0.2547  3.8349  0.0647  0.2592  1.2777  0.4659  0.6389  0.541  0.9318  2.9475  0.19  0.3464  3.0901  1.3708  3.3386  
trainID = 846  0.0596  2.0368  0.486  0.8897  2.0973  3.0162  0.4835  2.8916  2.1198  1.015  0.592  0.792  1.82  2.1812  0.747  1.8243  3.2256  0.6314  1.1141  1.3441  1.0396  1.6767  1.6115  1.1477  0.7318  0.0012  0.4787  0.2954  1.2398  1.4906  1.1957  1.2495  1.2009  1.3356  0.0034  0.401  0.6259  3.4408  1.318  0.526  2.4801  0.889  0.838  
trainID = 847  1.543  4.4666  2.8293  3.5001  4.9962  1.7292  3.7618  2.8754  6.8804  1.3633  33.8251  0.7758  2.2531  0.956  1.3953  1.862  3.876  13.6576  8.3252  19.6816  1.7796  5.0503  10.1238  0.4351  1.9521  1.1523  9.6005  6.0841  3.3829  2.4733  5.3464  0.5049  0.8814  8.1593  1.3539  5.2515  0.167  0.2218  3.899  2.6513  1.9441  33.4661  2.585  
trainID = 861  1.388  2.952  1.1037  3.0711  1.617  7.7948  3.1924  2.2568  2.7001  1.0422  4.7115  2.558  0.698  4.6928  3.7082  6.8211  4.2154  2.1881  2.2071  2.245  3.2672  4.9014  2.1555  0.5936  0.4104  13.36  0.098  8.5473  5.3909  5.8973  4.0704  2.9194  6.3877  1.6153  2.0628  1.135  2.734  3.0111  1.307  1.6623  3.9251  0.61  1.7056  
trainID = 882  4.765  3.8203  0.061  6.9966  1.2159  5.7456  5.376  8.1892  4.8807  33.6423  1.4252  0.732  0.586  0.8657  0.653  4.47  20.5479  19.1982  22.4544  2.9363  6.1787  12.3895  2.4048  0.3771  2.8699  9.9486  6.9234  1.7056  3.9429  4.0329  0.2441  0.4736  5.2753  0.0446  3.7402  1.55  0.013  8.1655  1.7379  6.1332  6.6321  3.47  0.0698  
trainID = 891  3.2072  5.7079  2.089  9.5989  1.2854  1.647  1.225  0.2926  4.9554  0.4447  1.402  1.7852  6.3696  11.0638  3.2439  5.2443  5.5875  3.2419  4.4643  0.6118  4.6154  7.2423  2.4018  1.2909  14.3527  21.2379  27.0215  3.3525  5.9279  8.9291  1.3804  1.2221  4.8886  4.2609  4.6402  3.6345  1.4634  4.3541  1.4011  0.8286  1.695  0.2348  1.166  
trainID = 947  0.3149  3.8979  1.133  2.1564  3.9855  2.9797  1.0984  2.8117  2.0148  2.279  0.084  1.256  0.8898  0.7349  4.9866  1.3856  0.6  2.5333  2.428  2.7299  2.1884  3.2595  0.084  1.1795  6.9173  0.1869  8.1286  5.3531  4.5946  1.4542  3.5724  4.0016  0.6843  1.8349  2.3424  2.3872  1.6108  1.0895  0.9927  3.1831  0.129  0.8298  
trainID = 1015  3.7842  1.0575  0.722  4.8704  3.9226  4.5862  3.7295  6.0806  1.5786  31.9098  1.2008  0.093  1.136  2.6911  0.113  3.9653  10.5627  7.5086  12.7081  1.2869  3.016  7.4406  0.475  1.5611  0.5578  10.7494  5.9311  2.3192  2.4151  5.9893  1.7231  1.5114  6.9537  0.414  4.4644  2.886  2.1813  6.7795  2.0179  1.3542  1.3961  0.168  3.6168  
trainID = 1042  1.653  4.8106  1.4192  2.123  7.3284  3.7956  4.5349  1.2201  6.5755  1.6513  34.5745  0.8352  1.899  0.172  2.6054  0.6191  3.0781  18.8822  12.7295  21.8127  0.4906  3.3898  9.6513  1.0738  0.2643  2.2999  12.977  6.1758  2.1022  5.1112  4.5129  0.092  2.6694  7.3351  0.057  5.0213  0.199  1.4125  7.2315  3.5715  3.0437  33.5881  
trainID = 1074  1.637  1.7442  1.1745  1.192  2.539  3.5479  3.705  1.5012  3.8909  1.9483  34.002  2.2949  2.7173  1.036  0.0771  0.9109  1.0592  5.4197  4.8361  9.3208  1.8566  2.976  5.5942  0.8202  0.6781  0.3099  8.49  3.886  3.5277  1.8942  5.0493  0.3676  1.5934  3.7093  1.0117  0.7354  2.001  1.3889  4.0111  2.3894  1.1386  1.1561  2.2815  2.8305  
trainID = 1144  1.849  1.9262  3.4096  1.776  0.2059  3.9898  2.3972  0.4841  4.6233  0.5357  1.9598  0.24  0.971  0.5612  2.6532  6.1459  2.8774  2.6397  5.6492  2.7663  5.1583  3.8496  2.5302  2.2467  0.7494  14.2451  1.6803  8.6121  3.8789  5.25  3.7994  1.5094  6.3712  0.0865  2.8056  1.698  2.9391  2.8209  3.0215  1.1477  4.3411  0.388  0.0594  
trainID = 1195  4.0541  0.2902  3.8627  2.3194  3.0453  1.9644  4.1594  3.8286  0.4472  32.798  1.2207  0.159  1.8922  2.5527  1.9056  4.8738  9.8485  10.028  14.7101  1.9602  3.0243  7.9244  0.2252  1.5911  2.6469  11.8278  4.8443  3.328  4.3896  6.3589  0.4782  0.3398  6.259  2.0977  4.6009  1.058  2.0991  5.0215  2.4175  2.7374  2.2021  1.649  0.1785  
trainID = 1199  2.511  1.8108  2.2609  1.924  1.0504  4.2119  2.0091  1.276  6.3356  2.9094  0.4295  0.948  1.048  2.1384  0.3701  4.8919  2.0071  1.9469  4.6699  1.4188  1.7374  1.8084  2.1905  0.9863  0.8967  7.5746  1.7848  6.4636  1.8117  5.2628  2.6442  0.0423  4.4041  0.0719  0.4009  1.0567  2.1874  5.5945  0.6093  2.4016  3.4931  1.099  1.7878  
trainID = 1425  1.4366  3.3928  0.544  5.0933  2.6704  2.6447  1.129  2.4014  3.2284  0.7575  1.149  1.3938  0.2548  4.7953  4.5582  2.2641  3.8611  1.7607  2.0285  2.8938  0.1599  5.8005  2.8606  1.3623  0.8358  2.6235  14.6383  2.1639  2.4236  3.9862  2.6234  5.1657  2.2315  2.5737  2.8753  2.4001  3.9969  0.6913  0.3577  1.1291  2.0588  0.9614  
trainID = 1557  2.6154  1.6716  0.582  1.6949  0.2221  2.7283  2.2398  2.1001  0.4287  1.035  0.414  2.167  0.87  2.9137  0.0533  3.4501  1.5323  0.1174  4.2732  0.6468  0.4266  1.527  0.0408  1.6651  0.9444  0.2719  0.2496  0.0441  0.9818  2.1032  1.2953  1.0734  1.937  0.2027  0.916  0.32  0.7774  3.8734  0.5627  1.0544  2.9701  1.5746  2.1072  1.825  
trainID = 1632  1.4918  5.1377  0.41  7.3352  2.5233  1.0428  0.3177  2.5811  2.5274  0.5904  1.518  1.14  3.8303  6.4816  2.3793  4.4716  4.0405  0.8873  2.0869  0.0655  1.201  3.0253  2.0305  1.2322  8.9911  8.7359  6.6676  1.5046  6.0015  3.5744  1.5234  1.6668  2.5679  0.7431  4.0049  0.5401  0.5938  0.9043  1.9423  0.1951  1.2343  2.8131  1.188  
trainID = 1873  0.3965  5.1595  0.817  6.1832  1.951  2.9172  0.168  1.5559  3.4834  0.8969  0.701  1.042  3.5918  7.5725  4.5714  3.6089  3.3438  0.4466  3.459  4.5612  1.5055  3.6364  3.4201  0.9194  0.7253  7.1251  10.4183  2.6514  2.5726  4.6961  3.8354  0.8889  4.5998  0.4626  2.5985  2.4829  5.1575  1.8589  0.7076  1.7521  1.03  0.9196  1.411  
trainID = 1904  3.2338  6.639  1.493  5.79  2.353  0.661  0.6649  3.1882  3.5564  0.2579  0.949  0.48  3.2414  8.8484  4.246  1.0812  2.8232  0.4865  4.7623  0.6209  3.5734  5.7653  1.5974  1.2777  8.9149  7.9164  8.4878  1.425  4.4668  7.1469  1.4074  1.2402  4.0246  0.6127  3.2741  4.7324  0.9937  2.1027  2.9164  1.7081  0.762  1.2732  2.625  
trainID = 1925  2.7385  4.8739  2.201  4.1614  3.0462  1.9644  1.163  1.7169  2.1279  1.0658  0.208  0.909  2.5983  4.2094  4.0968  2.157  3.6783  1.2518  1.6331  2.7825  2.5866  5.0625  2.8755  0.02  6.6792  7.4986  3.5876  2.5996  3.9579  5.5396  2.9324  1.9551  1.6466  1.4248  3.1567  2.8869  2.0644  1.2299  1.0656  1.7051  1.9214  1.9157  
trainID = 1959  1.686  4.511  1.789  5.4841  5.4177  1.369  1.4673  0.0338  5.1584  0.1219  0.723  3.4327  0.7381  6.0357  3.08  1.8388  3.8311  2.0303  3.3346  2.9416  0.6252  5.2514  0.8605  0.9269  0.0991  4.5323  12.0016  2.461  2.7217  3.6397  1.4904  1.0058  1.0991  0.6088  8.0671  3.5538  1.0134  0.0649  1.048  1.1571  0.406  0.9903  1.018  
trainID = 2018  1.6695  2.9878  0.348  5.0711  3.5248  0.023  0.676  3.4037  1.7619  1.3474  1.031  1.224  3.6709  4.6759  6.354  0.0143  0.5489  0.1989  3.1839  2.8155  1.7327  4.6171  0.07  0.4518  0.3083  1.782  10.6236  2.5151  0.3085  4.3585  2.2714  0.018  2.4282  0.5673  1.5872  1.6847  2.6377  0.2431  3.101  1.0363  0.092  3.7369  1.047  
trainID = 2022  0.7045  6.7754  1.125  6.1106  4.1061  3.0505  0.233  1.5257  5.2954  0.8678  1.577  2.3768  0.1048  6.4883  4.4921  2.5072  1.2685  1.8711  2.2789  2.0163  0.3405  4.0526  0.2222  2.9768  2.1807  5.8752  15.1546  2.6541  0.0334  6.1387  3.4064  1.1265  1.4719  0.3664  2.7415  3.0831  0.7886  1.3856  0.502  2.5311  0.773  0.0484  
trainID = 2528  2.2296  4.0212  0.068  2.0084  2.7106  0.017  0.5669  3.4086  2.0231  1.0741  2.3082  0.417  2.3842  1.9297  1.7379  2.548  1.3181  1.8483  2.1648  0.3553  0.4524  1.6798  1.3691  1.6177  0.9432  1.7407  1.5575  1.4266  0.0804  1.0944  0.6589  0.5893  0.6816  0.7642  2.5123  1.6597  3.3564  0.2224  0.4936  1.0158  3.899  1.5166  0.272  
trainID = 2680  0.0012  2.8726  0.718  0.4818  2.8244  0.9842  2.1388  3.0367  2.0248  0.787  3.5237  0.544  1.5751  3.0224  3.4123  1.3962  0.7455  3.1851  2.6579  0.4164  0.0504  2.8026  0.46  0.1342  0.837  2.3868  3.6222  0.6482  1.1742  2.6235  0.5938  0.8093  1.7154  0.7622  2.4373  0.8248  2.9081  0.6922  1.5823  1.7101  2.4683  2.4877  
trainID = 2693  1.2776  3.9037  1.388  2.751  1.85  1.2736  0.426  2.5806  1.8372  0.342  1.998  0.348  1.0056  6.4326  2.026  2.5518  3.1633  1.1835  3.2404  2.868  0.0896  3.2102  1.1822  2.4794  0.225  2.4591  5.4824  0.8498  3.7978  4.1684  2.5644  2.3007  2.3758  2.0396  2.5792  1.7306  2.1883  0.2002  1.3021  3.2621  2.3113  0.1808  0.975  
trainID = 2717  2.8163  4.2064  0.233  4.5367  1.4443  0.031  1.005  3.2899  3.0094  1.099  0.3354  0.564  0.062  0.597  4.9722  2.8052  1.2081  1.8878  0.3888  3.1128  3.832  2.344  1.3149  0.2407  0.3753  0.15  4.6914  10.5484  3.6198  0.983  6.564  1.5164  1.576  0.6727  0.4189  3.97  0.1285  1.5126  0.0428  0.2712  2.1071  1.6554  0.5925  
trainID = 2725  0.5198  3.6889  1.906  1.6242  4.6943  2.0632  0.6246  4.6479  2.2052  0.4801  2.5585  1.15  0.1688  5.5779  6.865  1.7942  5.6509  1.4224  2.9257  4.6169  0.6792  1.5229  1.4673  0.7668  5.1508  0.4331  10.9731  3.0749  1.7018  4.1596  3.3724  1.5241  2.7789  2.1948  2.5294  2.8909  3.3579  1.57  0.6283  3.3591  0.038  1.9718  
trainID = 2992  1.3805  0.4738  0.75  0.9646  1.9584  1.8939  1.511  5.0874  1.1327  0.8233  1.718  1.3857  3.4507  3.5493  2.6961  1.8764  2.5723  2.7634  4.2003  1.1622  0.7419  2.8876  1.0569  1.4977  2.4433  2.444  4.3999  1.0681  3.042  3.026  2.4114  0.3975  0.1142  0.4088  1.9809  0.7378  1.4339  0.0769  1.0516  0.4828  0.135  0.2549  1.488  
TrainID = 846  dbValue = 1.2694  nTestCell = 45  nTrainCell = 43  nDiff = 2  (X,Y) = (1185, 1155)  Position Error = 11.7047
TrainID = 1557  dbValue = 1.37499  nTestCell = 45  nTrainCell = 44  nDiff = 1  (X,Y) = (1195, 1125)  Position Error = 19.9249
TrainID = 2528  dbValue = 1.50564  nTestCell = 45  nTrainCell = 43  nDiff = 2  (X,Y) = (1165, 1155)  Position Error = 26.4008
TrainID = 602  dbValue = 1.52277  nTestCell = 45  nTrainCell = 43  nDiff = 2  (X,Y) = (1145, 1145)  Position Error = 44.0114
TrainID = 797  dbValue = 1.61355  nTestCell = 45  nTrainCell = 42  nDiff = 3  (X,Y) = (1195, 1095)  Position Error = 49.366
TrainID = 2680  dbValue = 1.66854  nTestCell = 45  nTrainCell = 42  nDiff = 3  (X,Y) = (1175, 1175)  Position Error = 34.0147
TrainID = 2992  dbValue = 1.74258  nTestCell = 45  nTrainCell = 43  nDiff = 2  (X,Y) = (1125, 1175)  Position Error = 71.1126
TrainID = 788  dbValue = 1.83244  nTestCell = 45  nTrainCell = 42  nDiff = 3  (X,Y) = (1135, 1125)  Position Error = 57.2451
TrainID = 504  dbValue = 1.99854  nTestCell = 45  nTrainCell = 43  nDiff = 2  (X,Y) = (1185, 1065)  Position Error = 79.1012
TrainID = 687  dbValue = 2.01498  nTestCell = 45  nTrainCell = 44  nDiff = 1  (X,Y) = (1215, 1065)  Position Error = 83.1685
TrainID = 2717  dbValue = 2.01702  nTestCell = 45  nTrainCell = 43  nDiff = 2  (X,Y) = (1095, 1175)  Position Error = 98.9798
TrainID = 2693  dbValue = 2.10235  nTestCell = 45  nTrainCell = 43  nDiff = 2  (X,Y) = (1125, 1185)  Position Error = 76.0066
TrainID = 2018  dbValue = 2.1337  nTestCell = 45  nTrainCell = 43  nDiff = 2  (X,Y) = (1115, 1175)  Position Error = 80.2309
TrainID = 404  dbValue = 2.25356  nTestCell = 45  nTrainCell = 44  nDiff = 1  (X,Y) = (1185, 1035)  Position Error = 109.073
TrainID = 947  dbValue = 2.29293  nTestCell = 45  nTrainCell = 42  nDiff = 3  (X,Y) = (1095, 1085)  Position Error = 110.982
TrainID = 372  dbValue = 2.36482  nTestCell = 45  nTrainCell = 42  nDiff = 3  (X,Y) = (1075, 1145)  Position Error = 114.004
TrainID = 1199  dbValue = 2.38319  nTestCell = 45  nTrainCell = 43  nDiff = 2  (X,Y) = (1165, 1065)  Position Error = 82.5651
TrainID = 1959  dbValue = 2.55038  nTestCell = 45  nTrainCell = 43  nDiff = 2  (X,Y) = (1085, 1175)  Position Error = 108.522
TrainID = 1632  dbValue = 2.64511  nTestCell = 45  nTrainCell = 43  nDiff = 2  (X,Y) = (1095, 1245)  Position Error = 137.975
TrainID = 2725  dbValue = 2.6507  nTestCell = 45  nTrainCell = 42  nDiff = 3  (X,Y) = (1075, 1135)  Position Error = 114.355
TrainID = 1425  dbValue = 2.67088  nTestCell = 45  nTrainCell = 42  nDiff = 3  (X,Y) = (1085, 1155)  Position Error = 104.58
TrainID = 2022  dbValue = 2.68163  nTestCell = 45  nTrainCell = 42  nDiff = 3  (X,Y) = (1065, 1165)  Position Error = 125.766
TrainID = 1925  dbValue = 2.68797  nTestCell = 45  nTrainCell = 42  nDiff = 3  (X,Y) = (1105, 1235)  Position Error = 123.843
TrainID = 386  dbValue = 2.73139  nTestCell = 45  nTrainCell = 42  nDiff = 3  (X,Y) = (1055, 1135)  Position Error = 134.302
TrainID = 783  dbValue = 2.73438  nTestCell = 45  nTrainCell = 44  nDiff = 1  (X,Y) = (1225, 1055)  Position Error = 96.0052
TrainID = 775  dbValue = 2.74811  nTestCell = 45  nTrainCell = 43  nDiff = 2  (X,Y) = (1065, 1215)  Position Error = 142.888
TrainID = 488  dbValue = 2.8138  nTestCell = 45  nTrainCell = 43  nDiff = 2  (X,Y) = (1075, 1215)  Position Error = 134.302
TrainID = 1873  dbValue = 2.8326  nTestCell = 45  nTrainCell = 43  nDiff = 2  (X,Y) = (1065, 1195)  Position Error = 134.078
TrainID = 1144  dbValue = 2.94997  nTestCell = 45  nTrainCell = 43  nDiff = 2  (X,Y) = (1105, 1005)  Position Error = 162.41
TrainID = 1904  dbValue = 3.10745  nTestCell = 45  nTrainCell = 43  nDiff = 2  (X,Y) = (1085, 1235)  Position Error = 138.192
TrainID = 584  dbValue = 3.12677  nTestCell = 45  nTrainCell = 42  nDiff = 3  (X,Y) = (1055, 1065)  Position Error = 155.554
TrainID = 861  dbValue = 3.23094  nTestCell = 45  nTrainCell = 43  nDiff = 2  (X,Y) = (1095, 995)  Position Error = 176.173
TrainID = 610  dbValue = 3.24823  nTestCell = 45  nTrainCell = 44  nDiff = 1  (X,Y) = (1235, 1005)  Position Error = 146.414
TrainID = 1074  dbValue = 3.27843  nTestCell = 45  nTrainCell = 44  nDiff = 1  (X,Y) = (1185, 1005)  Position Error = 139.058
TrainID = 648  dbValue = 3.7433  nTestCell = 45  nTrainCell = 42  nDiff = 3  (X,Y) = (1255, 1035)  Position Error = 127.424
TrainID = 360  dbValue = 3.77414  nTestCell = 45  nTrainCell = 42  nDiff = 3  (X,Y) = (1045, 1255)  Position Error = 181.816
TrainID = 515  dbValue = 3.77885  nTestCell = 45  nTrainCell = 43  nDiff = 2  (X,Y) = (1175, 955)  Position Error = 189.518
TrainID = 1015  dbValue = 4.17274  nTestCell = 45  nTrainCell = 43  nDiff = 2  (X,Y) = (1195, 955)  Position Error = 189.095
TrainID = 1195  dbValue = 4.26091  nTestCell = 45  nTrainCell = 43  nDiff = 2  (X,Y) = (1185, 935)  Position Error = 209.038
TrainID = 891  dbValue = 4.67463  nTestCell = 45  nTrainCell = 43  nDiff = 2  (X,Y) = (1015, 1295)  Position Error = 230.384
TrainID = 847  dbValue = 5.32602  nTestCell = 45  nTrainCell = 43  nDiff = 2  (X,Y) = (1195, 905)  Position Error = 239.075
TrainID = 660  dbValue = 5.35483  nTestCell = 45  nTrainCell = 42  nDiff = 3  (X,Y) = (1185, 915)  Position Error = 229.035
TrainID = 373  dbValue = 5.39589  nTestCell = 45  nTrainCell = 42  nDiff = 3  (X,Y) = (1205, 905)  Position Error = 239.535
TrainID = 882  dbValue = 5.50893  nTestCell = 45  nTrainCell = 43  nDiff = 2  (X,Y) = (1245, 885)  Position Error = 264.985
TrainID = 1042  dbValue = 5.82355  nTestCell = 45  nTrainCell = 42  nDiff = 3  (X,Y) = (1225, 895)  Position Error = 251.589
