trainID = 486  0.0876  0.0481  2.41  2.6371  1.9973  0.066  0.274  4.2555  0.835  2.4451  1.8461  1.677  3.1052  0.8681  1.0142  0.6067  1.0031  0.6151  1.206  0.6874  0.6654  1.1083  2.522  0.978  3.4854  1.2569  1.3961  4.5311  2.5362  4.7963  1.1325  3.2645  2.6238  0.4012  6.1319  2.7634  0.4021  1.8497  2.2129  0.6191  1.5271  0.9863  2.448  0.271  0.7261  1.2339  3.238  0.5428  
trainID = 600  1.1673  0.7953  1.499  0.113  2.8347  0.724  0.346  2.7249  1.31  1.735  1.6621  0.8772  0.7474  2.0878  1.0165  0.1255  2.3953  1.8142  2.628  0.2966  2.2516  3.0278  2.034  0.047  3.6509  0.3202  0.1218  4.7206  0.1314  7.4745  1.7929  1.9117  1.7014  1.72  4.561  2.3431  1.3476  2.2002  1.7763  2.7018  2.4862  2.1866  2.893  2.214  0.3217  2.9029  0.597  0.0709  1.112  
trainID = 709  0.6347  0.3745  1.494  3.0684  0.6491  1.1859  0.23  3.682  1.1918  1.0168  1.2481  1.4378  1.0564  1.4331  0.164  1.2495  1.75  2.2622  4.5323  0.9979  4.4025  0.1033  0.082  1.43  0.3884  0.9237  2.9034  4.5749  1.6301  7.0004  0.0127  0.5666  1.7921  0.3756  4.198  1.1148  1.9939  0.5455  0.0389  0.7697  4.1085  1.0864  1.922  0.295  1.0845  2.9759  1.984  1.2629  0.1  
trainID = 733  0.2637  2.8721  1.397  3.5893  0.8425  1.0349  1.199  1.9888  0.881  1.5973  1.8151  0.1859  1.1687  5.3676  3.7376  1.0945  1.269  1.337  4.0622  1.82  0.122  34.9494  0.203  3.14  3.4434  15.597  0.25  16.1732  1.5964  1.6264  1.3155  0.208  2.411  3.9403  2.0707  0.9228  1.337  3.3593  0.2375  3.9507  0.3801  0.827  5.1448  0.0052  3.452  0.3344  1.736  
trainID = 750  1.4678  1.4788  1.472  0.468  0.1561  2.1177  0.995  3.0919  0.858  1.7678  1.7351  1.6544  0.5809  2.5136  1.5402  0.4439  0.6665  0.9732  3.146  0.6119  2.5335  34.4454  1.4585  4.5774  0.8768  1.8689  0.3118  4.7879  1.546  0.8487  1.3929  0.2088  4.173  0.6444  1.0956  0.8894  1.5604  2.5133  1.3126  1.204  1.033  1.685  2.9587  2.5099  1.936  0.0133  
trainID = 821  1.4156  2.3367  1.156  1.4127  0.3735  1.046  1.677  3.0105  1.753  0.8101  1.068  0.3705  2.997  6.0633  1.4362  1.0854  1.1279  0.8264  0.162  1.8614  1.4231  3.3493  4.2205  0.89  3.8957  1.4238  0.1404  9.7221  5.9512  10.261  0.8393  2.0114  4.4663  0.7026  5.8443  2.0294  5.2314  1.4169  2.594  1.1766  3.891  0.9829  33.6653  1.3799  2.426  0.5118  
trainID = 824  2.3277  1.0165  0.115  0.625  3.2813  0.649  38.3524  0.8799  1.8361  0.6892  4.1994  1.3185  2.7781  1.0068  1.5089  0.4641  1.105  0.61  1.177  1.0865  0.87  0.564  4.7004  0.5071  3.953  1.5872  7.9956  6.7056  0.0609  2.6041  4.2107  0.069  5.4004  1.6512  2.0334  0.8857  3.2122  3.8091  0.551  4.8161  0.77  2.5527  1.592  1.3999  1.854  0.8911  1.08  
trainID = 843  1.6211  1.0913  2.7557  0.679  3.268  1.649  37.5634  2.7608  0.8255  0.0058  2.7301  0.0213  4.8953  2.6095  2.2268  2.1269  3.317  1.4134  0.2812  1.4976  1.338  0.739  1.9205  0.3606  2.1367  1.304  16.3157  6.4168  1.6813  3.4357  5.838  0.8001  2.025  1.0224  1.2136  1.7278  3.0261  1.2821  1.8807  1.8779  0.781  4.0892  2.0864  1.0779  2.776  0.1976  0.038  
trainID = 883  1.8469  1.301  3.091  0.376  1.0734  2.934  1.791  1.2165  0.9767  0.5774  0.5662  1.2028  5.3085  1.607  1.0786  2.8002  2.0559  0.8765  0.568  2.4871  0.1807  4.3244  2.871  4.6145  4.3381  2.8594  1.4164  7.4423  1.2754  8.7819  0.5787  2.3965  1.0787  0.7715  4.473  1.4981  2.1656  0.2393  3.7054  1.2962  1.6143  1.5238  33.2623  2.0479  2.593  0.4518  1.43  
trainID = 919  0.3604  0.7531  1.715  0.005  2.0726  1.1726  0.263  2.9779  1.172  0.7438  1.1715  0.4022  3.1681  1.6623  1.4519  0.4995  2.021  1.0183  1.898  1.2453  2.2731  2.8227  1.917  0.992  1.6785  1.7805  0.766  1.7804  1.878  3.6298  1.0046  0.252  2.9202  2.5878  3.42  0.7235  0.2573  0.9496  2.017  1.3699  2.0423  0.0006  1.597  0.369  0.5685  0.2289  0.439  2.532  0.503  
trainID = 1093  1.3122  2.2099  0.378  0.679  1.8453  0.6821  39.7784  0.0046  0.4532  0.3522  4.2882  0.0519  1.4644  3.3245  0.004  0.4321  3.447  1.9742  1.8761  0.5977  3.33  1.585  1.2301  0.9172  2.4485  1.9072  5.221  1.2564  1.0182  1.5077  3.5281  0.1633  3.755  1.0245  1.8838  0.4469  2.7189  0.7681  1.6807  0.0542  1.157  0.516  0.3661  1.2839  3.38  0.6096  1.058  
trainID = 1191  0.643  2.6413  1.952  1.5201  0.3704  1.6331  1.279  3.5  1.359  0.7477  2.2021  1.1952  1.0256  2.3098  1.0271  0.8406  0.9802  0.6481  2.608  3.031  1.9649  1.8615  2.907  0.633  0.713  3.1965  2.7315  2.8594  7.6467  1.4723  2.8597  1.6018  2.1313  0.3271  4.6329  0.8287  2.3473  1.1736  2.5305  1.8309  0.0962  2.3166  0.118  1.145  0.4634  2.0809  3.561  1.0215  1.385  
trainID = 1242  2.0896  2.9459  1.013  0.037  3.5505  0.246  0.9498  1.4881  0.7326  4.5183  0.3686  2.945  2.4177  3.3633  2.0078  1.816  0.8036  3.6231  2.8281  3.702  0.183  2.5288  1.7872  1.5672  3.0912  20.9845  10.9554  0.1016  3.5586  2.4316  0.0389  5.9282  0.0542  3.108  2.9101  2.6671  0.7064  1.8093  3.3385  0.083  1.648  1.8275  0.0453  4.709  1.6009  1.066  
trainID = 1280  0.3739  5.373  0.719  3.7111  2.9571  0.5924  2.7189  1.4914  1.3557  1.2879  2.7131  0.4772  1.3695  4.7688  1.9767  0.6777  1.7883  2.8492  4.2046  4.6084  0.0218  33.7794  0.3821  3.2196  2.463  10.3729  2.0687  18.0203  2.1622  1.1615  1.0684  0.5135  1.637  3.5043  3.3475  1.3704  2.6434  2.9665  2.841  3.5335  1.048  2.4494  3.5372  0.371  1.747  3.6693  1.442  
trainID = 1316  0.6985  1.9307  0.065  1.6783  3.1968  1.4369  0.219  1.2267  0.599  2.7886  0.9402  1.6772  0.0354  5.5935  1.6664  0.518  1.5845  2.3214  5.1354  0.2969  1.6111  32.4724  0.2167  2.3859  4.9687  12.2248  2.7827  12.1702  0.7657  1.556  1.0666  0.6622  3.177  3.4353  3.2363  0.3129  0.4446  1.044  0.7392  4.6749  2.3435  1.545  0.7418  0.7938  1.489  5.1673  1.457  
trainID = 1325  2.2271  0.9111  2.024  0.507  1.9749  0.002  38.1774  0.1192  0.2963  0.6302  3.3247  0.8804  1.584  3.8319  0.1253  0.3681  4.1309  1.0508  0.6801  3.073  3.095  0.383  2.2403  3.3766  1.4477  0.9844  6.2331  4.5601  0.6979  1.7676  2.6503  0.0312  4.8952  0.8106  1.2103  1.9265  2.4606  1.2633  0.8879  0.7461  2.109  0.103  1.9593  1.2869  0.907  0.2572  
trainID = 1359  0.5447  3.2142  2.179  0.186  3.096  0.016  2.083  1.7799  1.508  2.5733  3.7351  0.8722  2.0652  1.8855  0.9523  2.0077  2.9398  1.6053  3.099  2.0311  1.3038  33.6824  1.0118  1.7818  3.255  18.3884  12.9892  6.1025  1.7197  3.8521  2.9013  3.1957  4.7041  0.9674  3.2463  1.9672  1.0375  1.3368  0.9774  2.8326  1.1752  0.186  0.9529  0.9669  2.567  0.1637  0.674  
trainID = 1476  0.0846  1.7307  0.653  2.9348  0.2001  1.8539  0.287  1.0675  0.401  1.2858  0.0356  2.0643  3.0505  3.27  0.9015  1.0221  2.2764  0.2781  0.466  0.9971  2.9026  2.2039  2.646  0.515  2.3325  1.1696  0.2159  9.1004  4.8389  10.4616  1.4019  2.556  5.2673  0.5217  4.246  2.6695  1.2851  1.1403  4.939  0.9763  1.9818  1.1623  34.2253  1.9149  0.368  0.7151  1.355  
trainID = 1497  0.6022  1.1559  1.241  1.3327  1.669  0.7547  37.5544  1.367  0.3335  1.4379  3.1033  2.7879  0.4903  1.5809  3.8822  1.034  2.626  0.6935  0.3049  2.265  1.328  2.095  1.4838  1.454  1.4293  4.2299  0.0239  8.055  0.3922  0.1946  2.9276  0.1682  6.2539  0.2125  1.7001  1.34  0.5426  1.0977  2.7838  0.6467  0.028  0.627  0.6377  2.4899  1.975  1.3948  
trainID = 1537  0.4811  1.0313  0.92  0.632  1.8523  0.9623  0.491  2.7984  1.985  0.3312  0.0865  2.1628  0.6363  1.1072  1.0956  0.2774  0.1465  0.3184  4.8496  0.7128  4.309  0.3964  0.094  0.179  3.1502  0.2433  0.0999  0.8994  0.2545  2.5512  0.7651  0.4617  1.5598  1.0118  4.547  0.2347  0.6056  0.5901  0.0056  2.5603  1.6974  1.4967  0.641  0.796  1.9699  2.7349  3.5  0.5812  
trainID = 1639  0.7639  0.1531  2.19  0.222  1.9005  0.5953  1.502  5.1209  1.1268  0.1954  1.1642  1.1088  2.4103  1.2171  1.6671  0.3231  1.7374  0.9589  3.278  0.1985  3.2956  1.0041  3.593  2.005  2.1711  1.6985  2.0837  6.4268  2.8254  7.6004  0.637  1.9945  3.5433  1.2935  3.341  3.045  2.0912  0.6324  0.6823  1.2632  3.4837  1.9914  1.963  0.693  0.0025  1.5409  1.116  1.4683  
trainID = 1686  0.7281  0.813  1.352  0.551  1.7844  2.484  0.697  2.892  2.348  0.3806  1.021  1.6382  3.4611  0.0951  1.4731  0.6919  1.9241  1.5453  1.061  0.5327  1.1053  2.9017  2.454  1.284  2.2813  3.7254  0.137  1.0575  5.9685  0.975  1.1009  3.1029  6.1688  1.1794  4.6028  1.252  2.2642  0.719  2.3974  0.2358  1.3944  2.2172  1.865  0.608  0.2848  1.3759  0.139  0.9263  0.995  
trainID = 1800  1.7405  2.7025  0.141  1.1516  2.7879  0.549  0.476  1.6646  1.371  0.9749  1.416  0.2806  1.6075  1.1972  2.031  0.461  2.0205  1.2349  4.1415  1.9954  2.1911  0.8895  1.591  1.099  0.0043  2.5289  2.8213  4.8702  7.1635  2.347  0.1723  1.9775  3.0636  0.9777  1.723  0.6503  1.1826  1.2824  0.1128  0.6437  1.2338  3.4759  1.246  1.9802  0.3458  1.4019  3.335  0.5575  0.185  
trainID = 1801  3.8926  1.507  2.9131  0.994  2.4634  1.704  37.4764  0.913  1.4726  1.8522  4.7822  0.4638  1.1829  3.8862  0.7676  2.4788  2.678  0.5799  0.5451  0.1658  4.5286  0.21  2.0385  0.9498  1.1545  1.7291  10.6003  10.7821  1.7855  3.0483  5.9472  3.2425  3.696  1.7665  2.2172  0.837  1.8628  0.6655  1.3429  0.8814  3.006  1.326  0.5704  1.8809  4.2112  2.0232  
trainID = 1898  3.902  0.0178  0.539  1.9958  0.5911  3.632  1.5199  1.0828  0.0387  6.6881  1.9482  0.72  2.9996  3.1042  0.2296  1.024  2.9529  0.8061  1.6655  2.143  1.676  0.6082  0.7639  1.1936  1.738  8.8674  10.6666  0.1982  2.5048  4.2633  2.7336  3.425  0.2707  1.1988  3.1192  5.6152  0.1779  0.9624  0.2657  1.242  0.457  0.2634  1.7309  2.958  0.942  0.437  
trainID = 1909  0.9402  1.8664  1.026  1.7173  1.3602  1.258  0.441  2.909  3.9  1.1738  2.9131  1.1362  0.7499  3.3409  3.159  0.2094  0.4317  0.4862  3.344  0.5344  1.5387  33.4174  0.9684  1.3467  3.602  13.3111  6.1114  5.837  2.9736  0.3661  1.9729  2.3994  1.885  5.0383  4.0847  0.0843  3.4509  2.6795  1.2956  1.4453  0.5259  3.3688  0.1502  0.8689  2.823  0.0251  0.327  
trainID = 1950  1.0775  3.4058  2.619  3.358  2.1839  1.061  0.04  1.1233  3.395  1.5154  1.7541  0.5972  0.2567  5.7263  2.4938  1.251  0.4405  0.3652  5.4017  0.3174  1.8012  1.3551  1.9652  5.4908  17.6767  5.3439  15.9284  3.2187  3.1733  2.3096  2.4981  3.588  3.5243  2.3614  2.161  1.1332  3.9454  0.2628  5.4691  0.799  0.179  4.3707  0.5304  3.273  0.3108  0.274  
trainID = 2021  1.3513  1.6533  0.266  1.5699  0.5111  1.59  38.0504  2.0944  0.0686  1.3168  3.7637  1.4462  1.9823  0.9664  0.9923  2.3743  2.515  0.9273  2.0281  0.1545  1.447  2.8031  5.2073  1.0293  0.0956  1.5154  3.553  4.3882  1.3522  0.4896  1.4832  3.05  4.6072  0.2945  0.0933  3.5368  0.6297  0.326  2.5334  1.5553  1.386  2.8447  4.2582  2.4369  2.939  1.8842  0.945  
trainID = 2026  0.2147  1.5952  2.515  3.2352  0.5699  1.5641  1.238  2.2524  1.5518  1.7404  0.5555  0.8667  1.0148  3.5366  0.1175  0.037  0.51  1.0713  2.08  0.5035  1.6747  2.2332  4.5414  0.801  2.0175  1.1987  0.058  4.3531  2.4361  5.5968  0.8301  1.6113  2.5046  1.8302  0.877  1.3323  0.79  1.0364  3.8951  0.8774  0.2009  0.9393  2.005  3.086  2.6625  2.2149  0.962  1.4186  
trainID = 2083  1.5316  3.2726  1.169  0.386  3.6642  1.1478  37.8554  1.5736  0.0418  1.2382  2.8633  0.5439  1.3145  0.915  2.0438  1.6376  4.7111  1.3125  0.8659  0.7396  1.827  2.013  2.4106  0.9263  1.6344  0.2232  7.3739  3.3909  0.1484  1.5699  0.7495  1.9381  5.7089  1.0111  3.7682  3.0991  0.0298  0.938  0.8328  0.5549  0.53  1.204  0.9454  2.0469  1.066  0.624  0.154  
trainID = 2107  2.0419  1.0173  3.5954  1.657  0.8889  2.6913  3.4531  4.0321  3.729  0.3208  1.4301  0.1681  0.5362  2.5182  0.7819  1.0387  2.7991  0.7518  2.941  0.4096  4.2238  1.6538  3.032  0.743  1.8292  0.2001  1.3669  5.0201  1.4075  6.2872  0.8555  0.7602  2.9721  0.8436  5.8062  2.4961  1.0171  1.0086  2.6195  1.6528  2.6806  1.2099  2.903  0.291  1.6611  0.1591  2.511  0.4939  2.068  
trainID = 2119  0.0458  4.0438  0.275  0.47  1.5168  0.323  1.307  3.9974  0.054  0.2715  2.8441  0.2268  2.69  0.8555  4.144  2.8698  1.3025  1.4119  3.8044  1.3754  0.0366  2.2345  2.087  0.138  2.1605  1.5042  0.9109  7.9688  10.9639  4.3204  2.6494  2.9775  3.8045  2.0171  5.4089  2.9163  2.5021  3.3441  0.6751  1.285  0.1921  4.4049  0.692  0.208  1.2311  0.0799  2.803  1.1448  0.382  
trainID = 2171  0.8619  1.3394  1.279  3.2487  4.4757  1.8014  1.875  0.4604  0.246  0.3427  0.6328  1.8522  3.7032  0.5142  0.5182  0.7599  0.99  2.5957  1.762  2.4465  2.2946  0.7827  0.049  0.376  0.1966  2.4238  2.2472  2.2535  0.32  5.6717  0.4752  0.6343  0.8653  0.1095  3.695  0.9853  0.277  1.9625  2.4446  0.192  2.4762  0.1165  1.359  1.027  0.2978  1.7449  1.054  0.5394  2  
trainID = 2196  3.1482  1.824  0.982  1.324  1.9887  3.065  36.9334  2.4779  1.6775  0.9922  4.9567  1.3452  2.6916  4.5405  3.1465  1.7624  3.308  2.1838  4.4741  2.5069  1.076  0.733  5.1542  1.4707  0.2734  1.6022  14.4991  18.7958  1.7759  1.7348  7.1092  0.4532  2.297  0.4661  2.6146  3.8809  2.1071  1.4948  0.6593  3.1315  2.596  0.344  0.7196  0.2709  4.308  1.0256  0.706  
trainID = 2250  3.1157  2.2143  1.652  0.626  2.3427  0.6319  35.7564  3.7806  2.401  3.1989  7.9093  3.6819  2.9297  3.3877  4.3746  3.4125  0.221  1.8437  0.3439  2.8301  4.2714  3.7055  4.067  4.1632  1.3322  5.8213  5.6521  17.3243  0.1355  0.849  7.2377  1.5851  6.728  2.9414  0.6827  3.8882  5.2579  1.0879  1.15  0.7253  2.726  3.6212  0.6644  0.3222  2.75  1.1894  1.649  
trainID = 2282  0.8214  0.0841  0.854  1.4842  0.3644  0.8738  0.91  0.1139  0.337  0.6908  0.201  0.7655  2.0226  0.9666  0.2078  2.18  1.2886  0.4054  4.476  1.2594  0.4194  1.1943  2.957  1.585  0.2833  0.9217  2.8648  1.5046  2.2311  4.4705  1.2607  0.9874  2.498  3.3098  1.909  0.4014  1.2881  1.4443  2.0673  2.0134  1.6604  3.6905  1.074  0.522  2.836  1.4763  1.034  0.559  1.92  
trainID = 2351  1.4482  2.2953  3.1725  3.917  3.2746  2.3084  1.733  2.0314  0.644  0.3544  1.1011  2.8122  4.887  3.8357  2.1529  1.3569  1.9402  2.1953  5.005  1.5806  1.5607  0.6659  4.3812  3.9416  2.5719  0.9083  10.3439  2.9689  0.5949  0.1882  1.2711  2.879  1.7576  0.1595  0.7644  0.9595  0.455  3.2652  0.1935  0.538  1.743  0.7968  0.0862  2.788  2.1348  0.283  
trainID = 2576  0.5132  1.4471  2.351  1.2892  2.5468  0.988  2.9371  3.6533  0.374  1.1411  0.6947  0.024  1.953  2.283  1.3417  2.0355  0.8402  0.1996  3.8729  2.3052  0.1066  1.0804  0.071  0.058  2.6135  0.2407  0.5626  1.5551  5.3338  0.7715  2.3386  1.3506  2.0293  1.2118  5.6283  0.6264  3.2638  0.462  1.3858  0.4207  3.6088  1.9652  2.533  0.226  0.329  2.7979  5.0587  0.2128  1.1  
trainID = 2648  2.4608  5.2534  1.222  5.2813  4.2066  0.13  0.263  1.2932  1.117  1.3302  2.1791  0.6846  1.7834  6.2878  1.5807  0.8651  0.6378  1.491  4.2668  2.2611  1.3414  0.4108  3.1611  3.6229  11.4584  1.5162  19.4561  3.315  0.6222  1.3946  0.1699  3.751  3.2063  2.372  0.5671  5.1241  2.0737  0.1846  1.1585  1.675  2.5676  2.4914  0.3098  0.841  2.1928  0.248  
trainID = 2672  3.2662  0.5616  1.231  0.303  1.3677  0.295  38.7334  0.2846  0.6026  0.3772  3.9944  2.6552  0.1455  2.5726  0.9992  0.6679  2.011  2.0339  0.6241  3.7662  1.111  2.018  4.6593  2.745  0.9148  6.1031  5.8893  8.7772  0.2938  0.6311  6.0075  2.4323  4.6829  0.8548  1.7597  1.7918  3.7196  1.1995  2.4871  3.2099  2.074  0.344  0.2229  1.7629  0.734  0.5452  0.167  
trainID = 2741  0.3539  1.7825  1.338  1.3909  0.7273  1.3331  0.619  1.7239  1.7543  1.4963  0.888  1.9552  2.677  0.1194  1.2281  2.0133  0.2665  0.4173  1.889  1.8384  3.563  1.1886  3.084  1.914  2.4943  1.4847  2.8403  1.9087  1.1835  5.2645  1.8289  2.1852  1.6187  0.632  6.2901  0.3079  2.3953  2.2571  0.4789  2.4736  0.8482  3.5908  0.9741  0.201  1.552  1.5759  1.678  0.6616  0.368  
trainID = 2771  0.3462  2.1473  4.4502  0.264  0.4734  0.554  2.281  2.2129  0.705  1.5925  2.2931  0.8232  0.151  1.3975  0.6125  0.3943  0.5494  0.214  4.3753  0.9499  1.6797  3.3025  1.737  1.566  1.4787  1.672  0.2369  3.4972  0.8054  1.9773  1.9325  0.2729  0.4146  2.4925  1.839  0.9556  1.1885  0.9116  0.7724  1.3686  0.8684  1.9189  0.771  0.196  1.5652  3.9039  0.157  2.1314  0.612  
trainID = 2775  3.719  0.2507  1.241  0.608  3.0069  1.289  37.8034  1.1344  1.1967  2.0466  6.5127  1.1877  0.3115  2.1396  2.0703  2.5971  2.277  1.6367  3.0965  3.2267  3.177  2.3562  2.6871  0.8175  1.0754  3.473  5.7607  9.2835  0.3417  0.0306  6.3508  0.3179  5.0431  2.3381  0.2723  2.5264  4.0265  1.328  2.8676  2.7168  0.658  0.289  1.2485  1.1849  4.2987  0.1819  0.879  
trainID = 2837  1.9498  0.8993  2.965  0.524  0.6763  1.276  37.6074  0.8716  0.0203  0.7732  5.484  0.9608  0.7156  1.228  3.495  1.0183  0.193  0.3202  0.9114  3.2499  3.027  1.156  1.25  1.1709  1.2721  1.9387  11.8459  11.0391  1.5585  2.214  3.8968  2.0514  4.5962  2.4703  1.5081  2.7011  3.7097  3.7951  0.6188  0.1415  0.58  1.9991  1.3729  2.7439  3.035  2.213  1.413  
trainID = 2867  5.1489  1.2678  0.766  1.337  3.4645  0.46  0.4636  0.3557  0.4862  6.9992  0.7306  2.8477  1.5759  0.8751  0.9561  0.939  3.2323  0.5111  2.0978  2.081  0.093  2.6782  0.3373  1.2479  5.8693  14.747  20.8116  0.5605  0.8227  6.7564  4.9516  7.1067  0.4585  0.1297  2.4006  4.1708  1.2214  1.8901  1.5862  0.832  4.2645  0.3865  0.8759  5.7749  1.4869  1.112  
trainID = 2869  0.5862  2.4988  4.3781  3.5439  2.1652  3.0416  0.392  0.3806  1.552  0.4404  2.0561  3.3052  1.1139  2.9982  0.569  0.8567  1.183  2.0355  3.197  1.5145  1.4097  29.9464  0.303  5.6127  2.7913  5.5991  0.8952  7.3516  1.4872  0.2637  0.5766  0.7137  2.525  2.6743  0.6347  0.6035  1.1656  5.0325  2.5258  0.8315  0.6771  1.43  3.3855  1.7147  1.523  0.8485  0.148  
trainID = 2910  1.4107  0.5463  1.032  0.739  1.1636  0.178  1.46  3.7823  0.9254  0.0549  1.2061  0.2057  4.1966  1.5929  0.2066  1.3351  2.8977  0.6676  4.0098  0.8697  0.7437  2.3026  2.147  0.741  4.2626  1.2383  2.0694  3.5667  1.0132  2.4073  0.8082  1.4584  1.7754  0.3394  3.026  0.5671  0.4038  2.5223  0.1384  0.9987  1.2467  0.888  1.939  0.679  2.0126  2.2979  3.192  1.0483  2.399  
trainID = 2918  0.5369  0.5699  2.418  2.414  1.9004  1.146  1.138  2.1679  1.75  1.1762  2.9961  1.0812  1.3609  1.1976  2.9039  0.0882  2.3175  2.1495  2.772  1.2708  0.1554  2.6086  3.171  0.288  2.8871  1.4323  3.4858  1.8068  3.299  0.8967  1.9576  1.1514  1.5701  3.0402  4.6792  0.4956  3.0393  2.1825  0.2968  2.0198  1.5614  2.4841  2.969  0.036  0.6636  0.2839  0.871  1.3636  0.999  
trainID = 2959  1.9782  0.498  2.28  1.0607  1.2238  1.6041  0.38  4.7195  0.48  1.3338  1.3257  0.5882  2.8255  2.7447  0.2302  1.842  0.8166  1.0329  3.376  0.8844  2.2731  3.1557  4.7382  0.252  2.8996  0.0882  0.3017  4.1987  1.2217  7.8267  2.8855  1.3571  4.3114  1.8069  3.225  2.6494  1.6043  0.718  1.9772  2.0496  3.5017  0.8779  1.8339  2.176  2.1233  0.562  
trainID = 3000  4.6353  0.6696  0.377  0.974  1.5771  3.214  37.0644  1.6677  1.7264  0.4362  7.5726  2.9999  2.9915  3.8554  3.7371  0.562  4.5957  0.6917  2.6551  0.5063  0.819  2.265  5.2  0.6746  0.4688  2.5277  16.7185  18.3851  3.3337  3.0081  3.9689  3.5972  6.8573  1.1454  3.0617  4.3035  2.4279  1.1833  0.4402  1.4141  0.638  2.7161  1.3447  2.0231  2.675  0.7647  0.512  
TrainID = 1537  dbValue = 1.26695  nTestCell = 49  nTrainCell = 48  nDiff = 1  (X,Y) = (1705, 2525)  Position Error = 13
TrainID = 2771  dbValue = 1.4084  nTestCell = 49  nTrainCell = 49  nDiff = 0  (X,Y) = (1735, 2515)  Position Error = 18.6815
TrainID = 919  dbValue = 1.40967  nTestCell = 49  nTrainCell = 49  nDiff = 0  (X,Y) = (1685, 2535)  Position Error = 35.3412
TrainID = 2171  dbValue = 1.44032  nTestCell = 49  nTrainCell = 49  nDiff = 0  (X,Y) = (1745, 2495)  Position Error = 37.5366
TrainID = 2282  dbValue = 1.44265  nTestCell = 49  nTrainCell = 49  nDiff = 0  (X,Y) = (1705, 2535)  Position Error = 19.2094
TrainID = 2910  dbValue = 1.56555  nTestCell = 49  nTrainCell = 49  nDiff = 0  (X,Y) = (1685, 2535)  Position Error = 35.3412
TrainID = 709  dbValue = 1.61886  nTestCell = 49  nTrainCell = 49  nDiff = 0  (X,Y) = (1745, 2495)  Position Error = 37.5366
TrainID = 1800  dbValue = 1.65301  nTestCell = 49  nTrainCell = 49  nDiff = 0  (X,Y) = (1725, 2575)  Position Error = 55.5788
TrainID = 2576  dbValue = 1.66801  nTestCell = 49  nTrainCell = 49  nDiff = 0  (X,Y) = (1745, 2555)  Position Error = 44.8219
TrainID = 1686  dbValue = 1.67739  nTestCell = 49  nTrainCell = 49  nDiff = 0  (X,Y) = (1715, 2575)  Position Error = 55.0364
TrainID = 2026  dbValue = 1.68237  nTestCell = 49  nTrainCell = 48  nDiff = 1  (X,Y) = (1675, 2495)  Position Error = 48.8774
TrainID = 2741  dbValue = 1.68682  nTestCell = 49  nTrainCell = 49  nDiff = 0  (X,Y) = (1735, 2515)  Position Error = 18.6815
TrainID = 2918  dbValue = 1.73571  nTestCell = 49  nTrainCell = 49  nDiff = 0  (X,Y) = (1755, 2535)  Position Error = 40.8534
TrainID = 486  dbValue = 1.73614  nTestCell = 49  nTrainCell = 48  nDiff = 1  (X,Y) = (1665, 2505)  Position Error = 54.1202
TrainID = 600  dbValue = 1.78612  nTestCell = 49  nTrainCell = 49  nDiff = 0  (X,Y) = (1675, 2515)  Position Error = 42.2966
TrainID = 1191  dbValue = 1.83572  nTestCell = 49  nTrainCell = 49  nDiff = 0  (X,Y) = (1755, 2555)  Position Error = 51.6624
TrainID = 1639  dbValue = 1.90248  nTestCell = 49  nTrainCell = 48  nDiff = 1  (X,Y) = (1675, 2495)  Position Error = 48.8774
TrainID = 2107  dbValue = 1.97091  nTestCell = 49  nTrainCell = 49  nDiff = 0  (X,Y) = (1665, 2535)  Position Error = 54.1202
TrainID = 2959  dbValue = 1.9965  nTestCell = 49  nTrainCell = 46  nDiff = 3  (X,Y) = (1655, 2505)  Position Error = 63.7887
TrainID = 1898  dbValue = 2.08433  nTestCell = 49  nTrainCell = 46  nDiff = 3  (X,Y) = (1665, 2595)  Position Error = 91.2634
TrainID = 2351  dbValue = 2.0923  nTestCell = 49  nTrainCell = 46  nDiff = 3  (X,Y) = (1805, 2475)  Position Error = 98.8383
TrainID = 2119  dbValue = 2.14023  nTestCell = 49  nTrainCell = 49  nDiff = 0  (X,Y) = (1735, 2595)  Position Error = 77.1298
TrainID = 750  dbValue = 2.30704  nTestCell = 49  nTrainCell = 46  nDiff = 3  (X,Y) = (1755, 2515)  Position Error = 38.3275
TrainID = 1093  dbValue = 2.3398  nTestCell = 49  nTrainCell = 47  nDiff = 2  (X,Y) = (1705, 2585)  Position Error = 66.0984
TrainID = 1497  dbValue = 2.42886  nTestCell = 49  nTrainCell = 46  nDiff = 3  (X,Y) = (1655, 2555)  Position Error = 71.1969
TrainID = 2083  dbValue = 2.45842  nTestCell = 49  nTrainCell = 47  nDiff = 2  (X,Y) = (1695, 2585)  Position Error = 68.6222
TrainID = 1325  dbValue = 2.48279  nTestCell = 49  nTrainCell = 46  nDiff = 3  (X,Y) = (1685, 2575)  Position Error = 63.6318
TrainID = 2869  dbValue = 2.56336  nTestCell = 49  nTrainCell = 47  nDiff = 2  (X,Y) = (1785, 2525)  Position Error = 68.1836
TrainID = 2021  dbValue = 2.60226  nTestCell = 49  nTrainCell = 47  nDiff = 2  (X,Y) = (1675, 2565)  Position Error = 61.5549
TrainID = 2648  dbValue = 2.60492  nTestCell = 49  nTrainCell = 46  nDiff = 3  (X,Y) = (1855, 2525)  Position Error = 138.091
TrainID = 1242  dbValue = 2.61251  nTestCell = 49  nTrainCell = 46  nDiff = 3  (X,Y) = (1705, 2615)  Position Error = 95.7549
TrainID = 1476  dbValue = 2.72281  nTestCell = 49  nTrainCell = 47  nDiff = 2  (X,Y) = (1625, 2495)  Position Error = 95.3362
TrainID = 824  dbValue = 2.79474  nTestCell = 49  nTrainCell = 47  nDiff = 2  (X,Y) = (1695, 2585)  Position Error = 68.6222
TrainID = 2867  dbValue = 2.80799  nTestCell = 49  nTrainCell = 46  nDiff = 3  (X,Y) = (1645, 2645)  Position Error = 144.253
TrainID = 883  dbValue = 2.82904  nTestCell = 49  nTrainCell = 47  nDiff = 2  (X,Y) = (1645, 2525)  Position Error = 72.1734
TrainID = 2672  dbValue = 2.84319  nTestCell = 49  nTrainCell = 47  nDiff = 2  (X,Y) = (1635, 2585)  Position Error = 104.637
TrainID = 1950  dbValue = 2.85491  nTestCell = 49  nTrainCell = 46  nDiff = 3  (X,Y) = (1805, 2575)  Position Error = 103.774
TrainID = 1909  dbValue = 2.86796  nTestCell = 49  nTrainCell = 47  nDiff = 2  (X,Y) = (1795, 2555)  Position Error = 85.4927
TrainID = 1316  dbValue = 2.91687  nTestCell = 49  nTrainCell = 47  nDiff = 2  (X,Y) = (1805, 2545)  Position Error = 91.4822
TrainID = 2837  dbValue = 2.98845  nTestCell = 49  nTrainCell = 47  nDiff = 2  (X,Y) = (1675, 2605)  Position Error = 94.8103
TrainID = 843  dbValue = 2.99419  nTestCell = 49  nTrainCell = 47  nDiff = 2  (X,Y) = (1705, 2605)  Position Error = 85.8429
TrainID = 2775  dbValue = 3.04004  nTestCell = 49  nTrainCell = 47  nDiff = 2  (X,Y) = (1645, 2575)  Position Error = 90.6035
TrainID = 821  dbValue = 3.09642  nTestCell = 49  nTrainCell = 46  nDiff = 3  (X,Y) = (1625, 2505)  Position Error = 93.2148
TrainID = 733  dbValue = 3.11184  nTestCell = 49  nTrainCell = 47  nDiff = 2  (X,Y) = (1825, 2545)  Position Error = 110.856
TrainID = 1801  dbValue = 3.15265  nTestCell = 49  nTrainCell = 46  nDiff = 3  (X,Y) = (1665, 2605)  Position Error = 99.6444
TrainID = 1359  dbValue = 3.24068  nTestCell = 49  nTrainCell = 47  nDiff = 2  (X,Y) = (1775, 2585)  Position Error = 87.1149
TrainID = 1280  dbValue = 3.34797  nTestCell = 49  nTrainCell = 47  nDiff = 2  (X,Y) = (1855, 2515)  Position Error = 138.091
TrainID = 2196  dbValue = 3.54527  nTestCell = 49  nTrainCell = 47  nDiff = 2  (X,Y) = (1655, 2645)  Position Error = 139.531
TrainID = 3000  dbValue = 3.72303  nTestCell = 49  nTrainCell = 47  nDiff = 2  (X,Y) = (1675, 2635)  Position Error = 122.43
TrainID = 2250  dbValue = 3.7911  nTestCell = 49  nTrainCell = 47  nDiff = 2  (X,Y) = (1615, 2605)  Position Error = 132.774
