trainID = 431  0.1287  0.8764  4.524  0.6657  0.4444  1.2163  1.1787  0.4951  3.0028  1.218  0.5495  1.015  1.6101  1.817  1.8969  2.1269  0.7143  0.3828  0.4001  3.2514  0.8622  0.0511  0.0012  0.6759  1.658  3.5175  2.7665  1.3191  1.7849  4.2619  0.3712  1.4338  0.8621  1.1418  1.8115  0.1729  0.5773  0.5071  0.8158  3.098  1.1695  1.4629  2.7033  2.7544  0.171  1.6353  
trainID = 534  0.414  1.1294  2.9612  3.235  2.741  1.0702  4.3201  1.6488  3.3367  0.8754  1.167  1.0035  2.004  1.3093  1.831  2.9929  3.3658  3.2738  1.7462  3.3129  4.4544  5.7293  1.3211  0.1281  3.5063  4.3263  0.881  0.925  4.8075  1.0573  0.8142  3.1564  0.0439  0.7848  2.3875  2.2163  1.3412  2.669  0.44  0.0202  0.0858  2.7688  4.2961  3.4894  0.463  3.666  
trainID = 716  1.01  0.6007  0.8382  4.7491  1.3237  1.0352  4.0227  0.1166  0.089  2.6803  0.814  0.4875  0.776  0.3333  1.086  3.5759  2.2613  1.1112  1.4893  1.2755  1.3329  2.3916  1.4229  3.3604  2.8636  4.5781  1.132  2.4187  5.0837  1.3861  3.9221  0.06  0.2206  3.9213  2.3245  2.6112  0.3738  2.8046  2.103  0.4911  1.1109  4.0158  0.1805  3.7604  0.781  1.2047  
trainID = 854  1.918  1.9739  0.9904  0.693  0.6532  0.4008  1.1659  0.7136  0.143  3.4935  1.038  2.0822  1.167  1.5  0.148  2.8849  0.9315  0.9189  0.543  1.0937  0.5129  2.6744  1.7547  0.1181  1.0658  6.5885  0.446  1.5035  2.7737  0.8996  0.5544  3.0951  0.0888  1.5968  1.6515  1.6843  0.0745  0.6568  1.607  0.6088  0.7098  0.7913  1.1527  2.8614  3.8388  2.7666  
trainID = 902  0.138  0.814  1.6348  2.949  1.6441  2.004  2.1988  1.3706  0.406  2.5259  1.697  0.2141  0.986  1.499  0.547  3.2659  0.1903  0.0189  2.0628  0.1453  1.0926  1.6704  2.7881  0.3564  2.5799  1.21  5.6646  0.736  0.007  3.2675  0.1501  0.6286  2.1554  0.4551  1.7957  1.1965  0.853  0.036  2.4681  0.66  0.0303  1.5486  2.0868  0.8542  1.7354  1.6479  3.6056  
trainID = 1109  1.3466  3.535  4.327  0.1881  1.3023  2.2351  1.7168  1.3512  1.301  1.725  1.2839  1.2264  2.0047  0.373  1.8929  0.2169  0.1659  1.7194  1.1028  1.2469  3.3771  0.0156  0.5132  1.4266  3.1171  1.4831  0.097  3.3294  1.6373  0.1106  0.1269  0.6781  1.2021  1.6955  1.9352  1.2716  3.6271  1.746  0.4455  0.8076  2.8928  0.0688  2.3934  1.714  4.227  
trainID = 1129  0.96  1.347  4.3524  5.5177  3.7241  1.8618  4.2579  1.1161  1.8575  4.7014  3.2647  1.8279  1.4019  1.0357  0.004  1.5409  1.026  0.7936  0.2302  11.923  10.2615  10.7722  0.585  3.3435  5.1647  5.3526  2.0634  1.0182  5.666  0.2275  0.6732  0.6765  0.9994  1.692  0.7375  5.6161  2.7326  2.9425  0.645  2.6011  0.8786  0.4264  1.1447  2.2884  1.283  1.9757  
trainID = 1298  0.098  4.254  4.3924  3.274  3.6792  2.1297  5.462  0.2493  1.4629  1.1508  0.017  0.7473  0.864  1.6875  0.716  2.5449  0.9922  1.932  1.6685  12.0773  10.0672  11.3851  1.1739  0.6945  6.7618  5.5252  3.4311  1.108  7.2851  0.4101  2.2496  0.7077  1.6066  0.4541  1.5075  6.2661  0.8133  3.4407  1.324  0.8029  2.9926  2.0898  1.2737  2.8564  0.804  3.7246  
trainID = 1400  0.5477  1.1304  3.34  0.3319  2.3074  0.1014  3.1181  1.4965  2.7087  0.134  2.8999  1.141  1.2129  2.7889  2.4079  0.7929  1.2715  0.7954  1.5701  2.1901  1.3434  1.9956  0.298  1.0683  3.8777  2.5294  1.6993  3.0345  0.7547  3.0029  3.7171  0.4792  0.6142  0.7657  0.3806  1.6773  1.3771  0.244  1.6659  0.4003  1.6297  1.1498  3.6724  1.087  3.2545  
trainID = 1471  0.252  1.1979  2.7545  1.764  2.4154  0.2707  2.505  4.5905  1.1994  1.4263  0.75  1.5925  0.183  34.997  3.8109  2.9806  0.2396  3.78  5.9523  2.9672  2.0316  1.114  3.2746  1.324  2.5987  0.155  0.6576  3.5503  2.5409  4.749  3.7547  1.573  1.9467  0.975  2.6835  0.8639  0.5243  0.303  0.61  3.2234  0.977  0.7371  0.8247  0.877  0.4005  
trainID = 1836  3.5337  3.1958  4.613  3.2942  0.3992  1.5802  1.6832  1.3976  2.6663  1.475  0.7041  0.134  2.1657  0.355  3.6799  2.6286  4.3697  0.5631  5.0401  1.5691  2.4992  2.9247  0.8442  2.2069  4.8912  0.127  2.52  3.3714  1.341  0.6622  0.0235  0.8658  1.0754  2.0365  0.7599  0.0492  0.4326  0.362  0.6175  1.3373  2.1938  0.6329  3.7634  0.677  3.1418  
trainID = 2197  0.2617  1.6349  1.966  1.5483  0.5866  2.1455  2.3645  0.7329  3.802  0.635  0.4382  0.243  1.7586  1.387  2.7369  0.9055  0.192  1.4777  2.5786  1.4484  2.1077  0.9192  2.5607  2.4853  4.5935  5.047  2.2064  2.9041  2.9543  1.4169  3.3251  0.7023  1.2307  2.3435  1.0112  0.1925  1.9623  0.414  0.1986  0.1422  0.8957  3.4413  1.4404  1.108  0.849  
trainID = 2426  2.33  2.2066  3.83  3.025  1.1752  4.266  0.7291  0.533  0.3437  1.971  0.6451  0.493  2.4318  0.609  2.6239  0.2148  0.5258  0.6761  6.4599  3.9752  4.9771  2.4738  0.1096  3.9883  5.1913  1.3207  1.343  6.9784  2.2284  0.4454  2.8548  0.6348  0.5566  1.8075  0.5315  0.7258  1.7326  0.27  1.7511  0.8407  1.7739  1.6535  1.7754  0.313  0.2207  
trainID = 2443  1.8281  0.9219  3.846  1.7762  1.7526  0.8221  1.6426  1.6209  2.581  2.685  1.976  2.576  2.1658  1.046  3.0919  1.3198  0.1371  2.1298  0.7417  0.1703  2.6335  2.4054  0.1325  0.2625  1.9499  2.4647  1.1762  4.7055  0.5798  4.083  0.7918  0.117  1.8879  0.6755  0.7986  1.5708  1.4268  1.923  0.7099  0.8226  1.803  0.7741  2.8334  1.5325  2.1219  
trainID = 2480  0.9965  2.4281  3.771  1.2424  0.9357  2.8313  1.3037  2.4095  3.901  0.013  0.6588  3.206  3.1019  2.2694  6.3509  0.3934  0.4468  2.077  1.3971  3.145  5.4219  0.21  1.2539  2.8384  2.8305  1.5472  0.152  2.4722  2.2108  0.1678  0.9513  1.5233  0.6796  1.1875  2.1419  0.0754  0.3519  1.873  0.4341  0.6337  2.4768  1.4609  0.9117  0.554  3.244  
trainID = 2687  0.2053  3.2972  3.701  0.9863  0.1514  2.1593  1.1239  1.7357  2.7649  1.024  1.3946  0.655  2.9492  0.743  0.5986  0.2138  1.6063  1.7648  2.2403  3.1624  3.6498  1.0263  1.1263  0.9174  5.7199  1.3161  1.2836  3.8655  0.2687  0.4495  0.7577  0.5847  3.0616  0.6538  3.128  0.4573  0.3729  0.37  2.1128  1.122  1.5012  1.7311  4.2874  1.243  1.0635  
trainID = 2688  0.565  3.6925  3.716  2.272  3.9405  0.3077  3.4841  2.2837  1.2549  2.2484  0.315  1.6808  0.246  0.1732  0.055  0.3652  0.1022  1.6577  2.3615  6.1978  6.4213  7.0598  2.4642  2.2485  4.9737  5.3178  0.382  2.2561  8.731  1.7578  1.5174  0.9533  1.3583  3.9654  1.9945  2.3792  0.2608  3.8108  0.058  1.0083  1.6546  1.4093  1.0582  2.4234  0.1  2.8161  
trainID = 2691  0.195  3.7284  1.4879  5.8534  4.0143  1.6327  2.6066  0.7718  1.6869  2.3714  1.219  1.5074  0.557  1.4054  1.365  1.1249  2.7712  1.0351  0.7549  9.7866  8.8862  7.9124  2.4343  2.446  4.4469  5.8916  0.955  1.5361  7.3805  1.7714  1.5655  2.2282  1.2162  1.6192  3.3015  6.2961  0.1083  4.1641  1.915  0.3657  0.8559  2.3738  1.5625  2.2264  0.242  4.3605  
trainID = 2738  1.3203  3.3019  3.984  3.9416  0.6085  2.0044  0.3872  0.5038  1.3164  3.8526  1.0899  1.738  1.4962  3.0682  4.4039  1.4249  0.4914  0.8912  4.4981  3.4276  7.7962  0.009  2.591  2.542  3.0549  3.8039  0.9857  7.0707  1.287  0.1112  0.1799  2.7894  2.5916  0.2086  3.3976  0.7079  3.9673  0.165  2.3344  0.2447  0.3952  0.4186  4.4374  0.874  3.601  
trainID = 2890  1.212  3.3625  2.1276  3.328  2.8323  2.5925  2.4239  0.8156  1.7404  2.694  0.735  0.4662  2.0557  3.4143  0.648  1.9949  3.7446  2.0148  2.3506  3.3072  5.3089  15.5946  1.2576  4.072  4.8492  1.577  3.625  1.3578  2.7347  11.431  1.108  2.761  1.3841  5.0296  4.6747  0.4921  3.6854  1.9086  1.4844  1.732  0.4779  0.3316  3.8688  1.241  38.2283  
trainID = 2933  0.04  1.3628  1.4444  5.1434  2.9463  0.7938  3.0225  0.3256  0.5429  1.6767  0.857  0.3797  1.862  3.289  0.467  2.5779  0.8956  0.4651  1.1129  4.2475  6.1374  4.0601  1.9017  0.4966  4.1504  3.8027  0.9  2.0749  6.6965  1.2047  1.0078  1.7201  0.78  2.0566  2.3355  3.4737  1.3312  3.9595  1.375  0.5432  1.9926  3.3788  0.2834  4.1064  1.467  4.1246  
TrainID = 431  dbValue = 1.41522  nTestCell = 48  nTrainCell = 46  nDiff = 2  (X,Y) = (1975, 1465)  Position Error = 17.8885
TrainID = 902  dbValue = 1.43811  nTestCell = 48  nTrainCell = 47  nDiff = 1  (X,Y) = (1985, 1435)  Position Error = 14.1421
TrainID = 854  dbValue = 1.44627  nTestCell = 48  nTrainCell = 46  nDiff = 2  (X,Y) = (1985, 1445)  Position Error = 4.47214
TrainID = 1109  dbValue = 1.55999  nTestCell = 48  nTrainCell = 45  nDiff = 3  (X,Y) = (1995, 1435)  Position Error = 18.4391
TrainID = 1400  dbValue = 1.64456  nTestCell = 48  nTrainCell = 45  nDiff = 3  (X,Y) = (1965, 1435)  Position Error = 22.8035
TrainID = 2687  dbValue = 1.6566  nTestCell = 48  nTrainCell = 45  nDiff = 3  (X,Y) = (1965, 1415)  Position Error = 38.4708
TrainID = 2443  dbValue = 1.66695  nTestCell = 48  nTrainCell = 45  nDiff = 3  (X,Y) = (1955, 1435)  Position Error = 31.305
TrainID = 2197  dbValue = 1.67323  nTestCell = 48  nTrainCell = 45  nDiff = 3  (X,Y) = (1995, 1465)  Position Error = 20
TrainID = 2480  dbValue = 1.7885  nTestCell = 48  nTrainCell = 45  nDiff = 3  (X,Y) = (1985, 1425)  Position Error = 24.0832
TrainID = 716  dbValue = 1.85937  nTestCell = 48  nTrainCell = 46  nDiff = 2  (X,Y) = (1935, 1405)  Position Error = 65.1153
TrainID = 1836  dbValue = 1.87564  nTestCell = 48  nTrainCell = 45  nDiff = 3  (X,Y) = (1945, 1395)  Position Error = 66.0303
TrainID = 2426  dbValue = 1.90138  nTestCell = 48  nTrainCell = 45  nDiff = 3  (X,Y) = (2005, 1385)  Position Error = 67.6757
TrainID = 2933  dbValue = 2.1481  nTestCell = 48  nTrainCell = 46  nDiff = 2  (X,Y) = (1955, 1385)  Position Error = 69.857
TrainID = 534  dbValue = 2.16342  nTestCell = 48  nTrainCell = 46  nDiff = 2  (X,Y) = (1945, 1385)  Position Error = 74.4312
TrainID = 2738  dbValue = 2.20698  nTestCell = 48  nTrainCell = 45  nDiff = 3  (X,Y) = (1955, 1385)  Position Error = 69.857
TrainID = 2688  dbValue = 2.28911  nTestCell = 48  nTrainCell = 46  nDiff = 2  (X,Y) = (1955, 1365)  Position Error = 88.5438
TrainID = 1471  dbValue = 2.61996  nTestCell = 48  nTrainCell = 45  nDiff = 3  (X,Y) = (2005, 1525)  Position Error = 79.1202
TrainID = 2691  dbValue = 2.69427  nTestCell = 48  nTrainCell = 46  nDiff = 2  (X,Y) = (1975, 1335)  Position Error = 114.28
TrainID = 1129  dbValue = 2.70676  nTestCell = 48  nTrainCell = 46  nDiff = 2  (X,Y) = (1995, 1335)  Position Error = 114.63
TrainID = 1298  dbValue = 2.82945  nTestCell = 48  nTrainCell = 46  nDiff = 2  (X,Y) = (1975, 1335)  Position Error = 114.28
TrainID = 2890  dbValue = 3.64612  nTestCell = 48  nTrainCell = 45  nDiff = 3  (X,Y) = (1905, 1305)  Position Error = 163.768
