trainID = 319  2.3732  0.7157  0.6305  2.5357  1.3206  1.9411  1.156  0.7318  1.6856  2.0643  1.6345  1.6096  2.3528  1.2211  0.0368  2.7054  2.4807  0.622  0.2202  2.7422  2.5381  5.5942  3.2052  3.0441  1.7924  1.6232  0.7498  1.5024  2.8628  3.071  4.129  0.6899  0.2598  6.3423  0.8678  0.3611  1.3494  0.7469  0.475  0.3678  3.5068  0.966  2.8665  
trainID = 331  2.3217  4.3406  0.347  1.879  1.3451  7.2833  4.1282  6.9468  8.567  1.3971  4.0152  1.6235  1.9217  1.2534  0.093  2.9438  8.1437  9.8912  9.5905  17.4152  26.9799  0.9163  1.0632  2.9285  2.3707  1.4294  0.7689  7.2173  11.342  0.6123  9.1913  4.3333  4.3817  5.4134  3.2486  1.267  4.4286  2.675  0.94  1.9523  
trainID = 332  5.1143  3.3364  1.1975  0.0357  1.1382  0.423  34.097  0.5794  6.6121  1.0858  8.8022  4.7026  1.7536  1.0293  3.8095  1.5133  2.217  2.378  1.4328  5.0139  7.6334  8.719  11.3451  2.5234  16.6204  0.1441  2.0673  5.0314  3.3648  0.257  7.3461  6.3066  2.4913  6.78  2.4597  1.7711  0.4407  2.014  3.021  3.2129  
trainID = 350  3.4933  0.3904  1.1561  3.0567  3.4951  1.4504  4.7434  2.0714  1.8277  0.3298  5.2793  1.9424  0.2565  1.6732  0.1272  1.478  3.1908  0.4093  0.0981  0.3269  1.4288  0.1102  2.8822  2.3745  4.8668  2.5803  1.2047  4.7121  1.7056  2.087  2.1619  0.9102  3.2432  1.8004  2.4472  1.0098  2.1258  0.413  1.7195  1.553  1.654  1.3501  
trainID = 367  1.5982  0.885  3.5765  2.1097  2.9787  0.926  0.3715  3.6986  0.6062  1.3583  1.4178  0.3137  3.5147  2.3883  1.7744  3.6383  4.8623  1.1255  4.8561  4.4329  1.1801  3.1306  1.0553  4.6979  3.0667  2.9493  4.1489  0.0187  0.6898  1.4044  2.1537  0.329  0.129  0.5358  0.6282  1.7363  2.2026  1.47  2.3365  0.166  2.148  1.6405  
trainID = 388  0.5311  1.7853  1.8445  36.6339  4.1004  4.4515  2.4435  3.4836  2.1383  2.6147  0.9404  2.0799  1.9934  2.6595  2.9316  1.5478  2.0254  7.4711  2.3753  1.2621  0.382  7.4164  3.2288  2.1355  3.9886  0.8736  4.7749  2.1294  2.4525  1.4401  1.0047  0.05  1.8263  0.498  1.3875  0.242  2.8138  3.0068  1.351  0.6429  
trainID = 414  3.4775  4.1237  3.0375  3.1857  3.4098  1.749  2.4472  2.7046  1.5461  2.0128  2.1882  0.8015  1.3931  0.7533  0.33  0.8625  1.069  3.1118  5.5455  3.7523  6.365  6.2667  13.1299  4.8438  3.3588  2.3323  0.1256  1.4267  0.6964  7.7929  9.4753  2.9408  4.7584  1.6105  0.6369  2.9797  3.155  1.1332  2.1384  2.801  1.119  2.1507  
trainID = 428  2.4698  0.1125  1.1885  4.6777  1.6717  1.676  2.454  1.5967  8.1938  0.2418  2.0783  1.4167  1.0506  1.4544  2.4383  2.5364  2.6595  7.1847  3.6127  17.3166  13.207  11.3456  2.8687  4.5805  2.6893  5.3768  4.5813  3.4244  2.6939  5.3454  5.3236  0.7786  1.0361  2.2181  0.1669  5.1992  2.9657  4.2683  1.1115  1.663  1.926  5.159  0.8958  
trainID = 435  4.8  3.1615  1.1785  0.7917  2.1495  0.883  0.727  1.5599  3.2959  2.9935  3.0364  5.4537  0.739  0.6532  1.7126  1.2902  1.6831  0.914  1.1562  6.3089  6.6907  7.0304  8.5043  13.1586  1.4812  1.2228  3.2576  1.7164  0.9768  0.132  6.5723  9.2259  1.5738  4.9471  1.1505  2.3414  2.0467  4.6132  0.473  1.7573  3.5501  0.3555  1.2976  
trainID = 445  3.622  0.1307  0.3085  1.0147  1.1813  0.893  5.8659  0.9547  0.0882  2.8637  2.9184  4.4965  1.7009  2.9897  0.3575  1.3344  1.4055  1.6907  1.3998  0.6359  2.3448  0.785  4.0122  0.9318  4.3568  3.8304  1.6649  4.9544  1.2551  0.6508  1.2371  2.8386  5.608  0.8017  2.8222  0.6492  2.0355  2.849  0.1585  33.3287  
trainID = 449  7.4337  4.5977  0.5224  0.6505  1.061  1.264  32.1509  2.5588  5.1427  0.568  10.6825  2.6594  4.2203  1.2039  1.1704  2.2536  0.1198  0.57  0.4103  6.7692  7.4409  7.0118  2.126  4.1634  12.9705  0.1116  3.1091  4.2097  2.1171  1.147  3.7983  0.017  4.0395  5.7789  1.8722  0.9445  1.3544  0.416  2.393  2.2847  
trainID = 457  2.4868  1.745  1.5938  2.8637  3.5355  0.682  0.3458  6.9313  1.5565  1.989  0.5014  0.7202  3.0277  3.3132  2.8204  3.6442  4.2153  1.6704  15.995  12.1728  14.7891  1.7333  4.0176  3.3122  5.1278  0.7875  3.1693  0.7991  4.8516  4.5674  2.1529  3.6054  2.9582  3.6084  2.2622  4.0294  4.3871  0.799  2.1495  3.6958  2.469  0.8863  
trainID = 498  1.8265  2.6306  0.7405  0.5946  1.4143  2.719  0.8719  2.277  2.1799  1.2975  0.3204  0.6975  0.3817  0.2947  0.5609  1.6313  4.0508  2.1958  2.5698  3.5818  0.886  2.0833  5.6154  2.9186  4.3398  0.255  0.903  0.8164  3.8469  1.4548  2.8444  0.042  1.615  1.1947  0.7258  0.0136  1.0044  0.531  0.7826  2.825  0.5756  1.3195  
trainID = 524  3.5417  6.6957  2.102  0.801  0.7455  3.7088  5.9942  3.8854  7.884  1.5718  0.4635  3.1628  1.3157  2.0027  0.577  2.6628  9.16  9.7455  8.8782  10.0966  14.8725  2.7275  0.9555  5.7353  0.2115  2.3794  1.625  9.7002  13.8506  1.8676  10.987  4.2844  6.9609  6.1009  6.2996  0.386  3.8373  5.3011  1.5513  0.3158  
trainID = 544  3.9535  1.353  0.3695  4.2287  1.8576  0.535  0.134  0.1253  0.8806  0.2549  1.8479  0.4799  1.0796  0.966  2.1802  0.7958  2.2994  0.7158  0.3341  2.1034  0.046  0.1128  0.2249  2.3266  0.1429  3.1416  0.1265  1.1265  3.2257  2.2526  0.0801  3.4277  0.0222  1.9965  1.5089  1.1769  1.169  0.8897  2.281  0.0753  0.943  1.059  0.0997  
trainID = 593  1.2206  1.7112  0.2688  4.0557  2.0351  0.703  2.3224  6.8146  0.1391  4.3613  0.418  1.1898  1.3471  2.7376  2.5184  6.0179  3.9664  2.142  11.7947  8.7586  10.0723  2.7177  1.523  5.977  3.5128  0.4821  3.2043  2.2572  6.8051  4.1372  0.1924  1.2186  2.2747  1.8554  3.0342  4.0961  4.1834  3.2959  1.244  0.565  1.577  0.8289  
trainID = 629  0.8046  0.5926  0.7555  0.5608  3.3175  0.324  1.0568  2.2538  0.4714  1.5902  0.8665  1.5452  0.2399  0.6137  1.3125  1.6829  3.0688  0.1501  3.6587  1.3553  0.6835  1.2209  1.0225  0.8812  2.7266  1.9266  2.8893  2.5521  2.1432  0.007  0.9598  0.7711  3.3727  3.1794  2.5122  1.8836  1.9094  0.467  0.3318  3.8236  1.964  0.0365  
trainID = 641  1.8385  0.4437  1.9925  3.0247  2.4839  0.374  1.151  1.462  1.2599  2.9794  1.6726  0.8509  0.3456  2.0727  2.2572  2.0024  0.9761  0.6831  1.3408  0.7755  2.4876  2.6447  0.6615  4.9709  2.4631  2.5579  1.1937  0.3369  0.6024  2.5136  3.7303  1.2826  0.0308  1.3364  2.0105  0.8473  0.8269  1.476  2.089  0.1419  3.7701  2.275  0.5103  
trainID = 646  4.0551  1.4481  0.1406  0.2796  3.1749  0.088  4.4615  4.5845  1.2048  0.5274  1.424  5.7258  1.3574  0.2261  2.3137  2.3346  0.9054  0.2094  2.6064  0.8064  3.415  0.1167  3.8666  5.5865  3.7438  2.6105  1.8345  2.033  0.6752  2.0857  0.0206  2.0525  5.8518  2.2434  1.5746  0.496  1.264  2.62  2.3417  1.248  2.944  1.1491  
trainID = 680  2.7103  0.4498  1.6845  3.3977  2.7878  0.413  0.4931  0.321  0.2507  1.5936  0.3894  2.8158  2.6727  2.2154  0.9532  1.553  3.3391  1.3038  1.851  0.3969  0.7356  2.0392  2.5971  0.3617  2.7599  2.0596  0.0029  2.8477  2.6631  0.9026  0.1274  2.3641  0.581  0.4832  2.5802  1.0908  1.559  0.7644  0.673  0.767  1.769  1.7299  
trainID = 703  5.325  2.3098  2.4115  1.4877  1.0427  0.611  2.142  3.0315  6.4196  3.6622  5.2159  3.0038  0.929  0.1693  3.2722  1.5155  0.0906  0.072  1.8598  3.8303  5.2804  7.4741  4.4212  4.1166  9.4438  0.6836  0.3203  1.0526  0.7701  1.6439  3.115  3.1455  2.2749  6.2503  0.7614  0.273  1.6005  0.3159  3.363  3.0177  2.345  2.248  3.5616  
trainID = 743  4.7671  0.2225  1.3295  0.2551  2.4997  1.8596  2.535  1.7328  0.2445  0.5425  6.026  2.385  0.2629  1.7779  0.988  1.8049  1.332  0.3888  1.1094  3.2453  1.8603  2.0909  5.0564  1.3339  3.2348  3.2199  0.3911  4.7685  2.0472  2.8799  0.4113  2.2299  3.6223  1.5144  0.5764  0.5587  3.3731  1.777  0.9834  33.0597  
trainID = 746  1.9709  0.6138  3.0205  3.2807  3.5823  1.487  0.3152  1.5792  3.2326  1.282  2.2834  1.5899  1.042  0.2772  1.3479  1.8902  0.343  0.0871  0.0481  5.6402  2.8173  1.6421  6.6701  2.1169  2.3668  0.9432  1.8683  0.8321  3.6279  4.2858  0.1312  2.7322  2.8408  0.2148  0.3563  2.2774  2.1737  1.2618  1.5667  1.337  0.9022  1.0246  
trainID = 747  8.6848  5.3238  2.1185  1.6347  3.042  1.3715  35.2385  0.911  6.2778  3.5622  12.1518  9.4342  0.081  2.1671  5.9639  4.0338  3.7866  0.369  2.8798  7.3367  8.696  11.675  13.6906  2.6989  21.8071  1.1433  2.1047  5.5485  3.0643  1.0069  8.5232  6.5449  1.7392  8.2008  0.4621  1.6248  3.9098  0.503  2.009  1.8656  
trainID = 763  2.9018  1.2442  0.313  3.3177  4.1765  1.9536  2.451  3.8025  0.8263  1.2961  0.7325  1.6129  0.9816  0.1761  1.5493  2.0217  3.3432  1.5361  8.0398  6.8862  5.9157  1.1787  4.0222  2.2251  2.8885  1.6123  0.5859  3.709  3.8924  2.2594  0.4669  2.1759  4.5279  0.0944  3.0362  2.9839  3.7819  1.666  1.2074  0.46  1.274  1.959  
trainID = 776  4.2932  0.0154  1.3385  2.9067  2.5194  0.474  0.489  1.8551  2.7465  1.588  0.2311  0.0236  2.273  2.6581  0.6247  2.3181  0.0302  0.882  1.2849  2.5086  3.0305  4.8363  0.6195  0.797  4.171  0.6501  1.0892  1.2103  2.8964  1.5741  3.2553  0.8414  1.9764  4.7203  0.5911  0.622  1.3981  1.9539  1.592  1.6623  2.757  0.424  2.6086  
trainID = 807  4.2411  1.267  0.5975  0.4252  2.7243  0.484  1.939  0.8671  1.9762  2.2586  2.1221  2.1426  1.2586  1.5147  1.2536  0.1599  0.315  0.8321  0.772  3.173  4.8329  2.204  5.3855  0.0477  2.3559  0.2735  0.2671  0.2973  0.6993  3.8437  1.4234  0.3998  4.1176  0.2192  0.0058  1.4092  0.553  0.412  0.3432  1.899  2.233  0.2524  
trainID = 815  0.3873  0.6992  0.1809  0.9597  2.8594  0.203  1.6202  2.193  0.4079  1.8004  1.2626  1.5726  1.0641  3.5343  1.7835  0.7999  5.8534  0.923  5.2468  5.9295  5.2296  1.009  4.0547  3.4214  3.2188  2.352  1.1618  3.2559  2.6955  3.8811  0.821  2.7109  1.6031  5.0894  0.7708  2.7356  4.1399  0.452  0.856  36.4347  
trainID = 820  3.8988  1.3846  2.7115  36.5159  7.318  6.3947  0.9385  2.3475  1.3438  1.6537  1.5904  3.0668  0.9628  1.5473  2.7388  3.2862  1.4192  19.1166  9.5321  2.9407  0.6111  6.2374  6.9148  3.1529  4.8143  0.2615  6.2914  3.9775  0.9676  0.1818  0.6995  1.6574  3.4682  2.7172  3.7969  0.392  4.3479  2.845  0.974  1.6943  
trainID = 830  0.0619  1.0548  0.8665  4.6247  3.0363  1.5047  0.3141  4.2404  0.6288  0.8949  0.123  0.5741  3.0427  5.0121  0.5264  3.6213  2.6919  3.0342  5.2389  4.8942  3.1351  2.3006  0.2672  2.9789  2.785  0.6352  1.5795  3.9533  4.8799  4.4251  0.5984  0.1369  2.2519  1.5704  0.724  1.898  3.3453  1.159  2.1457  2.091  2.765  1.0477  
trainID = 838  1.6011  1.7757  1.7885  38.3359  1.7952  1.54  2.7568  3.4202  2.2336  3.598  0.2737  3.5889  1.0703  0.5422  1.538  2.4078  1.4376  0.6138  0.6371  1.6902  6.4844  8.4048  1.0566  0.104  0.7653  0.7776  2.2388  2.5603  2.7984  0.6011  1.4012  1.6675  0.8749  2.0439  1.1096  1.2753  3.0756  3.2229  0.815  0.1852  
trainID = 848  2.5093  1.6154  1.7375  2.4437  0.5503  0.361  2.137  2.626  4.4548  1.7925  0.408  0.9045  0.6303  0.0496  5.7472  0.7377  4.3539  3.0081  0.2972  6.8152  2.32  1.0133  1.0564  3.3963  0.0432  3.5318  2.6479  1.2448  2.4998  3.7632  3.5369  1.2803  0.491  2.306  0.6871  2.8102  1.1795  3.5915  0.905  2.3611  1.218  1.06  1.6648  
trainID = 868  1.8587  4.6182  0.452  2.298  2.4049  7.4357  3.1328  7.8743  8.0692  0.6696  0.7396  2.3332  0.323  3.5055  0.7493  2.4288  7.947  8.477  9.3246  16.7861  26.9123  1.8029  2.1589  5.8716  1.2268  2.3762  2.3712  9.4792  12.4296  0.6131  9.4803  4.2932  4.0007  6.3804  6.9014  0.295  4.4706  4.0876  1.5767  1.7027  
trainID = 875  2.3097  6.6903  0.898  0.404  2.8496  3.5428  3.5092  3.9976  8.1731  2.2567  1.8193  1.0369  1.0902  3.2699  0.707  0.3583  8.0991  8.0156  10.2954  9.7671  18.6339  6.2085  0.0103  4.3388  2.994  0.4153  2.1653  5.7008  13.3327  1.7391  6.5937  3.8936  4.5828  4.6929  5.0817  0.5314  3.2643  4.7857  1.234  1.7196  
trainID = 910  3.1207  0.8716  1.2239  1.2307  2.9687  1.3323  0.764  1.4431  2.5531  1.3207  3.3513  2.0615  1.8313  0.6332  1.1183  1.1609  1.3107  2.4473  0.266  2.9718  4.8085  5.4483  5.9959  1.7153  8.4416  3.1998  0.465  3.9111  4.1151  1.7535  3.5472  2.2038  0.4911  6.3632  1.2391  0.5162  1.0865  2.6819  1.899  1.6309  2.038  1.598  0.1021  
trainID = 934  9.4464  5.4309  2.0265  2.8809  2.2482  3.016  36.2641  1.9675  5.6957  1.392  13.5378  10.2284  0.5675  4.0901  4.5652  5.5806  1.3396  2.308  4.1658  8.5072  11.1524  11.3037  9.7152  1.7218  16.0808  0.8566  0.0266  8.3593  4.056  1.1432  5.8166  7.1459  2.6539  9.9912  1.7535  2.9114  1.3146  1.464  1.438  4.7929  
trainID = 942  1.8052  0.0878  2.0285  2.4099  2.4103  6.3427  0.7161  2.0402  1.2568  0.5097  2.0537  3.764  1.744  3.2832  4.7403  2.5208  6.5518  5.8626  5.9499  0.9318  0.6548  4.3329  2.3888  1.9726  2.2495  2.0914  4.6017  3.1295  2.4328  0.7757  1.9763  0.4287  1.9942  1.5121  2.1867  0.406  2.5845  1.401  1.472  1.1172  
trainID = 963  1.7443  3.3179  1.9085  2.0007  4.3074  0.131  0.4843  3.3597  0.6474  2.6104  0.2586  0.3562  1.4105  1.1889  1.065  3.6018  3.0327  1.903  6.4067  4.2534  3.7954  3.002  1.7915  2.0581  4.4368  2.7199  0.8378  2.2692  1.0213  1.9678  2.5644  0.3068  1.8786  0.7927  1.1551  1.0909  0.9871  3.3778  0.342  0.471  1.3185  0.4753  
trainID = 979  2.9467  3.3753  3.9625  1.3777  3.1491  0.439  3.0968  1.9468  1.6824  0.744  0.2264  0.9074  1.8778  1.3733  2.9584  0.1276  1.4336  0.6108  1.3243  3.9943  3.6524  1.6212  1.8724  4.6692  1.6048  0.8738  6.2618  3.9512  3.1473  0.7657  1.6241  1.769  2.4926  0.4128  3.2472  0.6397  1.0066  1.522  0.4599  3.4234  0.8642  1.235  
trainID = 980  2.8382  1.0755  2.7375  1.4707  3.3356  1.276  3.3091  2.301  3.0792  0.8028  1.0554  1.0868  0.4398  1.539  0.5761  0.5355  1.1478  1.7528  1.8589  0.9608  4.3624  5.1248  7.9206  1.1382  2.5849  1.4979  2.6098  1.8108  3.5986  5.9887  2.5034  0.4217  1.6794  1.2881  0.5602  3.3412  1.6361  0.577  2.7876  1.794  1.258  0.8107  
trainID = 989  1.1201  2.7381  2.4185  2.9267  1.5356  4.2713  3.9192  0.609  0.492  3.2425  2.3822  2.9037  0.7823  2.1713  0.8577  1.0767  1.8595  0.5955  0.5368  1.076  0.4176  0.4098  2.0208  2.4465  2.0941  3.2986  0.3812  3.9627  3.272  2.6147  2.1019  0.9625  4.9903  0.8347  2.1642  2.3144  0.5428  1.683  1.1692  0.168  2.409  1.538  
trainID = 1004  1.5964  0.5522  2.1935  0.8887  0.7551  0.143  0.6973  3.4327  0.6449  3.3751  0.6372  1.6496  1.6247  0.1447  2.6434  3.1689  2.6817  2.0315  6.5679  3.1114  5.022  0.4511  2.2612  0.9533  4.5168  2.8276  0.6693  2.9705  2.7718  3.3497  0.1832  0.0125  1.6415  2.1004  4.2632  1.7157  3.892  2.323  4.4351  3.5477  0.063  0.206  
trainID = 1033  7.9889  5.217  3.9265  0.7877  2.3802  1.7977  2.106  0.0607  6.6794  3.6802  7.5203  5.9578  0.9643  3.3942  3.9642  3.2044  0.9768  0.6627  2.1628  6.1151  6.3068  9.077  9.533  3.1376  13.4675  2.3071  0.1284  2.7894  3.7676  0.312  4.4162  6.0429  1.8243  7.312  2.6254  3.1398  2.4341  2.804  2.28  2.6371  2.154  0.371  4.6114  
trainID = 1052  3.9457  6.1347  1.9015  1.0877  3.8089  1.976  0.037  1.6347  5.5531  2.1225  5.6094  6.271  1.4642  3.8355  3.0983  3.3444  1.1031  1.304  1.0671  6.1056  8.5912  8.9777  7.6613  7.7706  13.12  1.2331  1.3489  2.1802  2.6624  0.4077  6.9804  5.5968  1.4109  7.5154  4.0731  2.3932  2.573  1.4817  2.513  3.1579  2.431  0.414  0.1818  
trainID = 1072  0.0543  4.5699  0.2715  0.8867  2.3098  0.005  1.2135  3.8407  1.2849  2.0884  2.1162  0.2848  1.9267  1.7849  1.588  1.8338  1.9178  0.1565  3.4435  7.6963  15.7539  3.4009  6.1319  1.9534  5.1038  2.2667  1.0239  3.3869  5.4817  5.9402  0.3827  3.2965  3.7292  1.7824  2.3092  1.7179  2.5625  0.443  2.3226  36.8647  
trainID = 1087  1.4734  0.3767  1.7785  4.1247  2.4542  0.372  0.4568  1.9732  2.6572  0.7938  1.1356  0.58  2.8857  0.5103  0.0264  1.7709  0.568  0.6944  1.7003  1.435  1.2054  0.8927  4.9128  3.2187  3.0145  0.6163  1.8532  0.0798  4.6079  1.2665  0.0969  0.8816  0.0428  1.6644  0.3142  0.885  1.6546  0.518  0.3787  2.055  0.4701  1.7986  
trainID = 1092  6.6982  2.9157  1.2855  2.5267  0.7914  0.273  0.064  0.1324  3.8819  3.1262  4.0158  4.0387  0.7081  2.3109  1.3956  0.0255  2.5786  1.2805  2.0487  3.1346  6.5616  4.4476  6.5515  3.029  3.8767  3.6068  1.2469  4.2333  2.2416  1.2914  1.6727  1.5044  0.9784  2.2621  0.3874  0.6155  2.2902  0.9112  2.83  1.9022  2.9441  1.034  0.23  
trainID = 1104  0.5847  0.9435  1.7375  3.4667  1.7898  2.43  1.6175  5.7809  0.5814  0.4052  1.9281  1.3849  1.8268  1.2733  0.6821  3.5466  3.6119  0.4577  11.3607  9.5408  6.6119  4.0712  0.6273  5.3801  3.8328  1.2289  0.0602  2.7975  3.7636  4.278  1.0882  0.028  1.5962  2.0924  1.1247  1.9704  2.1151  1.691  0.9908  0.564  1.315  2.0013  
trainID = 1131  3.9687  2.3735  1.22  0.313  0.1585  6.937  3.8792  6.0333  8.1333  0.0771  3.1671  3.4574  2.709  1.8765  2.628  3.2878  4.0021  9.3459  10.1773  17.8103  29.2313  5.7845  2.5009  6.3241  2.817  1.5529  1.6044  9.3222  10.4481  0.9303  9.872  4.4268  4.5147  5.2572  4.1588  0.819  4.5791  1.386  1.702  2.3826  
trainID = 1161  0.2877  1.1292  1.5615  3.2087  2.7138  0.048  3.5578  4.9551  0.6182  2.6658  0.7976  1.5639  1.4126  1.3738  0.6896  0.8867  1.2242  1.9547  4.924  1.0643  0.5472  0.5574  1.9636  4.2413  3.3888  1.1681  2.0008  2.9645  5.1231  1.7104  1.8958  0.3491  1.6066  0.7631  1.8892  0.9459  1.1849  0.8231  1.4522  1.923  0.253  0.7784  
trainID = 1164  1.7177  2.2576  2.6185  1.4187  3.8625  1.092  1.4945  6.1139  1.8469  0.214  0.7214  2.072  4.5707  0.3919  1.3286  2.7782  3.1566  1.5029  12.2262  10.9063  12.7419  2.2331  3.0701  4.2688  2.125  3.163  0.9314  3.2731  3.3591  3.9806  2.4584  0.9617  1.6272  1.2462  1.2036  7.2677  6.4353  0.721  2.5639  0.81  3.158  0.5218  
trainID = 1175  5.7994  5.7867  2.3225  3.4177  3.4822  2.3666  33.6294  1.4367  6.6832  2.9377  7.4138  3.656  3.5069  2.3833  2.6153  3.9449  2.2812  0.397  2.1218  6.7065  6.7288  10.6228  4.1825  3.2444  13.6835  1.502  2.0403  3.5447  2.4384  0.727  4.6017  3.948  1.2173  8.2487  1.6761  0.5814  2.2476  1.42  1.463  1.245  
trainID = 1179  4.2218  0.5263  0.5243  1.9558  1.8668  0.801  1.857  2.1546  2.0009  2.7277  0.6903  0.8079  2.7321  1.0016  1.6487  0.2548  0.192  1.8343  1.0924  1.7791  2.0794  0.2724  0.8458  4.9036  5.4071  3.0244  2.6605  4.0254  2.2768  1.7209  0.6598  0.9492  2.7651  4.2037  0.4855  1.9012  2.2553  2.5821  2.937  1.4974  34.0497  
trainID = 1186  1.348  0.1592  0.8115  1.2807  1.7037  0.607  1.44  2.3691  1.9566  1.7835  0.2044  0.8571  0.4119  0.3409  2.2825  1.2272  1.7018  0.8614  1.166  2.9881  0.3095  1.6897  1.7581  2.2259  0.5622  5.8058  1.8008  0.1432  2.4078  3.2565  0.9738  1.9343  1.0204  1.108  0.905  0.5494  0.1502  1.0335  0.129  1.1355  2.431  0.413  1.7281  
trainID = 1208  2.8054  0.6854  0.477  1.3777  1.9572  1.292  1.4269  1.0541  0.4206  0.2139  1.9073  2.1354  0.7018  3.848  0.5425  2.117  0.9824  0.2831  1.4965  1.402  0.9814  1.029  3.3926  2.0883  3.7138  1.9235  0.2456  3.8024  3.4189  1.1273  1.1552  1.0124  3.9648  2.2044  1.3315  1.8857  0.734  2.475  0.4816  35.7567  
trainID = 1212  6.0174  0.6159  0.0771  0.2814  0.4628  0.096  0.528  2.4277  2.7434  0.3098  2.07  1.9026  1.2766  0.0754  0.6619  3.1291  0.0758  2.5432  0.7422  1.8134  3.8311  4.9699  1.0276  3.0954  5.841  3.7188  2.4163  0.5888  4.2417  0.8183  2.1828  1.0363  1.0977  3.5182  1.1003  0.0577  1.516  1.7677  1.967  1.0605  0.842  4.358  1.8396  
trainID = 1219  6.4409  6.6094  1.6995  0.8147  3.2628  0.548  1.578  0.0962  5.0135  2.1155  8.0754  6.304  0.7933  1.5604  5.215  1.4443  2.1321  0.415  4.0238  8.048  8.3088  11.1691  14.8311  9.8782  23.5546  1.937  3.095  5.4596  3.6899  0.456  7.5781  8.6261  1.1577  9.0194  3.4151  2.0368  2.8861  2.8803  2.351  6.0381  2.255  0.142  2.4391  
trainID = 1243  3.1394  1.2066  1.1995  4.1367  0.8721  0.329  1.1507  2.3168  2.1987  1.4487  1.5704  2.0404  0.4884  1.3348  0.2463  3.1905  0.516  1.7518  1.554  0.6888  0.4827  1.706  0.475  0.2078  4.7848  1.3557  1.0258  2.4442  1.1916  0.3164  0.8776  1.7477  3.7113  1.1688  3.0052  1.2322  0.8797  0.188  1.3008  0.23  2.521  0.13  
trainID = 1262  1.1491  0.3555  1.7421  0.1666  2.6115  1.009  0.577  4.2276  1.5569  0.4387  0.8002  1.1447  4.5984  1.9497  1.594  0.7466  0.6327  0.11  0.6256  0.9747  1.5093  0.8906  0.0423  3.717  0.5694  3.7998  2.1274  1.0019  2.7264  3.6609  1.6335  3.7088  2.1852  2.3622  0.2342  1.8438  1.42  2.9071  1.242  0.911  36.2417  
trainID = 1278  6.6251  4.1835  0.4865  0.9487  3.9069  1.8396  35.8198  1.8843  7.1284  2.6674  7.4318  4.2987  3.5969  3.3195  3.0144  1.9535  0.2934  0.263  0.9841  6.1838  7.3282  8.9284  9.1027  2.9969  12.9399  1.9431  0.0324  2.8136  3.7686  0.9656  4.6256  5.5968  1.1896  7.009  2.6777  0.2136  0.6885  1.749  0.892  4.9285  
trainID = 1309  4.1688  2.7153  1.8525  36.5639  5.1761  7.309  1.0913  3.3874  0.3901  2.3734  4.8457  3.3068  2.9954  2.0479  4.7807  2.6607  4.809  21.9711  6.5925  3.9879  0.7874  5.512  5.7788  0.0842  4.0047  1.7344  7.3765  3.7948  2.0964  0.4971  0.2679  0.2229  0.3733  3.3392  3.124  0.382  3.8663  1.664  1.648  1.0753  
trainID = 1311  5.0308  1.3332  0.4235  0.1673  1.5733  1.8783  0.622  1.6986  3.2369  3.3118  0.3506  0.1301  1.9561  0.7312  1.6376  2.0742  1.2708  1.7175  0.8128  2.221  3.2351  5.2481  1.7348  0.6041  7.497  1.8199  1.5194  1.6829  2.7615  3.8079  3.3072  1.2575  0.37  2.6603  0.3035  2.1172  0.6716  0.2346  0.41  1.6192  2.71  2.857  1.2032  
trainID = 1328  4.246  2.4781  0.2804  1.8868  3.2827  1.7035  0.737  1.0336  5.1263  1.5447  5.2231  2.0012  2.5375  0.4606  0.7819  0.2677  0.0385  1.4565  2.3238  4.3964  3.376  3.5998  5.7033  2.4173  7.6765  1.7243  1.4318  2.5429  1.8232  0.8201  1.7994  0.8755  0.2793  5.9654  0.2625  0.5575  0.3605  0.345  1.933  0.077  0.932  1.679  1.9457  
trainID = 1341  3.9219  0.5932  1.0785  2.6987  3.0869  0.252  2.263  0.7488  4.5134  0.3799  2.8594  1.6884  1.8882  2.6117  0.4333  1.0624  2.2598  4.1036  1.581  3.9874  1.3769  1.8241  1.8632  1.0816  0.0833  5.3698  1.7988  1.3269  0.5047  2.1667  2.9172  2.0023  0.258  2.6898  0.941  2.0732  2.3756  2.6211  0.982  1.6051  1.401  3.174  0.8674  
trainID = 1342  0.3009  3.2104  2.3945  1.4477  0.7044  0.024  1.276  2.8273  1.1331  1.6418  5.3106  2.0005  1.1336  2.7373  0.4412  3.4889  2.5057  2.687  1.9416  3.0042  3.3449  1.8274  4.4534  2.9362  3.2278  4.2181  0.0357  3.174  5.3273  4.3938  1.5394  2.3631  1.9274  1.9174  0.9876  2.0341  1.5789  0.141  1.0693  35.0717  
trainID = 1348  3.1077  4.9996  2.9667  0.556  0.8339  5.9145  4.5372  7.6124  8.5847  1.8397  2.3265  5.2043  0.5298  1.2443  2.158  3.6508  8.1278  10.1132  11.1581  20.3527  28.9237  5.9239  1.1418  3.5775  2.7191  2.0066  0.081  9.4492  7.6962  0.1187  8.9941  3.942  3.0393  7.2573  4.0896  1.319  6.9568  0.983  0.531  3.2609  
trainID = 1349  2.0437  4.3627  0.737  0.843  1.0883  6.0114  4.1312  6.3906  8.6304  1.1171  3.0059  0.6276  2.933  1.9716  0.421  4.4308  7.4632  7.5392  10.8219  12.1984  23.3506  0.1425  0.4755  5.2712  0.4133  0.1131  2.1579  8.1548  12.0633  0.7433  10.9734  4.7878  5.2157  9.4293  5.9335  2.577  4.2862  2.551  1.2624  0.6813  
trainID = 1353  3.6807  5.6607  0.028  0.884  4.9436  6.9036  5.2262  7.1334  6.1768  2.538  1.5164  4.0309  0.2203  1.8005  1.202  2.6618  6.535  10.3601  10.131  11.8583  22.3709  2.9051  0.1562  6.1714  2.3742  2.4578  1.1667  9.3562  13.6112  0.1826  10.0968  4.5514  0.1324  6.7264  5.2493  0.8114  4.8913  5.9766  0.846  2.3977  
trainID = 1371  2.1188  0.9317  0.1464  37.7019  1.9888  4.6608  0.7252  2.6942  0.2364  1.6048  4.6877  3.8901  3.3094  3.7951  2.781  0.1974  4.6222  2.3439  3.6939  0.469  2.3999  5.3154  5.4718  1.6303  2.604  1.12  5.3449  4.0949  0.7955  0.2034  0.9032  0.5422  0.6472  0.9342  0.7967  1.4019  1.4421  1.932  0.7008  0.3128  
trainID = 1376  4.1171  4.7156  3.6405  3.4197  3.148  0.38  1.0173  5.8805  3.8182  5.8678  5.9248  1.7214  1.4974  3.593  3.8217  0.8959  1.12  1.8088  6.267  6.9811  6.0782  9.8247  15.3304  3.4428  0.9118  5.628  0.0948  0.0362  3.2539  7.5937  7.4278  1.6052  3.9604  4.0589  1.8045  2.7621  2.2172  1.849  1.004  2.669  1.2346  1.9767  
trainID = 1385  0.9507  0.5289  2.7665  36.8579  1.77  7.1608  0.7277  2.6472  0.3116  2.7115  3.1317  1.9419  2.4274  1.3073  4.9962  1.9116  6.8579  12.414  9.1335  4.4238  2.0685  6.8597  4.5148  2.8932  0.8686  1.7195  4.836  2.0513  0.221  1.0942  0.5844  2.5854  0.5347  2.1614  3.6502  0.7502  2.8895  1.479  0.4966  0.7409  
trainID = 1398  2.2437  0.6971  2.9055  37.3589  2.8874  5.5159  1.1054  3.2233  2.0857  1.1939  0.2797  2.7839  3.3544  0.3764  1.6886  0.2739  1.5066  3.6332  4.1564  0.7041  3.5345  7.794  2.0602  2.2304  4.0131  0.4452  2.4183  0.7794  3.6467  3.8281  0.7362  0.8204  0.4754  0.6407  0.5882  0.596  1.7829  3.5857  1.38  0.0581  
trainID = 1407  8.6619  7.0256  1.4365  1.3887  1.3016  1.9583  34.6992  1.3472  7.0203  4.7392  8.9809  8.7434  0.0128  4.424  4.1808  3.0356  0.759  0.269  2.5778  9.4129  11.2304  12.7815  16.5035  7.9684  23.2826  2.1784  2.8467  6.3725  2.7178  0.296  7.0678  6.2153  2.2566  11.5095  0.3587  2.3731  2.663  0.958  3.072  0.9088  
trainID = 1411  3.8863  0.3782  0.4894  2.5997  2.0676  0.729  2.2928  3.1403  0.2344  2.1172  3.4513  0.1609  2.4487  1.495  0.6882  3.2298  3.5746  0.9365  0.8853  0.1144  0.5719  2.1901  2.5558  2.0006  2.1981  2.7843  0.4021  0.861  4.9486  1.4673  0.3851  0.5465  3.8268  0.5471  1.5018  0.2945  1.8111  1.973  1.501  1.131  0.498  4.0981  
trainID = 1423  1.7277  1.5937  1.214  2.481  0.7688  0.5257  2.3757  2.3408  7.0269  0.9795  1.3465  1.1327  0.3045  2.4319  0.588  1.8568  4.3736  6.7692  9.3486  8.1904  14.4487  4.0839  0.6111  2.862  1.7479  2.902  0.9691  8.2639  7.043  0.2688  4.449  1.6586  3.1968  0.5417  5.3399  0.7663  1.7964  2.467  3.1714  1.5516  
trainID = 1432  1.8273  1.1896  1.8025  2.8567  3.9081  1.102  1.9957  1.0325  2.0006  5.3655  4.2182  2.6574  0.1229  2.2368  0.6067  0.4555  1.8421  0.5352  1.706  2.7099  4.4562  2.8994  6.3371  6.0737  3.4028  2.5355  1.608  1.2934  2.567  4.124  2.0793  4.4725  0.8231  0.3986  0.1879  1.0304  4.087  0.5357  0.9444  4.9866  0.096  0.939  
trainID = 1436  2.9058  2.7263  2.0835  1.8497  2.9329  0.168  0.9867  7.7256  1.1867  1.0679  1.4418  1.1498  2.9007  3.097  2.4044  3.9088  5.1992  2.9499  12.3274  14.6803  18.1384  4.4528  0.9468  2.7377  4.4978  3.03  0.2625  4.6128  3.0623  4.5386  0.7914  0.0527  1.0502  0.8777  4.3312  3.5173  5.4993  2.086  1.8653  34.7077  
trainID = 1445  2.2557  3.6793  0.802  0.894  0.9885  7.2243  4.2122  8.4181  8.9153  2.5073  3.7866  4.9834  0.5163  2.1731  2.576  3.8278  5.9052  7.7443  11.6359  20.599  31.1719  10.689  0.4069  2.6725  5.0191  3.6971  0.706  9.5272  9.6766  2.1334  7.7844  5.1373  0.1452  3.3026  5.211  2.438  5.6355  0.414  0.114  0.2884  
trainID = 1458  0.6593  0.251  0.228  3.4087  0.7099  2.9667  0.6078  4.6463  1.0188  0.2414  0.6403  1.9624  1.0129  4.6465  0.5993  3.1987  4.5351  2.2286  5.6668  6.4529  4.4808  3.5071  1.1166  3.052  4.5568  2.9326  1.5691  1.1586  4.1695  3.6426  2.972  2.2051  2.8359  0.5417  1.2371  1.0058  0.9863  1.613  3.6586  1.642  2.068  1.0952  
trainID = 1486  3.8044  1.0083  0.6875  1.2607  1.1288  2.4871  2.6347  1.0775  2.9315  0.0894  4.0928  1.1652  0.205  0.7222  1.7176  0.8232  3.0626  0.8273  1.3501  0.9387  3.0143  0.6242  0.7706  4.3639  4.0538  2.9723  2.7997  3.6214  3.3903  1.1977  0.7628  0.0336  1.8524  0.8101  1.8912  2.3493  1.8354  1.873  0.2901  0.16  2.99  3.2897  
trainID = 1488  3.9031  1.8624  1.1315  0.1033  1.3369  0.811  1.369  0.6545  5.4627  0.5466  0.1995  2.445  1.5474  0.2834  1.711  1.9646  3.4486  1.105  1.9598  2.4675  6.5326  4.4757  4.3071  7.1865  7.3013  0.1559  1.1467  1.6825  3.1588  0.987  4.2477  4.5012  0.5066  5.6734  0.5703  0.0351  0.9469  2.8215  2.532  2.6671  0.661  1.2067  3.8963  
trainID = 1501  4.7264  4.6415  2.0975  0.5116  2.0594  4.3918  36.1898  1.9776  7.0365  3.0685  10.0672  5.3321  3.0451  4.4453  4.0787  2.311  1.4808  0.343  2.4888  7.5598  9.7163  9.9648  8.7483  2.0921  18.7245  0.957  0.6255  8.0113  3.6531  2.843  5.362  3.2554  4.5863  9.6276  2.8729  1.899  2.5865  0.344  2.823  2.4871  
trainID = 1532  3.7357  4.297  0.37  2.088  1.0159  6.6511  4.4882  4.2504  7.1355  0.9908  1.8325  3.2155  1.6133  0.5805  1.665  2.3068  7.718  10.2876  9.0219  16.2662  25.3304  6.7536  1.5054  4.0857  2.0147  3.5304  1.7763  9.4892  11.0245  0.4123  9.8297  4.2478  4.4814  5.4247  3.8413  3.511  3.7352  3.9142  0.1356  3.8637  
trainID = 1538  4.3498  0.1396  0.1181  3.0937  0.1746  0.935  2.0505  2.9395  1.1582  0.814  1.034  2.4533  1.6227  0.8536  0.2466  1.7991  0.203  0.0131  1.0897  2.2482  1.3735  1.4588  3.6187  7.0885  2.7887  0.3856  2.1974  3.7291  3.234  1.7486  1.0482  1.3899  4.9898  1.2357  0.1083  1.178  1.407  1.725  2.0136  2.8958  1.456  1.7606  
trainID = 1543  9.3588  6.0301  2.1725  1.7317  2.5308  2.6352  35.125  0.1722  8.0089  1.3211  9.2529  8.8413  2.1862  7.0676  7.2111  2.2617  0.4616  0.473  4.8368  8.2359  9.2324  10.6351  11.4839  0.6923  19.4204  0.979  1.3564  5.1309  2.1943  0.123  6.2462  6.713  2.2103  9.4899  0.6455  0.732  4.2607  2.3  1.994  2.3007  
trainID = 1550  2.9058  0.897  2.4235  3.4337  4.3376  1.533  1.3209  0.0539  1.4349  3.1606  1.2999  1.0615  0.2057  2.277  1.1315  1.4038  0.035  2.0136  0.2922  1.8578  2.463  4.2397  4.6991  3.0759  1.7218  0.0973  1.4012  1.1888  2.2689  1.5738  0.2986  0.5019  1.2134  0.3818  0.9351  0.5972  2.0739  2.404  0.1513  2.38  1.2317  0.3728  
trainID = 1568  1.7746  4.2032  1.2715  3.9957  2.0591  1.326  6.5024  9.1274  2.8306  2.8098  0.4226  2.8935  1.8118  0.7192  0.7974  3.8001  4.8131  2.1865  13.0119  5.552  18.9543  3.4959  9.7686  1.5509  5.4598  5.0708  0.8911  8.3881  3.6734  6.2664  4.4663  3.567  3.634  3.3724  2.5362  2.5737  7.3373  3.894  1.5251  36.0437  
trainID = 1628  2.0249  1.7601  4.3685  35.3829  4.5038  5.8474  0.3499  0.4293  1.8389  4.1133  6.1947  3.4586  3.4394  1.9758  5.2279  0.475  2.967  11.6053  1.671  2.4498  2.1179  7.4292  3.2038  2.2362  2.2594  2.6737  6.5119  5.0079  2.8217  4.089  3.1445  1.141  1.1419  0.9881  1.4322  0.525  3.5511  2.284  1.167  0.3844  
trainID = 1634  7.1653  5.5321  1.4545  1.5066  2.2224  1.4547  34.6458  1.553  8.2969  4.9102  11.6339  5.492  3.9013  2.3346  6.1985  5.7802  0.6111  0.039  2.3108  5.9653  6.7046  7.5059  8.1348  1.6618  16.0398  0.3546  1.2141  7.4018  4.3607  0.145  6.3272  5.9567  2.1247  7.94  1.0768  3.3733  1.8523  0.693  0.7436  1.3193  
trainID = 1645  1.7327  1.6638  2.3655  3.9467  2.6991  1.7455  0.7152  0.289  0.2064  2.0123  3.2833  0.2504  0.0667  1.6739  0.5582  2.207  1.3319  1.9908  2.5144  2.3778  2.6178  0.0804  5.6551  1.7144  3.3748  1.0026  0.3016  0.3099  2.6813  2.9953  1.1223  1.748  1.4712  0.2559  0.6435  1.0056  0.5184  1.322  0.6872  1.485  0.041  1.3825  
trainID = 1649  5.178  4.1352  1.1445  0.2086  3.8005  1.3946  0.034  0.5258  6.3643  3.9212  2.5697  5.1105  1.3508  0.4644  2.9611  1.6183  1.6242  2.661  2.3898  8.3518  8.9908  8.1689  7.9774  10.2424  9.0038  0.5405  1.1478  3.9317  1.2644  0.6073  3.5238  6.9112  0.7523  7.7588  1.917  1.7724  2.9081  4.1329  0.196  3.9923  2.154  0.768  1.1797  
trainID = 1656  1.3108  2.1269  2.7215  1.1367  2.4417  1.095  0.9384  5.8745  0.2222  2.4392  1.3667  0.0149  0.2722  5.4237  2.0544  3.9225  4.5531  2.0077  13.7454  13.8639  10.9078  2.4101  3.366  4.9682  4.8218  3.0536  2.5535  2.9958  5.397  6.047  0.9382  2.688  0.5949  1.4904  2.6552  1.3732  5.1193  1.342  3.1252  2.192  0.118  2.1331  
trainID = 1657  2.7178  2.2213  2.5405  38.8989  3.0473  5.6434  1.6513  3.3565  3.4145  4.543  2.0267  3.6698  3.6104  1.4712  5.3371  0.605  4.3975  12.4308  3.5393  2.7138  1.6859  8.9157  4.7908  0.121  2.9165  1.7501  5.0209  2.6407  2.4113  2.3622  0.1188  0.5793  1.5274  2.3939  0.8092  2.6358  2.362  0.143  0.725  0.6243  
trainID = 1668  8.4594  3.3751  0.7945  0.1915  3.5189  0.739  34.1735  1.2193  8.9129  4.3852  7.2263  7.7164  2.0052  2.4378  4.7095  3.5473  3.0797  2.034  2.7538  5.3815  9.3358  9.1261  15.8032  2.9299  23.3423  0.405  2.2245  5.7937  0.5138  2.994  6.2099  6.7374  1.784  10.9641  2.1067  2.9308  2.503  1.676  2.071  3.0237  
trainID = 1680  6.491  3.9963  0.9485  0.39  1.2448  1.8676  0.001  0.1037  4.641  1.7694  6.4754  3.6235  2.2445  2.7041  2.449  3.4236  2.5733  0.227  2.7948  5.8293  4.9614  7.5786  8.0808  3.6939  11.1967  0.69  1.412  4.3471  3.0954  1.733  7.3062  5.83  0.0405  7.3918  2.7299  1.9544  0.1343  1.0124  2.412  2.4964  0.181  1.495  1.3139  
trainID = 1692  0.5368  1.4063  1.0765  1.1867  1.7734  0.07  0.563  5.6207  0.0304  1.9362  1.2043  2.096  1.8046  3.7457  1.2808  0.6329  0.825  4.1304  1.1048  1.7102  1.9086  1.0859  0.5601  2.0944  2.4845  3.0427  1.8937  0.3233  3.0415  0.8233  1.188  2.8096  2.5386  2.9774  0.8249  2.2692  0.5805  3.8621  0.955  1.0518  34.4827  
trainID = 1744  0.3269  0.5301  1.6725  3.8177  2.6699  1.752  2.4963  0.0662  0.1427  2.8788  3.2931  0.3781  0.5182  0.6749  0.0114  1.387  1.6661  1.7718  2.5554  3.2104  3.5229  2.7278  5.1127  0.982  2.3458  0.1188  0.2637  0.244  3.5675  2.2134  2.0086  1.6556  0.0292  1.5363  0.6909  1.972  2.607  1.5529  1.4941  2.461  1.4584  0.0097  
trainID = 1746  1.6684  2.2811  1.5305  36.9489  4.4112  7.4046  1.4351  5.5908  1.3307  0.8284  1.8867  2.318  1.9014  3.5284  3.7233  1.688  3.3503  25.7065  12.6849  3.585  0.2434  6.9003  3.9688  1.5463  2.7113  3.1715  7.4272  5.1739  0.3176  1.0862  1.2228  2.8014  0.5117  3.3638  4.9103  2.3981  3.8556  0.766  1.182  0.0209  
trainID = 1753  0.9538  4.4269  0.1672  1.6457  3.4602  1.192  2.1535  6.7912  0.583  2.5195  0.0199  0.457  3.0787  1.6655  2.4174  3.6947  4.6957  1.6749  9.3724  8.1142  10.2473  2.624  1.8884  4.3405  5.0248  3.0279  3.4902  4.5343  3.3752  3.7083  1.7586  0.7964  1.2676  3.0634  1.0333  2.1074  4.0063  3.31  1.0229  1.31  1.554  0.7518  
trainID = 1754  1.9399  0.7925  1.1215  1.3577  4.9068  0.17  1.0042  4.416  0.8606  2.3213  3.0508  1.4765  2.1407  2.3898  0.9888  2.2163  2.3332  0.0533  6.0472  5.1983  5.1575  0.34  1.376  1.9807  1.7599  2.2567  2.2131  4.2235  3.6541  2.6101  0.8949  1.3363  1.7325  2.5164  0.8542  1.6696  1.1252  0.5425  3.1997  2.81  4.59  1.4618  
trainID = 1790  4.776  3.5609  0.9665  1.9077  3.3679  1.4079  1.1009  2.8208  2.782  4.2689  3.757  1.4288  0.5158  3.317  0.6563  2.8535  1.046  0.8142  8.0393  6.5261  8.6769  6.4063  7.8545  6.407  1.076  2.4245  0.5738  2.7461  2.759  5.9763  6.7901  0.5059  5.7536  3.4796  2.4375  2.5787  3.5456  2.88  3.0228  1.964  2.519  1.8918  
trainID = 1795  4.6032  4.4958  3.5295  2.4017  4.273  0.645  33.917  1.6128  8.2479  3.1247  9.3056  4.4582  2.9317  1.4109  3.3006  3.5413  2.8998  1.242  0.8521  7.86  9.2574  9.1976  14.6414  3.1392  22.2571  2.2114  3.5532  3.4092  3.0205  1.548  7.9535  3.9707  2.276  9.3979  0.415  0.0039  1.3754  3.8357  1.408  1.2008  
trainID = 1829  1.0955  2.1823  2.9495  4.6999  2.1953  2.1082  5.2932  4.4845  0.4532  0.3858  0.4108  0.1605  0.9176  0.4685  3.7261  0.173  0.0127  0.7778  2.9316  1.0949  3.9351  7.48  3.9338  1.0132  0.5746  1.2248  3.5247  3.1327  1.9532  3.3673  0.4408  2.7006  1.4672  1.1457  0.8165  0.741  1.108  2.563  0.1494  0.4576  
trainID = 1846  2.3824  0.3734  0.4285  1.0725  2.6803  0.558  1.352  1.2873  1.36  3.7402  1.1424  3.0183  0.2657  2.8907  0.1163  1.0755  0.0152  0.332  1.2557  2.154  3.2023  3.8171  3.3296  9.5262  1.6846  2.8584  1.5491  0.6979  1.4721  3.4339  3.8884  3.4574  0.5085  0.877  1.3613  0.7848  1.8654  0.96  0.8494  0.5297  1.67  0.477  0.9758  
trainID = 1872  4.4522  3.1442  0.6635  1.3517  0.9605  0.623  1.7078  0.6989  0.9653  0.0111  0.5011  3.1043  1.7603  0.6613  0.1639  1.3723  1.1302  0.554  2.0417  3.9995  4.1407  3.595  1.5499  4.4946  2.674  0.0255  0.621  2.6534  0.059  0.9514  2.4423  0.9079  3.9862  1.8025  1.2608  1.7214  0.8869  1.945  0.2914  1.553  1.941  0.7745  
trainID = 1875  2.1344  0.447  0.8809  2.2337  0.3987  1.539  3.7907  0.4949  0.7205  0.1729  3.0475  3.048  1.7437  2.4672  2.2259  0.4855  2.7798  1.0433  0.2709  1.0391  3.2066  1.3407  6.2034  0.415  4.5678  3.7757  2.3917  4.6859  2.2242  3.0259  1.717  0.4267  1.8017  2.2764  3.0262  0.9003  2.8825  2.318  0.8431  35.9657  
trainID = 1880  0.8701  1.8334  3.1085  2.4467  2.1419  1.618  0.2864  1.0203  1.1737  3.6112  2.569  2.4441  1.8336  1.5648  0.5165  0.5449  2.1058  0.3648  2.6348  2.6128  3.256  1.5287  8.4276  6.7794  0.5347  1.3685  2.1605  1.0169  3.4075  5.3469  2.5357  1.8456  1.2039  0.5503  1.3987  1.6672  0.4102  0.459  0.6422  3.4198  0.5323  0.4188  
trainID = 1903  3.9059  2.3732  1.3745  1.3297  5.2147  0.044  0.573  0.54  5.1132  3.5532  2.5878  4.1201  0.287  1.9291  1.7962  2.0051  1.6168  0.698  1.0103  6.2428  9.9638  7.8861  8.3167  14.8948  3.1377  1.9443  1.7674  1.4544  1.3304  2.1566  6.6257  7.7291  0.0155  5.8953  1.6053  3.0868  0.6472  4.3016  0.303  0.3257  1.34  0.9493  0.1895  
trainID = 1905  1.7145  1.2651  0.0964  2.8897  2.667  1.19  0.9803  7.0574  2.0689  2.6752  0.4397  0.8884  2.3127  4.4756  0.3444  0.1386  3.8418  3.3133  7.2958  12.9732  20.9754  4.7276  3.6797  5.1731  8.4898  3.4916  2.8261  7.3474  3.3285  5.5697  0.0549  1.2924  2.3007  0.9466  1.5845  3.8397  2.0366  0.326  1.6921  34.8737  
trainID = 1929  1.0777  1.0242  1.6515  0.0027  2.7808  1.9109  3.0642  2.4556  1.1009  2.1129  3.7113  4.5941  0.8747  2.2718  1.6223  2.8505  4.1997  0.8892  1.4091  0.0994  4.6199  2.1158  7.2353  0.1953  1.33  4.0374  0.9591  7.1141  2.1127  2.8239  1.463  1.0213  2.945  0.1773  0.9526  1.197  4.5527  1.835  0.4482  34.6187  
trainID = 1943  4.2116  0.7793  1.2845  5.3817  2.8552  0.188  1.286  0.2576  0.4342  0.4483  0.8677  1.4713  1.4862  2.4557  0.2169  0.7702  2.2033  2.4168  0.0679  0.2685  1.9523  1.9213  3.2058  3.1315  1.8199  1.5664  0.226  1.7429  1.4217  4.9868  1.7082  0.9403  0.5019  0.8587  1.2051  1.9412  1.4106  0.3004  0.6959  1.1848  2.567  0.74  0.4681  
trainID = 1963  1.3672  0.0292  3.2295  35.5619  0.2447  4.4055  1.0953  3.0315  1.3642  0.5043  0.6904  2.8157  1.0705  2.6098  3.6101  0.577  2.1526  2.8109  0.6185  0.683  1.818  4.3893  4.0908  0.1347  1.3169  1.4204  4.508  0.6363  4.7015  1.8433  2.602  1.1006  0.6837  1.1298  1.2386  0.8999  2.0866  2.9806  2.068  0.7273  
trainID = 1976  3.2473  2.5234  1.0085  1.4077  4.852  0.867  0.056  0.4186  2.2759  4.4892  0.4788  2.6074  0.018  1.0437  2.1051  0.314  0.1999  2.9948  2.8418  4.3469  4.049  4.0769  6.3469  8.8655  1.6777  4.1958  1.2205  1.0518  1.4055  2.0818  3.9499  3.1245  2.6019  0.0397  1.9592  2.7001  0.2453  2.5825  0.427  1.216  1.443  0.5425  0.4724  
trainID = 2007  3.4697  3.103  1.03  0.408  1.3876  2.63  5.3292  0.157  4.2939  0.9864  1.4039  0.9668  0.85  0.1833  0.422  2.1788  3.8458  6.1117  7.9733  4.472  12.9966  6.1114  2.8716  5.7454  0.056  2.923  1.6514  6.8241  8.5101  2.9007  3.0189  4.289  2.1792  3.7327  4.355  1.0214  1.6622  1.879  0.57  3.0877  
trainID = 2015  0.0314  1.2026  2.8955  2.9517  2.1202  0.142  2.9883  3.4174  4.3532  2.6906  1.3824  1.724  1.5826  0.1254  2.4154  0.4852  4.3237  1.2242  4.1416  1.6307  0.5125  1.6647  1.1101  5.0955  4.1808  2.1967  2.77  0.9347  5.4048  0.7167  3.8549  0.4614  1.8323  0.0252  0.9536  3.6531  2.1269  3.0061  2.8712  1.135  1.966  1.7801  
trainID = 2030  0.7523  1.9091  1.3655  38.2079  1.8393  3.7308  2.0959  1.6901  3.4407  1.265  3.0647  2.0423  1.883  2.6272  4.1322  2.4602  1.2457  0.0262  0.0726  1.2453  1.024  6.7898  3.0387  0.7405  2.1977  0.8216  4.8248  0.2  2.1922  3.0706  0.77  0.2011  2.5357  0.9371  1.8312  0.681  2.3096  2.561  0.998  1.7519  
trainID = 2042  7.5003  3.3302  1.1485  1.9017  1.66  0.974  1.512  1.6778  5.1086  2.585  7.414  3.9199  1.953  2.3392  3.8039  0.8839  2.4382  2.256  2.9408  5.7664  6.1977  7.6236  12.9279  8.7187  13.3848  0.2083  2.7115  0.122  1.3738  1.23  6.3365  8.053  1.9592  6.5817  2.9927  3.2966  3.117  2.3354  0.149  4.5344  2.809  0.386  0.9829  
trainID = 2048  2.7823  2.9752  1.5205  1.1277  2.5206  2.281  0.5499  1.9511  0.5705  3.5039  0.1014  1.0024  3.1157  1.224  2.1814  0.7419  4.4187  0.469  0.7849  0.7729  2.4944  2.0922  4.8443  6.3794  6.2128  1.4099  4.0495  0.1782  4.3729  0.8145  2.3629  1.9089  0.8971  0.6509  0.5722  0.4246  0.2842  0.141  1.9876  1.56  0.4833  0.6653  
trainID = 2062  9.0058  5.9698  1.2535  2.2494  3.2451  0.458  36.0959  2.7679  9.4699  3.5412  8.1598  6.7307  2.7164  5.14  6.4442  3.6999  2.5911  0.338  3.4658  6.3959  9.424  10.7295  12.648  1.9345  22.012  1.9935  0.6069  4.8751  1.9574  1.6  6.3451  9.5165  0.0027  10.17  0.2528  0.4636  1.8089  0.021  0.455  4.1882  
trainID = 2110  2.7979  3.441  0.6685  0.4132  4.337  1.4788  1.472  1.2654  3.2917  2.857  1.0861  3.4408  0.4327  0.2048  1.928  1.5573  1.6751  1.5396  4.4728  4.7313  4.0535  7.6939  8.2645  11.7048  0.2251  2.786  2.4755  1.1859  0.0229  1.3017  6.2552  7.7758  1.662  4.5064  3.4296  2.2791  2.0762  4.189  2.298  0.0262  4.438  1.534  0.1711  
trainID = 2160  1.9486  0.5237  2.6445  2.6107  3.2475  0.841  1.9343  5.9  0.0212  0.6699  1.9624  0.7105  1.5607  3.0241  1.7464  1.8153  4.1659  3.9877  11.2452  10.3137  10.8619  3.3033  0.2581  5.3891  3.8678  2.7697  0.8315  2.3405  4.7552  5.5814  0.1893  1.9936  1.6608  0.4007  2.4402  3.6623  3.6369  0.13  1.7368  0.205  1.823  0.4412  
trainID = 2179  1.4856  3.1552  3.1335  1.1897  1.013  0.306  1.44  1.1553  0.1074  1.9626  1.3486  3.4496  0.1958  1.5502  0.2087  0.4073  0.5319  2.3217  0.776  0.7199  2.6344  6.6873  2.1537  9.2946  0.8553  2.7827  3.0903  0.7588  0.2322  2.9897  4.295  4.991  1.5469  1.1242  2.8059  1.4308  1.7713  2.8704  1.372  3.8393  4.522  0.4841  1.7543  
trainID = 2189  2.0494  0.8554  4.3495  2.4227  1.499  0.414  2.381  0.4871  0.151  0.3912  1.5504  1.4655  0.6828  1.9157  0.288  1.7681  4.5101  1.127  1.3348  1.1817  0.8766  1.839  2.6579  4.9184  0.9554  2.4618  0.7413  0.5476  0.3439  3.2122  3.9635  0.9292  2.2422  2.6437  1.4888  1.8315  0.8951  1.0962  0.866  2.07  2.256  1.635  0.3458  
trainID = 2204  0.2272  0.0283  2.5505  36.9429  3.9118  3.524  3.3242  2.9377  0.7079  0.7485  0.4564  1.9947  1.4111  1.265  2.3536  0.6368  0.6694  0.8671  0.2361  2.8505  5.2255  5.8452  5.1418  1.797  3.5969  0.1299  5.4843  2.4597  2.7887  1.8498  0.4692  0.8863  2.5802  0.3791  0.76  0.5838  2.5235  4.4335  1.5649  0.7992  
trainID = 2205  4.4231  4.3274  2.3665  0.9467  3.9063  1.3564  0.203  1.6201  6.0737  1.7588  7.0632  3.9824  1.2018  0.7409  3.1847  1.0644  1.4453  0.235  0.8024  5.4213  6.6391  5.1607  11.3896  9.0663  10.869  1.2854  2.0685  3.1311  3.2374  0.197  7.8243  8.0021  0.902  7.9896  0.7244  1.1424  2.5851  3.494  0.811  2.4891  2.593  1.6652  3.9156  
trainID = 2245  1.2962  1.6231  2.0445  0.5488  1.3579  0.995  2.146  2.7765  3.9503  2.4265  1.0829  0.6061  1.0101  1.3037  2.5738  1.9174  2.0273  3.545  0.4999  2.7594  1.7672  0.1629  0.4736  1.4422  2.71  3.9218  1.516  2.9808  3.7857  3.3615  2.1977  1.7979  2.048  3.9378  0.515  0.1922  0.7044  0.1234  0.871  1.376  0.771  1.652  3.1909  
trainID = 2249  0.8735  3.8426  0.7105  1.9787  0.8657  0.289  0.7316  4.5063  0.4982  0.3731  0.938  1.3859  2.4637  2.3368  1.2026  2.3387  3.825  1.7182  3.2963  5.2605  6.4907  2.8287  3.6398  0.9442  4.8838  3.1002  0.8685  3.5374  3.423  1.8058  1.0077  0.769  2.3737  1.3492  3.3592  1.514  5.0693  3.143  0.5985  35.7357  
trainID = 2252  0.6332  3.0787  0.514  1.416  2.1928  6.8018  2.5742  3.107  7.6744  1.786  1.9599  3.3102  2.2524  1.9092  0.558  1.7598  6.3014  8.862  9.3529  13.6759  19.6077  1.3775  0.3118  4.1893  0.4651  3.0301  2.1597  9.4222  11.5552  0.1392  7.5625  1.3255  3.341  5.2887  3.1485  1.1153  4.7451  2.099  0.414  0.2452  
trainID = 2272  0.7641  0.843  3.8455  1.4917  2.8279  1.181  0.0554  6.0632  0.6097  1.3451  0.1803  1.1272  0.1647  2.6827  3.0084  2.6523  3.3021  2.1184  5.6486  6.2173  2.241  0.7416  2.2337  4.0412  3.7178  4.5889  0.7707  2.5188  4.2134  2.9501  1.7306  0.0863  1.9801  0.8927  1.0092  1.9362  1.7047  0.452  0.5662  2.336  0.682  2.1093  
trainID = 2292  4.5637  2.7607  3.0886  1.963  0.9921  2.0806  3.7772  3.9269  3.7629  0.238  0.7911  1.0575  0.0896  0.3854  0.514  0.3354  8.5331  6.2098  7.3153  5.5152  14.8234  4.3876  0.4548  1.9746  0.4221  0.1964  3.7698  8.3802  9.715  0.7471  3.6823  4.2758  3.2699  2.6893  5.6322  0.201  3.4177  3.1823  0.2295  0.9831  
trainID = 2304  1.3618  0.3215  2.1995  38.4009  1.5061  4.3697  1.5342  2.7021  0.2309  0.5433  2.4317  1.3091  2.3544  1.5925  2.7252  1.5698  0.9194  3.0042  1.9488  0.2105  4.3786  7.6459  6.5098  1.5432  2.462  2.5096  3.168  1.1007  2.1578  4.3748  2.2032  0.651  0.2193  1.4136  0.2659  1.9444  0.1501  3.5427  0.438  0.4683  
trainID = 2306  0.5927  1.23  2.5142  0.0586  1.475  2.4106  4.6675  0.2468  1.5514  0.7504  3.3234  3.9834  2.0154  1.0781  0.8534  1.376  0.34  1.3638  0.4621  0.4042  0.8692  2.4051  6.3146  2.3443  3.5058  2.1432  1.5866  3.8795  3.1164  2.4989  2.8994  2.0387  4.9229  2.4184  1.5416  0.9381  4.2866  0.082  0.6557  34.5587  
trainID = 2364  0.7706  0.6458  1.9195  39.1669  3.3657  2.6701  0.7115  1.6449  0.1201  1.627  1.2153  3.9855  2.5114  2.9773  4.9651  2.5902  0.7297  11.1155  1.1356  2.3753  4.101  7.6268  6.6678  0.8391  4.8668  1.6207  6.364  1.3981  1.8158  1.9412  1.5104  0.5292  0.6236  2.7582  0.0783  0.971  1.5706  2.726  0.185  0.5951  
trainID = 2373  3.9725  1.2819  2.6155  0.1546  1.4258  0.451  0.2185  1.3264  1.7147  1.3646  0.6231  0.8221  0.1648  1.3622  1.133  2.1765  1.9937  0.0309  2.1639  1.4842  2.8229  4.1831  4.7121  0.636  2.151  1.0133  0.131  1.8227  0.392  3.7766  0.7977  0.9699  2.3257  1.5298  1.2748  0.2847  0.4003  1.611  1.9235  1.856  1.694  0.3746  
trainID = 2375  5.2151  5.336  1.6845  3.5957  3.6423  2.7654  0.185  2.3979  6.3803  1.941  7.1244  4.103  2.5294  1.3605  3.0402  0.3905  1.3259  2.577  4.5168  5.896  6.6814  10.4137  15.3447  20.5508  5.1807  0.3044  3.827  3.8192  2.2954  0.075  7.477  9.0903  1.6757  7.9403  2.8954  3.7119  4.7092  5.2555  1.928  2.6723  0.852  1.691  0.666  
trainID = 2379  0.72  0.0376  4.1015  1.7487  1.695  0.394  1.5549  0.1588  0.8033  1.2968  1.4775  0.576  1.3253  0.3321  0.1828  0.9902  2.3551  1.255  1.4815  0.8326  1.5251  2.3514  3.6068  1.03  3.021  0.072  1.5752  3.0296  3.5387  2.7156  0.3728  2.8082  4.7061  0.1818  1.0463  0.4536  3.2304  0.5386  1.6357  1.466  1.551  1.5006  
trainID = 2383  0.5423  1.1373  1.0907  0.2767  2.27  0.137  1.3528  3.168  1.1769  2.1835  1.989  1.1305  2.6497  0.5731  0.9799  3.7398  2.6398  2.6961  3.8675  1.35  0.6828  1.1811  0.2605  2.458  2.8766  3.4726  0.3766  2.5649  3.2835  1.0824  2.3067  1.9887  3.0526  0.2457  1.0657  0.0616  0.2744  0.6977  2.0522  2.765  3.896  1.9806  
trainID = 2386  2.8116  2.526  3.1625  3.8247  2.7326  0.582  1.4221  0.3639  4.5352  3.3518  2.0955  2.0898  0.7936  1.5703  3.9134  0.0873  2.0629  2.5268  2.2022  3.9579  5.7983  1.9291  6.7061  7.2185  2.5066  1.373  2.2356  1.1229  3.033  3.9709  3.6058  3.7954  2.9922  0.2323  1.7619  0.1081  1.1574  1.189  1.0004  2.352  1.057  0.7788  
trainID = 2394  4.3902  1.1771  1.2242  1.8197  0.4187  2.5119  0.575  1.6098  3.9066  1.1805  3.1402  2.3129  1.6273  1.1964  0.3141  2.5435  0.2356  2.3808  0.1862  1.6819  3.3551  4.9094  4.3724  6.285  5.3618  2.5334  0.8832  2.9014  1.8733  0.6815  0.099  0.5488  2.0627  6.472  0.1914  0.4191  0.8013  1.1781  3.874  2.8446  1.476  1.987  1.283  
trainID = 2418  4.9462  3.7105  3.5465  1.9857  2.4676  1.7864  1.743  0.6143  5.0692  2.0595  6.2396  6.8959  1.3169  1.3361  2.5145  1.2281  0.0715  1.1921  3.2088  4.7709  8.4931  10.3445  9.2503  18.871  2.1713  1.0118  2.4648  1.9958  2.9323  0.301  6.8542  8.0423  0.2168  6.0315  2.4656  1.3553  4.3862  3.732  2.019  3.7931  3.24  0.3801  1.2805  
trainID = 2424  2.9828  2.0504  0.5072  37.3389  3.5257  10.6428  1.36  1.9938  2.1566  0.0171  3.9377  3.8906  3.3004  2.4531  4.1361  4.0107  3.087  17.2219  5.6259  1.7762  0.2268  7.077  5.6388  2.2147  0.897  1.1503  5.3417  4.6557  1.3956  2.2213  0.345  2.3524  2.0362  2.7593  2.0419  1.639  1.8821  2.545  0.485  0.385  
trainID = 2428  1.6239  1.0294  2.9665  35.7209  5.9706  7.149  0.1285  3.4166  3.3788  0.6404  2.7687  3.1522  2.4294  3.0638  2.376  1.3126  0.2761  9.033  3.2323  4.6936  2.0909  9.3642  5.8308  0.0712  4.5654  2.3245  6.0294  0.7823  3.8367  2.0188  2.6277  0.6328  2.5858  1.8338  1.9399  1.1099  2.8443  1.688  2.688  0.0811  
trainID = 2456  7.0163  1.1345  0.5745  1.9097  2.9557  0.764  1.022  0.8794  4.9378  1.1446  1.5091  0.6807  3.3699  2.8404  0.9115  1.4307  1.148  3.9651  1.1812  2.861  5.742  3.8957  1.6142  0.2098  6.2464  2.7962  0.2305  1.4517  1.6335  1.9638  1.0769  0.229  1.9193  5.7741  0.6372  1.5449  0.0868  0.9009  0.961  1.4647  0.811  2.849  0.6774  
trainID = 2458  5.2261  1.6638  0.7035  1.1937  1.994  0.015  1.455  1.4513  1.0419  2.388  1.5654  0.2768  0.3184  0.7261  0.7938  1.0751  0.0606  0.849  1.9748  4.0946  2.887  6.4131  4.0675  4.1423  4.3221  4.7018  0.0172  0.6854  0.0919  3.934  4.4389  0.6693  0.1292  2.5844  0.8374  2.0003  0.0841  0.2469  0.616  1.2748  3.3515  1.387  0.4805  
trainID = 2460  1.8761  1.5411  1.7835  2.6727  4.6917  0.712  1.4661  4.9785  2.1102  2.8842  1.0272  0.1411  1.6281  2.1794  1.9824  0.1308  4.8218  1.9941  6.0822  5.6206  3.4775  3.7842  0.9302  5.0711  4.1098  0.8002  0.8448  0.4648  5.7049  0.6965  0.9137  0.8322  1.1724  0.1994  0.6594  3.6707  2.7001  1.9584  2.2989  1.41  0.195  0.5499  
trainID = 2466  2.9376  1.3405  1.7355  0.3711  2.7937  0.791  5.0186  0.3696  1.3394  0.171  4.484  5.0369  2.176  0.2128  0.6288  1.7792  2.2564  0.2336  0.4698  0.3477  0.835  2.9654  5.3608  0.0312  4.0898  5.248  0.6071  5.5335  3.5059  1.9531  0.4249  1.817  3.7452  3.4124  1.8031  3.0752  3.0609  1.75  1.995  37.0297  
trainID = 2479  5.0327  2.4779  2.2395  3.6467  2.9582  1.125  0.6855  3.5431  1.4092  4.1379  1.2679  1.2695  1.297  1.0227  0.6979  1.2971  1.1226  2.7678  4.6613  2.7639  6.8238  8.6169  9.2892  3.6245  0.5046  0.6122  0.7559  1.7227  0.8259  4.7576  8.3426  1.2607  4.7525  1.0175  0.0981  1.5769  0.5393  1.354  2.0777  3.9216  1.044  1.1033  
trainID = 2515  5.6245  2.0649  1.1265  2.5337  2.5211  1.97  0.675  0.5415  3.6745  1.2867  5.0579  3.5102  0.7576  1.8171  1.7105  1.1569  2.7669  3.054  2.3538  5.0921  5.1748  7.0725  4.9623  7.7659  7.0761  3.5218  0.2979  2.1245  2.4688  0.6426  3.2454  4.1952  0.5872  5.3149  0.3271  0.6272  3.3696  0.4866  0.822  3.6207  2.386  4.602  0.791  
trainID = 2525  6.9318  4.2912  1.3675  1.6347  2.8574  2.2862  1.21  1.6761  5.6786  0.1586  5.6253  5.5983  0.2604  1.601  3.4758  1.6567  2.2117  0.419  2.1238  5.2632  6.4885  8.3307  8.3827  1.4683  15.9397  0.9192  0.4817  3.9428  4.6227  2.3595  7.5749  7.7101  3.9548  8.6594  2.7508  1.5826  1.5856  2.226  0.933  0.5881  
trainID = 2530  3.5724  0.4525  1.3822  1.7817  0.7733  1.9345  0.377  4.1323  5.4211  0.4387  4.1004  1.8119  2.6276  0.1864  0.8195  0.3903  2.0272  0.7544  2.9078  3.3554  5.8324  6.3228  4.0771  3.0411  8.4594  1.9841  1.3661  2.326  5.7243  2.1871  3.7663  0.8044  2.8091  3.7889  1.0361  0.4582  2.7183  0.7315  2.706  3.3836  1.779  1.675  1.1195  
trainID = 2532  2.7378  0.1535  0.9855  36.9319  2.8521  4.5581  0.9394  3.607  0.9438  0.5157  1.7877  2.5698  1.7579  3.0289  5.4899  2.9312  2.1818  18.7786  8.005  3.3052  0.8529  5.7206  4.3398  2.1486  3.5678  1.1585  6.1408  3.5276  0.6174  1.4331  0.3417  1.4905  1.1069  3.4249  3.8135  0.258  1.5974  1.951  0.012  0.5845  
trainID = 2544  5.6653  1.007  3.2755  0.5749  1.6892  0.068  3.9408  3.3597  3.6872  4.0124  1.933  0.8672  2.6022  0.6902  1.9817  1.2049  1.437  1.9718  3.4842  6.4978  6.7514  4.1365  5.3513  9.0062  0.13  1.0392  3.5148  3.122  0.871  3.4363  4.7771  1.9584  4.7779  1.7928  2.1861  2.922  2.8092  0.123  0.4348  0.78  0.992  0.7661  
trainID = 2568  1.6743  0.2268  2.3215  38.4629  2.7766  5.6032  1.6163  2.8632  4.2547  3.2569  3.8477  4.1296  2.4164  2.04  4.8165  2.5154  1.9011  10.728  1.1336  1.4301  0.9624  7.6492  3.7788  0.6586  5.0477  1.5831  4.7161  3.0346  2.8445  2.0589  1.6172  1.0522  1.7124  0.561  0.1488  4.2234  3.8707  1.581  1.264  1.8612  
trainID = 2579  2.1239  0.7808  1.7255  36.1279  1.7978  7.2166  2.8453  0.7118  1.2424  1.1266  3.0637  2.979  1.8254  3.8722  1.9039  3.5347  4.092  10.9056  5.1294  2.582  1.1688  4.7954  5.0588  0.2107  0.337  2.0822  6.048  3.7527  0.3163  0.2381  0.5075  0.3587  0.4852  1.4396  2.9273  0.602  3.0562  0.077  1.694  0.3185  
trainID = 2585  4.9187  2.9751  3.7535  1.2867  3.6585  0.724  1.6391  4.6744  4.5562  5.4399  6.5081  0.3807  0.2225  2.513  3.5544  2.9373  0.523  0.8231  7.0823  7.3473  7.3726  12.3893  16.8336  9.5263  0.0904  5.7858  3.3795  2.1429  1.962  8.457  9.1759  0.0707  7.4928  2.8288  2.4063  3.5082  3.3795  0.997  5.1631  1.935  0.603  5.3354  
trainID = 2593  4.063  1.766  0.7605  0.7677  3.4454  2.0214  5.8961  1.0004  0.6093  3.0099  0.1195  0.6946  2.3799  1.6108  1.2049  0.9657  3.4399  0.9702  2.1518  2.3385  4.6353  0.4661  2.8995  5.3436  2.7678  1.5383  0.9456  0.4976  1.873  2.1616  3.6091  2.1735  4.0192  1.5437  1.59  1.0346  1.2992  0.468  0.1663  0.688  2.011  1.2715  
trainID = 2613  4.914  4.7795  3.4465  0.3948  3.9347  1.511  0.638  1.9841  5.0585  1.2943  3.8345  3.3493  2.5108  2.9595  1.2283  1.6875  0.2157  0.4  3.7268  4.8611  6.5515  7.3961  12.3314  11.3455  10.0601  0.3004  1.7167  3.0465  1.5716  1.1335  5.4751  8.572  0.4856  6.2181  1.7178  0.7582  3.5336  2.8444  0.484  2.9616  1.928  2.525  1.5454  
trainID = 2616  2.7548  0.0212  3.2335  38.3389  1.5797  7.0853  0.169  4.222  3.4347  1.6419  1.1322  3.9502  1.5692  1.3322  4.6146  4.4607  5.6048  13.5388  0.2275  3.3471  2.7655  8.9073  6.6368  0.3605  5.4238  0.0674  8.0843  3.5114  1.2104  1.2403  0.4797  2.0264  1.1816  3.0559  2.6406  1.2306  1.1969  3.6107  1.0837  0.9389  
trainID = 2618  1.0807  0.7334  3.2025  37.4019  2.158  2.3157  5.8992  1.2395  2.8756  0.8517  0.5627  1.1296  2.8872  0.615  4.8424  4.2628  0.1509  2.1738  1.4272  1.1497  0.937  0.3376  6.933  5.4938  0.0596  1.5136  2.28  3.985  2.8163  2.3556  1.5874  0.857  1.2725  0.4523  3.3725  1.6482  1.0734  0.7887  2.028  1.191  0.8511  
trainID = 2674  1.5966  1.7038  1.8615  4.8197  2.9652  0.083  0.323  6.8941  0.3492  3.1061  0.9935  1.7477  2.5217  2.9959  0.8115  1.9195  2.0056  3.057  8.1428  4.9806  5.8768  3.6663  0.27  4.0154  5.8038  0.5522  1.4235  1.5811  7.118  2.7132  0.3816  0.7613  0.0064  0.8852  2.8502  3.2473  1.1409  0.597  1.4896  0.638  1.15  0.4205  
trainID = 2678  4.0268  0.8013  1.6915  4.3557  4.3371  0.399  1.7453  5.8229  0.2925  0.0261  0.8648  0.3892  1.5076  1.8039  0.6986  5.3991  4.6591  2.5387  8.0087  12.3843  11.597  1.5566  2.6815  7.323  6.7198  1.305  5.1335  2.005  3.1688  3.3609  2.1957  0.0917  1.9329  1.0643  1.7701  0.1975  4.2548  0.475  2.087  1.262  2.914  0.5959  
trainID = 2692  3.4473  1.9061  1.4775  2.0237  1.6125  0.093  1.876  3.5013  1.9819  0.7131  2.4343  2.9765  1.6573  0.5011  0.2961  1.0155  1.8865  1.8148  1.0646  3.1865  4.7916  1.6358  2.2062  5.0881  1.5499  0.533  1.3966  4.4575  2.7007  2.3555  1.7977  1.6101  4.0198  2.4714  0.0417  0.3716  0.2901  0.46  1.4301  3.9437  1.273  2.627  
trainID = 2695  2.1253  0.1337  2.4935  1.0127  2.0522  1.301  4.3267  0.8269  1.4943  1.289  0.1897  0.9525  1.741  0.0924  2.1094  1.5341  1.045  0.2416  0.8373  2.2144  6.4383  3.1878  3.5019  3.1111  1.8411  0.5243  1.5882  3.2936  2.0174  2.8024  0.787  0.7411  4.2948  0.5785  2.3842  0.5029  2.6387  0.793  1.9116  0.822  2.918  2.1617  
trainID = 2728  2.0697  3.3279  0.039  1.656  0.8312  2.6757  4.3052  1.2271  5.4728  1.0348  0.5312  1.5208  0.3399  2.418  0.603  0.875  4.0364  4.4792  6.6276  6.6157  11.5107  4.0386  0.905  3.1107  0.8702  2.0006  1.227  7.6444  8.2972  0.5279  5.9848  0.9664  2.3212  2.0139  1.9309  1.564  2.8658  4.0963  0.8533  0.3412  
trainID = 2748  3.8504  1.8953  0.2515  2.8829  3.1914  2.7238  2.5942  0.5276  1.2357  1.4964  2.3987  2.3908  0.2853  0.6172  0.4  1.9147  1.7404  1.9638  0.4314  2.8158  3.1008  1.6441  4.3063  5.6232  3.0451  2.5594  4.5135  5.1515  3.9483  1.1903  1.4176  1.2938  3.7914  0.8728  0.221  0.3298  1.1255  0.311  2.049  2.178  3.48  0.5184  
trainID = 2755  2.0316  3.6781  0.3485  0.6805  1.5007  1.367  0.6866  2.0496  0.4654  0.5691  0.1509  0.6275  1.4853  0.2513  1.1413  0.3035  0.737  0.8128  1.5913  2.9218  1.6969  0.4627  3.8882  0.8822  1.6036  2.8841  0.563  2.6246  2.255  1.0805  2.999  1.9174  2.2781  0.4522  2.0922  1.3462  0.876  2.06  0.086  0.531  0.843  0.2347  
trainID = 2770  4.6628  1.1116  1.8045  4.1897  2.9482  0.78  0.375  1.0864  0.877  1.1907  1.274  2.5393  0.5219  1.3893  1.9756  1.2372  0.469  0.643  0.1927  2.5309  3.3189  4.8178  4.3148  7.2307  1.6523  1.6006  2.1713  1.2627  1.633  2.294  3.6442  0.5925  0.5585  2.2749  2.5922  0.8395  0.6258  0.3219  0.524  0.7998  2.541  0.417  0.1669  
trainID = 2781  1.0449  1.5096  0.7975  2.0657  0.4724  0.427  1.5042  6.1757  2.2894  0.033  0.991  0.664  1.8957  2.2586  0.8325  2.2947  5.1277  1.2109  10.2915  8.0587  8.8512  1.7638  1.976  2.9362  4.4978  5.3215  4.0883  3.7295  3.3536  2.2407  0.2748  0.0815  0.053  1.8284  1.3912  2.9143  2.2652  2.093  3.6492  1.347  2.585  1.4776  
trainID = 2789  1.6767  1.0922  0.744  0.214  0.1985  1.9494  4.2332  7.1737  8.5207  0.3541  1.1549  2.2898  0.8961  1.7292  0.753  1.4218  7.5617  9.815  7.7451  10.3388  21.5022  3.4017  1.1686  3.7437  0.0968  0.8548  0.7181  9.7602  15.1901  0.0544  7.774  5.5531  2.9223  6.3654  4.7995  0.101  6.2447  3.7504  0.1355  0.6811  
trainID = 2799  4.6628  0.9242  2.3945  38.0429  5.5338  4.5517  0.7583  3.5988  1.9459  1.2819  3.0447  3.3767  0.0463  0.6881  4.9292  1.2713  7.5956  17.673  2.2023  2.766  4.9678  10.138  4.3148  1.0846  1.5557  1.2311  5.1503  4.1878  2.7466  4.2513  1.3076  3.3704  2.6387  3.4062  4.2378  0.7232  3.2854  0.437  0.364  0.8531  
trainID = 2802  7.0214  5.178  1.4482  1.0757  3.2846  0.975  34.0531  0.2025  7.8929  4.2842  9.6558  5.1356  2.6461  4.265  3.7038  2.3696  1.9891  2.56  2.1858  9.392  10.2526  11.0111  11.4135  1.0598  17.0504  1.2388  2.5135  6.028  5.7037  2.066  4.7793  4.412  1.6042  10.7507  0.1087  0.7897  2.9641  0.342  0.288  2.5854  
trainID = 2809  0.2958  4.2469  1.6717  0.4248  0.4538  0.789  4.4487  3.0032  1.998  1.3571  2.6791  2.6381  2.4587  4.1144  1.8919  4.1413  3.6543  3.1631  7.7608  1.4506  13.1217  2.553  7.8513  0.8222  2.5852  6.0444  0.7773  7.0397  2.7965  5.4525  3.0383  0.9611  4.6941  0.1753  1.6412  2.7005  5.7193  2.38  1.1447  36.9977  
trainID = 2815  4.7629  1.5754  1.5975  1.5087  0.1847  1.07  0.276  2.3368  0.5252  0.7411  1.7508  0.6821  0.2612  0.7201  0.5634  1.7854  1.677  0.8243  0.5282  0.963  2.0371  4.1314  2.3977  1.6659  2.2884  2.3337  2.5679  0.0217  4.7023  3.1262  3.7904  1.0563  2.121  5.7142  1.0537  0.3562  1.3413  0.2239  0.71  0.9384  1.254  0.254  1.9985  
trainID = 2831  1.2521  0.6069  1.5885  2.3407  3.4821  0.227  1.3741  4.0555  0.6899  0.1711  2.678  0.3394  4.6637  0.9166  1.0442  0.8189  2.7311  3.2487  4.4448  2.594  1.7697  3.8123  0.1882  2.5436  3.7538  1.4136  0.5581  3.6179  4.089  2.8199  0.9457  2.0396  1.431  1.8444  1.5576  2.7858  3.1638  0.439  1.3942  0.875  0.065  0.0082  
trainID = 2848  0.1382  1.8467  0.7015  0.4101  3.3695  0.268  6.3083  6.8313  3.6191  0.2571  3.2082  0.9776  1.6222  4.7352  0.5298  3.3936  5.9884  0.8956  6.6262  4.3096  16.9006  4.3464  7.3505  0.2863  4.2698  3.6496  0.8938  6.264  3.3196  5.6908  1.699  2.2223  5.2823  1.9984  0.411  4.0046  7.3813  0.501  2.4109  35.6647  
trainID = 2854  0.7067  0.693  0.7305  3.8067  3.4831  1.055  0.427  0.7422  4.9851  0.136  0.0447  2.1114  0.5228  0.4244  0.4746  0.6986  1.1939  3.5261  0.1442  3.3763  3.3364  1.1149  3.0349  0.4834  0.1276  4.6188  0.0514  0.1551  1.9146  2.8786  1.6238  0.9378  0.7997  2.721  1.2854  3.3002  0.1133  1.6504  1.1603  0.2376  0.73  2.697  1.024  
trainID = 2863  2.296  2.2693  0.3145  39.0469  4.1514  6.8862  0.1047  2.6633  3.6982  1.4294  3.4697  4.1928  4.7304  2.9173  4.0073  1.4486  8.0547  17.9924  0.7502  2.7334  1.2228  8.7633  4.6548  0.1878  4.4371  3.5095  5.8577  2.9856  0.9247  2.8543  2.4555  1.0305  1.6351  3.2119  2.4111  2.394  0.8741  2.618  0.589  0.4975  
trainID = 2872  5.7165  0.3339  2.3955  2.3987  0.8463  0.984  0.291  0.3453  4.9878  0.917  4.835  0.3829  2.0423  2.3926  2.2174  2.9555  0.2974  1.6009  1.3628  4.3395  4.8774  3.4089  4.9222  3.8238  7.2705  1.4542  1.3174  2.9693  2.7718  2.4217  0.3489  2.8433  1.902  4.1161  0.7173  1.4561  2.4038  2.4152  0.071  1.759  1.3813  
trainID = 2894  0.6936  0.1614  1.2245  1.3027  3.8857  0.443  0.4673  1.1711  0.1088  0.9335  0.0714  0.1395  0.5446  0.2429  2.1734  2.2501  2.7657  0.0369  3.231  3.9081  2.016  1.3658  0.3271  1.0322  1.9279  0.6017  3.3104  1.8723  6.5338  2.8087  0.5536  0.5891  2.0001  0.5795  0.8395  2.951  0.8015  0.36  0.3459  1.334  0.79  0.713  
trainID = 2917  4.5587  2.3938  1.9715  3.0887  4.8547  0.561  1.6769  4.221  1.4222  4.2674  4.5537  2.1711  0.9577  0.0801  2.6505  2.4103  0.626  2.4868  4.4558  6.7429  6.4331  11.057  8.3765  9.4048  0.3895  1.1232  1.9545  1.744  1.4427  5.4826  6.2241  2.2692  5.7618  2.5216  3.6375  2.564  2.65  1.438  1.851  1.877  0.2313  0.7101  
trainID = 2949  4.1027  0.7015  0.1375  0.8257  1.9689  0.862  2.303  4.3552  3.5817  1.7884  6.0714  2.3891  5.041  3.1553  2.216  0.4608  1.092  0.256  2.6098  5.0155  3.7878  4.6894  4.1987  2.2158  8.4316  3.0015  0.0974  3.071  1.8976  2.216  3.1505  0.422  0.6754  7.0989  0.107  0.4373  0.6825  0.4634  0.699  2.2753  0.266  3.704  1.1551  
trainID = 2951  1.9877  2.6456  2.5645  0.5815  3.2576  0.149  1.3315  1.9153  0.057  0.2939  2.7089  1.6832  0.571  0.5446  0.5142  1.3797  1.8196  0.9474  3.3878  1.318  0.6226  0.4058  0.4211  0.3466  2.5498  4.6033  1.914  2.4345  1.9583  0.0918  0.9238  2.8235  3.9313  3.5704  0.2672  0.4806  1.588  0.777  0.9389  0.383  2.729  0.174  
trainID = 2969  8.1011  4.4785  1.2925  0.1669  3.4832  0.098  1.051  0.9992  3.3939  3.1434  8.35  3.7166  2.4076  1.3536  1.5798  1.7488  2.0155  0.069  0.389  5.1245  6.4878  6.6393  6.7926  3.141  14.0012  4.9528  2.9604  4.1228  3.1682  0.7998  6.1952  3.2226  2.1635  4.7348  0.1604  0.1646  1.9986  1.721  0.469  0.7894  
trainID = 2989  5.6897  4.2694  2.9315  1.7177  1.6933  0.301  2.2439  5.9698  3.4179  9.7535  8.1249  0.1933  3.9592  4.2124  2.3243  1.5169  1.322  3.2928  6.551  9.8569  8.0187  16.714  24.6494  11.1008  0.7665  3.818  1.7328  1.9408  0.734  6.552  8.7859  0.4277  8.7504  2.762  3.9099  4.0911  4.4301  0.864  4.63  1.985  0.398  1.3401  
TrainID = 544  dbValue = 1.25463  nTestCell = 43  nTrainCell = 43  nDiff = 0  (X,Y) = (1705, 2135)  Position Error = 11.3137
TrainID = 2755  dbValue = 1.35849  nTestCell = 43  nTrainCell = 42  nDiff = 1  (X,Y) = (1645, 2115)  Position Error = 59.0593
TrainID = 1186  dbValue = 1.37143  nTestCell = 43  nTrainCell = 43  nDiff = 0  (X,Y) = (1705, 2175)  Position Error = 32.9848
TrainID = 2894  dbValue = 1.41448  nTestCell = 43  nTrainCell = 42  nDiff = 1  (X,Y) = (1685, 2175)  Position Error = 34.176
TrainID = 1087  dbValue = 1.43321  nTestCell = 43  nTrainCell = 42  nDiff = 1  (X,Y) = (1695, 2205)  Position Error = 62.0322
TrainID = 1243  dbValue = 1.48481  nTestCell = 43  nTrainCell = 42  nDiff = 1  (X,Y) = (1705, 2155)  Position Error = 14.4222
TrainID = 680  dbValue = 1.5012  nTestCell = 43  nTrainCell = 42  nDiff = 1  (X,Y) = (1695, 2155)  Position Error = 12.1655
TrainID = 2373  dbValue = 1.50387  nTestCell = 43  nTrainCell = 42  nDiff = 1  (X,Y) = (1745, 2175)  Position Error = 57.6888
TrainID = 629  dbValue = 1.51154  nTestCell = 43  nTrainCell = 42  nDiff = 1  (X,Y) = (1655, 2155)  Position Error = 43.6807
TrainID = 2951  dbValue = 1.51411  nTestCell = 43  nTrainCell = 42  nDiff = 1  (X,Y) = (1665, 2125)  Position Error = 36.7151
TrainID = 2854  dbValue = 1.5181  nTestCell = 43  nTrainCell = 43  nDiff = 0  (X,Y) = (1655, 2175)  Position Error = 52.8015
TrainID = 807  dbValue = 1.519  nTestCell = 43  nTrainCell = 42  nDiff = 1  (X,Y) = (1795, 2185)  Position Error = 106.621
TrainID = 1943  dbValue = 1.53134  nTestCell = 43  nTrainCell = 43  nDiff = 0  (X,Y) = (1735, 2185)  Position Error = 56.6392
TrainID = 2379  dbValue = 1.55417  nTestCell = 43  nTrainCell = 42  nDiff = 1  (X,Y) = (1755, 2185)  Position Error = 71.6101
TrainID = 1645  dbValue = 1.57253  nTestCell = 43  nTrainCell = 42  nDiff = 1  (X,Y) = (1725, 2195)  Position Error = 59.0593
TrainID = 1550  dbValue = 1.62738  nTestCell = 43  nTrainCell = 42  nDiff = 1  (X,Y) = (1735, 2205)  Position Error = 72.7186
TrainID = 2815  dbValue = 1.63763  nTestCell = 43  nTrainCell = 43  nDiff = 0  (X,Y) = (1735, 2135)  Position Error = 38.833
TrainID = 641  dbValue = 1.64525  nTestCell = 43  nTrainCell = 43  nDiff = 0  (X,Y) = (1745, 2205)  Position Error = 78.4092
TrainID = 498  dbValue = 1.65308  nTestCell = 43  nTrainCell = 42  nDiff = 1  (X,Y) = (1735, 2225)  Position Error = 90.377
TrainID = 2189  dbValue = 1.66608  nTestCell = 43  nTrainCell = 43  nDiff = 0  (X,Y) = (1735, 2205)  Position Error = 72.7186
TrainID = 1872  dbValue = 1.6701  nTestCell = 43  nTrainCell = 42  nDiff = 1  (X,Y) = (1775, 2135)  Position Error = 78.4092
TrainID = 1744  dbValue = 1.67604  nTestCell = 43  nTrainCell = 42  nDiff = 1  (X,Y) = (1755, 2235)  Position Error = 108.757
TrainID = 1411  dbValue = 1.73841  nTestCell = 43  nTrainCell = 42  nDiff = 1  (X,Y) = (1665, 2115)  Position Error = 42.5206
TrainID = 2383  dbValue = 1.75182  nTestCell = 43  nTrainCell = 42  nDiff = 1  (X,Y) = (1655, 2155)  Position Error = 43.6807
TrainID = 1161  dbValue = 1.76587  nTestCell = 43  nTrainCell = 42  nDiff = 1  (X,Y) = (1665, 2205)  Position Error = 69.7711
TrainID = 776  dbValue = 1.77528  nTestCell = 43  nTrainCell = 43  nDiff = 0  (X,Y) = (1765, 2125)  Position Error = 70.342
TrainID = 1846  dbValue = 1.79712  nTestCell = 43  nTrainCell = 43  nDiff = 0  (X,Y) = (1785, 2195)  Position Error = 102.215
TrainID = 1538  dbValue = 1.8135  nTestCell = 43  nTrainCell = 42  nDiff = 1  (X,Y) = (1755, 2095)  Position Error = 75.2861
TrainID = 2245  dbValue = 1.81371  nTestCell = 43  nTrainCell = 43  nDiff = 0  (X,Y) = (1645, 2145)  Position Error = 52.0384
TrainID = 2770  dbValue = 1.81379  nTestCell = 43  nTrainCell = 43  nDiff = 0  (X,Y) = (1795, 2195)  Position Error = 110.941
TrainID = 2458  dbValue = 1.81929  nTestCell = 43  nTrainCell = 43  nDiff = 0  (X,Y) = (1765, 2165)  Position Error = 71.4703
TrainID = 2695  dbValue = 1.82982  nTestCell = 43  nTrainCell = 42  nDiff = 1  (X,Y) = (1765, 2155)  Position Error = 69.0507
TrainID = 1486  dbValue = 1.83239  nTestCell = 43  nTrainCell = 42  nDiff = 1  (X,Y) = (1725, 2085)  Position Error = 64.405
TrainID = 319  dbValue = 1.85329  nTestCell = 43  nTrainCell = 43  nDiff = 0  (X,Y) = (1775, 2165)  Position Error = 81.0432
TrainID = 1212  dbValue = 1.87773  nTestCell = 43  nTrainCell = 43  nDiff = 0  (X,Y) = (1745, 2085)  Position Error = 75.2861
TrainID = 746  dbValue = 1.87863  nTestCell = 43  nTrainCell = 42  nDiff = 1  (X,Y) = (1765, 2245)  Position Error = 122.589
TrainID = 989  dbValue = 1.88835  nTestCell = 43  nTrainCell = 42  nDiff = 1  (X,Y) = (1685, 2095)  Position Error = 49.4773
TrainID = 2048  dbValue = 1.89003  nTestCell = 43  nTrainCell = 42  nDiff = 1  (X,Y) = (1675, 2245)  Position Error = 104.346
TrainID = 1311  dbValue = 1.90255  nTestCell = 43  nTrainCell = 43  nDiff = 0  (X,Y) = (1775, 2125)  Position Error = 80.05
TrainID = 2831  dbValue = 1.91387  nTestCell = 43  nTrainCell = 42  nDiff = 1  (X,Y) = (1635, 2155)  Position Error = 63.1506
TrainID = 350  dbValue = 1.93182  nTestCell = 43  nTrainCell = 42  nDiff = 1  (X,Y) = (1685, 2095)  Position Error = 49.4773
TrainID = 1341  dbValue = 1.93756  nTestCell = 43  nTrainCell = 43  nDiff = 0  (X,Y) = (1675, 2145)  Position Error = 22.0907
TrainID = 1829  dbValue = 1.95625  nTestCell = 43  nTrainCell = 40  nDiff = 3  (X,Y) = (1705, 2265)  Position Error = 122.262
TrainID = 2593  dbValue = 1.95757  nTestCell = 43  nTrainCell = 42  nDiff = 1  (X,Y) = (1755, 2135)  Position Error = 58.5491
TrainID = 2692  dbValue = 1.96468  nTestCell = 43  nTrainCell = 42  nDiff = 1  (X,Y) = (1775, 2095)  Position Error = 91.586
TrainID = 963  dbValue = 1.96782  nTestCell = 43  nTrainCell = 42  nDiff = 1  (X,Y) = (1635, 2205)  Position Error = 87.6812
TrainID = 1880  dbValue = 2.00504  nTestCell = 43  nTrainCell = 42  nDiff = 1  (X,Y) = (1745, 2255)  Position Error = 121.852
TrainID = 367  dbValue = 2.00595  nTestCell = 43  nTrainCell = 42  nDiff = 1  (X,Y) = (1615, 2225)  Position Error = 115.966
TrainID = 979  dbValue = 2.01596  nTestCell = 43  nTrainCell = 42  nDiff = 1  (X,Y) = (1745, 2125)  Position Error = 51.264
TrainID = 2456  dbValue = 2.02214  nTestCell = 43  nTrainCell = 43  nDiff = 0  (X,Y) = (1775, 2125)  Position Error = 80.05
TrainID = 848  dbValue = 2.04157  nTestCell = 43  nTrainCell = 43  nDiff = 0  (X,Y) = (1625, 2145)  Position Error = 72.0278
TrainID = 646  dbValue = 2.08683  nTestCell = 43  nTrainCell = 42  nDiff = 1  (X,Y) = (1735, 2085)  Position Error = 69.3397
TrainID = 1328  dbValue = 2.09147  nTestCell = 43  nTrainCell = 43  nDiff = 0  (X,Y) = (1805, 2095)  Position Error = 118.186
TrainID = 2748  dbValue = 2.10186  nTestCell = 43  nTrainCell = 42  nDiff = 1  (X,Y) = (1735, 2095)  Position Error = 61.2209
TrainID = 980  dbValue = 2.10649  nTestCell = 43  nTrainCell = 42  nDiff = 1  (X,Y) = (1785, 2205)  Position Error = 107.648
TrainID = 2179  dbValue = 2.11033  nTestCell = 43  nTrainCell = 43  nDiff = 0  (X,Y) = (1795, 2235)  Position Error = 134.417
TrainID = 2394  dbValue = 2.11223  nTestCell = 43  nTrainCell = 43  nDiff = 0  (X,Y) = (1785, 2085)  Position Error = 105.394
TrainID = 1004  dbValue = 2.1123  nTestCell = 43  nTrainCell = 42  nDiff = 1  (X,Y) = (1615, 2155)  Position Error = 82.8734
TrainID = 2272  dbValue = 2.13407  nTestCell = 43  nTrainCell = 42  nDiff = 1  (X,Y) = (1615, 2215)  Position Error = 109.124
TrainID = 2015  dbValue = 2.14477  nTestCell = 43  nTrainCell = 42  nDiff = 1  (X,Y) = (1645, 2225)  Position Error = 97.0979
TrainID = 1976  dbValue = 2.19468  nTestCell = 43  nTrainCell = 43  nDiff = 0  (X,Y) = (1815, 2235)  Position Error = 149.626
TrainID = 830  dbValue = 2.20617  nTestCell = 43  nTrainCell = 42  nDiff = 1  (X,Y) = (1605, 2155)  Position Error = 92.7793
TrainID = 2460  dbValue = 2.20876  nTestCell = 43  nTrainCell = 42  nDiff = 1  (X,Y) = (1605, 2215)  Position Error = 116.825
TrainID = 1754  dbValue = 2.21643  nTestCell = 43  nTrainCell = 42  nDiff = 1  (X,Y) = (1625, 2155)  Position Error = 72.9932
TrainID = 1432  dbValue = 2.28688  nTestCell = 43  nTrainCell = 42  nDiff = 1  (X,Y) = (1755, 2255)  Position Error = 126.127
TrainID = 910  dbValue = 2.30773  nTestCell = 43  nTrainCell = 43  nDiff = 0  (X,Y) = (1815, 2125)  Position Error = 119.365
TrainID = 1092  dbValue = 2.3228  nTestCell = 43  nTrainCell = 43  nDiff = 0  (X,Y) = (1825, 2145)  Position Error = 128.016
TrainID = 1458  dbValue = 2.32685  nTestCell = 43  nTrainCell = 42  nDiff = 1  (X,Y) = (1615, 2155)  Position Error = 82.8734
TrainID = 2872  dbValue = 2.34862  nTestCell = 43  nTrainCell = 41  nDiff = 2  (X,Y) = (1815, 2085)  Position Error = 131.484
TrainID = 1488  dbValue = 2.36076  nTestCell = 43  nTrainCell = 43  nDiff = 0  (X,Y) = (1825, 2165)  Position Error = 129.877
TrainID = 2674  dbValue = 2.36825  nTestCell = 43  nTrainCell = 42  nDiff = 1  (X,Y) = (1605, 2205)  Position Error = 110.941
TrainID = 763  dbValue = 2.40678  nTestCell = 43  nTrainCell = 42  nDiff = 1  (X,Y) = (1605, 2145)  Position Error = 92.0217
TrainID = 2949  dbValue = 2.41109  nTestCell = 43  nTrainCell = 43  nDiff = 0  (X,Y) = (1815, 2095)  Position Error = 127.389
TrainID = 942  dbValue = 2.41794  nTestCell = 43  nTrainCell = 40  nDiff = 3  (X,Y) = (1595, 2215)  Position Error = 124.852
TrainID = 2386  dbValue = 2.44134  nTestCell = 43  nTrainCell = 42  nDiff = 1  (X,Y) = (1755, 2275)  Position Error = 144.18
TrainID = 1104  dbValue = 2.48045  nTestCell = 43  nTrainCell = 42  nDiff = 1  (X,Y) = (1595, 2175)  Position Error = 106.902
TrainID = 1262  dbValue = 2.48159  nTestCell = 43  nTrainCell = 41  nDiff = 2  (X,Y) = (1665, 2095)  Position Error = 57.6888
TrainID = 1208  dbValue = 2.49626  nTestCell = 43  nTrainCell = 40  nDiff = 3  (X,Y) = (1655, 2095)  Position Error = 63.7809
TrainID = 2530  dbValue = 2.49635  nTestCell = 43  nTrainCell = 43  nDiff = 0  (X,Y) = (1805, 2095)  Position Error = 118.186
TrainID = 1692  dbValue = 2.52518  nTestCell = 43  nTrainCell = 41  nDiff = 2  (X,Y) = (1665, 2105)  Position Error = 49.679
TrainID = 2781  dbValue = 2.58723  nTestCell = 43  nTrainCell = 42  nDiff = 1  (X,Y) = (1565, 2155)  Position Error = 132.544
TrainID = 2479  dbValue = 2.62012  nTestCell = 43  nTrainCell = 42  nDiff = 1  (X,Y) = (1845, 2195)  Position Error = 156.869
TrainID = 2544  dbValue = 2.65781  nTestCell = 43  nTrainCell = 42  nDiff = 1  (X,Y) = (1835, 2145)  Position Error = 138.014
TrainID = 703  dbValue = 2.69488  nTestCell = 43  nTrainCell = 43  nDiff = 0  (X,Y) = (1845, 2095)  Position Error = 155.589
TrainID = 1963  dbValue = 2.7212  nTestCell = 43  nTrainCell = 40  nDiff = 3  (X,Y) = (1655, 2245)  Position Error = 110.309
TrainID = 1179  dbValue = 2.7359  nTestCell = 43  nTrainCell = 41  nDiff = 2  (X,Y) = (1705, 2075)  Position Error = 68.469
TrainID = 743  dbValue = 2.75744  nTestCell = 43  nTrainCell = 40  nDiff = 3  (X,Y) = (1685, 2075)  Position Error = 69.0507
TrainID = 2515  dbValue = 2.80878  nTestCell = 43  nTrainCell = 43  nDiff = 0  (X,Y) = (1845, 2155)  Position Error = 148.486
TrainID = 445  dbValue = 2.82417  nTestCell = 43  nTrainCell = 40  nDiff = 3  (X,Y) = (1675, 2085)  Position Error = 62.0322
TrainID = 2160  dbValue = 2.83694  nTestCell = 43  nTrainCell = 42  nDiff = 1  (X,Y) = (1565, 2175)  Position Error = 135.823
TrainID = 2306  dbValue = 2.84257  nTestCell = 43  nTrainCell = 40  nDiff = 3  (X,Y) = (1675, 2065)  Position Error = 81.0432
TrainID = 2728  dbValue = 2.84391  nTestCell = 43  nTrainCell = 40  nDiff = 3  (X,Y) = (1855, 2255)  Position Error = 193.67
TrainID = 838  dbValue = 2.85267  nTestCell = 43  nTrainCell = 40  nDiff = 3  (X,Y) = (1695, 2285)  Position Error = 142.014
TrainID = 2030  dbValue = 2.86431  nTestCell = 43  nTrainCell = 40  nDiff = 3  (X,Y) = (1655, 2255)  Position Error = 119.616
TrainID = 2110  dbValue = 2.87082  nTestCell = 43  nTrainCell = 43  nDiff = 0  (X,Y) = (1865, 2235)  Position Error = 191.541
TrainID = 1875  dbValue = 2.87395  nTestCell = 43  nTrainCell = 40  nDiff = 3  (X,Y) = (1655, 2065)  Position Error = 88.5889
TrainID = 2618  dbValue = 2.89739  nTestCell = 43  nTrainCell = 41  nDiff = 2  (X,Y) = (1645, 2245)  Position Error = 114.49
TrainID = 2204  dbValue = 2.92355  nTestCell = 43  nTrainCell = 40  nDiff = 3  (X,Y) = (1665, 2255)  Position Error = 116.482
TrainID = 1753  dbValue = 2.93633  nTestCell = 43  nTrainCell = 42  nDiff = 1  (X,Y) = (1565, 2155)  Position Error = 132.544
TrainID = 2304  dbValue = 2.95956  nTestCell = 43  nTrainCell = 40  nDiff = 3  (X,Y) = (1645, 2275)  Position Error = 141.873
TrainID = 1398  dbValue = 2.98469  nTestCell = 43  nTrainCell = 40  nDiff = 3  (X,Y) = (1665, 2275)  Position Error = 135.823
TrainID = 2678  dbValue = 2.98677  nTestCell = 43  nTrainCell = 42  nDiff = 1  (X,Y) = (1565, 2195)  Position Error = 141.873
TrainID = 435  dbValue = 2.98984  nTestCell = 43  nTrainCell = 43  nDiff = 0  (X,Y) = (1885, 2225)  Position Error = 205.105
TrainID = 1371  dbValue = 3.0298  nTestCell = 43  nTrainCell = 40  nDiff = 3  (X,Y) = (1615, 2245)  Position Error = 130.874
TrainID = 1929  dbValue = 3.03645  nTestCell = 43  nTrainCell = 40  nDiff = 3  (X,Y) = (1645, 2055)  Position Error = 102.215
TrainID = 1342  dbValue = 3.04448  nTestCell = 43  nTrainCell = 40  nDiff = 3  (X,Y) = (1625, 2105)  Position Error = 81.4125
TrainID = 414  dbValue = 3.06519  nTestCell = 43  nTrainCell = 42  nDiff = 1  (X,Y) = (1845, 2245)  Position Error = 179.744
TrainID = 2466  dbValue = 3.06841  nTestCell = 43  nTrainCell = 40  nDiff = 3  (X,Y) = (1665, 2075)  Position Error = 75.1532
TrainID = 1903  dbValue = 3.07397  nTestCell = 43  nTrainCell = 43  nDiff = 0  (X,Y) = (1895, 2205)  Position Error = 207.48
TrainID = 593  dbValue = 3.08516  nTestCell = 43  nTrainCell = 42  nDiff = 1  (X,Y) = (1565, 2205)  Position Error = 145.836
TrainID = 1164  dbValue = 3.10505  nTestCell = 43  nTrainCell = 42  nDiff = 1  (X,Y) = (1555, 2175)  Position Error = 145.561
TrainID = 815  dbValue = 3.12935  nTestCell = 43  nTrainCell = 40  nDiff = 3  (X,Y) = (1595, 2125)  Position Error = 103.576
TrainID = 1680  dbValue = 3.13685  nTestCell = 43  nTrainCell = 43  nDiff = 0  (X,Y) = (1895, 2125)  Position Error = 198.816
TrainID = 1423  dbValue = 3.13788  nTestCell = 43  nTrainCell = 40  nDiff = 3  (X,Y) = (1865, 2255)  Position Error = 201.911
TrainID = 2249  dbValue = 3.14691  nTestCell = 43  nTrainCell = 40  nDiff = 3  (X,Y) = (1605, 2105)  Position Error = 99.5389
TrainID = 388  dbValue = 3.17395  nTestCell = 43  nTrainCell = 40  nDiff = 3  (X,Y) = (1635, 2275)  Position Error = 145.836
TrainID = 2007  dbValue = 3.18969  nTestCell = 43  nTrainCell = 40  nDiff = 3  (X,Y) = (1845, 2285)  Position Error = 205.105
TrainID = 2969  dbValue = 3.19118  nTestCell = 43  nTrainCell = 40  nDiff = 3  (X,Y) = (1885, 2095)  Position Error = 194.031
TrainID = 2917  dbValue = 3.22129  nTestCell = 43  nTrainCell = 42  nDiff = 1  (X,Y) = (1885, 2165)  Position Error = 189.283
TrainID = 2292  dbValue = 3.25836  nTestCell = 43  nTrainCell = 40  nDiff = 3  (X,Y) = (1875, 2245)  Position Error = 205.154
TrainID = 2579  dbValue = 3.27651  nTestCell = 43  nTrainCell = 40  nDiff = 3  (X,Y) = (1575, 2225)  Position Error = 146.997
TrainID = 1656  dbValue = 3.28147  nTestCell = 43  nTrainCell = 42  nDiff = 1  (X,Y) = (1545, 2185)  Position Error = 157.696
TrainID = 1790  dbValue = 3.29006  nTestCell = 43  nTrainCell = 42  nDiff = 1  (X,Y) = (1875, 2175)  Position Error = 180.854
TrainID = 2364  dbValue = 3.37579  nTestCell = 43  nTrainCell = 40  nDiff = 3  (X,Y) = (1605, 2275)  Position Error = 160.897
TrainID = 1649  dbValue = 3.3872  nTestCell = 43  nTrainCell = 43  nDiff = 0  (X,Y) = (1905, 2165)  Position Error = 209.16
TrainID = 2613  dbValue = 3.42398  nTestCell = 43  nTrainCell = 43  nDiff = 0  (X,Y) = (1895, 2175)  Position Error = 200.569
TrainID = 2205  dbValue = 3.47222  nTestCell = 43  nTrainCell = 43  nDiff = 0  (X,Y) = (1905, 2165)  Position Error = 209.16
TrainID = 457  dbValue = 3.52305  nTestCell = 43  nTrainCell = 42  nDiff = 1  (X,Y) = (1535, 2185)  Position Error = 167.356
TrainID = 428  dbValue = 3.60129  nTestCell = 43  nTrainCell = 43  nDiff = 0  (X,Y) = (1545, 2185)  Position Error = 157.696
TrainID = 1072  dbValue = 3.62818  nTestCell = 43  nTrainCell = 40  nDiff = 3  (X,Y) = (1565, 2115)  Position Error = 134.937
TrainID = 1052  dbValue = 3.62976  nTestCell = 43  nTrainCell = 43  nDiff = 0  (X,Y) = (1905, 2145)  Position Error = 208.01
TrainID = 2525  dbValue = 3.67071  nTestCell = 43  nTrainCell = 40  nDiff = 3  (X,Y) = (1905, 2115)  Position Error = 209.876
TrainID = 1376  dbValue = 3.67618  nTestCell = 43  nTrainCell = 42  nDiff = 1  (X,Y) = (1905, 2205)  Position Error = 217.044
TrainID = 2418  dbValue = 3.68223  nTestCell = 43  nTrainCell = 43  nDiff = 0  (X,Y) = (1915, 2225)  Position Error = 232.912
TrainID = 1385  dbValue = 3.69943  nTestCell = 43  nTrainCell = 40  nDiff = 3  (X,Y) = (1565, 2215)  Position Error = 150.36
TrainID = 2042  dbValue = 3.70105  nTestCell = 43  nTrainCell = 43  nDiff = 0  (X,Y) = (1915, 2155)  Position Error = 218.33
TrainID = 2532  dbValue = 3.70371  nTestCell = 43  nTrainCell = 40  nDiff = 3  (X,Y) = (1555, 2235)  Position Error = 169.198
TrainID = 2568  dbValue = 3.70601  nTestCell = 43  nTrainCell = 40  nDiff = 3  (X,Y) = (1595, 2285)  Position Error = 174.837
TrainID = 2428  dbValue = 3.73269  nTestCell = 43  nTrainCell = 40  nDiff = 3  (X,Y) = (1605, 2285)  Position Error = 169.198
TrainID = 1033  dbValue = 3.79129  nTestCell = 43  nTrainCell = 43  nDiff = 0  (X,Y) = (1905, 2135)  Position Error = 208.154
TrainID = 1657  dbValue = 3.80925  nTestCell = 43  nTrainCell = 40  nDiff = 3  (X,Y) = (1585, 2285)  Position Error = 180.854
TrainID = 449  dbValue = 3.83287  nTestCell = 43  nTrainCell = 40  nDiff = 3  (X,Y) = (1855, 2055)  Position Error = 180.854
TrainID = 1628  dbValue = 3.85484  nTestCell = 43  nTrainCell = 40  nDiff = 3  (X,Y) = (1595, 2285)  Position Error = 174.837
TrainID = 2616  dbValue = 3.94777  nTestCell = 43  nTrainCell = 40  nDiff = 3  (X,Y) = (1575, 2305)  Position Error = 202.8
TrainID = 2424  dbValue = 3.98262  nTestCell = 43  nTrainCell = 40  nDiff = 3  (X,Y) = (1555, 2255)  Position Error = 180.854
TrainID = 2809  dbValue = 4.02843  nTestCell = 43  nTrainCell = 40  nDiff = 3  (X,Y) = (1565, 2045)  Position Error = 164.402
TrainID = 2252  dbValue = 4.03156  nTestCell = 43  nTrainCell = 40  nDiff = 3  (X,Y) = (1955, 2245)  Position Error = 277.431
TrainID = 2789  dbValue = 4.11699  nTestCell = 43  nTrainCell = 40  nDiff = 3  (X,Y) = (1955, 2255)  Position Error = 281.261
TrainID = 2863  dbValue = 4.15677  nTestCell = 43  nTrainCell = 40  nDiff = 3  (X,Y) = (1555, 2305)  Position Error = 215.425
TrainID = 820  dbValue = 4.16776  nTestCell = 43  nTrainCell = 40  nDiff = 3  (X,Y) = (1545, 2245)  Position Error = 183.052
TrainID = 2799  dbValue = 4.18848  nTestCell = 43  nTrainCell = 40  nDiff = 3  (X,Y) = (1555, 2305)  Position Error = 215.425
TrainID = 2585  dbValue = 4.19888  nTestCell = 43  nTrainCell = 42  nDiff = 1  (X,Y) = (1925, 2185)  Position Error = 231.836
TrainID = 2848  dbValue = 4.26458  nTestCell = 43  nTrainCell = 40  nDiff = 3  (X,Y) = (1545, 2065)  Position Error = 170.845
TrainID = 1309  dbValue = 4.26637  nTestCell = 43  nTrainCell = 40  nDiff = 3  (X,Y) = (1525, 2245)  Position Error = 199.97
TrainID = 875  dbValue = 4.27521  nTestCell = 43  nTrainCell = 40  nDiff = 3  (X,Y) = (1935, 2295)  Position Error = 282.397
TrainID = 2375  dbValue = 4.30381  nTestCell = 43  nTrainCell = 43  nDiff = 0  (X,Y) = (1945, 2195)  Position Error = 253.393
TrainID = 1905  dbValue = 4.3296  nTestCell = 43  nTrainCell = 40  nDiff = 3  (X,Y) = (1535, 2135)  Position Error = 162.197
TrainID = 1436  dbValue = 4.36877  nTestCell = 43  nTrainCell = 40  nDiff = 3  (X,Y) = (1535, 2155)  Position Error = 162.444
TrainID = 1278  dbValue = 4.43047  nTestCell = 43  nTrainCell = 40  nDiff = 3  (X,Y) = (1895, 2085)  Position Error = 206.32
TrainID = 1746  dbValue = 4.43453  nTestCell = 43  nTrainCell = 40  nDiff = 3  (X,Y) = (1535, 2215)  Position Error = 177.279
TrainID = 1175  dbValue = 4.4563  nTestCell = 43  nTrainCell = 40  nDiff = 3  (X,Y) = (1895, 2085)  Position Error = 206.32
TrainID = 332  dbValue = 4.49552  nTestCell = 43  nTrainCell = 40  nDiff = 3  (X,Y) = (1925, 2115)  Position Error = 229.713
TrainID = 524  dbValue = 4.62361  nTestCell = 43  nTrainCell = 40  nDiff = 3  (X,Y) = (1995, 2305)  Position Error = 339.187
TrainID = 1219  dbValue = 4.63707  nTestCell = 43  nTrainCell = 43  nDiff = 0  (X,Y) = (1965, 2155)  Position Error = 268.269
TrainID = 1349  dbValue = 4.68378  nTestCell = 43  nTrainCell = 40  nDiff = 3  (X,Y) = (1985, 2255)  Position Error = 309.011
TrainID = 2989  dbValue = 4.70816  nTestCell = 43  nTrainCell = 42  nDiff = 1  (X,Y) = (1975, 2195)  Position Error = 282.821
TrainID = 331  dbValue = 4.72267  nTestCell = 43  nTrainCell = 40  nDiff = 3  (X,Y) = (1965, 2225)  Position Error = 280.264
TrainID = 1353  dbValue = 4.89807  nTestCell = 43  nTrainCell = 40  nDiff = 3  (X,Y) = (1985, 2255)  Position Error = 309.011
TrainID = 1634  dbValue = 4.94846  nTestCell = 43  nTrainCell = 40  nDiff = 3  (X,Y) = (1945, 2075)  Position Error = 257.154
TrainID = 1532  dbValue = 4.96093  nTestCell = 43  nTrainCell = 40  nDiff = 3  (X,Y) = (1975, 2225)  Position Error = 289.841
TrainID = 868  dbValue = 4.99645  nTestCell = 43  nTrainCell = 40  nDiff = 3  (X,Y) = (1985, 2235)  Position Error = 302.338
TrainID = 1131  dbValue = 5.02922  nTestCell = 43  nTrainCell = 40  nDiff = 3  (X,Y) = (1985, 2205)  Position Error = 294.598
TrainID = 1568  dbValue = 5.10944  nTestCell = 43  nTrainCell = 40  nDiff = 3  (X,Y) = (1525, 2045)  Position Error = 197.96
TrainID = 2802  dbValue = 5.157  nTestCell = 43  nTrainCell = 40  nDiff = 3  (X,Y) = (1945, 2065)  Position Error = 259.977
TrainID = 1348  dbValue = 5.19572  nTestCell = 43  nTrainCell = 40  nDiff = 3  (X,Y) = (1985, 2205)  Position Error = 294.598
TrainID = 1795  dbValue = 5.21812  nTestCell = 43  nTrainCell = 40  nDiff = 3  (X,Y) = (1965, 2135)  Position Error = 268.119
TrainID = 1501  dbValue = 5.2258  nTestCell = 43  nTrainCell = 40  nDiff = 3  (X,Y) = (1955, 2055)  Position Error = 272.595
TrainID = 1445  dbValue = 5.24536  nTestCell = 43  nTrainCell = 40  nDiff = 3  (X,Y) = (2005, 2185)  Position Error = 310.85
TrainID = 1543  dbValue = 5.45136  nTestCell = 43  nTrainCell = 40  nDiff = 3  (X,Y) = (1975, 2095)  Position Error = 282.113
TrainID = 1668  dbValue = 5.47839  nTestCell = 43  nTrainCell = 40  nDiff = 3  (X,Y) = (1965, 2125)  Position Error = 268.604
TrainID = 2062  dbValue = 5.51857  nTestCell = 43  nTrainCell = 40  nDiff = 3  (X,Y) = (1955, 2095)  Position Error = 262.427
TrainID = 747  dbValue = 5.57966  nTestCell = 43  nTrainCell = 40  nDiff = 3  (X,Y) = (1965, 2105)  Position Error = 270.681
TrainID = 934  dbValue = 5.7239  nTestCell = 43  nTrainCell = 40  nDiff = 3  (X,Y) = (1995, 2065)  Position Error = 308.039
TrainID = 1407  dbValue = 5.88838  nTestCell = 43  nTrainCell = 40  nDiff = 3  (X,Y) = (1995, 2125)  Position Error = 298.543
