trainID = 368  0.826  0.305  1.1424  1.551  3.2871  0.0598  4.3251  1.0074  1.4943  2.2526  2.0848  2.4519  0.8523  9.8256  3.2409  0.2936  2.1276  2.1438  5.7777  2.244  0.816  2.6072  1.5293  0.929  0.343  5.8492  3.7313  0.5859  4.0927  3.3771  5.2919  2.0215  4.2173  5.0741  2.5105  4.6482  2.1626  0.8092  1.4413  0.7019  1.2969  3.3177  1.6655  
trainID = 377  2.6565  1.8682  0.507  0.557  0.1591  1.866  3.901  0.1885  0.185  0.2455  1.7649  2.287  0.5167  1.9244  3.4915  2.0591  0.7165  0.4473  0.443  2.2917  3.9821  1.4982  1.638  3.3471  0.946  1.2775  0.8409  1.6961  0.3415  4.517  1.7491  5.2704  1.7585  1.5677  1.9112  2.1216  0.9051  4.3844  1.0681  1.7691  0.8045  2.086  1.7469  0.73  4.7828  
trainID = 401  2.8846  0.5898  0.955  0.22  0.7648  3.5372  33.0921  1.4095  1.3172  3.4896  2.1111  1.2774  2.4585  2.1286  1.2546  2.0495  1.643  1.2973  6.266  4.541  1.77  4.267  2.4868  3.1789  1.0829  0.7422  2.632  2.2884  1.6008  0.5736  1.1527  2.2121  0.2506  2.4017  0.3385  4.9897  0.3734  0.1658  1.7219  0.9359  2.7869  1.304  1.9753  
trainID = 438  4.877  1.4873  1.323  3.3344  1.2814  1.065  35.2421  2.1136  2.6482  3.569  3.7067  0.5916  6.4535  0.0564  0.5428  1.1692  1.456  3.4403  5.2301  3.934  1.868  1.742  0.2295  1.2192  0.4584  2.0738  8.5183  2.2878  0.4343  3.8877  1.7475  1.6784  0.9002  2.146  0.5764  4.778  0.3956  0.1865  0.6475  0.5164  0.3795  1.1491  0.9052  
trainID = 456  0.0531  2.0164  0.046  1.8432  2.6586  4.9167  2.121  0.5121  1.209  1.5704  1.6237  0.041  2.234  8.1112  4.4166  2.8505  4.4958  1.7237  2.6618  2.4999  2.6591  2.7451  0.579  0.219  4.02  1.4492  1.8683  5.1268  7.1221  3.8717  1.9081  4.7337  4.4687  1.2291  5.7802  5.3317  0.5056  4.2423  0.1117  2.3032  0.0077  0.814  5.3189  2.387  0.7581  
trainID = 471  4.1416  3.2255  1.227  4.0587  0.3033  4.2164  34.9841  0.5699  0.2004  2.4561  0.3762  1.9932  1.4058  0.5619  1.0229  2.2473  0.362  3.1231  5.267  2.6071  3.1134  3.0819  3.3528  1.5802  4.9628  1.341  3.0103  3.8846  0.6788  2.3474  2.0512  0.0491  1.6442  0.9309  3.2295  3.3526  3.5514  0.5818  1.3145  1.2475  3.4169  0.473  0.1251  
trainID = 493  1.601  2.7865  1.5855  2.6315  5.8054  5.9154  5.0529  0.028  1.3407  1.602  2.2754  2.6067  3.4006  9.546  10.9453  7.816  0.8551  2.3529  7.9586  0.184  9.4764  0.3521  0.4999  1.585  2.8234  8.1927  1.8193  7.2242  7.6913  8.5172  7.673  2.0935  7.5205  3.1387  2.7603  4.4962  0.8524  7.1768  1.3587  0.1584  2.3661  4.4437  4.3817  
trainID = 508  1.3119  1.0454  0.25  3.9188  0.9935  3.2272  1.2672  1.077  0.326  1.4855  0.4165  0.6299  5.9776  1.1163  4.2988  2.2729  3.2637  1.4092  0.062  3.0085  2.1937  0.6684  1.256  0.699  2.2398  1.6854  1.4802  0.4198  1.6141  0.4835  1.0916  1.4309  3.2619  0.8018  2.0722  2.7486  2.0158  2.7802  0.8876  0.9954  0.6381  0.276  32.6064  
trainID = 516  5.6627  0.5135  0.474  0.922  1.0499  3.3208  32.4921  2.2988  0.7001  1.8467  1.7453  2.5089  4.3433  1.4102  3.2884  1.666  0.403  1.1981  6.6523  3.3312  2.142  2.197  1.6959  0.3319  3.2774  1.6744  1.0098  0.5507  1.2887  1.5092  0.016  3.0432  0.9441  4.3363  1.1087  5.2047  1.924  0.4049  1.0754  1.9127  3.6149  0.266  2.0156  
trainID = 546  1.6823  1.5583  0.874  3.2349  1.9264  2.6079  1.836  0.704  0.252  2.3046  2.9389  2.0236  1.2063  3.4368  3.8935  0.9469  2.2887  0.4075  0.707  0.0662  5.9841  3.2275  0.727  1.81  1.1151  1.5733  0.3826  7.7033  6.611  7.8391  2.0315  4.8877  1.4523  0.6433  2.0872  4.4227  0.8308  5.7305  1.7921  0.7766  0.0449  3.3541  4.2429  0.859  0.8729  
trainID = 550  2.1019  1.0283  1.666  2.257  1.5302  2.4534  1.243  0.0277  0.753  1.2655  1.0559  1.1981  1.3524  2.1156  2.4223  0.9565  2.3648  1.3606  0.713  1.718  2.6447  2.9509  1.728  2.23  2.3557  2.6348  1.0899  3.1821  3.1384  3.9134  1.7706  2.1233  2.4144  0.1486  0.7281  5.0764  0.6909  0.15  0.0782  2.7778  0.4612  0.3903  2.4809  1.764  1.4279  
trainID = 697  0.6766  0.0907  0.661  0.974  3.1855  1.819  0.562  0.0473  0.74  2.4047  2.5169  0.616  1.9777  2.1547  4.686  0.9641  1.8531  2.7107  0.615  3.2303  3.9253  1.2049  0.876  0.38  1.7473  0.5681  2.3026  1.839  3.5178  3.3016  2.7277  0.7672  4.2148  0.5287  0.9031  2.9584  1.9482  2.6121  1.1095  0.5022  0.3082  1.1707  3.3909  0.857  2.651  
trainID = 726  1.0119  3.409  1.2005  3.3017  1.9227  4.1115  2.48  0.2344  0.606  0.2088  3.8938  4.5263  2.1266  8.3522  0.4697  3.0046  1.1066  0.5543  0.9739  3.342  0.6372  2.249  4.656  1.665  2.1719  2.1098  4.7045  7.4171  6.6583  6.3069  0.8982  4.503  1.8699  3.1642  2.4932  1.4666  5.1413  0.182  2.605  1.0487  5.0297  0.5395  33.4394  
trainID = 791  2.9507  3.6798  2.0687  0.563  1.1136  4.7544  0.885  1.2162  0.21  2.1592  1.0221  1.4059  2.7323  3.134  2.4686  1.201  1.5956  1.0024  0.024  3.5021  1.5972  4.0963  3.6327  1.329  0.018  3.3048  1.4385  2.9557  5.1229  2.4311  0.7819  1.4112  2.7694  0.789  0.1261  0.2284  6.2979  4.2913  1.8232  1.2065  2.3522  2.4829  32.6064  
trainID = 802  1.715  4.0759  0.0047  0.103  5.7374  1.7197  5.8846  1.6239  3.5439  0.156  0.4443  0.7746  1.2579  13.5395  2.8684  1.7865  0.9787  2.4932  6.9817  1.1424  2.3702  1.3341  0.2129  1.549  0.133  4.8071  3.0257  1.4855  4.8176  6.524  5.4169  0.0329  5.1884  6.3497  1.8871  3.7982  2.3502  4.5748  1.0534  0.7658  2.1641  2.603  3.2005  
trainID = 819  2.729  3.0346  2.0431  5.1338  5.1542  4.0286  7.1961  2.1874  1.6741  0.151  2.3612  0.6276  0.8234  14.4152  7.7508  6.47  0.589  2.3811  9.2453  0.808  4.6257  3.1988  1.5575  1.883  2.6496  6.83  1.7418  6.4413  8.5986  9.0865  7.6533  0.0742  6.8824  3.7057  3.7683  3.1222  0.8419  7.0944  1.1721  1.3679  2.1611  2.7844  2.2679  
trainID = 827  3.0116  2.7566  1.7061  4.4525  0.3196  2.946  2.091  0.2588  0.332  1.2104  2.2969  0.099  1.9994  0.9011  1.3955  0.5406  2.2045  1.1731  1.419  0.6383  2.9195  3.6469  2.122  2.058  2.9912  0.954  3.2302  0.6861  0.6627  0.7835  0.72  1.5701  2.3951  0.2619  3.0732  1.9948  1.5503  3.033  0.684  1.0353  1.2857  0.809  1.1341  
trainID = 855  3.364  1.7892  2.4725  2.8163  4.5368  2.6752  5.955  1.8951  1.0191  1.9135  2.6304  1.9542  5.4604  19.7175  6.5656  9.2452  1.0033  3.3266  9.9223  0.598  5.8948  2.7386  2.4793  4.031  2.9683  5.8263  3.2505  6.0895  6.8277  9.7301  7.8253  1.6795  9.7731  2.1705  4.5997  1.8642  3.0343  7.2275  3.0496  0.9414  4.7331  6.0497  4.1148  
trainID = 884  1.7246  0.1279  2.7055  1.42  1.9805  3.9164  34.0981  1.3933  2.8731  1.7537  2.5539  2.7311  4.114  2.9418  0.8866  1.6729  0.9917  0.6128  4.9729  1.9743  2.719  3.3532  1.5049  1.5044  2.2026  0.2903  1.1922  2.2875  0.0218  2.8926  3.761  0.4825  0.2202  3.4181  2.0952  3.7021  2.0263  0.7546  1.4927  0.47  1.9989  0.266  3.9141  
trainID = 889  0.96  0.844  0.5316  0.996  2.6966  1.6957  2.182  0.9793  0.3626  1.888  1.1303  0.593  2.1692  4.6365  2.5012  1.0234  1.6504  1.1143  1.5583  1.303  4.9589  2.0945  4.5356  2.119  3.2266  1.9931  0.9468  0.2574  4.3478  4.8244  3.9943  1.7297  1.5809  3.5504  2.464  1.1782  0.7739  4.4707  1.1515  1.249  1.1415  1.5146  1.1301  
trainID = 912  2.0744  2.7346  1.9582  2.2493  0.4479  6.606  1.933  1.0772  0.977  1.9329  3.1852  4.5438  0.1706  1.4041  0.3029  2.0818  1.2788  1.8255  0.9696  3.3388  2.1648  0.8102  1.552  0.241  1.7577  0.9504  0.7586  3.7938  1.1441  5.1622  1.8169  4.2384  1.7535  2.1905  0.8889  0.2234  3.828  4.624  2.3563  2.0161  3.0237  1.9555  31.3214  
trainID = 920  2.859  3.0831  1.5507  1.7935  4.9926  5.4126  5.8886  2.0161  1.9276  0.944  1.0851  0.2276  3.2507  13.7311  2.8343  5.0027  1.4632  1.0417  6.5532  1.5927  4.1022  1.7529  2.9538  1.013  1.135  5.7831  1.9062  2.7149  7.787  6.3404  8.3487  3.3534  6.8638  4.7477  4.0887  3.3432  0.5223  2.4226  0.173  1.1585  4.1131  4.0237  4.2666  
trainID = 930  0.782  2.2815  2.2073  3.4867  4.5689  3.5013  4.6287  0.023  0.653  1.7823  3.21  0.0369  4.3232  17.0683  2.9108  7.8165  1.4274  0.0046  9.3538  0.951  4.5314  0.3481  0.7935  4.2806  1.71  5.9684  2.0327  4.8939  6.3809  8.791  6.2805  0.1566  4.9644  4.8671  3.5239  0.7652  0.3382  5.7308  0.9043  0.4458  2.3621  2.8151  2.3068  
trainID = 957  3.9216  1.8186  1.4129  0.491  0.0442  1.449  32.8191  3.2225  0.4184  1.3187  4.7656  0.6679  3.9799  3.3148  1.3709  0.7204  0.687  3.4582  5.5804  5.4338  2.564  0.283  0.6349  1.7638  1.7525  1.405  6.0666  3.7063  0.7514  1.838  0.6656  1.5063  1.3642  0.7411  0.6151  4.9687  2.4527  1.9044  0.1501  0.8492  3.0869  1.155  1.709  
trainID = 960  0.1169  2.0052  1.4827  1.8651  0.5485  6.3617  0.05  1.8959  0.402  1.5533  1.3262  0.8464  3.5688  5.1209  5.598  1.2791  2.6232  1.9632  0.136  2.4619  2.8035  31.9942  4.3787  4.041  2.5889  4.1798  3.834  2.6564  3.3578  3.1829  4.3831  2.2969  3.1062  4.6173  4.8233  2.4693  3.3137  0.3785  0.5467  0.4873  1.6489  1.016  0.0033  
trainID = 984  3.897  1.7214  2.4452  0.417  7.7979  6.1386  6.1274  0.1  1.5333  1.4973  2.2555  1.7327  6.3413  10.6124  6.6612  6.766  0.1878  5.3025  6.8097  0.959  4.7726  0.9286  1.5143  3.5443  3.3357  4.6541  0.4652  6.9699  6.4081  7.6066  6.9314  1.7072  5.2834  2.0917  3.0889  0.5053  2.655  4.6826  0.376  0.1426  3.3401  4.0387  1.838  
trainID = 1044  1.096  2.3689  0.4998  1.7118  3.5691  0.2442  4.1605  1.264  1.8143  0.071  2.5056  1.8306  3.6073  4.1642  3.6437  0.0763  1.0198  0.1492  1.7512  0.941  1.4963  0.8497  4.2935  1.22  1.214  2.4333  1.5443  0.5055  5.6576  3.7049  4.3474  0.0765  2.9415  2.9942  0.4901  0.7425  0.436  6.5298  2.0065  0.6101  1.7697  1.48  0.6476  
trainID = 1156  2.8095  1.0889  2.8765  2.5538  3.6719  4.8404  0.142  1.7911  0.666  0.3134  0.2957  2.1225  1.5919  3.4507  0.155  2.514  2.9191  2.5356  0.37  1.6485  1.9337  3.2458  1.957  3.0931  2.5288  1.8014  4.0822  4.7693  4.3663  2.9113  4.0504  1.5262  2.3917  1.5134  5.2502  1.5256  6.0744  3.6617  1.0307  3.3791  2.8537  2.3859  32.0284  
trainID = 1163  1.1039  1.7044  2.8556  1.8701  0.725  4.1639  0.8  0.1369  2.437  4.1774  2.9492  1.5311  1.6852  7.3273  1.083  0.0435  1.3892  0.4448  3.18  4.9856  2.3418  2.2052  2.849  3.9435  2.3771  0.4745  2.5368  5.6769  4.2824  6.1615  1.2429  1.8414  1.617  0.177  1.7032  0.5261  4.9055  2.8411  1.7594  1.7334  3.6117  1.2179  33.6684  
trainID = 1184  0.0475  1.616  2.2329  1.9506  0.9529  3.4415  1.0152  1.2096  2.092  2.7498  0.509  1.0014  1.2114  2.205  2.8121  0.3887  0.3761  0.9485  1.169  2.3564  3.6877  1.4697  0.272  1.7  0.4742  0.4416  1.8879  0.154  1.4788  0.5318  0.6636  1.2771  1.3755  0.5322  2.5362  3.05  0.8695  3.881  0.3113  1.0123  0.5409  2.6521  3.2659  1.8103  3.4167  
trainID = 1188  0.5999  2.3061  2.7698  0.941  1.1713  3.9632  0.169  2.043  1.319  2.5781  0.8265  0.752  2.5803  0.3193  1.512  0.7173  3.4617  3.5278  2.3097  1.9065  2.6939  1.242  1.445  0.623  2.0385  0.4548  0.3396  1.5195  0.7601  0.7795  2.6614  0.2224  1.4625  2.2588  0.8266  1.9996  0.1734  3.2674  0.5876  0.463  1.1816  0.3947  1.5439  1.716  0.8579  
trainID = 1193  3.2365  0.5006  1.182  1.7182  1.1466  2.865  34.0811  3.492  2.9689  0.837  2.8814  0.5188  5.7916  1.201  1.6789  0.8837  0.164  0.5864  5.3387  1.8919  1.587  1.3  0.1468  1.4147  0.0927  6.2755  16.9578  0.3971  0.9747  6.6103  0.2316  3.3136  0.0985  5.9938  2.8056  6.4865  2.038  1.702  3.0877  1.7613  1.0519  0.674  2.2882  
trainID = 1229  4.9902  3.1607  0.373  0.491  1.2459  2.7275  32.9171  4.3475  1.2677  2.9756  5.7405  0.4379  4.7867  2.9365  1.922  1.7101  0.716  1.2329  6.6203  4.4276  0.884  3.6712  2.7208  0.5546  2.836  1.253  13.9202  7.422  0.5563  5.3457  1.8641  2.3736  2.2483  3.0016  0.7379  7.663  3.7282  0.8446  1.9943  0.4936  0.8699  1.782  3.3427  
trainID = 1337  2.557  3.6116  0.7344  1.1377  5.1943  2.1904  5.1236  0.013  1.3168  0.446  0.6755  0.6105  2.9947  13.3603  2.121  3.2964  0.7697  2.2073  8.6499  0.085  3.5373  1.4411  3.2015  0.247  1.036  5.3362  1.8223  4.0901  8.433  8.6667  5.5073  0.2493  4.5316  5.2263  3.188  1.8952  0.9027  4.6209  1.4709  2.0882  0.7751  3.0547  1.5652  
trainID = 1339  3.0701  0.4469  0.053  1.731  2.7966  1.293  33.6171  2.7132  0.0208  1.7873  3.242  1.9844  5.0902  1.0407  0.8881  1.3101  1.5375  1.964  7.3263  1.8144  1.093  0.715  1.8642  0.5947  0.1314  10.9425  17.2958  4.505  2.573  5.9753  1.1941  0.1419  1.8112  5.0171  2.3977  5.325  1.5877  1.1439  2.8059  3.0099  2.1829  1.636  2.4998  
trainID = 1343  3.7167  0.471  1.544  0.668  3.1343  0.448  34.9851  3.5648  0.2304  1.388  5.8833  3.4802  7.3389  2.6128  0.7392  2.3057  0.098  0.012  8.7753  1.4015  1.632  1.567  1.4646  0.5625  0.1318  1.2954  18.0699  15.2821  1.2492  4.1785  0.0033  2.6764  1.189  3.5419  4.2862  6.8803  2.7474  2.2846  2.6166  1.9645  1.0779  0.159  3.7498  
trainID = 1344  3.4632  0.1192  1.496  0.886  0.283  3.1232  33.3311  2.4612  0.2017  0.684  3.0874  2.1325  6.4699  0.3457  2.1457  0.453  1.158  0.2862  7.7523  1.6292  1.485  1.096  1.2924  1.776  0.6383  8.7432  16.692  2.366  2.9061  5.1933  0.5675  2.731  2.0372  7.2058  3.389  6.5051  2.1192  1.7626  1.8134  1.8261  0.3853  0.205  2.7477  
trainID = 1372  1.3673  2.3667  0.159  2.5671  1.4615  0.634  2.14  0.1961  0.046  2.8312  2.9049  0.273  1.2384  6.6428  5.3571  0.2877  3.4889  2.0767  1.648  1.012  5.2457  31.7172  2.832  1.1313  1.5037  7.9587  7.3836  5.1918  2.6987  1.2976  5.5979  1.1271  1.0872  6.8798  3.2895  4.2659  1.7771  2.0603  1.4565  2.5189  0.3374  0.409  3.641  
trainID = 1392  0.9639  1.9834  1.127  0.713  1.9014  1.156  33.6921  0.8931  0.7137  2.0084  3.6114  2.1564  1.6298  3.5616  1.4037  0.0154  2.721  5.857  5.8035  1.5352  0.143  2.8968  1.2649  3.1818  5.3463  1.2809  2.7445  2.7064  2.0038  1.728  1.0998  0.3667  1.3142  3.0295  4.637  4.6744  2.7041  1.6883  0.6213  0.1138  2.1679  1.978  0.047  
trainID = 1394  1.6639  2.0171  2.097  1.5905  0.4868  1.654  0.507  0.3877  0.953  2.942  3.3149  0.248  0.247  2.334  6.4151  0.0321  1.2721  1.6025  0.8891  0.4674  4.1254  0.5666  0.089  0.394  2.1354  0.8167  2.0896  7.9783  8.2366  9.3413  1.7687  6.6603  1.0619  1.6991  2.0492  4.2843  6.2283  1.7403  0.6146  3.855  2.1661  1.3653  3.2059  0.91  1.5072  
trainID = 1420  2.3946  0.4511  1.7273  0.904  0.6187  4.4442  1.485  1.4273  0.05  1.9322  0.04  2.3812  4.2144  0.4363  0.4809  2.0243  0.0558  0.0503  0.191  1.2076  3.1968  1.7768  3.5716  3.0237  3.2757  0.0183  1.571  2.8828  1.3589  0.2474  2.274  0.8023  2.7596  0.7655  0.0651  0.2108  1.4319  1.9642  0.1073  0.157  3.0287  0.0189  31.0824  
trainID = 1429  3.4034  0.6645  0.594  1.813  0.7218  1.913  32.9231  3.3925  0.51  1.039  1.1261  2.0679  4.9229  0.7222  1.7257  0.5784  0.488  1.4466  4.6586  4.4845  1.599  1.418  1.0002  0.532  0.2974  2.7874  7.3708  0.1372  1.0541  3.0047  1.1344  0.8977  1.0619  3.511  0.815  6.2885  1.7632  1.3821  0.4141  0.2734  1.5619  0.223  1.458  
trainID = 1436  1.2947  4.4688  0.367  0.981  1.9214  0.473  0.192  0.5169  0.198  4.1577  3.7129  0.137  1.4118  6.1562  6.5293  0.9013  2.5089  1.3732  0.168  1.2751  6.9413  34.0322  3.0242  2.2189  1.6808  29.3203  13.0136  1.3732  2.1189  8.6321  3.7766  2.3509  3.6312  5.0309  4.624  3.0363  4.1473  3.0194  3.0913  3.5657  1.0989  1.71  1.1748  
trainID = 1437  0.5587  0.0908  0.819  3.0069  1.3715  2.7572  0.023  0.987  0.634  4.8101  2.2109  0.7023  4.2572  2.7873  2.8317  2.8828  2.5763  0.7792  1.641  0.0096  5.235  2.6739  1.313  0.249  2.2702  2.1094  1.8388  5.1946  2.4579  4.4289  2.3374  3.2472  1.2883  2.0174  4.0762  4.5057  3.6332  5.0022  0.0753  2.3648  0.7369  1.1764  3.9379  0.461  2.2859  
trainID = 1440  3.7506  0.509  0.892  0.29  4.2005  2.123  2.212  0.1208  0.459  2.6398  0.1153  2.2571  3.2316  4.2619  4.1216  0.0088  2.4664  0.641  0.771  0.3544  5.5791  2.8245  0.19  1.389  0.1139  0.4707  0.4439  5.455  7.1892  5.4676  0.3653  4.24  1.4144  2.5846  1.4942  4.733  2.5666  4.168  0.1446  3.4901  1.6004  2.8157  1.9539  1.3792  3.2021  
trainID = 1444  1.8759  0.4437  0.994  1.185  0.5246  3.265  2.262  1.2725  0.689  2.1851  1.1419  3.9943  0.5663  2.2237  3.0408  0.0351  0.4655  1.5983  1.656  0.1511  3.9701  5.3585  0.754  0.766  1.2432  1.7428  1.2226  3.0816  2.8726  1.2032  0.1118  3.4215  2.567  1.3776  0.2158  2.0148  2.3383  5.0869  2.2204  1.3114  0.6232  0.3289  2.0319  2.283  0.6239  
trainID = 1464  0.146  3.069  2.147  1.8774  1.8023  0.9464  3.859  1.3029  0.0768  4.4044  6.4367  0.2568  0.5265  0.6307  2.2626  0.0266  0.475  0.9786  5.7516  5.2014  3.9466  2.092  0.0118  3.5845  0.5446  0.8458  1.5776  4.067  0.8961  1.8334  0.4561  0.2487  0.5331  1.5117  0.203  1.4987  2.9763  0.4509  1.2235  1.6309  3.6489  1.901  3.5471  
trainID = 1483  1.221  0.3518  1.6638  5.0131  0.963  3.9631  3.516  0.286  2.0047  1.263  1.2771  1.4235  4.053  11.6622  5.7851  1.4679  2.4787  2.8022  4.085  1.9565  2.0639  2.7084  2.6225  0.659  0.936  5.4534  2.8329  0.0708  4.2345  5.0397  5.9951  0.0504  3.6027  5.1008  1.1081  3.6792  1.5794  4.8175  0.347  2.1781  1.4962  1.714  0.2151  
trainID = 1484  1.673  2.2739  0.6834  1.302  1.8895  0.7049  2.303  0.633  2.4832  1.063  2.0319  1.2564  2.2721  0.7501  0.3969  3.1401  2.9973  0.938  0.6579  0.052  1.7524  3.9573  3.1238  2.158  2.6902  0.279  0.4213  2.9515  0.4734  0.639  1.9251  0.6228  1.2207  0.6093  0.386  0.0364  2.2253  1.5074  3.0535  1.4576  2.4631  0.5223  2.2061  1.9509  3.931  2.2156  
trainID = 1504  1.786  0.9116  0.2936  1.8965  6.4853  1.4599  5.245  1.493  1.3122  1.12  0.4267  0.4497  0.012  10.4979  3.9284  1.3806  0.3015  0.3474  6.2904  0.798  5.9336  2.107  2.2271  0.775  1.644  4.5703  0.175  4.3365  4.9376  4.7808  4.6704  0.6931  5.4257  6.24  3.4482  2.7722  2.385  5.1528  4.0133  1.7594  2.4451  2.8617  3.884  
trainID = 1507  3.698  4.9472  3.5015  4.1011  6.3827  4.6789  4.9457  0.261  1.2822  0.064  3.0339  3.8895  3.9037  20.3635  8.2969  12.5421  0.5996  5.3695  8.6576  0.835  4.1161  0.7989  0.6122  2.606  4.0732  8.9185  0.8074  8.2681  7.8375  9.3149  10.0695  3.5654  8.4705  3.725  3.9729  4.0612  2.4586  9.0759  0.235  1.0601  2.0161  3.6457  2.9491  
trainID = 1526  3.425  0.6854  4.0258  5.5891  3.252  3.1905  6.1429  0.104  1.2684  0.898  1.0012  2.2888  3.5919  6.1711  13.3642  7.4204  0.7231  3.1977  4.6183  0.795  5.1504  1.079  0.3193  2.249  3.9411  7.4305  0.3433  6.7628  9.7267  8.9494  6.7623  0.8963  9.1742  1.9419  1.5472  0.7662  4.9873  9.5988  3.1157  1.5605  4.0761  3.7187  3.1262  
trainID = 1568  0.69  2.5098  1.148  2.1122  0.4445  1.285  2.338  1.3907  1.296  3.0014  1.9519  2.4334  6.9275  4.7544  4.8854  0.8406  1.4897  3.1169  0.9209  3.6529  5.3343  31.6212  3.1329  2.605  2.4442  3.981  3.8853  0.5573  3.0758  0.1897  4.9634  0.3138  1.0872  5.1731  0.8487  3.6474  2.4195  0.6555  0.5284  0.9819  2.9369  3.518  0.8346  
trainID = 1601  4.6805  2.1343  2.09  1.6291  3.4122  1.725  35.5661  3.9064  0.5076  0.101  6.4076  1.2445  7.4821  0.0489  1.3311  1.5893  3.106  1.2115  9.1573  3.4675  1.299  2.385  2.0994  0.9059  1.6166  4.6681  17.7414  13.2562  1.006  7.2353  0.6581  4.0696  1.3775  6.3868  3.624  5.2761  4.0757  1.3183  1.5018  3.8329  0.9699  1.066  3.5291  
trainID = 1651  1.617  1.9285  0.6349  2.2714  2.6348  2.0489  3.6684  2.277  1.5589  1.128  0.1374  2.0677  3.6942  8.744  0.4443  4.4854  0.2356  0.2984  4.0596  0.076  3.6043  0.5681  3.6595  1.383  0.31  2.8319  2.1421  3.4124  8.1378  8.2517  6.8651  3.2014  4.9976  5.5711  3.7432  2.3622  0.4438  2.961  0.086  1.6365  2.1531  1.3837  1.3631  
trainID = 1671  3.6205  0.1818  1.619  0.024  1.6965  3.3318  34.8601  1.8269  1.59  3.238  5.686  2.5486  4.0283  3.33  2.2855  2.7632  0.149  2.9875  6.1165  4.7617  1.32  2.455  1.5606  1.5193  0.6602  1.6686  13.3992  8.6213  0.6711  4.2496  0.8847  4.0978  0.0929  2.6413  3.0674  5.8144  3.8318  0.0108  0.1462  0.4673  1.3009  0.21  3.01  
trainID = 1689  0.246  1.4918  3.0312  1.332  1.102  1.8485  2.9266  1.481  1.449  1.737  1.2127  0.5941  5.5901  2.5608  4.5515  0.9544  1.3671  0.4372  4.0547  1.28  2.3356  2.5376  1.4586  3.0926  3.0994  0.4869  3.0141  2.741  5.6826  4.8184  2.888  0.0105  1.0221  2.4507  0.505  2.1662  1.1938  3.7888  2.0272  2.5103  0.1194  3.3687  0.6239  
trainID = 1693  2.976  2.0975  1.4418  1.7936  1.344  2.0689  2.212  0.856  1.2021  1.241  0.2822  0.7841  1.9515  1.3184  1.4741  0.9879  2.1205  1.2251  0.7516  1.946  2.6563  1.0749  2.9219  2.484  4.5262  2.3595  0.5541  1.4563  3.7111  4.8787  5.7846  0.1107  0.5918  0.0257  0.1416  2.3932  2.4245  6.6898  3.1454  0.0115  1.0324  1.7037  2.0795  32.4374  
trainID = 1708  1.9923  1.3868  0.858  0.534  0.3323  2.7108  1.741  1.5701  1.897  3.0665  4.4019  0.567  1.7046  4.9061  6.2269  0.9119  1.5585  2.3762  0.966  0.3916  5.902  1.3802  1.85  0.866  4.4745  3.4337  1.6578  9.6607  8.1206  9.6875  0.2223  5.0711  1.9815  0.5266  3.6212  5.7633  3.6263  2.781  2.8534  2.0952  2.0254  2.5367  3.1499  0.667  0.2092  
trainID = 1716  4.0661  0.1744  0.753  0.363  0.8813  1.488  32.8891  2.0694  1.8339  0.163  3.4243  2.1897  5.1479  2.1694  1.5214  3.5858  0.092  1.4898  8.7523  2.8075  1.872  2.313  1.0463  2.5677  0.9929  5.249  19.8251  11.9799  4.1604  6.6295  1.3415  3.9523  0.296  4.4915  3.3653  7.6584  0.5957  0.774  2.6741  1.9748  2.5419  1.9113  2.8318  
trainID = 1806  1.881  3.2465  1.471  2.6316  7.0939  4.6436  4.456  0.485  1.2769  1.114  1.831  2.5968  5.8227  13.0431  13.155  8.8802  0.4274  6.4435  7.0938  1.2359  5.4886  0.7425  3.5362  2.304  0.463  8.2102  0.8982  10.9032  9.1413  9.0828  6.1237  3.2824  7.4194  1.8008  2.4488  5.3072  2.057  11.0675  0.4174  0.2906  3.2131  3.7017  3.0253  
trainID = 1827  1.633  1.7292  1.7678  0.297  6.281  4.6429  5.7538  0.526  0.0548  2.1901  3.0111  1.0876  2.54  13.9013  0.8825  5.6111  2.2305  1.1551  7.6366  0.347  3.9944  2.1636  1.0051  2.105  2.112  6.2637  3.5933  2.6685  7.3873  7.9403  5.1359  1.2455  7.3683  4.8148  3.4935  3.0962  0.1031  6.0512  1.081  1.164  4.3501  3.8577  3.9701  
trainID = 1862  0.213  3.1543  0.2993  3.3048  4.4652  2.2686  3.9657  0.063  3.6868  2.0664  1.595  0.5632  1.1988  10.5088  0.1735  2.3431  0.9398  0.7327  7.1619  0.608  4.3396  2.426  2.7881  1.969  2.001  6.0328  4.5097  1.998  6.2383  8.0847  7.3032  1.1113  6.383  4.4967  1.9354  3.2472  0.554  3.6326  2.4401  0.8144  1.6964  2.8747  5.0973  
trainID = 1864  3.7996  4.7451  2.2665  2.7576  0.0214  4.5829  34.0451  3.3272  0.5354  1.763  3.9177  0.3745  3.827  0.6034  0.8895  0.8482  1.24  1.9784  5.0427  0.8092  1.492  2.8468  1.4427  1.7901  1.581  0.4721  1.0663  2.2679  2.8444  2.1277  3.6513  0.5964  1.0292  2.3132  2.0638  4.2467  1.1684  1.6057  0.1807  1.339  0.5749  0.33  3.9381  
trainID = 1884  1.454  0.9222  0.1796  0.543  5.38  1.9849  3.2424  0.388  1.026  3.2766  0.2521  0.7717  3.8802  9.0902  3.2488  0.4204  1.8256  4.2389  3.7428  1.1983  2.4457  0.1615  1.1931  2.387  0.994  5.3247  3.336  1.7392  5.3372  4.8091  4.6047  1.7923  5.745  6.4472  0.8035  3.5242  0.2118  3.2273  0.9842  2.1615  1.2946  2.258  2.4986  
trainID = 1896  2.0601  0.0533  2.6951  0.302  0.9098  2.7001  2.871  2.1257  0.566  0.0154  0.6756  1.2191  1.76  2.0531  1.5539  2.3971  0.1291  1.8153  0.44  2.5507  2.3765  3.4806  3.7826  2.137  0.0599  0.5711  0.7733  1.3666  3.3169  1.199  0.336  0.1669  0.6996  0.4216  0.7898  0.6034  3.2673  6.1909  2.4399  1.7773  2.0293  1.2741  29.5784  
trainID = 1897  3.9692  2.8811  1.657  1.401  3.9139  1.423  34.7861  1.327  1.2794  0.6692  0.2726  4.2827  4.9675  0.0605  2.0728  1.0619  1.6631  0.4609  3.7717  2.6545  1.767  1.607  4.3084  0.1324  1.7578  16.6182  26.9188  8.8106  2.0794  5.8473  0.4003  1.0881  0.1221  5.4223  4.5639  5.8672  1.4638  0.7214  1.4869  1.6781  0.4789  0.509  2.1767  
trainID = 1905  3.2656  3.334  2.354  2.1723  3.3826  2.6529  1.232  0.7828  1.22  3.2234  2.4819  1.051  0.5552  6.8244  5.6471  0.706  1.5068  0.665  0.42  0.1035  4.1925  32.5682  6.7944  3.5763  1.3174  24.2887  11.3065  1.4638  1.8441  5.8992  1.3412  1.0037  0.8772  5.1919  1.8894  3.3025  3.1162  3.8657  1.7462  2.3152  2.3638  0.05  1.0016  
trainID = 1926  2.1052  1.1379  0.622  1.7259  0.6719  4.92  33.3291  1.4239  0.6736  2.9914  2.464  2.1965  2.4031  2.3263  0.7837  1.1769  1.192  2.7511  2.355  5.6754  2.3  1.36  1.2513  0.0187  3.1282  1.5268  1.9467  1.3779  0.7049  0.6823  0.148  1.2392  1.2661  1.0188  2.4771  5.0548  1.8867  1.4749  0.0916  1.9251  1.3019  2.242  1.4585  
trainID = 1958  4.571  0.5449  1.321  1.584  1.42  0.991  35.3971  2.9848  1.0083  0.9827  5.3162  1.94  4.5198  2.415  0.5752  3.3519  2.09  1.2493  6.1288  1.0645  1.005  1.106  2.2189  4.4239  3.4347  0.6745  7.3469  3.4281  0.1835  3.1964  0.7581  2.5976  1.1832  4.2125  1.7291  4.6027  1.824  1.5528  0.1929  0.4191  2.4629  0.347  0.9349  
trainID = 1977  1.774  2.28  1.0728  1.5582  5.1956  1.0648  2.334  0.444  1.4656  0.652  0.8922  2.0859  2.5092  7.2286  4.4033  0.8757  2.364  0.7665  0.0312  1.342  1.894  0.8753  1.1597  0.625  0.922  6.6125  1.8773  0.3077  4.7625  2.6344  2.1897  2.2513  2.6107  3.8157  1.4988  2.3982  4.6202  1.8334  0.834  2.3231  0.4355  2.0217  1.7277  
trainID = 1991  6.6122  1.1866  1.2523  0.282  1.0971  2.5531  31.9731  4.3409  0.6678  2.3068  4.537  1.7474  1.5865  1.5806  1.9877  0.9459  0.728  3.6644  6.4603  2.8721  2.142  3.8987  2.1582  0.3699  2.4749  0.0829  7.1812  1.7074  1.0834  2.6172  0.1327  1.4694  0.6878  2.2724  0.6904  7.1787  0.633  0.317  0.0776  0.4205  3.1429  1.457  4.1754  
trainID = 2002  2.649  0.9993  2.0493  0.523  2.1748  1.999  4.7813  0.233  2.1536  0.773  1.9567  1.3928  2.801  4.0553  5.7277  4.0369  2.7548  2.8618  0.2856  0.34  0.2587  2.1254  1.8311  1.01  3.1317  1.8307  1.9121  2.1361  0.7713  3.1774  1.4978  2.6994  0.0287  4.1159  0.5535  3.3212  1.5334  2.5119  0.8701  1.9121  0.0566  1.4427  0.3596  
trainID = 2027  2.4946  2.044  0.385  4.04  1.3003  0.342  34.5781  3.4469  0.1763  3.5587  1.5999  4.4846  5.5555  2.398  3.1307  1.058  0.126  0.7837  5.6439  2.4761  3.0391  2.229  2.1538  0.3594  2.0577  7.3102  14.4515  4.2312  1.2718  3.9918  0.9746  1.5363  1.6832  5.9963  3.9868  4.3566  0.6334  4.4374  1.3862  2.2874  1.6279  0.479  2.5956  
trainID = 2084  4.6981  0.5128  1.71  0.112  0.8416  1.528  34.1651  2.5715  0.7851  0.9833  3.317  3.391  6.9829  0.9181  1.0199  2.5705  0.547  1.8264  7.6923  1.6237  3.2311  1.635  0.627  2.1421  1.2761  5.4402  19.0772  5.1257  0.9188  5.7056  0.6884  4.6574  2.0792  4.0143  3.3647  7.1189  4.5293  1.4884  1.8178  4.8097  0.3147  0.072  4.3598  
trainID = 2089  3.2377  0.8252  0.343  2.5445  1.3783  4.2003  0.227  0.0439  0.632  4.25  2.2429  0.9589  0.2322  1.5632  5.2948  1.8122  0.2375  1.7944  2.0356  2.1174  7.1973  2.1569  3.8943  0.552  0.1501  1.8042  1.5218  4.0344  4.1606  4.7889  1.4942  4.0415  3.3354  1.0369  2.9102  4.4863  0.9466  6.4913  0.1583  3.0894  0.3748  0.3023  4.1849  1.6672  2.2099  
trainID = 2093  3.1353  0.9765  1.9868  0.994  1.3225  2.319  2.287  1.0505  0.017  0.0253  0.8143  1.4432  1.6552  1.8418  0.3605  1.5253  0.5781  0.9406  0.841  3.7321  6.4373  2.8369  4.354  1.803  1.9239  0.8919  0.4404  2.4838  1.4369  0.5844  0.2747  0.5098  2.5292  2.7557  2.4012  0.0622  0.3122  2.8225  0.8745  2.0885  0.7134  1.1758  2.7969  0.329  3.7701  
trainID = 2112  0.9169  0.307  1.425  1.03  2.9687  2.261  36.2591  2.7027  0.4138  0.7717  3.6815  1.8989  4.7326  4.2607  0.9134  2.6009  1.2375  1.001  5.5277  5.1586  1.519  2.378  0.5165  1.4232  0.5888  3.1151  4.8687  1.3607  1.4493  0.56  0.8801  0.1942  0.3393  2.7112  2.5289  4.511  3.1491  0.5942  1.394  1.4135  1.0449  1.586  3.7421  
trainID = 2129  4.4215  2.8388  1.298  2.7369  0.5301  0.749  34.0111  0.1011  0.2713  4.3441  3.3764  4.6896  3.9777  0.9638  1.6939  1.2912  1.411  0.848  4.7122  4.5135  3.0773  0.793  1.1381  2.3483  4.7461  4.447  3.1287  4.2826  1.7831  0.5414  1.1233  0.5496  1.6822  0.0654  5.5802  5.6528  1.5012  1.1255  0.4582  0.6423  3.2399  1.983  3.0014  
trainID = 2130  1.963  1.3806  1.1278  2.9844  2.9163  0.6064  3.97  0.9282  0.1195  1.568  2.1379  0.6736  1.227  5.4789  0.935  1.6787  2.0665  1.194  1.7039  0.041  2.4723  0.6805  1.7238  1.11  0.396  2.2034  0.8348  0.0598  0.1284  5.2582  1.2871  0.5594  2.8965  3.8604  1.2134  2.6642  2.1815  4.3888  1.232  2.7835  1.412  0.1245  0.2322  
trainID = 2191  2.547  0.1968  2.4105  3.175  3.2979  2.624  6.2829  0.164  0.0958  0.348  1.8512  1.41  4.2387  10.8452  3.6052  2.603  0.2401  1.2217  5.3819  0.018  3.4125  0.0698  0.398  3.3082  2.416  4.8476  4.136  4.448  4.7048  7.6302  6.0574  1.7577  4.867  2.8166  3.0473  2.2722  1.3166  7.1825  1.435  0.9827  1.4011  2.6772  4.4136  
trainID = 2231  2.326  4.3807  0.9598  1.1626  5.4581  2.6739  6.4737  1.9473  0.8359  0.554  1.6692  0.138  3.6862  17.986  1.4856  6.3225  1.2269  0.9574  11.279  1.7056  6.0265  3.7752  0.6953  2.013  3.4285  6.8565  2.3805  4.1415  9.6215  10.4698  8.1688  2.4204  6.4776  3.1136  5.5942  5.2812  0.6921  7.3131  0.578  1.2237  0.4503  2.6737  4.2605  
trainID = 2244  2.4995  1.4176  0.788  0.929  2.0123  3.8268  1.029  0.7309  0.404  2.2181  2.0189  2.9138  0.5604  0.7753  2.7264  0.9426  1.8945  1.4796  1.411  1.6692  2.8262  3.0007  0.999  4.5229  1.4615  1.4231  0.5634  0.1705  1.7808  1.57  0.6649  2.7361  0.0533  1.2383  2.5712  4.4852  0.5706  5.062  3.7525  1.6244  0.7266  1.966  0.9239  2.163  2.7653  
trainID = 2249  0.389  0.3415  5.7451  0.762  4.7603  0.8051  1.846  0.321  2.5841  0.259  4.6335  2.3089  1.767  1.1567  9.3755  7.2178  2.3423  2.0051  1.6093  0.269  2.0353  5.7395  4.5943  3.5931  2.9125  20.2892  3.5938  13.0209  3.743  5.9391  7.4585  0.1155  2.6632  6.5798  5.6994  3.397  6.8801  2.8031  2.2696  2.2422  0.6689  2.767  0.092  
trainID = 2343  4.2288  1.0781  0.618  0.797  0.6504  2.022  34.8881  2.8748  1.6838  0.468  5.9406  1.4299  5.3972  1.917  0.2627  0.2743  0.669  2.2026  4.6779  3.6336  1.001  1.127  2.1763  1.2284  1.0372  0.2372  7.897  5.5074  1.2313  1.2924  3.2236  0.0423  2.5092  3.8594  0.9605  5.0988  1.3724  1.0249  0.4436  1.2518  0.9369  0.514  3.711  
trainID = 2356  0.1335  0.2938  0.717  2.2358  1.9522  4.6729  0.579  0.2514  0.244  2.2851  0.2615  2.9863  1.82  0.739  2.8374  1.1041  0.7425  0.5389  0.549  2.614  2.9327  3.6322  2.737  0.946  0.5681  3.3028  0.211  0.636  0.4021  0.8247  0.0238  1.6941  1.2032  0.8932  2.2572  1.1434  1.2697  3.961  1.262  1.919  2.5795  0.9151  2.3209  3.374  1.2251  
trainID = 2362  3.6672  2.3009  2.3961  2.7291  2.1418  3.8055  2.875  1.1997  0.528  1.5702  3.9533  4.3784  4.0543  3.4935  1.8709  1.2394  0.0747  2.3007  0.9758  4.6699  5.0323  2.9515  1.023  2.395  0.2288  2.3531  2.156  3.0859  4.2245  4.1696  1.2958  0.558  0.812  1.3335  1.2142  1.5059  4.4029  3.8054  2.9768  0.6803  0.1342  1.4077  33.0154  
trainID = 2363  1.2506  0.2553  2.1034  0.781  0.7664  1.431  36.0321  2.5526  0.5416  1.3417  1.7547  1.9668  2.9514  6.3816  0.031  1.3448  2.394  0.4818  5.0189  3.6206  2.175  2.8069  0.5632  0.8485  1.9489  0.2072  1.3951  2.13  1.5405  1.9202  0.4582  2.0046  0.1531  1.5058  1.2098  3.6924  1.7829  0.1317  1.4519  0.0336  3.9649  0.805  2.8388  
trainID = 2388  4.1773  2.3799  0.129  0.436  2.8406  2.178  0.378  1.4685  2.819  4.7584  2.6529  1.115  1.01  4.3691  6.7922  1.2373  1.6246  2.2595  1.75  0.5328  4.0735  3.1505  0.289  0.502  2.2354  1.4529  1.279  15.4122  12.3972  15.3025  2.8012  3.5483  2.4316  0.363  2.2712  5.831  4.9538  5.2564  1.2234  3.6336  2.2618  4.4745  0.0998  1.832  0.6158  
trainID = 2402  1.072  2.8035  1.6414  3.5914  2.134  0.8776  4.7505  0.058  1.5682  2.107  1.0679  0.157  2.312  5.2991  3.6007  2.5937  4.1816  2.0101  4.6941  1.2  1.984  1.4317  0.7629  2.278  0.288  4.1281  0.4913  0.8102  2.3687  2.7917  2.2851  1.4744  2.1832  7.4235  1.2779  3.4932  2.6684  2.9298  2.865  2.1061  0.708  1.0722  0.8411  
trainID = 2477  1.9537  2.3449  1.4553  1.8707  0.3321  1.097  1.091  0.2254  0.054  1.2739  0.648  5.305  3.8676  4.042  1.4649  1.5798  0.5244  0.9178  1.709  5.1251  4.1235  3.0249  1.849  1.46  1.8761  2.2581  1.0404  2.2112  2.6569  4.4058  1.7301  1.2015  1.1911  2.0383  1.5302  0.7186  2.5487  4.1631  2.746  1.3196  0.5816  1.7489  31.2124  
trainID = 2508  0.5611  0.8488  2.6401  3.4657  1.5491  2.5757  1.248  0.3569  2.1362  2.7092  1.2444  1.7184  7.8344  2.5194  0.1935  0.2088  0.3871  5.2209  0.208  3.4775  1.0034  2.3546  0.778  0.689  1.9148  0.8602  0.839  5.0591  5.7555  4.5601  1.6756  4.0142  4.1766  1.6319  4.2782  0.5966  6.0857  3.9252  0.3386  1.8481  2.7693  0.1065  32.1204  
trainID = 2513  1.538  3.8208  1.1828  1.746  5.1993  3.2181  3.2611  3.1848  1.635  1.678  0.5362  0.679  3.3368  11.0973  5.355  0.5081  4.3106  1.847  6.0242  0.438  1.9732  1.8977  2.0219  0.806  0.301  7.8623  0.8894  0.6225  5.521  5.879  5.5752  2.069  6.7944  6.268  1.9186  4.5692  0.6308  4.7781  1.2672  0.6418  1.9281  1.2626  2.7022  
trainID = 2574  5.3039  1.8694  0.437  4.2268  0.5121  0.361  32.7611  2.9776  2.7095  2.7936  5.3365  1.5763  4.4516  2.9652  0.284  1.4012  2.629  1.6353  5.439  3.9875  2.84  3.347  2.2775  4.9734  2.423  0.1327  4.4896  4.7482  1.3716  2.6931  0.5386  2.4828  2.2741  4.0618  0.8952  5.6212  2.4296  0.9871  1.0938  0.5002  0.3071  1.549  3.6549  
trainID = 2612  3.6324  0.2125  3.383  0.633  2.1929  4.1689  33.8891  1.114  0.3883  0.548  1.6952  2.3195  6.1633  1.5144  0.5534  1.0037  1.019  0.0094  4.6819  2.8712  2.564  1.317  0.0624  2.4764  0.5113  5.9477  15.01  0.748  2.3979  3.0666  2.3328  2.8629  0.1  1.9466  5.8241  5.251  1.1023  1.2219  1.1409  1.9585  2.1659  1.627  0.8389  
trainID = 2644  1.1985  1.0248  1.019  5.354  2.3972  3.9132  0.258  0.2202  0.727  0.4507  1.0269  1.0183  3.4223  2.1146  1.0981  0.5094  0.8397  0.1921  1.464  2.1729  1.3057  0.7501  1.71  2.41  1.8256  2.6755  2.1011  0.7877  1.1985  0.8366  0.2169  0.6762  3.8059  2.8518  2.1182  2.4278  0.3223  5.1304  1.6394  1.5013  3.9047  0.1483  31.4184  
trainID = 2659  1.225  0.3502  0.4648  1.728  1.6325  1.0671  4.452  0.054  0.9193  0.894  0.6338  2.0259  2.2827  3.4301  5.4113  0.465  0.4501  2.7901  1.4858  0.188  0.4286  2.2426  1.4227  0.101  3.5942  5.6187  0.397  1.3781  2.4842  0.8715  0.7121  0.4142  1.8991  3.7415  0.7953  0.9247  1.1629  1.2215  2.9395  0.6572  1.7129  0.7822  0.7166  
trainID = 2673  2.948  1.1187  4.2219  4.0109  1.485  4.1112  6.114  0.093  2.3684  1.544  1.6843  1.901  3.8349  11.0191  13.5727  8.9484  1.242  1.2081  8.4953  2.934  6.7013  2.6391  1.803  4.4931  0.263  5.0992  0.8999  7.3277  7.6274  8.0268  7.6247  0.8955  6.0665  2.4751  2.2346  0.9736  3.1899  7.8999  1.9853  0.0489  3.5681  3.1447  1.3656  
trainID = 2703  2.1484  0.1329  1.366  0.525  1.7635  2.7765  32.9731  3.2771  4.4079  0.375  1.5811  2.1089  4.7318  0.7834  0.6287  0.3707  0.463  0.0323  5.4018  4.6109  0.504  1.468  2.5249  1.594  1.6724  3.9364  5.5917  4.8107  0.7726  4.3046  1.7923  0.6909  2.7592  4.2472  3.732  3.2815  0.7775  1.4369  1.0104  2.1228  0.7719  1.213  0.0843  
trainID = 2706  2.7536  1.2772  0.586  2.243  1.1154  1.92  2.483  0.5871  1.041  1.2673  2.3619  3.1343  1.3801  2.6516  6.2166  0.851  1.2871  2.6001  0.164  2.0126  3.7866  5.2093  0.863  1.127  1.1312  2.6672  2.4471  2.5849  2.9178  2.8029  0.7971  5.8694  0.5544  4.0939  1.3302  6.1569  1.059  2.7813  0.262  0.2988  0.9561  0.0777  2.7049  1.6167  0.4053  
trainID = 2792  4.8119  0.437  0.455  2.1546  1.8603  2.268  33.8181  1.4705  2.2394  1.7723  5.6797  2.6503  4.9462  0.8361  0.8686  2.7469  0.645  2.6411  7.2653  3.388  2.904  2.015  1.3275  2.1534  3.3165  0.0567  11.5238  2.2601  1.035  5.2159  1.8193  1.8926  0.05  5.233  2.076  5.5346  1.5287  2.6138  2.2005  1.1881  1.3918  0.452  3.5685  
trainID = 2795  1.3328  0.1395  0.868  4.052  3.5345  4.2619  2.664  0.8004  1.966  0.1037  1.0493  0.8177  3.0555  2.3787  1.5533  2.0129  1.27  0.1698  0.935  1.5652  0.9748  2.9932  1.008  2.8761  1.3841  0.3582  0.4104  1.9703  5.3996  2.9515  0.141  3.8233  1.0697  0.2355  0.6745  0.1986  4.8444  3.6357  2.8877  0.4734  1.2064  0.775  32.2494  
trainID = 2809  2.2129  4.6848  0.722  3.591  0.4008  4.2282  1.2329  3.9036  0.819  2.5562  4.4729  0.155  4.8738  10.8786  5.718  0.6121  3.7462  2.8615  0.274  0.2577  2.645  33.4562  2.7917  3.7638  1.4676  9.2321  0.2161  6.3899  4.0187  1.7276  5.6921  0.8218  2.1292  6.4418  2.1971  2.7705  3.2334  0.7725  2.0775  0.0782  1.3189  2.004  1.8352  
trainID = 2842  2.377  1.768  1.6923  3.4728  6.4384  5.0872  4.6971  1.108  0.7093  2.214  1.5757  2.8543  5.5526  12.9325  16.0241  10.7966  1.3322  5.9221  8.2095  1.678  6.1569  2.3638  3.0063  1.177  1.463  9.0594  3.2173  7.7782  7.8476  9.9853  8.0639  1.1037  7.5091  1.9346  3.7455  2.3382  2.2115  7.9421  0.4382  0.3743  2.3441  5.0697  1.3488  
trainID = 2848  1.6388  1.9843  0.136  3.7486  2.801  3.258  2.0678  0.0803  0.298  4.1034  0.6515  0.65  6.7334  7.0505  4.0969  1.7121  4.2753  1.201  1.1105  0.3631  4.0071  32.4532  3.5394  1.4297  3.7351  10.3667  2.6429  2.611  2.2253  2.2284  6.8006  0.5326  3.1212  6.4228  2.9728  3.2936  2.9951  2.1118  0.8163  0.6664  2.9809  0.125  1.7204  
trainID = 2859  2.251  2.1007  0.1921  3.9289  4.6946  3.828  5.7099  1.8658  1.936  1.598  1.1294  1.1345  4.7942  13.2263  1.7885  4.9346  2.3727  1.0421  7.1898  0.082  3.3105  1.2733  1.6777  2.402  1.166  6.1795  3.6924  5.928  9.3072  7.5399  9.7171  0.9845  4.9706  0.804  3.5571  0.3198  1.0921  8.9577  1.8482  1.9009  1.4833  2.2081  4.5788  
trainID = 2874  1.233  2.2489  1.0861  1.0078  1.5445  1.0759  1.924  0.9706  2.5034  1.678  1.1656  1.1521  0.717  6.5799  4.6552  1.5309  2.5557  3.795  2.2289  2.5525  0.1693  1.4059  0.426  0.68  0.02  5.4136  3.2466  1.395  0.0501  0.8471  0.0025  1.6478  0.5728  3.7365  0.8036  2.2832  4.7077  0.5203  3.288  3.5489  2.6442  0.4433  1.5162  
trainID = 2889  2.9237  0.0337  2.34  1.168  2.0181  1.969  34.3291  1.8054  0.0508  2.7177  4.5799  2.4934  5.2518  0.6844  3.1295  0.5033  1.56  1.649  5.7267  1.9417  0.677  0.249  0.8998  0.123  1.0434  3.8104  15.7637  9.4702  0.0588  4.9467  0.9606  1.4378  0.7288  3.8674  3.0789  7.9972  3.3734  1.2488  0.5231  0.5175  1.1917  0.013  0.8666  
trainID = 2896  1.6006  0.0468  0.371  3.9004  3.6116  0.922  2.593  2.3437  0.61  4.0322  0.3408  0.228  1.9114  1.2065  3.9013  0.5929  2.3641  3.7598  0.368  0.4369  1.9612  3.2137  3.2484  1.862  1.1147  0.3038  0.0068  3.3153  5.5473  2.9805  0.973  3.3739  1.0543  0.3505  0.0861  2.0821  1.2358  6.7735  1.2186  1.1536  0.1707  2.349  2.6759  0.498  3.6506  
trainID = 2930  1.357  0.8267  1.1944  2.628  2.4952  3.5889  3.785  0.838  1.3298  1.864  2.1319  1.1784  5.1269  12.2376  7.8647  8.6235  1.1167  5.1039  6.1038  1.446  4.7255  0.4443  3.3744  4.2034  1.39  7.9721  2.976  4.5509  7.4962  7.0078  6.263  2.0009  4.2237  2.0127  2.398  5.6622  2.5588  9.4066  0.186  0.3182  1.8781  1.5697  1.3846  
trainID = 2965  1.722  2.5063  0.2567  3.9121  6.3617  4.8812  5.1966  0.677  0.4336  2.3473  0.5616  0.4012  4.1413  15.5134  2.4047  3.7047  0.1463  1.7481  7.3133  0.808  3.6819  3.6364  1.4818  3.9236  0.841  6.7411  0.1971  3.3384  7.0163  7.6086  6.6271  0.3058  7.7366  5.8688  2.8606  1.7772  0.3554  6.0147  1.5873  1.1606  4.9101  3.3387  4.2019  
TrainID = 1188  dbValue = 1.49525  nTestCell = 46  nTrainCell = 45  nDiff = 1  (X,Y) = (1445, 2045)  Position Error = 68.0661
TrainID = 1184  dbValue = 1.54618  nTestCell = 46  nTrainCell = 45  nDiff = 1  (X,Y) = (1415, 2065)  Position Error = 44.4185
TrainID = 2356  dbValue = 1.55092  nTestCell = 46  nTrainCell = 45  nDiff = 1  (X,Y) = (1385, 2075)  Position Error = 33.9559
TrainID = 2659  dbValue = 1.5853  nTestCell = 46  nTrainCell = 43  nDiff = 3  (X,Y) = (1445, 1995)  Position Error = 82.662
TrainID = 1484  dbValue = 1.6148  nTestCell = 46  nTrainCell = 46  nDiff = 0  (X,Y) = (1385, 2065)  Position Error = 24.3516
TrainID = 2093  dbValue = 1.65454  nTestCell = 46  nTrainCell = 45  nDiff = 1  (X,Y) = (1385, 2085)  Position Error = 43.7379
TrainID = 827  dbValue = 1.65936  nTestCell = 46  nTrainCell = 43  nDiff = 3  (X,Y) = (1395, 2045)  Position Error = 18.2483
TrainID = 2130  dbValue = 1.73031  nTestCell = 46  nTrainCell = 43  nDiff = 3  (X,Y) = (1405, 1985)  Position Error = 63.5059
TrainID = 550  dbValue = 1.73186  nTestCell = 46  nTrainCell = 45  nDiff = 1  (X,Y) = (1425, 2095)  Position Error = 71.5052
TrainID = 1444  dbValue = 1.74091  nTestCell = 46  nTrainCell = 45  nDiff = 1  (X,Y) = (1415, 2105)  Position Error = 73.5731
TrainID = 697  dbValue = 1.75106  nTestCell = 46  nTrainCell = 45  nDiff = 1  (X,Y) = (1445, 2065)  Position Error = 71.7844
TrainID = 377  dbValue = 1.7959  nTestCell = 46  nTrainCell = 45  nDiff = 1  (X,Y) = (1415, 2105)  Position Error = 73.5731
TrainID = 2244  dbValue = 1.8193  nTestCell = 46  nTrainCell = 45  nDiff = 1  (X,Y) = (1405, 2095)  Position Error = 59.9416
TrainID = 1464  dbValue = 1.89319  nTestCell = 46  nTrainCell = 43  nDiff = 3  (X,Y) = (1345, 2105)  Position Error = 70.6612
TrainID = 2874  dbValue = 1.89706  nTestCell = 46  nTrainCell = 43  nDiff = 3  (X,Y) = (1485, 2005)  Position Error = 114.162
TrainID = 2896  dbValue = 1.91867  nTestCell = 46  nTrainCell = 45  nDiff = 1  (X,Y) = (1425, 2115)  Position Error = 87.367
TrainID = 2002  dbValue = 1.94501  nTestCell = 46  nTrainCell = 43  nDiff = 3  (X,Y) = (1485, 2015)  Position Error = 111.324
TrainID = 1044  dbValue = 1.96464  nTestCell = 46  nTrainCell = 43  nDiff = 3  (X,Y) = (1355, 1965)  Position Error = 80.0812
TrainID = 889  dbValue = 2.00112  nTestCell = 46  nTrainCell = 43  nDiff = 3  (X,Y) = (1375, 1985)  Position Error = 57.0351
TrainID = 2706  dbValue = 2.05408  nTestCell = 46  nTrainCell = 45  nDiff = 1  (X,Y) = (1415, 2105)  Position Error = 73.5731
TrainID = 1977  dbValue = 2.10628  nTestCell = 46  nTrainCell = 43  nDiff = 3  (X,Y) = (1445, 1945)  Position Error = 118.461
TrainID = 1689  dbValue = 2.12068  nTestCell = 46  nTrainCell = 43  nDiff = 3  (X,Y) = (1325, 2005)  Position Error = 63.8201
TrainID = 1420  dbValue = 2.14202  nTestCell = 46  nTrainCell = 43  nDiff = 3  (X,Y) = (1395, 2015)  Position Error = 32.45
TrainID = 1437  dbValue = 2.23673  nTestCell = 46  nTrainCell = 45  nDiff = 1  (X,Y) = (1455, 2075)  Position Error = 84.6936
TrainID = 1440  dbValue = 2.2378  nTestCell = 46  nTrainCell = 45  nDiff = 1  (X,Y) = (1445, 2135)  Position Error = 115.209
TrainID = 2402  dbValue = 2.24145  nTestCell = 46  nTrainCell = 43  nDiff = 3  (X,Y) = (1455, 1975)  Position Error = 102.825
TrainID = 1896  dbValue = 2.26815  nTestCell = 46  nTrainCell = 43  nDiff = 3  (X,Y) = (1355, 2035)  Position Error = 23.0868
TrainID = 2089  dbValue = 2.28802  nTestCell = 46  nTrainCell = 45  nDiff = 1  (X,Y) = (1425, 2105)  Position Error = 79.2023
TrainID = 546  dbValue = 2.35327  nTestCell = 46  nTrainCell = 45  nDiff = 1  (X,Y) = (1485, 2105)  Position Error = 125.032
TrainID = 1394  dbValue = 2.35578  nTestCell = 46  nTrainCell = 45  nDiff = 1  (X,Y) = (1465, 2135)  Position Error = 128.035
TrainID = 508  dbValue = 2.36522  nTestCell = 46  nTrainCell = 43  nDiff = 3  (X,Y) = (1455, 2005)  Position Error = 86.3308
TrainID = 2644  dbValue = 2.37636  nTestCell = 46  nTrainCell = 43  nDiff = 3  (X,Y) = (1435, 2025)  Position Error = 60.4401
TrainID = 368  dbValue = 2.47238  nTestCell = 46  nTrainCell = 43  nDiff = 3  (X,Y) = (1475, 1915)  Position Error = 160.415
TrainID = 2795  dbValue = 2.49002  nTestCell = 46  nTrainCell = 43  nDiff = 3  (X,Y) = (1335, 1995)  Position Error = 63.0317
TrainID = 2363  dbValue = 2.52487  nTestCell = 46  nTrainCell = 43  nDiff = 3  (X,Y) = (1365, 2105)  Position Error = 64.1327
TrainID = 1926  dbValue = 2.53038  nTestCell = 46  nTrainCell = 43  nDiff = 3  (X,Y) = (1365, 2075)  Position Error = 35.1141
TrainID = 1429  dbValue = 2.53907  nTestCell = 46  nTrainCell = 43  nDiff = 3  (X,Y) = (1405, 2135)  Position Error = 97.1236
TrainID = 1884  dbValue = 2.56619  nTestCell = 46  nTrainCell = 43  nDiff = 3  (X,Y) = (1435, 1925)  Position Error = 130.587
TrainID = 456  dbValue = 2.60367  nTestCell = 46  nTrainCell = 45  nDiff = 1  (X,Y) = (1495, 2075)  Position Error = 122.528
TrainID = 1693  dbValue = 2.61975  nTestCell = 46  nTrainCell = 44  nDiff = 2  (X,Y) = (1345, 1985)  Position Error = 65.3682
TrainID = 2477  dbValue = 2.6632  nTestCell = 46  nTrainCell = 43  nDiff = 3  (X,Y) = (1345, 2045)  Position Error = 32.1403
TrainID = 401  dbValue = 2.66321  nTestCell = 46  nTrainCell = 43  nDiff = 3  (X,Y) = (1355, 2115)  Position Error = 76.243
TrainID = 1651  dbValue = 2.67626  nTestCell = 46  nTrainCell = 43  nDiff = 3  (X,Y) = (1385, 1895)  Position Error = 147.218
TrainID = 1483  dbValue = 2.69166  nTestCell = 46  nTrainCell = 43  nDiff = 3  (X,Y) = (1455, 1915)  Position Error = 149.04
TrainID = 516  dbValue = 2.72955  nTestCell = 46  nTrainCell = 43  nDiff = 3  (X,Y) = (1365, 2105)  Position Error = 64.1327
TrainID = 884  dbValue = 2.74454  nTestCell = 46  nTrainCell = 43  nDiff = 3  (X,Y) = (1365, 2075)  Position Error = 35.1141
TrainID = 1864  dbValue = 2.75216  nTestCell = 46  nTrainCell = 43  nDiff = 3  (X,Y) = (1345, 2095)  Position Error = 61.9112
TrainID = 1708  dbValue = 2.76139  nTestCell = 46  nTrainCell = 45  nDiff = 1  (X,Y) = (1505, 2125)  Position Error = 152.555
TrainID = 957  dbValue = 2.76346  nTestCell = 46  nTrainCell = 43  nDiff = 3  (X,Y) = (1365, 2135)  Position Error = 93.771
TrainID = 912  dbValue = 2.78286  nTestCell = 46  nTrainCell = 43  nDiff = 3  (X,Y) = (1335, 2005)  Position Error = 55.9732
TrainID = 791  dbValue = 2.80887  nTestCell = 46  nTrainCell = 43  nDiff = 3  (X,Y) = (1325, 2015)  Position Error = 58.5918
TrainID = 1392  dbValue = 2.81827  nTestCell = 46  nTrainCell = 43  nDiff = 3  (X,Y) = (1325, 2075)  Position Error = 61.5873
TrainID = 2703  dbValue = 2.82691  nTestCell = 46  nTrainCell = 43  nDiff = 3  (X,Y) = (1435, 2135)  Position Error = 109.604
TrainID = 2112  dbValue = 2.83573  nTestCell = 46  nTrainCell = 43  nDiff = 3  (X,Y) = (1385, 2125)  Position Error = 83.3847
TrainID = 438  dbValue = 2.84295  nTestCell = 46  nTrainCell = 43  nDiff = 3  (X,Y) = (1375, 2145)  Position Error = 103.019
TrainID = 802  dbValue = 2.84827  nTestCell = 46  nTrainCell = 43  nDiff = 3  (X,Y) = (1435, 1885)  Position Error = 167.371
TrainID = 2343  dbValue = 2.86971  nTestCell = 46  nTrainCell = 43  nDiff = 3  (X,Y) = (1355, 2135)  Position Error = 95.5667
TrainID = 471  dbValue = 2.87606  nTestCell = 46  nTrainCell = 43  nDiff = 3  (X,Y) = (1325, 2065)  Position Error = 56.8595
TrainID = 1504  dbValue = 2.87613  nTestCell = 46  nTrainCell = 43  nDiff = 3  (X,Y) = (1365, 1885)  Position Error = 157.458
TrainID = 1991  dbValue = 2.90122  nTestCell = 46  nTrainCell = 43  nDiff = 3  (X,Y) = (1375, 2135)  Position Error = 93.0215
TrainID = 2191  dbValue = 2.98035  nTestCell = 46  nTrainCell = 43  nDiff = 3  (X,Y) = (1355, 1895)  Position Error = 148.637
TrainID = 2508  dbValue = 2.988  nTestCell = 46  nTrainCell = 43  nDiff = 3  (X,Y) = (1375, 1935)  Position Error = 107.019
TrainID = 2513  dbValue = 2.99477  nTestCell = 46  nTrainCell = 43  nDiff = 3  (X,Y) = (1445, 1895)  Position Error = 161.966
TrainID = 1958  dbValue = 3.00675  nTestCell = 46  nTrainCell = 43  nDiff = 3  (X,Y) = (1345, 2145)  Position Error = 107.856
TrainID = 1337  dbValue = 3.02283  nTestCell = 46  nTrainCell = 43  nDiff = 3  (X,Y) = (1375, 1875)  Position Error = 167.012
TrainID = 2362  dbValue = 3.04619  nTestCell = 46  nTrainCell = 43  nDiff = 3  (X,Y) = (1305, 2015)  Position Error = 76.896
TrainID = 1862  dbValue = 3.05315  nTestCell = 46  nTrainCell = 43  nDiff = 3  (X,Y) = (1385, 1865)  Position Error = 177.181
TrainID = 2129  dbValue = 3.06209  nTestCell = 46  nTrainCell = 43  nDiff = 3  (X,Y) = (1325, 2065)  Position Error = 56.8595
TrainID = 1568  dbValue = 3.06801  nTestCell = 46  nTrainCell = 43  nDiff = 3  (X,Y) = (1525, 2045)  Position Error = 148.03
TrainID = 960  dbValue = 3.1003  nTestCell = 46  nTrainCell = 43  nDiff = 3  (X,Y) = (1515, 2065)  Position Error = 139.904
TrainID = 1163  dbValue = 3.12295  nTestCell = 46  nTrainCell = 43  nDiff = 3  (X,Y) = (1315, 1985)  Position Error = 84.22
TrainID = 2612  dbValue = 3.12714  nTestCell = 46  nTrainCell = 43  nDiff = 3  (X,Y) = (1425, 2165)  Position Error = 132.034
TrainID = 2388  dbValue = 3.16888  nTestCell = 46  nTrainCell = 45  nDiff = 1  (X,Y) = (1495, 2165)  Position Error = 170.449
TrainID = 1156  dbValue = 3.17946  nTestCell = 46  nTrainCell = 43  nDiff = 3  (X,Y) = (1335, 1945)  Position Error = 105.702
TrainID = 2574  dbValue = 3.24068  nTestCell = 46  nTrainCell = 43  nDiff = 3  (X,Y) = (1345, 2125)  Position Error = 88.955
TrainID = 2889  dbValue = 3.24935  nTestCell = 46  nTrainCell = 43  nDiff = 3  (X,Y) = (1405, 2205)  Position Error = 165.387
TrainID = 1372  dbValue = 3.25829  nTestCell = 46  nTrainCell = 43  nDiff = 3  (X,Y) = (1505, 2105)  Position Error = 142.664
TrainID = 1193  dbValue = 3.26171  nTestCell = 46  nTrainCell = 43  nDiff = 3  (X,Y) = (1425, 2165)  Position Error = 132.034
TrainID = 2792  dbValue = 3.35607  nTestCell = 46  nTrainCell = 43  nDiff = 3  (X,Y) = (1375, 2165)  Position Error = 123.016
TrainID = 930  dbValue = 3.4002  nTestCell = 46  nTrainCell = 43  nDiff = 3  (X,Y) = (1355, 1845)  Position Error = 198.225
TrainID = 1344  dbValue = 3.41841  nTestCell = 46  nTrainCell = 43  nDiff = 3  (X,Y) = (1435, 2165)  Position Error = 135.989
TrainID = 2848  dbValue = 3.43625  nTestCell = 46  nTrainCell = 43  nDiff = 3  (X,Y) = (1545, 2065)  Position Error = 169.567
TrainID = 726  dbValue = 3.43704  nTestCell = 46  nTrainCell = 43  nDiff = 3  (X,Y) = (1315, 1945)  Position Error = 115.122
TrainID = 1827  dbValue = 3.44751  nTestCell = 46  nTrainCell = 43  nDiff = 3  (X,Y) = (1375, 1845)  Position Error = 197.01
TrainID = 1671  dbValue = 3.44989  nTestCell = 46  nTrainCell = 43  nDiff = 3  (X,Y) = (1375, 2185)  Position Error = 143.014
TrainID = 920  dbValue = 3.49218  nTestCell = 46  nTrainCell = 43  nDiff = 3  (X,Y) = (1405, 1865)  Position Error = 179.201
TrainID = 1339  dbValue = 3.49232  nTestCell = 46  nTrainCell = 43  nDiff = 3  (X,Y) = (1455, 2165)  Position Error = 145.647
TrainID = 2965  dbValue = 3.49414  nTestCell = 46  nTrainCell = 43  nDiff = 3  (X,Y) = (1385, 1835)  Position Error = 207.155
TrainID = 2859  dbValue = 3.5046  nTestCell = 46  nTrainCell = 43  nDiff = 3  (X,Y) = (1355, 1855)  Position Error = 188.29
TrainID = 2027  dbValue = 3.55113  nTestCell = 46  nTrainCell = 43  nDiff = 3  (X,Y) = (1445, 2165)  Position Error = 140.545
TrainID = 2930  dbValue = 3.60101  nTestCell = 46  nTrainCell = 43  nDiff = 3  (X,Y) = (1315, 1855)  Position Error = 197.01
TrainID = 1229  dbValue = 3.60777  nTestCell = 46  nTrainCell = 43  nDiff = 3  (X,Y) = (1365, 2185)  Position Error = 143.503
TrainID = 2809  dbValue = 3.61121  nTestCell = 46  nTrainCell = 43  nDiff = 3  (X,Y) = (1565, 2045)  Position Error = 188.024
TrainID = 984  dbValue = 3.63217  nTestCell = 46  nTrainCell = 43  nDiff = 3  (X,Y) = (1315, 1855)  Position Error = 197.01
TrainID = 2249  dbValue = 3.71152  nTestCell = 46  nTrainCell = 43  nDiff = 3  (X,Y) = (1605, 2105)  Position Error = 236.544
TrainID = 1343  dbValue = 3.75365  nTestCell = 46  nTrainCell = 43  nDiff = 3  (X,Y) = (1395, 2225)  Position Error = 183.883
TrainID = 2084  dbValue = 3.77418  nTestCell = 46  nTrainCell = 43  nDiff = 3  (X,Y) = (1415, 2195)  Position Error = 157.648
TrainID = 1905  dbValue = 3.8348  nTestCell = 46  nTrainCell = 43  nDiff = 3  (X,Y) = (1535, 2135)  Position Error = 183.338
TrainID = 1716  dbValue = 3.88153  nTestCell = 46  nTrainCell = 43  nDiff = 3  (X,Y) = (1415, 2215)  Position Error = 177.124
TrainID = 819  dbValue = 3.91423  nTestCell = 46  nTrainCell = 43  nDiff = 3  (X,Y) = (1325, 1845)  Position Error = 203.747
TrainID = 1526  dbValue = 3.92967  nTestCell = 46  nTrainCell = 43  nDiff = 3  (X,Y) = (1285, 1855)  Position Error = 208.406
TrainID = 2673  dbValue = 3.93507  nTestCell = 46  nTrainCell = 43  nDiff = 3  (X,Y) = (1295, 1845)  Position Error = 213.385
TrainID = 1897  dbValue = 3.96281  nTestCell = 46  nTrainCell = 43  nDiff = 3  (X,Y) = (1495, 2175)  Position Error = 177.8
TrainID = 2231  dbValue = 3.97404  nTestCell = 46  nTrainCell = 43  nDiff = 3  (X,Y) = (1365, 1825)  Position Error = 217.332
TrainID = 493  dbValue = 4.02072  nTestCell = 46  nTrainCell = 43  nDiff = 3  (X,Y) = (1295, 1845)  Position Error = 213.385
TrainID = 1601  dbValue = 4.20225  nTestCell = 46  nTrainCell = 43  nDiff = 3  (X,Y) = (1405, 2215)  Position Error = 175.251
TrainID = 1436  dbValue = 4.2176  nTestCell = 46  nTrainCell = 43  nDiff = 3  (X,Y) = (1535, 2155)  Position Error = 194.25
TrainID = 1806  dbValue = 4.41288  nTestCell = 46  nTrainCell = 43  nDiff = 3  (X,Y) = (1295, 1825)  Position Error = 231.976
TrainID = 2842  dbValue = 4.48652  nTestCell = 46  nTrainCell = 43  nDiff = 3  (X,Y) = (1285, 1805)  Position Error = 254.23
TrainID = 855  dbValue = 4.55253  nTestCell = 46  nTrainCell = 43  nDiff = 3  (X,Y) = (1325, 1805)  Position Error = 242.638
TrainID = 1507  dbValue = 4.74445  nTestCell = 46  nTrainCell = 43  nDiff = 3  (X,Y) = (1315, 1795)  Position Error = 254.663
