trainID = 159  1.0942  3.8299  0.86  6.7776  1.2868  1.8587  2.9125  0.5506  0.117  0.6442  3.5621  1.8152  2.0131  7.6683  2.3529  3.4447  3.0917  3.6349  5.0767  5.0517  2.4467  34.8474  2.1651  3.5684  4.4946  5.2404  3.2994  13.4456  1.1805  2.5469  3.4231  2.1528  1.695  2.0415  1.4028  1.2805  1.8271  0.77  2.361  1.7542  1.8569  2.807  5.2834  1.396  
trainID = 213  1.37  0.3723  2.2318  3.1863  2.825  3.5987  0.166  2.6843  0.264  1.1314  1.697  0.374  0.9547  2.8463  0.3814  3.6559  2.4058  2.1606  1.8507  5.032  2.8249  0.617  2.4913  1.0313  1.7748  8.7237  4.3045  3.5022  0.3843  5.7445  1.0231  3.6171  0.175  1.1772  2.3652  0.0603  2.012  3.9989  1.2888  1.986  2.066  0.709  0.9457  2.1746  3.815  4.4054  1.893  
trainID = 247  3.9235  3.7899  1.6797  1.4905  1.5418  1.4565  0.7417  0.864  2.2808  2.448  1.2634  3.3061  4.4385  3.0676  3.2128  0.3815  2.3156  3.0568  0.27  2.0648  0.3256  0.0039  9.4651  3.3011  11.0262  0.5023  8.7354  1.7315  0.329  2.5621  3.2986  2.167  1.6196  0.7183  4.0765  0.2847  1.0379  0.9911  3.322  0.5698  4.0735  2.992  4.6158  34.6509  
trainID = 254  2.0532  1.0163  0.476  5.6643  2.2564  0.9892  2.1905  0.0276  1.373  2.2727  3.1533  1.124  1.1449  0.9629  1.9365  3.1877  1.4809  0.7257  2.7644  3.7444  0.3268  1.4799  0.4481  0.6285  2.2962  2.4288  5.368  1.5875  3.4854  0.5921  1.891  0.5967  3.2099  2.2229  0.0339  0.4943  3.959  1.3509  0.5881  0.464  2.129  1.4977  2.9519  1.832  1.2185  1.211  
trainID = 308  0.7489  1.9501  0.246  0.2845  1.9678  0.539  0.2277  0.266  0.261  0.2897  2.247  0.875  0.975  1.0676  1.6346  2.1025  1.6415  2.4128  1.3995  1.5514  0.4286  1.9001  1.4856  1.0211  1.7236  1.8194  6.5336  1.8554  0.9389  2.897  0.921  0.3922  1.4562  0.1394  0.8039  0.9106  2.3066  1.9833  2.0822  3.302  3.607  2.8778  3.117  0.557  3.0301  0.556  
trainID = 344  2.8701  2.381  0.773  0.597  3.2568  3.4149  2.9646  1.7494  0.7914  1.726  1.333  0.732  0.9398  6.927  1.4165  0.7289  1.5605  0.5267  0.9683  1.7097  2.3291  1.904  1.6581  2.7736  0.8768  5.0524  3.2952  9.9415  1.5843  1.7119  0.111  2.3124  1.5939  1.0557  0.7474  2.3312  6.1149  1.8279  0.6831  1.2279  0.563  3.346  2.0639  2.581  
trainID = 600  2.2615  4.6252  0.639  6.6646  4.1215  2.5827  2.5665  2.1743  1.427  1.0908  1.9  0.938  2.7605  9.7561  1.3364  3.3192  5.487  5.4491  2.4487  5.3483  0.1951  37.8752  5.816  3.8886  4.3728  9.961  3.168  5.9711  2.9734  0.6352  5.1245  3.5004  3.8952  3.8178  4.1046  1.2057  0.3595  2.123  0.147  1.4325  1.046  2.21  5.2125  0.284  
trainID = 667  1.2421  1.1501  2.391  3.9798  1.4752  1.3577  4.5635  2.3558  0.287  0.8702  0.813  1.942  1.6499  3.0897  1.0126  2.6236  1.7495  1.3687  1.2521  4.7506  1.6873  3.7159  0.676  1.0628  8.7513  5.3588  3.6381  1.1603  4.5084  5.1398  0.778  2.2756  2.0015  1.6886  0.4868  0.5232  3.3061  1.9273  1.6495  2.1101  2.143  0.1032  2.9903  0.504  5.6928  
trainID = 709  1.7289  4.2044  0.634  3.7092  0.6377  0.6728  3.1425  3.1314  1.0748  0.3726  2.314  3.253  0.9567  6.2352  2.1889  2.1952  1.3417  1.3727  0.5444  4.0538  1.9558  34.9507  1.7767  2.6447  1.5912  9.8153  1.6693  6.4452  1.1932  1.9803  5.2152  0.1589  1.1495  2.0804  2.1725  2.828  0.7407  1.152  2.066  0.6697  1.119  0.823  4.0205  1.296  
trainID = 733  1.3579  0.9578  0.537  3.1883  0.4443  0.8238  1.7135  1.4382  0.998  2.2415  1.747  2.0011  3.1818  2.3007  1.3847  4.5392  1.8227  2.2979  1.0145  3.2317  2.3247  0.102  1.9621  0.4284  1.0512  10.3566  3.5494  2.7276  0.4159  4.1733  2.1076  1.8755  0.4801  3.0432  0.0821  2.6178  0.7045  4.7621  1.518  2.1236  1.1501  1.534  3.3906  1.8621  0.645  4.949  0.34  
trainID = 801  0.5755  2.0222  0.153  2.7783  0.7717  1.8827  0.0491  1.2961  0.593  0.4323  0.528  0.188  1.2277  3.2394  2.1251  2.0198  0.1873  1.9085  0.3948  0.7165  1.281  1.0415  0.7842  0.6051  1.9155  2.6332  4.8484  1.1778  0.5331  0.3014  0.219  0.0103  0.1526  1.6846  0.8586  3.0287  5.0854  0.7338  1.394  1.4488  3.434  2.7248  29.4089  0.607  
trainID = 919  0.7338  4.583  0.855  6.7826  0.7858  0.6861  3.1755  2.4273  1.289  1.388  4.7336  1.413  5.1812  9.3306  0.901  2.9452  5.1127  4.6532  3.1787  3.8064  0.1736  37.6701  3.8436  1.7879  3.7286  7.0208  1.4214  9.8158  2.1851  2.7989  6.3433  1.8955  0.7454  4.0585  2.7727  0.7618  1.8277  0.827  2.73  2.3227  1.628  2.368  2.7514  0.893  
trainID = 946  3.9484  3.6577  0.6067  2.8095  0.1077  0.451  2.3457  0.864  0.983  4.2721  3.5421  1.2606  4.4224  2.1517  3.1502  0.3163  3.0373  4.4568  2.541  1.5862  1.339  1.1257  18.786  12.3875  0.8429  1.8629  5.3686  3.9276  0.165  3.36  3.3277  4.5989  1.6966  1.0058  3.4142  2.5535  0.7217  0.394  3.656  2.7046  2.8388  0.959  3.4306  36.9018  
trainID = 1136  4.2633  3.5587  1.8107  1.8635  0.7654  1.971  0.9991  1.092  2.7295  6.0193  1.169  0.5536  5.4939  2.4059  1.1306  1.3473  3.7824  3.1968  1.663  0.5027  0.4328  0.129  12.2711  2.9567  11.5468  2.1914  7.0926  3.6398  0.968  3.0559  1.7791  2.6853  2.4694  0.8325  4.3965  4.2231  2.2357  1.162  5.3792  1.1145  3.7607  1.247  4.077  36.013  
trainID = 1190  1.5066  1.6078  0.717  1.194  1.1994  1.1288  2.2775  0.0701  1.8174  0.4537  4.1213  0.369  1.0344  2.3448  0.6162  2.8074  4.7432  2.3597  0.6684  3.0733  1.3713  2.975  1.7489  1.5249  1.2375  2.7213  1.9418  6.6029  3.2009  4.7191  0.1235  0.212  0.9623  2.3337  1.5294  0.2046  1.1575  0.7164  0.4259  1.0674  1.7183  3.429  0.3933  2.063  1.728  3.7812  1.751  
trainID = 1191  1.7372  1.1886  1.092  5.2575  0.9164  0.2256  1.6335  2.9494  1.476  1.3919  1.36  0.62  3.0387  5.3585  1.3258  4.2853  4.0719  4.283  2.4687  2.0207  0.4818  36.7089  2.8781  0.3719  1.7631  2.381  10.9461  14.9179  1.6792  4.1487  5.5544  0.1945  2.8686  4.572  3.2337  1.1843  0.4895  0.888  3.506  1.2908  0.224  0.754  6.3049  2.781  
TrainID = 308  dbValue = 1.55072  nTestCell = 47  nTrainCell = 46  nDiff = 1  (X,Y) = (1855, 2505)  Position Error = 45.607
TrainID = 254  dbValue = 1.80078  nTestCell = 47  nTrainCell = 46  nDiff = 1  (X,Y) = (1845, 2495)  Position Error = 31.6228
TrainID = 1190  dbValue = 1.82447  nTestCell = 47  nTrainCell = 47  nDiff = 0  (X,Y) = (1855, 2505)  Position Error = 45.607
TrainID = 801  dbValue = 2.02274  nTestCell = 47  nTrainCell = 44  nDiff = 3  (X,Y) = (1885, 2455)  Position Error = 59.6657
TrainID = 733  dbValue = 2.07443  nTestCell = 47  nTrainCell = 47  nDiff = 0  (X,Y) = (1825, 2545)  Position Error = 76.0263
TrainID = 344  dbValue = 2.16029  nTestCell = 47  nTrainCell = 44  nDiff = 3  (X,Y) = (1925, 2415)  Position Error = 111.893
TrainID = 213  dbValue = 2.21913  nTestCell = 47  nTrainCell = 47  nDiff = 0  (X,Y) = (1835, 2525)  Position Error = 56.5685
TrainID = 667  dbValue = 2.30673  nTestCell = 47  nTrainCell = 45  nDiff = 2  (X,Y) = (1825, 2555)  Position Error = 86.0233
TrainID = 709  dbValue = 3.02904  nTestCell = 47  nTrainCell = 44  nDiff = 3  (X,Y) = (1745, 2495)  Position Error = 86.0233
TrainID = 247  dbValue = 3.31803  nTestCell = 47  nTrainCell = 44  nDiff = 3  (X,Y) = (1865, 2575)  Position Error = 112.606
TrainID = 1191  dbValue = 3.56416  nTestCell = 47  nTrainCell = 44  nDiff = 3  (X,Y) = (1755, 2555)  Position Error = 112.161
TrainID = 159  dbValue = 3.65748  nTestCell = 47  nTrainCell = 44  nDiff = 3  (X,Y) = (1725, 2535)  Position Error = 121.491
TrainID = 1136  dbValue = 3.68129  nTestCell = 47  nTrainCell = 44  nDiff = 3  (X,Y) = (1865, 2565)  Position Error = 103.247
TrainID = 946  dbValue = 3.72452  nTestCell = 47  nTrainCell = 44  nDiff = 3  (X,Y) = (1795, 2595)  Position Error = 130
TrainID = 919  dbValue = 3.78028  nTestCell = 47  nTrainCell = 44  nDiff = 3  (X,Y) = (1685, 2535)  Position Error = 156.589
TrainID = 600  dbValue = 4.0049  nTestCell = 47  nTrainCell = 44  nDiff = 3  (X,Y) = (1675, 2515)  Position Error = 158.808
