trainID = 319  0.5775  0.8  1.052  0.025  2.3441  3.1271  0.0602  3.6465  1.1102  2.7053  1.7738  1.9184  6.0348  1.9258  5.5748  3.7849  0.067  1.3056  4.0713  1.7846  5.8496  3.3908  0.0488  3.3756  1.4471  1.3143  2.8456  1.6404  0.7629  3.1287  3.7499  0.8018  2.8282  1.9912  0.9865  3.4562  2.7192  1.4966  0.8619  0.8808  0.938  0.2452  
trainID = 350  1.6976  0.4747  2.8386  0.546  0.1696  2.6364  5.5354  0.1105  5.0022  4.6696  5.1151  1.508  5.0702  0.2894  2.9966  2.7822  2.6358  1.1165  1.231  1.0804  1.6842  0.0754  5.9751  3.9577  1.7965  2.0158  2.5479  3.4897  0.6025  3.0873  6.6017  1.9718  0.2709  0.677  3.0726  1.097  4.0981  1.4346  1.2254  1.073  0.25  1.2712  
trainID = 356  3.426  0.6931  0.195  4.4936  3.4444  2.9617  0.3846  2.0622  2.3568  1.467  1.1012  0.904  0.9318  5.7146  2.1455  2.5917  14.8127  3.8318  1.6269  2.15  7.2959  2.5405  0.9298  1.1532  36.3724  0.9198  3.4102  4.2303  4.0895  0.1783  3.8943  0.908  1.1587  1.639  3.6843  0.2699  1.6954  1.99  2.8855  1.1384  
trainID = 367  0.1975  0.9693  1.894  0.401  0.686  0.26  1.1635  1.7377  2.5683  2.9815  1.582  0.1207  1.299  0.4257  1.095  4.9425  4.3073  2.6513  3.527  5.1864  0.9247  2.945  2.0376  3.1147  0.0036  2.3848  2.8057  32.0525  1.2411  1.6183  2.4047  2.2861  1.3906  3.3851  1.6592  0.0028  0.3705  4.1749  2.4916  1.8424  2.792  0.244  0.9808  
trainID = 388  2.3268  1.8696  0.162  32.9692  3.3084  2.4906  0.731  0.8562  2.3025  3.0491  3.8733  0.1173  0.876  3.9637  2.3766  0.022  3.3545  8.2246  2.1199  1.0765  2.7109  5.8332  0.1585  2.7  2.6454  38.511  2.096  2.4668  3.1297  1.9873  0.3785  4.5188  1.1734  1.2009  2.6048  3.3598  1.2636  2.3197  0.3808  0.553  1.9784  
trainID = 414  1.6818  4.0394  1.355  0.675  0.2549  0.563  1.6552  4.6655  1.6284  6.3526  2.3524  0.3671  6.2068  2.7159  2.5394  0.4417  1.624  1.586  6.8746  2.9988  6.6204  6.4523  10.037  3.2606  0.2885  2.8968  1.4688  1.361  0.2043  1.6117  6.7926  5.0355  1.8792  1.2443  2.7339  0.0115  5.0865  1.1827  0.1116  2.6325  0.175  0.785  0.4706  
trainID = 428  4.2655  0.1968  0.494  2.167  1.993  0.49  0.8047  6.2329  3.4163  2.2615  1.2525  0.6162  3.3593  0.4757  0.333  3.9637  6.6297  5.1385  15.9875  13.9605  11.0902  2.6831  7.6734  1.1061  2.3065  4.0168  2.0812  34.2456  1.4715  3.0373  6.3239  5.2184  2.0977  1.296  0.9565  5.8246  0.8589  6.2406  0.0899  1.1689  0.7  3.255  1.7255  
trainID = 435  3.0043  3.0772  0.504  1.719  1.5152  2.069  0.7679  5.2568  0.181  7.3762  5.6179  0.3046  5.4669  3.6752  4.1596  0.3789  1.469  0.3696  7.638  5.9372  7.2858  8.6899  10.0657  3.0644  1.8475  3.8221  3.0596  2.1992  2.1761  5.572  4.7861  0.5122  1.433  2.2739  1.716  4.1535  2.6409  0.5486  2.2514  0.9241  2.2595  3.9189  
trainID = 445  1.8263  0.215  1.374  1.496  2.4834  2.079  6.6579  1.0062  3.2627  7.2035  2.7542  4.0621  6.5146  1.0271  2.5119  2.6386  0.8505  3.2165  2.7289  1.3894  2.6002  0.5994  7.1051  2.515  1.2865  3.2659  3.0081  3.732  1.053  1.6511  5.6769  3.9002  2.0939  1.9251  3.4476  2.756  4.0078  3.8706  0.6526  30.7074  
trainID = 449  5.638  4.5134  2.2049  3.1612  4.7257  2.45  3.3508  7.1036  2.6065  15.0223  2.8236  3.7859  6.0176  3.133  5.123  1.1844  1.125  1.1155  8.0983  6.6874  7.2672  2.3116  7.2563  14.5537  3.1819  2.5446  5.5529  2.109  0.8947  3.4551  2.798  4.4568  5.1011  2.2648  2.9956  1.5699  3.4612  2.21  0.489  0.3366  
trainID = 457  4.2825  1.8293  3.2763  0.353  0.1292  1.868  1.1378  4.9704  4.731  2.3508  0.6656  1.1546  1.786  1.3506  0.049  4.9484  3.6603  3.1962  14.6659  12.9263  14.5337  1.5477  7.1105  1.729  2.0575  1.352  1.8261  33.3171  0.4233  2.5435  5.5677  6.5927  4.667  0.5559  2.485  2.8876  1.9226  6.3594  1.8206  1.6554  1.0698  0.565  1.735  
trainID = 498  0.0308  2.5463  0.942  1.9161  2.2504  1.533  1.6639  0.3161  0.9946  3.0423  0.1562  1.1319  4.432  2.2573  2.3085  2.9355  3.4958  3.7216  1.2407  2.8283  1.1414  2.2689  2.5225  1.3354  1.2695  0.8195  0.4402  2.0388  1.5388  0.4545  1.5954  1.0196  1.8991  0.0713  0.1004  2.1204  2.9767  1.5526  0.2885  0.199  2.4796  1.3018  
trainID = 530  4.8475  1.1351  0.266  0.811  4.1822  4.1723  1.0665  2.1837  2.3855  3.0368  1.5757  0.396  3.3347  4.8562  4.4424  8.0921  22.9115  6.0616  4.1316  2.8516  7.0949  4.1405  0.766  0.8033  36.0354  1.0887  4.3506  6.7526  5.6149  0.6949  2.4594  2.518  0.5771  2.5113  5.6119  1.7736  4.7813  0.5015  3.5217  3.6947  
trainID = 544  2.1578  1.2687  1.313  1.718  1.8071  1.721  0.9173  1.0803  3.4294  2.4919  0.3157  0.6452  3.8477  0.2176  2.0736  3.6036  0.1608  1.8599  0.7743  0.7075  0.1426  0.0393  0.7663  1.7261  0.0713  0.438  2.4697  2.0033  0.0555  0.9202  7.8675  1.0838  1.5176  2.6323  1.8023  0.9378  2.862  3.3026  0.4188  1.683  0.845  2.5216  
trainID = 593  3.0163  1.7955  1.9513  1.545  1.6296  1.889  1.5304  4.8537  3.0354  0.0215  0.5822  1.6242  3.4666  0.775  0.351  7.3221  3.4114  3.6678  10.4656  9.5121  9.8169  2.5321  4.6159  4.3938  0.4425  0.0824  1.8611  33.8686  1.0348  4.497  5.1375  4.6322  0.157  1.2394  0.732  3.6596  1.9893  6.1557  2.2743  0.7499  2.061  0.327  3.4502  
trainID = 629  2.6003  0.5083  0.927  3.0715  0.3472  1.51  0.2648  0.2929  2.7031  2.7496  0.7023  1.1108  4.5738  1.3489  1.5569  2.9871  2.5138  1.3757  2.3296  2.1088  0.9389  1.0353  2.0704  0.702  0.3437  1.3621  1.5461  0.577  1.3297  0.1649  1.0073  5.3996  0.2905  0.1414  2.056  3.1376  0.2232  3.8817  1.4886  0.8259  1.1976  0.06  2.5848  
trainID = 641  0.0428  0.528  0.31  0.514  1.1808  0.812  0.67  0.701  0.1951  2.6672  1.0151  0.78  2.741  0.2946  0.867  2.2803  0.1281  0.185  2.1046  1.7341  2.9001  0.8471  1.878  0.8799  0.5124  1.7582  1.0063  1.408  0.62  0.2055  2.73  3.1572  1.0924  2.1777  3.1339  1.4727  2.9337  0.4963  3.1106  0.3522  1.1441  0.371  2.111  
trainID = 646  2.2594  1.3638  1.8231  2.7903  0.4898  1.274  5.2535  6.5454  1.9697  4.8672  1.2598  5.2914  6.1711  1.7365  5.1831  3.6388  0.3504  1.3164  3.9355  0.0529  3.6704  0.0689  6.9595  7.1697  0.6735  2.046  3.1777  0.8106  1.6329  1.0854  4.4604  3.1141  2.3377  1.12  2.2  1.6108  0.7083  3.6416  2.8358  3.874  1.04  1.4722  
trainID = 680  0.9146  0.3655  0.002  0.887  0.8769  1.599  0.2989  2.2819  2.9238  2.7462  0.2252  2.3814  2.141  0.2528  1.9162  2.8572  2.7841  0.222  0.5219  0.3566  0.4802  1.8536  0.4958  1.9449  0.3104  1.4951  1.3403  1.6253  0.355  0.0977  4.3124  3.4257  2.9331  1.6066  3.2056  1.016  3.5313  0.2572  1.1671  1.859  0.135  0.8914  
trainID = 703  3.5293  2.2255  0.729  1.023  2.622  1.797  3.8235  8.3805  0.4877  9.5557  3.168  0.4946  4.983  5.2348  4.3849  1.2136  0.627  0.334  5.1594  4.5269  7.7295  4.6068  7.2095  11.027  3.7539  0.8848  2.3958  0.4523  0.6642  2.1147  1.2943  3.3365  2.7362  0.362  0.3524  3.7073  2.2882  4.3846  3.5118  0.281  0.344  0.9403  
trainID = 743  2.9714  0.3068  0.353  2.2556  1.165  3.0456  3.327  0.2281  3.419  4.8823  5.8618  1.9506  5.0766  0.1847  3.8574  3.1091  0.777  1.9146  2.4385  2.4918  2.1157  1.9053  8.1493  2.9171  0.1645  2.6554  1.7343  3.5461  0.2609  3.8802  4.8511  3.2915  0.1082  0.391  1.2018  2.6655  5.3454  2.7986  1.4775  30.4384  
trainID = 746  0.1752  0.5295  1.338  0.77  0.0824  0.301  0.4768  0.3817  0.0581  3.0578  2.4476  2.0243  3.7717  2.2398  4.2173  0.586  0.212  1.4387  1.3772  4.8867  3.0727  1.8277  3.5772  0.5337  0.7035  1.5077  0.5251  0.3903  1.3198  3.2855  4.3086  1.6706  0.6733  1.3382  0.2691  4.3842  0.2014  0.2402  1.0726  1.289  2.8062  3.6459  
trainID = 763  4.6975  1.1599  1.9955  0.807  0.5118  3.1396  3.243  1.8416  4.0008  3.0437  0.5683  2.0473  3.8321  1.7865  1.3201  3.3259  2.7882  3.0619  6.7107  7.6397  5.6603  0.9931  7.1151  0.6419  0.1818  1.0478  1.9291  36.0297  2.4866  1.5843  3.2597  4.9067  3.2375  1.0138  1.029  3.6616  0.8771  5.7542  2.6876  0.7133  3.086  0.63  4.5803  
trainID = 776  2.4975  0.0997  0.344  0.396  1.1453  1.66  2.6471  4.7074  1.5865  4.1087  0.1878  1.8386  7.4718  2.5873  5.1875  1.3344  0.327  0.2409  3.8377  2.277  5.0917  0.8051  2.2959  5.7542  2.4202  1.6537  2.5535  1.674  0.734  2.255  3.5984  3.038  1.2062  0.5323  1.2474  3.5049  0.0184  2.6136  1.1682  0.131  1.48  0.0127  
trainID = 807  2.4454  1.1827  1.085  2.9359  0.9404  0.702  2.731  2.828  1.1983  6.5984  2.2863  1.7082  6.0723  3.4773  4.123  1.1443  0.24  0.6937  2.1011  2.4195  5.0883  2.3896  2.2926  1.6309  0.7144  0.838  1.6103  0.3  0.9251  1.6088  2.8434  3.0164  0.6618  0.6035  1.3426  0.6312  3.516  1.4193  1.4336  0.1509  0.727  0.329  2.3689  
trainID = 815  2.183  0.7835  1.8634  1.551  0.8053  0.983  0.8282  0.2321  2.7666  2.5394  1.0984  1.1382  3.7496  1.5717  1.0859  2.1041  5.2984  2.4488  3.9177  6.683  4.9742  0.8234  7.1476  1.8382  0.1485  1.7875  2.505  33.198  2.0335  0.3874  4.8814  5.2608  3.7725  1.911  3.966  1.3962  0.6288  6.1122  1.4736  0.3619  33.8134  
trainID = 820  5.6945  1.4689  1.029  32.8512  6.526  4.4338  4.113  1.9923  1.508  2.0881  3.2233  1.1042  1.9066  2.8515  2.1838  4.812  2.7483  19.8701  9.2767  2.7551  3.704  4.6542  3.8445  2.5884  3.4711  35.846  1.4839  3.9833  4.9778  5.4074  0.8798  4.2136  0.534  4.0936  0.6104  5.7692  0.6296  3.8538  0.219  0.93  4.3156  
trainID = 830  1.8576  1.1391  0.816  2.114  0.6284  2.6907  0.4779  2.2795  3.8033  3.4449  0.2872  0.1397  1.771  3.0495  2.343  4.9255  2.1369  4.56  3.9098  5.6477  2.8797  2.115  3.3601  1.3957  0.2853  0.0707  0.2363  35.3825  2.7309  2.5718  5.4254  5.0382  1.1985  1.2622  0.447  1.3494  0.2088  5.3176  2.1806  1.6516  0.535  0.861  1.5736  
trainID = 838  0.1946  1.6914  0.106  34.6712  1.0032  0.4209  0.4177  0.9196  2.3978  4.0324  4.54  1.6263  1.7991  1.8464  0.983  0.882  2.7667  1.3673  0.8925  1.8758  3.3915  6.8216  2.0137  0.6685  0.5779  36.6128  0.4448  0.0693  1.56  1.6414  0.4605  4.9153  2.7909  0.2495  0.0629  0.8627  0.2537  2.5815  0.5969  1.089  2.4361  
trainID = 848  0.7136  1.6997  0.055  0.067  3.1144  0.825  3.418  2.4939  4.967  3.9318  1.0687  0.1959  4.8633  3.7846  2.1317  5.6581  2.4531  1.2286  5.4861  3.0735  0.7579  0.8708  6.4892  1.6264  0.4615  2.0834  0.0984  34.7648  1.2774  1.4551  4.5372  5.7201  1.5526  1.2081  0.4363  3.4356  0.9273  5.5638  1.9266  1.867  1.408  0.844  0.9565  
trainID = 875  0.201  3.0256  0.288  2.0576  5.5037  0.3347  8.3374  8.3373  2.6911  6.633  2.9995  3.9596  1.9657  1.262  1.1675  9.4282  7.2621  10.5508  9.9527  15.541  4.6253  3.06  4.9033  1.6508  0.754  0.8071  0.1428  4.7005  8.8929  0.6775  3.0796  5.017  3.9574  6.7997  3.1094  0.4902  3.7584  2.1597  3.138  0.9017  
trainID = 910  1.325  0.7873  2.9064  1.28  0.696  2.5183  2.2351  4.514  1.8538  7.6911  2.2257  1.3969  4.1805  0.8443  4.0303  2.6149  1.8923  1.2598  4.3009  4.055  5.7037  6.1815  1.3776  10.0248  0.1295  0.0995  5.2543  2.8927  0.5546  2.5469  2.236  1.5527  2.8491  2.3625  1.1416  3.1933  0.7096  2.9206  2.125  0.588  0.306  2.5192  
trainID = 942  3.6009  0.0035  0.346  1.2548  1.6183  4.3818  3.8906  2.2996  1.0926  0.0753  2.76  1.8014  1.1254  4.5874  4.1853  0.995  5.2227  6.6161  5.6945  0.7462  2.4381  2.7497  0.6815  1.4081  0.9063  34.067  0.869  2.2936  4.1298  6.8726  1.8373  5.4904  0.6947  2.6196  0.5947  4.159  1.4276  2.0904  1.225  0.432  1.5041  
trainID = 963  0.0514  3.4022  0.226  0.51  0.6427  1.055  0.3077  1.3988  3.8219  1.7294  0.4228  0.0782  3.4032  0.7737  1.8044  4.906  2.4777  3.4288  5.0776  5.0069  3.54  2.8164  1.3014  0.4749  1.3665  2.1554  0.5054  34.7594  1.0468  1.2868  2.9681  1.8754  0.7548  1.6355  0.3307  1.7805  1.0159  2.9594  2.3562  0.8361  2.155  3.2225  2.146  
trainID = 979  1.151  3.291  2.28  1.133  0.5156  0.747  3.8888  3.9077  4.8569  3.5958  0.0622  0.473  6.6915  0.5893  0.089  1.4318  0.8786  2.1366  0.0048  3.2408  3.9078  1.8068  4.9653  6.2524  1.4655  0.3093  7.605  0.157  2.7288  0.8392  0.2346  2.8157  2.8306  1.0215  1.5362  3.8726  1.4671  2.9789  2.5436  0.0342  0.7974  2.7682  1.3863  
trainID = 980  1.0425  0.9912  1.055  1.04  0.3291  0.09  2.5171  4.2619  0.0953  3.537  0.8912  0.6524  4.3739  3.5016  3.4455  0.7687  0.5928  0.227  3.188  0.2073  4.6178  5.3104  4.8277  0.445  0.4854  2.0624  1.2666  3.0332  1.2905  4.9884  1.9364  1.4833  1.8347  2.4115  0.0652  5.448  0.3362  1.5986  3.2817  0.832  0.646  1.8106  
trainID = 989  0.6756  2.8224  0.736  0.416  2.1291  5.4573  4.7112  2.5699  2.6825  7.5823  2.218  2.4693  4.0314  0.2087  2.0117  0.2275  1.3045  2.1213  0.7923  0.3225  0.673  0.5954  5.1137  4.0297  0.9762  2.7341  0.962  1.282  2.7403  0.9639  3.615  6.5417  2.0241  1.4762  0.2887  2.7896  0.2076  2.5151  2.7046  0.6751  2.458  0.505  1.0833  
trainID = 1004  0.1993  0.4679  0.511  1.622  2.9096  1.043  1.4893  1.4718  3.8194  0.9647  0.473  1.2152  6.4384  1.8179  0.226  4.4731  2.1267  3.5573  5.2388  3.8649  4.7666  0.2655  5.3541  0.6299  1.4465  2.2631  2.0125  33.0555  1.7481  0.4637  4.35  4.623  1.0741  1.8726  0.977  4.8886  0.3911  5.8643  3.3446  3.941  0.9217  1.967  2.4153  
trainID = 1033  6.1932  5.1327  2.244  1.723  1.2845  2.9837  0.8527  8.6403  0.5057  11.8601  6.122  1.3987  8.2079  5.9268  6.0738  0.3274  0.1077  0.637  7.4442  5.5533  9.3324  9.7186  0.0447  15.0507  5.3774  0.6929  4.1326  2.5452  2.6201  3.4159  1.6031  2.8859  3.7979  3.7488  2.5144  4.5409  0.8317  3.3016  3.1312  0.472  1.533  1.9901  
trainID = 1052  2.15  6.0504  0.219  1.423  0.1442  3.162  2.4267  7.514  1.052  9.9492  6.4352  1.0298  8.6492  5.0609  6.2138  0.2011  1.859  0.4587  7.4347  7.8377  9.2331  7.8469  4.6777  14.7032  4.3034  1.9134  3.5234  1.44  1.9004  5.9801  1.157  2.4725  4.0013  5.1965  1.7678  4.6798  0.4906  3.5346  3.652  0.195  1.49  2.4395  
trainID = 1072  1.7414  4.6542  1.411  1.624  1.3549  1.191  2.0055  1.8798  4.4594  2.2514  1.952  0.1496  2.887  0.1777  1.2814  3.138  1.3628  1.3693  2.1144  8.4498  15.4985  3.2153  9.2248  0.3702  2.0335  1.7022  2.3671  35.1695  2.1645  3.1736  6.9405  4.0571  4.3581  0.2151  0.659  2.9346  0.3889  4.5348  0.5786  1.8285  34.2434  
trainID = 1087  0.3223  0.461  0.096  1.614  1.2105  0.814  0.3352  0.0123  0.5173  3.546  0.9714  1.0144  1.928  2.4729  2.8958  3.0751  0.013  2.2202  0.3712  2.1885  1.4608  0.7071  1.8199  1.6355  0.0558  1.1808  3.1964  1.3022  2.2998  2.2668  4.3429  0.18  3.5569  0.541  0.9396  2.9918  3.6269  1.5396  0.8728  0.571  2.3741  0.8227  
trainID = 1092  4.9025  2.8314  0.397  0.016  2.8733  1.459  0.6596  5.8428  0.0483  8.3556  4.2029  0.2737  7.1246  3.3582  2.8949  3.8828  0.7255  3.5745  4.4637  5.8081  4.703  6.7371  0.0639  5.4599  0.5365  1.8114  5.5765  1.0192  1.0167  0.6724  2.9354  0.0832  1.252  1.5108  0.0099  4.397  1.0611  3.8516  2.3963  0.3181  0.87  2.3913  
trainID = 1104  2.3804  1.0278  0.055  0.956  1.8749  1.244  0.8255  3.82  2.5931  3.9346  1.7639  0.9505  2.9869  0.6893  2.1873  4.8508  3.0569  1.9835  10.0316  10.2943  6.3565  3.8856  3.7202  3.7969  0.7625  0.6644  1.283  35.4818  1.5751  1.4555  5.2783  3.3516  1.0896  5.1103  0.969  1.7501  0.1364  4.0874  2.7126  0.4967  3.19  0.589  0.62  
trainID = 1158  3.0988  1.8277  33.6532  1.2509  1.5361  1.9157  0.274  2.035  1.5436  0.216  0.4118  1.101  3.1396  3.0838  4.2523  6.1743  11.6727  0.5938  3.7186  1.8445  6.5006  2.1265  1.3091  3.2379  34.433  3.9327  2.9562  4.4273  1.9538  1.0316  8.1082  0.9523  0.0775  1.2007  3.0549  1.7163  2.4788  1.055  1.434  2.916  
trainID = 1161  1.508  1.0449  0.121  0.698  0.9509  1.234  2.7658  2.9942  3.7927  1.674  0.9618  1.9983  3.4011  0.5888  2.1798  2.1909  0.6692  3.4805  3.5949  1.8178  0.2918  0.743  1.1293  2.6581  0.3185  0.6036  0.6576  34.0148  4.1869  2.815  2.7107  2.544  0.7125  1.9075  1.8865  2.5146  1.1609  3.1572  0.1985  0.9581  0.703  1.651  3.3997  
trainID = 1164  3.5134  2.3419  0.936  1.092  0.1978  2.278  0.7025  4.153  5.0214  4.5538  0.5572  2.5064  0.243  2.3545  1.5408  4.0824  2.6016  3.0287  10.8971  11.6598  12.4865  2.0475  6.163  2.6856  0.9453  2.5985  0.4118  32.9402  2.0507  1.051  4.9809  6.8982  2.0233  1.8869  0.1228  1.829  5.1609  8.4076  1.7426  2.0698  1.816  1.254  2.0995  
trainID = 1179  2.4261  0.442  2.2068  4.4665  1.7979  1.987  2.9466  3.9618  5.9022  5.0301  0.6437  2.2977  3.8121  0.3139  3.1242  1.4962  1.2793  2.6182  3.1082  1.3259  0.5278  1.0314  7.9965  6.9903  0.0459  2.096  5.3686  1.0544  0.5872  1.6601  5.389  3.8267  0.6896  1.6089  2.5266  4.3621  4.5544  3.9586  1.0033  31.4284  
trainID = 1186  0.4477  0.0749  0.871  3.7914  1.961  1.793  3.1611  0.0043  4.958  4.1354  0.6929  0.8463  4.4728  0.3199  1.6422  3.006  0.3064  0.3598  1.659  0.444  1.9451  1.5725  0.867  1.021  2.7355  1.2363  1.4864  0.406  1.1854  0.9484  1.9741  2.5055  2.082  2.4061  0.2184  0.076  2.257  0.9388  0.8926  0.6414  0.195  1.491  0.8932  
trainID = 1208  1.0097  0.7697  2.1595  1.133  1.7075  2.478  2.2189  0.9068  3.5951  4.1259  1.7431  1.701  4.1119  1.8854  2.3269  3.4212  0.4274  1.2427  0.1674  2.1555  1.2368  0.8434  6.4855  3.6715  0.6435  1.359  1.0976  2.58  1.1108  2.1276  5.595  2.074  0.4507  1.081  1.9569  0.2211  2.7063  3.4966  0.0125  33.1354  
trainID = 1212  4.2217  0.5316  1.7596  2.7921  3.2019  1.09  3.2197  4.7043  2.8647  6.4098  1.7384  0.8422  4.7383  1.3007  5.9985  1.2284  1.9882  0.7836  3.1425  3.0776  5.2253  0.842  6.1883  7.4242  0.6485  1.8518  0.7544  3.0193  1.4898  1.1825  5.4761  2.1593  0.0041  2.2237  0.5677  3.6228  3.74  2.9886  0.5664  3.468  2.454  0.7817  
trainID = 1219  4.6452  6.5251  0.017  1.696  0.4019  0.638  0.8882  6.9744  1.059  12.4152  6.4682  1.2277  6.3741  7.1776  4.3137  0.8279  0.97  2.498  9.3771  7.5553  11.4245  15.0167  6.7853  25.1378  5.0073  3.6595  6.8028  2.4675  2.7641  6.5778  4.1863  2.2193  5.5053  4.5385  1.4114  4.9929  0.908  3.3726  6.5322  0.371  1.762  0.1822  
trainID = 1243  1.3437  1.1223  0.483  1.626  2.7926  0.857  0.3587  4.2777  0.9758  2.8911  1.4062  1.606  5.3021  0.6278  3.1157  4.4947  1.071  0.226  0.2249  0.0647  0.7381  1.8916  3.5679  1.791  1.7145  0.7912  0.3174  0.888  1.2218  1.1165  0.6839  5.3174  2.8093  0.1972  0.0454  3.6306  0.8746  1.0926  0.8336  0.8067  2.856  0.617  2.7513  
trainID = 1262  0.6466  0.4398  3.4246  2.3441  1.0532  2.195  5.0196  0.404  3.6132  5.14  0.9805  4.164  2.864  0.3686  3.616  1.9369  0.665  0.9002  0.3544  2.2628  0.6352  0.1433  6.8099  2.1526  0.7295  1.5629  2.3451  1.504  1.3528  2.6338  8.1486  3.2468  1.1519  1.3576  2.4692  0.6868  4.8794  2.2636  1.4051  33.6204  
trainID = 1309  5.9645  2.7996  0.17  32.8992  4.3841  5.3481  4.2658  0.9524  0.5543  2.8078  0.032  1.3442  0.126  3.3521  4.2257  4.1865  6.1381  22.7246  6.3371  3.8023  3.8803  3.9288  2.7085  0.4803  2.6615  34.4537  0.512  5.0684  4.7951  2.3434  0.5645  3.782  0.9005  0.2521  1.2324  5.0963  0.6396  3.3722  0.962  0.256  1.546  
trainID = 1311  3.2351  1.2489  1.259  2.678  2.0914  3.0643  2.4906  5.1978  0.1373  3.9892  0.2943  1.5217  5.5449  0.325  4.9436  2.575  1.1625  0.713  3.5501  2.4816  5.5035  1.9204  2.4888  9.0802  1.2504  0.9549  3.0261  0.762  1.5391  1.4998  2.3069  3.1823  1.4316  0.8538  0.8199  2.7426  2.7784  1.7377  0.6116  2.1133  0.084  0.953  1.4181  
trainID = 1328  2.4503  2.3938  1.9629  4.3975  0.382  2.8895  1.8256  7.0872  1.6298  9.5629  1.837  2.1031  5.2743  1.1807  3.1371  1.3427  0.9015  0.798  5.7255  2.6225  3.8552  5.8889  5.5102  9.2597  1.346  0.8673  3.8861  0.6008  1.488  0.7991  3.5643  1.3409  2.4513  0.8609  0.0679  1.7463  2.3173  2.9546  0.4171  1.694  0.225  0.6756  
trainID = 1329  2.46  0.5953  1.951  2.3097  0.376  2.165  5.6994  0.6092  2.2445  4.5918  2.5232  3.8121  5.3682  0.1692  1.0633  2.5595  1.4887  4.4447  1.8597  0.0003  4.4094  0.3713  6.6928  2.1666  0.999  2.4713  4.2966  0.39  2.3038  1.007  0.5975  6.0403  3.5585  0.6937  1.729  3.7496  2.2047  5.036  3.0386  2.012  
trainID = 1341  2.1262  0.6775  0.604  0.188  0.5778  1.438  0.0432  2.5525  2.7946  1.4804  1.5242  1.4538  2.202  1.5293  1.807  3.564  3.5486  3.1068  2.6583  2.1304  1.5687  2.0488  4.1745  1.6665  2.2995  1.2343  0.0163  0.7177  0.1414  3.9175  6.4421  1.3196  0.8243  0.1824  2.6986  0.2688  4.5934  2.0036  2.0992  1.225  1.27  1.7539  
trainID = 1342  2.0966  3.2947  4.077  1.063  2.9603  1.21  2.068  0.8664  4.3076  2.698  5.1464  1.5661  3.6801  0.7747  3.3106  4.7931  1.9507  4.2128  0.6125  3.7577  3.0895  1.6418  7.5463  4.5194  0.1575  3.6536  1.3075  30.7493  1.9516  3.0192  5.3941  5.9792  3.4247  1.5867  0.794  1.613  0.0727  3.5512  0.8806  0.5752  32.4504  
trainID = 1371  3.9145  1.016  1.5361  34.0372  1.1968  2.6999  2.4493  1.6456  0.4006  2.0392  0.126  1.9275  0.44  5.0993  2.226  1.7232  3.2931  3.0974  3.4385  0.6546  0.693  3.7322  2.4015  1.0658  1.2608  36.9296  2.3424  3.0368  5.0952  3.6443  0.8582  4.4173  0.5812  1.2726  1.1726  2.769  0.3803  0.948  0.694  2.6048  2.3085  
trainID = 1376  2.3214  4.6313  1.958  0.909  0.5167  0.806  0.2253  7.8414  0.6437  10.2076  6.089  2.1558  6.3111  5.5556  6.6911  0.4083  1.675  0.283  7.5961  6.2276  6.3336  10.0103  12.2375  5.026  2.1585  6.1925  1.438  1.1862  0.9458  6.5934  2.988  0.5436  0.4463  5.1823  1.1791  4.8689  0.2449  2.8706  1.4981  0.043  3.1386  0.6446  
trainID = 1380  3.2788  0.3351  0.338  2.195  4.2899  2.2576  0.4125  0.7088  1.6013  0.507  0.5882  0.965  3.7242  2.8461  1.5233  3.3807  12.4054  2.513  2.2944  3.4858  6.0986  3.1635  0.5224  4.2826  37.3209  2.347  0.8629  3.2837  3.9223  0.3102  4.7977  0.5823  3.1166  0.8432  5.4083  0.5986  1.3204  1.113  3.4965  2.212  
trainID = 1385  2.7464  0.6132  1.084  33.1932  0.978  5.1999  2.4468  1.6926  0.4758  3.1459  1.682  0.0207  0.442  2.6115  4.4412  3.4374  5.5288  13.1675  8.8781  4.2382  5.1614  5.2765  1.4445  2.3287  0.4746  34.1895  0.4971  2.5279  3.0516  4.2188  0.0326  2.9297  1.462  1.1601  0.0546  5.6225  0.2714  2.3954  1.147  2.4006  3.3622  
trainID = 1398  0.448  0.7814  1.223  33.6942  2.0954  3.555  2.0691  1.1165  2.2499  1.6283  4.534  0.8213  0.485  1.6806  1.1336  1.2519  2.8357  4.3867  4.4118  0.5185  0.4416  6.2108  1.0101  2.7949  2.6699  33.1664  1.6676  0.1102  0.2209  0.7931  2.7665  4.2503  1.9438  1.1008  1.4661  1.3841  1.6176  1.2888  0.9597  0.524  2.5632  
trainID = 1411  2.0906  0.4625  2.1719  0.089  1.5971  1.915  3.0848  1.1794  3.4089  2.2226  3.2871  0.2735  2.365  0.4676  3.5576  4.534  3.0196  2.4623  0.4438  0.6391  0.3165  2.0045  5.6487  0.4174  0.8722  2.2198  0.9411  0.234  0.3614  2.6405  2.4676  4.8249  0.5151  0.3127  0.5763  2.1272  1.8123  3.7834  2.9946  1.9951  1.495  1.406  1.4768  
trainID = 1415  3.4951  0.4054  1.666  2.4346  4.8284  1.6595  1.4167  2.5088  2.5798  2.003  0.7236  1.045  4.218  4.0335  3.9119  8.5795  17.4447  1.4954  3.3004  2.2971  7.8338  3.8255  0.4855  2.2478  36.2423  2.469  4.8165  6.1658  4.6346  1.3108  4.6304  0.79  1.0856  0.0893  5.2766  2.0409  2.1146  1.403  0.036  1.6708  
trainID = 1432  0.0316  1.1053  0.12  0.346  0.2434  2.288  1.2037  0.9284  1.1739  1.0257  4.3824  3.0918  4.6908  4.1994  3.4761  0.8487  1.2871  0.9906  3.0351  1.9564  4.7116  3.085  3.2442  4.4905  0.3325  3.1  2.9512  2.5158  0.2589  3.1237  2.3605  3.4109  2.691  1.522  0.8133  3.1372  2.1147  0.4859  1.4385  2.3606  2  1.6823  
trainID = 1436  4.7015  2.8106  0.401  0.661  0.7318  1.354  1.7787  5.7647  4.3612  3.2719  1.2776  0.7154  1.913  1.1344  0.465  5.213  4.6442  4.4757  10.9983  15.4338  17.883  4.2672  4.0397  1.1545  1.4275  2.4655  1.0807  34.7415  3.3904  0.7542  5.5389  5.2312  1.0089  2.4639  0.2457  4.9566  1.4105  7.4716  3.1076  1.3712  32.0864  
trainID = 1458  2.455  0.3353  1.9105  0.898  2.9548  4.1527  1.3998  2.6854  2.1557  4.0984  0.4761  1.528  3.8008  2.6839  2.2701  4.5029  3.9801  3.7544  4.3377  7.2064  4.2254  3.3215  4.2095  1.4688  1.4865  2.3681  2.9123  33.7018  0.0638  1.8614  4.6429  7.4118  1.1435  0.6782  1.6651  1.8625  1.101  2.9586  0.5914  3.1645  0.984  0.164  3.7165  
trainID = 1486  2.0087  1.0926  0.995  1.25  2.5359  3.6731  3.4267  3.0384  0.243  4.4292  3.9286  0.7308  4.6087  1.2404  4.587  2.1274  2.5076  0.6985  2.6792  0.1852  3.2697  0.8098  3.8635  5.9471  0.9835  2.4078  4.1429  2.399  1.0822  0.1974  5.2026  1.0952  1.6617  0.3133  2.5166  0.2425  3.8077  2.8946  0.7842  2.786  1.086  0.6684  
trainID = 1488  2.1074  1.7781  0.551  2.614  2.3278  0.375  0.1375  7.4236  2.6279  4.5393  2.6092  1.113  5.0971  3.6736  4.834  2.1444  1.66  0.434  3.7966  5.7791  4.7311  4.4927  4.0936  8.8845  3.2262  1.7112  3.0257  1.9364  1.3211  3.2474  0.0614  1.5682  2.1593  1.6937  0.6605  3.0537  0.8492  3.5536  3.1612  1.965  3.1107  1.275  
trainID = 1538  2.5541  0.2239  1.8006  0.583  3.4901  2.121  2.8425  4.9004  2.0163  5.1538  0.8698  2.0189  6.4364  1.109  2.6228  3.1033  0.758  1.5389  2.4188  1.4947  1.6289  1.6444  6.7116  8.6717  0.2816  0.1789  3.5406  2.5067  0.9259  0.7483  5.488  2.4515  1.4757  0.1123  0.7337  3.2848  3.3793  2.7466  1.5195  0.2698  0.448  0.8607  
trainID = 1550  1.1101  0.8127  0.741  0.923  0.6729  0.347  0.5289  1.907  1.7396  1.1792  1.1357  0.6271  4.608  4.2396  1.7379  2.708  0.52  3.5394  1.6213  1.1043  2.7184  4.4253  1.6062  1.4927  1.3485  0.6618  0.058  0.0336  0.0392  0.5735  4.1412  1.5635  2.3007  1.5052  0.3097  2.704  0.1016  3.4256  0.6454  0.246  3.1357  2.2485  
trainID = 1568  3.5703  4.2875  0.411  1.485  1.6056  0.14  7.2944  7.1665  6.0051  1.53  0.2584  2.4591  3.0019  1.2434  2.072  5.1043  4.2581  3.7123  14.341  6.3055  18.6989  3.3103  12.8615  0.0323  2.3895  4.5063  0.4521  32.7044  7.1657  1.3653  7.2667  8.9061  4.6286  0.1199  2.249  3.1616  0.4669  9.3096  4.9156  1.031  33.4224  
trainID = 1628  3.8206  1.6758  2.686  31.7182  3.7118  3.8865  2.8246  3.9105  2.0031  4.5477  1.381  1.496  0.57  3.28  4.6729  2.0008  4.2961  12.3588  1.4156  2.2642  0.975  5.846  0.1335  1.6717  0.9162  34.6908  3.8961  4.2038  6.0082  1.6181  3.0274  6.6586  0.0176  1.7673  1.1187  3.4045  1.5466  3.057  0.342  0.737  2.2369  
trainID = 1645  0.063  1.5795  0.683  1.436  0.9656  2.9315  1.5072  2.2499  2.9681  2.3275  3.4475  0.184  4.747  0.2887  2.3112  3.5112  0.7769  0.465  3.8435  1.6243  2.8732  0.266  2.5622  0.1312  0.3045  1.5671  1.0416  1.5323  0.3732  1.995  5.5621  2.8096  2.0429  1.3793  1.2689  3.1124  2.4907  0.3004  1.1813  1.141  1.863  1.2388  
trainID = 1649  3.3823  4.0509  0.538  2.7193  0.1358  2.5806  0.2662  8.3252  0.7467  6.9095  5.2747  0.9164  5.2781  4.9237  4.4877  0.32  3.216  0.864  9.6809  8.2373  8.4243  8.163  7.1495  10.587  2.5298  1.7123  5.2749  0.042  1.7008  2.5235  2.4714  1.8139  4.2447  3.0404  1.147  5.0149  2.1606  0.8256  4.4864  0.472  1.136  1.4416  
trainID = 1656  3.1065  2.2112  1.039  1.374  1.223  0.091  0.1464  3.9136  2.9523  1.9006  1.2025  0.4195  5.0859  3.4611  0.815  5.2267  3.9981  3.5335  12.4163  14.6174  10.6524  2.2245  6.4589  3.385  1.7515  2.4891  1.2103  34.3881  1.7734  3.0889  7.0473  5.378  3.7496  2.9192  0.367  3.2806  0.7336  7.0916  2.3636  2.6311  0.434  1.786  0.4882  
trainID = 1657  4.5135  2.137  0.858  35.2342  2.2553  3.6825  1.5232  0.9833  3.5787  4.9774  2.787  1.7072  0.741  2.7754  4.7821  0.9208  5.7266  13.1843  3.2839  2.5282  1.407  7.3325  1.7205  0.6855  1.5733  37.0709  2.9725  2.7128  3.641  2.0285  1.3006  3.6329  1.7027  0.902  0.2871  2.7815  1.6142  1.8679  2.483  1.179  3.2456  
trainID = 1680  4.6953  3.912  0.734  2.9007  2.4199  3.0536  0.6883  6.6019  1.4051  10.8152  3.7877  1.8101  7.5178  4.4116  6.293  1.2691  0.782  1.269  7.1584  4.2079  7.834  8.2664  0.601  12.7799  2.3803  1.9765  5.6903  1.873  0.5751  6.3059  1.3902  1.1021  3.8777  3.8533  1.329  2.2411  0.9599  3.4336  2.9905  2.445  0.409  1.3074  
trainID = 1692  1.2589  1.4906  0.606  1.324  1.8913  1.256  6.4127  1.9305  5.1107  5.5441  1.9318  1.3702  1.068  0.6818  2.2365  2.1292  3.5754  2.6306  0.3811  2.6621  0.8305  0.3745  5.1873  4.0677  0.0276  1.3292  1.6665  0.753  1.8191  1.4848  2.1883  7.2494  3.6002  0.5367  1.9483  2.8946  1.5263  5.8344  1.9766  1.5459  31.8614  
trainID = 1744  2.1226  0.6144  0.01  1.307  0.9948  0.566  1.7043  2.0271  3.3172  1.461  3.4573  0.0563  4.2955  1.2877  2.8808  0.0828  1.1111  0.246  3.8845  2.4569  3.7783  2.9134  2.0198  0.6012  0.7245  0.6833  1.6069  1.208  0.9784  1.2594  1.2131  2.4312  0.594  3.4849  2.6597  0.0655  4.0788  0.6347  0.5313  1.9882  0.165  3.3624  2.6116  
trainID = 1746  3.4641  2.3654  0.152  33.2842  3.6192  5.4437  1.7394  1.251  1.1665  1.2628  2.927  0.3554  0.968  4.8326  3.1683  3.2138  2.0212  26.46  12.4295  3.3994  3.3363  5.3171  0.8985  0.9818  1.3681  38.2069  1.9491  5.1191  6.1742  4.1222  2.1478  2.2913  1.678  0.1137  1.257  6.8826  1.3765  3.3615  1.86  0.722  2.6422  
trainID = 1753  2.7495  4.5112  1.5153  0.865  0.2045  0.006  1.3615  4.8303  3.7575  1.8203  0.1841  0.0226  1.735  0.2971  0.452  4.9989  4.1407  3.2007  8.0433  8.8677  9.9919  2.4384  4.9813  2.7573  1.9545  2.4634  2.147  34.1862  3.3119  1.0671  4.7086  6.1984  1.858  2.2465  1.94  1.6587  0.0006  5.9786  4.3316  0.5288  3.936  0.35  1.8695  
trainID = 1754  3.7356  0.8768  0.561  1.153  1.2421  1.356  1.7962  2.4551  4.0351  2.0185  2.8866  1.0421  2.673  0.4272  1.8806  3.5205  1.7782  1.5791  4.7181  5.9518  4.9021  0.1544  4.4689  0.3975  1.3104  1.6922  0.8699  34.3624  3.0011  1.346  3.6104  5.3347  2.3979  1.7816  1.393  1.4796  0.4372  3.0975  0.4791  2.7056  0.184  2.686  1.1595  
trainID = 1790  2.9803  3.4766  0.716  0.603  0.2968  2.5939  0.3089  4.7817  0.3925  8.6087  3.9212  0.9944  5.3295  5.2796  3.5257  1.5493  1.601  0.7116  9.3684  5.7726  8.9323  6.5919  4.7616  7.9902  1.9943  2.989  1.917  1.5237  0.4509  4.976  2.3503  1.5675  2.2395  4.603  1.8121  4.6855  1.5733  3.9016  3.5169  0.662  0.615  0.7295  
trainID = 1793  4.9535  0.704  0.946  5.0259  1.8394  2.4825  0.5746  3.0741  2.5419  1.456  1.9679  0.774  4.0581  5.6475  4.5134  3.5883  9.4034  1.6034  2.3268  0.5301  4.6438  1.1305  2.1388  1.7061  35.9881  4.2614  1.6971  4.4321  2.6122  0.7299  4.8831  0.906  0.3478  2.6891  4.1977  1.3365  3.4759  1.0417  2.0828  2.3187  
trainID = 1829  2.8912  2.098  1.267  1.0352  1.4033  0.1473  2.1187  0.1447  0.6174  0.8202  5.2245  1.8021  1.9518  1.7727  3.1711  1.6988  1.3418  0.0243  3.187  1.2805  0.8422  5.8968  0.8635  1.5777  0.7686  0.124  0.0024  1.2166  2.1324  2.4866  2.3057  3.0733  3.824  2.0926  0.9611  1.1558  0.2806  0.6139  0.063  2.0534  2.1637  
trainID = 1846  0.5867  0.4577  1.254  3.5832  0.9844  1.744  2.0793  3.3209  0.5657  5.4822  3.1825  0.7001  7.7044  1.8463  1.7939  1.3194  0.223  0.2701  3.4831  2.4488  4.0725  3.5152  6.4333  3.2678  0.2119  0.9846  0.6453  0.2497  1.1258  2.8881  0.9824  1.5701  2.6371  2.4847  1.4102  3.9722  1.0123  0.1722  0.0356  0.956  1.427  1.6455  
trainID = 1872  2.6565  3.0599  1.019  1.159  2.7042  1.809  2.4998  2.6598  4.1398  4.3509  0.6653  2.6699  6.574  1.3013  2.7055  2.6765  0.5752  0.9718  3.3708  3.246  4.3961  3.7806  1.543  6.0778  0.3963  0.539  1.9642  1.431  2.3671  0.0489  1.9975  1.9695  0.4721  2.9259  0.6354  3.8282  1.0854  2.9666  0.2027  1.073  0.037  3.3958  
trainID = 1875  0.3387  0.3627  2.5634  0.277  3.266  0.353  4.5827  1.466  3.895  4.5127  2.8833  2.6136  3.07  0.5046  5.0953  0.8187  2.2248  0.4825  1.6  1.7926  2.9512  1.1551  9.2963  1.1682  1.4975  3.2112  3.7349  3.4635  0.0839  4.0262  6.1568  1.4883  1.7124  1.153  3.6516  1.2065  4.8548  3.3396  1.3372  33.3444  
trainID = 1880  0.9256  1.7491  1.426  0.064  1.5228  0.432  0.5056  2.9812  2.0008  0.7286  2.7332  2.8785  2.9801  3.5274  3.3859  1.8491  1.5508  1.8906  3.9639  1.8593  3.5114  1.7143  5.3347  5.1962  2.5356  1.933  0.8173  0.232  0.2055  1.0994  4.3466  1.9041  0.784  4.718  1.6737  0.7733  3.774  1.5621  1.4806  1.1363  0.7938  2.4363  2.2025  
trainID = 1903  2.1102  2.2889  0.308  1.181  1.55  1.23  1.332  7.0741  0.3787  6.9276  4.2843  0.1474  6.7428  3.7588  4.8745  0.3126  1.253  0.5155  7.5719  9.2103  8.1415  8.5023  11.8019  4.7209  1.126  1.2029  2.7976  0.108  0.1515  5.6254  3.2893  1.0461  2.3812  2.7287  2.4614  2.754  2.3293  1.3246  0.8198  1.286  2.8533  2.4318  
trainID = 1905  3.5102  1.3494  1.7789  0.379  0.9977  2.376  0.1883  5.0965  5.2434  1.6646  0.2755  1.3228  2.501  2.513  3.2138  1.4428  3.2868  4.8391  5.9667  13.7267  20.72  4.542  6.7726  3.5899  5.4195  2.9271  1.4829  33.3943  6.125  1.0204  6.57  4.3849  2.354  1.2134  0.1768  2.2099  1.7329  4.0089  1.3476  1.198  32.2524  
trainID = 1929  0.718  1.1085  0.031  2.508  0.8839  3.0969  3.8562  0.4947  2.0736  6.4527  3.5471  4.1597  3.939  0.3092  4.4917  4.1547  3.6447  2.415  2.7382  0.8529  4.3645  1.9302  10.3282  1.3879  1.7403  3.4729  2.3023  1.513  5.8917  0.1954  3.8242  5.9028  2.0829  0.5691  1.3007  1.578  0.9098  6.525  2.8566  0.0459  31.9974  
trainID = 1938  5.3575  1.3628  0.334  2.8988  7.1785  4.0553  3.131  3.4327  4.141  1.668  1.8033  0.941  3.5035  5.8606  1.8794  10.8701  19.5431  2.8945  5.562  1.565  9.9307  1.5865  0.0982  0.5817  34.0299  0.5564  5.1176  2.943  2.1593  1.2173  2.9102  0.183  0.5795  0.1908  4.5801  2.8039  5.0383  0.515  0.451  1.2543  
trainID = 1943  2.4159  0.695  0.398  2.871  0.8095  1.374  0.5344  2.3951  2.7262  5.2075  1.3071  1.0518  2.358  1.7457  3.6396  3.5075  1.8618  1.5937  1.5976  1.1988  2.1767  3.3914  0.0386  0.2367  1.5039  0.3385  3.0861  0.1993  2.6787  0.7079  3.4995  1.5635  4.3728  2.3285  1.3158  3.5174  1.6719  0.3257  0.6907  0.059  1.164  2.1532  
trainID = 1963  3.1629  0.1135  1.547  31.8972  0.5473  2.4446  2.0792  1.3083  1.5284  0.9387  4.1233  0.8531  1.7989  3.914  3.0551  0.9488  0.8235  3.5644  0.3631  0.8686  1.2749  2.8061  1.0205  0.4298  0.0263  34.7486  2.6428  2.1999  1.6366  0.2617  0.7817  6.1161  2.224  1.3091  0.977  3.2109  0.1217  1.5925  0.3546  0.164  1.894  
trainID = 1976  1.4516  2.4391  0.674  1.103  1.1873  0.319  0.3734  4.2368  1.3147  4.8186  2.7716  0.4524  5.8574  4.0677  2.5554  1.1043  2.4398  1.316  5.676  3.2955  4.3323  6.5325  5.7726  0.0945  1.1255  0.656  2.395  0.1831  0.2263  2.9496  1.3153  1.5403  3.4744  3.0826  2.0747  2.3521  0.6102  1.4486  1.7101  1.183  2.4465  3.0937  
trainID = 2007  0.959  0.5617  0.156  0.5956  4.5909  2.1547  4.4968  4.4581  1.4208  3.4098  2.9294  2.0194  1.1209  0.133  0.653  5.1749  5.3582  8.2287  4.6576  9.9037  4.5282  0.1987  6.3099  1.3992  0.049  4.1454  0.6567  5.8238  4.0703  1.8391  0.4952  5.4124  1.5538  5.8395  2.3827  0.0002  2.1563  0.747  1.334  5.709  
trainID = 2015  1.8271  1.1183  1.213  0.441  1.5445  1.044  2.1963  1.4565  1.1787  1.6492  1.5466  2.1584  3.2311  2.088  0.454  1.7894  3.7687  2.75  2.8125  2.3842  0.2571  1.4791  1.9828  3.5123  1.1105  1.6322  1.4268  33.2954  0.2877  3.0967  1.717  0.5849  0.6002  5.3464  1.0982  1.579  1.5463  4.0992  1.9845  2.3771  1.491  0.062  4.4014  
trainID = 2030  2.548  1.8248  0.317  34.5432  1.0473  1.7699  1.0786  2.6497  3.6049  0.8306  1.749  0.0797  0.9864  3.9314  3.5772  3.986  0.0834  0.7797  0.328  1.0597  2.0689  5.2066  0.0316  1.305  0.8545  32.4589  2.044  2.5167  1.2003  2.2476  2.009  4.2841  0.9223  1.9103  1.1697  3.8035  0.3406  1.8155  0.065  0.906  4.3732  
trainID = 2042  5.7046  3.2459  0.534  0.609  2.0047  2.16  2.4698  7.0695  0.5895  11.7538  4.0841  1.5186  7.1529  5.7665  3.7533  1.134  2.811  1.415  7.0955  5.4442  7.879  13.1135  5.6258  14.968  2.862  3.276  1.4652  0.1514  3.5381  5.3362  3.6132  3.0208  3.0676  4.1161  2.6712  5.2238  0.3631  0.8726  5.0285  0.183  1.518  1.6384  
trainID = 2048  0.9866  2.8909  0.162  1.383  1.1441  1.095  0.2421  0.0098  2.604  0.8359  0.0628  1.4368  1.698  0.7386  0.688  2.0461  3.8637  1.0568  0.5442  1.5264  2.7498  1.9066  1.7514  4.7962  3.1425  1.9744  2.7063  34.2315  1.0442  2.0648  1.8148  2.0769  0.8473  4.4112  1.7743  1.1976  2.5314  2.2565  0.8806  1.4935  1.066  2.3873  3.2866  
trainID = 2110  1.0022  3.3567  1.014  2.0975  0.6723  2.6648  0.4734  5.2526  0.3175  5.4259  3.605  0.0017  5.0185  3.8906  4.4267  2.9793  0.9846  2.947  6.0604  3.3  7.9493  8.4501  8.6119  1.8083  0.2843  3.04  2.5291  1.1995  1.0064  5.2549  3.336  0.6004  0.9923  4.553  1.6537  4.183  2.2167  3.3196  0.4679  1.812  3.438  2.4502  
trainID = 2160  3.7443  0.4394  0.962  0.1  0.4172  0.345  1.1423  3.9391  3.1957  3.6699  2.1266  0.2761  3.253  1.0615  1.123  3.1195  3.6109  5.5135  9.9161  11.0672  10.6065  3.1177  3.351  3.8059  0.7975  2.2052  2.1747  33.1645  1.1181  2.4471  6.5817  4.2505  3.0552  1.8533  1.5241  3.0656  1.5555  5.6092  0.8916  1.2427  2.421  0.081  2.1801  
trainID = 2179  0.3101  3.0709  1.451  1.321  2.6517  1.492  1.9473  2.0683  1.2119  2.9912  3.6138  0.2386  6.3639  2.1713  2.4621  0.7723  1.7667  0.7498  2.049  1.8809  6.9427  2.3393  6.2017  0.7279  0.2876  3.6548  2.102  0.856  0.9902  0.6816  3.2947  0.5512  0.4853  2.3899  3.9293  0.8054  3.8781  0.8981  2.3936  4.3334  1.896  2.3881  0.867  
trainID = 2189  0.2537  0.9397  2.667  0.088  2.1657  0.772  1.2791  1.8099  2.7833  2.7894  1.6297  1.1172  2.898  2.2506  1.1013  5.8143  0.572  0.191  0.1474  0.1231  2.0944  2.8435  1.8255  0.6278  0.6085  0.1768  0.7956  0.8785  0.9041  2.9632  5.369  1.1806  0.8704  2.6122  2.4569  3.0019  0.8761  1.8876  1.5759  0.37  0.269  2.9671  
trainID = 2204  2.0229  0.1126  0.868  33.2782  3.1198  1.5631  0.1497  1.4021  0.8721  1.1829  4.3573  0.0321  1.4583  2.5692  1.7986  2.1626  0.6597  1.6206  0.0193  2.6649  2.1326  4.262  2.0715  2.3615  2.2537  35.1034  1.0925  3.1762  1.4594  1.6511  0.7882  3.9833  0.2371  3.2056  1.7277  2.7323  0.4378  2.0294  1.8075  3.4689  1.8221  
trainID = 2205  2.6274  4.2431  0.684  1.564  0.2416  2.5424  2.4121  8.0346  1.4157  11.403  4.1466  0.7674  5.5546  5.1473  3.9338  0.1411  0.79  0.7234  6.7504  5.8856  5.4161  11.5752  5.9734  12.4522  1.7849  2.633  4.4743  2.015  2.1111  6.824  3.5623  1.9636  4.4755  1.8478  0.517  4.6919  1.5217  1.8326  2.9832  0.033  3.5692  1.2943  
trainID = 2245  0.4995  1.5388  0.362  1.9619  2.3068  2.181  3.5685  1.9894  5.601  3.2569  0.7703  0.5757  3.51  0.6112  0.952  3.3315  2.99  1.0259  1.4303  2.5207  0.4183  0.288  4.5351  1.1268  0.8515  0.9515  1.6376  0.145  2.5633  1.0534  1.1974  2.6419  3.1096  0.4237  0.6084  0.8176  1.4024  2.0957  1.8926  0.8819  1.855  0.252  0.5696  
trainID = 2249  0.9222  3.9269  0.972  0.532  2.799  0.897  1.5236  2.5454  3.6727  4.7129  0.7738  0.9515  2.35  0.3742  1.6668  3.6429  3.27  3.244  1.9672  6.014  6.2353  2.6431  6.7327  2.5274  1.8135  2.5357  0.4747  32.2751  2.315  1.1149  2.8061  5.4475  1.8306  1.1404  0.2258  3.9846  0.5928  7.0416  4.1646  0.1044  33.1144  
trainID = 2272  2.5598  0.9273  2.163  1.019  0.8368  0.005  0.7366  4.1023  2.5648  2.9947  0.0161  0.6928  4.9784  0.7201  0.139  3.9565  2.7471  3.6442  4.3195  6.9708  1.9856  0.9272  0.8592  2.458  0.6475  4.0244  0.5725  33.5176  1.2964  1.9053  3.9504  2.7092  1.1479  5.4942  0.2307  1.6346  0.1706  3.677  0.5696  0.0721  0.29  1.222  0.512  
trainID = 2304  3.1575  0.2372  0.517  34.7362  0.7141  2.4088  1.6403  1.6377  0.3951  0.9777  2.382  0.6535  0.515  2.8967  2.1702  3.0956  2.2485  3.7577  2.2042  0.3961  1.2857  6.0627  3.4395  0.9787  1.1188  32.3816  3.732  0.8599  2.101  2.282  3.3132  5.7173  1.7744  0.8447  0.6932  2.2382  0.9228  0.344  0.9167  1.466  3.0896  
trainID = 2306  1.203  1.3143  4.1967  2.5693  2.1897  3.5966  5.4595  1.7141  4.7259  5.0902  3.1592  3.549  6.8291  0.8845  2.016  2.6802  0.215  0.162  1.7912  0.3493  1.1246  2.2195  9.4075  3.9275  0.4355  1.5787  2.9298  1.038  2.6571  0.8083  3.4992  7.3392  3.1003  1.4088  1.295  2.167  3.0449  6.2589  1.1036  0.1616  31.9374  
trainID = 2364  2.5663  0.5615  0.237  35.5022  2.5737  0.7092  2.463  2.6949  0.2843  2.0614  3.5984  2.0229  0.358  4.2815  4.4101  4.116  0.5994  11.869  0.8802  2.1897  1.0081  6.0436  3.5975  1.4036  3.5236  36.8349  2.8431  4.0559  2.3984  2.624  0.8796  5.0245  0.5942  0.0018  0.6514  1.894  1.9926  1.0765  0.1  1.719  3.2164  
trainID = 2373  2.1768  1.1976  0.933  2.3561  2.2389  1.637  0.5735  3.2873  1.4598  2.9752  0.7873  1.2565  4.6489  0.6004  1.7364  3.4807  1.4387  1.5567  3.493  0.7307  3.0783  4.3687  1.6192  2.2192  0.9193  0.4488  1.2122  0.6003  2.7001  2.7763  3.6421  2.0315  1.1884  2.6532  0.6494  1.8221  2.3726  2.6326  2.4176  0.77  0.21  2.9959  
trainID = 2375  3.4194  5.2517  0.002  1.085  0.0224  3.9514  1.6059  8.3412  1.2335  11.4642  4.2672  2.9638  6.1742  5.0028  2.4789  0.0217  3.132  2.991  7.2251  5.9279  10.6691  15.5303  17.4579  6.7639  3.3747  4.3915  5.1624  1.073  2.3831  6.4767  4.6505  2.7373  4.4262  4.0188  3.0865  6.816  3.2832  2.9496  3.1664  1.774  0.213  1.9553  
trainID = 2379  1.0757  0.0467  2.419  0.762  1.9697  0.792  2.3469  1.8021  2.3712  3.043  1.6417  1.0104  3.4884  2.2947  3.0522  0.314  1.8001  0.2708  2.8106  0.0791  1.7805  2.537  0.5139  0.5532  0.0493  0.6365  2.9184  1.8072  1.2306  1.7153  4.8126  3.8698  1.192  0.9416  0.4209  2.5604  1.2581  0.483  2.1298  1.16  0.353  4.1219  
trainID = 2383  1.2534  1.2216  2.7732  2.7874  1.3947  1.323  2.1448  1.2071  1.9976  2.1563  1.8248  0.6961  2.164  1.3895  1.8895  5.044  2.0848  4.2219  2.5384  2.1035  0.4274  0.9955  2.8324  0.8748  0.1937  2.9081  1.7198  1.3425  0.9754  2.0827  6.7465  3.0503  0.4615  1.3691  0.4403  2.0452  1.6979  0.3239  1.5581  0.139  1.992  0.6407  
trainID = 2386  1.0159  2.4417  1.48  1.314  0.9321  1.768  2.2141  1.597  1.3607  0.988  2.2597  2.5242  4.0201  0.3923  1.044  1.3915  1.5079  1.001  3.5313  3.2044  6.0537  2.1147  3.6132  5.6353  0.5637  1.9375  0.8924  2.3453  0.7249  2.9706  0.834  2.7338  0.5219  0.8911  1.1365  1.9987  0.8149  2.2106  0.5063  0.274  0.847  3.4001  
trainID = 2394  2.5945  1.0928  2.9067  0.691  3.246  3.6979  2.4018  5.8675  1.994  7.48  2.1487  1.1929  3.6173  1.6485  5.4129  1.5398  1.8258  1.3396  3.011  2.6016  5.1648  4.558  9.3779  6.945  0.5369  0.3187  4.2446  0.6509  1.6266  1.0993  4.9886  3.1243  2.9579  0.932  0.2063  2.9081  3.1504  4.8956  3.3387  1.15  0.083  1.3383  
trainID = 2418  3.1505  3.6262  1.864  0.525  1.1971  2.9724  1.4063  7.0301  1.115  10.5794  7.0601  1.7513  6.1498  4.4771  4.0975  1.2327  0.6371  1.683  6.1  7.7396  10.5999  9.4359  15.7781  3.7545  4.0821  3.0293  3.339  1.7099  2.0071  5.8539  3.6025  0.8448  2.5174  3.589  0.7299  6.493  1.7597  3.0406  4.2872  0.614  2.2841  1.3408  
trainID = 2424  4.7785  2.1347  2.1897  33.6742  2.7337  8.6819  1.8145  2.346  2.3208  0.4515  0.876  1.928  0.431  3.7573  3.5811  5.5365  4.4161  17.9754  5.3705  1.5906  2.8661  5.4938  2.5685  1.6502  0.4462  34.9223  0.0721  3.0336  5.656  3.0442  1.1597  3.1691  1.229  2.6616  0.6525  4.0142  2.6606  1.388  0.081  1.419  2.2363  
trainID = 2428  3.4196  0.9451  1.284  32.0562  5.1786  5.1881  3.046  0.9232  3.543  1.0748  2.045  1.1896  0.44  4.368  1.821  2.8384  1.6052  9.7865  2.9769  4.508  1.002  7.781  2.7605  0.4933  3.2222  36.6544  3.5469  3.7213  1.7826  0.6031  0.9572  6.1418  0.4906  1.9604  0.273  3.9122  0.0883  2.3502  0.938  0.784  2.7024  
trainID = 2456  5.2206  1.0502  1.108  0.601  0.709  1.95  1.6714  6.8987  2.0299  5.8489  0.8449  2.9355  7.6541  2.8741  4.3001  2.4522  3.4101  0.3446  4.1901  4.9885  4.1511  1.7998  3.3027  7.8296  0.2741  0.795  2.7949  0.4111  0.3443  0.0766  4.2108  2.9809  2.26  0.4862  0.9195  2.02  2.8732  1.9826  1.9588  1.815  0.945  1.9439  
trainID = 2458  3.4304  1.5795  0.979  1.317  1.6707  1.201  0.6593  3.0028  0.7865  2.7744  0.441  0.7528  5.5398  1.1688  1.7943  1.2436  1.404  0.449  5.4237  2.1335  6.6685  4.2531  1.0494  5.9053  1.6315  0.5473  2.0286  1.3143  1.6259  3.4386  3.7705  0.9324  0.9297  1.9608  1.3749  2.1909  2.2192  1.6376  0.7807  0.7255  0.517  2.1408  
trainID = 2460  3.6718  1.6254  0.101  0.162  1.027  1.898  0.6741  3.0176  1.0643  1.4556  1.1914  0.2933  3.1856  0.2168  0.887  1.435  4.2668  3.5199  4.7531  6.3741  3.2221  3.5986  4.0231  3.4879  1.0395  0.2357  0.4984  35.3205  1.6872  3.3968  1.6968  3.5261  1.8938  2.3417  1.3228  0.034  1.5639  4.6724  0.9368  1.8048  1.216  1.709  3.1712  
trainID = 2466  1.1419  1.4248  0.053  2.1396  0.871  1.977  5.8106  1.5913  1.8351  4.5108  4.3198  4.6025  6.9897  1.7498  2.2406  3.0834  1.7014  1.7594  1.7989  0.4058  0.5796  2.7798  8.4537  1.552  1.0195  4.6835  1.9503  1.288  4.3111  1.1978  2.9534  4.0149  2.8786  0.2311  2.289  2.4285  0.9684  5.0332  2.7716  1.5009  34.4084  
trainID = 2479  3.237  2.3936  0.557  1.136  0.7065  2.311  1.4775  5.504  1.7653  8.4777  1.4321  0.8351  6.1107  2.9853  2.1715  0.0071  0.5676  1.242  5.9904  2.0104  7.0792  8.8025  6.1963  5.2077  3.5749  1.1767  2.0991  0.5003  1.4822  3.7573  3.9028  2.3223  1.2384  2.1409  0.7235  3.6837  1.433  2.3756  2.5718  1.2956  0.86  1.518  
trainID = 2515  3.8288  1.9806  0.556  0.023  1.1436  0.784  1.3335  5.6354  1.8878  9.3977  3.6744  0.3232  6.6308  3.6731  4.0263  1.4627  2.499  0.828  6.4212  4.4213  7.3279  5.1479  4.673  8.6593  0.4515  0.2666  3.4677  1.2464  1.6655  2.2451  0.2446  1.6488  1.8008  1.4505  1.2526  5.4764  1.4857  1.8436  4.1148  0.24  2.698  3.4123  
trainID = 2525  5.1361  4.2069  0.315  0.876  0.8073  3.4722  2.4681  7.6395  3.0159  9.9651  5.7625  0.174  6.4147  5.4384  4.5261  0.9075  0.974  0.598  6.5923  5.735  8.5861  8.5683  4.5612  17.5229  3.9895  1.0462  5.286  0.801  3.4003  0.0514  6.5746  3.2703  5.0164  5.1453  3.8742  0.9572  3.6924  0.4  0.971  2.0332  
trainID = 2530  1.7767  0.5368  3.0647  0.729  2.8914  3.1205  4.9243  7.382  2.7358  8.4402  1.9761  2.1932  4.6273  2.7821  3.2597  0.723  0.1994  1.382  4.6845  5.0789  6.5782  4.2627  6.134  10.0426  1.0862  0.8016  3.6692  4.5019  0.121  2.766  3.6354  3.8707  0.2748  2.1595  0.1672  4.8251  1.2408  3.7276  3.8777  0.847  0.229  1.5018  
trainID = 2532  4.5335  0.2378  0.697  33.2672  2.0601  2.5972  2.2351  0.7328  1.108  0.9501  3.026  0.6072  1.1115  4.3331  4.9349  4.457  0.8527  19.5321  7.7496  3.1196  3.9458  4.1374  1.2695  1.5841  2.2246  34.4638  0.0639  3.8327  4.5279  5.0572  0.3715  3.8558  2.6139  1.7323  1.3181  5.7858  0.7636  1.1033  0.675  1.892  2.0368  
trainID = 2544  3.8696  0.9227  1.593  1.9358  1.9755  1.254  4.7328  5.3206  0.5127  8.3522  2.0972  0.4328  7.4159  2.6528  4.8511  0.0993  0.882  0.446  4.8133  5.7443  7.0068  4.3221  2.2584  10.5894  2.9403  1.6037  4.858  1.8996  3.1791  2.436  0.3373  3.02  1.2638  2.9162  1.5607  5.0288  0.8369  0.8986  0.9289  3.406  0.912  1.8552  
trainID = 2568  3.47  0.3111  0.639  34.7982  1.9846  3.6423  1.5582  1.4766  4.4189  3.6913  0.966  2.167  0.453  3.3442  4.2615  4.0412  3.2302  11.4815  0.8782  1.2445  2.1305  6.066  0.7085  1.2231  3.7045  35.9922  2.8055  2.408  4.0349  1.5953  0.9973  5.1313  0.0712  1.087  2.6678  2.1211  3.2018  3.3766  1.045  0.64  4.4825  
trainID = 2579  3.9196  0.6965  0.043  32.4632  1.0058  5.2557  0.3292  3.628  1.4066  1.561  1.75  1.0164  1.044  5.1764  1.3489  5.0605  2.7629  11.6591  4.874  2.3964  1.9241  3.2122  1.9885  0.3538  1.0062  33.0572  3.3046  3.7399  4.753  4.1235  0.8235  4.0216  0.7647  0.1402  0.6672  4.8996  1.6236  2.5621  2.549  0.21  2.9398  
trainID = 2585  3.123  2.8908  2.071  3.7974  0.0062  0.462  0.8471  6.6353  1.3817  9.7797  6.6723  0.0537  5.0362  4.4756  6.4238  1.6331  0.032  0.7027  8.4114  6.5938  7.628  12.5749  13.7407  11.1095  2.9799  6.3503  4.7227  0.9205  4.2701  7.4567  4.7361  0.9909  3.9787  3.9522  1.7809  5.615  1.4072  2.0186  5.6572  0.691  1.301  2.7141  
trainID = 2593  2.2673  1.6817  0.922  1.743  0.2193  3.2074  6.6881  2.9613  2.5652  1.3299  0.2837  1.129  7.1936  3.5734  4.0743  0.3385  2.8849  0.5556  3.4809  1.585  4.8907  0.2805  5.9924  6.9268  0.3025  0.9738  2.2888  0.7248  0.4351  1.1613  8.0489  3.2351  0.5051  2.6671  0.9646  3.1414  0.6731  1.4896  0.3278  1.938  0.107  1.3498  
trainID = 2613  3.1183  4.6952  1.764  2.9055  0.27  0.325  1.1921  7.0194  1.8802  8.1743  3.5135  2.0764  7.7732  3.1909  4.5569  1.0885  0.155  2.201  6.1902  5.798  7.6515  12.517  8.2526  11.6433  2.7699  2.2812  4.3897  0.226  0.3492  1.1746  4.4748  4.1322  0.576  2.704  2.8412  0.1328  5.6404  0.8721  1.5056  3.4557  0.698  0.621  1.0759  
trainID = 2616  4.5505  0.0631  1.551  34.6742  0.7877  5.1244  3.3435  0.1178  3.5989  2.0763  3.6815  1.9876  1.3002  2.6364  4.0596  5.9865  6.9339  14.2923  0.0279  3.1615  0.3274  7.3241  3.5665  0.204  4.0806  37.7955  1.2898  5.7762  4.5117  3.2294  0.1787  3.9938  0.903  0.5562  0.9491  4.6129  0.209  0.7028  0.9847  2.9877  1.6824  
trainID = 2618  2.8764  0.8177  1.52  33.7372  1.5237  3.9383  1.935  1.4642  1.0159  0.9971  3.6841  0.9246  2.2544  6.1466  3.7078  1.6767  0.8447  2.1807  0.8943  0.7514  3.4305  5.3498  2.4235  0.6241  0.1704  35.4438  3.5024  1.6769  3.8166  2.0842  0.5258  2.6571  2.3959  1.0777  1.2657  3.6205  0.0518  0.2946  0.598  0.713  1.7702  
trainID = 2674  3.3923  1.6195  0.179  2.309  0.6995  1.269  0.469  4.9332  3.5237  1.2337  0.8293  2.1821  2.292  1.0333  2.0579  3.2237  1.4506  4.5828  6.8137  5.7341  5.6214  3.4807  2.8229  2.4322  2.7335  0.0123  0.0803  35.2531  0.3587  4.8099  3.7135  4.0582  1.8229  3.5077  2.0086  3.4756  1.1405  3.1132  0.4246  0.9955  1.988  0.754  2.2008  
trainID = 2678  5.8225  0.8856  0.009  1.845  0.6724  1.585  0.9533  3.862  3.467  4.3659  1.029  0.0452  3.3061  0.1587  2.1708  6.7033  4.1041  4.0645  6.6796  13.1378  11.3416  1.371  5.7744  5.7398  3.6495  0.7405  3.7903  34.2894  0.7826  0.8607  4.3612  6.6355  0.9699  1.5812  0.0591  2.3955  1.9093  6.2271  0.5466  1.5929  3.888  1.01  2.0254  
trainID = 2692  1.6516  1.9904  3.16  0.487  2.0522  1.093  2.668  5.4622  1.1926  5.0529  2.2701  2.5421  6.471  1.4615  2.5733  2.3197  1.3315  0.289  2.3937  2.433  5.047  1.8214  5.2991  6.6713  1.5204  0.0315  2.7398  0.568  3.2351  0.3926  1.3552  6.2375  2.6717  0.5057  1.348  0.5837  1.7352  1.6822  1.4816  1.9242  1.3177  0.631  0.0057  
trainID = 2695  0.3296  0.218  0.811  1.498  1.6125  2.487  5.1187  2.7878  1.6802  3.0508  0.0255  0.5181  6.5547  2.055  0.76  2.8383  1.6  1.2842  2.1664  1.4609  6.6937  3.3734  0.409  4.6943  1.2292  0.0402  2.9314  0.306  2.0712  0.2907  1.8021  5.2268  0.3205  0.7807  1.7019  3.0096  1.6039  0.6664  1.8146  2.4057  1.804  1.014  0.4596  
trainID = 2748  2.0547  1.811  1.431  5.3936  0.4733  3.9098  3.3862  1.4333  4.4102  5.8362  2.2345  1.9564  5.099  2.5798  2.4694  3.2189  1.1854  0.438  1.7605  2.0623  3.3562  1.8297  7.3992  7.2064  0.0252  1.9949  5.8567  1.363  3.9291  1.6402  0.19  5.8574  0.2322  0.2773  1.9962  0.4044  2.4366  3.0978  1.3326  1.5549  0.448  1.576  2.1029  
trainID = 2755  0.2359  3.7624  1.334  1.8302  2.164  0.181  1.4786  0.0887  3.6399  3.7707  0.0133  1.0619  3.3284  1.7113  1.7281  1.0007  0.182  2.3386  0.2622  3.6753  1.9523  0.2771  6.9811  0.701  1.4667  2.3196  1.9062  0.768  1.4022  0.0531  2.0808  7.4388  2.979  1.236  0.6712  2.7176  0.7606  2.8483  3.0816  0.4081  3.157  1.061  2.3866  
trainID = 2770  2.8671  1.0273  0.122  1.679  0.7165  1.966  0.2944  2.8379  1.9838  3.0658  2.7035  0.9563  3.4244  3.9382  4.1066  0.8352  1.198  1.3331  3.86  2.5654  5.0732  4.5004  4.1378  3.2355  1.4697  2.7358  2.6059  0.4106  0.0141  2.6439  3.8473  1.6201  1.2392  3.7156  0.2141  2.7326  1.6504  1.5456  1.2939  0.085  1.487  2.4544  
trainID = 2781  2.8406  1.5939  0.885  0.445  3.1923  1.613  2.2962  4.2148  5.4639  4.3068  0.8268  1.0984  2.918  0.296  2.0369  3.5989  4.5727  2.7367  8.9624  8.8122  8.5958  1.5782  5.0689  1.353  1.4275  4.757  2.7451  33.8769  2.5071  1.0455  3.241  4.165  0.9801  3.4611  0.705  2.0166  0.8075  4.2375  3.1146  3.1551  1.279  0.681  1.1437  
trainID = 2799  6.4585  0.8399  0.712  34.3782  4.7418  2.5908  3.9328  0.741  2.1101  1.7163  1.769  1.4141  2.8231  1.9923  4.3742  2.7971  8.9247  18.4265  1.9469  2.5804  1.8749  8.5548  1.2445  1.6491  0.2125  35.5712  2.4535  2.8422  5.1881  1.6932  3.1897  4.8217  2.247  2.0133  1.2994  6.2101  0.2984  2.7913  2.189  1.54  1.7682  
trainID = 2809  2.0915  4.3312  3.3542  2.0859  4.1185  1.975  5.2407  1.0423  5.1725  2.9827  2.5149  2.2037  2.355  2.1518  4.7613  5.4455  3.0993  4.6889  9.0899  2.2041  12.8663  2.3674  10.9442  0.761  0.4851  5.4799  0.5659  33.2124  5.8173  0.4884  6.4528  7.4781  2.0227  1.18  0.9481  2.2666  0.5937  7.6916  3.4016  1.6388  34.3764  
trainID = 2815  2.9672  1.4911  0.085  1.002  3.8494  2.256  3.1288  1.4357  3.9156  2.589  0.8463  0.6956  5.5338  1.3992  1.084  2.9812  0.2693  2.054  2.2921  1.2836  4.3868  2.5833  4.7588  3.8716  0.7366  2.0034  1.3649  3.4799  0.8181  2.7901  5.4961  3.1826  2.2001  2.1771  0.2692  3.4481  2.1962  1.7316  0.4443  1.372  1.65  0.6228  
trainID = 2831  0.5436  0.6912  0.094  0.17  0.1826  1.413  2.1661  2.0946  3.8644  4.5109  2.5138  0.095  0.15  1.046  1.8252  0.4853  2.1761  4.7745  3.1157  3.3475  1.5143  3.6267  2.9047  0.9604  0.6835  1.9781  0.7851  35.1763  2.3955  1.7809  3.8202  5.3855  3.1012  2.0831  0.721  2.183  0.679  5.1361  1.4606  0.9001  3.501  1.839  2.6295  
trainID = 2843  6.5565  0.252  0.288  4.1891  5.6302  1.855  0.9178  0.9336  3.0259  2.737  2.7562  0.947  5.6408  3.1392  6.2945  4.1274  20.7284  4.5913  3.15  4.686  7.4244  2.9615  0.2673  3.3772  35.7147  1.0499  2.753  4.5838  2.6264  0.9222  6.2038  0.407  0.0591  0.2098  6.3135  0.1557  3.0469  0.864  0.361  0.0025  
trainID = 2848  1.9339  1.931  2.384  2.9208  0.2952  1.454  7.1003  4.8704  6.7936  4.0827  3.044  0.5432  3.1915  2.7726  3.3992  4.6978  5.4334  2.4214  7.9553  5.0631  16.6452  4.1608  10.4434  1.8695  1.1995  3.0851  0.4494  31.858  5.0416  1.0115  6.6911  6.1388  3.2839  1.7682  0.875  1.0364  1.8978  9.3536  1.5226  1.9168  33.0434  
trainID = 2854  1.089  0.6087  0.952  1.296  0.1816  0.131  1.5342  3.0242  3.3105  4.3845  1.9472  0.9572  4.3893  1.488  3.568  2.4981  2.9711  1.67  2.0472  4.0899  0.8595  2.8493  3.5763  1.4556  1.5485  0.5131  1.1881  33.5708  0.6922  0.5705  2.6241  5.3776  1.8613  0.7931  2.4088  3.9256  2.2201  3.6227  0.1387  0.2565  3.356  0.793  3.6453  
trainID = 2863  4.0917  2.3536  1.368  35.3822  3.3594  4.9253  3.2792  1.6765  3.8624  1.8638  1.344  2.2302  1.861  4.2215  3.4523  2.9744  9.3838  18.7459  0.4948  2.5478  1.8701  7.1801  1.5845  0.3767  3.0939  36.1021  4.7319  3.5496  3.9859  3.5151  1.7927  5.9696  0.0929  1.0097  1.1051  4.3834  3.4156  0.38  0.008  2.493  2.1238  
trainID = 2872  3.9208  0.2496  0.713  0.112  2.8184  2.17  1.1373  6.9487  2.2575  9.1748  0.2187  1.6079  7.2063  4.18  5.8249  1.6016  1.0459  0.163  5.6686  4.1239  3.6643  5.1078  6.9167  8.8537  1.6161  1.8819  4.3125  1.5494  0.1136  1.3492  1.5965  2.9636  0.602  0.4061  2.0815  4.5106  2.9093  2.697  0.145  1.24  
trainID = 2894  2.4893  0.2457  0.458  1.208  0.221  1.629  1.2593  0.7898  3.0657  3.4063  0.2356  0.2949  5.3583  1.7197  0.696  3.5543  2.2107  1.5627  1.9019  4.6616  2.2714  1.5514  3.42  0.551  1.1424  0.0372  1.9672  1.44  0.6499  4.2257  1.8084  3.8862  1.6507  1.514  1.7029  1.4649  0.8442  1.1708  1.3816  0.1482  1.292  1.114  1.9083  
trainID = 2915  4.2535  0.0459  0.114  3.3253  5.7964  2.0224  2.2814  1.771  3.5927  1.762  1.1956  3.0759  1.7661  2.6167  1.4192  3.3711  12.8819  0.0688  3.2207  2.708  9.047  0.8235  0.1494  0.8432  34.8339  5.2281  3.7831  3.215  2.1039  0.5658  7.0873  0.6412  0.9935  0.0257  4.1511  1.4885  2.4338  0.26  0.266  1.8622  
trainID = 2917  2.763  2.3095  0.289  0.578  1.19  1.747  2.4689  6.1819  1.7523  8.6072  4.7179  1.7367  5.7714  2.0427  5.5199  1.1061  1.181  0.961  5.7849  5.9894  6.6885  11.2426  5.2836  10.988  2.6808  1.6877  3.2977  0.5216  0.8654  4.4823  1.7843  3.3308  2.2477  3.645  3.0121  4.6708  0.6777  2.4596  2.3451  0.749  2.1353  1.9112  
trainID = 2949  2.307  0.6172  1.545  1.685  1.6958  2.048  5.1472  5.5426  1.3861  10.4112  2.5533  4.6066  7.969  4.1786  3.3302  2.3962  0.299  1.084  6.3446  3.0343  4.9448  4.3843  5.3087  10.0148  0.0688  0.4671  4.4142  0.6752  0.0921  2.1502  4.0178  1.737  3.5848  1.2304  1.0627  2.7893  1.5089  0.3226  2.7694  2.36  1.8  1.4662  
trainID = 2951  0.192  2.7299  0.882  1.9292  0.4071  1.335  2.1235  0.0456  3.1175  4.6337  2.5447  1.2488  5.3847  1.418  3.3836  2.6839  1.2646  2.4732  2.0587  2.0715  0.3672  0.5914  3.514  1.9298  0.5205  4.0388  0.5708  0.682  1.2121  0.3498  1.0921  5.3636  3.8851  0.4172  2.447  0.8926  2.5874  3.5603  1.7986  1.433  2.243  0.825  2.4473  
trainID = 2989  3.894  4.1851  1.249  0.793  1.9714  1.487  3.0359  7.9307  0.2434  14.0933  8.2891  0.6277  8.7729  6.175  5.1937  0.2127  1.877  1.767  7.8801  9.1034  8.2741  16.8996  21.5565  12.684  3.8368  4.3825  3.076  0.7184  3.0421  5.5517  4.3461  0.6339  5.2363  3.8854  3.2845  6.1979  2.4578  0.1576  5.1241  0.641  1.506  1.2812  
TrainID = 641  dbValue = 1.30347  nTestCell = 43  nTrainCell = 43  nDiff = 0  (X,Y) = (1745, 2205)  Position Error = 57.7062
TrainID = 680  dbValue = 1.44983  nTestCell = 43  nTrainCell = 42  nDiff = 1  (X,Y) = (1695, 2155)  Position Error = 59.4138
TrainID = 1186  dbValue = 1.50981  nTestCell = 43  nTrainCell = 43  nDiff = 0  (X,Y) = (1705, 2175)  Position Error = 42.5441
TrainID = 1087  dbValue = 1.53246  nTestCell = 43  nTrainCell = 42  nDiff = 1  (X,Y) = (1695, 2205)  Position Error = 11.4018
TrainID = 629  dbValue = 1.58016  nTestCell = 43  nTrainCell = 43  nDiff = 0  (X,Y) = (1655, 2155)  Position Error = 67.6018
TrainID = 1550  dbValue = 1.59731  nTestCell = 43  nTrainCell = 42  nDiff = 1  (X,Y) = (1735, 2205)  Position Error = 47.8539
TrainID = 544  dbValue = 1.62421  nTestCell = 43  nTrainCell = 42  nDiff = 1  (X,Y) = (1705, 2135)  Position Error = 80.8084
TrainID = 2189  dbValue = 1.63207  nTestCell = 43  nTrainCell = 42  nDiff = 1  (X,Y) = (1735, 2205)  Position Error = 47.8539
TrainID = 746  dbValue = 1.6432  nTestCell = 43  nTrainCell = 42  nDiff = 1  (X,Y) = (1765, 2245)  Position Error = 83.006
TrainID = 498  dbValue = 1.64708  nTestCell = 43  nTrainCell = 42  nDiff = 1  (X,Y) = (1735, 2225)  Position Error = 48.2701
TrainID = 1243  dbValue = 1.66094  nTestCell = 43  nTrainCell = 43  nDiff = 0  (X,Y) = (1705, 2155)  Position Error = 61.4003
TrainID = 1829  dbValue = 1.67062  nTestCell = 43  nTrainCell = 41  nDiff = 2  (X,Y) = (1705, 2265)  Position Error = 53.7587
TrainID = 2379  dbValue = 1.67703  nTestCell = 43  nTrainCell = 42  nDiff = 1  (X,Y) = (1755, 2185)  Position Error = 73.0068
TrainID = 2245  dbValue = 1.68143  nTestCell = 43  nTrainCell = 43  nDiff = 0  (X,Y) = (1645, 2145)  Position Error = 81.3019
TrainID = 1744  dbValue = 1.70877  nTestCell = 43  nTrainCell = 43  nDiff = 0  (X,Y) = (1755, 2235)  Position Error = 70.214
TrainID = 2894  dbValue = 1.72349  nTestCell = 43  nTrainCell = 43  nDiff = 0  (X,Y) = (1685, 2175)  Position Error = 39.1152
TrainID = 1645  dbValue = 1.78446  nTestCell = 43  nTrainCell = 42  nDiff = 1  (X,Y) = (1725, 2195)  Position Error = 41.5933
TrainID = 1943  dbValue = 1.81686  nTestCell = 43  nTrainCell = 42  nDiff = 1  (X,Y) = (1735, 2185)  Position Error = 55.2268
TrainID = 2383  dbValue = 1.8341  nTestCell = 43  nTrainCell = 42  nDiff = 1  (X,Y) = (1655, 2155)  Position Error = 67.6018
TrainID = 1341  dbValue = 1.8684  nTestCell = 43  nTrainCell = 42  nDiff = 1  (X,Y) = (1675, 2145)  Position Error = 70.214
TrainID = 1411  dbValue = 1.87708  nTestCell = 43  nTrainCell = 43  nDiff = 0  (X,Y) = (1665, 2115)  Position Error = 101.637
TrainID = 2386  dbValue = 1.88115  nTestCell = 43  nTrainCell = 42  nDiff = 1  (X,Y) = (1755, 2275)  Position Error = 90.6091
TrainID = 2755  dbValue = 1.91723  nTestCell = 43  nTrainCell = 43  nDiff = 0  (X,Y) = (1645, 2115)  Position Error = 107.935
TrainID = 807  dbValue = 1.93847  nTestCell = 43  nTrainCell = 43  nDiff = 0  (X,Y) = (1795, 2185)  Position Error = 110.86
TrainID = 2695  dbValue = 1.94199  nTestCell = 43  nTrainCell = 43  nDiff = 0  (X,Y) = (1765, 2155)  Position Error = 97.0052
TrainID = 2373  dbValue = 1.94982  nTestCell = 43  nTrainCell = 42  nDiff = 1  (X,Y) = (1745, 2175)  Position Error = 69.0652
TrainID = 2951  dbValue = 1.96967  nTestCell = 43  nTrainCell = 43  nDiff = 0  (X,Y) = (1665, 2125)  Position Error = 91.9239
TrainID = 980  dbValue = 1.97188  nTestCell = 43  nTrainCell = 42  nDiff = 1  (X,Y) = (1785, 2205)  Position Error = 97.4166
TrainID = 1846  dbValue = 2.01736  nTestCell = 43  nTrainCell = 42  nDiff = 1  (X,Y) = (1785, 2195)  Position Error = 98.8433
TrainID = 2458  dbValue = 2.03318  nTestCell = 43  nTrainCell = 42  nDiff = 1  (X,Y) = (1765, 2165)  Position Error = 91.2688
TrainID = 1880  dbValue = 2.07254  nTestCell = 43  nTrainCell = 43  nDiff = 0  (X,Y) = (1745, 2255)  Position Error = 70.214
TrainID = 1432  dbValue = 2.1013  nTestCell = 43  nTrainCell = 42  nDiff = 1  (X,Y) = (1755, 2255)  Position Error = 78.5493
TrainID = 776  dbValue = 2.10168  nTestCell = 43  nTrainCell = 42  nDiff = 1  (X,Y) = (1765, 2125)  Position Error = 117.686
TrainID = 319  dbValue = 2.10591  nTestCell = 43  nTrainCell = 42  nDiff = 1  (X,Y) = (1775, 2165)  Position Error = 99.8499
TrainID = 2770  dbValue = 2.14744  nTestCell = 43  nTrainCell = 42  nDiff = 1  (X,Y) = (1795, 2195)  Position Error = 108.674
TrainID = 989  dbValue = 2.14986  nTestCell = 43  nTrainCell = 43  nDiff = 0  (X,Y) = (1685, 2095)  Position Error = 119.038
TrainID = 2179  dbValue = 2.1739  nTestCell = 43  nTrainCell = 43  nDiff = 0  (X,Y) = (1795, 2235)  Position Error = 109.041
TrainID = 2815  dbValue = 2.20815  nTestCell = 43  nTrainCell = 42  nDiff = 1  (X,Y) = (1735, 2135)  Position Error = 91.9239
TrainID = 979  dbValue = 2.21601  nTestCell = 43  nTrainCell = 43  nDiff = 0  (X,Y) = (1745, 2125)  Position Error = 105.688
TrainID = 1872  dbValue = 2.23684  nTestCell = 43  nTrainCell = 42  nDiff = 1  (X,Y) = (1775, 2135)  Position Error = 117.516
TrainID = 1486  dbValue = 2.24161  nTestCell = 43  nTrainCell = 42  nDiff = 1  (X,Y) = (1725, 2085)  Position Error = 134.201
TrainID = 1311  dbValue = 2.26888  nTestCell = 43  nTrainCell = 43  nDiff = 0  (X,Y) = (1775, 2125)  Position Error = 124.459
TrainID = 2692  dbValue = 2.2721  nTestCell = 43  nTrainCell = 43  nDiff = 0  (X,Y) = (1775, 2095)  Position Error = 147.411
TrainID = 350  dbValue = 2.2805  nTestCell = 43  nTrainCell = 42  nDiff = 1  (X,Y) = (1685, 2095)  Position Error = 119.038
TrainID = 1976  dbValue = 2.28696  nTestCell = 43  nTrainCell = 42  nDiff = 1  (X,Y) = (1815, 2235)  Position Error = 128.725
TrainID = 2593  dbValue = 2.3121  nTestCell = 43  nTrainCell = 42  nDiff = 1  (X,Y) = (1755, 2135)  Position Error = 103.586
TrainID = 1538  dbValue = 2.32535  nTestCell = 43  nTrainCell = 42  nDiff = 1  (X,Y) = (1755, 2095)  Position Error = 136.565
TrainID = 2048  dbValue = 2.49783  nTestCell = 43  nTrainCell = 43  nDiff = 0  (X,Y) = (1675, 2245)  Position Error = 33.6155
TrainID = 1329  dbValue = 2.50146  nTestCell = 43  nTrainCell = 40  nDiff = 3  (X,Y) = (1705, 2075)  Position Error = 140.036
TrainID = 1161  dbValue = 2.52533  nTestCell = 43  nTrainCell = 43  nDiff = 0  (X,Y) = (1665, 2205)  Position Error = 24.6982
TrainID = 2748  dbValue = 2.54071  nTestCell = 43  nTrainCell = 43  nDiff = 0  (X,Y) = (1735, 2095)  Position Error = 127.945
TrainID = 2456  dbValue = 2.55374  nTestCell = 43  nTrainCell = 42  nDiff = 1  (X,Y) = (1775, 2125)  Position Error = 124.459
TrainID = 367  dbValue = 2.58485  nTestCell = 43  nTrainCell = 43  nDiff = 0  (X,Y) = (1615, 2225)  Position Error = 73.8241
TrainID = 2015  dbValue = 2.5958  nTestCell = 43  nTrainCell = 43  nDiff = 0  (X,Y) = (1645, 2225)  Position Error = 44.3847
TrainID = 910  dbValue = 2.6161  nTestCell = 43  nTrainCell = 42  nDiff = 1  (X,Y) = (1815, 2125)  Position Error = 155.081
TrainID = 414  dbValue = 2.62604  nTestCell = 43  nTrainCell = 43  nDiff = 0  (X,Y) = (1845, 2245)  Position Error = 160.031
TrainID = 963  dbValue = 2.64683  nTestCell = 43  nTrainCell = 43  nDiff = 0  (X,Y) = (1635, 2205)  Position Error = 53.7587
TrainID = 1328  dbValue = 2.65049  nTestCell = 43  nTrainCell = 42  nDiff = 1  (X,Y) = (1805, 2095)  Position Error = 166.883
TrainID = 1212  dbValue = 2.6741  nTestCell = 43  nTrainCell = 42  nDiff = 1  (X,Y) = (1745, 2085)  Position Error = 141.032
TrainID = 1092  dbValue = 2.67542  nTestCell = 43  nTrainCell = 42  nDiff = 1  (X,Y) = (1825, 2145)  Position Error = 153.395
TrainID = 2272  dbValue = 2.69693  nTestCell = 43  nTrainCell = 43  nDiff = 0  (X,Y) = (1615, 2215)  Position Error = 73.0068
TrainID = 646  dbValue = 2.69718  nTestCell = 43  nTrainCell = 42  nDiff = 1  (X,Y) = (1735, 2085)  Position Error = 137.295
TrainID = 2479  dbValue = 2.73475  nTestCell = 43  nTrainCell = 42  nDiff = 1  (X,Y) = (1845, 2195)  Position Error = 158.146
TrainID = 1488  dbValue = 2.74771  nTestCell = 43  nTrainCell = 42  nDiff = 1  (X,Y) = (1825, 2165)  Position Error = 145.499
TrainID = 1208  dbValue = 2.77929  nTestCell = 43  nTrainCell = 40  nDiff = 3  (X,Y) = (1655, 2095)  Position Error = 123.491
TrainID = 2854  dbValue = 2.79033  nTestCell = 43  nTrainCell = 43  nDiff = 0  (X,Y) = (1655, 2175)  Position Error = 51.0882
TrainID = 2831  dbValue = 2.80243  nTestCell = 43  nTrainCell = 43  nDiff = 0  (X,Y) = (1635, 2155)  Position Error = 79.3095
TrainID = 2394  dbValue = 2.85491  nTestCell = 43  nTrainCell = 42  nDiff = 1  (X,Y) = (1785, 2085)  Position Error = 161.4
TrainID = 2460  dbValue = 2.86556  nTestCell = 43  nTrainCell = 43  nDiff = 0  (X,Y) = (1605, 2215)  Position Error = 83.006
TrainID = 2515  dbValue = 2.88927  nTestCell = 43  nTrainCell = 42  nDiff = 1  (X,Y) = (1845, 2155)  Position Error = 167.72
TrainID = 2872  dbValue = 2.89149  nTestCell = 43  nTrainCell = 40  nDiff = 3  (X,Y) = (1815, 2085)  Position Error = 181.025
TrainID = 1754  dbValue = 2.90553  nTestCell = 43  nTrainCell = 43  nDiff = 0  (X,Y) = (1625, 2155)  Position Error = 86.3134
TrainID = 830  dbValue = 2.93253  nTestCell = 43  nTrainCell = 43  nDiff = 0  (X,Y) = (1605, 2155)  Position Error = 101.833
TrainID = 2007  dbValue = 2.94081  nTestCell = 43  nTrainCell = 40  nDiff = 3  (X,Y) = (1845, 2285)  Position Error = 172.308
TrainID = 2544  dbValue = 2.95146  nTestCell = 43  nTrainCell = 42  nDiff = 1  (X,Y) = (1835, 2145)  Position Error = 162.388
TrainID = 2110  dbValue = 2.96779  nTestCell = 43  nTrainCell = 42  nDiff = 1  (X,Y) = (1865, 2235)  Position Error = 178.241
TrainID = 2949  dbValue = 2.98453  nTestCell = 43  nTrainCell = 42  nDiff = 1  (X,Y) = (1815, 2095)  Position Error = 174.04
TrainID = 1692  dbValue = 3.02912  nTestCell = 43  nTrainCell = 41  nDiff = 2  (X,Y) = (1665, 2105)  Position Error = 111.4
TrainID = 1262  dbValue = 3.03728  nTestCell = 43  nTrainCell = 40  nDiff = 3  (X,Y) = (1665, 2095)  Position Error = 121.202
TrainID = 848  dbValue = 3.05807  nTestCell = 43  nTrainCell = 43  nDiff = 0  (X,Y) = (1625, 2145)  Position Error = 93.4345
TrainID = 703  dbValue = 3.06373  nTestCell = 43  nTrainCell = 42  nDiff = 1  (X,Y) = (1845, 2095)  Position Error = 197.003
TrainID = 2530  dbValue = 3.06732  nTestCell = 43  nTrainCell = 42  nDiff = 1  (X,Y) = (1805, 2095)  Position Error = 166.883
TrainID = 1004  dbValue = 3.08291  nTestCell = 43  nTrainCell = 43  nDiff = 0  (X,Y) = (1615, 2155)  Position Error = 93.8616
TrainID = 1903  dbValue = 3.16512  nTestCell = 43  nTrainCell = 42  nDiff = 1  (X,Y) = (1895, 2205)  Position Error = 207.196
TrainID = 1790  dbValue = 3.1713  nTestCell = 43  nTrainCell = 42  nDiff = 1  (X,Y) = (1875, 2175)  Position Error = 191.024
TrainID = 2674  dbValue = 3.17757  nTestCell = 43  nTrainCell = 43  nDiff = 0  (X,Y) = (1605, 2205)  Position Error = 83.4865
TrainID = 942  dbValue = 3.18995  nTestCell = 43  nTrainCell = 41  nDiff = 2  (X,Y) = (1595, 2215)  Position Error = 93.0054
TrainID = 1963  dbValue = 3.21153  nTestCell = 43  nTrainCell = 41  nDiff = 2  (X,Y) = (1655, 2245)  Position Error = 45.2769
TrainID = 435  dbValue = 3.23066  nTestCell = 43  nTrainCell = 42  nDiff = 1  (X,Y) = (1885, 2225)  Position Error = 197.307
TrainID = 743  dbValue = 3.23784  nTestCell = 43  nTrainCell = 40  nDiff = 3  (X,Y) = (1685, 2075)  Position Error = 139.032
TrainID = 838  dbValue = 3.28133  nTestCell = 43  nTrainCell = 41  nDiff = 2  (X,Y) = (1695, 2285)  Position Error = 71.3442
TrainID = 1875  dbValue = 3.28838  nTestCell = 43  nTrainCell = 40  nDiff = 3  (X,Y) = (1655, 2065)  Position Error = 152.611
TrainID = 2917  dbValue = 3.31916  nTestCell = 43  nTrainCell = 42  nDiff = 1  (X,Y) = (1885, 2165)  Position Error = 203.002
TrainID = 1458  dbValue = 3.3323  nTestCell = 43  nTrainCell = 43  nDiff = 0  (X,Y) = (1615, 2155)  Position Error = 93.8616
TrainID = 2466  dbValue = 3.34877  nTestCell = 43  nTrainCell = 41  nDiff = 2  (X,Y) = (1665, 2075)  Position Error = 140.89
TrainID = 2030  dbValue = 3.37336  nTestCell = 43  nTrainCell = 41  nDiff = 2  (X,Y) = (1655, 2255)  Position Error = 52.6308
TrainID = 1380  dbValue = 3.38132  nTestCell = 43  nTrainCell = 40  nDiff = 3  (X,Y) = (1585, 2275)  Position Error = 119.708
TrainID = 1104  dbValue = 3.3923  nTestCell = 43  nTrainCell = 43  nDiff = 0  (X,Y) = (1595, 2175)  Position Error = 100.846
TrainID = 2204  dbValue = 3.40775  nTestCell = 43  nTrainCell = 41  nDiff = 2  (X,Y) = (1665, 2255)  Position Error = 47.0106
TrainID = 1398  dbValue = 3.41147  nTestCell = 43  nTrainCell = 41  nDiff = 2  (X,Y) = (1665, 2275)  Position Error = 65.192
TrainID = 2915  dbValue = 3.42727  nTestCell = 43  nTrainCell = 40  nDiff = 3  (X,Y) = (1595, 2305)  Position Error = 130.115
TrainID = 2613  dbValue = 3.43889  nTestCell = 43  nTrainCell = 43  nDiff = 0  (X,Y) = (1895, 2175)  Position Error = 210.642
TrainID = 356  dbValue = 3.44195  nTestCell = 43  nTrainCell = 40  nDiff = 3  (X,Y) = (1565, 2265)  Position Error = 133.154
TrainID = 2306  dbValue = 3.44237  nTestCell = 43  nTrainCell = 41  nDiff = 2  (X,Y) = (1675, 2065)  Position Error = 149.566
TrainID = 1179  dbValue = 3.44731  nTestCell = 43  nTrainCell = 40  nDiff = 3  (X,Y) = (1705, 2075)  Position Error = 140.036
TrainID = 1929  dbValue = 3.46816  nTestCell = 43  nTrainCell = 41  nDiff = 2  (X,Y) = (1645, 2055)  Position Error = 164.712
TrainID = 2304  dbValue = 3.47081  nTestCell = 43  nTrainCell = 41  nDiff = 2  (X,Y) = (1645, 2275)  Position Error = 74.6324
TrainID = 763  dbValue = 3.50297  nTestCell = 43  nTrainCell = 43  nDiff = 0  (X,Y) = (1605, 2145)  Position Error = 107.935
TrainID = 1793  dbValue = 3.51575  nTestCell = 43  nTrainCell = 40  nDiff = 3  (X,Y) = (1615, 2295)  Position Error = 109.041
TrainID = 445  dbValue = 3.5288  nTestCell = 43  nTrainCell = 40  nDiff = 3  (X,Y) = (1675, 2085)  Position Error = 129.653
TrainID = 1376  dbValue = 3.5434  nTestCell = 43  nTrainCell = 42  nDiff = 1  (X,Y) = (1905, 2205)  Position Error = 217.187
TrainID = 1649  dbValue = 3.55274  nTestCell = 43  nTrainCell = 42  nDiff = 1  (X,Y) = (1905, 2165)  Position Error = 222.463
TrainID = 1680  dbValue = 3.55604  nTestCell = 43  nTrainCell = 42  nDiff = 1  (X,Y) = (1895, 2125)  Position Error = 225.322
TrainID = 2618  dbValue = 3.57032  nTestCell = 43  nTrainCell = 41  nDiff = 2  (X,Y) = (1645, 2245)  Position Error = 53.0094
TrainID = 1753  dbValue = 3.59227  nTestCell = 43  nTrainCell = 43  nDiff = 0  (X,Y) = (1565, 2155)  Position Error = 136.418
TrainID = 2781  dbValue = 3.59657  nTestCell = 43  nTrainCell = 43  nDiff = 0  (X,Y) = (1565, 2155)  Position Error = 136.418
TrainID = 2160  dbValue = 3.63074  nTestCell = 43  nTrainCell = 43  nDiff = 0  (X,Y) = (1565, 2175)  Position Error = 129.035
TrainID = 2205  dbValue = 3.63237  nTestCell = 43  nTrainCell = 42  nDiff = 1  (X,Y) = (1905, 2165)  Position Error = 222.463
TrainID = 593  dbValue = 3.67804  nTestCell = 43  nTrainCell = 43  nDiff = 0  (X,Y) = (1565, 2205)  Position Error = 123.329
TrainID = 1371  dbValue = 3.68705  nTestCell = 43  nTrainCell = 41  nDiff = 2  (X,Y) = (1615, 2245)  Position Error = 79.3095
TrainID = 388  dbValue = 3.85464  nTestCell = 43  nTrainCell = 41  nDiff = 2  (X,Y) = (1635, 2275)  Position Error = 80.8084
TrainID = 2678  dbValue = 3.86996  nTestCell = 43  nTrainCell = 43  nDiff = 0  (X,Y) = (1565, 2195)  Position Error = 124.459
TrainID = 1164  dbValue = 3.90542  nTestCell = 43  nTrainCell = 43  nDiff = 0  (X,Y) = (1555, 2175)  Position Error = 138.6
TrainID = 2418  dbValue = 3.93064  nTestCell = 43  nTrainCell = 42  nDiff = 1  (X,Y) = (1915, 2225)  Position Error = 227.266
TrainID = 2042  dbValue = 3.94875  nTestCell = 43  nTrainCell = 42  nDiff = 1  (X,Y) = (1915, 2155)  Position Error = 234.542
TrainID = 1052  dbValue = 3.94926  nTestCell = 43  nTrainCell = 42  nDiff = 1  (X,Y) = (1905, 2145)  Position Error = 227.706
TrainID = 815  dbValue = 3.9525  nTestCell = 43  nTrainCell = 41  nDiff = 2  (X,Y) = (1595, 2125)  Position Error = 128.725
TrainID = 1033  dbValue = 3.96428  nTestCell = 43  nTrainCell = 42  nDiff = 1  (X,Y) = (1905, 2135)  Position Error = 230.933
TrainID = 1415  dbValue = 3.98038  nTestCell = 43  nTrainCell = 40  nDiff = 3  (X,Y) = (1545, 2295)  Position Error = 164.347
TrainID = 2525  dbValue = 4.0193  nTestCell = 43  nTrainCell = 40  nDiff = 3  (X,Y) = (1905, 2115)  Position Error = 238.516
TrainID = 2364  dbValue = 4.03564  nTestCell = 43  nTrainCell = 41  nDiff = 2  (X,Y) = (1605, 2275)  Position Error = 103.005
TrainID = 457  dbValue = 4.0385  nTestCell = 43  nTrainCell = 43  nDiff = 0  (X,Y) = (1535, 2185)  Position Error = 155.724
TrainID = 2843  dbValue = 4.04374  nTestCell = 43  nTrainCell = 40  nDiff = 3  (X,Y) = (1535, 2265)  Position Error = 161.276
TrainID = 2249  dbValue = 4.04581  nTestCell = 43  nTrainCell = 41  nDiff = 2  (X,Y) = (1605, 2105)  Position Error = 137.004
TrainID = 2579  dbValue = 4.05028  nTestCell = 43  nTrainCell = 41  nDiff = 2  (X,Y) = (1575, 2225)  Position Error = 113.534
TrainID = 1656  dbValue = 4.05641  nTestCell = 43  nTrainCell = 43  nDiff = 0  (X,Y) = (1545, 2185)  Position Error = 145.911
TrainID = 875  dbValue = 4.1031  nTestCell = 43  nTrainCell = 40  nDiff = 3  (X,Y) = (1935, 2295)  Position Error = 259.942
TrainID = 1342  dbValue = 4.10741  nTestCell = 43  nTrainCell = 41  nDiff = 2  (X,Y) = (1625, 2105)  Position Error = 125.897
TrainID = 449  dbValue = 4.117  nTestCell = 43  nTrainCell = 40  nDiff = 3  (X,Y) = (1855, 2055)  Position Error = 230.586
TrainID = 1938  dbValue = 4.11772  nTestCell = 43  nTrainCell = 40  nDiff = 3  (X,Y) = (1545, 2305)  Position Error = 169.499
TrainID = 2428  dbValue = 4.15616  nTestCell = 43  nTrainCell = 41  nDiff = 2  (X,Y) = (1605, 2285)  Position Error = 109.225
TrainID = 428  dbValue = 4.17456  nTestCell = 43  nTrainCell = 43  nDiff = 0  (X,Y) = (1545, 2185)  Position Error = 145.911
TrainID = 1158  dbValue = 4.20615  nTestCell = 43  nTrainCell = 40  nDiff = 3  (X,Y) = (1595, 2305)  Position Error = 130.115
TrainID = 2585  dbValue = 4.22917  nTestCell = 43  nTrainCell = 42  nDiff = 1  (X,Y) = (1925, 2185)  Position Error = 238.768
TrainID = 2568  dbValue = 4.23287  nTestCell = 43  nTrainCell = 41  nDiff = 2  (X,Y) = (1595, 2285)  Position Error = 117.004
TrainID = 1385  dbValue = 4.29346  nTestCell = 43  nTrainCell = 41  nDiff = 2  (X,Y) = (1565, 2215)  Position Error = 123.004
TrainID = 1628  dbValue = 4.35105  nTestCell = 43  nTrainCell = 41  nDiff = 2  (X,Y) = (1595, 2285)  Position Error = 117.004
TrainID = 1657  dbValue = 4.39806  nTestCell = 43  nTrainCell = 41  nDiff = 2  (X,Y) = (1585, 2285)  Position Error = 125.1
TrainID = 1072  dbValue = 4.41738  nTestCell = 43  nTrainCell = 41  nDiff = 2  (X,Y) = (1565, 2115)  Position Error = 157.892
TrainID = 2532  dbValue = 4.42433  nTestCell = 43  nTrainCell = 41  nDiff = 2  (X,Y) = (1555, 2235)  Position Error = 134.648
TrainID = 530  dbValue = 4.45081  nTestCell = 43  nTrainCell = 40  nDiff = 3  (X,Y) = (1525, 2255)  Position Error = 168.077
TrainID = 2375  dbValue = 4.49811  nTestCell = 43  nTrainCell = 42  nDiff = 1  (X,Y) = (1945, 2195)  Position Error = 257.701
TrainID = 2616  dbValue = 4.5322  nTestCell = 43  nTrainCell = 41  nDiff = 2  (X,Y) = (1575, 2305)  Position Error = 145.086
TrainID = 2424  dbValue = 4.56127  nTestCell = 43  nTrainCell = 41  nDiff = 2  (X,Y) = (1555, 2255)  Position Error = 139.176
TrainID = 1309  dbValue = 4.67927  nTestCell = 43  nTrainCell = 41  nDiff = 2  (X,Y) = (1525, 2245)  Position Error = 165.922
TrainID = 2799  dbValue = 4.75419  nTestCell = 43  nTrainCell = 41  nDiff = 2  (X,Y) = (1555, 2305)  Position Error = 161.152
TrainID = 2863  dbValue = 4.8337  nTestCell = 43  nTrainCell = 41  nDiff = 2  (X,Y) = (1555, 2305)  Position Error = 161.152
TrainID = 2989  dbValue = 4.84655  nTestCell = 43  nTrainCell = 42  nDiff = 1  (X,Y) = (1975, 2195)  Position Error = 287.628
TrainID = 1219  dbValue = 4.8494  nTestCell = 43  nTrainCell = 42  nDiff = 1  (X,Y) = (1965, 2155)  Position Error = 283.214
TrainID = 1905  dbValue = 5.0028  nTestCell = 43  nTrainCell = 41  nDiff = 2  (X,Y) = (1535, 2135)  Position Error = 172.192
TrainID = 1746  dbValue = 5.00803  nTestCell = 43  nTrainCell = 41  nDiff = 2  (X,Y) = (1535, 2215)  Position Error = 153.003
TrainID = 1436  dbValue = 5.07813  nTestCell = 43  nTrainCell = 41  nDiff = 2  (X,Y) = (1535, 2155)  Position Error = 163.982
TrainID = 820  dbValue = 5.08404  nTestCell = 43  nTrainCell = 41  nDiff = 2  (X,Y) = (1545, 2245)  Position Error = 146.322
TrainID = 2809  dbValue = 5.16944  nTestCell = 43  nTrainCell = 41  nDiff = 2  (X,Y) = (1565, 2045)  Position Error = 209.022
TrainID = 2848  dbValue = 5.25802  nTestCell = 43  nTrainCell = 41  nDiff = 2  (X,Y) = (1545, 2065)  Position Error = 206.519
TrainID = 1568  dbValue = 5.73695  nTestCell = 43  nTrainCell = 41  nDiff = 2  (X,Y) = (1525, 2045)  Position Error = 234.798
