trainID = 367  2.521  0.3499  3.9876  1.708  1.3488  0.193  2.0345  0.6  1.287  0.1168  2.5852  2.6079  0.0571  3.5643  0.7159  1.281  2.2912  0.823  0.679  0.7243  0.6938  1.8822  4.2854  6.5341  10.0241  0.5835  5.0316  1.7662  1.8781  0.3277  2.2628  2.299  2.056  1.455  4.716  3.5905  4.5181  3.6104  2.9602  2.769  2.3512  3.5774  0.1594  1.3078  1.435  0.9417  33.3332  
trainID = 428  1.547  1.1224  1.5996  0.86  0.0418  0.943  0.2882  1.7717  1.848  1.8514  1.91  1.7599  0.7771  0.7298  1.4528  3.3413  2.3412  0.061  0.153  1.7031  1.6286  0.605  8.1751  2.24  0.1414  0.8454  0.6042  0.2424  0.432  1.9597  1.5383  0.1059  0.756  2.43  2.0034  1.0651  0.5989  0.6781  2.2531  0.6799  1.6485  2.25  1.07  0.7579  4.0165  0.2682  34.0779  
trainID = 456  1.382  1.6133  0.193  1.1208  0.7542  1.9491  0.039  1.3078  0.506  1.0481  1.7282  1.499  1.5542  0.5132  1.2977  2.1825  1.2822  1.9025  4.7248  1.7751  4.4752  36.2013  1.4496  0.4128  0.2453  21.0076  2.1782  12.1791  0.9495  0.8689  0.8861  3.19  4.606  1.5261  5.0451  0.012  2.8751  0.0509  0.2583  0.9039  1.709  1.536  1.0545  6.2089  0.142  1.4624  2.616  
trainID = 457  1.564  0.5101  1.1827  0.954  1.9056  1.415  1.5124  2.0262  2.098  0.0911  0.6475  0.4452  0.6878  2.6479  0.318  1.768  3.2161  0.223  0.547  0.7184  1.3408  1.3373  6.8535  1.2058  3.5849  1.9808  0.0413  0.3805  0.183  3.4091  1.2832  1.0344  0.462  1.3992  3.8982  0.5713  1.3551  0.6962  0.3162  0.0602  1.793  0.687  2.1337  0.8767  2.106  0.7547  34.0874  
trainID = 550  0.6668  4.658  1.519  0.707  1.8826  0.5142  0.917  1.7922  0.05  1.353  2.296  2.7381  2.0322  5.4824  3.292  1.6245  0.8488  1.5394  2.776  5.993  4.4896  36.4071  0.2147  0.7728  2.7129  22.9523  6.1619  12.2208  1.087  3.4793  1.1682  1.8123  0.4461  1.7814  5.2304  4.1043  2.6852  0.4237  0.2106  1.3276  1.5  0.604  3.1264  3.3709  0.765  0.7236  1.671  
trainID = 815  0.5355  0.5357  0.2302  2.858  1.2295  0.53  1.2196  0.149  0.381  1.8749  4.0908  2.4096  0.4992  0.8839  1.9748  3.7316  3.4372  0.8139  1.639  3.5627  0.2973  2.0847  3.8947  5.0375  5.9746  2.7051  0.0784  0.4897  1.726  0.2696  3.0479  1.1535  0.478  0.386  1.4414  1.5848  2.0414  0.6357  0.5783  1.2949  3.274  2.1784  0.8399  0.6295  2.453  0.5388  1.461  
trainID = 848  3.4321  0.3805  2.1486  1.374  1.0796  0.372  2.3045  0.667  0.037  2.3713  1.829  0.2092  0.8932  3.051  1.0325  4.8453  5.6501  1.8597  0.292  0.0087  2.548  3.3049  2.3263  8.647  10.1909  2.6577  0.58  2.9749  1.413  0.0263  0.6413  0.4133  4.451  1.647  2.1975  0.5171  2.3856  0.1764  2.7982  0.592  1.1283  0.139  0.7162  0.0811  2  0.9663  33.3089  
trainID = 963  2.6671  2.083  2.3196  1.817  2.6775  0.602  0.6074  2.2781  1.434  0.739  2.9241  1.3543  1.3092  2.4051  0.7584  3.3852  1.0918  1.5324  0.857  0.7608  2.5234  1.1047  2.7348  6.7136  7.4088  0.7121  5.7678  0.8736  0.508  0.0983  1.0483  0.4079  3.097  2.234  2.4281  3.259  3.9547  4.0211  3.596  1.0194  1.0227  1.7941  0.8048  2.5233  6.2828  1.7368  34.4984  
trainID = 1072  0.7021  0.2441  0.749  0.9771  3.335  0.6826  2.931  0.6799  0.738  0.3857  1.323  1.845  0.9588  2.4431  0.7168  0.7872  0.0303  0.687  2.869  1.6878  1.0094  2.5288  3.6383  3.1642  5.698  3.2707  4.5497  0.3132  2.1556  0.9783  0.159  0.3549  2.91  0.818  0.167  0.94  1.3104  1.2014  0.0177  1.8394  0.0073  0.8312  0.033  0.64  0.1778  0.9479  3.348  0.9278  1.891  
trainID = 1104  0.3381  0.2914  2.1486  0.351  0.1599  1.697  2.5186  0.744  2.5162  1.8722  0.5029  2.5831  0.896  0.2184  1.7871  2.9689  1.1762  1.9153  0.943  0.816  1.9442  2.55  2.2192  1.4262  4.5923  0.3571  3.349  2.4484  1.112  1.3927  1.8259  1.1303  2.156  1.015  1.8998  0.5167  1.6445  2.5449  3.2612  4.4942  0.277  1.8245  0.0747  1.3953  1.214  0.404  32.9724  
trainID = 1164  0.7949  1.0227  3.0296  2.399  2.2326  1.825  0.4049  0.324  1.37  1.7492  0.1699  0.1548  1.5152  1.4251  1.6698  0.225  0.489  1.2688  1.616  1.5844  2.3995  1.5048  3.0847  0.0607  1.5377  1.481  0.9062  1.3371  2.8198  0.5414  0.9547  1.4113  0.041  1.7597  1.4242  0.9212  1.9419  1.0017  2.3275  1.2708  0.5692  1.7456  5.372  2.9249  2.184  1.1691  34.4519  
trainID = 1394  0.2288  1.6126  2.244  1.3735  2.926  1.3136  1.653  2.2076  0.25  0.3235  0.037  1.788  0.9268  5.264  0.7008  0.6359  1.9415  1.7813  2.9521  4.7424  3.0089  32.8896  0.435  1.0453  0.4666  18.1561  1.0637  17.6487  1.0889  1.0577  2.5207  0.2618  0.875  2.5735  1.6888  2.514  3.378  1.5009  2.4167  0.3526  0.331  0.325  3.8808  4.0959  1.619  0.8029  1.144  
trainID = 1436  0.1404  0.8391  0.514  1.983  1.4914  2.4946  1.968  1.303  0.901  1.5392  0.361  1.403  0.732  1.4418  0.815  0.2333  0.7047  1.552  1.895  2.9999  0.193  0.576  0.4538  0.3569  0.0578  3.1859  3.7133  6.9342  0.7387  3.0295  0.194  0.447  0.4084  1.6236  0.39  2.457  1.8269  0.0845  1.218  1.3839  0.6653  3.3419  1.8478  0.9377  1.382  1.6216  1.9889  0.819  0.4705  0.266  
trainID = 1440  2.3155  3.1207  0.745  3.254  0.7877  0.8446  0.052  1.6991  1.162  0.0213  3.2366  3.7971  3.9114  3.3361  1.5927  0.6768  0.7472  0.4622  2.834  4.6294  1.5552  36.2807  2.6843  2.3327  1.1791  20.6794  2.1111  13.775  2.4923  1.3626  2.1682  0.6237  0.32  2.1248  1.9729  0.0863  2.6188  1.136  1.851  1.0978  0.328  0.57  4.4726  2.8439  3.9082  2.4978  0.959  
trainID = 1444  0.4408  4.0734  1.141  1.779  2.8882  0.2974  0.102  0.5474  0.014  0.4334  2.21  5.5343  1.2461  5.3743  2.6735  0.6329  2.7481  1.7771  0.407  4.1239  3.1642  38.8147  3.8136  3.6048  2.8456  23.0528  6.4277  9.5106  2.9694  2.1811  1.0156  0.5833  0.9584  4.843  2.2012  0.8326  4.9838  3.6655  0.3726  1.389  1.901  1.177  3.6454  2.9219  0.246  0.0804  0.896  
trainID = 1458  0.2635  0.9839  0.1831  0.409  0.92  3.6997  0.5321  0.139  0.824  0.3531  1.6375  3.0205  1.0598  1.5062  2.3646  3.7828  4.5494  1.9981  0.077  1.1639  1.021  0.7791  3.4747  4.5141  6.7234  0.207  2.8597  0.1203  0.388  0.311  3.4552  0.6497  1.799  3  3.5387  0.1108  2.2799  1.5153  5.4943  0.0621  2.3571  1.7121  0.8899  2.5241  4.518  2.2638  36.0689  
trainID = 1473  1.6622  1.6906  0.471  1.0815  3.0677  2.9001  2.312  2.3177  2.2416  1.8491  1.341  1.992  5.4089  1.9831  2.414  1.1645  0.1539  0.0707  5.3184  3.624  5.026  1.28  0.1181  1.0133  1.1695  23.4398  11.3853  4.9552  1.3056  5.6757  3.7388  2.5725  3.2941  3.0595  0.21  0.215  4.4649  4.8112  2.875  1.9104  1.1524  0.0046  3.0601  1.106  0.158  3.4187  2.809  
trainID = 1529  2.844  2.4006  0.149  2.2045  1.8536  0.0955  2.371  1.5384  1.138  0.449  3.435  1.939  2.723  1.3021  1.2347  1.9359  0.6929  0.9792  0.034  5.3018  4.582  0.096  1.87  3.4613  1.1282  22.5582  12.3803  7.0305  0.676  6.2314  1.8036  0.578  3.4027  2.2765  4.6884  3.966  3.1576  4.0544  3.2473  2.0432  1.2983  0.2594  1.6014  2.584  0.2  3.3585  33.3097  
trainID = 1568  0.7451  1.1199  1.295  0.8518  2.9683  1.6826  0.178  0.4292  0.593  0.3829  1.4  3.9734  6.2477  2.8436  0.8289  1.5086  1.7239  3.2957  2.9839  0.6221  1.8  1.835  0.5625  0.743  0.8212  22.1534  5.415  7.7501  0.2182  5.7923  1.3808  0.515  2.4492  0.995  1.6471  0.087  1.6847  3.6908  0.6069  0.3439  3.0096  0.2778  0.736  1.557  0.413  0.678  3.8269  0.989  0.1303  1.07  
trainID = 1656  0.388  0.892  3.1326  2.681  0.8118  0.362  1.6037  2.628  1.715  1.1931  0.4093  2.2239  1.138  0.7798  0.4171  5.0679  5.3266  0.543  1.538  0.4401  1.003  1  4.6039  2.8969  0.2964  1.304  0.6103  2.0365  0.123  0.432  0.6674  0.0366  1.521  0.199  1.7015  1.1167  0.1245  0.5185  0.6012  2.3031  0.325  0.294  0.5225  1.6089  1.563  1.7304  32.8406  
trainID = 1708  0.5572  2.2429  1.005  2.43  3.0805  0.2568  0.419  0.2498  1.194  0.448  1.05  0.973  1.0248  2.6919  0.5126  1.5799  1.6551  2.555  3.029  4.6666  1.2323  34.8364  1.9041  1.5717  0.0348  16.4737  1.1797  17.9949  2.6353  0.5315  1.6011  1.4343  2.447  1.0945  0.9132  1.4733  0.09  0.2589  2.276  0.8188  1.2314  3.103  0.1785  4.0399  1.862  0.4951  1.57  
trainID = 1753  0.031  3.192  0.5783  2.172  1.8303  0.459  0.5326  1.546  0.326  2.4082  0.5074  1.4187  1.2183  2.1664  0.8592  1.717  1.5684  0.18  0.671  0.6679  0.8604  1.3328  0.2309  2.8528  0.9569  1.0901  2.0879  1.4088  0.08  0.4063  1.6041  0.1653  1.613  1.391  0.163  0.9051  2.2142  0.3019  2.4928  1.6304  1.248  1.9159  0.2117  0.4959  0.405  0.3719  34.2219  
trainID = 1875  1.1476  0.8699  1.642  3.0572  1.6819  0.4698  1.584  1.2312  0.806  2.7295  0.606  1.078  3.536  5.7889  1.2812  1.4741  0.901  3.4502  3.052  2.3701  4.8233  1.108  4.8481  2.7763  4.051  9.4124  9.9279  7.9976  2.3734  2.2271  2.5167  0.377  1.1541  4.2778  0.0114  2.0561  2.8966  0.2603  2.8625  1.0963  0.461  0.077  0.9954  0.6279  0.587  2.2379  0.992  
trainID = 1905  1.8305  0.2957  2.501  0.7917  0.0302  0.3147  0.928  1.0371  1.923  0.6049  0.87  0.489  1.235  0.7736  0.0672  1.374  1.7068  0.4862  2.483  4.3785  2.9418  0.888  4.224  1.7143  0.3056  1.8457  2.0062  9.7712  1.0135  0.2966  2.2414  3.545  0.87  0.94  0.9572  0.297  1.6659  2.6501  0.9518  0.3528  1.5116  1.9968  0.5973  0.8688  1.3647  1.944  1.4738  2.579  0.2973  0.1  
trainID = 1929  4.0188  3.2602  0.12  2.0005  0.2107  2.0626  3.815  1.1509  2.6439  1.0942  0.069  0.511  2.8095  3.8282  3.1026  3.4141  1.5648  4.9963  3.921  2.1747  4.2197  1.5121  1.3564  2.1185  10.5506  10.8676  6.5843  1.5983  3.259  2.7364  3.6148  1.4158  2.8452  32.8385  2.4168  2.1676  3.0986  0.0063  2.2679  0.047  1.9927  1.9966  0.6987  1.0423  1.07  0.9466  0.355  
trainID = 2089  1.8026  4.4549  0.49  0.4195  2.0345  1.2327  1.933  1.8638  1.335  1.6315  1.109  2.4989  0.4476  6.0348  0.4195  1.1442  2.9761  1.6156  4.0986  6.3924  0.063  35.6131  2.4203  3.6662  3.1448  22.1  5.1397  13.0963  1.3634  1.5611  0.2472  0.924  1.736  2.3715  3.5929  2.237  2.9217  0.7353  0.6254  1.4156  2.183  0.29  4.6789  5.0749  4.1962  1.5056  1.465  
trainID = 2160  1.0258  1.7586  3.0556  1.207  1.6176  0.108  1.9447  2.3594  1.739  2.189  0.3838  1.9805  0.6313  4.1089  1.1127  3.235  2.927  0.851  0.417  2.5473  1.3902  0.98  2.1037  0.6533  0.3423  0.4108  3.7182  2.4574  1.077  0.1481  2.7176  1.187  0.074  0.318  2.3568  0.4749  0.3411  1.646  1.2956  1.2372  2.2161  0.509  1.7666  0.1265  3.035  0.342  34.5325  
trainID = 2244  1.0644  2.2121  0.935  2.035  1.4005  0.8592  1.131  2.5508  1.107  0.4004  1.333  4.4538  1.2402  8.3733  2.9879  0.2746  1.3191  1.6584  0.652  5.9442  4.3081  36.4569  1.1089  3.2851  2.1864  26.3049  7.5195  9.8774  3.5225  2.8665  3.5293  0.7226  1.397  2.3726  3.9689  0.8077  6.5159  0.7297  0.476  0.2481  1.344  0.453  2.6207  1.8139  0.366  2.061  1.324  
trainID = 2249  1.7766  2.1154  0.909  1.7963  2.6077  1.1216  1.839  0.7642  0.444  2.015  1.043  0.227  0.4769  1.7775  1.5035  1.6743  1.2085  1.7881  2.332  2.2397  1.3948  2.0239  1.7311  1.2895  5.8452  5.7065  4.7135  0.8854  0.3365  3.8759  0.061  0.4786  1.0176  2.0764  1.489  0.278  1.1599  0.8573  4.1167  0.449  2.5202  0.5243  0.4662  0.41  0.3817  1.5589  0.238  0.7963  0.762  
trainID = 2272  0.1587  0.3919  4.2566  2.326  1.198  0.448  2.4824  0.15  0.201  0.3101  0.2206  2.6114  0.0439  1.9662  1.5294  4.9604  2.5856  0.411  0.98  1.7103  2.254  0.8893  3.4929  4.7497  8.9632  4.4557  6.21  1.1095  1.227  1.9673  1.1154  0.8339  1.067  1.8401  2.1785  0.0669  2.9724  3.1873  3.2029  4.8781  0.9227  1.94  0.0405  1.8057  3.357  0.8286  32.8644  
trainID = 2388  2.7422  1.2498  0.276  2.528  0.5722  0.7896  1.782  3.2884  2.116  2.1399  0.699  2.655  1.6898  3.2289  1.0779  0.5693  1.589  2.4383  0.313  3.7422  3.0608  36.6067  0.335  0.4091  0.344  10.7222  3.0969  23.6099  0.0564  2.0543  1.151  1.5979  1.097  1.0268  0.4143  1.0021  1.54  1.2795  2.5124  2.7566  0.847  0.179  1.4355  0.9898  0.697  0.0885  0.826  
trainID = 2580  0.191  0.1301  2.6572  1.7951  3.046  1.1841  2.48  0.6918  2.6895  0.4197  0.716  1.953  4.2349  2.4285  1.6571  1.2098  3.3208  1.5969  1.821  4.0437  3.5454  1.098  1.3551  1.0028  0.4708  19.2161  8.181  4.2909  0.2404  3.2598  3.717  0.606  5.0365  3.9139  3.2495  0.511  1.251  2.0524  1.3104  2.5137  1.3296  0.576  0.1005  1.4483  0.103  0.7673  3.103  
trainID = 2674  0.6738  2.9387  2.2726  1.002  1.3353  0.816  0.3735  0.55  0.157  0.5777  0.6103  1.6525  1.8049  1.153  1.3455  2.274  2.8988  1.7859  0.932  2.4431  3.5505  0.0493  0.9987  5.9864  5.3274  0.0478  4.2463  1.0837  0.859  2.0694  0.4626  0.9016  1.462  0.922  3.1162  2.8377  3.2093  1.8383  2.5279  2.8916  2.7006  0.099  1.3516  2.3695  3.502  0.0948  34.5532  
trainID = 2678  3.104  0.4336  2.1026  0.538  2.7072  1.132  1.5378  3.1648  0.894  2  0.4609  1.7092  1.3273  3.0113  0.7914  3.2881  1.7068  1.8988  1.356  1.0365  0.897  0.469  1.1328  1.4173  0.3928  2.1575  1.2948  4.3913  1.775  1.3166  3.2474  0.0621  0.554  1.213  2.6923  1.1115  2.5616  0.739  3.3809  0.9651  0.7511  1.1791  1.6982  0.7444  3.38  0.6922  34.3778  
trainID = 2781  0.1221  0.2747  1.2086  1.752  1.1575  1.16  1.1688  0.665  0.477  1.2495  0.1081  0.2877  1.2682  1.1555  0.2618  2.9  2.1615  1.7649  0.032  2.0679  0.4284  1.7968  1.15  2.9083  2.353  1.9503  2.0003  0.0045  0.447  2.6999  2.2022  0.4746  1.986  1.499  0.9678  0.9267  3.6818  1.7315  3.3707  2.845  0.013  1.558  1.0186  1.2452  0.812  2.2544  33.4961  
trainID = 2809  0.7778  1.0551  0.869  0.627  3.012  1.2606  3.3929  2.0837  1.522  0.0623  1.121  1.695  4.194  3.2806  0.0037  0.0559  0.5326  3.0403  2.337  4.0173  4.4893  0  0.2213  1.9018  0.1554  16.9023  9.5164  1.9175  1.1611  3.875  2.1095  2.3596  3.4228  1.1088  1.1391  0.955  0.416  2.3424  1.4838  0.47  1.5816  2.3281  1.7961  1.6401  1.308  0.8048  2.2089  0.525  2.5395  2.024  
trainID = 2831  2.1749  0.628  1.9996  1.477  1.8522  0.96  2.4626  1.534  0.753  1.1194  2.2283  1.3118  1.4723  0.5315  0.7416  0.132  0.8195  1.5532  0.865  5.1815  2.825  0.241  4.6967  8.373  9.4345  0.0982  4.1645  0.3881  1.191  4.0352  1.328  0.8248  2.886  4.413  1.0794  0.1913  3.1026  0.511  1.2496  1.467  0.029  1.3916  0.8901  0.3466  2.466  0.0006  34.9819  
trainID = 2848  3.0739  1.6454  0.011  0.7846  0.6118  0.2904  4.2278  1.7396  1.001  1.4849  4.0034  0.89  6.0536  0.5475  1.6174  1.0441  1.0617  1.3798  3.1735  4.6381  3.1272  1.003  0.969  0.4323  2.1121  15.7677  6.6574  5.6964  0.6323  3.3742  3.218  0.675  1.028  0.9923  2.4935  1.947  0.435  1.5667  0.9607  0.2317  0.2423  1.0669  2.3843  0.183  2.5382  2.1089  3.8709  2.404  1.0161  0.691  
trainID = 2854  1.6295  1.9279  1.1416  0.011  1.8532  0.322  0.2804  2.762  2.4388  0.4875  1.2987  1.8657  1.3459  0.0351  0.1206  4.3713  0.3775  3.296  0.635  3.1687  2.03  2.8635  5.7652  7.6306  10.0893  0.6792  3.4929  2.8041  0.326  2.5702  1.731  0.7807  2.891  2.171  2.7827  1.4017  4.2987  0.5189  2.4895  0.177  3.1008  0.351  2.009  1.86  4.0653  1.1572  35.9977  
TrainID = 1436  dbValue = 1.35849  nTestCell = 50  nTrainCell = 50  nDiff = 0  (X,Y) = (1535, 2155)  Position Error = 35.2278
TrainID = 1072  dbValue = 1.44083  nTestCell = 50  nTrainCell = 49  nDiff = 1  (X,Y) = (1565, 2115)  Position Error = 14.8661
TrainID = 1905  dbValue = 1.52663  nTestCell = 50  nTrainCell = 50  nDiff = 0  (X,Y) = (1535, 2135)  Position Error = 21.9317
TrainID = 2249  dbValue = 1.57352  nTestCell = 50  nTrainCell = 49  nDiff = 1  (X,Y) = (1605, 2105)  Position Error = 54.231
TrainID = 815  dbValue = 1.68426  nTestCell = 50  nTrainCell = 47  nDiff = 3  (X,Y) = (1595, 2125)  Position Error = 40.0125
TrainID = 1753  dbValue = 1.84484  nTestCell = 50  nTrainCell = 47  nDiff = 3  (X,Y) = (1565, 2155)  Position Error = 30.6757
TrainID = 1656  dbValue = 2.02704  nTestCell = 50  nTrainCell = 47  nDiff = 3  (X,Y) = (1545, 2185)  Position Error = 59.8415
TrainID = 2781  dbValue = 2.06519  nTestCell = 50  nTrainCell = 47  nDiff = 3  (X,Y) = (1565, 2155)  Position Error = 30.6757
TrainID = 457  dbValue = 2.09169  nTestCell = 50  nTrainCell = 47  nDiff = 3  (X,Y) = (1535, 2185)  Position Error = 62.2977
TrainID = 428  dbValue = 2.11008  nTestCell = 50  nTrainCell = 47  nDiff = 3  (X,Y) = (1545, 2185)  Position Error = 59.8415
TrainID = 2809  dbValue = 2.15286  nTestCell = 50  nTrainCell = 50  nDiff = 0  (X,Y) = (1565, 2045)  Position Error = 81.6149
TrainID = 1568  dbValue = 2.17705  nTestCell = 50  nTrainCell = 50  nDiff = 0  (X,Y) = (1525, 2045)  Position Error = 86.3771
TrainID = 1164  dbValue = 2.17901  nTestCell = 50  nTrainCell = 47  nDiff = 3  (X,Y) = (1555, 2175)  Position Error = 49
TrainID = 2848  dbValue = 2.18209  nTestCell = 50  nTrainCell = 50  nDiff = 0  (X,Y) = (1545, 2065)  Position Error = 61.8142
TrainID = 2160  dbValue = 2.18417  nTestCell = 50  nTrainCell = 47  nDiff = 3  (X,Y) = (1565, 2175)  Position Error = 50.01
TrainID = 1104  dbValue = 2.26565  nTestCell = 50  nTrainCell = 47  nDiff = 3  (X,Y) = (1595, 2175)  Position Error = 63.2535
TrainID = 2678  dbValue = 2.31477  nTestCell = 50  nTrainCell = 47  nDiff = 3  (X,Y) = (1565, 2195)  Position Error = 69.7209
TrainID = 1875  dbValue = 2.37848  nTestCell = 50  nTrainCell = 47  nDiff = 3  (X,Y) = (1655, 2065)  Position Error = 117.137
TrainID = 2580  dbValue = 2.39395  nTestCell = 50  nTrainCell = 47  nDiff = 3  (X,Y) = (1555, 2045)  Position Error = 81
TrainID = 2674  dbValue = 2.48202  nTestCell = 50  nTrainCell = 47  nDiff = 3  (X,Y) = (1605, 2205)  Position Error = 93.4933
TrainID = 1458  dbValue = 2.59797  nTestCell = 50  nTrainCell = 47  nDiff = 3  (X,Y) = (1615, 2155)  Position Error = 66.6408
TrainID = 2831  dbValue = 2.60432  nTestCell = 50  nTrainCell = 47  nDiff = 3  (X,Y) = (1635, 2155)  Position Error = 85.0941
TrainID = 848  dbValue = 2.6099  nTestCell = 50  nTrainCell = 47  nDiff = 3  (X,Y) = (1625, 2145)  Position Error = 72.5328
TrainID = 2272  dbValue = 2.70982  nTestCell = 50  nTrainCell = 47  nDiff = 3  (X,Y) = (1615, 2215)  Position Error = 107.336
TrainID = 1708  dbValue = 2.87027  nTestCell = 50  nTrainCell = 47  nDiff = 3  (X,Y) = (1505, 2125)  Position Error = 50.01
TrainID = 2388  dbValue = 2.87707  nTestCell = 50  nTrainCell = 47  nDiff = 3  (X,Y) = (1495, 2165)  Position Error = 71.5612
TrainID = 2854  dbValue = 2.88091  nTestCell = 50  nTrainCell = 47  nDiff = 3  (X,Y) = (1655, 2175)  Position Error = 111.36
TrainID = 963  dbValue = 2.88886  nTestCell = 50  nTrainCell = 47  nDiff = 3  (X,Y) = (1635, 2205)  Position Error = 112.432
TrainID = 367  dbValue = 2.88989  nTestCell = 50  nTrainCell = 47  nDiff = 3  (X,Y) = (1615, 2225)  Position Error = 115.763
TrainID = 1473  dbValue = 2.92112  nTestCell = 50  nTrainCell = 47  nDiff = 3  (X,Y) = (1545, 1995)  Position Error = 131.381
TrainID = 1394  dbValue = 3.0222  nTestCell = 50  nTrainCell = 47  nDiff = 3  (X,Y) = (1465, 2135)  Position Error = 90.4489
TrainID = 456  dbValue = 3.03027  nTestCell = 50  nTrainCell = 47  nDiff = 3  (X,Y) = (1495, 2075)  Position Error = 78.7464
TrainID = 1929  dbValue = 3.19981  nTestCell = 50  nTrainCell = 47  nDiff = 3  (X,Y) = (1645, 2055)  Position Error = 114.634
TrainID = 1440  dbValue = 3.26078  nTestCell = 50  nTrainCell = 47  nDiff = 3  (X,Y) = (1445, 2135)  Position Error = 110.368
TrainID = 550  dbValue = 3.49216  nTestCell = 50  nTrainCell = 47  nDiff = 3  (X,Y) = (1425, 2095)  Position Error = 133.645
TrainID = 1529  dbValue = 3.54179  nTestCell = 50  nTrainCell = 47  nDiff = 3  (X,Y) = (1525, 2025)  Position Error = 105.361
TrainID = 1444  dbValue = 3.54343  nTestCell = 50  nTrainCell = 47  nDiff = 3  (X,Y) = (1415, 2105)  Position Error = 141.566
TrainID = 2089  dbValue = 3.5809  nTestCell = 50  nTrainCell = 47  nDiff = 3  (X,Y) = (1425, 2105)  Position Error = 131.685
TrainID = 2244  dbValue = 3.61954  nTestCell = 50  nTrainCell = 47  nDiff = 3  (X,Y) = (1405, 2095)  Position Error = 153.17
