trainID = 143  2.3382  0.084  0.366  1.85  1.6976  0.452  0.075  5.1527  3.426  0.1067  6.1072  0.4788  3.6754  0.8257  0.6454  2.963  1.5447  1.0527  2.9979  2.8613  0.8491  3.1267  0.3247  6.3032  8.2635  2.3381  0.7325  5.4794  1.5148  0.6178  2.4054  1.985  0.398  2.8105  1.6295  2.2431  1.0186  2.4066  4.711  2.1847  0.584  0.4201  0.0404  0.032  
trainID = 174  1.967  5.7373  1.167  0.192  0.3204  2.5418  1.097  2.7554  2.7278  4.0338  1.7398  3.7813  5.0116  4.3041  1.5961  1.1404  4.8052  4.9661  4.6851  5.3163  6.4622  7.4896  8.1877  13.6503  1.7835  1.393  2.4957  4.1801  1.6647  1.1593  3.4446  6.971  2.019  2.3771  2.2565  0.7716  2.0579  4.644  0.129  1.043  1.454  0.992  0.8391  
trainID = 184  1.133  2.2616  0.068  0.487  0.1442  4.2447  5.1355  7.1438  5.7544  0.1362  2.4933  3.5418  3.6261  0.7461  1.876  2.592  5.739  2.6555  3.2377  7.0086  14.8888  0.8512  3.1781  5.5905  3.6275  4.1641  1.8778  6.1508  5.8034  1.0088  6.2324  3.9906  3.1769  2.712  2.8651  1.672  5.0187  1.3401  1.312  0.2467  36.7241  
trainID = 204  3.5606  1.1952  0.708  1.883  2.1662  0.154  0.8988  2.1224  0.655  5.0125  1.3363  5.4286  1.9828  0.2782  1.1877  1.9882  0.113  1.082  2.0163  0.772  0.7217  1.079  4.7367  7.9175  0.0674  1.434  5.06  1.7058  0.7539  2.5956  1.5012  0.9587  2.0486  2.4705  1.3301  2.473  1.6107  0.868  4.1343  0.271  0.262  0.2782  1.25  
trainID = 215  1.952  0.5517  0.228  0.533  1.1762  3.4502  3.9355  7.8561  3.9516  2.2858  3.2781  3.8032  4.869  1.078  0.655  2.775  5.8198  5.3991  5.3612  15.9657  23.1973  9.7921  4.2852  2.7391  4.4438  0.757  3.5008  6.9459  5.8535  0.3201  7.5589  3.863  3.6387  2.9666  0.0824  0.174  3.8296  0.767  0.261  2.5247  34.3631  
trainID = 231  6.2719  4.2109  0.358  0.561  1.1806  1.345  0.3916  9.4376  2.4865  1.9519  2.1874  1.5328  0.2003  5.0431  0.491  4.0751  1.8325  6.3412  16.7857  17.0571  20.4528  8.8802  11.7964  4.0177  2.132  2.6622  0.7654  1.3377  1.4703  6.5827  9.9479  0.8461  2.3461  2.7025  3.8657  5.796  7.1864  0.302  4.0768  0.494  1.52  2.4707  
trainID = 256  1.17  0.6052  1.211  0.684  2.9118  1.5491  2.6195  0.9084  1.2493  0.8979  0.1499  1.0908  1.6252  0.7111  0.013  1.413  3.1072  0.4721  0.1283  0.295  5.3709  8.4823  3.5893  2.7671  3.3229  5.28  1.9982  3.4806  3.3535  4.5888  0.0001  2.6378  0.9908  1.0787  0.4613  1.203  1.7316  0.758  1.3525  4.687  0.164  
trainID = 261  3.3097  3.7623  0.019  31.4384  0.7798  1.592  1.3611  3.0779  2.6755  0.6098  1.3895  0.6285  0.5837  4.7916  2.3292  2.7723  1.8998  6.3822  3.8614  4.3032  3.2857  6.0812  0.1021  2.7557  1.0145  3.9609  3.1755  0.6571  2.4043  1.7188  3.804  0.9442  2.6387  2.2811  0.4113  0.476  1.5053  1.7682  0.5054  2.0018  1.717  
trainID = 262  0.0404  3.0011  1.2806  1.379  1.998  0.263  1.0791  4.5187  2.4955  0.6604  0.1012  3.1869  2.0261  2.0681  0.6367  2.0282  4.0392  3.029  3.4174  7.3917  6.7548  5.0889  7.3699  1.745  0.561  2.1655  2.9865  3.4265  1.7545  3.7579  4.6152  1.6965  1.9949  2.4525  0.0589  4.0352  2.2401  2.065  0.9749  0.461  0.5532  0.8903  0.245  
trainID = 270  1.2297  1.9079  3.0443  0.3904  2.9428  1.834  0.416  3.9326  0.6129  1.6521  4.7641  2.775  5.4535  1.2695  0.1223  1.7908  1.272  1.5913  3.1548  2.6152  0.0654  1.4333  1.2531  12.7166  4.809  1.2951  3.4534  6.0187  0.6153  0.036  0.2429  8.0802  0.2836  2.4466  1.054  0.5305  1.909  0.472  0.847  0.401  1.382  
trainID = 279  3.4524  3.9871  1.2976  0.357  2.6436  3.9009  0.75  2.8345  3.7533  0.5621  1.0326  1.9859  4.3838  0.1849  3.3849  1.0258  3.3539  1.4107  1.738  2.9834  4.7768  8.1784  3.4808  8.4035  0.6696  0.846  1.393  3.3064  0.3909  0.9118  2.8367  7.2523  0.335  0.0891  1.4578  1.8394  2.9618  4.3425  1.767  0.3423  2.519  2.407  1.3388  
trainID = 281  1.0918  0.5728  0.521  1.5521  1.4404  1.77  2.2206  0.6352  0.4096  0.4022  0.7127  3.7307  1.0139  0.7198  0.5311  3.3699  3.7322  2.3926  2.6544  3.7893  3.9111  2.9923  6.5627  0.8993  2.0196  0.6056  1.6644  1.2998  0.7342  0.1137  7.2293  0.6973  0.9027  1.1534  0.1238  2.9698  2.1655  3.701  0.5956  0.239  0.076  2.5942  
trainID = 309  4.5801  5.7782  0.671  0.0473  4.4961  0.241  2.5114  5.7123  3.0197  1.9396  3.7903  0.7824  1.0434  1.2207  0.2528  6.5319  2.3657  3.0063  6.2931  8.5807  9.0663  6.174  10.8057  0.512  0.697  4.3889  1.3216  0.4281  2.0803  5.0214  6.6041  4.3002  0.3274  3.1705  3.0387  1.3099  4.4388  0.692  1.7366  0.206  0.769  1.018  
trainID = 317  1.386  1.8794  0.329  1.112  1.2693  3.6274  1.9809  2.2528  2.7717  1.2934  2.119  1.1556  2.7162  2.8212  0.597  2.1306  6.527  0.9563  0.2168  5.8523  9.7842  4.2746  2.8756  3.1107  2.7681  5.2209  1.9528  4.1076  5.0015  4.7116  5.9662  1.5271  3.6854  1.4308  4.391  0.395  4.1527  2.1875  2.101  2.0895  33.2539  
trainID = 384  0.1326  1.0496  0.489  1.947  1.52  0.909  0.6371  2.4558  3.1305  4.172  3.9346  1.8355  0.2128  2.976  3.426  0.6827  0.883  0.736  2.2455  0.6824  1.1292  1.8927  6.0123  1.0317  3.679  3.2254  2.6922  0.6132  1.2759  3.2164  2.0574  1.8017  0.6687  2.849  1.1709  0.9495  1.4856  0.544  1.7969  1.1598  1.6586  2.5467  0.627  
trainID = 401  2.7991  0.6585  1.076  1.213  3.3278  3.5092  1.722  2.8199  2.3128  0.4931  8.0026  0.3337  5.5786  1.3989  2.989  2.2254  2.2716  0.825  3.575  1.036  2.3882  1.8879  0.5164  8.3887  10.0685  0.7426  2.4902  3.7225  2.892  0.215  2.5028  1.4566  1.2212  5.1452  0.5232  0.7849  0.2105  0.1901  1.86  3.5958  1.336  1.795  0.4328  
trainID = 406  1.7291  1.6998  2.78  2.672  0.8873  1.597  2.143  0.2879  2.2756  0.0506  3.1973  1.3419  0.0711  0.1905  0.7027  0.8869  3.0179  2.431  0.18  1.1629  2.72  3.3749  3.0369  1.4512  5.3661  0.1871  1.7786  0.5454  4.6878  0.3731  1.7752  0.8953  0.2513  0.5491  2.678  1.4368  3.1248  0.1075  0.847  1.112  0.9  0.6621  2.1036  1.198  
trainID = 438  0.8067  1.4186  1.202  1.9014  3.8444  1.093  0.428  2.1158  0.9818  0.5725  6.407  0.3521  1.5836  3.4711  2.2772  3.1057  1.6646  0.727  1.05  3.2933  0.4285  3.4292  3.3324  2.5024  10.0691  1.9091  0.8239  3.1277  0.9985  0.9358  2.2471  1.6945  1.4329  5.123  0.5439  0.2895  0.209  0.557  1.629  0.0596  1.8304  0.6581  0.6373  
trainID = 456  5.6306  2.0851  0.075  0.4102  0.0956  4.8887  35.3262  2.659  5.2537  3.0375  12.3477  9.0549  3.6205  6.378  6.2302  5.9986  0.4757  3.174  0.473  7.5428  2.2399  4.8391  6.3854  3.8986  16.2286  4.2515  1.6699  9.3439  1.909  5.8158  5.4328  1.6237  1.9686  5.4069  1.9458  0.9447  0.0886  3.868  2.878  2.3006  1.764  
trainID = 474  0.6363  5.5072  0.014  1.284  2.6067  2.262  3.3778  1.9565  1.2074  0.9512  3.8197  3.1249  1.5127  1.13  0.9882  4.0016  0.8396  3.2785  2.8664  6.8836  4.4593  4.0791  8.8176  0.0137  0.973  2.8681  3.3322  0.9961  1.279  3.6876  5.3352  0.2611  1.6674  0.9713  1.2803  2.2492  4.4041  0.173  2.3864  2.21  0.012  1.6062  
trainID = 477  0.1419  3.9055  0.509  0.908  1.641  0.41  0.0926  0.6419  0.5486  0.3018  0.6166  1.9524  0.0801  1.2995  0.6419  1.972  1.971  0.599  0.9238  3.4145  0.9965  3.0917  5.5022  2.0647  0.5722  1.2224  4.3107  2.9268  0.9367  0.923  4.5243  2.6935  1.0329  1.7587  0.751  1.2202  2.2878  3.695  1.6969  1.682  0.35  5.0268  
trainID = 497  0.2069  0.6574  0.07  1.2828  1.8447  0.217  1.261  2.577  2.7843  4.4085  3.2697  0.7632  1.898  0.1955  1.9821  2.2222  2.1394  0.414  0.461  1.3504  0.5027  0.6764  0.0684  5.406  5.9787  2.7025  0.8719  6.6663  2.0135  0.6513  0.2398  4.8705  0.8975  1.3905  2.4304  0.0623  0.092  1.4604  3.28  2.6297  1.447  0.003  1.9568  
trainID = 516  0.021  0.4448  0.595  0.511  1.5131  3.2928  2.322  1.9306  2.9299  1.1498  8.3684  1.5652  3.6938  2.1173  1.554  2.6089  1.0618  0.453  1.505  1.8269  1.1226  0.3066  2.933  10.0109  11.8062  1.0547  1.5546  4.8912  2.3633  0.9797  4.4374  2.2268  1.0062  3.5946  0.0475  0.1384  1.1873  4.1683  2.164  0.757  0.4731  0.496  
trainID = 550  3.5818  0.9596  1.787  0.824  1.0328  2.4254  34.8418  2.9639  4.6859  1.7984  8.7613  3.0593  5.6148  2.571  4.0992  5.6355  0.6815  0.867  2.922  5.8785  3.4255  1.8809  4.4407  7.8823  16.2703  4.114  0.9405  7.2896  0.5313  0.7637  5.1775  1.809  6.0609  5.5968  2.4204  0.4758  0.3351  1.03  2.255  0.1146  0.819  
trainID = 644  1.6486  2.8739  1.115  1.545  1.0684  3.5284  0.958  3.1067  0.461  0.8356  4.0664  0.6298  0.2683  2.2926  2.1272  3.3691  4.7382  3.4258  7.3727  7.6492  5.9377  7.9515  5.2995  6.4868  0.421  0.2562  1.1756  3.2963  1.7591  5.8595  5.0561  0.5926  4.8347  2.1037  0.5086  3.2324  3.1453  0.578  1.0996  0.049  1.614  2.2503  
trainID = 647  1.9387  6.9774  2.1063  2.114  1.9751  0.131  1.831  3.4816  1.4764  2.2115  2.0709  5.5641  4.9344  0.2109  1.8109  1.1647  2.9722  0.8987  1.8507  1.1998  3.7909  6.008  4.4471  9.9968  1.1448  0.577  2.5297  1.9295  1.153  0.4924  3.214  5.463  0.1104  1.2159  0.8062  0.7601  3.6121  4.1786  4.436  0.9935  0.758  0.8912  1.8329  
trainID = 668  2.5847  4.0285  2.2938  0.973  0.6622  3.1582  0.8523  3.2621  0.0992  2.4091  4.7209  1.1089  1.4798  1.1279  0.7087  4.7694  1.3111  4.3962  1.7398  5.6955  1.3546  4.8994  4.5023  1.5301  0.2303  2.1195  2.475  0.0164  1.3908  0.1559  4.6171  1.5483  0.2636  1.0659  0.8005  2.4053  0.2247  0.886  0.0987  1.7134  0.361  1.5726  
trainID = 738  0.434  1.0352  1.445  0.503  0.3722  4.5869  1.3047  6.9119  5.3325  0.7089  1.0758  1.065  2.5837  1.0787  3.935  0.816  5.6039  4.2229  5.1082  10.6026  20.168  5.3281  5.7837  2.67  5.7547  0.7488  0.6865  7.1619  5.3132  0.305  8.1662  3.39  1.7465  1.2362  3.74  0.012  5.1439  0.13  1.0233  1.1594  36.5691  
trainID = 770  0.7501  0.1106  0.662  0.387  1.0018  4.3604  1.3092  2.2236  1.8824  5.2085  3.1346  2.817  0.6895  0.2828  1.0004  1.1061  1.199  0.241  3.5813  0.6749  4.9047  3.7139  7.5813  4.1759  1.2899  2.604  1.0762  4.4351  0.4557  6.9749  2.4631  0.6613  0.3385  2.338  2.7295  2.0163  3.1137  2.118  1.3502  0.861  0.5979  2.7135  1.805  
trainID = 803  0.923  0.6408  0.394  1.699  0.5617  2.284  5.1645  5.8466  3.4641  2.7935  1.0325  2.4375  0.0963  0.7037  0.026  0.867  5.4844  3.7551  3.2916  6.7827  14.0805  1.2983  1.2403  3.8741  3.2416  0.063  0.4762  6.8159  6.1969  0.6969  4.7147  1.6891  1.6426  1.8819  0.7844  3.005  2.8918  1.5211  0.4945  1.0426  33.8265  
trainID = 860  0.9266  1.7129  1.952  1.1313  3.0303  0.028  0.143  2.1874  2.4445  0.6612  2.8314  0.6627  4.3365  1.8069  0.1384  1.4482  1.8597  1.9231  3.3934  1.691  1.3226  0.243  1.8766  0.9152  1.3916  1.8366  0.4166  3.2  2.7799  0.5495  3.1003  0.3611  1.1259  0.8439  0.0087  1.9605  0.2495  0.088  0.003  1.6365  2.546  0.292  1.3785  1.558  
trainID = 864  2.6551  1.3115  3.1923  0.5782  2.4342  1.914  1.194  4.7743  2.0616  0.0654  1.4917  5.7867  5.7052  1.7392  2.9568  2.9555  1.7216  0.047  2.8001  0.6275  1.1306  0.9078  2.4691  8.3004  6.559  0.8258  1.1001  4.6513  0.4261  0.3854  0.5132  4.4236  1.0883  0.8412  1.7356  2.2187  3.2921  3.1286  1.85  0.2452  2.058  2.569  1.6539  
trainID = 870  3.378  6.4988  1.984  0.483  0.1283  1.783  2.4185  6.5743  0.7295  1.2914  4.6544  1.7611  1.6675  4.3415  0.219  4.4968  4.0496  6.2367  8.5092  11.8108  11.7991  6.5094  8.9334  1.5158  0.365  3.242  0.8308  2.0939  1.0918  6.4088  6.8342  1.983  3.7082  0.7354  0.2823  2.9028  7.0429  0.617  1.5556  0.282  3.923  2.9328  
trainID = 884  3.9591  0.0592  2.8265  0.013  0.5825  3.8884  0.716  2.8361  0.7569  1.2428  7.5598  1.7874  3.9231  0.5857  0.8478  2.602  0.2951  0.124  2.6612  5.0277  0.7137  0.7682  1.5489  12.2129  10.0694  2.3216  0.1712  8.6362  1.1624  0.2558  3.5192  3.2133  2.5088  3.4923  0.3972  0.5557  1.1954  0.548  0.757  2.3716  0.178  
trainID = 890  2.0155  2.2827  0.274  1.65  0.7617  1.418  2.024  0.3761  3.7428  1.776  1.7511  0.8502  3.2474  2.9311  3.4957  0.4325  2.0231  4.3173  1.751  3.9048  7.125  6.9807  5.6515  2.2103  9.0949  2.483  0.3963  1.087  3.8201  4.3093  0.6723  3.1804  3.4775  4.6886  0.8849  0.4731  2.6437  2.0485  1.2695  1.953  1.244  1.6801  3.314  
trainID = 906  1.0665  1.2001  3.12  3.107  0.3926  1.63  0.093  0.0674  0.3021  2.3825  2.5227  2.5229  3.2468  0.3146  0.7201  2.7771  2.2877  0.545  0.562  0.6278  0.864  0.6417  0.2566  2.0698  2.5522  0.2606  1.2312  2.2702  3.2934  0.4658  0.7612  1.8344  3.4957  0.9106  0.3572  2.2217  0.8291  0.9729  0.041  0.1201  2.103  0.907  1.813  1.503  
trainID = 928  0.8933  0.6772  0.668  1.596  0.8819  1.058  0.421  1.0369  2.7138  0.1959  1.5604  3.1437  1.7173  0.9874  0.8794  0.1167  1.2107  1.168  2.5195  0.7706  0.3567  1.7842  1.5268  3.8288  0.2698  2.7087  0.2662  2.9277  1.3248  1.0102  3.8317  2.1961  3.637  0.8694  0.3082  0.2945  1.794  1.0434  0.165  3.7376  0.809  0.6753  1.0483  0.112  
trainID = 931  3.9563  3.5135  2.324  0.6  1.7366  1.502  0.5177  6.4977  1.3698  0.7186  0.8851  1.1033  2.8301  2.2232  0.1988  3.4009  4.3088  1.9349  7.572  10.3387  8.3642  8.2775  5.517  5.9697  1.619  0.585  0.891  2.869  3.1445  6.3166  2.1065  1.0719  2.7658  0.22  1.7146  1.4547  3.8701  0.576  2.8341  1.287  0.401  0.727  0.795  
trainID = 949  2.1943  2.9649  2.236  0.0541  0.009  1.571  0.9321  0.2169  0.6523  1.8054  0.9569  3.6902  0.0096  2.206  0.8622  0.6561  0.326  2.7017  0.8832  4.692  2.3766  2.4315  0.6413  1.2336  0.889  0.9725  2.5499  3.1854  0.2985  0.1151  2.7303  0.1083  1.2866  0.3442  0.7803  0.8216  0.2862  1.052  2.1662  1.1854  1.6454  2.4128  
trainID = 952  0.1496  2.9079  1.845  0.2544  2.6799  1.914  0.927  0.1067  2.1478  0.638  1.4387  1.6474  0.8385  0.7151  1.1252  4.0963  1.8074  2.0996  0.905  2.6317  1.6868  4.3621  0.6291  2.9997  1.2268  0.566  2.0271  1.3297  0.9888  1.0882  4.4112  1.3286  0.807  1.8772  0.6094  0.8142  0.5821  0.5541  1.5801  0.675  0.86  2.3806  
trainID = 957  1.7621  1.7499  1.5339  1.924  2.5188  1.421  1.995  1.0069  4.0484  1.6778  5.3481  1.6116  4.0572  0.2127  0.3635  3.5545  3.1644  0.031  0.409  4.1577  0.9731  1.2183  2.6636  4.9541  8.6506  3.0948  1.2258  4.2096  0.8264  1.3998  0.8422  0.503  1.2422  3.0659  1.547  0.7869  0.1238  0.893  1.409  0.9959  1.636  1.646  0.1665  2.141  
trainID = 966  0.7208  2.0267  1.006  1.8521  2.6726  2.919  1.861  1.2921  0.7306  4.1506  3.8779  3.1423  3.2546  0.5589  1.8703  1.0595  0.6753  0.914  4.056  2.9474  1.0444  1.922  9.1258  5.0123  1.2674  2.2468  3.1088  1.4635  1.4728  1.9296  4.5374  2.0786  0.1422  0.8748  0.1292  0.5162  1.9136  1.634  0.8959  0.355  0.286  1.8488  
trainID = 978  1.5632  1.4674  1.289  1.127  0.8103  0.533  0.749  1.303  0.4768  2.6615  0.2616  0.9739  2.1396  0.4343  0.0243  2.5204  2.8119  0.377  2.7394  1.1691  0.3279  0.4943  1.1748  1.9415  3.5608  1.7845  3.5218  1.3234  4.5114  0.6226  2.4157  0.1056  0.7847  1.1545  0.322  0.9465  0.6419  0.173  1.244  0.9153  0.151  0.5737  2.9233  
trainID = 982  0.8045  1.8842  2.9453  2.375  1.4759  1.804  1.467  0.5838  0.7366  0.3148  0.0688  0.4475  1.8981  0.2066  0.5906  1.7217  3.9549  1.4519  3.5628  0.0172  3.0433  2.9211  2.6951  5.5069  0.8937  1.502  0.0106  2.0787  5.1008  1.4416  0.7945  3.4973  0.4083  0.1908  0.1528  2.7223  0.4153  1.8921  1.14  1.7316  1.134  0.426  1.9944  
trainID = 992  3.9831  4.7266  0.296  3.152  0.6195  3.3444  0.7144  6.4671  2.6973  1.236  3.3506  1.1521  2.0091  3.9687  0.0574  6.4795  4.7244  4.6718  9.3456  14.343  15.9991  9.1147  12.5366  2.7751  3.864  1.1228  0.4973  0.1556  3.5956  5.4097  7.0344  1.8881  0.6763  4.5635  2.7257  5.9678  6.0794  3.112  3.8213  0.638  1.328  2.3328  1.976  
trainID = 1002  1.488  0.2527  1.491  0.293  0.9588  2.4118  2.2092  3.2171  4.4062  1.7896  2.1486  1.0639  2.4633  0.1577  0.592  2.9815  4.22  1.2313  1.2158  2.2679  10.5305  3.2905  3.3038  3.0829  3.398  1.1287  0.9722  6.1506  4.8518  0.5276  5.1175  1.5623  4.3748  3.7698  3.2477  0.5786  1.0629  0.951  2.8821  3.2862  33.7353  
trainID = 1037  2.727  0.9285  0.01  0.442  1.6973  3.823  1.7747  5.8861  5.5985  1.0561  0.0967  1.4373  3.3625  1.3769  1.162  3.3778  6.3949  2.4521  2.3285  6.1001  9.4481  1.5796  4.644  6.9358  0.8059  4.999  0.0722  6.1099  5.6225  2.7604  6.8557  3.5117  3.2771  4.8256  2.8293  1.283  4.0235  0.501  1.6704  3.8596  34.5869  
trainID = 1041  3.9341  0.3689  0.229  0.03  2.8075  2.9284  1.8995  2.0013  1.5774  4.9995  2.0533  0.3215  2.325  0.5128  2.2313  1.6211  0.108  2.7504  2.1976  2.5023  1.8864  0.7148  8.0841  6.7904  2.309  2.54  4.7223  0.4787  1.4448  0.365  4.9526  4.6934  0.1384  1.422  1.2516  2.1321  0.3205  0.797  0.4948  0.607  0.847  1.4583  
trainID = 1077  2.0789  0.2412  2.878  0.5982  1.4702  1.614  0.0788  3.9313  1.8323  6.1773  3.2975  3.1328  2.4796  1.9387  4.6256  0.527  1.195  1.421  3.5807  1.3723  1.5324  5.7941  9.2138  5.2923  3.7651  3.2768  3.5297  1.7857  1.5508  5.287  3.1457  0.3561  1.9756  1.4716  2.1728  2.1481  1.6723  0.976  2.6313  1.1323  1.0509  2.4171  0.156  
trainID = 1152  2.1866  2.9285  1.063  0.674  1.6954  0.686  1.25  3.6874  2.0042  3.0536  1.1759  2.1669  0.8986  2.006  0.7339  1.6299  0.693  4.5231  2.3366  6.2753  5.3985  4.7141  2.7975  5.4994  1.1353  0.0284  1.241  3.1529  2.1584  2.276  4.4526  0.4453  2.4182  0.3238  0.4772  2.7796  0.0967  1.055  0.9914  1.358  0.036  2.2356  
trainID = 1160  1.6806  5.7499  0.959  0.6782  0.9985  1.815  0.41  2.6862  3.6489  1.0642  1.1869  8.1656  2.1164  2.3331  1.385  3.0616  4.0873  3.0224  6.6107  4.9605  8.9723  5.6851  4.7964  11.6999  1.2665  0.134  3.6791  2.2195  0.3818  1.9655  5.1646  5.7401  1.9553  2.2551  2.7775  0.2078  2.4988  4.0157  4.198  1.9657  31.2329  
trainID = 1184  5.7312  1.6847  2.3539  0.5176  1.6101  3.4135  33.6045  1.4796  3.121  1.9951  11.3251  3.1487  5.225  3.1388  2.1105  5.2234  0.7997  2.323  1.008  3.0486  1.2323  1.0829  1.4126  9.5419  12.8887  1.6798  1.7867  6.2507  0.1477  2.5718  3.1511  0.2486  2.3299  5.8299  0.6549  1.4779  1.9267  1.815  1.3193  1.8742  1.912  
trainID = 1193  2.4472  0.5693  1.061  0.2852  1.4164  2.837  0.733  0.7374  6.5989  3.8335  7.2323  0.4249  2.2455  2.3265  0.0555  3.3912  0.3775  1.008  0.608  3.376  2.2054  2.8781  7.5341  5.9371  11.9598  1.3687  3.5465  4.6436  2.6337  0.1341  6.0949  1.6875  0.2756  7.5566  1.3446  2.1507  1.0359  1.8139  2.372  3.3325  0.399  0.183  0.7457  0.685  
trainID = 1197  0.883  3.9066  0.413  0.134  0.8294  0.682  5.9074  1.4865  0.5093  1.9349  3.737  4.793  0.4999  3.1285  0.4794  3.655  1.2516  2.2866  0.017  4.3526  3.9451  3.9265  9.8906  2.0322  0.185  3.0764  2.8633  0.5913  1.0995  4.3866  5.234  1.4934  0.3726  0.8623  0.7456  2.9189  3.5601  0.097  0.6692  0.147  0.7544  0.2852  
trainID = 1198  2.4808  1.7441  1.797  0.284  0.4061  1.249  0.812  0.6523  0.2385  0.6078  0.4873  2.7933  2.2809  0.5407  0.8942  2.0802  0.9443  2.0174  1.225  0.7112  3.6494  2.1926  4.9146  8.7662  4.0045  1.8252  3.1351  2.5173  2.1658  1.9781  1.5691  5.9966  1.2822  0.0194  0.4697  0.0152  2.3969  0.86  1.993  0.7166  0.853  1.889  0.4644  1.627  
TrainID = 978  dbValue = 1.32665  nTestCell = 44  nTrainCell = 43  nDiff = 1  (X,Y) = (1305, 2235)  Position Error = 47.0425
TrainID = 928  dbValue = 1.38048  nTestCell = 44  nTrainCell = 44  nDiff = 0  (X,Y) = (1365, 2205)  Position Error = 60.4401
TrainID = 906  dbValue = 1.39235  nTestCell = 44  nTrainCell = 44  nDiff = 0  (X,Y) = (1305, 2175)  Position Error = 13.1529
TrainID = 949  dbValue = 1.40792  nTestCell = 44  nTrainCell = 42  nDiff = 2  (X,Y) = (1265, 2205)  Position Error = 45.31
TrainID = 860  dbValue = 1.45436  nTestCell = 44  nTrainCell = 44  nDiff = 0  (X,Y) = (1315, 2175)  Position Error = 15.2643
TrainID = 952  dbValue = 1.52998  nTestCell = 44  nTrainCell = 42  nDiff = 2  (X,Y) = (1305, 2185)  Position Error = 3.60555
TrainID = 406  dbValue = 1.60151  nTestCell = 44  nTrainCell = 44  nDiff = 0  (X,Y) = (1295, 2255)  Position Error = 68.0661
TrainID = 982  dbValue = 1.62801  nTestCell = 44  nTrainCell = 43  nDiff = 1  (X,Y) = (1285, 2195)  Position Error = 23.0868
TrainID = 477  dbValue = 1.71041  nTestCell = 44  nTrainCell = 42  nDiff = 2  (X,Y) = (1265, 2155)  Position Error = 53.4135
TrainID = 497  dbValue = 1.77448  nTestCell = 44  nTrainCell = 43  nDiff = 1  (X,Y) = (1325, 2145)  Position Error = 46.6154
TrainID = 1198  dbValue = 1.80789  nTestCell = 44  nTrainCell = 44  nDiff = 0  (X,Y) = (1275, 2135)  Position Error = 61.9112
TrainID = 384  dbValue = 1.81723  nTestCell = 44  nTrainCell = 43  nDiff = 1  (X,Y) = (1385, 2235)  Position Error = 91.0659
TrainID = 281  dbValue = 1.82173  nTestCell = 44  nTrainCell = 42  nDiff = 2  (X,Y) = (1245, 2145)  Position Error = 75.452
TrainID = 204  dbValue = 1.86206  nTestCell = 44  nTrainCell = 43  nDiff = 1  (X,Y) = (1355, 2135)  Position Error = 71.5052
TrainID = 438  dbValue = 1.92474  nTestCell = 44  nTrainCell = 43  nDiff = 1  (X,Y) = (1375, 2145)  Position Error = 80.455
TrainID = 668  dbValue = 1.94316  nTestCell = 44  nTrainCell = 42  nDiff = 2  (X,Y) = (1235, 2145)  Position Error = 83.863
TrainID = 256  dbValue = 1.95391  nTestCell = 44  nTrainCell = 41  nDiff = 3  (X,Y) = (1355, 2285)  Position Error = 108.227
TrainID = 957  dbValue = 2.01732  nTestCell = 44  nTrainCell = 44  nDiff = 0  (X,Y) = (1365, 2135)  Position Error = 78.5684
TrainID = 966  dbValue = 2.03316  nTestCell = 44  nTrainCell = 42  nDiff = 2  (X,Y) = (1285, 2095)  Position Error = 95.5667
TrainID = 1041  dbValue = 2.04403  nTestCell = 44  nTrainCell = 42  nDiff = 2  (X,Y) = (1315, 2115)  Position Error = 73.437
TrainID = 1152  dbValue = 2.06521  nTestCell = 44  nTrainCell = 42  nDiff = 2  (X,Y) = (1205, 2235)  Position Error = 112.308
TrainID = 143  dbValue = 2.07089  nTestCell = 44  nTrainCell = 44  nDiff = 0  (X,Y) = (1345, 2125)  Position Error = 73.5731
TrainID = 1197  dbValue = 2.1434  nTestCell = 44  nTrainCell = 42  nDiff = 2  (X,Y) = (1205, 2105)  Position Error = 131.503
TrainID = 770  dbValue = 2.16139  nTestCell = 44  nTrainCell = 43  nDiff = 1  (X,Y) = (1395, 2195)  Position Error = 88.278
TrainID = 270  dbValue = 2.24673  nTestCell = 44  nTrainCell = 41  nDiff = 3  (X,Y) = (1285, 2065)  Position Error = 124.952
TrainID = 864  dbValue = 2.28802  nTestCell = 44  nTrainCell = 43  nDiff = 1  (X,Y) = (1285, 2095)  Position Error = 95.5667
TrainID = 516  dbValue = 2.3139  nTestCell = 44  nTrainCell = 42  nDiff = 2  (X,Y) = (1365, 2105)  Position Error = 101.257
TrainID = 401  dbValue = 2.3845  nTestCell = 44  nTrainCell = 43  nDiff = 1  (X,Y) = (1355, 2115)  Position Error = 87.367
TrainID = 262  dbValue = 2.3845  nTestCell = 44  nTrainCell = 43  nDiff = 1  (X,Y) = (1185, 2155)  Position Error = 126.384
TrainID = 884  dbValue = 2.41198  nTestCell = 44  nTrainCell = 41  nDiff = 3  (X,Y) = (1365, 2075)  Position Error = 127.016
TrainID = 474  dbValue = 2.41215  nTestCell = 44  nTrainCell = 42  nDiff = 2  (X,Y) = (1175, 2125)  Position Error = 146.263
TrainID = 1077  dbValue = 2.48381  nTestCell = 44  nTrainCell = 43  nDiff = 1  (X,Y) = (1415, 2195)  Position Error = 108.227
TrainID = 279  dbValue = 2.48531  nTestCell = 44  nTrainCell = 43  nDiff = 1  (X,Y) = (1195, 2145)  Position Error = 119.971
TrainID = 647  dbValue = 2.49445  nTestCell = 44  nTrainCell = 43  nDiff = 1  (X,Y) = (1205, 2115)  Position Error = 125.431
TrainID = 1193  dbValue = 2.59278  nTestCell = 44  nTrainCell = 44  nDiff = 0  (X,Y) = (1425, 2165)  Position Error = 120.221
TrainID = 890  dbValue = 2.59797  nTestCell = 44  nTrainCell = 43  nDiff = 1  (X,Y) = (1165, 2245)  Position Error = 153.013
TrainID = 644  dbValue = 2.77589  nTestCell = 44  nTrainCell = 42  nDiff = 2  (X,Y) = (1155, 2215)  Position Error = 154.379
TrainID = 931  dbValue = 2.81184  nTestCell = 44  nTrainCell = 43  nDiff = 1  (X,Y) = (1125, 2225)  Position Error = 185.723
TrainID = 261  dbValue = 2.94575  nTestCell = 44  nTrainCell = 41  nDiff = 3  (X,Y) = (1215, 2265)  Position Error = 119.971
TrainID = 309  dbValue = 3.11835  nTestCell = 44  nTrainCell = 42  nDiff = 2  (X,Y) = (1135, 2135)  Position Error = 179.981
TrainID = 174  dbValue = 3.1942  nTestCell = 44  nTrainCell = 43  nDiff = 1  (X,Y) = (1145, 2115)  Position Error = 177.688
TrainID = 1002  dbValue = 3.28449  nTestCell = 44  nTrainCell = 41  nDiff = 3  (X,Y) = (1425, 2235)  Position Error = 127.016
TrainID = 803  dbValue = 3.40795  nTestCell = 44  nTrainCell = 41  nDiff = 3  (X,Y) = (1445, 2245)  Position Error = 149.308
TrainID = 870  dbValue = 3.5382  nTestCell = 44  nTrainCell = 42  nDiff = 2  (X,Y) = (1115, 2155)  Position Error = 194.815
TrainID = 317  dbValue = 3.60931  nTestCell = 44  nTrainCell = 41  nDiff = 3  (X,Y) = (1435, 2275)  Position Error = 154.768
TrainID = 1184  dbValue = 3.75601  nTestCell = 44  nTrainCell = 41  nDiff = 3  (X,Y) = (1415, 2065)  Position Error = 163.686
TrainID = 1160  dbValue = 3.88858  nTestCell = 44  nTrainCell = 41  nDiff = 3  (X,Y) = (1145, 2105)  Position Error = 182.025
TrainID = 1037  dbValue = 3.95691  nTestCell = 44  nTrainCell = 41  nDiff = 3  (X,Y) = (1455, 2275)  Position Error = 171.677
TrainID = 992  dbValue = 4.05936  nTestCell = 44  nTrainCell = 43  nDiff = 1  (X,Y) = (1095, 2155)  Position Error = 214.553
TrainID = 550  dbValue = 4.11277  nTestCell = 44  nTrainCell = 41  nDiff = 3  (X,Y) = (1425, 2095)  Position Error = 150.243
TrainID = 184  dbValue = 4.20625  nTestCell = 44  nTrainCell = 41  nDiff = 3  (X,Y) = (1475, 2245)  Position Error = 177.406
TrainID = 738  dbValue = 4.26738  nTestCell = 44  nTrainCell = 41  nDiff = 3  (X,Y) = (1495, 2215)  Position Error = 189.929
TrainID = 231  dbValue = 4.41411  nTestCell = 44  nTrainCell = 42  nDiff = 2  (X,Y) = (1045, 2185)  Position Error = 262.017
TrainID = 215  dbValue = 4.79971  nTestCell = 44  nTrainCell = 41  nDiff = 3  (X,Y) = (1495, 2195)  Position Error = 188.13
TrainID = 456  dbValue = 4.86733  nTestCell = 44  nTrainCell = 41  nDiff = 3  (X,Y) = (1495, 2075)  Position Error = 219.347
