trainID = 316  0.3955  2.6971  0.227  1.706  0.174  2.146  1.1703  1.9906  2.9521  2.1836  0.0585  0.6771  0.58  2.0396  3.418  1.814  4.5921  1.7387  3.0229  7.6195  4.2912  4.8933  1.2973  2.6181  0.2204  1.596  4.55  0.0779  0.3656  0.307  0.8456  0.3937  1.2305  5.0913  2.8899  0.9405  1.4813  0.12  1.5732  3.3537  2.0029  1.644  0.6816  3.8973  1.2796  1.6651  2.8812  1.3356  1.1209  
trainID = 334  0.5575  2.911  2.375  0.4151  0.426  1.548  1.5416  3.2231  0.5154  0.1095  0.4433  0.2723  1.098  1.4013  2.98  35.663  4.9993  1.9775  3.243  3.8053  22.4283  13.0245  2.455  2.7525  1.8141  0.8381  1.3398  2.1186  3.9624  0.5636  5.2539  2.6207  1.6409  0.662  0.088  1.6738  1.8838  4.769  0.303  3.3548  3.0952  3.0949  1.0628  2.5492  3.016  1.2929  
trainID = 424  0.2115  3.1887  0.254  0.7372  1.1583  0.015  1.2821  0.5464  2.724  0.3578  1.8196  0.4035  1.7343  1.9965  3.7771  1.24  3.5378  2.5587  1.658  0.4978  6.1456  0.6333  2.8722  1.262  0.1035  0.457  2.228  1.7491  1.5639  0.328  2.7926  1.7932  1.6045  0.4501  1.4794  0.4085  0.9417  1.1873  1.704  1.3093  0.1341  0.368  3.0954  0.4826  1.6969  2.6549  2.106  1.71  0.4029  
trainID = 535  0.7776  2.2753  4.6466  1.2539  0.5938  1.369  2.9892  1.79  0.7136  0.7928  3.9539  0.2566  2.2448  1.9833  2.951  0.555  5.4075  2.5337  3.1969  18.6346  6.2441  10.7264  1.1768  5.8271  0.4732  2.42  4.2786  2.2982  1.2493  0.776  1.2356  4.7222  2.1199  4.3053  2.8646  1.5627  1.1977  0.278  2.3775  0.3837  2.8542  0.35  0.6931  3.1214  0.1574  1.9751  0.287  0.737  1.7335  
trainID = 538  2.376  0.7027  1.06  1.6824  0.342  1.83  1.8068  1.5462  3.8694  1.3979  0.4158  0.3721  0.068  3.4107  2.778  1.07  2.9771  1.4323  2.4738  12.8193  0.9835  5.8378  2.1037  3.5619  0.3022  0.186  3.9876  0.8086  0.3769  1.075  2.3996  2.7169  2.1377  1.3202  2.1091  1.1267  1.0635  0.757  1.0965  3.2777  1.7681  0.999  0.5475  1.9624  1.7119  3.061  0.266  1.479  0.0075  
trainID = 558  3.255  1.6738  1.847  0.1193  0.587  3.4141  3.4007  1.1549  3.776  0.1614  4.0503  1.4913  1.6758  3.03  4.4697  0.028  3.027  1.2208  1.5631  13.2446  2.9632  4.5534  1.9347  3.4181  0.6603  0.899  3.7099  1.0689  0.9135  0.372  2.3946  4.6019  0.7239  2.3265  1.2131  0.0839  1.3463  1.3341  1.5118  1.691  0.7951  0.766  0.8456  2.6497  3.1909  2.2766  2.589  2.307  0.326  
trainID = 615  0.4785  0.4007  2.747  4.0771  1.011  1.534  1.0768  0.4229  3.0872  0.2578  1.6633  1.7957  0.194  0.4169  5.0876  0.813  3.8794  3.0704  3.0807  0.2488  6.188  2.3926  0.9704  0.5079  0.1378  0.3892  3.5131  1.2138  1.0865  1.5721  0.7204  1.2569  0.7721  0.9122  0.97  1.2807  1.7273  1.1078  0.2148  1.6479  2.4417  1.7807  3.2388  2.0771  1.2098  1.1968  0.904  0.438  0.3543  
trainID = 685  1.4735  0.4017  1.393  1.7616  0.073  2.786  1.5489  1.8672  1.6416  0.6045  1.0257  2.7671  1.9149  1.2016  2.106  0.624  6.0422  2.7751  0.8633  1.2714  17.1336  9.1656  0.6874  3.6636  3.0643  5.1133  0.8527  0.3182  0.331  1.4736  4.1077  0.9416  4.9275  0.7613  0.2426  3.9131  3.5895  0.0059  0.3238  2.7803  1.205  1.636  4.1673  0.9189  3.711  0.261  2.039  1.6579  
trainID = 708  0.3025  0.4951  2.026  0.4212  3.678  2.248  4.158  3.3157  4.4638  3.3146  1.2598  2.9676  0.746  0.283  1.662  35.9336  6.6961  0.1743  4.2425  6.3419  14.7648  2.2166  1.9766  1.2885  1.6297  0.759  3.375  1.7436  2.2386  2.7632  6.303  3.908  0.9671  0.7225  0.807  0.2983  3.4502  0.8211  0.229  3.2221  2.5216  1.264  1.5994  0.679  0.167  1.2084  
trainID = 711  0.905  1.1317  2.285  1.44  2.4122  0.6642  2.891  2.3075  1.1075  1.1199  1.095  0.07  2.445  0.173  0.7507  3.9288  0.5392  2.6829  0.9979  0.3712  1.6717  0.6398  2.9659  0.4134  4.6276  1.7893  0.9933  0.24  1.2216  1.4117  0.345  1.4107  0.0193  1.4028  0.3934  0.9849  0.6987  1.9551  1.1214  1.058  0.4656  1.5746  1.2022  2.4243  1.835  1.043  2.5535  
trainID = 749  1.2875  1.9513  3.3589  1.5206  3.2403  0.033  0.0271  2.0669  3.613  0.3902  0.5319  3.3208  1.001  0.7619  2.405  1.213  2.899  0.9227  1.8486  1.5305  7.8945  1.3346  2.2889  2.0712  0.1759  0.544  3.7349  3.1199  2.4544  1.456  0.6445  0.2274  2.4099  3.8164  1.336  1.7271  1.2972  1.0731  1.7853  3.6682  0.8511  1.7136  2.4917  3.1629  0.8419  2.1911  0.433  0.555  1.5155  
trainID = 768  0.5161  0.8097  1.29  0.8395  1.497  2.449  2.533  3.2073  1.2623  0.7785  2.1358  1.7189  0.567  1.1238  5.295  0.536  4.1878  3.5167  1.1454  16.3673  4.085  6.3802  1.322  3.5358  2.4546  1.0096  4.0321  1.928  1.681  0.955  2.5006  5.1337  2.3866  0.9074  1.099  4.0459  1.4262  1.2168  0.9856  0.3924  1.6339  0.5114  2.6312  0.747  0.608  0.7089  
trainID = 933  1.6325  0.0502  3.1584  0.8953  0.7316  2.392  1.9305  2.6612  3.7198  1.2973  1.6711  0.559  1.121  0.7651  3.133  0.947  1.3611  3.2227  1.6481  6.0753  3.8907  1.9064  2.4299  0.2791  1.6764  1.144  3.409  3.5371  1.2716  0.551  1.6136  2.3188  0.0978  1.1882  3.8107  1.8732  1.5832  1.3167  0.9706  2.5822  0.2336  0.863  2.0125  0.8874  0.9129  3.3738  0.351  1.054  0.3755  
trainID = 994  1.8395  3.3028  0.226  1.6023  2.2006  3.5319  2.47  2.6267  3.2186  1.9663  1.2406  1.6389  1.022  1.3835  2.061  0.734  5.3296  1.1092  3.5294  6.1051  8.9015  2.6665  1.702  2.4731  4.2637  2.7709  0.889  2.9236  0.3405  0.2644  3.2028  2.6242  0.4062  0.3505  2.2533  0.98  0.3003  1.58  1.728  0.2861  2.1667  1.3559  3.4198  3.0023  1.03  0.0412  
trainID = 1061  2.6625  0.3111  2.454  2.2909  0.529  5.1888  3.5885  3.686  2.6412  2.1964  0.5456  2.2675  0.169  1.8298  2.339  34.3039  5.1162  0.3776  3.3686  8.1958  10.728  1.9436  2.718  5.3622  0.7626  2.1304  0.102  2.5686  4.2562  0.5573  5.0897  1.5748  1.1838  0.0292  2.575  2.5085  2.4524  3.1385  0.518  3.728  4.7273  0.5059  0.5305  0.986  0.053  0.2916  
trainID = 1075  0.4792  1.09  4.387  1.5386  0.043  0.647  1.667  2.7615  2.1726  0.8714  2.5989  0.5257  0.711  1.9646  2.31  4.1797  1.3989  1.8116  21.3676  7.4062  13.4058  0.5799  6.4029  1.2569  1.673  3.1969  3.4975  1.361  1.8068  1.6046  3.7731  3.7359  1.4569  3.3675  2.6661  1.571  0.707  2.6525  0.9181  4.048  0.571  2.4234  3.1922  1.4919  2.6173  0.16  1.478  2.4286  
trainID = 1122  2.6777  0.3678  1.468  1.1762  0.296  2.36  3.5808  1.6248  2.4009  2.2646  5.3124  1.6865  2.5301  4.9176  3.345  0.727  4.02  2.6114  0.3357  14.8117  7.4378  2.1991  3.8384  3.6524  5.805  0.7221  3.1126  3.1302  0.6314  1.4042  5.0236  2.675  2.3947  0.1817  2.3596  2.6944  0.7457  1.9795  0.5153  0.1132  0.868  2.0329  4.7473  1.853  3.0826  1.1576  
trainID = 1145  2.0105  0.5343  3.0206  0.8136  0.8135  2.32  0.4609  5.7444  4.1118  1.1721  1.4109  0.9849  1.117  0.094  4.0254  33.0886  5.3527  2.1537  3.3026  5.7304  12.3498  1.1855  1.0023  2.9449  1.455  1.8239  0.128  1.8516  0.02  0.9557  2.9817  4.4975  1.8704  1.6093  0.448  3.7785  1.948  0.8743  0.543  3.1517  4.9743  2.3189  1.2743  0.386  0.988  0.055  
trainID = 1146  3.7575  0.8408  0.433  1.6578  3.4333  4.1348  3.8846  3.438  0.9887  0.3076  2.1033  1.2667  1.953  0.3754  1.186  35.5028  6.8829  1.0959  2.3712  7.4753  8.4361  1.2421  2.206  7.9915  1.991  0.5631  1.2458  0.7207  1.184  2.3372  6.3353  1.2995  2.5609  2.71  0.086  0.9028  3.8248  1.2686  1.372  3.3453  2.2717  2.127  0.3656  1.236  0.14  2.4889  
trainID = 1154  1.761  1.275  2.649  1.0783  0.2826  2.0878  4.5532  0.7215  0.8598  1.525  0.6443  2.066  0.239  3.1242  2.2456  3.2678  4.698  3.1273  0.7707  1.3295  1.2266  3.7612  3.198  1.8839  0.9102  1.6663  0.884  3.1376  1.1126  2.4677  0.4488  0.3093  1.893  0.8939  2.6036  0.7469  0.621  0.2413  0.039  0.8806  0.4203  1.1859  0.8645  2.7889  1.659  1.9549  
trainID = 1180  3.9635  0.8834  0.905  1.8599  1.382  0.172  1.1197  3.5648  4.5214  0.4806  1.7821  1.673  1.348  0.9692  2.06  0.022  5.2262  4.3535  1.6388  12.0949  9.0603  0.8191  3.0545  2.5679  1.9489  1.649  3.5981  3.7844  2.1539  1.5945  0.1825  1.7241  1.3622  0.4661  3.6796  2.2768  0.1939  2.4573  1.4658  0.1667  0.4578  0.5666  3.7021  1.978  2.448  0.4275  
trainID = 1221  0.2522  1.5238  0.761  0.743  0.743  3.603  4.5028  0.5773  1.8751  1.685  1.2842  0.3777  1.142  1.7563  3.348  0.259  4.8334  2.4953  2.5135  15.3972  4.4374  2.7441  2.0642  3.5139  4.2101  0.161  2.5124  3.0285  1.7991  0.124  2.1926  3.8177  0.1868  0.175  2.976  0.3229  0.9093  2.2439  3.3335  2.0017  1.1544  2.0959  3.8905  3.9443  0.16  0.1783  
trainID = 1253  1.1995  0.8922  2.247  0.3938  2.2568  1.951  1.0306  2.896  4.3618  0.0578  0.4022  1.3886  0.329  0.3931  2.302  2.2027  2.0026  0.0862  7.3262  7.2178  5.0655  0.3984  0.7669  0.125  1.357  3.2151  2.8327  1.0662  0.333  2.0256  2.2837  1.3123  3.0038  1.8136  5.0056  0.0984  0.482  1.0186  1.8744  0.0124  0.771  2.2537  1.9591  2.173  0.7742  0.47  3.059  2.3299  
trainID = 1319  4.3668  2.4674  2.611  1.0429  1.0341  4.2296  4.4374  0.4859  1.277  1.8235  1.7604  0.6922  2.7505  1.7102  2.327  0.347  3.2654  2.7692  1.3366  15.0288  7.767  3.1843  1.2502  5.1425  5.4019  1.47  4.4483  3.044  0.8812  1.4405  2.5616  4.7257  2.141  0.8151  3.8362  2.5809  2.37  0.646  1.426  2.0249  4.6513  4.2449  5.208  1.18  0.488  1.2277  
trainID = 1326  0.923  1.8988  1.615  0.7662  0.7417  1.942  0.5593  4.9473  2.0687  0.4257  4.0244  0.3341  0.188  0.486  2.457  33.755  4.7671  1.378  4.2654  0.7959  18.8097  9.154  0.3239  4.103  1.4579  0.5669  1.796  1.1976  5.6636  0.7963  6.0414  3.6623  3.1086  1.7607  0.801  2.9455  2.5895  2.7295  0.262  3.3503  5.2903  2.2749  2.0556  1.699  0.628  0.6881  
trainID = 1388  2.5095  2.1936  2.841  3.587  1.0575  1.888  0.1992  3.7086  0.2448  1.206  2.8115  0.4998  0.851  0.246  2.575  32.2795  6.038  0.7783  0.3604  2.6883  22.7966  10.857  0.6146  5.6154  3.5261  0.4214  0.269  0.2173  3.8724  0.7864  5.256  1.9303  1.9471  2.1641  2.053  0.8168  0.703  0.9236  0.924  1.8516  4.5563  2.2649  2.1169  2.7138  1.686  2.1378  
trainID = 1540  0.3698  1.2286  0.054  0.4373  0.215  0.491  0.8869  0.3188  2.661  2.3237  0.9161  2.9342  0.669  0.3067  1.389  1.116  4.0029  4.7313  0.2154  6.1306  1.808  0.9271  1.2588  0.5145  0.0577  2.074  1.5468  0.1737  1.1114  0.736  1.4696  1.2942  0.4646  0.1064  1.074  0.6344  0.0355  2.885  2.2353  2.7425  0.8336  0.003  1.3228  1.6378  0.0838  1.3002  1.985  0.389  2.8657  
trainID = 1585  0.7165  1.445  1.492  0.4616  0.375  1.846  0.0006  3.0223  0.7855  0.4068  0.3863  0.1687  1.542  0.7887  1.606  34.2463  4.4031  0.4237  2.3851  5.238  24.9907  13.0646  0.5205  4.1179  1.3396  1.1357  0.994  1.0826  4.1403  0.4527  2.9255  3.5109  2.3997  1.6623  1.054  3.2585  4.8547  1.2367  0.897  2.3072  4.6273  0.3083  4.0168  0.02  1.665  0.5496  
trainID = 1672  1.4225  1.9012  1.007  0.3229  0.6902  2.251  2.2604  0.4283  1.4773  3.4961  2.0687  0.6482  2.1075  1.3809  2.419  0.009  2.9171  4.102  2.8663  2.3857  0.9713  0.7636  0.9131  0.4338  1.3798  0.105  4.0349  0.1286  1.477  0.82  0.1584  0.2647  1.8067  0.2281  0.4069  0.6935  3.1493  1.2807  0.3455  1.1251  0.378  0.002  1.6129  1.0667  1.0389  2.8452  0.806  1.1917  1.721  
trainID = 1719  3.8395  1.105  1.919  2.1607  0.332  1.071  0.9695  3.25  4.1433  2.0754  2.2518  1.025  0.174  0.6273  4.5485  1.15  6.6032  0.5789  0.7154  4.2291  13.0558  2.5186  0.2268  4.85  1.224  0.4078  1.238  0.6216  0.383  1.2372  3.7219  3.9353  1.4381  0.8044  0.525  0.1824  2.7374  0.4044  1.219  3.389  2.8218  0.9939  4.0959  2.4939  1.4273  0.0817  
trainID = 1745  0.6135  1.447  0.854  0.1687  0.198  1.124  1.5009  1.4215  6.5455  0.8545  1.5716  0.9187  1.8079  1.0974  5.8471  1.9051  2.644  2.1325  6.4262  2.9392  2.802  2.5974  1.7912  1.9353  2.476  1.9124  0.1489  0.2955  0.374  0.8948  2.7457  0.1891  2.4716  0.5017  1.3371  1.7239  0.628  0.7628  0.1062  1.7255  0.479  0.1544  0.1482  1.3199  0.0332  1.347  1.044  0.42  
trainID = 1767  2.2445  2.6244  1.698  3.1858  1.0372  1.803  0.4779  3.7268  0.0035  1.5475  0.6932  2.4284  0.264  3.5313  2.058  34.9614  4.6703  0.4639  3.8072  2.5226  16.1539  5.6743  0.4523  4.9109  1.7441  0.6119  1.045  1.3386  3.6808  0.8202  7.9319  4.4275  3.3949  2.2895  0.417  1.5833  2.8189  2.7658  1.6722  2.3465  4.1343  1.356  4.4048  2.381  0.616  0.3059  
trainID = 1849  2.0925  3.4456  2.9803  1.2891  0.491  2.712  0.8517  2.6082  1.8027  0.0689  2.0152  0.2965  0.904  1.0416  5.183  34.6604  4.5881  2.697  0.7827  3.5433  21.1819  11.419  1.7605  2.2777  2.4367  0.1228  0.064  1.2116  4.3866  0.0496  3.2163  1.2797  3.7495  1.0691  1.3617  2.3285  4.6272  1.9213  1.007  0.4203  3.7583  2.6669  1.8978  0.397  0.694  2.1474  
trainID = 1952  0.5679  0.2478  0.75  0.1393  1.4929  2.584  3.0015  2.3822  1.9323  0.054  1.9713  0.844  0.54  1.5789  2.28  0.083  4.5246  1.9048  2.7435  22.6802  0.8896  8.4458  0.4432  3.9015  2.8459  1.061  4.6499  4.1068  1.2706  0.049  1.0666  5.2525  1.7351  3.4043  4.3772  1.4142  1.7338  3.2533  5.4825  2.0253  2.1468  0.5319  2.5417  0.818  2.524  3.4806  
trainID = 1971  3.3741  1.795  2.9482  0.135  1.118  3.092  4.6724  1.9038  1.7559  1.6013  0.9959  2.3843  3.5327  2.6425  5.0963  2.175  3.0414  1.0238  1.4638  15.5212  6.4489  3.2589  0.8055  3.9765  5.7328  1.87  5.3856  4.372  0.2699  1.423  3.7636  2.9671  3.0059  0.02  1.5498  2.7317  1.5129  0.517  1.6869  1.6881  0.8477  1.4659  7.1216  0.618  0.894  2.1132  
trainID = 2013  3.3163  0.7878  0.651  0.4561  2.877  1.176  2.6678  0.6121  3.5771  1.9596  1.83  2.4048  1.037  3.1558  3.467  0.334  5.4496  2.7287  0.2189  14.9258  8.0201  4.4239  0.7548  2.0431  4.0731  1.635  5.155  1.31  1.3236  0.58  3.2816  2.1538  2.5688  0.2094  0.4518  1.9908  0.5756  1.3576  2.0835  0.3239  0.9493  0.1252  3.6065  1.78  1.333  0.8947  
trainID = 2074  0.6062  3.1283  3.5757  0.2061  1.2512  1.99  1.0769  1.9763  1.6907  0.5084  0.4989  2.2918  0.537  1.0465  3.232  31.7379  6.1172  3.2726  2.3033  2.1061  20.2339  11.1075  1.5954  7.5034  0.7412  0.0898  1.7105  2.1236  3.5017  0.262  4.2818  1.2458  2.0356  2.2371  0.243  4.9365  1.8991  0.5453  1.463  0.0063  2.4609  0.2967  0.715  0.462  1.111  1.6655  
trainID = 2079  0.6415  0.2367  2.312  0.5097  3.5931  4.1233  0.2522  3.8484  0.5431  2.7599  1.7997  0.4917  1.214  1.0515  1.937  33.129  5.7367  1.6281  2.661  5.0875  12.9503  2.7931  1.0121  4.1532  0.0859  0.0253  0.744  2.3356  3.417  0.6634  5.7192  3.2789  2.3797  2.0451  0.287  1.6207  2.642  0.2748  0.001  2.0193  5.7213  1.4999  1.1048  0.762  0.36  2.5919  
trainID = 2190  1.6475  1.8783  2.437  0.2243  1.5553  2.338  0.7971  4.819  2.5949  0.8885  1.7646  1.6527  1.7956  0.3936  0.911  34.3545  5.8156  0.9121  3.8525  3.8683  18.2929  9.9861  0.6137  5.1721  0.2868  0.8124  0.835  1.3876  4.5843  0.727  6.0223  4.1606  1.2853  2.2594  2.4719  0.7822  2.1843  2.7321  0.629  1.8862  1.0658  1.2529  3.2503  1.892  3.855  1.2569  
trainID = 2210  2.4953  2.6917  0.633  35.1231  0.7266  2.1608  2.5759  3.2982  0.79  2.1634  1.597  0.523  3.536  2.9839  2.27  0.9979  1.9777  5.4726  1.5341  1.9038  2.0943  1.0425  0.7335  2.3457  1.1872  0.9373  2.5526  3.1446  0.896  0.0003  4.0765  0.3363  1.1653  0.8359  3.1169  1.5835  0.8147  0.212  0.155  0.4897  1.3722  1.7779  2.9682  2.9067  0.562  1.1623  
trainID = 2238  1.0385  0.5866  1.601  0.356  0.6242  5.1543  1.3878  3.2777  2.4841  1.4994  0.9163  0.7044  2.223  0.1365  3.9712  0.245  4.7258  0.2018  1.654  0.5061  15.522  6.706  0.5109  3.8694  1.4444  0.726  3.8713  1.6036  1.4361  0.494  3.0076  1.5737  0.5337  2.7084  2.3336  3.2702  2.466  0.384  0.7249  6.3811  1.5889  2.216  2.7968  5.5743  0.7789  0.5227  0.282  0.471  0.4923  
trainID = 2302  2.9885  0.7568  1.631  0.5286  4.6419  3.4599  1.5992  3.8199  1.1639  0.3363  1.071  2.004  0.457  0.61  1.627  35.1827  7.5312  1.4682  2.3841  4.4225  12.8029  4.0804  0.8524  7.2548  0.1425  2.1236  3.4098  0.166  1.9664  0.7315  6.0445  1.5188  0.1886  3.5078  0.552  0.6186  3.5561  1.0028  1.7807  2.0032  1.3706  0.4926  1.9187  2.107  3.397  0.0955  
trainID = 2396  2.4445  2.1718  1.637  0.6454  3.2077  2.875  1.3694  3.0873  1.3471  2.7764  0.0504  2.5572  0.319  0.6662  0.097  34.879  3.1334  1.9973  2.257  7.1534  7.2728  0.5552  2.7654  2.5802  5.4466  3.0485  0.676  0.7416  2.7991  1.6267  5.2653  0.2654  0.9227  1.1301  0.242  0.0791  2.8845  0.9831  1.8427  2.5203  4.7123  0.6799  1.2965  1.166  0.642  0.2921  
trainID = 2551  0.8465  1.2237  2.853  2.0332  0.855  2.537  0.5014  1.8247  2.3155  1.1296  1.1808  2.6067  0.375  0.2174  2.27  0.192  5.0491  1.2922  1.3348  4.3215  8.0324  5.9763  1.2002  2.5437  0.7355  1.094  4.765  3.1496  1.2448  0.777  0.0052  3.448  1.5717  4.4082  1.2914  2.6087  1.3934  1.4453  2.2195  0.2122  0.3232  1.522  0.0276  0.8234  0.2318  1.1006  1.184  1.661  0.3481  
trainID = 2641  1.7089  0.2791  1.505  1.2641  0.6014  1.3791  0.3549  1.6105  0.0908  1.152  1.5874  4.6896  0.081  4.9778  3.6554  1.2812  8.7886  3.8871  2.2196  1.4835  0.4618  0.9057  2.964  2.6171  0.5447  1.114  0.941  1.9996  1.7194  2.0324  0.7087  0.2693  1.2812  1.4613  3.3127  0.4619  2.0247  0.4747  1.132  0.3909  1.0679  1.2369  1.4191  2.211  0.296  0.2617  
trainID = 2654  0.8585  1.6464  0.175  0.2488  5.7507  2.695  2.7674  4.0012  5.3751  5.9431  1.132  4.501  0.575  0.9711  2.24  32.3129  5.0321  0.4452  3.6761  9.5463  11.0175  1.4108  1.7043  6.3587  1.3732  2.3084  2.535  1.3448  3.0911  0.9817  8.1125  3.2153  1.311  4.1562  1.4995  2.1021  2.887  1.2468  1.392  3.5007  3.9433  1.0879  0.3162  0.645  1.1513  0.4965  
trainID = 2704  0.0897  0.6568  2.51  1.7765  0.8482  2.768  1.3138  1.1164  2.5284  1.2878  0.6674  0.324  0.961  0.3246  1.044  1.585  5.1774  2.1037  1.6133  8.7321  8.6013  7.4696  0.2616  2.4773  1.3849  1.756  5.3562  1.3097  0.1735  1.794  1.4416  1.7651  3.4717  2.9858  2.1048  0.6656  1.0592  2.3376  2.3365  0.4295  0.2699  0.672  0.5938  0.9265  1.3368  1.5268  0.174  0.645  0.3248  
trainID = 2710  0.5585  1.6039  0.893  0.2964  1.9036  4.5675  1.8937  3.0573  1.8304  0.1618  1.6394  0.3215  1.9743  1.525  3.417  36.2383  4.1422  2.2484  2.8804  1.53  16.3053  6.0422  0.4961  3.7317  0.2452  3.0917  1.822  2.4326  3.9037  0.4613  6.6062  2.8031  3.2841  0.3358  0.457  2.0336  2.7044  0.8106  1.39  1.5494  5.9793  4.5209  2.1926  1.193  2.092  0.8801  
trainID = 2764  0.9145  3.1766  2.056  0.6071  1.6445  2.363  0.3572  4.8092  2.117  1.5052  0.6131  0.0265  0.107  1.0387  1.591  38.8776  5.7891  2.2123  3.2298  1.0871  15.2803  7.4207  1.3722  4.6781  1.5558  0.1979  1.123  1.2636  3.8712  0.6986  6.1811  1.919  1.7325  3.162  1.009  0.6527  2.3904  0.5926  2.274  3.2988  4.5533  3.1039  2.6457  0.302  0.357  0.413  
trainID = 2860  2.3405  1.3666  0.176  1.5664  1.266  1.121  0.8169  1.9149  1.5673  1.0261  0.7906  2.5277  0.213  1.5976  3.8556  0.339  5.2372  1.0962  2.0831  4.8585  5.3114  0.3488  0.93  0.8793  1.4782  1.786  2.0442  1.7369  2.6131  1.3553  2.3626  0.3242  1.4025  3.9773  0.1874  0.3854  0.4773  0.667  2.4129  3.3137  0.4245  1.262  0.3181  1.5348  1.4449  3.4384  2.133  1.2596  2.9895  
trainID = 2907  3.2727  0.1085  2.889  1.1724  0.245  2.716  5.9266  2.2841  1.6489  1.9724  3.655  0.3016  2.0404  0.2819  3.5587  0.336  3.272  6.7702  0.6399  13.6576  9.098  2.0238  2.0726  5.0866  6.7196  1.18  5.5907  3.6309  0.3376  0.48  1.4006  6.4743  4.4353  1.4999  2.0155  4.1431  2.9412  0.92  2.0858  2.1618  2.0163  0.5657  6.1937  0.706  0.063  1.3316  
trainID = 2908  1.1045  2.5496  2.9241  1.0775  5.6287  0.376  1.383  2.1476  0.2383  4.9682  1.7482  1.8689  0.503  1.5384  2.656  35.1852  4.3736  1.9492  3.5535  2.8426  14.9835  5.6269  0.9556  5.2552  0.6049  1.7915  2.1062  2.7866  6.4198  1.0032  4.7746  3.4561  2.963  1.4046  2.045  2.1475  1.058  0.9161  1.8823  5.0199  3.9913  0.6007  2.2714  1.172  1.244  2.3385  
trainID = 2941  1.6867  3.3891  1.053  2.1609  1.2097  0.262  2.4163  0.3679  3.144  1.1388  0.5609  0.1515  0.357  0.4174  3.6655  1.5057  3.1255  2.8056  2.9278  1.8886  0.7283  0.9115  0.1604  0.0433  0.312  2.8572  0.0255  1.0975  0.17  0.3324  1.8943  2.1745  2.0612  0.1758  0.3892  0.5255  1.0385  0.6586  1.7091  0.147  0.953  1.2593  1.6568  1.8199  4.4203  1.182  1.224  0.1801  
trainID = 2971  0.0385  1.2405  3.7376  1.4341  1.715  0.089  2.9857  0.3662  2.2242  2.6608  3.5522  0.9436  0.411  0.1632  3.6004  0.298  1.3531  2.7514  1.3073  13.7171  7.4723  1.2474  2.3333  2.738  5.1776  0.077  3.5128  3.9959  0.7807  1.8469  2.9156  3.2965  2.2235  0.2523  2.9757  4.1899  0.593  1.049  2.1275  0.5577  1.7036  2.2739  4.4376  0.587  2.074  1.0854  
trainID = 2987  2.6255  1.0314  0.351  2.3502  3.9568  3.7245  1.4373  5.2172  2.8044  2.1394  1.373  1.0319  1.517  0.7411  1.918  34.4347  5.6238  0.5623  4.1052  9.7753  10.0487  0.6307  1.5709  3.8642  2.9585  1.8796  2.1866  0.3159  1.7688  2.7025  7.6021  0.2422  1.4463  1.1707  0.333  1.0613  3.4315  2.5371  1.311  2.2813  3.4608  0.2152  0.0276  1.235  1.901  0.7849  
trainID = 2994  1.7275  1.4708  1.141  0.0179  2.8326  3.13  1.2954  6.46  1.1394  2.202  0.7052  1.5984  1.856  2.841  0.334  34.5061  8.1832  0.9559  4.0562  7.6474  10.1145  1.0643  4.3715  5.9306  0.2743  0.5561  4.9331  0.7505  1.0777  3.1735  8.4855  2.4455  1.566  0.8269  1.095  0.1953  3.9864  1.4138  0.756  4.6515  2.1868  1.5139  0.6286  0.588  1.245  4.3197  
TrainID = 1540  dbValue = 1.32587  nTestCell = 49  nTrainCell = 49  nDiff = 0  (X,Y) = (1595, 1425)  Position Error = 35.0143
TrainID = 2941  dbValue = 1.34044  nTestCell = 49  nTrainCell = 48  nDiff = 1  (X,Y) = (1575, 1415)  Position Error = 17.4929
TrainID = 1672  dbValue = 1.37367  nTestCell = 49  nTrainCell = 49  nDiff = 0  (X,Y) = (1575, 1425)  Position Error = 15.0333
TrainID = 711  dbValue = 1.39956  nTestCell = 49  nTrainCell = 47  nDiff = 2  (X,Y) = (1585, 1445)  Position Error = 32.6497
TrainID = 424  dbValue = 1.49719  nTestCell = 49  nTrainCell = 49  nDiff = 0  (X,Y) = (1545, 1405)  Position Error = 24.2074
TrainID = 1745  dbValue = 1.54963  nTestCell = 49  nTrainCell = 48  nDiff = 1  (X,Y) = (1555, 1385)  Position Error = 39.3192
TrainID = 615  dbValue = 1.58297  nTestCell = 49  nTrainCell = 49  nDiff = 0  (X,Y) = (1545, 1415)  Position Error = 17.4929
TrainID = 2641  dbValue = 1.65015  nTestCell = 49  nTrainCell = 46  nDiff = 3  (X,Y) = (1615, 1415)  Position Error = 55.7315
TrainID = 1154  dbValue = 1.65445  nTestCell = 49  nTrainCell = 46  nDiff = 3  (X,Y) = (1545, 1465)  Position Error = 43.6578
TrainID = 2860  dbValue = 1.72568  nTestCell = 49  nTrainCell = 49  nDiff = 0  (X,Y) = (1535, 1425)  Position Error = 25.02
TrainID = 933  dbValue = 1.76502  nTestCell = 49  nTrainCell = 49  nDiff = 0  (X,Y) = (1605, 1395)  Position Error = 53.535
TrainID = 2551  dbValue = 1.84292  nTestCell = 49  nTrainCell = 49  nDiff = 0  (X,Y) = (1535, 1385)  Position Error = 46.3249
TrainID = 1253  dbValue = 1.85035  nTestCell = 49  nTrainCell = 48  nDiff = 1  (X,Y) = (1545, 1375)  Position Error = 51.2445
TrainID = 749  dbValue = 1.8518  nTestCell = 49  nTrainCell = 49  nDiff = 0  (X,Y) = (1525, 1415)  Position Error = 36.1386
TrainID = 2704  dbValue = 1.89958  nTestCell = 49  nTrainCell = 49  nDiff = 0  (X,Y) = (1535, 1365)  Position Error = 64.0781
TrainID = 538  dbValue = 1.90737  nTestCell = 49  nTrainCell = 49  nDiff = 0  (X,Y) = (1575, 1355)  Position Error = 70.6116
TrainID = 316  dbValue = 1.95607  nTestCell = 49  nTrainCell = 49  nDiff = 0  (X,Y) = (1545, 1375)  Position Error = 51.2445
TrainID = 1719  dbValue = 2.14789  nTestCell = 49  nTrainCell = 46  nDiff = 3  (X,Y) = (1505, 1385)  Position Error = 67.424
TrainID = 994  dbValue = 2.15349  nTestCell = 49  nTrainCell = 46  nDiff = 3  (X,Y) = (1505, 1405)  Position Error = 58.1893
TrainID = 558  dbValue = 2.17665  nTestCell = 49  nTrainCell = 49  nDiff = 0  (X,Y) = (1575, 1355)  Position Error = 70.6116
TrainID = 2238  dbValue = 2.19558  nTestCell = 49  nTrainCell = 49  nDiff = 0  (X,Y) = (1515, 1365)  Position Error = 74.2024
TrainID = 1180  dbValue = 2.25664  nTestCell = 49  nTrainCell = 46  nDiff = 3  (X,Y) = (1625, 1355)  Position Error = 94.7945
TrainID = 1221  dbValue = 2.25762  nTestCell = 49  nTrainCell = 46  nDiff = 3  (X,Y) = (1585, 1325)  Position Error = 102.108
TrainID = 768  dbValue = 2.30639  nTestCell = 49  nTrainCell = 46  nDiff = 3  (X,Y) = (1555, 1335)  Position Error = 89.1403
TrainID = 2971  dbValue = 2.3068  nTestCell = 49  nTrainCell = 46  nDiff = 3  (X,Y) = (1615, 1285)  Position Error = 149.486
TrainID = 2013  dbValue = 2.31818  nTestCell = 49  nTrainCell = 46  nDiff = 3  (X,Y) = (1605, 1325)  Position Error = 108.747
TrainID = 685  dbValue = 2.35698  nTestCell = 49  nTrainCell = 48  nDiff = 1  (X,Y) = (1515, 1345)  Position Error = 90.9175
TrainID = 2210  dbValue = 2.47659  nTestCell = 49  nTrainCell = 46  nDiff = 3  (X,Y) = (1615, 1435)  Position Error = 56.0892
TrainID = 535  dbValue = 2.59887  nTestCell = 49  nTrainCell = 49  nDiff = 0  (X,Y) = (1535, 1335)  Position Error = 92.4446
TrainID = 1952  dbValue = 2.64681  nTestCell = 49  nTrainCell = 46  nDiff = 3  (X,Y) = (1545, 1315)  Position Error = 110.027
TrainID = 1122  dbValue = 2.67112  nTestCell = 49  nTrainCell = 46  nDiff = 3  (X,Y) = (1615, 1305)  Position Error = 131.095
TrainID = 1971  dbValue = 2.74607  nTestCell = 49  nTrainCell = 46  nDiff = 3  (X,Y) = (1595, 1285)  Position Error = 143.339
TrainID = 2396  dbValue = 2.76321  nTestCell = 49  nTrainCell = 46  nDiff = 3  (X,Y) = (1485, 1435)  Position Error = 75.8024
TrainID = 1075  dbValue = 2.79115  nTestCell = 49  nTrainCell = 48  nDiff = 1  (X,Y) = (1525, 1315)  Position Error = 114.481
TrainID = 1319  dbValue = 2.82435  nTestCell = 49  nTrainCell = 46  nDiff = 3  (X,Y) = (1605, 1285)  Position Error = 146.103
TrainID = 2907  dbValue = 2.86788  nTestCell = 49  nTrainCell = 46  nDiff = 3  (X,Y) = (1615, 1275)  Position Error = 158.827
TrainID = 1145  dbValue = 2.90603  nTestCell = 49  nTrainCell = 46  nDiff = 3  (X,Y) = (1495, 1405)  Position Error = 67.72
TrainID = 2079  dbValue = 2.91399  nTestCell = 49  nTrainCell = 46  nDiff = 3  (X,Y) = (1475, 1395)  Position Error = 89.8109
TrainID = 2302  dbValue = 3.07323  nTestCell = 49  nTrainCell = 46  nDiff = 3  (X,Y) = (1465, 1385)  Position Error = 102.694
TrainID = 1146  dbValue = 3.1161  nTestCell = 49  nTrainCell = 46  nDiff = 3  (X,Y) = (1415, 1405)  Position Error = 146.24
TrainID = 2074  dbValue = 3.12232  nTestCell = 49  nTrainCell = 46  nDiff = 3  (X,Y) = (1495, 1345)  Position Error = 102.303
TrainID = 2987  dbValue = 3.12364  nTestCell = 49  nTrainCell = 46  nDiff = 3  (X,Y) = (1455, 1435)  Position Error = 105.575
TrainID = 1061  dbValue = 3.15397  nTestCell = 49  nTrainCell = 46  nDiff = 3  (X,Y) = (1445, 1385)  Position Error = 121.433
TrainID = 708  dbValue = 3.16637  nTestCell = 49  nTrainCell = 46  nDiff = 3  (X,Y) = (1455, 1405)  Position Error = 106.705
TrainID = 2764  dbValue = 3.17763  nTestCell = 49  nTrainCell = 46  nDiff = 3  (X,Y) = (1495, 1365)  Position Error = 87.7838
TrainID = 1585  dbValue = 3.23633  nTestCell = 49  nTrainCell = 46  nDiff = 3  (X,Y) = (1505, 1325)  Position Error = 113.252
TrainID = 2710  dbValue = 3.26188  nTestCell = 49  nTrainCell = 46  nDiff = 3  (X,Y) = (1495, 1365)  Position Error = 87.7838
TrainID = 1849  dbValue = 3.29361  nTestCell = 49  nTrainCell = 46  nDiff = 3  (X,Y) = (1505, 1335)  Position Error = 104.623
TrainID = 1388  dbValue = 3.29531  nTestCell = 49  nTrainCell = 46  nDiff = 3  (X,Y) = (1485, 1325)  Position Error = 124.201
TrainID = 1326  dbValue = 3.3064  nTestCell = 49  nTrainCell = 46  nDiff = 3  (X,Y) = (1475, 1345)  Position Error = 116.043
TrainID = 2994  dbValue = 3.30978  nTestCell = 49  nTrainCell = 46  nDiff = 3  (X,Y) = (1425, 1385)  Position Error = 140.52
TrainID = 1767  dbValue = 3.32666  nTestCell = 49  nTrainCell = 46  nDiff = 3  (X,Y) = (1475, 1355)  Position Error = 109.481
TrainID = 2190  dbValue = 3.35184  nTestCell = 49  nTrainCell = 46  nDiff = 3  (X,Y) = (1475, 1335)  Position Error = 123.069
TrainID = 334  dbValue = 3.41659  nTestCell = 49  nTrainCell = 46  nDiff = 3  (X,Y) = (1495, 1335)  Position Error = 110.209
TrainID = 2908  dbValue = 3.42249  nTestCell = 49  nTrainCell = 46  nDiff = 3  (X,Y) = (1455, 1355)  Position Error = 125.642
TrainID = 2654  dbValue = 3.4583  nTestCell = 49  nTrainCell = 46  nDiff = 3  (X,Y) = (1415, 1405)  Position Error = 146.24
