trainID = 324  0.5063  4.0789  2.6549  0.3635  4.9675  1.0549  0.342  0.8414  2.298  2.1568  3.4771  6.8727  3.1281  9.8835  2.5264  3.0604  3.2157  0.766  1.7303  0.2272  3.5693  36.1131  3.2385  3.4031  4.895  0.0609  3.7259  2.7596  1.1655  2.3061  0.018  0.6267  3.2907  2.2753  0.4237  1.1357  0.3993  
trainID = 330  0.0496  3.9654  5.3409  9.2994  5.2914  0.2343  2.5429  7.5393  2.0586  3.4834  1.4823  0.065  3.02  8.3645  10.3593  6.8001  10.7343  4.0542  2.0987  3.6837  2.5934  3.0093  4.7956  1.824  10.1903  1.3351  11.6901  2.3813  5.1621  8.9927  2.8828  0.735  6.3894  1.4868  1.8064  0.593  
trainID = 336  5.7849  6.1366  5.3359  5.1172  4.8081  0.9011  33.1947  0.5935  2.9189  2.1932  11.961  6.5409  6.1826  3.9134  0.5727  4.0587  2.4763  0.0577  8.3709  34.8616  6.751  2.4655  4.9847  10.7545  13.2173  6.0227  0.5032  9.4642  6.044  2.3973  5.8013  5.7352  2.2149  1.9534  5.1308  
trainID = 340  5.1915  1.4071  5.4039  1.0822  4.7244  2.0937  1.433  0.7098  0.743  0.4623  1.1097  2.5046  6.6372  0.8882  7.374  2.4238  0.6933  5.464  0.248  3.0184  5.4879  1.225  3.3125  1.5018  2.5938  16.2417  11.0478  5.4955  1.2382  12.0342  0.4926  5.8068  4.2253  0.4604  1.6634  1.9361  1.6208  
trainID = 348  0.0575  3.3174  4.1879  6.8788  7.564  1.2753  3.2085  3.2338  1.8535  37.6866  2.0289  7.782  9.0892  3.5484  3.0086  2.591  3.5046  5.0165  3.3722  0.7074  1.9272  2.1223  14.5013  0.3096  14.314  3.1284  4.9502  9.9852  6.7641  2.9927  6.5143  1.0137  2.4755  0.3903  
trainID = 358  1.6568  1.4359  0.1981  0.4656  0.324  2.3003  0.931  2.5692  1.2331  1.8223  0.146  1.279  0.6481  1.8449  2.7263  2.7319  2.8709  1.5423  1.5623  0.6681  2.6981  0.606  1.0181  1.3303  0.5799  1.3319  1.6449  1.2302  0.8375  2.9339  0.4938  0.9278  2.0075  0.0261  0.6076  0.4611  0.9069  
trainID = 361  0.7976  0.5751  1.2808  3.3545  3.4087  3.7861  2.2497  4.6384  0.0905  0.0795  1.259  1.489  7.0334  0.0134  1.4251  1.5961  2.3978  8.3487  0.7354  3.2639  0.8552  1.0053  0.195  1.6761  3.6137  0.9608  0.8526  0.9655  1.2414  1.0734  0.638  1.326  2.5888  1.5908  0.3227  0.7234  
trainID = 366  2.3501  5.6197  2.9699  10.8286  5.8379  2.3664  3.8096  5.8723  3.6909  1.8107  1.4405  0.301  0.6238  6.2189  8.8029  11.0564  19.0106  11.5569  2.6762  0.4433  5.957  2.2285  2.2347  2.89  6.8026  3.3216  9.2955  0.1227  3.5139  8.1681  0.2209  2.8448  4.0537  1.9278  3.7744  0.9926  
trainID = 376  3.0675  4.1246  0.1109  0.235  1.8973  0.378  0.116  1.4372  1.437  1.3795  0.4082  5.4181  2.8313  11.1442  2.0273  2.5667  4.7013  2.3438  1.9823  0.2429  0.8111  36.2607  0.3777  1.6416  4.8062  0.6131  0.4454  1.381  2.5811  3.3792  3.4892  1.2869  4.859  3.8984  2.7668  2.6464  0.2026  
trainID = 380  1.0904  1.648  1.0936  1.0558  1.6648  0.6563  0.395  1.7649  1.5376  0.2411  3.2155  2.645  0.6409  1.9619  3.4248  2.383  1.258  2.5756  0.6905  1.2693  0.298  1.381  0.0558  1.9623  1.875  0.5085  1.2635  0.2224  1.2353  0.1661  3.2515  2.4584  0.813  0.2748  0.2604  1.3795  1.82  
trainID = 385  3.3336  3.7352  2.7259  0.4119  1.7332  0.0061  1.06  2.2101  0.6798  1.0563  1.0213  4.1871  4.0925  4.3359  4.7771  3.7996  0.167  2.701  1.8583  0.8578  3.776  36.1562  2.398  2.4072  2.3101  1.4293  5.5499  2.5732  0.3746  6.5711  1.7763  0.0894  4.1687  0.4969  0.8094  0.1909  1.0665  
trainID = 387  0.7297  1.1478  2.6137  3.3317  2.87  1.1779  4.2142  1.0067  0.7536  2.2346  1.034  0.711  0.3414  6.2298  2.8117  2.7366  7.792  4.4277  0.536  3.5286  0.874  1.7081  0.6929  0.675  4.4445  1.4482  5.9401  0.888  3.2834  2.9085  1.3128  3.9619  1.6294  1.5674  0.8192  0.6094  
trainID = 392  4.0914  6.5771  1.3265  1.4038  1.2078  0.9022  1.331  2.5734  1.149  1.538  4.5908  4.8686  9.2133  18.2591  0.3204  3.4114  4.7605  3.662  4.9673  3.3484  3.7928  35.4261  2.5063  4.875  7.4858  4.1457  0.1816  0.6904  4.1473  4.5485  3.9695  2.6823  2.0431  5.0367  1.0048  0.1093  0.8872  
trainID = 395  1.9671  4.7745  1.0942  7.195  1.6243  1.718  5.2503  4.0131  2.2982  2.1745  1.23  1.882  0.8294  4.5548  5.0999  6.807  5.1268  12.8382  1.1629  3.7297  3.9379  0.349  1.5941  2.516  5.0022  4.1851  3.4122  4.1777  2.2932  1.9193  3.239  1.0941  0.382  3.4914  0.4381  0.4323  4.1575  
trainID = 402  0.6741  3.9293  4.4449  12.3331  9.2895  0.5719  3.8337  6.1749  1.8009  36.5036  4.6881  8.3414  12.3602  11.8871  6.378  2.4558  2.6924  3.6452  1.5606  4.1902  4.1606  4.8882  11.8467  2.3434  15.4814  2.7275  7.5178  8.7723  3.5706  0.743  7.7595  1.685  2.0263  1.7304  
trainID = 440  1.1944  2.7522  1.364  4.0469  4.5618  2.654  1.7418  1.3587  0.3592  1.391  0.9471  4.4846  9.6146  2.8845  0.0043  0.8034  4.9504  9.2897  1.5523  5.835  0.8271  0.785  4.0679  0.2474  7.608  6.2053  2.5215  2.2732  0.7136  0.3118  1.8869  2.7558  0.23  0.9068  1.3118  3.3884  1.6952  
trainID = 444  5.1919  2.6097  3.4129  3.5182  3.9368  0.8849  0.57  2.3282  0.574  1.2525  0.244  1.386  10.315  6.3775  6.677  3.8533  4.0341  5.8374  0.5953  0.1912  7.5224  37.2741  2.305  4.2467  0.0529  12.0592  12.0923  15.4036  0.0864  10.7676  2.3173  4.6436  5.6595  5.4112  3.0898  3.7756  2.4544  
trainID = 447  0.3256  0.5953  0.7337  7.4693  2.284  2.6141  1.836  0.3594  2.0468  0.5823  0.313  3.1858  0.3547  5.1382  5.3074  3.701  3.9985  1.4676  1.5893  0.3744  1.5976  1.5988  1.0369  0.3045  2.7826  0.0125  2.7398  2.7957  1.5927  4.7735  1.322  0.404  0.7226  0.9713  0.9373  1.4868  
trainID = 460  1.2845  1.6704  2.3491  2.3436  1.3467  0.9267  2.0962  0.7036  0.5595  0.583  0.8608  3.733  3.5522  0.7002  0.912  0.0911  2.2657  4.0952  0.0176  3.2549  0.8021  0.971  2.2487  2.6609  1.7769  0.8118  0.5807  2.021  3.7897  0.4542  1.0228  1.229  2.6344  1.0377  1.3193  0.844  1.9746  
trainID = 472  3.8448  1.2283  2.9239  2.3904  5.8011  4.2217  1.2618  0.3728  0.488  2.5549  0.7746  1.436  7.7795  0.6977  6.5847  4.1964  0.481  2.8504  0.8053  3.1301  5.7093  0.81  3.7533  1.3069  0.5481  14.3293  12.6096  7.3049  0.538  10.8559  0.0552  6.017  4.9952  2.0154  3.1954  1.1395  3.2687  
trainID = 503  0.2199  3.1716  0.9564  1.0524  0.5537  1.9617  2.163  1.3974  0.5364  3.6299  2.6689  2.6967  2.9993  6.688  1.4948  0.7717  2.7032  1.3582  0.8463  1.282  3.8757  34.5658  0.8874  1.975  7.1056  1.5353  0.9991  0.3646  2.2212  0.5854  1.0803  4.2022  3.5724  2.2836  0.6336  0.9469  1.1096  
trainID = 513  4.7614  1.6717  5.2679  4.1462  3.815  1.1512  1.829  1.2739  2.887  2.9253  1.2481  1.228  9.4871  1.5925  8.3318  5.474  1.0761  6.5182  3.1521  2.8264  7.5607  2.397  1.8422  0.5001  1.0724  22.2622  18.7062  11.9907  0.8729  12.7872  1.1035  9.3262  4.6635  1.382  3.4086  0.9627  2.6568  
trainID = 515  6.3233  11.0865  0.5446  0.5391  1.9645  0.925  2.589  2.316  1.015  4.0036  6.599  8.9833  6.3424  25.7252  3.6762  7.8225  9.8228  0.3314  35.9525  4.2739  4.0134  17.5427  6.7296  2.9509  2.0479  6.4323  1.034  5.0934  7.3271  3.1595  2.3899  1.1388  2.9084  0.6323  
trainID = 519  3.1564  1.456  3.2359  1.5727  2.7464  1.0542  0.484  1.9801  1.74  1.6945  0.7363  1.052  7.2823  4.5307  6.3522  2.1012  0.6048  4.3609  2.5903  0.5817  6.6112  37.689  2.3419  3.0716  3.7407  3.7484  7.51  10.1289  3.0235  5.1489  0.0053  4.3218  1.515  2.2129  1.6738  0.2895  2.7912  
trainID = 522  2.4385  10.3427  3.6459  10.6413  9.4663  2.3954  4.9003  4.7761  5.6453  36.6936  1.4898  6.9056  9.3499  29.4378  9.7006  15.7547  3.7944  0.3472  6.9859  3.3809  4.5976  2.8869  6.3313  5.1819  14.6778  2.5359  4.2648  7.4589  1.5844  0.088  7.884  0.4303  4.0944  2.6237  
trainID = 525  2.1678  6.3722  2.3475  2.948  2.1579  3.1615  0.009  0.5401  3.613  2.7368  2.9164  3.4418  18.5439  9.3438  10.9094  4.3126  9.2173  4.3675  1.4013  5.5563  0.1098  36.0678  4.2567  2.6644  9.7865  3.9507  2.2515  3.2801  6.1973  3.5071  1.212  5.8626  0.208  0.8944  1.4868  2.6504  4.6651  
trainID = 533  1.8686  4.836  1.8105  1.532  2.7269  5.5529  1.2821  1.1945  2.782  3.6614  3.1095  4.0103  14.6813  10.2062  9.216  3.2084  6.0225  4.5134  3.4173  5.5088  2.2671  34.6852  4.2086  0.5919  7.8553  4.8596  3.2582  1.3521  1.6931  4.2321  1.3348  4.3694  1.208  0.9415  2.0328  2.6164  1.9051  
trainID = 536  7.5658  3.769  2.6469  2.9152  3.2645  3.5427  1.837  0.7452  1.259  1.3796  1.2836  1.589  10.7093  8.456  7.2372  5.2537  0.6587  6.3732  3.2373  1.3602  6.9731  36.8261  5.1632  4.3468  5.3326  6.5531  7.5266  10.6626  0.5007  10.4949  4.6018  5.5686  4.7286  4.5347  3.2167  0.9932  2.9217  
trainID = 540  5.2942  7.3775  0.5225  0.0725  0.3611  0.7535  1.722  3.0766  1.523  3.2593  4.2783  5.4904  7.0787  17.1337  0.1487  5.2583  2.7194  4.5244  3.9803  2.6947  4.1015  39.1744  1.8853  4.3328  8.9375  2.5093  0.7859  3.4712  1.993  2.5732  4.1311  4.1313  2.0025  6.0551  0.2074  0.8495  1.1627  
trainID = 545  0.0334  1.6505  3.8379  1.0579  3.8983  1.5993  0.354  0.8667  1.542  1.6973  0.183  4.1309  6.7154  1.0857  5.0668  0.8941  1.262  5.2681  0.6807  0.0956  4.0505  0.83  5.4405  3.3469  0.3217  6.0624  8.7218  5.8894  0.2191  9.1838  1.3789  4.2829  4.0059  1.2182  1.4286  2.6954  2.3201  
trainID = 565  3.3413  2.1386  4.0149  5.3619  4.3215  1.3723  0.424  1.066  0.0644  1.9516  2.341  1.678  2.8516  4.5208  6.7422  0.9006  2.9823  0.6706  1.8891  4.8638  5.6096  1.9738  0.9463  0.8149  16.7287  2.6775  7.5958  4.4429  5.4739  6.092  5.444  4.6934  4.4631  2.0545  0.214  2.392  
trainID = 567  3.6632  2.2075  2.4836  0.2235  0.414  1.0865  1.476  0.8204  2.28  0.1856  1.2306  3.5378  5.6426  6.8975  5.0742  2.4712  0.8584  4.7919  2.2733  0.3918  5.01  37.4669  6.2022  2.6394  2.6562  5.1327  4.8595  5.2813  3.3062  5.6817  1.5668  1.611  5.2582  3.4328  0.0961  0.3109  0.4653  
trainID = 569  1.5101  2.1131  2.1076  0.9208  1.3243  3.068  0.543  3.3214  1.62  3.0214  0.5469  3.0161  0.3007  1.6545  0.6259  0.6973  0.0572  3.7079  1.1716  1.9746  1.5899  0.085  0.7488  1.9764  1.4594  2.0241  0.3015  0.7556  2.9475  3.1571  0.5266  0.7917  4.0381  2.5502  2.3692  1.8274  1.0349  
trainID = 575  2.302  2.3471  0.681  2.0714  0.1479  0.5673  0.11  2.3879  1.6619  1.3815  0.9677  4.5554  8.3703  0.5764  1.5783  2.5431  6.2468  6.7811  3.0323  4.7338  1.7124  0.171  2.5478  0.7508  5.0257  3.2039  1.5944  3.7852  1.9264  0.3981  0.8837  3.2324  0.812  0.5102  0.7168  2.8564  0.1117  
trainID = 577  0.5958  4.1849  1.1107  1.7936  1.6039  0.6675  0.9693  1.3431  0.938  0.5493  2.4859  3.1797  1.3759  4.6082  2.4798  2.3599  0.8494  2.3281  0.0783  1.4641  0.559  35.5084  0.8831  2.4022  3.9199  0.5138  1.5714  2.1087  1.3703  3.1274  0.5831  1.1524  2.0024  1.8087  0.3134  1.385  0.7078  
trainID = 578  2.2526  7.1735  0.4474  1.8062  3.7921  0.1304  0.018  0.3161  1.604  0.3848  2.5563  5.5273  4.3302  14.1926  0.3306  2.1221  6.4447  4.7991  1.0863  1.2524  1.2549  36.006  2.6377  4.2991  4.9158  1.1234  1.982  3.665  3.9231  3.0659  3.7434  0.0871  3.16  3.8702  0.4349  0.0444  1.2982  
trainID = 589  0.7903  7.6507  4.9479  11.6973  8.2401  0.5518  5.4682  5.2011  3.3631  36.0066  2.324  9.3015  9.3051  23.1278  6.0057  8.2695  3.8806  5.4507  6.0409  3.5585  4.2886  3.0289  9.1039  3.427  17.9455  1.6223  6.3774  8.6263  1.8178  0.225  6.1511  3.1233  1.3563  2.6041  
trainID = 594  1.2785  2.8623  1.722  0.0966  1.5378  3.4675  0.511  1.1656  0.31  1.1817  2.8308  5.4317  1.6528  7.1378  0.5581  2.6407  4.6666  3.4509  1.6163  3.0005  1.5901  36.4417  0.43  4.5716  4.1671  0.6914  1.1167  2.7953  0.6864  5.5204  0.2071  2.8242  6.1847  4.7615  0.7589  2.6114  0.8745  
trainID = 599  0.4741  0.5875  1.2676  5.7037  2.8876  0.352  4.6362  3.2088  3.7247  3.5819  0.649  1.433  0.0344  2.8969  4.587  3.0712  5.526  2.2934  0.1344  1.8429  2.188  0.373  1.3703  0.2215  2.3457  6.3519  0.4745  2.1014  0.1114  1.4255  2.6004  1.3396  4.5893  4.5487  0.2086  3.1304  1.1323  
trainID = 610  3.5073  8.9943  0.614  2.2071  0.3  0.1652  1.616  0.0578  1.191  1.6819  4.4945  8.1843  10.9226  19.4875  3.8521  3.9759  7.7872  2.3858  35.5347  1.7976  3.7668  13.0911  6.1711  0.3193  2.155  5.2433  1.8907  4.1702  7.3018  0.871  3.3496  2.0138  2.4044  1.023  
trainID = 617  2.0229  5.0584  5.1359  10.6949  5.0681  2.3901  0.066  4.1594  2.6733  2.751  0.081  0.39  0.3113  7.5274  7.6637  12.1221  11.8279  6.4175  2.9838  1.0218  4.8317  1.1617  1.1439  3.0078  7.162  1.4004  9.7212  3.2419  3.5288  5.3454  2.2334  2.657  3.7052  2.2038  0.3531  3.5738  
trainID = 625  0.1384  2.8225  1.6042  5.6065  2.0705  0.6908  2.2948  3.5046  3.0364  1.1046  0.884  0.755  2.8199  4.5278  5.395  6.7927  4.6667  5.7274  0.2903  0.4458  0.3885  1.6342  1.9152  4.0392  1.7051  1.2811  2.6052  0.7154  0.7837  4.7463  1.829  1.096  1.7898  3.1598  0.5028  0.211  
trainID = 626  3.2969  0.898  3.4349  9.3109  2.3025  3.0199  2.344  4.0369  0.4949  0.3399  2.0065  1.9965  1.1276  3.9682  4.6701  3.9801  3.1645  9.9415  3.7186  0.1113  6.0789  2.4362  2.2457  0.0442  0.2547  0.288  5.0506  1.5651  1.5346  3.6252  1.8355  0.119  3.0525  2.2898  1.251  0.7531  
trainID = 637  1.2329  4.6886  0.4995  1.2025  1.7109  3.2612  1.089  2.1111  1.296  1.7737  2.0422  2.8716  8.7826  2.8202  4.6614  3.2115  5.4442  3.6087  3.0413  3.1589  0.8884  36.1315  4.9795  2.3141  6.5128  2.0021  2.1684  2.2548  2.659  0.2612  0.0564  2.0127  0.631  2.744  0.3998  2.4294  1.5554  
trainID = 638  1.575  1.4925  1.3822  1.7895  1.037  1.7555  0.459  0.1419  0.876  1.1889  0.9133  3.8607  1.9997  2.3488  1.8605  2.8251  0.8135  0.2597  0.9903  0.352  1.1681  2.97  0.0473  2.2824  0.4427  1.6435  0.0996  1.4105  2.0272  0.3127  1.6128  1.223  1.187  2.8801  2.3058  0.0552  1.7659  
trainID = 639  1.9244  3.8208  5.9659  3.8389  7.0023  0.9074  0.6271  2.4372  2.0497  1.426  1.705  1.9047  4.7469  7.9684  8.6917  3.7821  1.4594  0.578  3.5052  4.9689  2.1833  2.1117  0.1767  2.7038  16.1019  3.182  12.6206  4.6841  8.1642  8.9905  7.0177  2.4162  3.4554  1.1914  2.453  2.1294  
trainID = 648  2.3934  8.0113  1.4052  1.3355  1.7508  0.513  1.827  1.3186  2.064  2.3745  5.7555  5.7367  10.9656  21.6062  1.319  4.463  6.6  0.5138  36.7997  1.7559  3.5173  12.8339  4.4472  0.4526  2.0779  1.5029  1.1125  3.0821  4.987  2.7214  3.5776  1.4758  1.261  1.1079  
trainID = 649  1.92  1.8198  2.0068  3.6772  1.3583  0.0225  1.4336  0.5664  3.432  1.5571  0.8827  1.027  2.7913  5.4988  4.32  1.8345  0.0654  3.8747  0.4208  2.0403  1.3661  36.6592  2.0336  1.5903  2.4271  3.3837  3.5798  3.6906  0.62  5.2008  1.1777  0.9969  3.135  2.64  0.6972  0.1469  0.0418  
trainID = 650  0.3424  1.4523  2.2666  1.5611  0.6649  1.4977  1.0542  3.9061  0.6981  0.1428  0.7508  1.584  3.2282  0.1898  2.5398  2.6172  0.6967  0.3752  1.292  1.2123  2.9344  0.329  1.0217  1.3004  1.537  2.4738  1.2338  2.7556  1.5167  1.1865  0.3425  1.0424  0.745  0.9481  1.8358  0.1181  1.2903  
trainID = 656  0.0946  3.5406  0.6405  0.0459  1.3276  3.446  2.201  1.7537  0.312  2.4438  2.032  3.8802  5.3949  0.0472  1.5067  0.9171  3.0297  4.1662  0.3579  1.9236  0.7405  32.5013  3.2404  2.4895  3.4867  3.3223  0.0641  0.4072  0.0961  1.1553  1.2909  3.4006  1.9964  0.1021  0.3003  0.1408  1.1031  
trainID = 657  1.4403  2.394  2.4938  3.5272  7.7585  0.1753  1.9912  2.5961  2.7676  1.1367  1.819  2.938  1.9912  8.5068  7.4151  3.0947  5.6932  0.1892  2.3597  3.6338  2.3553  1.2858  2.6997  4.6082  12.2395  2.372  6.4905  2.7999  2.3165  2.9416  3.0796  3.0948  3.4647  0.0927  1.6149  0.3089  
trainID = 659  2.3182  2.4009  4.5549  2.4826  2.5906  0.7685  1.1518  3.8113  1.2523  1.1907  0.6218  1.681  4.9151  4.66  4.5225  2.8301  4.4071  0.8111  0.4007  0.3652  2.0315  0.3661  0.3587  1.4293  8.2068  4.4606  2.8798  0.2346  4.3833  1.4784  5.8997  3.499  1.0675  0.0802  0.0866  0.5768  
trainID = 663  4.9426  5.3115  4.5359  1.5314  4.8187  0.7519  35.1357  1.2286  0.7627  2.4709  12.3189  8.7865  5.3597  5.4902  2.2224  8.2168  3.9993  1.5973  6.0255  38.4056  6.9675  2.9327  2.6423  4.1936  5.6814  6.3831  0.6082  9.1857  4.8589  1.5725  4.9858  5.7903  2.128  1.1449  1.4895  
trainID = 674  1.1981  3.4342  6.9969  4.6226  6.2237  0.2235  0.094  2.5344  1.7444  4.5067  1.767  1.53  2.4543  8.0994  9.6516  4.8722  7.6302  2.8657  1.5874  3.6234  1.794  2.4893  2.0676  3.0668  12.1217  1.2148  7.795  3.0516  6.6866  6.8845  4.0645  2.3413  5.4005  0.0105  0.5489  0.4554  
trainID = 679  0.4199  4.9267  3.0899  0.9225  1.685  0.542  0.51  0.1036  0.001  0.232  2.5857  5.6322  1.5384  9.7857  3.6767  3.4886  2.617  7.1824  2.7023  0.7468  3.6354  34.2337  1.1721  3.4344  1.1777  0.6772  2.5795  3.2905  2.0684  3.7497  0.2786  1.6956  3.1939  3.115  0.9338  2.2124  1.7637  
trainID = 688  1.2047  1.7232  0.2982  3.4962  2.5618  4.8223  0.8712  3.3655  2.4181  1.9162  2.0878  3.9454  4.8769  0.3357  1.3418  0.1931  1.1888  5.3601  1.0413  2.3517  2.4685  0.345  0.9543  0.424  3.9193  3.4552  2.088  0.2968  1.8572  0.2576  1.6689  2.2608  0.083  1.2508  2.5638  2.7704  2.3109  
trainID = 700  3.2634  0.9784  4.5879  3.0603  4.1059  0.8283  0.364  2.1134  1.003  5.0707  0.8548  0.982  1.2555  3.6084  7.1322  1.1601  2.2226  2.0885  1.0676  2.0676  2.5003  0.6229  1.1653  1.2001  9.6173  3.557  0.3093  1.7762  5.7237  4.204  3.9941  3.9152  1.0044  1.0709  0.4444  2.853  
trainID = 715  1.1437  5.9394  5.4549  10.4384  7.414  1.6745  2.0124  2.8751  1.6005  37.6856  2.9863  10.3098  10.6102  10.482  3.9052  2.4543  2.8267  4.7325  0.993  1.8765  2.11  4.7682  11.8088  1.1077  14.5623  4.4078  6.3087  10.2168  6.4488  0.543  8.6482  1.5942  1.4508  1.4963  
trainID = 720  0.8856  5.897  0.9091  1.3592  1.4099  3.1656  0.324  0.3115  0.41  0.842  2.2451  3.3569  6.2924  1.1142  1.7743  1.5785  3.0194  3.846  0.4686  2.2546  0.0093  37.2434  0.0558  3.1684  2.2466  2.3986  2.1878  1.1696  0.9276  0.2725  0.5337  3.1262  1.495  1.0741  1.9668  1.5001  1.5545  
trainID = 727  0.4001  3.2103  1.4715  0.2751  1.9377  2.7357  1.2497  1.5396  0.5384  3.2269  2.5589  2.4282  0.258  1.1688  3.9875  0.2263  1.2706  0.4909  1.2143  1.6412  1.2153  1.128  2.1936  0.6018  1.06  1.2843  1.0129  1.396  1.2946  3.8337  0.31  0.8279  3.6227  0.2355  0.1973  1.7854  2.2491  
trainID = 737  1.4673  7.0052  0.8923  3.0943  0.9109  1.1737  0.474  0.8527  1.174  4.0646  6.2261  4.4027  8.5292  13.8109  5.8458  5.8146  9.8668  5.1809  1.6393  4.3728  0.3  34.8291  3.0604  0.992  10.0729  2.3196  2.4325  0.9578  5.0053  0.6295  1.186  6.6994  0.182  4.0801  3.3328  3.3704  2.8925  
trainID = 742  0.2923  4.1465  2.6379  10.4434  5.1089  0.3683  5.8917  3.2721  3.1654  2.177  3.826  1.593  0.8265  8.9888  8.0886  10.5471  11.0448  5.3862  4.168  3.2663  4.5126  0.843  3.2121  4.3656  3.6692  10.6915  2.1448  10.76  0.1739  2.2472  6.8787  2.4716  1.6756  6.0156  2.0532  0.37  0.2396  
trainID = 752  0.8377  2.4997  2.5572  2.2814  3.188  0.0178  1.2073  0.1616  0.511  1.5837  0.6859  2.0639  1.5174  2.0087  5.721  0.2619  1.9142  2.0806  3.3373  0.7203  2.2308  2.399  0.6153  1.6843  1.1302  4.365  3.4886  4.978  0.6466  2.0664  2.5226  1.7117  3.5732  0.2032  0.6898  0.7516  2.8395  
trainID = 766  4.1988  5.082  1.5358  0.4995  1.7436  1.0031  0.682  0.903  1.703  1.4955  2.7396  3.9464  4.4719  14.3242  0.6825  2.7161  4.2119  3.2683  0.6643  2.9338  3.325  35.2912  1.3924  5.5553  4.1636  0.416  3.6951  3.0736  2.4799  6.3042  1.8618  1.8486  3.7122  2.7816  0.5382  2.1444  2.6189  
trainID = 771  1.3767  0.2992  2.8169  2.4459  1.6963  2.4496  1.8963  2.2591  1.9307  1.1028  3.3411  0.318  0.5926  4.699  6.0883  2.0752  1.6696  0.2328  1.607  1.6551  2.277  2.332  1.8721  0.5245  5.6738  1.5086  0.6462  1.8802  4.0985  4.6184  3.2993  1.222  0.5047  0.69  0.4149  0.8873  
trainID = 783  4.3416  8.0568  0.4382  0.1806  0.0889  1.4356  2.097  0.9432  2.334  3.3449  4.0534  7.3478  14.6701  21.2428  2.8933  4.6508  8.2042  2.1674  37.8031  0.9612  5.035  13.0156  2.4583  0.1401  2.957  4.6093  3.1067  2.9945  6.9661  1.9936  5.0602  1.7078  3.7204  2.1537  
trainID = 787  2.8612  8.0317  5.3089  12.1853  7.7523  1.4232  5.5608  3.8481  5.0819  36.9176  3.4047  7.405  7.5515  21.7628  14.0775  15.8424  2.1663  0.1712  4.6744  1.3011  6.7206  3.2252  6.3632  3.3265  12.8876  1.052  2.9371  8.4147  2.8322  1.086  6.7127  0.4024  0.2864  4.4649  
trainID = 812  1.9641  7.1618  2.3667  0.273  0.0553  0.024  3.1252  2.364  0.078  7.9316  2.3894  8.7963  2.1056  0.6432  2.9708  0.4081  4.619  8.6757  0.441  0.8142  2.2532  1.3571  22.9603  7.0011  12.4824  3.9758  15.6319  3.6511  7.651  4.2176  2.1264  3.0653  2.9279  4.4236  
trainID = 813  1.8101  1.2438  1.2906  2.0481  5.0125  0.9239  1.0819  0.7674  0.495  2.9373  0.205  0.963  1.1898  0.8979  4.8678  0.0516  3.1629  3.0353  0.3853  0.4964  1.257  0.7357  1.198  1.7525  7.3095  3.0498  0.7734  0.9648  5.3034  0.1891  1.8029  3.2366  0.2307  2.1859  0.6752  0.6806  
trainID = 831  0.4771  1.4344  2.9599  2.2118  1.2982  2.8318  3.118  1.1067  2.9216  1.5559  3.8437  3.558  5.7637  2.1254  2.4029  4.9566  0.1288  7.4565  0.4497  0.6685  1.0211  0.502  0.9201  1.9922  0.0454  3.5896  0.2461  1.9705  0.259  1.4808  4.1865  2.3043  2.2828  0.0226  1.2188  1.7054  2.7754  
trainID = 834  3.7305  1.6072  3.3609  0.3545  3.3463  1.1393  0.456  1.8015  2.88  1.916  1.906  1.267  7.2421  1.2302  7.2071  2.1426  1.5928  7.1225  0.5863  1.5104  7.9754  0.637  0.1831  0.0696  0.0303  26.205  9.795  1.1862  1.0479  14.1512  0.3434  7.7733  2.8628  0.8122  2.4559  0.6948  3.4846  
trainID = 835  4.454  3.4786  3.2449  9.0741  1.2628  4.9257  4.6483  5.2834  2.5929  0.7656  0.155  2.0629  3.1382  3.2611  5.0431  5.5854  2.1034  14.6766  0.0888  1.5589  4.0669  4.0992  0.4958  1.9474  0.7568  0.9574  6.5173  0.2765  3.0493  3.5246  1.3351  2.945  1.4068  0.1867  0.9421  3.2463  
trainID = 837  3.5914  3.5122  0.6308  0.4101  3.0415  0.0781  1.4381  0.1525  2.303  0.7788  3.1595  4.8435  2.9054  5.6674  0.974  2.3156  2.2975  3.8213  1.5713  2.7801  2.4713  36.5762  1.8792  3.3419  1.9941  0.6896  2.0019  4.3248  3.466  2.5352  0.2976  1.791  2.7635  3.6121  0.6522  1.5089  0.4776  
trainID = 863  3.5913  4.5783  1.7416  1.3569  0.3228  0.2638  1.796  0.601  0.685  0.749  4.4251  3.634  5.8207  12.5227  1.8483  3.2958  5.1171  3.7744  3.7823  1.2144  3.6338  33.6357  3.1184  3.7955  7.8195  1.0982  1.3105  1.5223  2.8313  2.0055  1.9775  3.0552  5.0063  3.2568  0.0001  1.9884  0.8782  
trainID = 874  3.0186  6.0661  3.7079  1.137  1.0858  2.6975  0.228  0.8175  0.922  1.8781  0.7087  1.9888  2.4078  5.0317  4.4457  2.8481  0.8541  6.7741  0.6178  0.7476  4.5448  35.6609  1.9539  2.9501  1.7699  3.7371  4.6541  7.3848  0.618  5.5259  0.4005  1.039  5.3406  4.3123  0.2772  1.7664  0.6201  
trainID = 878  3.4128  3.1657  3.4109  6.2488  3.9854  2.9519  1.6113  2.9182  3.7537  0.4905  0.471  1.078  1.6559  4.9174  5.09  6.4647  8.2966  2.98  1.124  0.2572  3.1862  3.9646  1.0431  0.2574  4.7682  3.0239  5.5639  0.1626  2.324  4.329  0.8555  0.094  2.8257  0.9338  0.9376  1.1159  
trainID = 879  5.0713  3.1278  3.5639  1.326  3.5399  3.1717  1.223  0.0673  1.399  1.9584  1.8689  3.8078  6.7069  7.5695  5.8246  3.2754  1.6905  5.0272  1.6853  1.6145  3.4732  36.9712  3.1305  2.4955  3.6481  7.156  8.0787  9.3018  2.3634  8.4027  0.5784  2.7635  4.6923  2.7766  1.5352  0.9706  1.9564  
trainID = 882  0.3795  8.2329  2.6977  2.4718  2.8873  5.2264  0.236  2.0044  0.437  3.7582  5.8543  8.5981  4.5015  37.1365  17.3671  2.3971  12.0353  5.9176  34.2958  3.8474  1.6841  14.4859  6.2886  2.8785  2.0591  3.8745  0.5759  4.3573  10.5174  2.7186  1.1561  6.2278  6.2234  2.6833  
trainID = 888  2.1389  8.57  2.8277  1.6252  2.4754  2.81  3.8852  1.3657  1.191  10.1558  3.6511  10.0507  2.5485  0.2172  6.282  2.4094  3.7143  5.1587  0.302  0.8477  3.2326  1.188  23.6416  5.9457  13.1105  5.5222  15.1383  2.1133  9.6469  5.542  2.2174  3.1839  5.5781  3.0415  
trainID = 894  2.8518  4.3181  1.2553  2.8712  1.4771  1.7732  1.1449  1.1344  0.1853  1.2354  2.3859  3.3656  17.16  6.4859  8.4098  1.262  7.363  4.4962  1.2523  6.239  0.2747  32.2651  5.2162  2.208  7.8365  3.182  4.8841  1.6563  3.3478  0.4679  0.2023  6.9275  2.328  3.9202  1.0298  3.3344  0.2461  
trainID = 898  0.2786  6.29  0.5071  2.2711  0.9661  2.2704  3.3774  0.8269  0.506  0.8462  3.6974  5.1456  13.5689  8.0771  6.3311  2.3636  7.0081  3.678  0.9563  5.7728  3.1971  33.3717  2.3768  1.0453  8.2521  1.4509  4.1952  1.1199  3.7173  2.1791  0.8585  1.679  2.3548  2.6182  1.3858  1.5244  0.053  
trainID = 899  7.642  1.4094  6.1709  3.4252  3.4546  1.7177  34.1097  4.4662  2.4034  3.4403  13.2961  7.2736  8.4453  6.8849  5.4565  7.0032  2.1313  1.6001  9.6067  38.7031  4.991  3.3658  3.789  8.0238  25.3134  1.3798  2.2483  12.6994  5.7854  5.4165  5.289  5.7004  3.3267  2.775  2.457  
trainID = 900  4.4206  4.6027  3.9029  1.738  3.7006  3.8097  0.009  1.9199  0.743  0.9272  0.144  1.459  9.5019  7.3229  7.7082  3.535  2.4211  6.4488  1.4443  0.0674  5.5651  36.639  7.2139  4.5994  3.5312  9.4128  10.9491  9.4303  0.8814  9.305  1.4189  4.5902  7.2992  3.2992  4.5568  2.2428  2.1021  
trainID = 905  2.7143  5.0996  0.5966  1.7766  0.4928  0.9803  0.811  0.9585  2.243  2.3062  4.2115  4.5724  5.1932  16.2318  7.5915  1.8312  6.7502  1.8813  0.7723  4.4856  0.6516  33.8192  0.6329  1.3223  8.0275  3.538  1.8776  0.1206  2.4723  1.455  0.5338  6.9076  2.9441  2.6321  1.3338  1.2738  0.4845  
trainID = 918  7.1883  3.827  4.0819  4.9902  2.7894  4.1737  34.0897  5.8664  1.2964  1.678  14.4824  4.6823  5.8978  5.3303  3.6394  8.4199  0.5228  0.4437  8.9517  37.0149  5.063  3.1409  1.4586  8.2623  27.4609  1.8859  1.2604  12.1829  4.879  5.419  7.3724  3.16  1.6316  4.5333  2.5298  
trainID = 939  0.58  2.5039  2.8249  5.0226  5.7657  1.4421  1.1834  1.9197  1.9494  2.8514  1.395  1.826  0.4772  7.231  8.6877  0.5369  2.1956  0.1797  0.3344  2.0223  3.5326  0.681  0.6217  0.0906  0.3144  10.2537  3.9112  4.0991  2.4672  2.325  5.2923  4.4396  1.126  3.377  1.0057  1.4108  0.6101  
trainID = 950  2.6861  5.4203  2.5378  11.2784  5.7411  4.119  4.4997  5.4691  4.5982  0.7844  0.203  0.849  0.7589  5.2717  5.3228  15.1472  18.5016  16.8583  4.5358  1.3673  4.9325  3.2592  2.7615  3.3022  6.0195  2.6375  10.9408  1.2302  3.4913  5.9879  1.9244  0.45  4.9553  0.1362  1.3662  2.1734  
trainID = 959  1.2542  5.427  0.2085  8.5159  2.5897  2.3096  3.2424  7.4535  3.6975  0.5235  0.306  2.4001  1.0368  7.4022  6.3141  10.8456  9.555  11.1049  2.6009  0.7979  4.3826  2.7545  1.8365  2.8387  4.0406  5.0955  8.3485  1.5575  2.6053  6.2021  1.932  1.317  4.2382  0.0884  3.4634  0.6281  
trainID = 964  1.5605  5.3754  1.6572  9.1801  4.5732  3.7087  1.0378  6.9112  2.3888  2.1994  0.182  2.2498  0.0977  4.5092  5.5672  13.4147  12.4349  15.1832  0.2185  1.9106  5.8251  5.7412  2.8986  3.4093  3.7339  3.8514  7.3405  0.5539  0.4295  7.0064  2.99  0.398  4.6364  2.1698  0.0799  1.5997  
trainID = 972  2.4215  1.1349  4.8799  2.1853  4.3624  2.2227  1.3336  1.1986  0.367  2.6131  1.29  0.479  6.326  3.0685  8.6541  2.943  2.8018  1.7925  3.2279  3.6723  2.9197  0.981  0.6219  1.1398  2.8703  19.3452  4.8081  3.9411  0.8765  8.5761  2.8566  6.9759  3.1161  3.2037  2.758  1.1579  2.2127  
trainID = 973  0.6857  4.8075  0.84  0.0936  1.2406  0.1593  0.5826  1.6808  0.5277  0.8815  4.6066  3.587  3.311  8.761  0.554  3.7433  0.1178  0.9469  2.4403  2.0763  1.9899  35.6895  0.8762  2.7821  4.2933  0.6539  0.3391  1.2781  2.9523  3.1817  0.1146  1.1353  2.1817  1.2508  0.8308  0.5047  0.022  
trainID = 990  5.0725  5.4693  1.8996  0.641  2.0519  0.1502  1.875  0.6326  0.826  0.4757  0.462  3.4257  2.4052  6.7073  3.5623  1.2237  1.3842  7.4165  0.5139  1.6896  2.2154  36.1196  1.7619  1.6473  2.0042  1.1651  7.8547  4.4738  2.4511  4.4681  0.3844  0.1326  2.5219  0.0531  0.0037  1.6724  0.1978  
trainID = 1006  2.0924  0.5882  3.1099  1.4926  4.1214  1.4265  1.821  2.9989  0.5931  2.2455  0.33  1.794  1.0984  5.4465  4.3733  0.4254  1.8429  0.2473  3.8878  0.2223  0.9143  0.132  1.1028  1.736  4.5043  0.16  0.3138  1.0196  0.9368  4.2853  4.0275  1.589  3.2675  0.6686  0.1009  1.0006  
trainID = 1007  1.9966  4.9624  1.2741  1.1215  3.9839  4.2053  1.0111  1.6168  2.7848  1.9261  3.0295  5.164  13.9535  7.4992  8.685  1.189  5.9518  5.2801  2.0883  6.5134  2.4908  35.7303  2.5017  0.1085  6.6795  6.2502  4.4894  1.4351  5.1433  1.9681  0.6725  4.748  1.625  1.8665  2.4728  0.6168  2.2185  
trainID = 1010  4.4966  1.1165  1.5675  0.6585  5.2371  1.2243  0.5679  0.3398  1.35  2.1148  1.115  1.517  7.236  0.3586  5.7237  4.7994  0.372  3.6698  1.8483  3.8064  8.5311  0.339  2.5379  1.3747  2.7769  20.533  9.3951  3.6001  0.224  11.9572  2.4651  6.1876  5.1138  0.1127  1.7877  3.0267  2.5918  
trainID = 1015  1.7467  10.9396  1.5383  0.8253  0.7787  1.9243  0.858  3.7369  1.857  5.5836  5.0883  8.0934  5.4837  25.4469  7.6208  6.6203  8.8726  0.9687  37.1756  4.6482  2.6764  15.0995  4.7608  4.8349  4.0263  4.9123  1.1025  3.9879  9.1314  2.4386  5.9351  0.9918  2.9214  0.8637  
trainID = 1038  0.3939  3.2894  4.5719  2.4706  2.1437  1.513  0.594  0.5976  0.147  2.1874  2.3525  1.5  5.8805  5.1737  4.1376  4.0149  0.3198  4.0111  1.2443  0.954  2.5774  36.0839  3.2246  1.6494  1.4138  6.8798  7.4955  6.9182  1.6811  7.0274  0.587  2.1542  6.3515  1.1283  0.4932  0.4314  0.6178  
trainID = 1055  3.3594  5.0154  2.253  0.8226  0.2574  0.2582  0.124  1.1965  0.535  0.9409  3.4422  3.9965  2.819  10.2754  0.8309  3.6749  4.8813  6.3904  1.4783  0.9264  2.6462  35.5806  2.7904  3.5843  3.5986  1.2601  5.374  2.4081  0.3433  5.1498  0.7774  1.1677  3.8124  1.7935  0.8768  1.2389  0.7825  
trainID = 1058  2.6868  3.2926  3.3469  0.2495  4.1378  0.7547  2.619  1.724  2.841  1.5581  0.227  0.602  9.6624  6.1985  6.3179  6.0999  1.134  4.5056  0.2249  0.8136  5.8406  35.3596  6.3187  2.6631  2.1465  13.9118  14.1508  16.0567  0.4824  11.5359  0.9908  5.3107  6.4369  4.01  0.4861  0.7952  5.716  
trainID = 1068  0.0476  7.7379  1.8969  1.2936  0.419  3.7185  0.859  0.7707  1.3329  4.4396  6.2152  6.2602  2.0174  30.3386  13.2167  3.7481  10.0862  3.2483  3.9993  2.6283  0.0249  35.6138  4.0332  3.3657  9.583  3.1343  2.8069  5.5747  5.2123  0.5125  3.0832  6.8145  0.923  3.6589  2.2178  3.4194  1.8644  
trainID = 1074  4.0781  10.5649  0.6571  1.403  1.411  1.6026  1.741  1.6447  4.164  2.9696  6.1122  5.1873  10.6267  22.7744  4.2335  7.19  8.8326  0.8777  35.8804  2.3888  4.7215  16.308  4.2399  3.8949  2.6708  4.9943  2.1419  3.3902  6.363  2.0671  6.1507  0.7518  0.4719  0.0774  
trainID = 1080  0.9865  5.3099  2.5177  1.252  1.5337  2.558  3.5449  1.706  2.085  7.3921  3.1471  8.4713  3.7426  0.1224  6.6827  3.0623  2.767  11.0557  1.548  2.8072  1.5843  1.1861  31.6583  14.7946  5.248  1.9763  15.3827  0.4378  7.4028  4.8282  0.054  2.8872  2.2406  5.2871  
trainID = 1102  2.6255  4.5579  1.5665  0.4992  2.0696  0.6474  2.01  0.3985  2.895  1.2998  0.5462  2.6786  7.5669  7.3389  5.3984  4.7469  1.8299  3.0225  0.1788  1.2873  6.8  36.8483  3.405  3.8742  2.5639  6.3983  5.3385  7.3898  2.2999  6.6696  0.1485  0.2807  4.5732  1.675  1.0976  2.0151  2.6787  
trainID = 1122  0.063  7.6233  3.4627  0.782  0.5046  2.671  5.2077  0.518  0.882  9.2421  1.6772  10.0446  6.3282  1.4324  4.9695  0.2418  6.9967  8.7607  0.741  2.2401  0.7402  1.1304  29.8912  10.796  8.0357  4.789  15.5631  0.2307  10.3344  4.7493  2.9512  4.9466  3.0194  5.342  
trainID = 1124  4.9957  1.7494  1.9502  2.7732  2.4728  2.6737  1.927  1.1564  1.183  2.5264  0.43  3.2052  11.5091  5.7271  5.2925  3.7616  0.561  5.4487  1.3631  0.4997  6.2367  38.3407  2.3639  1.7969  1.0732  15.6715  17.6328  17.8603  1.1958  11.7071  2.2694  5.1447  6.3089  0.1446  4.8049  2.7989  4.0965  
trainID = 1166  3.9143  4.5427  3.5049  8.1222  3.2639  2.1093  6.5272  3.2438  5.1325  2.6208  0.52  0.041  0.705  6.1661  6.787  8.5162  12.8757  9.0956  3.6348  2.7154  3.8477  3.9426  1.9578  3.1239  6.15  1.7099  9.8284  1.5686  2.4552  5.5854  2.7412  0.246  4.1988  0.7908  2.7624  2.0759  
trainID = 1172  2.8592  2.4214  1.615  2.8457  3.7581  4.2099  1.1752  3.6976  2.391  0.3579  2.8642  2.2177  9.4726  4.4053  3.304  1.1685  6.5776  7.0796  0.4027  6.1377  2.8923  4.5835  1.6887  5.5505  4.2447  1.2661  1.5184  3.3512  1.6523  0.1721  4.4384  3.4556  2.1986  2.4028  1.7754  2.2271  
trainID = 1180  1.3488  6.3721  4.0257  0.747  0.2561  2.664  5.8914  1.604  1.65  11.7032  3.6172  12.1651  3.583  2.0979  8.329  0.9403  3.0483  10.0457  1.49  3.4463  1.0019  0.1727  27.1744  9.1735  9.4157  4.0051  16.6476  4.0868  11.2853  5.7818  2.6668  3.6266  3.437  5.8938  
trainID = 1195  4.2977  10.0623  1.0835  1.2552  1.4733  0.7929  0.836  2.8487  0.296  5.4452  7.1069  9.0019  6.1979  27.9663  9.6228  3.3732  8.8809  1.4525  36.9258  5.7266  3.7632  16.1083  6.7353  5.2045  2.7814  3.7407  0.4078  2.3042  7.3734  2.039  4.5519  1.7978  4.4024  2.5746  
trainID = 1196  6.2768  5.3775  5.0199  1.1488  4.2674  0.7844  3.943  1.0532  1.412  1.6315  1.5561  2.2371  7.455  6.3022  7.3162  3.5554  2.9716  6.0736  2.7983  2.8561  3.4092  35.4178  4.1561  2.193  2.036  7.7691  8.8906  8.3157  1.5775  7.3731  0.4916  3.3999  6.5547  2.767  1.3315  0.6351  4.0425  
trainID = 1217  4.4904  0.621  3.6749  1.7608  7.6975  2.8337  5.1884  0.066  1.207  11.6762  1.7337  9.326  3.9275  0.0467  4.1556  2.1463  4.0641  11.1897  39.123  3.7253  1.6968  3.1811  17.7071  29.9683  17.5354  0.0911  13.542  1.5658  5.8585  5.7063  3.7535  3.4013  3.1222  2.6135  
trainID = 1221  2.3625  5.7317  4.1697  1.981  0.4873  1.974  4.7745  0.965  2.125  8.3201  0.6297  9.5188  2.3786  2.5958  6.2783  1.1463  3.8354  8.7577  1.209  3.0535  0.8563  1.0474  30.4767  13.7964  7.4907  3.0148  15.7016  1.8256  9.1917  7.3308  2.9579  4.3302  5.3909  6.997  
trainID = 1227  1.2941  7.4174  1.9306  0.8597  2.1123  0.1915  3.9934  3.357  2.621  4.3643  2.4997  9.5875  1.9546  0.0968  3.2369  1.9244  1.2873  7.666  2.533  0.8739  0.4735  2.614  21.1002  3.965  12.9484  3.5916  15.494  4.2566  7.9529  4.4652  4.6056  2.932  2.69  2.8062  
trainID = 1249  4.1639  0.8107  6.0799  2.6752  5.361  2.6987  1.01  0.8896  0.729  0.7934  3.77  3.6538  6.9228  1.0745  9.6629  3.3382  0.3007  5.7764  0.9773  3.1212  8.2276  1.417  1.3015  1.5297  0.3477  29.9011  12.4429  0.1647  0.5235  12.7892  0.0088  6.3471  5.6523  1.6989  2.6622  2.6538  4.3468  
trainID = 1255  2.3416  2.0687  2.8029  0.6101  4.9128  0.517  1.86  1.4185  1.578  3.1778  0.9837  3.7056  6.781  4.5028  7.499  2.8028  1.7194  5.1419  0.0582  0.4535  6.4793  0.442  2.6568  1.2539  1.2508  11.7458  10.5043  9.1396  1.757  8.8871  1.9133  5.2547  3.4873  1.0661  3.1171  1.3301  2.4884  
trainID = 1283  5.3339  2.8358  4.7189  1.4906  5.9674  1.5496  1.529  2.0981  1.9782  0.8366  2.125  1.226  4.9818  3.0356  9.0593  2.5148  2.2097  4.5366  1.8175  3.8939  5.7261  2.1402  0.2016  0.9555  23.717  6.337  7.8159  4.353  10.1135  3.6995  8.3779  2.2147  4.1428  3.1674  2.0197  2.1739  
trainID = 1290  4.5267  0.8742  2.4854  1.266  6.051  0.2946  2.908  2.002  1.107  1.8496  2.6979  4.4793  4.5329  7.1253  5.2069  3.3587  0.5924  5.1284  0.6533  1.0145  4.2469  35.3064  0.5387  4.1872  1.6833  4.4595  8.3465  6.1898  0.9642  8.5304  1.5886  2.4142  3.4501  0.867  1.0128  0.0411  2.194  
trainID = 1319  1.7521  4.7881  2.3197  0.248  2.6603  0.2335  2.9886  0.8121  2.7516  8.3855  0.5383  8.9207  2.2401  2.1196  7.3482  0.4622  3.7893  9.7787  1.815  1.4855  0.5824  0.1295  30.1083  10.4668  7.0505  2.2008  14.073  0.6338  8.2837  5.003  2.3178  3.47  3.1329  3.7177  
trainID = 1387  1.47  1.5929  5.8699  1.4614  5.3517  1.7196  2.707  1.3374  1.016  2.6438  3.001  1.348  7.9193  1.718  9.9357  5.1657  0.8887  4.4019  0.7263  4.403  7.8503  1.2597  0.8439  0.8681  26.0294  14.7724  8.155  2.0717  13.7604  0.0961  7.3802  4.2011  0.3947  4.6417  3.2674  3.2112  
trainID = 1389  2.2589  2.2337  4.3429  2.6135  8.2979  1.2545  0.004  2.6389  0.457  5.8352  2.758  1.003  8.466  6.2989  7.0577  0.6929  2.8983  1.9579  0.6663  3.2584  7.0356  0.3091  2.7813  1.7323  19.9522  3.2811  11.7894  3.5672  12.0604  4.0542  8.1166  5.1991  3.3366  0.0645  2.5825  3.6316  
trainID = 1494  2.5138  0.7306  3.5139  1.1386  5.4389  3.0657  0.488  0.2366  0.603  4.6649  1.197  0.779  8.9804  0.4594  7.7428  0.9131  0.9488  4.8484  0.0187  4.2404  8.6627  1.178  3.2501  0.0772  0.3607  23.7701  10.3534  1.3913  0.0589  14.0805  1.4983  8.0419  5.9895  0.8956  3.6921  3.4114  5.6952  
trainID = 1524  4.4818  2.2854  5.0909  3.7642  3.5931  1.6446  32.9217  0.1962  2.7308  2.8398  14.565  7.4003  4.8927  6.9023  0.8529  6.3416  3.1633  0.2155  9.5347  35.0674  4.6266  4.8776  3.1586  9.3052  19.5281  7.9798  1.6967  11.6423  3.7604  5.2827  7.2328  3.0431  3.4362  3.803  3.7122  
trainID = 1558  5.1929  1.858  4.9979  2.2067  6.6896  0.2186  1.41  0.5425  0.029  3.8541  0.912  0.275  10.6875  0.3486  7.5241  4.1797  1.9934  7.3287  0.9953  3.2013  7.5134  1.725  2.4743  1.8995  1.3027  30.246  15.2585  0.1067  2.2447  13.6372  2.0127  7.2527  6.9009  2.8671  1.656  0.0922  1.9791  
trainID = 1561  4.2556  2.5057  5.0159  1.4358  3.0093  0.2712  1.6642  1.2629  1.058  1.0478  0.35  0.361  5.155  0.485  6.6338  1.1338  1.3983  4.5283  0.3983  0.3409  4.1908  2.2287  0.5097  0.8937  9.7143  6.1209  5.2372  2.1153  10.4134  0.5191  5.6907  4.8171  1.4896  2.7293  1.8416  0.9877  
trainID = 1576  3.2839  4.8303  4.8779  1.251  7.7205  1.7136  34.2177  2.8815  1.4201  2.9413  14.1714  6.5663  6.673  5.9913  3.29  7.0531  1.4893  1.4917  6.2524  36.8047  4.8624  4.2516  2.3254  7.0759  17.8992  5.0357  2.5461  12.7171  1.0419  3.5994  8.6192  6.6068  0.5111  1.8907  3.0086  
trainID = 1580  6.1455  0.3362  5.4989  1.093  4.5987  3.0747  1.196  0.8483  4.566  2.6357  0.322  2.3163  9.4242  1.7339  7.4031  3.8856  1.5725  3.9053  0.6783  2.4421  7.4572  0.528  3.4012  0.2554  1.4371  27.6118  17.5604  1.3746  2.7034  12.4078  0.6372  6.1637  6.017  0.6392  4.175  3.214  3.2487  
trainID = 1587  2.185  6.2322  2.1947  0.626  0.1  0.232  4.4889  3.052  0.399  3.9858  1.2287  6.9874  1.9641  0.5978  4.1996  0.7084  2.721  7.1116  0.295  1.7762  2.4492  2.2196  24.7116  9.459  12.838  5.0931  13.6062  2.0851  7.3814  2.1438  5.2383  5.6994  2.9066  3.8281  
trainID = 1595  0.9993  1.8665  5.8839  5.555  8.0835  0.2692  1.3308  2.6704  0.327  2.9227  2.397  1.31  4.9058  6.6065  9.1474  0.3437  3.5546  0.9886  1.5704  2.8937  3.3729  2.8886  1.5251  1.4859  20.0459  5.3826  9.2648  2.8066  10.3763  4.2033  5.6818  4.1687  3.6067  3.9081  1.173  2.0715  
trainID = 1640  2.7517  4.2018  2.324  3.5002  3.6088  0.207  0.639  0.9305  1.606  0.5221  1.889  2.1353  4.5903  5.9102  6.1304  3.7317  0.8453  3.122  0.3018  1.84  2.94  33.0128  1.682  1.7736  2.1128  3.002  6.0593  5.3409  0.0564  5.2448  0.6931  3.1795  4.8567  2.935  0.4331  0.7971  1.5923  
trainID = 1647  1.7609  3.8087  0.9593  0.013  1.7925  0.516  3.2593  0.641  0.683  5.794  3.983  9.6087  2.507  0.5146  3.6303  0.8783  2.4767  6.9592  0.012  2.2955  0.8901  0.5228  25.4521  8.1987  7.174  2.1398  12.7503  0.3901  9.4468  5.526  0.8951  4.3667  2.9944  5.2552  
trainID = 1660  4.3605  2.401  5.8399  2.7692  3.9541  3.2757  1.401  0.7015  1.38  2.6358  0.15  2.2153  6.7425  0.4487  6.1928  4.8957  0.5509  3.8604  5.2273  0.7657  5.1184  1.9415  3.0401  1.4618  7.2958  9.5632  11.5701  0.5314  10.3278  1.2013  6.6226  5.5288  1.407  0.7669  2.7989  2.8959  
trainID = 1703  3.1399  2.451  2.2563  0.3352  2.2455  2.6407  2.582  1.2617  0.299  3.344  1.5459  3.8369  10.1622  6.5699  6.4191  5.3093  2.4138  6.5731  2.2553  0.0513  5.7154  36.499  3.0892  2.1793  0.1073  10.7869  9.2139  11.1067  0.0408  10.1558  0.2668  3.4517  6.2651  4.3062  2.3514  2.0335  1.7528  
trainID = 1725  5.664  5.3298  3.6099  1.8157  3.8547  0.0584  0.374  0.2768  2.408  1.5034  1.9827  5.0866  5.5247  9.4252  3.9881  3.1093  2.3929  6.6215  3.2203  1.6267  3.5549  35.4538  5.0899  3.2853  3.5693  0.4592  1.7655  4.2904  3.6498  6.5342  1.6651  0.7565  4.1738  4.8113  0.3519  0.4127  0.6103  
trainID = 1733  4.2338  4.1054  3.7729  2.4883  2.9343  2.6667  0.781  0.3404  1.988  0.0821  1.4531  3.9494  6.8308  12.386  0.0545  2.2556  1.5078  5.0622  2.6283  1.4798  4.8161  37.1395  4.4912  3.9868  0.6244  1.8799  4.0181  6.1721  0.567  5.2754  0.2819  0.785  5.4222  4.585  0.9299  1.6076  0.7442  
trainID = 1769  2.5017  0.8883  4.2349  2.2177  6.1329  2.6547  2.018  2.2243  0.582  3.212  0.756  0.717  8.3495  0.8657  7.6892  4.2413  1.8599  3.4291  2.0123  0.456  7.0353  1.971  0.4953  2.1276  0.3569  27.6411  19.3285  8.7069  0.6892  13.8709  2.0116  7.4818  4.9507  1.4186  0.18  2.9413  1.8286  
trainID = 1775  2.7718  2.9438  2.6709  0.913  2.3028  0.269  0.063  0.1298  3.411  0.8194  0.6642  3.4536  5.0013  5.6498  3.9429  2.1193  0.0776  4.0784  0.3828  0.8337  6.264  35.0389  1.674  0.0414  0.1947  5.4051  8.2302  7.6426  1.3255  9.1928  2.187  2.9071  2.0736  1.4393  5.1418  1.1211  1.2599  
trainID = 1777  4.1338  0.9023  3.5889  2.6122  5.9629  3.4097  0.716  1.3369  3.2  5.7282  0.3673  1.9037  10.5419  4.8763  7.5324  5.1788  3.1912  6.6167  0.291  0.2868  6.1875  34.5228  2.6539  1.5255  5.2259  14.6898  14.4962  15.9492  0.7653  12.4039  3.1286  5.7575  5.6648  1.7694  3.8665  1.3723  2.3427  
trainID = 1778  7.1348  4.7535  3.5169  3.6772  4.4198  2.3977  34.3267  2.6776  1.2077  2.653  15.0502  7.1835  6.4647  7.7641  2.7286  8.1924  1.1643  1.0236  9.6117  35.5478  7.7693  6.5274  4.0065  8.6811  17.0281  3.3499  2.8394  13.3725  5.9677  4.5071  7.0389  6.7532  2.0649  2.931  3.3893  
trainID = 1794  6.8888  3.075  1.4127  2.8592  2.9289  0.2911  33.4947  3.7943  3.0576  3.9292  13.7154  7.9698  7.7729  3.7276  4.0965  7.3072  2.7573  2.0721  8.9117  36.1283  4.1293  2.4372  2.5886  9.7777  19.695  8.347  0.1447  12.8194  4.0404  5.3622  5.3297  4.9741  3.5506  1.4094  0.7112  
trainID = 1799  1.8384  8.6382  0.2033  1.106  0.2357  2.041  3.8096  2.414  3.0462  7.2618  3.3848  9.4463  0.2105  3.5049  3.9238  1.3236  4.6342  6.6266  0.239  0.0814  0.6078  0.6039  21.8107  5.9329  10.3752  2.9915  13.9333  0.8391  6.6623  3.7338  3.7437  4.8251  2.8036  4.1164  
trainID = 1825  1.4254  1.0728  3.6809  1.1621  5.4982  0.4862  0.495  1.0914  1.1424  3.0356  0.643  1.753  5.4003  2.3223  9.335  0.0621  1.4701  5.4046  0.022  2.8809  6.1077  1.3304  0.5332  1.75  22.952  5.6955  9.4292  3.1602  11.9181  4.7624  8.1212  4.0738  3.3237  1.7201  1.2714  2.7954  
trainID = 1826  3.2526  1.7432  3.7449  2.6642  4.8398  1.4911  0.5461  4.0403  1.72  1.37  0.999  1.728  5.4108  6.1734  7.6587  1.0873  2.6625  2.6495  0.4584  2.8008  6.294  1.1545  1.2059  1.9667  17.8431  4.8036  9.258  1.6895  8.8093  6.7611  5.9449  1.9097  2.7976  1.9758  2.1033  1.7105  
trainID = 1837  4.3443  3.4858  2.8579  2.9472  4.2823  0.8765  0.418  1.4158  1.582  2.5797  1.039  5.4068  7.755  6.0162  4.3723  3.9388  0.1756  6.6631  2.3533  0.5951  3.176  32.7795  1.6305  2.5277  2.7738  7.253  9.8344  9.1755  0.8728  8.8926  0.5328  2.8044  2.7182  2.0389  0.1417  2.0494  1.3001  
trainID = 1838  4.9029  1.8506  5.2949  0.1521  2.1402  2.5867  2.431  1.2489  0.8915  1.5957  0.378  0.158  8.0508  0.0053  8.0279  5.6001  1.3976  5.8437  2.0383  1.3169  10.1617  0.413  2.7978  3.3257  1.671  31.0365  18.1236  1.5595  0.5975  12.264  2.3765  8.0528  5.7372  0.2371  1.3406  4.1875  4.6752  
trainID = 1850  3.8683  1.7519  6.1179  2.4403  3.0364  2.5767  1.0073  1.1687  1.5329  3.9894  1.437  1.847  7.9249  4.8065  9.2014  4.2497  1.7166  7.2051  0.2577  2.4347  7.4752  1.234  3.209  0.6119  2.2168  22.6824  13.4053  7.655  0.4221  10.2017  0.3385  7.1851  5.4259  1.9924  3.2028  2.5149  5.7831  
trainID = 1856  4.5723  2.0249  2.0751  0.7719  6.8915  0.8935  0.903  0.8592  0.424  3.884  0.5708  2.6907  8.2058  6.0658  5.6821  4.4161  1.3261  4.6868  1.1963  0.8524  6.1341  35.4482  3.1877  1.4397  3.2874  9.7344  12.9969  10.4407  0.5013  8.264  0.8366  4.4273  5.8686  2.2945  3.2699  1.4278  2.0497  
trainID = 1879  4.6417  5.0079  2.6839  4.9482  5.0806  2.6927  34.0797  4.9797  2.4793  1.724  15.8667  6.1083  7.7669  5.8625  3.0403  7.4199  4.1183  0.6352  8.6547  35.657  4.0163  2.4784  6.4541  12.4742  29.9791  4.1084  1.117  13.4811  6.4143  8.0096  6.8465  6.0799  4.2214  3.96  4.7075  
trainID = 1888  5.138  0.0688  2.6929  0.1093  2.2807  1.9662  0.421  2.181  2.31  0.1363  1.0342  0.894  7.0294  1.5034  6.0863  3.699  0.4716  5.6093  2.6993  0.3648  5.7253  0.755  3.5066  1.9631  0.2996  10.6101  8.5337  8.0975  0.6592  10.0683  0.6248  5.1215  3.2983  0.0755  2.7022  1.2237  4.2055  
trainID = 1920  3.3428  0.478  2.7339  3.4632  4.8481  1.3053  0.402  2.2974  1.066  0.266  2.6663  2.4957  8.4176  4.6429  6.6146  4.1836  1.0345  6.1309  1.8833  0.0428  7.1135  36.2083  3.0424  2.8765  2.4843  7.2252  10.156  13.0431  0.5591  9.6928  1.4199  2.7438  4.342  2.1025  3.608  1.2671  2.2064  
trainID = 1927  6.1717  0.9453  2.1625  2.5778  7.3722  0.0674  0.612  1.937  2.587  0.6656  1.871  1.218  8.635  1.7262  7.3398  4.864  0.7778  4.0453  0.2658  2.2093  7.445  0.749  4.0327  2.8631  0.8576  27.2642  17.1352  14.87  0.2725  14.029  1.0494  8.7587  6.0034  0.1962  2.661  4.8124  3.6072  
trainID = 1937  7.1696  5.1224  2.3913  3.1402  1.6493  1.2617  2.129  1.485  3.511  1.1561  1.5969  6.139  9.9802  7.797  5.6479  4.8913  1.4831  6.8184  2.1723  0.2946  6.3881  36.3631  5.9701  4.7505  2.9905  1.9018  5.2267  5.5579  2.4567  8.4289  2.7029  1.1441  5.3699  2.9025  1.3752  1.6048  0.5617  
trainID = 1952  2.0468  7.0077  4.1807  2.202  1.5157  1.774  3.8922  1.2709  1.106  9.8214  2.3298  9.576  4.0096  1.9087  5.812  1.7483  3.658  9.8257  1.551  2.7447  1.4468  1.2774  37.7597  19.1234  1.789  0.5074  15.314  3.1898  7.7569  8.8791  0.2714  2.929  4.2996  4.3539  
trainID = 1966  6.6544  2.1734  4.0199  3.5122  2.627  2.5057  34.2027  2.934  4.9169  1.9311  15.3626  8.2919  7.074  4.5039  4.1262  8.7096  1.6073  0.1911  7.9638  38.2018  6.1374  5.0222  4.8079  7.9261  21.4584  1.2954  2.1886  8.8309  5.425  4.8808  7.7464  5.9785  2.7148  1.4302  3.5998  
trainID = 1971  0.7594  5.4605  1.9825  0.223  0.6795  1.295  4.1665  0.896  1.614  8.1505  1.8514  9.3996  2.4623  2.8841  4.2717  1.2444  4.7216  7.0094  0.707  1.2615  2.3278  0.0023  30.6007  11.7849  6.9759  1.7561  15.239  0.3029  10.0423  4.1381  3.1529  5.7564  2.9821  4.5748  
trainID = 2013  0.7016  8.0433  4.2797  3.432  0.843  2.82  4.4876  3.099  0.302  10.1551  0.6645  11.2208  2.104  2.05  4.2512  3.3253  5.2349  8.6387  1.802  3.6697  0.6229  1.2472  30.0053  10.2137  5.8109  1.7054  17.1724  1.9626  10.8556  4.5752  2.9235  7.758  3.723  6.6633  
trainID = 2031  3.4558  0.3565  4.7789  2.152  6.7006  1.1168  2.0115  0.5607  1.5803  0.2411  0.472  1.331  4.9041  0.1638  5.0084  0.6595  0.7372  3.2157  1.2143  3.4305  4.7659  1.8466  2.0068  0.043  15.1931  8.8968  2.8015  2.9009  8.6948  2.27  6.2219  3.12  0.9515  2.9072  2.6415  3.5334  
trainID = 2035  1.6792  1.8993  3.5359  1.7724  3.3874  0.5243  2.5249  1.5076  0.915  3.1038  0.7248  1.303  4.4747  5.3666  6.8434  2.208  2.8995  0.4825  3.0044  2.7701  2.2271  0.375  0.9591  0.5999  1.6768  16.1054  3.9078  7.5015  0.6764  5.2816  5.6218  6.1764  1.162  2.4387  0.4856  1.6877  3.1471  
trainID = 2037  4.4143  2.9094  4.5699  1.5811  7.3781  3.1387  32.7177  2.3451  0.7017  1.809  9.7953  3.1044  10.9101  3.4859  0.0688  7.0746  2.4693  2.1199  9.2037  35.5454  5.2551  0.9718  2.2809  15.2583  26.0478  11.468  0.7846  13.1411  2.7318  6.3532  5.47  0.7324  2.0567  2.7523  2.8403  
trainID = 2063  7.083  4.4828  2.4317  3.6812  5.7864  2.4907  34.5987  3.8902  3.9912  2.9672  13.9462  7.8965  6.3525  5.0683  2.4084  8.8489  1.3023  0.4488  8.8367  37.2232  5.5289  2.2069  4.7826  5.4103  20.5955  0.6983  1.2095  12.0416  4.5464  5.4737  7.5061  5.8348  0.3865  2.27  3.0622  
trainID = 2082  6.1862  8.1743  0.2581  2.2753  2.505  0.4252  2.213  0.6697  0.175  2.5473  1.6758  2.815  12.3514  16.5226  2.6262  4.5235  3.511  7.1616  3.4553  1.093  4.8938  34.6045  5.2212  5.2191  4.8173  1.4355  4.4978  2.5582  3.0713  5.7174  3.133  3.4428  2.97  5.3818  2.0727  3.0414  0.6195  
trainID = 2094  4.9621  3.9463  3.7079  1.3068  3.935  0.489  1.2334  1.3003  0.586  1.4785  2.7694  5.4875  8.2468  8.8377  5.5129  3.9368  0.8232  6.6505  1.4883  1.3965  3.3149  37.2655  4.7073  3.2947  3.9682  2.078  2.9492  6.0982  2.0158  6.0726  3.869  0.0735  3.7652  3.8769  0.4647  2.5574  1.8606  
trainID = 2098  2.5424  4.5482  4.1269  1.0171  5.0473  1.0178  1.029  1.1116  1.692  1.3305  0.4054  5.9512  7.0365  7.6297  5.4453  4.4931  0.2344  3.8337  3.2233  0.286  4.3966  35.8945  2.6888  6.2466  3.2062  2.851  5.4367  6.2639  4.9543  5.5343  0.9355  2.051  2.8691  3.418  0.2451  0.204  1.2168  
trainID = 2105  4.0183  2.5132  4.9129  2.4973  2.8339  1.088  0.661  1.709  1.944  0.6452  1.9296  3.614  9.2232  9.7607  4.1929  7.1073  0.3449  6.7182  2.0733  0.3945  5.8302  38.4165  6.7198  4.3401  2.0337  5.3618  5.3992  5.9925  2.1241  9.2894  3.6094  4.1225  6.5378  5.7279  1.0738  0.5785  2.5046  
trainID = 2173  5.345  2.1661  3.6109  2.6612  3.4652  2.9717  35.1477  1.4743  1.6546  3.5055  8.824  7.8405  9.5729  4.1643  1.1574  4.1074  0.7203  1.8637  10.6227  36.3133  4.0696  4.4267  2.9454  8.2387  10.5473  11.3307  0.3072  10.7531  4.7791  2.4798  5.1865  6.7311  2.2372  2.4217  3.3271  
trainID = 2207  2.7408  5.7018  1.8586  0.812  1.8334  0.0823  2.062  1.5729  1.444  0.4114  2.3212  1.542  7.4658  5.8457  3.1736  5.5587  0.8528  6.187  3.2573  1.5034  5.078  32.9976  3.953  4.7659  2.7142  3.3093  4.4274  7.7319  3.1612  7.9785  1.8  2.6326  5.5289  4.978  2.0115  1.5782  1.7671  
trainID = 2255  5.2467  4.2037  6.5689  3.7062  4.1601  6.0637  34.9437  3.7045  0.125  1.9227  13.0566  8.3971  8.4545  1.56  4.2047  8.324  0.0445  1.782  8.4444  34.5468  5.1668  2.4745  7.0332  10.8376  25.2659  4.053  0.572  13.5089  4.37  6.9801  6.0773  2.9738  3.1469  3.5286  2.4826  
trainID = 2268  4.3224  7.4082  2.6159  1.801  1.1869  1.3379  35.5077  0.885  2.4256  5.5533  12.8173  13.9603  3.0733  6.7984  3.1553  6.3852  3.0983  2.168  3.9052  36.9869  4.2714  6.7771  5.2337  0.9022  3.226  1.5226  2.9229  7.2628  0.5898  0.6158  5.0962  6.1804  0.7528  0.5507  0.3549  
trainID = 2372  4.3925  1.5734  3.8459  1.5022  5.2364  0.3901  0.45  0.6025  0.5126  1.3415  0.5935  2.5458  3.5867  2.1551  7.1313  0.9023  0.3278  3.8213  2.1183  1.2009  5.8012  36.3056  4.0526  1.9503  0.4417  5.9652  6.2658  6.2856  0.7023  4.4827  1.0954  3.8796  2.6173  0.0688  0.7758  0.6694  2.9478  
trainID = 2421  5.2919  3.285  2.0201  2.3345  3.7873  3.0587  1.005  1.1597  0.329  0.1051  0.003  2.3917  7.6479  7.1174  6.5721  4.1751  1.3594  5.7956  3.3483  1.4133  5.9305  35.267  4.5304  2.7081  3.3913  8.4667  7.0152  10.0748  2.364  8.589  1.5358  4.5056  6.2727  4.9973  2.5665  0.7177  0.3056  
trainID = 2440  5.263  2.5006  2.9119  0.5056  6.7691  0.4062  0.922  0.6848  3.932  1.4903  0.109  2.2927  7.1561  5.8747  4.1635  2.2232  1.6657  5.0251  1.8363  0.617  4.1535  35.2916  5.1313  2.392  1.8504  10.6439  13.8592  11.3249  0.5133  10.8384  2.7706  3.6263  6.7831  2.9186  2.2074  1.1677  1.6586  
trainID = 2453  4.3986  1.9344  3.0939  1.532  5.1688  1.8723  2.168  1.3893  1.86  4.2015  0.6896  0.446  8.0269  5.4232  9.6323  5.0118  0.1226  4.525  0.7009  3.2649  8.8347  4.0669  0.3616  1.2572  26.9826  16.3615  5.9803  2.3138  13.1013  1.0038  7.3055  4.847  1.0005  3.285  0.3995  3.9071  
trainID = 2504  7.7675  4.0186  6.0229  2.2994  7.287  2.1497  35.5477  4.1333  2.2037  2.1443  15.7498  6.2388  8.2301  7.5683  4.7053  8.4374  2.7413  0.2917  10.5457  37.5983  4.3015  4.4711  3.7626  9.3631  24.5273  1.7994  1.8811  13.6992  7.3166  5.8187  7.9409  4.7293  4.8371  0.1134  4.3008  
trainID = 2512  2.9991  0.9837  5.3009  3.0882  4.4362  1.6015  1.592  0.695  0.567  3.618  0.105  0.572  6.2145  2.503  7.4046  2.8494  0.4703  6.418  2.3423  2.6057  6.4796  33.7959  2.2772  2.172  2.6926  15.8005  13.09  13.8404  0.0077  13.1415  1.7827  3.4567  3.4738  1.8788  3.3992  3.9642  3.7521  
trainID = 2536  4.6279  0.688  5.0499  3.2202  4.4813  1.0213  1.692  0.2356  0.7513  1.1478  0.302  1.664  8.7543  1.9324  6.1422  3.3727  1.4381  2.9516  0.3059  0.077  3.2621  38.562  2.6709  2.1904  3.2582  10.1225  10.5819  9.9621  1.8796  8.527  0.6742  3.8034  3.4904  3.5481  2.7204  0.2965  0.5652  
trainID = 2560  6.8776  2.1972  3.5489  4.6292  4.8255  4.2527  34.0107  2.8606  0.241  2.3146  12.7654  8.1294  5.0838  5.5668  3.8448  6.6386  2.7663  1.5648  10.2747  38.967  4.4372  2.1656  3.7287  11.2702  17.7266  9.6729  0.734  12.3411  5.3013  2.6607  7.7864  1.9704  2.3962  0.5749  2.8716  
trainID = 2600  5.9147  2.4381  3.7829  4.6962  1.7624  1.8491  34.2417  1.5179  0.685  3.6183  11.6364  6.6854  7.7275  5.4185  1.1826  7.5364  2.1523  0.097  8.464  37.7864  6.3521  2.2481  0.8281  9.2245  11.5105  10.6328  1.6101  8.8952  4.1536  5.7891  5.7397  4.9027  4.4261  0.7162  1.5752  
trainID = 2608  7.1748  3.0738  3.7369  4.5762  4.5476  3.5637  35.7347  4.2961  0.068  3.4847  13.3051  7.3257  8.1073  5.2485  2.0472  7.4423  1.0323  1.1158  9.0027  38.5669  3.9669  2.1412  0.5641  14.2908  23.0194  5.7539  1.6932  11.9714  3.9498  5.5419  6.4253  3.6387  4.0036  2.5309  1.7118  
trainID = 2690  1.5004  1.7838  6.8649  1.2279  4.6051  1.4727  0.174  1.0307  0.2842  1.8418  2.07  3.1088  7.197  1.8016  8.8766  2.7234  3.73  3.9093  0.9553  3.5181  5.2628  0.523  0.531  1.6401  0.4907  15.0238  5.997  1.3803  2.0398  7.219  2.4388  5.7851  5.2095  1.9683  3.2645  1.7185  2.5629  
trainID = 2778  3.1979  1.095  3.1579  2.8298  5.5784  1.2773  0.162  2.6831  0.915  1.0578  0.9904  1.668  3.8458  1.6818  6.6518  1.7531  2.1824  2.3577  2.2763  2.8854  7.3937  0.0902  1.2508  0.0942  17.593  5.6411  0.1903  2.3059  8.6151  2.3872  3.6862  3.6938  0.2156  1.457  0.3647  2.9148  
trainID = 2779  5.6432  4.1201  2.8549  4.2502  2.218  2.2157  2.416  0.0672  2.258  2.7348  0.6563  2.028  11.1941  6.1827  6.5744  2.7122  4.3659  7.7116  3.2683  0.0921  5.9851  36.0713  3.0765  4.4753  3.1672  6.5348  9.1678  9.7634  0.9992  8.1284  3.6467  0.8023  6.0306  4.6614  2.5609  1.9294  0.9616  
trainID = 2784  5.4156  3.5739  4.8919  1.346  2.2073  3.4487  0.8912  0.7703  2.5892  12.9431  6.5242  6.6602  6.8351  2.7892  5.2743  2.1803  1.8237  6.9558  37.4916  2.927  3.7407  5.2858  10.6487  13.9297  9.5755  0.9501  10.5081  1.4369  5.9118  4.8228  2.2968  0.126  2.5827  2.9749  
trainID = 2787  9.1375  5.4425  5.3959  4.9712  3.898  2.0987  33.3007  1.1295  1.1815  5.1498  10.8377  9.7982  6.4663  6.9857  0.6451  6.1491  1.1903  2.4018  7.7306  38.5754  7.883  4.0286  7.1942  2.9977  7.8847  4.3509  0.6651  8.0812  4.9123  0.3222  7.0121  5.8908  1.1598  0.5449  1.8748  
trainID = 2813  2.7422  3.3828  3.3969  0.1902  2.9426  1.5709  0.582  0.2511  0.763  2.0346  0.946  2.9347  5.4714  6.7532  5.5311  1.408  2.5239  5.5859  3.0053  0.3541  4.9661  33.9055  1.4192  1.7932  2.2959  3.6781  5.4957  7.6159  0.6391  6.7471  2.8798  0.0478  6.2059  1.2517  0.7806  0.393  1.6559  
trainID = 2820  4.3059  1.2943  2.2046  0.7957  5.3446  1.9297  0.8717  2.5065  1.121  4.3421  1.145  1.005  5.0107  5.3482  7.1698  0.4057  2.9025  1.5185  2.0621  4.407  2.4609  1.644  1.6991  0.5097  1.3899  17.1782  4.7735  5.0896  2.1675  6.3267  3.6395  3.4237  5.4164  3.7485  3.0772  0.8424  2.4145  
trainID = 2833  5.5585  0.3432  3.2489  1.5797  3.3042  2.1827  0.5368  3.5708  0.202  0.1368  0.701  0.277  7.4127  2.8749  4.7371  3.0601  0.3355  4.9884  0.3083  2.868  3.5778  2.17  3.1644  0.7952  2.9299  8.492  9.4613  9.377  0.4028  8.8498  0.5873  2.7206  3.241  1.1929  0.9003  1.0505  2.4575  
trainID = 2836  5.0467  3.0936  5.4669  3.8682  4.2917  1.3346  0.933  1.1588  3.722  2.2599  0.012  1.539  5.233  4.8707  8.1002  1.485  1.6743  4.647  2.0983  1.7799  5.042  35.3232  3.3124  3.8724  1.2796  9.2934  10.4711  10.4955  0.0126  9.8665  1.1814  3.8898  4.4718  2.7459  3.6161  0.5995  2.2135  
trainID = 2846  6.1702  1.6602  5.5489  2.528  3.948  3.0377  0.6556  1.213  1.012  2.5548  0.091  0.421  9.1243  3.3374  8.5301  2.5698  1.1931  6.9381  0.2701  2.7829  5.8878  34.896  3.4873  0.7888  1.2634  17.4403  21.0703  20.1914  1.8587  13.4475  3.1431  6.8798  6.0679  1.7602  3.0987  1.9005  8.3497  
trainID = 2847  5.7087  1.7942  1.6476  2.3046  4.8688  1.1633  1.399  2.283  0.4744  2.9105  4.778  0.712  5.3673  2.3956  8.0142  0.6948  0.1736  2.8803  0.0374  5.3924  4.9376  1.022  0.4325  3.0826  2.2762  20.3461  5.2605  6.5116  2.026  10.1899  4.0139  7.8173  3.7541  1.2004  3.8569  2.2468  2.6083  
trainID = 2851  1.5654  1.0052  3.0919  1.0554  4.325  1.7667  0.104  3.5001  0.487  1.0109  0.7051  0.449  4.1572  3.1175  6.3702  1.0868  2.1633  0.7119  0.9965  5.9221  5.2832  2.5594  2.7451  0.038  18.2248  6.7462  4.4774  2.0623  8.6434  2.8155  3.7542  1.6828  1.0171  3.5795  1.5586  2.0497  
trainID = 2853  2.9371  0.2071  5.7809  2.698  6.354  1.447  1.011  0.8154  0.574  3.5188  2.215  2.342  5.4884  4.1372  6.6091  0.939  0.8049  2.5468  0.0002  5.6621  3.7706  0.771  2.2906  1.1186  1.1694  18.5409  8.241  5.8505  3.3505  10.406  3.2523  5.3981  2.4776  4.7235  2.8973  1.1484  3.5841  
trainID = 2857  5.248  4.01  4.0629  1.9412  6.2444  2.4317  1.652  1.5232  2.262  2.9157  0.319  0.087  10.017  7.3471  5.0365  3.7701  0.4308  4.9546  0.6118  0.3022  7.433  38.9572  4.7747  3.3056  3.4642  6.7414  8.7259  10.9463  0.1151  10.9382  2.1207  3.8338  6.3845  4.6807  1.2149  0.3212  1.9352  
trainID = 2907  0.658  7.364  2.0417  0.588  2.5041  2.573  2.8591  0.467  1.238  6.8963  2.3365  9.2926  2.0912  0.225  6.3544  0.2479  2.361  8.547  1.132  1.4921  3.4186  0.8262  28.7371  9.1358  8.211  3.0232  14.1289  0.6839  6.5351  2.7087  1.633  5.2907  1.5707  3.1465  
trainID = 2955  5.2541  5.8162  3.4069  4.0252  3.6684  3.3427  35.1927  1.6365  7.1253  2.0229  14.2056  7.5513  8.6553  5.0902  3.7496  7.2764  3.0633  0.4496  10.4367  36.8423  6.2257  4.3189  2.1987  8.8229  20.178  0.6819  0.4961  12.626  6.9252  4.6127  6.3993  5.689  1.2784  3.9609  3.2639  
trainID = 2963  4.0163  2.462  4.2119  0.9487  4.9091  0.7726  1.568  0.8868  2.081  0.2478  1.3313  0.378  4.7458  2.6077  6.53  3.6475  2.0149  5.1714  1.0643  3  4.067  3.1112  0.0433  0.2221  11.4679  8.5025  4.3769  0.8311  11.0282  0.9018  4.0879  3.3432  0.8257  2.2247  0.1796  3.7113  
trainID = 2971  2.6532  6.015  1.1931  0.319  2.506  0.718  5.4656  1.937  1.567  9.8372  0.4186  9.8679  1.4028  0.3278  5.7124  1.8773  2.2423  8.5053  1.17  0.4268  0.6002  0.1588  28.7966  10.7615  8.9874  3.2839  16.4775  0.8581  9.7129  4.9205  3.3852  4.3305  1.5239  5.4947  
TrainID = 358  dbValue = 1.31345  nTestCell = 37  nTrainCell = 37  nDiff = 0  (X,Y) = (1505, 1035)  Position Error = 36.1248
TrainID = 380  dbValue = 1.36318  nTestCell = 37  nTrainCell = 37  nDiff = 0  (X,Y) = (1505, 1035)  Position Error = 36.1248
TrainID = 650  dbValue = 1.36982  nTestCell = 37  nTrainCell = 37  nDiff = 0  (X,Y) = (1485, 1015)  Position Error = 8.06226
TrainID = 638  dbValue = 1.38797  nTestCell = 37  nTrainCell = 37  nDiff = 0  (X,Y) = (1505, 1045)  Position Error = 44.1022
TrainID = 727  dbValue = 1.51562  nTestCell = 37  nTrainCell = 37  nDiff = 0  (X,Y) = (1475, 1045)  Position Error = 37.4833
TrainID = 460  dbValue = 1.60878  nTestCell = 37  nTrainCell = 37  nDiff = 0  (X,Y) = (1465, 965)  Position Error = 45.8803
TrainID = 569  dbValue = 1.66178  nTestCell = 37  nTrainCell = 37  nDiff = 0  (X,Y) = (1485, 1045)  Position Error = 37.2156
TrainID = 813  dbValue = 1.78363  nTestCell = 37  nTrainCell = 36  nDiff = 1  (X,Y) = (1555, 1105)  Position Error = 122.004
TrainID = 1006  dbValue = 1.83101  nTestCell = 37  nTrainCell = 36  nDiff = 1  (X,Y) = (1575, 1045)  Position Error = 101.02
TrainID = 361  dbValue = 1.87365  nTestCell = 37  nTrainCell = 36  nDiff = 1  (X,Y) = (1495, 925)  Position Error = 84.1724
TrainID = 752  dbValue = 1.92034  nTestCell = 37  nTrainCell = 37  nDiff = 0  (X,Y) = (1495, 1085)  Position Error = 78.2624
TrainID = 447  dbValue = 1.92653  nTestCell = 37  nTrainCell = 36  nDiff = 1  (X,Y) = (1575, 995)  Position Error = 94.8947
TrainID = 688  dbValue = 2.01012  nTestCell = 37  nTrainCell = 37  nDiff = 0  (X,Y) = (1465, 955)  Position Error = 55.3624
TrainID = 771  dbValue = 2.02782  nTestCell = 37  nTrainCell = 36  nDiff = 1  (X,Y) = (1545, 1055)  Position Error = 79.404
TrainID = 831  dbValue = 2.10248  nTestCell = 37  nTrainCell = 37  nDiff = 0  (X,Y) = (1515, 945)  Position Error = 71.5891
TrainID = 575  dbValue = 2.25087  nTestCell = 37  nTrainCell = 37  nDiff = 0  (X,Y) = (1435, 905)  Position Error = 112.805
TrainID = 599  dbValue = 2.25418  nTestCell = 37  nTrainCell = 37  nDiff = 0  (X,Y) = (1585, 985)  Position Error = 106.513
TrainID = 387  dbValue = 2.30532  nTestCell = 37  nTrainCell = 36  nDiff = 1  (X,Y) = (1595, 1025)  Position Error = 115.261
TrainID = 625  dbValue = 2.32167  nTestCell = 37  nTrainCell = 36  nDiff = 1  (X,Y) = (1585, 965)  Position Error = 112.539
TrainID = 659  dbValue = 2.35487  nTestCell = 37  nTrainCell = 36  nDiff = 1  (X,Y) = (1585, 1085)  Position Error = 129.402
TrainID = 700  dbValue = 2.54924  nTestCell = 37  nTrainCell = 36  nDiff = 1  (X,Y) = (1585, 1105)  Position Error = 142.215
TrainID = 577  dbValue = 2.56439  nTestCell = 37  nTrainCell = 37  nDiff = 0  (X,Y) = (1415, 1055)  Position Error = 81.0247
TrainID = 656  dbValue = 2.56483  nTestCell = 37  nTrainCell = 37  nDiff = 0  (X,Y) = (1445, 985)  Position Error = 42.72
TrainID = 939  dbValue = 2.60775  nTestCell = 37  nTrainCell = 37  nDiff = 0  (X,Y) = (1635, 1095)  Position Error = 176.876
TrainID = 626  dbValue = 2.68299  nTestCell = 37  nTrainCell = 36  nDiff = 1  (X,Y) = (1605, 925)  Position Error = 149.215
TrainID = 440  dbValue = 2.68988  nTestCell = 37  nTrainCell = 37  nDiff = 0  (X,Y) = (1425, 875)  Position Error = 144.309
TrainID = 973  dbValue = 2.74918  nTestCell = 37  nTrainCell = 37  nDiff = 0  (X,Y) = (1375, 1025)  Position Error = 107.355
TrainID = 720  dbValue = 2.7674  nTestCell = 37  nTrainCell = 37  nDiff = 0  (X,Y) = (1425, 965)  Position Error = 70.6045
TrainID = 878  dbValue = 2.76859  nTestCell = 37  nTrainCell = 36  nDiff = 1  (X,Y) = (1625, 955)  Position Error = 153.444
TrainID = 545  dbValue = 2.79232  nTestCell = 37  nTrainCell = 37  nDiff = 0  (X,Y) = (1505, 1175)  Position Error = 168.716
TrainID = 1561  dbValue = 2.82805  nTestCell = 37  nTrainCell = 36  nDiff = 1  (X,Y) = (1545, 1175)  Position Error = 178.844
TrainID = 503  dbValue = 2.89446  nTestCell = 37  nTrainCell = 37  nDiff = 0  (X,Y) = (1385, 985)  Position Error = 98.7168
TrainID = 2778  dbValue = 2.94835  nTestCell = 37  nTrainCell = 36  nDiff = 1  (X,Y) = (1595, 1175)  Position Error = 202.2
TrainID = 2833  dbValue = 2.96208  nTestCell = 37  nTrainCell = 37  nDiff = 0  (X,Y) = (1515, 1185)  Position Error = 180.236
TrainID = 649  dbValue = 2.97124  nTestCell = 37  nTrainCell = 37  nDiff = 0  (X,Y) = (1455, 1115)  Position Error = 110.114
TrainID = 2035  dbValue = 2.99883  nTestCell = 37  nTrainCell = 37  nDiff = 0  (X,Y) = (1645, 1125)  Position Error = 201.457
TrainID = 2851  dbValue = 3.07857  nTestCell = 37  nTrainCell = 36  nDiff = 1  (X,Y) = (1605, 1185)  Position Error = 216.113
TrainID = 1888  dbValue = 3.08555  nTestCell = 37  nTrainCell = 37  nDiff = 0  (X,Y) = (1515, 1195)  Position Error = 190.066
TrainID = 2963  dbValue = 3.09776  nTestCell = 37  nTrainCell = 36  nDiff = 1  (X,Y) = (1525, 1175)  Position Error = 172.699
TrainID = 1172  dbValue = 3.12163  nTestCell = 37  nTrainCell = 36  nDiff = 1  (X,Y) = (1435, 885)  Position Error = 131.32
TrainID = 2031  dbValue = 3.13571  nTestCell = 37  nTrainCell = 36  nDiff = 1  (X,Y) = (1565, 1185)  Position Error = 195.921
TrainID = 835  dbValue = 3.14325  nTestCell = 37  nTrainCell = 36  nDiff = 1  (X,Y) = (1595, 875)  Position Error = 175.171
TrainID = 837  dbValue = 3.15284  nTestCell = 37  nTrainCell = 37  nDiff = 0  (X,Y) = (1415, 1075)  Position Error = 94.0479
TrainID = 385  dbValue = 3.15928  nTestCell = 37  nTrainCell = 37  nDiff = 0  (X,Y) = (1455, 1105)  Position Error = 100.424
TrainID = 990  dbValue = 3.16247  nTestCell = 37  nTrainCell = 37  nDiff = 0  (X,Y) = (1425, 1105)  Position Error = 112.004
TrainID = 395  dbValue = 3.18895  nTestCell = 37  nTrainCell = 37  nDiff = 0  (X,Y) = (1615, 915)  Position Error = 163.11
TrainID = 657  dbValue = 3.2135  nTestCell = 37  nTrainCell = 36  nDiff = 1  (X,Y) = (1665, 1085)  Position Error = 199.462
TrainID = 376  dbValue = 3.2242  nTestCell = 37  nTrainCell = 37  nDiff = 0  (X,Y) = (1355, 1055)  Position Error = 134.48
TrainID = 2820  dbValue = 3.28356  nTestCell = 37  nTrainCell = 37  nDiff = 0  (X,Y) = (1635, 1145)  Position Error = 206.119
TrainID = 679  dbValue = 3.28649  nTestCell = 37  nTrainCell = 37  nDiff = 0  (X,Y) = (1395, 1095)  Position Error = 122.332
TrainID = 2690  dbValue = 3.29002  nTestCell = 37  nTrainCell = 37  nDiff = 0  (X,Y) = (1585, 1165)  Position Error = 188.322
TrainID = 594  dbValue = 3.33384  nTestCell = 37  nTrainCell = 37  nDiff = 0  (X,Y) = (1375, 1065)  Position Error = 120.354
TrainID = 324  dbValue = 3.33941  nTestCell = 37  nTrainCell = 37  nDiff = 0  (X,Y) = (1375, 1065)  Position Error = 120.354
TrainID = 972  dbValue = 3.38742  nTestCell = 37  nTrainCell = 37  nDiff = 0  (X,Y) = (1615, 1185)  Position Error = 222.002
TrainID = 1640  dbValue = 3.41888  nTestCell = 37  nTrainCell = 37  nDiff = 0  (X,Y) = (1475, 1125)  Position Error = 117.154
TrainID = 1055  dbValue = 3.42331  nTestCell = 37  nTrainCell = 37  nDiff = 0  (X,Y) = (1375, 1095)  Position Error = 137.131
TrainID = 1255  dbValue = 3.45159  nTestCell = 37  nTrainCell = 37  nDiff = 0  (X,Y) = (1515, 1215)  Position Error = 209.774
TrainID = 637  dbValue = 3.4732  nTestCell = 37  nTrainCell = 37  nDiff = 0  (X,Y) = (1385, 945)  Position Error = 114.826
TrainID = 2372  dbValue = 3.47398  nTestCell = 37  nTrainCell = 37  nDiff = 0  (X,Y) = (1485, 1135)  Position Error = 127.063
TrainID = 565  dbValue = 3.47536  nTestCell = 37  nTrainCell = 36  nDiff = 1  (X,Y) = (1665, 1145)  Position Error = 229.401
TrainID = 340  dbValue = 3.5134  nTestCell = 37  nTrainCell = 37  nDiff = 0  (X,Y) = (1545, 1215)  Position Error = 216.668
TrainID = 874  dbValue = 3.52807  nTestCell = 37  nTrainCell = 37  nDiff = 0  (X,Y) = (1445, 1125)  Position Error = 122.413
TrainID = 1010  dbValue = 3.55875  nTestCell = 37  nTrainCell = 37  nDiff = 0  (X,Y) = (1565, 1225)  Position Error = 232.691
TrainID = 834  dbValue = 3.57046  nTestCell = 37  nTrainCell = 37  nDiff = 0  (X,Y) = (1575, 1255)  Position Error = 264.282
TrainID = 472  dbValue = 3.575  nTestCell = 37  nTrainCell = 37  nDiff = 0  (X,Y) = (1525, 1215)  Position Error = 211.625
TrainID = 1775  dbValue = 3.61181  nTestCell = 37  nTrainCell = 37  nDiff = 0  (X,Y) = (1485, 1155)  Position Error = 147.054
TrainID = 2813  dbValue = 3.62542  nTestCell = 37  nTrainCell = 37  nDiff = 0  (X,Y) = (1445, 1135)  Position Error = 132.004
TrainID = 1038  dbValue = 3.62734  nTestCell = 37  nTrainCell = 37  nDiff = 0  (X,Y) = (1465, 1145)  Position Error = 137.931
TrainID = 2853  dbValue = 3.65077  nTestCell = 37  nTrainCell = 37  nDiff = 0  (X,Y) = (1615, 1195)  Position Error = 230.054
TrainID = 1660  dbValue = 3.66221  nTestCell = 37  nTrainCell = 36  nDiff = 1  (X,Y) = (1515, 1205)  Position Error = 199.912
TrainID = 578  dbValue = 3.67778  nTestCell = 37  nTrainCell = 37  nDiff = 0  (X,Y) = (1345, 1075)  Position Error = 151.608
TrainID = 2847  dbValue = 3.69142  nTestCell = 37  nTrainCell = 37  nDiff = 0  (X,Y) = (1625, 1175)  Position Error = 220.511
TrainID = 1826  dbValue = 3.70189  nTestCell = 37  nTrainCell = 36  nDiff = 1  (X,Y) = (1655, 1165)  Position Error = 234.361
TrainID = 863  dbValue = 3.73118  nTestCell = 37  nTrainCell = 37  nDiff = 0  (X,Y) = (1325, 1095)  Position Error = 178.62
TrainID = 567  dbValue = 3.7564  nTestCell = 37  nTrainCell = 37  nDiff = 0  (X,Y) = (1425, 1135)  Position Error = 138.798
TrainID = 674  dbValue = 3.76813  nTestCell = 37  nTrainCell = 36  nDiff = 1  (X,Y) = (1695, 1075)  Position Error = 224.243
TrainID = 766  dbValue = 3.78398  nTestCell = 37  nTrainCell = 37  nDiff = 0  (X,Y) = (1345, 1085)  Position Error = 156.285
TrainID = 1825  dbValue = 3.81466  nTestCell = 37  nTrainCell = 36  nDiff = 1  (X,Y) = (1635, 1205)  Position Error = 250.05
TrainID = 905  dbValue = 3.82504  nTestCell = 37  nTrainCell = 37  nDiff = 0  (X,Y) = (1315, 965)  Position Error = 171.479
TrainID = 959  dbValue = 3.85873  nTestCell = 37  nTrainCell = 36  nDiff = 1  (X,Y) = (1665, 915)  Position Error = 206.167
TrainID = 1290  dbValue = 3.89662  nTestCell = 37  nTrainCell = 37  nDiff = 0  (X,Y) = (1465, 1155)  Position Error = 147.868
TrainID = 1733  dbValue = 3.90072  nTestCell = 37  nTrainCell = 37  nDiff = 0  (X,Y) = (1395, 1125)  Position Error = 145.207
TrainID = 1494  dbValue = 3.917  nTestCell = 37  nTrainCell = 37  nDiff = 0  (X,Y) = (1575, 1245)  Position Error = 254.961
TrainID = 519  dbValue = 3.9226  nTestCell = 37  nTrainCell = 37  nDiff = 0  (X,Y) = (1455, 1175)  Position Error = 169.012
TrainID = 898  dbValue = 3.94913  nTestCell = 37  nTrainCell = 37  nDiff = 0  (X,Y) = (1355, 915)  Position Error = 156.605
TrainID = 1102  dbValue = 3.97892  nTestCell = 37  nTrainCell = 37  nDiff = 0  (X,Y) = (1415, 1165)  Position Error = 170.309
TrainID = 1725  dbValue = 4.00829  nTestCell = 37  nTrainCell = 37  nDiff = 0  (X,Y) = (1365, 1145)  Position Error = 179.513
TrainID = 1595  dbValue = 4.04411  nTestCell = 37  nTrainCell = 36  nDiff = 1  (X,Y) = (1665, 1165)  Position Error = 241.878
TrainID = 617  dbValue = 4.04549  nTestCell = 37  nTrainCell = 36  nDiff = 1  (X,Y) = (1705, 965)  Position Error = 228.09
TrainID = 1647  dbValue = 4.06162  nTestCell = 37  nTrainCell = 34  nDiff = 3  (X,Y) = (1625, 1235)  Position Error = 268.822
TrainID = 2098  dbValue = 4.06524  nTestCell = 37  nTrainCell = 37  nDiff = 0  (X,Y) = (1405, 1165)  Position Error = 174.428
TrainID = 1166  dbValue = 4.08397  nTestCell = 37  nTrainCell = 36  nDiff = 1  (X,Y) = (1695, 945)  Position Error = 223.081
TrainID = 964  dbValue = 4.08399  nTestCell = 37  nTrainCell = 36  nDiff = 1  (X,Y) = (1685, 905)  Position Error = 228.528
TrainID = 2207  dbValue = 4.12541  nTestCell = 37  nTrainCell = 37  nDiff = 0  (X,Y) = (1395, 1155)  Position Error = 170.309
TrainID = 639  dbValue = 4.13589  nTestCell = 37  nTrainCell = 36  nDiff = 1  (X,Y) = (1715, 1145)  Position Error = 271.155
TrainID = 1837  dbValue = 4.15151  nTestCell = 37  nTrainCell = 37  nDiff = 0  (X,Y) = (1435, 1185)  Position Error = 182.88
TrainID = 1283  dbValue = 4.1915  nTestCell = 37  nTrainCell = 36  nDiff = 1  (X,Y) = (1635, 1205)  Position Error = 250.05
TrainID = 1249  dbValue = 4.21146  nTestCell = 37  nTrainCell = 37  nDiff = 0  (X,Y) = (1565, 1255)  Position Error = 260.893
TrainID = 2536  dbValue = 4.21542  nTestCell = 37  nTrainCell = 37  nDiff = 0  (X,Y) = (1485, 1215)  Position Error = 207.039
TrainID = 894  dbValue = 4.21604  nTestCell = 37  nTrainCell = 37  nDiff = 0  (X,Y) = (1355, 905)  Position Error = 162.742
TrainID = 2094  dbValue = 4.22504  nTestCell = 37  nTrainCell = 37  nDiff = 0  (X,Y) = (1405, 1155)  Position Error = 165.484
TrainID = 742  dbValue = 4.25846  nTestCell = 37  nTrainCell = 37  nDiff = 0  (X,Y) = (1735, 985)  Position Error = 255.039
TrainID = 1389  dbValue = 4.29132  nTestCell = 37  nTrainCell = 36  nDiff = 1  (X,Y) = (1665, 1195)  Position Error = 262.345
TrainID = 1799  dbValue = 4.32202  nTestCell = 37  nTrainCell = 34  nDiff = 3  (X,Y) = (1635, 1225)  Position Error = 266.092
TrainID = 1769  dbValue = 4.32643  nTestCell = 37  nTrainCell = 37  nDiff = 0  (X,Y) = (1535, 1275)  Position Error = 272.406
TrainID = 330  dbValue = 4.34263  nTestCell = 37  nTrainCell = 36  nDiff = 1  (X,Y) = (1725, 1035)  Position Error = 245.489
TrainID = 1580  dbValue = 4.39211  nTestCell = 37  nTrainCell = 37  nDiff = 0  (X,Y) = (1555, 1265)  Position Error = 267.442
TrainID = 1227  dbValue = 4.40284  nTestCell = 37  nTrainCell = 34  nDiff = 3  (X,Y) = (1665, 1245)  Position Error = 300.042
TrainID = 392  dbValue = 4.40634  nTestCell = 37  nTrainCell = 37  nDiff = 0  (X,Y) = (1295, 1065)  Position Error = 194.538
TrainID = 2907  dbValue = 4.42113  nTestCell = 37  nTrainCell = 34  nDiff = 3  (X,Y) = (1615, 1275)  Position Error = 298.739
TrainID = 1558  dbValue = 4.42199  nTestCell = 37  nTrainCell = 37  nDiff = 0  (X,Y) = (1555, 1265)  Position Error = 267.442
TrainID = 879  dbValue = 4.42738  nTestCell = 37  nTrainCell = 37  nDiff = 0  (X,Y) = (1425, 1185)  Position Error = 185.648
TrainID = 1587  dbValue = 4.43367  nTestCell = 37  nTrainCell = 34  nDiff = 3  (X,Y) = (1645, 1255)  Position Error = 296.488
TrainID = 1850  dbValue = 4.43585  nTestCell = 37  nTrainCell = 37  nDiff = 0  (X,Y) = (1535, 1245)  Position Error = 243.074
TrainID = 812  dbValue = 4.43917  nTestCell = 37  nTrainCell = 34  nDiff = 3  (X,Y) = (1645, 1245)  Position Error = 288.21
TrainID = 1838  dbValue = 4.44509  nTestCell = 37  nTrainCell = 37  nDiff = 0  (X,Y) = (1555, 1275)  Position Error = 277.065
TrainID = 1007  dbValue = 4.46631  nTestCell = 37  nTrainCell = 37  nDiff = 0  (X,Y) = (1345, 915)  Position Error = 164.757
TrainID = 540  dbValue = 4.47494  nTestCell = 37  nTrainCell = 37  nDiff = 0  (X,Y) = (1295, 1075)  Position Error = 197.699
TrainID = 1387  dbValue = 4.54113  nTestCell = 37  nTrainCell = 36  nDiff = 1  (X,Y) = (1545, 1255)  Position Error = 255.157
TrainID = 1920  dbValue = 4.55151  nTestCell = 37  nTrainCell = 37  nDiff = 0  (X,Y) = (1475, 1205)  Position Error = 197.091
TrainID = 737  dbValue = 4.57136  nTestCell = 37  nTrainCell = 37  nDiff = 0  (X,Y) = (1315, 945)  Position Error = 177.553
TrainID = 366  dbValue = 4.60098  nTestCell = 37  nTrainCell = 36  nDiff = 1  (X,Y) = (1715, 925)  Position Error = 248.284
TrainID = 2836  dbValue = 4.60274  nTestCell = 37  nTrainCell = 37  nDiff = 0  (X,Y) = (1465, 1205)  Position Error = 197.649
TrainID = 1319  dbValue = 4.6061  nTestCell = 37  nTrainCell = 34  nDiff = 3  (X,Y) = (1605, 1285)  Position Error = 303.488
TrainID = 533  dbValue = 4.60951  nTestCell = 37  nTrainCell = 37  nDiff = 0  (X,Y) = (1345, 875)  Position Error = 190.224
TrainID = 1856  dbValue = 4.61084  nTestCell = 37  nTrainCell = 37  nDiff = 0  (X,Y) = (1495, 1225)  Position Error = 217.451
TrainID = 2453  dbValue = 4.62418  nTestCell = 37  nTrainCell = 36  nDiff = 1  (X,Y) = (1535, 1265)  Position Error = 262.612
TrainID = 2421  dbValue = 4.63347  nTestCell = 37  nTrainCell = 37  nDiff = 0  (X,Y) = (1435, 1215)  Position Error = 212.05
TrainID = 1937  dbValue = 4.63599  nTestCell = 37  nTrainCell = 37  nDiff = 0  (X,Y) = (1365, 1185)  Position Error = 211.625
TrainID = 2440  dbValue = 4.68864  nTestCell = 37  nTrainCell = 37  nDiff = 0  (X,Y) = (1455, 1225)  Position Error = 218.552
TrainID = 2082  dbValue = 4.69897  nTestCell = 37  nTrainCell = 37  nDiff = 0  (X,Y) = (1295, 1135)  Position Error = 225.222
TrainID = 513  dbValue = 4.70697  nTestCell = 37  nTrainCell = 37  nDiff = 0  (X,Y) = (1525, 1265)  Position Error = 260.739
TrainID = 1196  dbValue = 4.71342  nTestCell = 37  nTrainCell = 37  nDiff = 0  (X,Y) = (1435, 1225)  Position Error = 221.822
TrainID = 1927  dbValue = 4.72047  nTestCell = 37  nTrainCell = 37  nDiff = 0  (X,Y) = (1525, 1275)  Position Error = 270.601
TrainID = 1971  dbValue = 4.72577  nTestCell = 37  nTrainCell = 34  nDiff = 3  (X,Y) = (1595, 1285)  Position Error = 299.541
TrainID = 1703  dbValue = 4.73011  nTestCell = 37  nTrainCell = 37  nDiff = 0  (X,Y) = (1435, 1225)  Position Error = 221.822
TrainID = 950  dbValue = 4.76438  nTestCell = 37  nTrainCell = 36  nDiff = 1  (X,Y) = (1725, 925)  Position Error = 257.73
TrainID = 648  dbValue = 4.78429  nTestCell = 37  nTrainCell = 34  nDiff = 3  (X,Y) = (1255, 1035)  Position Error = 227.607
TrainID = 2105  dbValue = 4.80657  nTestCell = 37  nTrainCell = 37  nDiff = 0  (X,Y) = (1365, 1205)  Position Error = 228.615
TrainID = 2971  dbValue = 4.80747  nTestCell = 37  nTrainCell = 34  nDiff = 3  (X,Y) = (1615, 1285)  Position Error = 307.709
TrainID = 2857  dbValue = 4.89351  nTestCell = 37  nTrainCell = 37  nDiff = 0  (X,Y) = (1425, 1205)  Position Error = 204.805
TrainID = 2512  dbValue = 4.90193  nTestCell = 37  nTrainCell = 37  nDiff = 0  (X,Y) = (1505, 1245)  Position Error = 238.212
TrainID = 2779  dbValue = 4.9061  nTestCell = 37  nTrainCell = 37  nDiff = 0  (X,Y) = (1405, 1225)  Position Error = 229.924
TrainID = 1080  dbValue = 4.91941  nTestCell = 37  nTrainCell = 34  nDiff = 3  (X,Y) = (1565, 1275)  Position Error = 279.902
TrainID = 525  dbValue = 5.00312  nTestCell = 37  nTrainCell = 37  nDiff = 0  (X,Y) = (1315, 895)  Position Error = 200.811
TrainID = 888  dbValue = 5.03907  nTestCell = 37  nTrainCell = 34  nDiff = 3  (X,Y) = (1675, 1275)  Position Error = 330.038
TrainID = 610  dbValue = 5.07435  nTestCell = 37  nTrainCell = 34  nDiff = 3  (X,Y) = (1235, 1005)  Position Error = 246.018
TrainID = 900  dbValue = 5.10439  nTestCell = 37  nTrainCell = 37  nDiff = 0  (X,Y) = (1425, 1235)  Position Error = 233.805
TrainID = 1058  dbValue = 5.16778  nTestCell = 37  nTrainCell = 37  nDiff = 0  (X,Y) = (1465, 1255)  Position Error = 247.518
TrainID = 1122  dbValue = 5.20317  nTestCell = 37  nTrainCell = 34  nDiff = 3  (X,Y) = (1615, 1305)  Position Error = 325.83
TrainID = 444  dbValue = 5.21491  nTestCell = 37  nTrainCell = 37  nDiff = 0  (X,Y) = (1465, 1235)  Position Error = 227.563
TrainID = 536  dbValue = 5.29806  nTestCell = 37  nTrainCell = 37  nDiff = 0  (X,Y) = (1415, 1235)  Position Error = 236.4
TrainID = 1068  dbValue = 5.30045  nTestCell = 37  nTrainCell = 37  nDiff = 0  (X,Y) = (1265, 925)  Position Error = 231.398
TrainID = 348  dbValue = 5.33238  nTestCell = 37  nTrainCell = 34  nDiff = 3  (X,Y) = (1745, 1105)  Position Error = 281.256
TrainID = 1221  dbValue = 5.37359  nTestCell = 37  nTrainCell = 34  nDiff = 3  (X,Y) = (1585, 1325)  Position Error = 333.624
TrainID = 783  dbValue = 5.38745  nTestCell = 37  nTrainCell = 34  nDiff = 3  (X,Y) = (1225, 1055)  Position Error = 260.279
TrainID = 1124  dbValue = 5.42304  nTestCell = 37  nTrainCell = 37  nDiff = 0  (X,Y) = (1485, 1265)  Position Error = 257.031
TrainID = 2013  dbValue = 5.48128  nTestCell = 37  nTrainCell = 34  nDiff = 3  (X,Y) = (1605, 1325)  Position Error = 340.389
TrainID = 1952  dbValue = 5.49643  nTestCell = 37  nTrainCell = 34  nDiff = 3  (X,Y) = (1545, 1315)  Position Error = 313.6
TrainID = 1777  dbValue = 5.5324  nTestCell = 37  nTrainCell = 37  nDiff = 0  (X,Y) = (1465, 1285)  Position Error = 277.462
TrainID = 1180  dbValue = 5.57041  nTestCell = 37  nTrainCell = 34  nDiff = 3  (X,Y) = (1625, 1355)  Position Error = 375.693
TrainID = 2784  dbValue = 5.65674  nTestCell = 37  nTrainCell = 34  nDiff = 3  (X,Y) = (1425, 1265)  Position Error = 263.03
TrainID = 1074  dbValue = 5.66421  nTestCell = 37  nTrainCell = 34  nDiff = 3  (X,Y) = (1185, 1005)  Position Error = 296.015
TrainID = 2268  dbValue = 5.76147  nTestCell = 37  nTrainCell = 35  nDiff = 2  (X,Y) = (1315, 1175)  Position Error = 235.468
TrainID = 2846  dbValue = 5.81399  nTestCell = 37  nTrainCell = 37  nDiff = 0  (X,Y) = (1505, 1285)  Position Error = 278.038
TrainID = 715  dbValue = 5.96725  nTestCell = 37  nTrainCell = 34  nDiff = 3  (X,Y) = (1795, 1055)  Position Error = 317.498
TrainID = 1015  dbValue = 5.98499  nTestCell = 37  nTrainCell = 34  nDiff = 3  (X,Y) = (1195, 955)  Position Error = 290.869
TrainID = 515  dbValue = 6.00694  nTestCell = 37  nTrainCell = 34  nDiff = 3  (X,Y) = (1175, 955)  Position Error = 310.556
TrainID = 663  dbValue = 6.1279  nTestCell = 37  nTrainCell = 35  nDiff = 2  (X,Y) = (1375, 1225)  Position Error = 241.506
TrainID = 1195  dbValue = 6.1303  nTestCell = 37  nTrainCell = 34  nDiff = 3  (X,Y) = (1185, 935)  Position Error = 304.869
TrainID = 402  dbValue = 6.26493  nTestCell = 37  nTrainCell = 34  nDiff = 3  (X,Y) = (1775, 1015)  Position Error = 294.083
TrainID = 2173  dbValue = 6.48485  nTestCell = 37  nTrainCell = 35  nDiff = 2  (X,Y) = (1425, 1255)  Position Error = 253.269
TrainID = 2787  dbValue = 6.49394  nTestCell = 37  nTrainCell = 35  nDiff = 2  (X,Y) = (1365, 1245)  Position Error = 263.865
TrainID = 2600  dbValue = 6.50848  nTestCell = 37  nTrainCell = 35  nDiff = 2  (X,Y) = (1425, 1265)  Position Error = 263.03
TrainID = 336  dbValue = 6.55485  nTestCell = 37  nTrainCell = 35  nDiff = 2  (X,Y) = (1395, 1265)  Position Error = 271.007
TrainID = 882  dbValue = 6.64742  nTestCell = 37  nTrainCell = 34  nDiff = 3  (X,Y) = (1245, 885)  Position Error = 266.13
TrainID = 787  dbValue = 6.70704  nTestCell = 37  nTrainCell = 34  nDiff = 3  (X,Y) = (1765, 915)  Position Error = 298.839
TrainID = 1217  dbValue = 6.71755  nTestCell = 37  nTrainCell = 34  nDiff = 3  (X,Y) = (1485, 1305)  Position Error = 297.027
TrainID = 1576  dbValue = 6.76892  nTestCell = 37  nTrainCell = 35  nDiff = 2  (X,Y) = (1405, 1285)  Position Error = 287.237
TrainID = 589  dbValue = 6.79056  nTestCell = 37  nTrainCell = 34  nDiff = 3  (X,Y) = (1805, 965)  Position Error = 326.841
TrainID = 1794  dbValue = 6.90019  nTestCell = 37  nTrainCell = 35  nDiff = 2  (X,Y) = (1425, 1295)  Position Error = 292.412
TrainID = 1524  dbValue = 6.90199  nTestCell = 37  nTrainCell = 35  nDiff = 2  (X,Y) = (1425, 1295)  Position Error = 292.412
TrainID = 2037  dbValue = 6.95676  nTestCell = 37  nTrainCell = 35  nDiff = 2  (X,Y) = (1465, 1305)  Position Error = 297.431
TrainID = 2063  dbValue = 7.00823  nTestCell = 37  nTrainCell = 35  nDiff = 2  (X,Y) = (1375, 1315)  Position Error = 324.785
TrainID = 2560  dbValue = 7.05707  nTestCell = 37  nTrainCell = 35  nDiff = 2  (X,Y) = (1425, 1285)  Position Error = 282.604
TrainID = 918  dbValue = 7.13161  nTestCell = 37  nTrainCell = 35  nDiff = 2  (X,Y) = (1435, 1335)  Position Error = 330.22
TrainID = 522  dbValue = 7.13918  nTestCell = 37  nTrainCell = 34  nDiff = 3  (X,Y) = (1795, 915)  Position Error = 327.483
TrainID = 1966  dbValue = 7.17005  nTestCell = 37  nTrainCell = 35  nDiff = 2  (X,Y) = (1395, 1315)  Position Error = 318.818
TrainID = 2608  dbValue = 7.27581  nTestCell = 37  nTrainCell = 35  nDiff = 2  (X,Y) = (1435, 1305)  Position Error = 300.541
TrainID = 2955  dbValue = 7.32825  nTestCell = 37  nTrainCell = 35  nDiff = 2  (X,Y) = (1385, 1305)  Position Error = 312.13
TrainID = 1778  dbValue = 7.36349  nTestCell = 37  nTrainCell = 35  nDiff = 2  (X,Y) = (1395, 1305)  Position Error = 309.201
TrainID = 2255  dbValue = 7.36946  nTestCell = 37  nTrainCell = 35  nDiff = 2  (X,Y) = (1425, 1315)  Position Error = 312.066
TrainID = 899  dbValue = 7.46288  nTestCell = 37  nTrainCell = 35  nDiff = 2  (X,Y) = (1405, 1325)  Position Error = 325.983
TrainID = 2504  dbValue = 7.84408  nTestCell = 37  nTrainCell = 35  nDiff = 2  (X,Y) = (1395, 1335)  Position Error = 338.12
TrainID = 1879  dbValue = 7.93701  nTestCell = 37  nTrainCell = 35  nDiff = 2  (X,Y) = (1445, 1315)  Position Error = 309.104
