trainID = 334  0.287  0.5578  1.832  0.088  0.6018  3.9016  3.1066  4.4758  4.8268  2.1074  4.1657  0.0692  1.5154  0.152  1.9101  0.7795  1.1047  2.8065  1.5779  2.9988  2.7449  0.5954  12.9457  25.8658  1.8547  2.5233  8.0634  2.2918  0.8264  1.1048  5.1245  4.5999  0.0613  1.129  0.7768  2.5274  2.0008  0.1581  0.594  1.7647  2.8231  2.248  0.2279  33.6792  
trainID = 336  1.5008  1.2637  1.659  1.658  1.0214  3.4866  1.056  2.4211  1.1867  0.9834  3.7961  1.4566  0.1309  4.2064  2.7948  4.385  1.438  2.6456  0.0247  1.1647  0.7835  0.501  0.5328  1.6535  2.6124  4.8154  1.579  5.0877  3.5245  1.0646  0.4694  1.7399  1.6757  2.0984  2.0498  0.7178  2.4852  1.6938  0.4079  1.7059  0.0482  0.895  1.4884  1.756  0.7368  3.0057  
trainID = 354  1.5352  3.1962  0.954  1.593  2.3388  0.408  2.428  1.1726  1.3059  0.3284  2.4614  0.2913  2.3075  1.5447  2.7193  0.5903  2.4063  0.9447  3.8917  0.9386  1.434  1.5885  3.9853  4.8479  10.1682  2.3274  2.9181  1.9087  3.7454  1.6392  0.9588  0.8378  2.4956  3.179  1.1222  1.4982  0.742  1.69  0.716  2.8254  3.786  1.3133  0.1615  1.625  
trainID = 444  2.0938  2.2632  0.264  0.059  0.1501  3.5028  31.9225  4.2671  3.8616  1.7906  5.4421  1.62  0.6253  4.2665  0.6666  2.6063  1.6336  2.3967  0.8238  1.2478  2.1405  0.928  3.9132  0.1277  2.4252  6.1201  2.704  14.4686  3.9413  2.368  4.1961  2.2748  0.448  3.2044  0.1965  0.8596  2.1612  0.8189  2.2301  0.9705  2.7572  2.012  1.0367  0.971  
trainID = 663  2.3431  0.4386  0.859  1.9278  1.032  3.6358  0.885  1.786  3.3429  0.7057  3.4382  0.789  0.692  2.6296  1.1451  0.2269  2.961  0.9906  2.3207  2.3793  1.2595  0.136  0.7493  1.1863  0.27  1.7455  9.1149  5.4481  4.6359  0.7861  1.6545  2.6524  1.7292  0.5421  2.8746  1.5333  2.5403  1.7807  2.6904  1.9354  0.85  2.603  1.1515  1.61  
trainID = 755  3.6201  0.5244  1.032  1.184  0.3449  2.733  1.803  1.0673  1.3413  1.8923  2.2228  4.4712  2.3507  0.6411  1.042  2.8943  0.9715  0.6609  3.7128  5.6199  5.7825  4.2477  4.8573  2.9686  5.1629  3.2006  2.8136  0.9429  0.0729  2.4656  1.3231  6.1866  1.0766  6.3259  2.201  1.4936  0.0881  1.0185  2.433  4.9518  2.9451  0.772  1.0387  1.917  
trainID = 767  1.7055  0.2223  1.69  0.009  0.7841  2.225  2.37  1.0252  1.8743  0.6096  0.4783  2.1171  1.094  1.6907  1.7384  0.0162  1.8995  0.3134  1.071  1.5325  0.8792  3.3599  1.1034  2.4889  0.2849  3.111  1.53  1.2932  1.4129  1.187  2.8434  5.3812  1.235  3.3777  4.8365  0.8968  0.4596  1.0345  1.711  3.1357  2.267  0.676  0.7696  2.342  
trainID = 879  2.2144  1.7451  0.113  2.1332  0.2468  1.216  34.318  1.0562  2.2367  0.6312  9.0502  0.428  0.2271  4.8444  1.677  3.4165  0.647  4.2024  4.873  0.9449  2.1285  0.326  3.0877  1.6235  1.2758  1.2169  6.7176  8.3668  1.6643  0.0031  7.0918  1.7992  0.541  0.5556  1.6836  1.8268  0.4734  2.3735  2.5161  1.4685  1.059  1.405  2.3299  2.06  
trainID = 899  0.3563  3.4635  2.494  0.034  0.3321  2.67  0.141  1.4516  1.7022  0.2637  2.461  0.7239  2.3936  1.2349  2.089  1.4405  1.093  0.9878  1.2605  2.6768  2.0165  1.328  1.2272  0.7532  1.4167  2.0847  10.5171  2.3148  1.7794  4.2998  0.728  0.8661  2.0557  1.7708  0.9694  1.2301  2.4504  0.582  1.2295  0.9679  1.5122  2.5697  2.8291  2.8397  1.4469  2.9383  0.777  
trainID = 900  2.8651  0.2702  0.226  1.7212  0.0861  0.578  36.1706  2.0874  3.9616  1.7176  6.2552  0.6746  1.6565  4.5848  0.9464  1.9949  0.406  2.5205  2.7811  0.6127  3.0725  1.144  0.9957  0.4804  1.1589  3.4737  3.8472  8.4953  3.1463  0.9054  5.0945  0.4024  0.286  1.6836  0.1431  0.7801  0.0492  0.6481  0.6973  1.3228  2.184  0.77  1.0851  2.039  
trainID = 918  0.0974  1.0459  0.405  1.531  0.9973  0.214  0.161  2.8518  2.8092  1.4986  1.2747  3.3152  0.1539  2.7895  0.2719  0.0238  0.5155  3.0316  0.6055  0.9886  3.0685  0.82  1.1552  0.9781  0.9137  2.3232  12.6646  2.8209  2.7673  3.7833  1.6344  0.8146  1.3318  1.9213  0.9719  0.8533  0.09  2.2771  2.9878  0.8951  2.7486  0.878  2.395  0.738  1.7529  1.1206  1.579  
trainID = 1058  4.5989  1.5803  0.33  3.2097  0.3511  5.1424  35.9747  1.4565  3.8786  3.7786  6.0947  1.799  0.2662  2.0199  4.5015  3.9381  0.8134  1.7743  2.5056  0.6667  1.6835  1.398  0.1005  1.4559  0.2258  7.9727  0.6455  15.1217  3.5453  3.1363  5.5226  3.2061  1.7794  2.3981  0.8636  0.0822  0.76  3.4226  0.7503  2.2911  1.065  0.054  1.7959  2.058  
trainID = 1124  2.29  3.1235  1.7267  0.686  1.3139  1.714  33.0943  0.4882  4.5356  0.0286  4.248  2.2704  0.7592  4.3582  3.9285  2.995  2.4014  2.0882  2.1095  2.3144  0.7675  0.702  3.8543  2.3221  1.2991  9.7324  2.8365  16.9253  2.8319  3.3075  4.244  0.3568  1.4841  2.0329  0.6976  0.2102  3.3946  0.8962  1.2534  0.6716  1.628  0.382  1.2387  1.442  
trainID = 1145  1.166  4.0031  2.4776  1.341  1.8305  3.5141  2.3346  2.4733  2.3055  5.7038  2.8841  0.8984  2.7726  2.367  0.4148  0.2659  1.4697  4.9745  0.55  2.6454  2.9211  0.5358  3.41  15.7873  9.9843  5.9806  7.871  0.9773  1.8122  0.107  4.8575  8.5823  1.5806  3.4012  1.1  2.2979  4.2721  5.4852  1.44  1.5616  0.944  1.472  0.0164  35.0271  
trainID = 1146  2.913  2.628  0.11  0.169  2.6747  0.8943  0.5198  0.9504  4.6119  2.5807  4.3638  2.6158  0.521  3.203  0.8842  2.5735  0.9445  2.7725  1.378  1.1152  1.8633  1.4672  1.6651  11.8736  12.4119  2.7723  2.8244  1.5133  0.5748  1.0108  2.2852  7.3783  2.9621  0.0476  2.098  1.6074  0.0472  3.3423  2.269  1.7552  3.6466  2.9739  1.6563  37.461  
trainID = 1217  2.7953  4.2519  0.002  1.6984  3.9108  1.554  2.1738  4.1716  1.9696  4.0809  6.2638  3.2743  4.1923  3.3208  4.2881  1.108  1.4762  2.8435  3.0967  0.3315  2.075  2.4929  2.4222  0.8088  11.768  15.172  16.6004  4.1188  5.1424  4.9476  1.1202  0.571  2.9647  1.4114  0.8128  0.5035  0.5074  1.5767  0.8114  3.0444  0.146  1.5169  2.5276  2.082  1.0542  0.366  
trainID = 1326  1.7675  1.57  1.072  0.307  0.2507  3.5859  2.7126  3.4935  3.1026  3.6607  3.6305  3.5119  1.4536  1.062  0.9948  1.3025  0.8033  2.3605  1.026  3.231  2.1454  0.427  9.9363  22.2472  2.0158  4.6544  6.7129  1.9356  0.5552  2.031  4.2035  2.8987  0.1714  0.3415  0.2648  1.0597  0.9021  1.8814  0.635  1.7602  0.628  1.428  0.7649  34.284  
trainID = 1388  1.665  1.2752  2.298  0.167  2.5701  3.2701  2.7666  2.735  4.3413  1.3472  2.8502  2.299  2.2875  0.399  0.7548  1.1845  2.2788  0.0486  0.306  1.9601  0.0109  3.478  11.8287  26.2341  0.3128  4.3637  5.2005  4.0038  0.4331  0.034  2.7886  4.6899  0.1615  1.1269  1.4672  2.2212  0.4987  3.6873  1.821  0.2615  1.362  1.418  0.8262  32.8343  
trainID = 1428  2.9799  1.6904  0.188  1.6296  0.8416  0.828  1.96  1.2629  5.4426  1.5475  6.2418  5.7278  0.0172  0.954  2.6204  3.3883  1.9312  1.9268  3.3201  6.5027  10.8101  11.5178  8.3921  2.8893  9.5366  0.4209  1.8073  1.0721  1.855  5.475  3.2074  7.3882  1.9448  8.3304  2.6551  2.104  3.8168  0.417  3.8178  7.8547  0.16  0.075  1.3921  1.523  
trainID = 1448  3.4415  0.0945  1.073  1.313  2.4001  2.187  0.8543  2.9313  0.8985  1.8934  2.8979  0.5235  0.8952  0.8696  0.922  35.2578  1.1332  3.5805  1.9792  2.4468  4.2425  1.1994  3.7507  6.1005  9.3633  0.5705  4.1345  1.483  0.6407  2.6174  0.9463  0.7026  3.2549  7.3907  3.3368  2.6579  0.688  1.6989  0.533  4.0734  2.907  2.3969  1.8979  0.766  
trainID = 1524  2.8039  2.5875  1.414  0.305  0.1936  2.7431  1.329  2.8184  1.3748  0.3368  1.1921  0.5972  1.159  1.2175  2.5146  2.1021  2.125  2.3724  1.1885  0.9589  1.0065  1.568  1.5916  0.7586  0.7863  3.3661  4.7318  7.0448  2.331  3.2427  2.753  1.1426  1.2863  1.7176  0.8356  0.7137  0.2069  0.4725  2.2575  0.2873  0.0993  2.7162  1.3028  2.5713  1.522  0.4067  
trainID = 1576  4.0018  0.0426  1.201  2.2082  3.9338  2.6741  0.033  0.1331  2.6855  0.2353  1.5857  1.4312  0.6213  2.1285  0.0775  1.3906  0.451  4.0796  2.0938  0.7784  0.8515  2.3406  1.3558  0.1326  0.0469  1.1368  3.1029  4.1007  1.4816  4.3175  5.4715  1.2339  1.9369  0.3006  0.8477  2.1001  3.3568  3.3976  0.3452  0.4163  3.1724  2.121  2.6177  1.943  0.6844  1.7638  0.438  
trainID = 1585  0.128  2.0238  0.949  0.712  1.4785  4.7026  2.8086  2.9348  5.0276  2.3775  3.6494  0.1262  1.619  2.792  0.2799  2.1535  0.312  4.3915  1.26  3.595  1.1911  1.4533  14.3784  28.4282  1.8948  5.4988  6.698  1.8173  1.1474  0.759  4.0885  4.422  1.0776  3.4574  0.1134  1.7686  1.0005  5.8476  1.794  0.7171  1.291  1.1552  2.7261  35.5217  
trainID = 1592  0.5497  0.0722  0.866  0.036  1.104  2.38  0.612  0.0684  0.751  1.5286  1.4966  0.9447  0.84  1.7065  0.0583  1.2308  2.2239  2.0662  1.5825  0.6716  3.7635  2.7462  0.4477  1.4861  0.6132  2.7337  1.5838  0.28  0.9317  2.4744  0.5618  4.5388  0.4243  4.7452  1.2177  2.1005  0.3744  1.7896  1.794  3.8144  1.398  1.528  1.5878  2.198  
trainID = 1740  2.4241  0.4589  1.614  0.561  2.2633  1.235  1.356  0.345  0.7982  1.1615  0.7284  1.7989  1.9678  1.7923  2.1534  0.4693  1.3369  0.8035  0.871  0.1598  3.2237  3.6658  1.3682  1.8927  0.4207  2.2614  1.1453  0.5192  0.8604  2.4686  0.181  0.9137  2.3884  4.4948  1.6489  1.1166  3.3166  0.6541  0.958  3.188  2.8331  0.174  0.5208  1.161  
trainID = 1767  1.4  0.8444  1.155  0.756  2.1689  3.2904  2.8516  3.4121  4.3231  1.5955  2.5087  1.2057  4.2161  0.986  4.0401  1.7015  0.4031  1.8145  0.995  3.3278  1.2313  0.0312  6.6178  19.5914  5.4955  5.4306  5.905  2.2218  0.6002  0.81  4.3445  4.8815  0.1953  1.549  1.03  0.7734  0.3733  1.8451  2.5692  0.7564  1.784  2.2029  3.1141  34.6662  
trainID = 1777  3.1519  3.9706  0.088  0.847  2.1762  0.978  35.5876  2.7136  3.7383  1.2729  5.2152  3.1212  1.4807  2.941  0.1763  1.827  0.7473  2.8747  2.1587  1.5035  1.6925  1.6161  3.5643  2.5935  2.8536  8.7507  0.3001  15.0142  4.793  4.0043  3.3848  1.6336  1.0434  3.3252  1.3104  0.8543  1.4806  0.0422  0.1732  1.0822  0.059  2.448  0.8704  0.834  
trainID = 1778  0.1509  0.1194  0.16  0.218  0.6331  1.99  0.076  0.337  2.8979  0.5236  0.7069  0.814  0.413  0.3557  0.6389  0.2513  0.126  3.6115  1.2655  0.4785  3.5865  2.293  1.5511  2.4084  1.6342  2.742  2.2318  2.4149  1.1883  4.9729  0.5457  1.0239  2.8871  1.4448  0.06  0.5198  3.5032  1.8438  1.3855  0.0356  2.6799  1.978  0.6183  0.007  0.6923  1.7028  2.501  
trainID = 1794  0.3969  1.7979  2.2642  0.6  0.8578  4.6788  0.756  0.7797  1.048  0.7526  2.0417  0.0277  1.7212  4.3922  0.729  1.1365  1.719  0.5158  0.5655  0.102  2.1815  1.129  2.0889  1.6818  0.2163  3.8386  4.8987  7.412  3.883  4.4198  2.473  0.4806  1.3643  2.03  0.9151  1.1894  1.7241  0.3581  0.1361  2.7137  1.6912  0.492  1.1677  0.127  1.162  0.0359  
trainID = 1849  1.248  0.0232  2.4373  0.19  0.2722  4.8186  1.9426  2.0825  5.4417  3.3947  4.1251  1.5027  2.0842  0.346  1.5504  1.4235  0.1021  3.8865  0.745  3.41  3.4644  3.0557  12.6837  24.6194  0.2492  3.2178  8.5382  2.9144  0.1111  0.171  4.2175  4.1757  0.5753  3.1666  2.1178  0.4188  1.5937  2.6896  0.11  1.1698  2.16  1.82  0.6071  32.8247  
trainID = 1879  2.644  0.135  0.993  1.489  1.2939  1.695  0.171  1.9651  1.6263  1.4526  0.1096  1.8892  1.7152  2.2573  0.3272  1.0238  3.08  3.2231  0.3085  0.3693  1.0155  0.178  2.2019  1.6406  4.0818  6.5351  15.1828  3.1734  2.9107  5.0815  0.0991  0.1313  0.12  1.8984  3.5625  0.3274  2.8299  0.3127  2.4145  1.2826  1.6523  0.153  3.0457  2.189  0.6012  0.4709  2.084  
trainID = 1920  3.9429  5.3509  0.943  0.004  1.0614  3.0824  31.9533  2.7486  1.4393  0.6809  7.3395  3.3546  0.5629  3.9362  4.402  2.3128  0.845  2.5451  1.2327  0.182  2.9865  2.076  3.1758  1.2425  0.112  1.2861  4.6403  12.1081  4.5868  1.2932  5.0935  2.6305  2.815  2.1296  1.7033  2.1771  1.1475  0.3007  0.2784  1.2185  0.139  3.93  4.4173  1.027  
trainID = 1966  0.6313  2.6995  0.343  0.053  1.1597  1.882  0.048  0.0806  0.8113  1.2455  0.3945  0.2944  1.0223  3.6159  0.7587  0.2659  0.569  2.3968  0.3824  2.1755  2.0805  0.76  0.0808  0.9032  2.4356  1.987  6.6621  0.3604  1.8391  0.4313  1.0884  0.3869  2.2191  1.2534  0.4337  1.2273  2.7285  1.1939  0.1153  0.1749  3.3488  0.292  0.29  2.377  0.3512  0.3706  1.429  
trainID = 1997  1.8258  0.9992  0.478  1.01  0.7235  2.253  0.055  0.0355  2.5708  2.1122  2.814  2.8792  0.5424  1.8621  0.4062  1.0027  2.6688  0.0346  2.1481  4.0469  3.6999  4.0892  4.9773  2.894  8.8727  1.7617  1.0561  1.6622  3.3229  2.3384  1.5648  7.0844  3.5352  5.0621  4.2135  2.8174  2.2656  4.3603  4.2651  5.1475  0.129  2.155  0.0277  1.437  
trainID = 2037  2.8714  1.9635  0.893  1.8781  3.5914  1.249  1.533  0.6695  3.4039  1.3676  5.9618  4.8931  4.8584  4.6339  3.4363  1.3691  1.431  0.468  0.8575  0.4809  0.3525  0.375  0.9631  3.1472  0.0914  9.3192  11.2515  10.533  4.8123  4.7415  3.7816  1.1402  1.392  4.9805  1.9061  1.0491  2.5176  1.852  1.2068  0.5846  2.4686  0.923  2.276  0.206  2.7612  0.1748  0.867  
trainID = 2063  0.2027  0.3901  1.2452  0.222  1.9997  1.897  0.348  0.8756  0.1144  0.2094  1.8109  0.101  0.3008  3.0515  0.9591  0.4052  0.264  3.0367  0.4905  1.1969  0.6105  0.361  0.6893  1.9121  2.4103  0.5288  5.7992  0.2367  2.8182  3.642  1.967  0.4816  2.0368  1.9487  1.0266  0.987  2.5848  4.2952  0.7245  0.3627  0.6528  4.0232  2.6115  1.62  0.034  0.62  1.339  
trainID = 2074  1.4507  0.3405  3.0327  1.512  0.8108  3.0764  2.6646  4.0111  6.0736  3.2827  4.5646  0.0136  0.5041  1.787  0.5377  0.5275  2.8204  1.2885  0.053  1.8809  4.04  1.5351  11.2465  23.6714  0.0623  3.3829  3.3125  1.2189  0.1015  1.4755  5.1295  5.0606  0.3629  2.1011  2.1517  2.1327  0.4257  4.0656  2.36  1.5838  3.4574  1.1436  0.5757  33.3066  
trainID = 2079  0.203  3.2321  1.769  1.29  1.5266  0.7345  0.5313  2.682  4.2015  2.1351  1.2963  1.2872  1.296  0.036  1.5603  1.8225  1.4293  2.5995  0.12  2.2614  2.3955  1.1774  4.0529  16.3878  8.3767  5.9904  6.6627  0.5636  0.0136  0.509  5.3415  5.1453  0.0385  0.6637  0.1186  1.7886  0.6177  4.8857  0.898  0.4292  0.197  2.3468  0.1859  32.3802  
trainID = 2123  0.0072  0.3323  0.941  2.63  2.9136  1.462  2.2162  2.0195  0.5258  2.2252  2.6683  2.6348  2.5749  0.6605  0.7502  36.3448  2.4498  1.1815  0.394  2.0189  2.4435  3.2003  4.2199  7.5808  13.0081  0.2096  2.675  0.1891  2.1055  0.605  2.0225  0.5058  1.7473  5.0286  2.343  0.683  2.4802  2.3722  1.263  3.6176  3.1165  1.8843  0.9808  0.968  
trainID = 2190  0.803  1.5905  1.894  0.569  0.7926  2.7723  2.3166  3.7313  3.2309  4.1869  3.1677  1.2521  3.4404  0.5456  0.9024  2.8485  0.2038  0.3095  1.126  2.1825  1.6795  0.0141  13.0087  21.7304  1.1837  5.592  5.6438  0.7645  0.8241  0.6  4.3935  3.978  0.1021  0.3606  0.7631  2.883  0.4034  1.8788  1.526  0.2961  4.8525  0.406  1.9596  33.7152  
trainID = 2255  2.039  0.6692  2.892  0.247  0.3734  1.676  0.693  0.6899  3.9806  1.2539  2.7005  0.3996  2.4028  6.5598  0.8372  0.1197  1.0828  0.8059  0.0982  1.4795  2.9175  0.067  1.0514  1.6445  4.6609  4.8985  10.4696  3.118  4.5997  5.1093  2.1434  1.5854  1.7202  2.1945  2.533  0.4418  0.2762  0.7618  1.9831  0.9423  2.4554  1.55  0.8652  1.428  0.982  1.0359  0.406  
trainID = 2302  2.144  2.712  1.088  0.215  1.5455  0.3143  1.1947  1.335  4.23  2.7559  3.7199  0.5585  0.2163  0.793  1.1188  2.1325  0.6244  0.1228  1.6368  0.4669  2.2356  1.4543  4.7179  16.2404  7.0894  5.8307  3.5611  0.6202  2.1119  3.1748  2.8399  6.5959  1.3564  0.3384  1.8787  3.9797  0.845  3.6081  2.6777  0.4131  4.5477  1.3395  0.628  35.0676  
trainID = 2396  1.6  1.297  1.094  0.137  1.6623  1.1199  1.7796  1.5648  4.9626  2.9391  1.2798  0.5629  0.7695  0.931  1.175  3.6625  0.3207  1.2925  0.915  4.8647  2.7647  1.5814  1.987  10.7103  10.6146  2.2129  8.2357  4.9689  3.0368  0.441  3.7475  5.7632  1.0018  1.1176  3.1321  3.2456  1.5327  5.594  2.7397  0.9302  1.206  1.5268  2.5872  34.68  
trainID = 2440  2.0227  2.3723  0.765  2.9536  2.9824  4.7939  33.5659  1.5243  4.2146  0.8839  8.601  2.1228  1.8882  5.8966  5.0332  3.4186  0.798  1.9709  4.1927  0.7347  0.8895  2.575  1.0869  1.727  0.5219  4.7048  0.9371  10.3899  3.5144  2.4388  3.7428  2.486  2.9997  2.5921  0.8208  0.264  0.3314  1.7013  0.3778  1.7663  1.568  3.621  0.6489  0.655  
trainID = 2442  0.1084  0.7208  1.9037  0.012  0.4268  1.35  0.922  3.1762  0.0332  0.8883  0.6455  4.2945  2.1899  0.8579  0.7887  0.8938  37.2538  2.0533  1.6395  1.285  0.6097  1.7814  3.3811  1.3709  9.4323  1.0662  0.1206  0.7944  1.7732  2.2475  0.338  2.6928  7.7859  0.2068  5.0172  3.438  2.9262  2.3285  0.4679  0.772  3.7251  0.914  0.251  1.8225  0.649  
trainID = 2459  2.5792  1.2456  1.3783  2.4174  0.3209  1.916  1.461  1.4104  0.3554  2.8125  3.1474  4.6786  1.2209  1.2448  1.3689  0.3989  2.9052  0.8285  1.429  3.6655  4.2733  4.6594  2.7551  6.5885  0.5262  0.7157  0.4176  1.1534  0.4253  1.3474  5.8997  7.3509  0.0763  3.9722  2.9764  1.0151  2.6276  2.6323  0.115  4.9064  0.116  2.155  1.7021  1.24  
trainID = 2504  0.4818  0.8543  2.346  1.1598  3.5003  2.238  1.297  1.1187  1.9019  1.0323  0.0073  1.7587  2.1784  0.5515  1.3378  0.0063  1.703  2.8796  2.1995  1.572  1.2765  0.856  1.9167  0.3521  1.3903  3.424  9.731  2.7344  2.1466  5.2996  0.8032  0.8418  1.1052  3.1655  1.3716  1.4218  1.4793  0.9284  1.6589  0.8759  1.363  2.019  2.1824  0.24  0.152  1.9125  1.542  
trainID = 2536  2.6578  4.1849  1.373  0.239  0.6946  5.409  34.0151  1.8668  3.8036  1.5126  7.0028  6.0651  0.0905  4.7471  1.9294  5.4921  0.7324  2.6649  5.0841  2.5357  0.2745  0.145  3.5473  1.9286  0.8859  4.1834  4.2144  9.0271  2.1481  0.1274  5.8392  1.9754  0.245  4.1705  0.6437  3.0287  0.2981  1.1883  1.249  2.8597  0.887  0.784  4.1782  1.106  
trainID = 2560  0.4081  2.6757  0.128  1.17  1.0388  0.135  0.24  0.154  4.3466  0.862  2.9917  0.1319  0.9679  2.553  0.4773  1.8051  1.728  4.1527  1.9285  2.9407  0.5425  0.251  1.781  1.9534  1.3564  5.3311  2.9303  8.7379  3.2937  3.9415  1.2121  1.2815  2.2521  1.8487  1.7864  1.2673  1.2796  1.5125  0.9706  0.5533  1.1456  0.209  2.492  1.602  0.943  1.1987  
trainID = 2600  1.371  2.4348  0.106  1.237  2.0243  2.5386  0.009  1.4967  4.7906  0.4417  4.1207  1.3121  1.6758  2.7013  2.1849  0.9073  1.114  2.6849  0.1178  1.7601  1.2935  0.857  0.1339  1.8709  1.5442  3.2854  3.2858  9.6978  2.4176  0.4956  2.3598  1.4966  1.1363  2.3103  1.342  0.7794  1.6527  0.5174  0.8293  5.0001  1.3255  3.6621  0.494  2.083  3.1467  0.171  
trainID = 2608  0.1109  1.7991  0.06  1.117  0.7609  0.824  1.484  1.2815  4.0376  0.3081  2.452  0.6718  2.0556  2.8713  1.3203  1.0014  0.006  1.4721  0.6565  2.5406  2.1915  0.006  2.2513  1.9778  2.9364  8.3517  8.2231  4.8189  2.3345  3.5718  2.5636  1.3595  0.699  1.6411  1.0948  0.0938  0.3887  0.0949  0.9854  1.7131  3.2358  1.535  2.7166  0.935  1.479  2.5983  2.016  
trainID = 2654  0.014  1.8224  0.368  1.499  1.2657  1.4231  1.9596  0.1668  4.0487  6.9671  1.8869  1.6445  2.7133  0.675  1.4799  1.5195  2.2454  2.3025  2.4578  2.966  0.3222  0.1623  0.4059  14.455  12.5806  3.274  4.4572  0.8955  2.2967  2.3  1.6611  5.4712  1.6066  1.7296  0.1822  2.8573  1.4934  3.3641  2.289  1.9106  1.975  0.241  1.6069  34.4756  
trainID = 2710  0.286  5.0727  1.436  0.316  0.7205  2.424  0.0871  1.0405  4.9926  3.4224  3.8944  1.1269  1.4662  0.7243  1.0162  0.3425  1.68  1.3985  1.479  3.8559  3.0158  0.958  10.6704  19.7428  5.1276  5.4744  7.0842  0.7229  3.08  2.057  5.4385  4.6586  0.1636  0.2233  0.5944  0.8842  2.9986  5.4215  0.493  0.0407  0.061  3.674  0.9019  34.092  
trainID = 2764  1.759  0.2922  1.513  0.337  1.624  2.6831  2.2916  3.2914  3.2407  3.709  2.551  0.1006  1.8142  1.143  1.5475  2.1685  4.3193  0.0823  0.253  2.209  2.9797  0.6086  8.0533  18.7178  3.7491  6.3505  6.1378  2.0335  0.1862  0.888  4.2695  4.6911  0.0737  0.2018  1.4785  2.4358  0.4992  4.0183  1.377  1.7087  1.365  2.257  1.355  34.5591  
trainID = 2784  1.8701  1.299  1.215  2.1132  1.5794  0.939  2.1234  3.3353  0.5874  2.814  1.4733  0.6085  1.2847  0.5783  3.1694  1.142  0.7642  1.3904  1.4653  2.1965  0.865  3.2912  0.3783  2.9135  4.7096  0.8666  8.6405  4.9778  2.1085  5.0765  1.0395  1.6605  2.5501  1.4647  1.6963  0.9532  4.0347  1.0372  0.45  0.3343  0.938  0.537  1.414  2.0246  0.987  
trainID = 2787  1.8518  0.5696  1.719  1.512  0.1113  2.289  0.95  1.8851  2.9241  1.9732  4.9194  1.8007  0.4146  1.1341  2.7224  2.2946  0.152  0.1861  0.6156  2.5491  1.3821  1.9197  1.6648  0.0904  4.8219  2.9414  6.9116  3.4159  3.3626  0.3184  1.6011  0.8358  0.063  1.9592  4.7693  0.493  2.6408  2.7489  2.0904  1.5501  0.3675  1.875  1.9964  1.141  1.632  0.2776  
trainID = 2834  1.6579  0.1015  0.845  1.2824  0.6961  3.048  1.844  1.6988  0.8578  1.0821  0.8854  0.1513  1.5666  2.5407  1.8082  1.6917  35.4858  4.386  0.3665  0.519  1.6267  2.3658  4.1419  1.1256  1.5589  1.7063  2.41  3.3715  1.9468  1.1366  1.0583  1.0689  0.9111  1.5554  2.8644  2.0713  1.4712  3.1493  1.1475  0.842  0.6497  1.348  3.332  0.3902  0.566  
trainID = 2836  2.239  1.7793  1.79  0.409  0.505  3.0531  35.4095  0.7547  4.0936  1.6376  10.5241  3.1268  2.0485  6.6348  1.6932  3.7967  1.06  0.808  3.3042  0.7031  0.8305  1.793  2.9058  0.2466  1.0927  3.3543  4.3252  9.5605  4.0151  1.4669  5.332  2.4149  0.877  1.1253  0.5573  2.0473  0.5041  0.2926  0.946  1.2114  1.755  3.351  2.4689  1.991  
trainID = 2846  1.1155  3.2127  1.872  0.9312  0.1613  1.35  35.4637  0.4598  4.0146  2.7556  6.6328  4.6601  2.4784  5.55  2.1744  1.5056  1.3084  0.195  2.4584  1.1303  4.1705  1.417  2.7309  4.9078  1.1089  11.5012  6.274  19.2564  5.8864  5.0479  3.3703  1.1501  0.87  2.4017  2.4327  0.4512  1.4898  0.81  0.355  4.9248  0.761  0.923  1.0018  1.855  
trainID = 2908  0.26  0.9192  2.3811  0.049  0.0606  1.3011  4.2786  4.3172  5.9023  1.3537  0.912  2.2607  0.0812  1.753  2.0472  1.1035  0.6269  2.8435  2.253  3.6245  2.7166  0.2849  6.2978  18.421  5.5429  4.0227  5.5607  1.0826  1.7798  1.8712  5.7925  2.1425  1.6281  1.6083  0.0586  1.2053  1.2582  3.6948  2.7793  3.4298  1.927  1.4476  0.9807  32.6336  
trainID = 2955  2.0316  0.9433  0.27  0.566  0.1183  1.045  0.942  1.3781  3.0197  1.1537  1.5515  0.4462  2.6036  3.0296  0.3821  1.1673  2.025  3.0375  2.0905  0.816  0.3825  0.006  0.0075  0.1999  0.1736  2.8838  5.3817  0.2531  3.5316  4.2264  0.4118  1.4455  1.9359  2.4768  0.1656  0.1198  2.439  2.6303  2.4154  0.161  1.5448  0.621  2.2813  2.7832  0.7278  1.2297  0.655  
trainID = 2987  1.781  2.4374  0.192  0.821  3.3671  0.3708  0.9301  1.4969  2.8327  4.3964  1.9168  0.8605  0.7558  0.267  1.2499  1.8415  0.1236  0.0007  0.288  2.3743  0.2051  0.2668  0.6349  13.4862  10.5391  3.4074  6.9517  2.4808  1.8679  1.9516  3.3218  6.7935  3.3274  1.2192  3.6397  2.722  1.4921  7.148  0.414  0.6912  2.4575  1.0621  1.3183  35.757  
trainID = 2994  0.883  1.998  0.598  0.877  0.999  1.495  1.5246  1.6388  1.5899  2.7314  1.8542  0.1927  0.1893  3.106  3.3498  3.4255  0.0522  1.4065  0.933  0.1851  1.7233  0.2178  1.493  13.552  10.1055  0.6068  4.8853  0.752  0.5444  4.6981  2.2554  7.4846  3.7984  2.1026  0.952  2.6023  1.8359  3.1971  0.141  3.0614  3.7315  0.667  0.6621  30.6524  
TrainID = 1966  dbValue = 1.22658  nTestCell = 47  nTrainCell = 47  nDiff = 0  (X,Y) = (1395, 1315)  Position Error = 59.4138
TrainID = 1778  dbValue = 1.36636  nTestCell = 47  nTrainCell = 47  nDiff = 0  (X,Y) = (1395, 1305)  Position Error = 53.0094
TrainID = 2063  dbValue = 1.39243  nTestCell = 47  nTrainCell = 47  nDiff = 0  (X,Y) = (1375, 1315)  Position Error = 47.0106
TrainID = 2955  dbValue = 1.48313  nTestCell = 47  nTrainCell = 47  nDiff = 0  (X,Y) = (1385, 1305)  Position Error = 45.2769
TrainID = 1740  dbValue = 1.49258  nTestCell = 47  nTrainCell = 44  nDiff = 3  (X,Y) = (1345, 1305)  Position Error = 31.7805
TrainID = 1592  dbValue = 1.49822  nTestCell = 47  nTrainCell = 44  nDiff = 3  (X,Y) = (1345, 1295)  Position Error = 22.1359
TrainID = 767  dbValue = 1.63824  nTestCell = 47  nTrainCell = 44  nDiff = 3  (X,Y) = (1335, 1275)  Position Error = 17.0294
TrainID = 1794  dbValue = 1.66722  nTestCell = 47  nTrainCell = 46  nDiff = 1  (X,Y) = (1425, 1295)  Position Error = 75.9605
TrainID = 1524  dbValue = 1.69678  nTestCell = 47  nTrainCell = 46  nDiff = 1  (X,Y) = (1425, 1295)  Position Error = 75.9605
TrainID = 918  dbValue = 1.72054  nTestCell = 47  nTrainCell = 47  nDiff = 0  (X,Y) = (1435, 1335)  Position Error = 103.005
TrainID = 2504  dbValue = 1.75136  nTestCell = 47  nTrainCell = 47  nDiff = 0  (X,Y) = (1395, 1335)  Position Error = 74.6324
TrainID = 1576  dbValue = 1.7617  nTestCell = 47  nTrainCell = 47  nDiff = 0  (X,Y) = (1405, 1285)  Position Error = 54.1295
TrainID = 2560  dbValue = 1.79366  nTestCell = 47  nTrainCell = 46  nDiff = 1  (X,Y) = (1425, 1285)  Position Error = 73.8241
TrainID = 899  dbValue = 1.80361  nTestCell = 47  nTrainCell = 47  nDiff = 0  (X,Y) = (1405, 1325)  Position Error = 73.5527
TrainID = 336  dbValue = 1.81321  nTestCell = 47  nTrainCell = 46  nDiff = 1  (X,Y) = (1395, 1265)  Position Error = 43.9318
TrainID = 2787  dbValue = 1.85747  nTestCell = 47  nTrainCell = 46  nDiff = 1  (X,Y) = (1365, 1245)  Position Error = 31.7805
TrainID = 2608  dbValue = 1.88603  nTestCell = 47  nTrainCell = 47  nDiff = 0  (X,Y) = (1435, 1305)  Position Error = 88.6002
TrainID = 2600  dbValue = 1.91775  nTestCell = 47  nTrainCell = 46  nDiff = 1  (X,Y) = (1425, 1265)  Position Error = 73.5527
TrainID = 2784  dbValue = 1.93104  nTestCell = 47  nTrainCell = 45  nDiff = 2  (X,Y) = (1425, 1265)  Position Error = 73.5527
TrainID = 663  dbValue = 1.95471  nTestCell = 47  nTrainCell = 44  nDiff = 3  (X,Y) = (1375, 1225)  Position Error = 54.1295
TrainID = 2255  dbValue = 1.97533  nTestCell = 47  nTrainCell = 47  nDiff = 0  (X,Y) = (1425, 1315)  Position Error = 83.7257
TrainID = 1879  dbValue = 1.97753  nTestCell = 47  nTrainCell = 47  nDiff = 0  (X,Y) = (1445, 1315)  Position Error = 101.637
TrainID = 354  dbValue = 2.06521  nTestCell = 47  nTrainCell = 44  nDiff = 3  (X,Y) = (1345, 1365)  Position Error = 91.2688
TrainID = 2459  dbValue = 2.19162  nTestCell = 47  nTrainCell = 44  nDiff = 3  (X,Y) = (1265, 1225)  Position Error = 99.8499
TrainID = 2834  dbValue = 2.36289  nTestCell = 47  nTrainCell = 45  nDiff = 2  (X,Y) = (1355, 1315)  Position Error = 41.1096
TrainID = 755  dbValue = 2.41853  nTestCell = 47  nTrainCell = 44  nDiff = 3  (X,Y) = (1255, 1315)  Position Error = 105.309
TrainID = 1997  dbValue = 2.48198  nTestCell = 47  nTrainCell = 44  nDiff = 3  (X,Y) = (1245, 1325)  Position Error = 118.533
TrainID = 2442  dbValue = 2.6079  nTestCell = 47  nTrainCell = 45  nDiff = 2  (X,Y) = (1295, 1215)  Position Error = 82.0366
TrainID = 2037  dbValue = 2.62732  nTestCell = 47  nTrainCell = 47  nDiff = 0  (X,Y) = (1465, 1305)  Position Error = 117.175
TrainID = 900  dbValue = 2.63684  nTestCell = 47  nTrainCell = 44  nDiff = 3  (X,Y) = (1425, 1235)  Position Error = 82.7647
TrainID = 879  dbValue = 2.95033  nTestCell = 47  nTrainCell = 44  nDiff = 3  (X,Y) = (1425, 1185)  Position Error = 115.109
TrainID = 2994  dbValue = 2.97161  nTestCell = 47  nTrainCell = 44  nDiff = 3  (X,Y) = (1425, 1385)  Position Error = 132.853
TrainID = 2123  dbValue = 3.00455  nTestCell = 47  nTrainCell = 44  nDiff = 3  (X,Y) = (1325, 1375)  Position Error = 104.547
TrainID = 2079  dbValue = 3.02682  nTestCell = 47  nTrainCell = 44  nDiff = 3  (X,Y) = (1475, 1395)  Position Error = 172.54
TrainID = 444  dbValue = 3.06311  nTestCell = 47  nTrainCell = 44  nDiff = 3  (X,Y) = (1465, 1235)  Position Error = 119.541
TrainID = 1448  dbValue = 3.06693  nTestCell = 47  nTrainCell = 44  nDiff = 3  (X,Y) = (1305, 1355)  Position Error = 93.6483
TrainID = 1217  dbValue = 3.11669  nTestCell = 47  nTrainCell = 46  nDiff = 1  (X,Y) = (1485, 1305)  Position Error = 136.565
TrainID = 2836  dbValue = 3.17806  nTestCell = 47  nTrainCell = 44  nDiff = 3  (X,Y) = (1465, 1205)  Position Error = 132.401
TrainID = 1777  dbValue = 3.18848  nTestCell = 47  nTrainCell = 44  nDiff = 3  (X,Y) = (1465, 1285)  Position Error = 113.534
TrainID = 1920  dbValue = 3.19169  nTestCell = 47  nTrainCell = 44  nDiff = 3  (X,Y) = (1475, 1205)  Position Error = 141.032
TrainID = 1124  dbValue = 3.20419  nTestCell = 47  nTrainCell = 44  nDiff = 3  (X,Y) = (1485, 1265)  Position Error = 133.304
TrainID = 2654  dbValue = 3.2145  nTestCell = 47  nTrainCell = 44  nDiff = 3  (X,Y) = (1415, 1405)  Position Error = 145.362
TrainID = 2987  dbValue = 3.21497  nTestCell = 47  nTrainCell = 44  nDiff = 3  (X,Y) = (1455, 1435)  Position Error = 191.128
TrainID = 2302  dbValue = 3.22901  nTestCell = 47  nTrainCell = 44  nDiff = 3  (X,Y) = (1465, 1385)  Position Error = 158.398
TrainID = 2440  dbValue = 3.25218  nTestCell = 47  nTrainCell = 44  nDiff = 3  (X,Y) = (1455, 1225)  Position Error = 114.061
TrainID = 1326  dbValue = 3.29051  nTestCell = 47  nTrainCell = 44  nDiff = 3  (X,Y) = (1475, 1345)  Position Error = 142.021
TrainID = 1146  dbValue = 3.31659  nTestCell = 47  nTrainCell = 44  nDiff = 3  (X,Y) = (1415, 1405)  Position Error = 145.362
TrainID = 1058  dbValue = 3.31851  nTestCell = 47  nTrainCell = 44  nDiff = 3  (X,Y) = (1465, 1255)  Position Error = 114.586
TrainID = 2190  dbValue = 3.32783  nTestCell = 47  nTrainCell = 44  nDiff = 3  (X,Y) = (1475, 1335)  Position Error = 137.295
TrainID = 2908  dbValue = 3.32943  nTestCell = 47  nTrainCell = 44  nDiff = 3  (X,Y) = (1455, 1355)  Position Error = 131.034
TrainID = 2764  dbValue = 3.33917  nTestCell = 47  nTrainCell = 44  nDiff = 3  (X,Y) = (1495, 1365)  Position Error = 169.499
TrainID = 2536  dbValue = 3.3417  nTestCell = 47  nTrainCell = 44  nDiff = 3  (X,Y) = (1485, 1215)  Position Error = 145.499
TrainID = 1388  dbValue = 3.36063  nTestCell = 47  nTrainCell = 44  nDiff = 3  (X,Y) = (1485, 1325)  Position Error = 142.443
TrainID = 2396  dbValue = 3.3929  nTestCell = 47  nTrainCell = 44  nDiff = 3  (X,Y) = (1485, 1435)  Position Error = 208.83
TrainID = 1428  dbValue = 3.39689  nTestCell = 47  nTrainCell = 44  nDiff = 3  (X,Y) = (1165, 1335)  Position Error = 196.698
TrainID = 1767  dbValue = 3.43216  nTestCell = 47  nTrainCell = 44  nDiff = 3  (X,Y) = (1475, 1355)  Position Error = 147.275
TrainID = 2074  dbValue = 3.50309  nTestCell = 47  nTrainCell = 44  nDiff = 3  (X,Y) = (1495, 1345)  Position Error = 159.656
TrainID = 2710  dbValue = 3.50818  nTestCell = 47  nTrainCell = 44  nDiff = 3  (X,Y) = (1495, 1365)  Position Error = 169.499
TrainID = 334  dbValue = 3.53172  nTestCell = 47  nTrainCell = 44  nDiff = 3  (X,Y) = (1495, 1335)  Position Error = 155.467
TrainID = 1849  dbValue = 3.58404  nTestCell = 47  nTrainCell = 44  nDiff = 3  (X,Y) = (1505, 1335)  Position Error = 164.712
TrainID = 2846  dbValue = 3.73925  nTestCell = 47  nTrainCell = 44  nDiff = 3  (X,Y) = (1505, 1285)  Position Error = 153.395
TrainID = 1145  dbValue = 3.81401  nTestCell = 47  nTrainCell = 44  nDiff = 3  (X,Y) = (1495, 1405)  Position Error = 193.933
TrainID = 1585  dbValue = 3.89927  nTestCell = 47  nTrainCell = 44  nDiff = 3  (X,Y) = (1505, 1325)  Position Error = 161.276
