trainID = 353  3.8494  3.5907  0.6  1.295  2.7613  1.6349  35.3676  0.4489  7.5729  1.6581  3.3993  6.3908  1.6445  4.0735  2.3827  2.0977  0.5369  2.2865  6.1385  7.52  7.4743  7.9045  8.54  11.2604  5.979  3.2161  5.8699  2.1004  3.3815  4.4455  6.5012  5.3074  0.1709  0.356  5.6316  2.5193  2.5417  5.0458  0.433  2.604  31.9522  
trainID = 378  3.2569  1.1869  1.0621  0.273  5.0162  0.648  0.9026  2.212  0.343  3.6498  4.2787  3.3293  1.3282  1.9144  1.9346  3.3111  0.6616  6.4617  1.01  1.0207  3.115  9.6412  3.7551  0.1124  1.0674  3.6469  8.9687  2.4956  1.1381  1.267  1.1649  0.1822  2.0311  1.7773  3.194  1.4746  0.285  2.9281  0.8176  3.206  
trainID = 411  0.7901  0.0833  2.7443  0.944  2.496  0.32  0.9255  4.4029  0.587  1.1534  0.3419  1.5892  1.1102  2.2645  3.5412  0.544  0.0631  1.0967  3.523  0.402  1.587  4.6359  3.4738  2.3528  0.0091  4.1954  1.7177  0.571  3.379  0.5881  2.4471  2.6415  0.6797  1.5127  0.4898  2.1484  2.9002  0.515  3.9154  1.087  0.954  0.9558  35.2215  
trainID = 417  1.8301  2.534  1.0423  0.877  2.5344  0.641  0.5563  0.508  3.0644  0.3202  4.5129  5.2523  1.215  1.4926  2.4573  1.7141  1.6393  1.4038  4.5505  2.2867  0.1129  1.1237  11.929  16.5923  0.0555  1.6903  2.2293  0.541  0.9055  1.6872  1.9232  0.295  2.0554  0.0358  0.4182  0.0357  2.17  1.352  0.816  3.1977  1.065  0.4878  
trainID = 427  0.5218  0.7368  1.119  1.3957  4.7858  0.425  0.6792  3.018  0.209  1.0464  2.0178  4.9  0.0658  1.2087  1.3593  0.09  1.5414  0.2938  2.0075  1.0679  0.8656  0.833  2.9928  6.8511  2.1723  0.7901  0.4881  0.567  1.6003  1.352  2.7887  1.7166  3.5166  0.722  1.3912  0.8506  2.9463  0.292  0.062  2.2123  4.126  3.14  1.768  
trainID = 459  7.9496  1.7381  3.446  0.9085  6.4887  2.8764  0.8424  0.386  0.752  6.1988  7.7164  4.9009  7.5596  8.7986  6.1022  3.4001  0.1765  8.042  0.1274  1.7375  3.7957  14.5737  5.9106  0.5611  0.7919  6.9822  6.4778  3.093  0.5987  4.1179  2.7762  5.7465  4.4872  0.2724  5.283  2.577  1.134  0.878  1.2064  1.822  
trainID = 463  6.1341  0.9508  4.1357  1.0785  5.3954  1.4197  0.0523  3.435  0.879  1.5543  8.7037  5.4443  6.0315  3.0361  1.6554  2.7933  0.6655  4.3275  0.5454  2.3185  4.2415  8.1946  3.9277  1.0741  0.3106  4.3907  6.7204  2.2812  0.9351  3.1204  3.5382  3.1445  0.0407  2.4955  2.2266  1.0201  2.4727  0.082  1.6109  1.463  
trainID = 476  0.6285  3.8292  1.0669  1.6197  1.4478  2.456  2.2904  1.47  1.546  0.0623  0.9278  4.2826  0.7791  0.0581  1.247  2.0647  2.8206  2.5356  3.917  0.91  1.52  8.7985  2.3596  12.4604  3.1597  0.9608  0.6456  1.4546  2.2966  1.144  4.2075  2.0159  0.7724  0.7357  1.5723  0.8238  0.538  1.081  1.8707  3.4667  0.444  0.5764  
trainID = 566  2.9109  0.9908  0.105  2.6069  2.4067  0.826  0.7128  5.2694  1.435  3.2297  1.8178  0.6696  1.6053  1.1405  4.9554  0.333  0.1921  2.6125  3.8167  0.2787  3.7052  1.9182  3.0079  3.1062  0.1887  3.0181  0.1363  1.9173  3.2006  2.2256  2.2135  0.3307  0.8063  0.9735  2.3733  2.0285  1.8682  1.297  0.606  1.4556  0.472  0.5951  30.8352  
trainID = 601  3.1254  2.9268  0.784  0.199  2.5146  1.5818  35.3946  0.6518  9.3031  1.0954  5.6558  3.3147  0.7398  3.5629  6.4845  3.2223  3.9182  1.329  3.6688  10.8983  7.2035  8.8519  5.8791  7.5657  12.6285  4.3127  6.0693  4.5381  3.0429  1.6086  9.1772  7.4635  0.7718  2.8664  5.414  2.6759  1.5243  3.2874  1.856  3.3214  32.0181  
trainID = 614  0.0982  3.4724  1.001  0.393  1.5297  0.638  0.2839  3.813  1.164  0.2374  0.3514  2.2347  3.653  0.9031  2.244  1.6086  2.8621  0.9507  3.4708  1.159  2.1498  4.5628  7.9289  3.2782  2.1634  2.2124  3.6035  0.29  2.1122  3.5863  0.4219  1.6934  2.1136  3.0205  2.8583  1.7393  2.8727  1.4551  0.4985  0.6972  1.2973  0.4775  33.2587  
trainID = 689  1.5271  0.6068  0.967  0.634  1.9096  0.18  0.0189  2.994  0.093  1.2314  1.4332  3.0132  2.3037  2.1614  2.1535  2.7032  0.2505  0.1445  3.051  1.8207  3.5513  1.9313  2.606  0.0163  1.0674  4.439  0.8119  2.6856  2.7981  2.4472  3.4645  0.7789  0.9002  3.1997  0.7429  3.4972  2.8714  1.8333  1.427  0.3148  1.4548  1.4269  32.8857  
trainID = 699  5.0494  0.3696  1.6875  2.5329  4.1595  2.8521  2.7209  0.519  1.094  1.3239  6.0689  4.2346  2.347  1.0066  0.3911  1.6916  0.8766  3.1052  0.897  1.9296  2.961  8.0492  2.8843  0.8792  0.323  1.1241  6.176  2.9267  3.08  0.0015  0.9079  1.6142  0.8687  1.8043  1.7152  0.5041  0.187  1.9722  0.7054  1.919  
trainID = 710  3.9708  2.6491  0.093  2.716  1.2058  2.419  0.2766  6.7217  1.866  2.2042  8.6286  6.247  0.6401  1.1483  4.5794  0.6706  3.9961  1.4672  6.4974  4.9288  1.3355  19.7745  1.3999  20.9158  4.5956  3.5304  2.7694  4.9934  2.5399  6.9246  1.1395  3.0969  2.0304  0.033  0.881  3.2061  3.5237  0.8382  3.2923  1.701  
trainID = 728  4.3693  0.4371  1.118  0.582  3.0509  0.713  32.8346  2.0776  0.0832  2.071  2.4997  0.3958  0.1275  2.3363  2.315  0.9567  0.6545  1.3963  1.4475  2.1733  3.0555  5.3629  0.1159  0.5279  4.705  1.338  1.7945  0.3912  0.4583  1.0462  3.7107  1.3647  0.5659  3.0723  1.9403  0.341  0.3663  0.7724  0.185  0.991  34.4898  
trainID = 748  3.5238  1.7986  0.739  1.135  1.2538  1.998  2.0997  4.8039  0.767  2.2938  3.4964  1.9179  3.2631  0.9742  3.8787  1.71  3.3906  0.5068  3.1008  3.0044  1.3556  2.8599  15.4264  27.023  0.8081  2.9589  1.5664  0.742  4.4304  3.2813  2.1541  1.3332  3.3106  0.8657  1.9723  2.5338  0.251  1.7725  0.7124  3.2457  0.7417  4.0014  0.299  
trainID = 764  1.037  1.094  1.9544  1.2491  3.3788  0.401  0.7842  2.014  1.272  3.0404  3.8806  3.4278  3.318  1.0268  0.1116  2.0799  1.2536  2.4989  0.949  2.2775  2.8301  4.5144  1.4297  3.5019  0.1262  0.8745  5.3222  1.31  2.4889  4.0442  0.817  1.6676  4.9872  0.4277  1.8486  1.3126  3.8564  0.463  0.6711  0.2224  1.489  1.8128  0.475  
trainID = 786  6.4941  0.742  0.889  3.0357  1.2049  0.733  0.983  2.7009  2.2707  0.6849  2.1123  1.9926  4.6105  0.6548  1.9724  2.2338  1.4735  4.5115  3.5652  3.3571  5.0077  2.3006  1.1799  5.314  2.4956  6.2894  1.2587  1.4995  1.7053  3.8935  1.0268  0.0173  0.641  0.752  1.5927  0.3465  0.4449  2.692  0.2592  32.4421  
trainID = 799  0.1004  2.7198  0.42  2.919  0.7962  0.501  1.5253  2.727  0.673  0.7611  1.1442  2.7398  1.32  0.5132  2.4578  0.148  1.9794  0.8357  1.5063  0.0601  1.8981  0.8407  0.5573  0.9327  1.5872  2.9678  0.8377  1.209  3.0093  1.0402  0.2272  1.0712  1.0386  1.2338  2.3917  0.7304  1.089  2.437  0.6772  3.0297  0.338  1.0725  1.562  
trainID = 814  1.526  1.507  1.218  2.064  5.186  0.645  3.5831  4.7946  1.78  0.4961  1.0258  0.7189  1.1866  0.4315  2.6174  1.9045  0.2222  1.7793  2.095  0.8216  2.4678  1.9895  1.2682  2.7726  0.7742  4.48  2.7111  0.723  3.2153  0.9488  0.1503  1.2486  0.5677  0.5408  0.1569  1.0824  0.009  2.2203  0.5917  0.8775  0.409  0.5823  34.4627  
trainID = 824  4.9197  3.5799  1.558  0.366  0.2206  0.187  1.4725  12.5169  2.0211  7.5656  7.9844  3.869  6.081  5.0685  4.9487  5.0258  5.2685  6.9655  7.6025  8.8064  13.9846  16.6298  14.117  16.3084  4.5468  8.7372  3.43  0.7428  1.9591  8.6922  9.8149  1.1831  3.1373  7.0778  5.8385  6.6543  6.5934  1.748  2.7585  33.6454  
trainID = 829  0.0095  0.1804  1.9228  0.9561  2.0154  0.86  0.1491  2.232  2.3869  0.8759  0.7024  4.2758  0.984  0.0123  1.099  1.1872  0.835  0.9107  2.7313  0.6415  1.8581  1.3284  0.5893  6.7789  0.5223  1.6386  0.2796  0.413  3.5302  0.8406  0.3671  0.1681  1.9024  1.1018  2.9398  1.0987  0.244  1.337  1.5486  2.1153  0.024  2.2046  1.183  
trainID = 843  5.6263  5.6877  1.0827  0.938  0.2339  1.187  3.3534  11.5063  1.3377  9.0349  9.2816  5.9862  4.4783  4.3506  2.3577  2.4417  4.8005  5.6625  10.3824  9.6741  12.1683  16.3466  22.4371  16.5972  6.289  9.5688  1.8027  1.4739  5.3345  11.3658  8.9951  0.341  3.3234  4.5508  4.5088  3.7161  6.1479  1.989  3.56  32.5567  
trainID = 858  3.5189  5.8357  4.0717  3.1899  4.2199  2.055  0.7279  2.054  1.681  3.5223  4.0594  5.8288  6.7921  3.951  5.1889  3.4034  1.9082  8.2143  0.2963  0.7613  2.1147  18.2939  6.7684  6.7172  3.653  6.8975  3.3519  0.892  2.5547  2.7752  4.534  2.7044  0.4056  3.3813  5.236  1.9654  0.456  1.146  2.5537  2.723  
trainID = 896  3.6445  2.0436  1.317  0.466  3.5012  1.5946  0.0447  2.939  0.937  3.5335  7.8838  2.56  2.6343  1.4041  1.4925  4.2828  2.3439  2.6315  1.6003  0.9389  0.8413  6.0343  4.8949  3.3219  2.41  3.1789  6.9984  0.461  2.709  1.5371  0.5225  1.3056  5.0226  0.1845  3.3212  0.9463  1.673  0.615  2.2704  0.679  
trainID = 996  3.8228  2.9284  0.187  0.064  1.3882  0.602  2.7646  7.9107  2.3371  4.339  5.9739  2.4795  3.7518  2.306  3.5655  4.6796  3.7145  4.6195  9.2112  9.104  9.0506  7.5149  13.6787  9.779  5.2462  6.2845  1.7174  2.8266  2.1627  5.5193  6.3455  1.3437  1.2437  4.5945  4.481  2.5807  4.3016  2.393  0.5334  32.8333  
trainID = 1039  1.7979  4.2873  5.0185  0.107  1.8905  0.597  2.7276  5.3815  1.876  2.4572  0.4775  4.8686  1.0209  0.2638  2.4409  0.466  2.3055  3.9421  2.2079  0.8468  1.4278  18.6844  1.89  14.8527  5.2091  4.4634  0.4268  0.782  0.343  1.4125  1.868  0.3427  4.6664  4.3146  3.2899  0.0479  0.077  0.394  1.0826  0.764  
trainID = 1040  0.8611  0.9334  0.898  0.6443  3.0848  1.565  2.2215  2.48  2.7762  1.3673  2.0712  4.7856  2.6714  1.354  0.8789  1.4719  1.923  3.1743  0.5872  0.6476  1.2992  8.3997  0.8992  6.2829  2.045  2.712  1.589  0.962  1.2208  1.9669  0.9946  0.9562  0.625  0.0875  1.3903  0.1479  0.274  2.298  2.3554  2.261  
trainID = 1050  5.9117  0.1196  0.897  0.482  4.4342  0.677  0.5353  7.0464  0.1958  1.3635  3.4598  2.7711  5.1157  3.0801  2.5288  0.3145  2.1331  4.3725  5.6778  6.9138  6.3761  6.3282  5.1983  8.0343  2.3822  2.8267  3.1697  2.1605  1.1641  5.9684  3.8664  1.1724  1.368  2.1733  2.3244  0.675  3.999  0.264  3.2926  30.5817  
trainID = 1093  5.9352  6.8063  1.295  0.42  1.6566  1.1441  0.588  11.134  1.6841  7.4768  9.3548  2.5553  3.7633  6.5734  4.0525  3.3416  2.8085  4.8165  11.0728  8.3963  12.4801  16.9498  11.3424  21.7576  5.6259  7.6408  4.1126  0.8371  3.6045  11.3679  9.6653  1.6219  3.6306  2.5006  4.7088  1.8924  5.6884  0.029  7.6072  32.1447  
trainID = 1096  0.3504  1.0469  1.7703  1.801  1.671  0.227  2.1241  2.411  0.198  1.1368  0.4293  0.7647  0.766  0.7454  1.3635  0.46  0.6161  1.4427  2.8192  0.2793  2.1384  1.8049  0.8762  1.6046  1.1978  2.2131  0.9609  0.688  2.92  0.3378  0.335  0.7421  3.3015  1.2541  0.8867  3.9744  4.0713  0.997  0.5049  1.3442  0.06  0.937  31.4724  
trainID = 1127  1.84  1.2012  1.9974  1.9776  3.4851  0.457  33.1096  0.0516  3.9754  1.7374  0.4901  0.1371  2.5225  0.168  0.8069  3.1552  0.7988  0.0237  2.1694  2.7849  4.0705  3.3074  2.7862  3.8856  1.9688  1.207  5.2427  0.9668  2.5569  1.063  2.5502  3.5698  1.4813  1.9264  3.789  3.2589  0.1278  2.1124  2.7105  0.7428  33.7855  
trainID = 1134  3.8858  1.6674  1.027  1.492  0.9051  0.393  0.5639  4.1662  1.111  0.5174  5.125  4.6399  1.9408  1.1106  3.6488  0.7506  2.9463  0.0797  4.1742  2.5188  0.8136  9.8815  12.1652  29.0533  2.6907  1.2559  2.0554  1.1624  0.8078  2.0127  1.5247  3.1895  0.8899  1.3335  1.429  3.3222  2.5423  0.728  1.5234  1.915  
trainID = 1137  4.3304  2.5042  3.4936  1.5891  6.055  0.326  3.1305  4.4115  2.485  9.0306  3.9651  6.217  3.8052  6.2189  6.4934  3.9573  2.6872  8.9745  0.2731  0.653  3.3262  19.5774  5.1127  5.5768  1.4714  8.6289  3.6778  1.135  1.4084  5.2263  4.0124  3.6045  3.2719  1.1824  6.215  2.8926  1.298  0.547  1.4329  2.55  
trainID = 1174  2.4823  2.6774  0.435  2.142  4.0465  1.2386  33.2806  0.2107  4.2596  2.1378  0.5133  3.0125  2.1744  3.0903  1.2853  1.8234  0.268  0.3283  2.5286  4.2266  4.3656  5.5275  2.6187  2.8465  3.2434  0.957  4.7338  1.7089  1.9267  2.5815  3.1555  0.7554  0.867  0.3865  0.68  1.5149  1.0141  1.7544  1.4597  1.7839  33.0211  
trainID = 1178  2.011  0.5836  0.57  0.98  1.0601  1.5362  1.0755  0.498  1.833  0.8292  0.9722  2.9623  0.8525  0.8928  0.7989  3.7731  1.1359  0.5348  0.4379  0.645  1.4992  3.0975  3.0225  1.5729  1.4943  2.0767  1.7945  1.9312  2.3019  0.9852  0.101  0.6358  1.8665  0.0134  1.8815  1.7101  0.361  0.287  0.4433  1.637  0.486  0.2722  32.7231  
trainID = 1185  1.0794  1.1521  0.671  0.972  0.4298  1.805  0.3989  3.624  3.1529  1.0062  1.9869  1.5503  0.137  2.3641  3.3051  0.263  0.4581  0.0786  2.6782  2.5191  2.875  7.6374  5.6803  8.0255  1.5984  3.3396  3.1362  1.3996  2.6933  1.7869  0.4011  0.1309  0.1649  1.7667  0.8623  3.6851  0.364  0.218  2.0681  2.848  1.017  1.5528  32.8448  
trainID = 1216  4.2476  0.4408  0.77  0.462  3.3281  2.6178  0.3267  6.9164  0.6213  0.1145  2.2157  0.7929  2.6727  2.3595  3.022  2.1061  4.8195  2.5358  5.0552  4.9882  8.1491  3.4855  4.4261  7.5882  1.5197  3.9928  2.3925  0.402  1.5303  3.7482  1.1329  0.5928  0.215  6.0206  1.183  0.2657  2.0063  0.354  1.5817  32.214  
trainID = 1223  0.0267  1.9595  3.1205  0.385  2.7494  1.3927  2.8795  2.333  5.2675  3.0602  1.3107  5.0861  2.9225  1.9116  2.8277  0.349  1.9079  4.2018  2.6729  0.4482  1.7394  14.2407  2.0397  11.2418  2.6744  6.4534  2.036  0.393  0.0524  1.7975  1.8011  2.6927  0.6433  1.3878  3.5593  0.179  0.3  1.139  0.8444  1.584  
trainID = 1231  0.7094  0.7718  1.776  2.099  1.7741  0.385  2.0184  4.938  2.8125  1.2076  1.4532  3.4845  3.8128  3.3498  0.2099  0.727  1.7056  0.6367  4.2304  0.1149  1.4506  4.977  9.731  13.316  0.1364  1.3641  2.2683  2.752  5.7741  3.6127  0.1577  2.5197  3.3843  0.9821  2.1941  2.3267  0.655  2.154  0.2055  3.8997  2.148  1.2925  0.31  
trainID = 1238  3.2213  1.8426  0.821  0.215  2.7581  0.392  1.0311  4.6124  0.4317  0.6555  2.2127  0.743  2.498  4.3205  1.333  0.0909  2.2745  5.1015  3.3497  1.8943  3.7588  1.7602  7.5136  5.8988  3.705  5.5133  1.4735  2.1694  0.6023  3.1206  1.1279  0.1589  1.8447  2.2121  4.4702  1.9245  0.4329  1.644  2.5988  31.6335  
trainID = 1242  5.1578  7.5423  2.686  0.222  0.0486  0.708  1.5424  12.1689  0.5993  7.2467  9.6715  4.0359  4.6701  3.2141  2.4768  1.1112  2.4365  6.2185  9.7741  11.1007  11.5988  18.1338  27.1059  12.0586  4.5061  9.6917  5.2091  0.7127  1.4313  10.2892  10.8895  0.8413  3.6824  3.9751  4.5802  5.1767  3.9675  0.521  2.7462  34.3552  
trainID = 1256  1.3553  0.7505  1.039  0.9057  2.658  1.619  1.9245  3.1423  0.6767  2.0229  3.8839  2.0966  2.7806  1.355  0.4134  1.6108  0.5717  3.607  3.9797  0.972  6.5142  1.9948  8.3388  0.2819  3.1393  6.2876  0.5721  3.2864  0.6024  5.5732  3.7597  1.7592  4.6892  2.9783  4.4232  0.5424  0.7437  1.258  0.0913  34.226  
trainID = 1264  3.0417  0.6965  1.5989  0.833  4.0815  1.155  1.0737  4.6683  1.203  0.3571  0.9459  3.5984  1.4302  0.1621  1.7611  0.167  0.3867  1.5655  4.0519  0.7595  2.318  2.4455  3.0136  5.9778  1.3945  0.7089  1.891  0.344  2.2189  0.9357  0.3212  0.6433  1.8362  0.3488  1.1361  0.4774  2.7424  0.661  0.5253  1.199  2.307  0.645  2.083  
trainID = 1313  0.707  1.4775  2.495  1.892  0.3317  2.3571  0.4809  1.956  1.363  0.4396  0.6377  3.5873  0.5244  0.7547  0.4488  2.673  0.0817  1.2334  3.728  1.5928  2.5525  1.4766  3.9186  1.1411  1.8663  5.1456  0.6432  1.5284  4.5688  1.1191  1.1099  1.8831  1.4543  2.3529  0.7785  1.2762  0.138  0.729  1.5111  1.3808  0.222  0.8127  34.3441  
trainID = 1321  1.1287  0.0776  0.993  0.031  3.448  0.224  0.7367  2.672  1.341  4.1146  3.0489  1.7811  1.2025  0.6108  0.4239  1.6842  0.3296  2.8554  0.4331  0.3771  3.2088  4.7845  1.1178  0.8534  1.1949  1.8087  1.7854  1.208  2.3393  0.5843  0.7494  0.7485  2.3187  0.1254  0.883  1.1213  0.624  2.8713  1.6552  2.9807  0.005  0.8295  0.113  
trainID = 1325  5.0203  5.5075  0.351  0.248  1.527  0.46  0.4734  10.9771  1.9621  8.4403  8.4225  2.6749  3.2559  6.4521  4.1165  0.8663  3.0435  6.0185  10.0626  5.9369  11.4793  14.0582  12.3545  18.4539  5.3056  7.9007  4.9904  0.6426  2.4643  11.154  8.9918  0.1423  3.8889  2.0054  7.2774  2.5843  5.1563  2.914  3.7861  32.4971  
trainID = 1430  1.471  0.0311  1.399  1.3265  2.3188  0.257  0.0724  1.668  0.2223  0.3204  3.8389  0.2821  3.0475  0.8714  0.6471  1.9118  0.9251  0.0703  0.2632  1.5603  2.0052  1.1032  6.5582  0.5181  0.235  5.1256  0.3129  2.9041  0.0126  0.8559  0.8141  2.8569  3.9756  1.4431  1.4734  0.4338  1.3787  0.959  0.0709  32.9402  
trainID = 1439  4.0982  4.0103  1.941  1.4324  0.1101  0.572  0.1935  9.364  0.3978  6.5482  5.3242  1.1413  4.0434  3.1677  1.5605  1.4031  2.1446  3.4576  10.306  7.9816  10.3927  10.6471  11.33  10.9355  2.8213  7.1942  2.1209  4.0814  1.5582  6.9667  7.0325  0.425  1.3314  3.9591  5.416  3.1183  3.238  2.346  1.1474  33.585  
trainID = 1452  6.3908  2.678  1.2457  1.5262  4.4167  3.6559  2.9834  2.645  0.788  1.9421  7.7413  2.5013  4.3681  2.7982  2.8824  3.5661  0.4701  4.0646  0.0093  1.498  3.1781  11.2982  4.0678  0.8644  0.0233  5.7661  4.4057  3.354  0.3139  1.852  0.3486  3.2765  0.5257  0.7935  0.0105  0.2742  3.7772  3.055  0.7482  2.434  
trainID = 1459  0.7915  4.8451  2.1829  0.544  1.6988  0.527  0.3307  5.3746  1.704  4.3448  4.0311  4.4539  1.4262  1.7742  0.3023  3.1145  2.5323  5.7487  3.065  1.6056  1.5499  14.7853  1.9229  10.1135  2.9702  5.3652  0.6867  0.204  1.4872  0.6414  0.141  1.6244  0.5238  0.6068  1.4541  2.6233  0.492  2.117  3.0697  1.32  
trainID = 1487  6.7162  4.2394  0.219  0.336  2.2541  0.176  0.3751  9.2623  0.4558  6.2915  4.9255  0.5231  3.4849  3.4657  2.7415  1.0306  5.0845  5.4345  8.5602  7.885  8.4819  7.2465  8.5152  9.0414  3.2878  6.6884  2.6847  2.2189  2.5372  6.4771  4.1409  0.0926  2.7418  4.0001  5.643  1.6549  1.7428  4.709  2.4087  30.9232  
trainID = 1539  3.5255  3.2111  3.7725  3.2611  5.708  2.5014  0.348  1.637  0.601  4.0029  5.4525  2.0222  6.3051  4.9187  3.751  1.0245  0.9973  8.0312  0.3188  1.8526  3.63  13.4343  7.0087  5.3072  0.3228  7.5138  3.0471  0.485  3.9077  2.7714  2.8727  2.4059  0.4195  3.1733  4.0772  2.83  0.74  2.2501  2.9973  1.442  
trainID = 1549  1.8006  1.6443  1.9428  1.911  2.7298  1.078  2.4635  3.693  0.767  2.8823  6.9537  5.3671  1.6233  3.2072  3.5952  1.632  2.403  1.4897  2.3107  3.6759  1.3777  16.7374  5.0349  25.8377  0.8575  0.2105  0.4252  4.5004  1.2095  6.2156  0.6393  0.3469  2.1704  1.6526  2.045  2.6605  3.6117  1.0111  2.4639  1.258  
trainID = 1552  2.2984  3.0544  1.6973  1.801  1.6825  2.525  1.0829  4.5396  4.9181  2.2509  8.5616  5.9923  3.1054  6.823  6.5428  0.962  2.7573  2.4934  5.4142  4.5482  3.7282  16.2873  1.6012  17.7466  6.4269  2.9821  4.2909  2.9925  0.6118  7.3257  0.0227  3.8092  0.0895  1.098  0.419  1.9148  4.6047  3.383  4.2842  1.353  
trainID = 1553  5.9579  4.4748  1.475  0.081  1.9661  1.29  2.686  8.2248  0.5584  3.2288  5.4275  4.1129  2.8963  5.138  2.1591  0.9797  1.9216  5.4085  8.632  8.3982  8.0656  11.0133  17.7219  2.6855  3.8195  9.075  2.9514  0.8713  1.8686  9.657  8.8561  1.0214  1.6794  4.7476  4.4837  4.1152  4.545  1.131  3.8997  34.3386  
trainID = 1571  2.5058  1.5033  2.3393  0.7014  3.5748  2.8285  0.6434  0.013  0.736  0.6351  3.6297  0.9063  0.6097  0.05  0.4388  1.3322  0.1782  1.6294  0.2294  1.3252  1.5036  5.9764  2.5371  2.0396  2.0649  2.3858  4.1304  0.622  0.5708  1.0798  0.6969  0.6995  1.4962  1.254  1.1324  0.5435  2.524  1.9827  1.009  1.289  0.485  0.7373  1.422  
trainID = 1578  2.7053  0.5507  1.5307  1.014  0.525  2.2784  33.5556  1.1461  7.4676  1.4722  1.9777  2.2051  1.1796  2.2784  0.7241  1.3822  1.1193  1.5968  0.0566  2.3399  7.4638  4.7124  1.6303  0.7878  6.5926  0.208  5.1711  0.392  1.922  1.0515  4.7163  0.6211  0.6143  0.2635  4.6551  3.5336  1.2222  2.4823  1.5936  1.5652  32.0622  
trainID = 1590  3.44  1.2621  1.8058  3.1739  0.5383  2.1295  1.1528  6.6219  2.7101  1.735  2.095  0.662  2.304  3.8352  2.8072  2.3169  1.8135  2.9456  6.2469  3.9363  8.1251  4.2331  5.5184  6.1351  2.5493  5.0687  1.0378  3.61  2.1568  7.6517  3.0531  1.4938  0.3814  3.1979  4.3109  1.3162  1.0654  0.847  2.336  30.7566  
trainID = 1606  3.1539  3.9888  7.3392  3.031  6.0819  2.7263  2.1509  3.701  1.018  6.9411  4.7905  5.6515  4.3563  3.9264  3.1281  1.2197  2.9477  8.3508  0.3346  0.478  2.1599  17.8574  6.3667  7.9511  1.4454  11.0894  3.8064  0.428  1.3107  3.1432  5.8114  0.0819  1.0453  2.095  3.9077  1.1586  1.123  0.613  1.3967  1.771  
trainID = 1611  1.1663  0.2856  1.069  0.077  0.4587  1.048  33.1136  2.1291  0.2378  2.0126  0.7246  4.1215  2.848  2.0499  0.1042  1.8559  2.4681  1.1867  0.5665  0.4806  0.6215  0.0524  1.4318  7.3324  2.2604  1.7955  5.2237  1.6435  4.5551  1.4193  2.4592  1.6771  1.4074  0.9256  1.4701  0.47  0.6498  1.1702  0.437  2.511  33.1548  
trainID = 1617  0.755  1.3306  1.9226  2.099  3.6865  0.409  1.8147  2.366  0.126  3.9351  2.9558  0.8264  1.9784  2.9903  3.3931  1.6789  0.1629  0.4777  1.9965  1.0424  0.5029  4.9228  8.4697  4.9089  2.3465  4.899  1.7248  1.819  4.4317  4.544  4.056  0.873  1.7449  2.1889  0.4492  2.0803  3.4897  1.7805  2.2721  0.4248  0.649  1.6781  32.319  
trainID = 1618  2.9132  4.6342  1.2453  2.5422  1.3868  2.1751  3.6557  6.7145  0.5141  5.9183  4.0597  0.4081  1.3522  2.3456  2.0382  0.4248  3.3685  5.9275  6.9477  6.4651  7.2958  5.7976  6.81  7.8969  3.1719  4.1912  2.6654  2.9105  2.5882  7.5659  6.2279  1.8351  0.7984  2.5405  3.4984  1.1084  2.5189  2.338  2.9378  33.1718  
trainID = 1627  0.0464  0.0127  1.1515  2.253  0.7243  0.12  1.5264  1.33  3.1211  1.2212  2.4045  2.9561  0.3188  0.8442  2.0377  1.0151  0.5947  2.0268  2.2641  1.0972  1.9204  1.295  0.3158  1.2853  0.439  3.0285  0.8326  0.006  3.5156  1.1863  2.5841  0.5876  0.6574  0.4461  0.1028  3.167  0.67  2.4807  1.427  0.1381  1.1786  2.3685  32.8814  
trainID = 1655  1.7718  4.0671  2.454  31.165  2.2805  5.0615  1.799  2.9883  3.9394  3.1856  4.9651  0.3286  5.7909  0.039  2.7954  3.1627  1.6066  2.2387  0.8739  6.9554  17.6349  13.0758  2.0169  4.8296  3.3798  0.279  2.3096  0.7666  2.5504  1.3355  2.4758  1.094  1.5392  3.8014  1.4266  2.2267  2.5755  4.3277  1.896  1.8553  34.3228  
trainID = 1670  3.2188  3.4909  0.651  1.104  0.935  1.756  3.8591  3.883  4.4929  1.2763  4.77  7.3421  1.3985  2.0714  0.6057  0.441  2.112  1.5339  2.9295  2.5927  3.34  17.4278  1.4463  20.0994  3.3003  0.9606  1.4881  2.7888  1.2695  5.58  0.391  3.4767  1.8388  1.794  1.374  3.3321  7.2327  0.211  1.8095  1.063  
trainID = 1676  1.3015  0.2738  1.865  2.265  2.2626  0.48  0.0043  0.868  2.3753  0.2512  1.2143  2.7585  0.1745  0.5847  0.2904  1.187  1.4436  1.2366  0.2239  1.3994  0.9954  2.2326  3.9507  1.1776  2.5385  2.7655  0.4873  0.416  2.4163  1.5251  0.2259  0.535  1.258  0.5583  3.0335  2.1872  0.087  0.947  1.9463  0.4228  0.007  2.7373  32.511  
trainID = 1737  2.7047  2.0565  0.928  2.064  4.2338  1.228  33.4336  1.319  7.7289  1.0785  2.7095  3.1679  1.6727  6.5619  4.6782  0.4879  0.2954  2.3075  3.7412  10.2632  6.5515  8.1768  6.8218  5.2999  7.0587  1.6798  5.6445  0.9732  1.3708  3.1475  7.4244  4.5531  1.0838  0.1844  2.8164  3.3648  1.6039  2.6016  0.7454  0.1252  33.1735  
trainID = 1764  2.5045  3.5173  2.3385  0.204  2.3836  0.477  3.0699  3.092  4.4853  0.9647  4.1819  5.9763  0.616  3.4576  4.5261  0.348  4.437  2.5537  4.362  2.8606  0.5638  14.7644  4.2801  23.6848  4.8018  3.9512  2.5608  4.4516  0.7983  6.3567  0.0118  2.5328  0.9939  0.874  3.04  3.0968  4.0017  1.185  2.8018  2.243  
trainID = 1766  0.8305  0.3846  0.176  0.582  4.0976  1.1212  2.5886  1.8181  0.8848  0.5697  1.5142  3.5394  0.8864  0.1848  1.4907  3.9993  2.1639  1.1323  0.8892  0.5326  1.9426  0.2984  8.7803  1.0736  0.613  3.2044  0.5901  3.6676  0.9305  0.8771  2.4171  1.3454  1.8826  1.147  3.0848  1.8206  1.1874  0.525  1.0102  33.5104  
trainID = 1801  3.3548  3.0894  1.2401  0.735  1.0385  1.242  1.5056  9.2082  3.1841  6.9828  8.8391  2.2738  3.2016  5.8098  2.0058  3.7735  1.6099  6.6115  10.2644  8.3637  8.8771  13.3135  16.7217  12.2319  6.3932  9.1814  1.6935  3.9163  3.6635  12.1099  9.9987  1.2318  4.4867  3.9342  5.0466  0.9568  3.7576  0.161  3.9308  34.7775  
trainID = 1804  3.7628  2.2879  2.2676  4.169  0.4085  0.644  1.2379  5.6186  0.71  3.7578  5.584  4.0096  3.671  2.5043  3.7727  0.822  2.0608  2.7262  4.4742  3.5674  1.0474  9.4466  6.6856  26.9478  3.9244  0.1919  2.119  0.6508  0.3299  5.5728  0.9215  0.2161  0.7641  0.803  0.254  4.0951  3.3427  1.7551  2.0958  0.484  
trainID = 1809  4.2575  4.8457  0.739  1.4174  2.7656  2.1922  33.5456  0.816  8.6333  3.7021  4.3066  5.862  2.6228  5.5005  5.4875  0.6346  1.7228  3.7035  5.3475  8.6836  7.747  10.5397  7.7577  4.8107  12.3642  1.883  5.9535  3.3244  2.3897  3.3845  6.5851  6.241  0.6895  0.8357  4.6738  2.5259  1.413  3.4202  0.037  2.5535  32.1001  
trainID = 1814  1.4134  1.3562  0.923  2.572  1.004  0.43  2.6741  2.324  0.454  2.9244  0.3585  1.8037  4.0937  1.2555  1.3185  0.6293  1.5108  0.0464  0.382  0.0551  2.228  2.4891  1.7325  0.4437  0.5782  5.3836  0.2172  0.672  5.7585  3.3643  4.8645  0.4275  1.694  1.7174  0.1071  3.8882  1.104  1.8057  1.7486  1.4619  0.296  1.0162  32.8061  
trainID = 1842  7.3108  2.3596  4.9467  1.8466  4.2758  1.9436  1.8755  3.182  0.868  5.7303  7.366  5.4947  5.9269  6.0413  5.8056  2.5612  0.7982  7.5341  0.1244  2.3765  1.8146  15.2397  6.3286  0.5288  2.3678  6.847  4.3638  0.066  2.6536  2.2366  1.4368  1.8835  1.0904  3.7292  2.6474  0.2101  0.112  2.0534  0.3471  1.598  
trainID = 1889  0.5921  0.9414  1.3539  1.8  4.1923  0.1  1.7723  2.9524  2.1256  1.3304  1.2906  2.9861  1.2293  0.2769  1.0447  0.2187  1.117  0.2642  2.3829  0.7259  3.2988  0.7116  8.776  2.9555  2.3316  3.6788  2.5877  4.1459  1.3312  3.9155  2.5041  2.1554  2.2923  2.807  4.9306  1.216  2.762  1.9901  2.2004  36.1176  
trainID = 1898  3.3454  4.5786  1.134  1.7368  2.9108  3.17  2.1125  9.598  1.3706  5.0769  7.3547  1.8109  4.0882  3.4732  4.255  2.2738  3.9955  4.7255  11.6947  10.0774  11.2252  13.3046  14.9888  12.3474  4.8059  8.6379  3.3774  3.4074  3.9345  10.6141  8.9803  1.0504  0.7343  3.0908  5.4271  2.1039  1.1411  2.758  3.4474  33.6963  
trainID = 1899  3.7862  1.072  2.8776  1.247  1.6905  0.297  32.2556  0.4476  4.2745  1.3167  0.0612  0.0416  1.618  3.6405  2.4515  0.5004  2.152  0.3554  1.7681  6.2118  4.7768  5.6377  3.9698  1.1807  5.5093  2.9773  0.9142  0.5371  1.8077  0.5452  5.5638  1.9262  1.7777  1.5844  4.7504  1.7122  0.7429  1.2374  0.729  1.9657  32.0639  
trainID = 1928  2.1836  0.0549  0.462  1.153  1.2664  0.633  34.7576  0.3281  4.6248  0.9484  0.82  2.1748  2.1084  4.1757  3.2199  2.3783  0.7717  1.0528  3.0972  6.6165  4.3928  5.4573  2.3499  8.6351  2.7478  4.5109  4.4499  0.6172  2.2126  3.4945  5.8151  2.7122  0.3843  0.2217  4.1665  3.7282  1.7968  1.6338  0.7521  3.156  34.7842  
trainID = 1930  0.7209  3.6205  4.6249  0.748  2.403  0.992  3.2578  3.956  2.8821  3.1064  2.8619  4.3131  1.5129  3.0789  0.1091  0.148  1.1791  3.6409  1.2565  1.4217  0.2194  11.8591  0.608  10.2099  1.4306  5.672  1.1161  0.31  1.2195  0.4356  3.0659  1.7608  0.7646  0.5867  4.0246  0.9938  0.854  1.306  1.9259  33.3972  
trainID = 1932  1.7567  5.0239  0.819  0.157  2.9298  0.906  2.3128  4.289  3.1181  0.3044  9.812  4.9008  0.5485  3.0127  2.9443  1.356  5.3114  2.2007  6.1655  3.1969  1.1159  19.5725  1.1462  21.8319  4.9918  1.6726  4.426  2.5226  0.8728  4.6667  2.4578  1.5348  0.2107  0.714  1.253  5.4208  6.0057  3.069  2.5516  0.907  
trainID = 1948  1.3194  1.6006  0.141  33.126  0.3386  1.602  1.068  3.7844  2.1083  3.8687  1.6303  2.4095  3.6563  0.654  1.5001  0.7654  0.8036  1.4809  1.1718  4.1669  11.0826  7.4023  0.1041  7.7448  3.9071  0.063  3.2219  2.6265  3.0053  2.7072  2.0343  2.2828  0.6049  3.1977  1.292  2.6247  4.6285  0.9568  0.414  0.6544  35.7996  
trainID = 1964  2.792  0.6541  0.234  0.088  3.4487  0.103  1.3625  7.1023  1.9664  1.4889  1.7737  0.3801  2.8952  2.2459  0.664  0.505  2.2875  1.7162  4.1294  2.8347  6.1729  4.1068  4.6065  7.1422  2.0412  5.4553  0.6118  3.9019  1.2922  5.7275  1.4538  2.3674  2.6182  1.5235  4.4256  0.6  0.6778  2.098  1.2663  32.3057  
trainID = 1969  3.8253  1.4941  0.164  0.574  1.3661  0.479  0.0764  9.7285  0.1724  5.6901  3.6745  1.071  6.3769  2.031  0.93  0.9188  1.6418  3.4237  5.9851  7.9195  11.4278  5.4384  6.6855  9.5514  4.3267  4.0184  1.2036  0.6831  2.4402  8.1225  3.5401  1.2289  1.6821  3.3467  2.6346  2.6764  1.6448  3.852  2.0367  33.6191  
trainID = 1986  4.0847  2.5223  1.3616  1.38  2.8512  1.6768  34.1516  0.8499  4.771  0.2585  0.3889  3.1925  1.2091  2.7708  3.2085  1.584  1.1769  1.8695  4.5775  3.5434  3.9128  6.8155  3.4006  8.0375  1.6604  3.4548  5.9221  0.4206  0.6178  1.9886  2.3188  0.0653  1.6071  0.187  3.2647  1.7841  1.5736  3.2408  1.6822  0.3237  32.6627  
trainID = 1995  1.9425  4.8645  1.9685  2.3522  3.5442  1.785  0.9173  3.375  1.537  0.7399  6.0982  7.4949  0.5345  0.4468  3.5689  0.011  1.7575  2.0441  2.9363  1.5826  0.2924  15.345  6.3407  23.3324  6.4911  1.5473  2.801  0.7594  0.7873  5.0227  2.2429  1.581  0.8368  0.058  0.937  2.3776  4.1557  2.292  2.0052  0.482  
trainID = 1999  3.3015  0.486  1.8776  1.567  0.4816  1.622  33.1916  0.0017  1.2887  0.3271  1.8966  3.7335  2.6232  0.084  1.1158  0.4404  2.3886  0.5821  3.3209  0.0136  1.1743  3.2082  0.5192  4.8336  0.0038  1.9736  4.9728  0.7706  3.951  1.1884  2.4127  2.7656  1.5389  5.2124  2.5127  3.2974  1.1813  0.4377  2.107  1.7039  35.2642  
trainID = 2014  0.6475  0.1251  0.264  1.513  1.9351  0.922  0.3754  1.2486  0.2247  4.062  5.2899  1.5066  2.5694  0.414  1.3674  0.167  0.4937  1.397  1.7644  2.7562  5.2055  3.4356  9.8743  2.4448  0.872  4.4428  1.5855  4.4876  0.9627  5.5651  2.1795  1.3723  1.4785  1.4796  2.0342  0.8265  2.5316  1.1298  0.9931  32.6995  
trainID = 2021  5.8961  2.9431  1.407  1.3109  2.9908  1.128  1.5018  10.6122  0.0151  8.0013  7.8567  3.0732  6.1214  5.5851  2.1103  3.7848  4.6915  3.5984  7.0956  8.2842  10.1272  13.5272  9.6744  18.6258  3.2555  5.6435  6.1575  3.7238  2.7523  10.6379  7.8748  1.468  5.7198  3.5947  3.8561  3.3935  4.7578  3.738  3.7263  34.6385  
trainID = 2029  0.4797  0.0461  1.466  0.993  2.8036  1.9279  0.7136  1.557  0.799  0.7494  0.8891  0.233  0.2601  1.1533  2.2226  3.4701  0.0117  0.4147  0.7121  1.1596  2.0308  3.6162  0.0615  0.2776  1.0695  6.0003  0.2762  2.315  5.4104  0.6789  2.6047  0.8631  2.7305  1.4326  0.7039  0.5554  0.526  2.5291  1.0576  0.3063  1.145  1.1385  32.4763  
trainID = 2083  5.7158  7.869  0.504  0.127  0.1623  1.6098  2.1662  10.7226  2.5701  8.9017  9.8468  0.2236  6.1728  4.5336  2.847  4.6789  4.3115  4.3885  9.8923  10.2398  11.666  14.8194  13.4953  19.6231  4.7561  7.703  6.8912  2.6119  1.6506  11.3545  11.5497  1.0303  6.3793  4.2067  5.5567  2.3931  6.3716  2.835  4.2724  33.3783  
trainID = 2096  4.0018  0.8751  0.826  0.492  3.767  0.729  33.2816  0.8848  5.6403  2.5337  0.7604  0.3563  1.2143  3.1026  2.5972  1.3216  1.0783  1.7316  3.3464  6.1373  3.895  5.4424  0.5664  1.8849  6.6662  3.6491  3.3877  2.3095  1.7377  0.08  3.4702  2.3387  3.2374  1.3074  0.396  3.3053  0.4899  4.8136  0.224  0.3461  35.7973  
trainID = 2128  5.6237  1.7382  2.5425  4.3099  4.9263  2.8222  4.3168  0.132  0.598  7.6308  3.5864  6.8261  10.8346  7.2867  8.1602  2.8621  3.2155  9.4836  1.0743  1.1708  1.4985  17.4381  8.3835  2.7504  0.749  9.2668  5.5605  0.098  1.8898  4.6134  3.7569  1.2438  1.2205  2.0195  5.617  3.1005  0.626  2.7013  3.3664  1.912  
trainID = 2153  0.7568  0.5227  0.097  2.018  4.0924  1.2415  1.3028  3.133  2.2991  1.4706  2.8176  2.6235  2.3504  0.5898  0.1092  1.7041  0.7444  1.8839  2.8464  1.7998  0.9642  5.4808  0.7673  2.4356  0.1173  0.2509  3.5701  0.6  0.3474  1.201  0.7997  1.2283  1.084  0.2871  4.0161  0.5191  1.8078  1.436  1.7209  1.905  0.89  0.3659  0.426  
trainID = 2196  4.0992  6.4204  0.691  1.583  1.5132  2.603  3.0705  9.0033  2.3241  6.8083  7.9577  3.7825  2.5473  3.4309  2.7222  1.4324  5.0625  5.6685  7.1487  10.7842  10.305  13.4404  20.6205  4.2182  2.8318  7.8679  0.5315  0.2206  5.0625  9.8773  10.3961  1.8121  4.2424  4.7635  5.7302  4.9697  6.6278  1.643  1.7175  33.7799  
trainID = 2221  7.0878  3.0949  0.027  0.885  5.3428  2.8095  34.0036  0.9395  6.3884  0.9582  3.1938  3.7111  1.2056  4.2964  2.7421  2.2168  0.8939  1.4448  3.8317  6.8558  5.6906  7.9057  5.0616  7.0169  7.6377  1.139  5.5404  2.2944  2.436  2.3239  7.3606  2.0062  0.5346  0.1951  3.4648  0.175  0.5048  2.7763  0.9623  3.2858  31.7592  
trainID = 2239  0.9433  1.362  3.9499  2.862  0.9109  0.123  0.5397  3.101  3.685  1.192  1.651  5.6403  0.6083  0.8672  0.1042  1.2394  4.7808  4.3535  2.6928  0.4208  0.4109  5.6503  1.0538  9.8626  0.9793  2.0068  0.6091  0.95  1.0773  0.0316  2.281  0.5588  1.2086  1.8787  2.4133  2.8376  0.992  0.559  2.8605  2.4741  0.46  0.1711  2.375  
trainID = 2240  0.7118  0.0104  1.556  1.556  2.3496  0.102  1.6961  4.5373  0.532  2.1294  3.0454  4.0493  0.9029  1.3743  1.8307  0.243  1.0002  1.1227  0.634  1.1198  0.3486  0.8436  0.8244  2.3473  0.1641  3.344  4.2527  1.6628  0.6821  1.8579  1.5478  0.7843  0.784  2.5041  0.7374  0.1694  0.261  3.1663  1.2698  1.0922  2.688  0.4786  0.599  
trainID = 2250  4.1317  2.3821  0.021  0.367  1.1592  1.0939  4.3732  8.2798  1.867  3.8557  5.621  4.0206  3.7001  2.2028  1.0721  1.1092  1.8671  2.696  8.2359  5.1503  8.6994  9.2213  11.7735  5.6897  4.7432  6.9821  0.403  2.2589  0.6315  7.402  8.4642  1.8194  1.0916  4.3566  5.2395  2.5635  6.2761  0.565  1.0149  33.9437  
trainID = 2262  1.8035  2.8036  1.727  2.2792  2.6535  1.8884  2.6956  4.087  0.193  0.6907  5.7961  2.0522  0.768  2.351  1.2153  3.3191  0.8402  4.8725  0.4831  1.1447  2.8158  7.2229  3.1616  0.5931  1.2431  0.6259  2.6753  1.264  2.6348  2.5101  0.6284  1.3891  0.1401  0.9384  2.1271  0.0586  0.011  0.458  2.9515  1.397  
trainID = 2296  0.0443  2.3869  1.01  0.019  1.6875  0.215  0.8907  2.6979  0.7383  3.9504  3.0636  2.8974  1.1025  0.4824  1.1081  0.4884  0.3685  5.2955  1.7506  0.5341  4.6374  0.3547  9.3082  2.9847  0.068  5.5176  0.2009  2.8387  1.6898  3.7421  3.0918  0.5876  2.986  3.6872  2.1113  1.3769  1.6668  0.161  0.8777  34.6128  
trainID = 2327  2.2386  0.6118  0.08  1.122  4.2439  2.024  34.8426  0.6309  4.3703  2.2016  0.8404  3.2085  1.109  2.0558  1.6802  4.0848  0.9901  2.1234  1.6772  4.3459  5.6332  4.1864  4.5898  10.0634  1.3248  0.359  3.8667  0.3359  5.3074  0.1805  6.7751  2.5706  2.4013  1.5708  5.0082  4.7801  1.7122  3.7467  0.092  1.5981  32.7816  
trainID = 2334  1.6958  0.9157  0.435  0.287  1.0197  0.263  0.8237  0.49  0.07  3.7156  1.3207  2.8405  2.8169  1.8142  4.0415  0.814  1.7791  3.4617  5.0752  2.5958  0.1038  11.8371  12.1269  5.9324  2.6725  3.5364  0.2877  0.584  2.2885  1.2363  0.191  2.96  1.6569  2.071  0.7805  4.4235  0.271  0.794  3.2806  0.8612  0.053  0.7815  32.8524  
trainID = 2337  4.8571  1.4603  2.4438  1.5386  3.5149  2.1296  1.8603  5.071  0.94  4.2797  5.179  3.8357  2.1513  2.4631  1.6834  2.9387  1.5659  5.0554  1.8638  0.7847  3.7635  11.9761  6.8627  4.2758  0.1157  4.228  3.7726  1.6905  1.1216  3.8399  1.3496  3.1045  3.2163  1.6626  2.3547  1.2155  0.886  0.499  1.8514  2.735  
trainID = 2374  3.4095  1.4394  1.802  0.077  0.5956  0.223  0.8374  4.8779  0.977  0.6483  2.6744  1.2694  2.9571  3.4508  2.7454  0.0122  1.9438  1.727  3.0583  5.1116  8.3472  3.1266  7.3307  3.5905  3.0283  5.9333  1.0502  2.494  0.8672  6.9619  4.083  3.2033  0.6504  0.193  3.0485  0.1291  2.159  2.352  1.6456  35.987  
trainID = 2378  4.9965  2.0755  0.073  1.4775  1.0198  0.631  0.4793  3.5228  0.5079  1.9063  0.2356  3.014  1.2119  1.2226  1.2934  0.2307  0.6863  4.1365  3.6647  0.3584  3.928  2.6486  5.1365  0.5355  4.1566  4.2441  0.9253  3.6605  0.4515  3.8898  0.913  0.7846  1.3333  2.0263  2.9832  0.8337  0.1337  1.2434  2.0531  35.3193  
trainID = 2385  1.428  2.5888  0.069  0.293  0.531  1.807  2.8858  2.485  0.198  3.0557  1.4752  0.689  3.0437  1.7881  4.0398  0.394  2.803  1.2463  3.2837  1.9496  1.061  1.0329  1.9807  1.536  1.1195  5.5575  2.0869  1.236  2.629  3.4563  4.4551  0.1902  0.2118  2.5584  0.2575  5.2433  0.295  2.5189  1.3451  3.1868  0.627  1.3887  34.2582  
trainID = 2401  4.8234  0.6652  2.4419  3.8066  6.9647  4.3965  2.7532  2.853  1.576  4.8202  5.6049  1.1607  8.022  6.5783  7.4648  2.691  1.3409  10.2883  2.5472  0.9177  3.4394  15.6288  7.4982  3.4313  2.8725  7.2533  4.8708  0.296  3.2638  4.0177  4.0406  3.7995  3.4786  2.7306  4.2631  3.6667  1.162  1.347  0.3878  2.803  
trainID = 2409  3.5749  2.2681  0.398  2.3376  3.359  1.7557  0.9619  6.6116  1.8681  1.1162  3.5702  2.8168  3.8259  3.4038  1.1215  0.351  3.2055  3.6664  5.7551  6.0815  7.7549  6.8866  11.3824  6.0111  1.312  3.6458  3.2545  2.904  2.5297  7.9942  5.1841  1.4055  0.3708  4.333  4.0732  2.6069  5.1173  1.722  2.2112  34.4651  
trainID = 2412  0.5271  0.5966  0.199  0.237  4.0383  1.3848  0.0199  3.65  0.888  1.9018  1.6209  4.4553  0.5373  0.8308  0.6166  4.7847  0.898  0.9369  0.3368  0.4705  0.6952  5.2956  0.3757  0.2057  1.923  1.3207  1.4201  0.448  1.2592  0.149  0.8219  1.5518  1.7988  1.8328  2.0827  1.7239  3.0346  0.821  1.3551  2.2019  1.979  0.7078  0.97  
trainID = 2413  0.233  0.3357  0.192  0.713  1.7421  0.628  0.3449  3.131  0.283  4.5045  0.4422  3.7317  0.5864  3.7251  3.8866  0.219  0.8228  1.3867  2.2632  2.0122  0.6493  0.3388  3.1722  2.1304  2.2811  5.6999  4.1891  1.078  3.5566  3.6413  4.5684  2.3422  1.1547  1.5337  3.3196  2.5586  2.1152  1.8136  4.1322  0.8785  1.6422  0.5796  33.6349  
trainID = 2416  2.5965  0.9305  3.0505  1.5792  4.2595  1.4048  1.4975  4.3034  1.32  3.5177  4.4949  1.5513  2.0954  0.7133  3.2547  4.0004  1.1774  4.341  1.8692  1.6607  3.5497  10.7213  3.395  2.9238  0.6002  3.5801  5.005  3.0107  3.5529  3.3081  2.7874  1.6578  0.7919  1.7479  2.8223  1.299  0.027  0.397  1.1502  2.447  
trainID = 2417  1.2229  0.5602  0.5  1.991  1.9685  0.913  34.0366  2.6163  1.8589  2.3846  0.7266  2.3786  2.8667  3.1356  0.2011  0.4192  2.5304  1.1247  2.2706  0.7379  2.9115  1.3626  0.0438  7.1566  5.4264  2.4074  5.1595  0.8164  2.6667  1.2477  1.535  2.9215  3.3219  6.927  2.1692  2.2277  0.8747  0.2381  2.2846  2.1983  34.3558  
trainID = 2431  4.5489  5.0805  0.45  1.1931  4.8542  2.0425  0.7591  9.4917  0.2135  3.2963  6.25  1.2206  2.8342  3.527  1.9885  0.5726  2.7705  5.6455  7.8612  5.8537  10.4396  7.9366  11.8428  12.2144  4.7355  7.2744  1.5155  1.6875  1.9713  7.5157  7.2268  0.2827  3.2084  4.5877  5.1342  3.8112  4.1791  2.188  4.8729  31.6285  
trainID = 2433  2.3551  3.7708  0.112  2.063  2.7672  0.808  1.5854  3.98  3.5303  2.1861  2.3295  4.3886  0.3752  1.5479  0.2591  0.063  0.7501  1.4113  2.4955  1.9625  0.8786  2.7457  4.8417  11.7164  1.9841  1.2056  1.6705  1.091  2.6919  0.8445  0.3847  0.1728  1.068  0.9996  0.0867  1.7796  0.783  1.037  0.905  3.0087  0.236  1.592  
trainID = 2507  0.9885  0.3539  1.2193  0.509  1.8143  0.081  0.9927  3.7015  1.0861  0.162  4.8622  2.7554  2.2956  0.1876  0.7322  0.0071  2.6065  3.4168  6.5637  4.9706  5.2437  4.5804  5.8777  6.2376  2.189  7.2907  0.0659  3.6073  1.6392  4.6929  2.3059  1.8802  0.0948  2.5753  0.344  0.0716  2.7803  0.386  1.0364  35.2602  
trainID = 2516  0.8973  1.5104  1.7802  1.4585  1.6025  1.6471  1.3916  3.682  0.195  3.1787  3.707  5.1147  0.3121  1.7994  0.3645  3.6242  0.2505  3.1952  0.3988  2.1805  0.9802  9.5791  2.1439  6.8518  0.9735  2.054  2.1631  0.286  1.493  0.0364  2.9207  1.0582  1.6902  2.6917  2.1005  1.3656  1.064  1.06  1.1598  2.219  
trainID = 2526  0.8322  1.6955  2.6545  34.737  2.2426  3.805  1.969  3.2002  5.3714  1.5191  3.3042  4.4866  2.8968  0.12  0.871  1.1637  4.6219  1.2001  0.5093  2.382  20.1422  7.0466  2.2428  3.9283  4.1489  0.714  1.7756  4.8717  0.6934  2.2313  3.0771  3.2029  1.2279  2.805  0.155  3.0547  1.9679  2.4411  0.374  1.3253  35.0495  
trainID = 2531  0.6271  0.4417  1.5303  0.566  3.3227  1.784  1.5139  2.534  0.926  1.6378  1.6757  2.6651  3.0689  3.4039  3.8266  2.6736  0.89  1.2817  2.1133  1.2218  2.8147  2.2862  1.084  0.9387  1.3076  5.1415  0.9321  0.263  3.2935  0.6705  2.6073  0.1074  2.6012  2.1923  2.1127  2.9445  0.746  1.38  0.4357  0.1914  0.169  2.6274  34.5169  
trainID = 2534  1.983  0.4845  1.6481  1.7108  3.5669  0.269  0.1312  3.4635  2.147  0.8783  1.4912  2.4495  2.2235  1.0681  0.9638  0.6679  2.6245  2.249  4.6074  0.2043  6.0288  2.3874  1.4223  3.0452  0.208  5.6824  2.8769  0.6116  0.8536  3.5011  2.3465  0.8529  1.5264  1.8681  3.0026  1.0562  1.3577  0.829  0.1988  33.8284  
trainID = 2590  0.138  1.5124  1.354  0.694  3.412  0.151  0.9081  2.434  0.189  2.0932  1.7008  4.1922  0.2828  2.0265  3.2086  1.3916  1.2928  0.7288  2.1235  2.218  1.7914  3.0038  0.8298  0.2163  1.4781  2.1164  3.0281  0.732  2.4105  1.5661  0.1167  0.488  3.875  0.1113  0.413  1.7547  0.816  0.045  0.2512  1.9994  0.463  0.5937  1.263  
trainID = 2591  2.0495  1.1911  1.739  0.125  3.0427  0.786  32.5466  3.4205  3.505  1.3131  0.8324  1.9951  0.7332  1.7625  1.2933  1.552  1.1718  2.038  2.8577  0.3482  1.4223  1.9474  0.1634  5.9852  1.8489  0.216  5.0293  1.0911  1.9345  0.8662  2.4865  3.326  2.0047  3.2316  2.1488  4.105  0.4687  0.3152  1.976  0.7204  31.4245  
trainID = 2595  0.3351  0.0524  0.288  0.726  2.7392  3.0522  0.7881  0.751  2.131  2.8136  1.3394  1.3699  1.0926  2.2668  3.6469  0.6273  1.283  1.1177  2.3856  1.2273  1.9533  2.1894  2.0678  3.4201  1.8557  9.5475  0.7303  1.4926  5.6496  0.559  1.934  0.4876  2.3886  2.3901  0.824  2.1084  2.9345  1.7904  1.3644  0.3305  0.7722  1.1954  33.9727  
trainID = 2602  1.977  0.6926  0.749  1.133  3.3398  1.39  0.5544  3.8274  0.4774  1.6904  3.9578  2.9636  1.9684  0.1142  1.1937  2.1679  2.0518  5.1625  3.6005  3.4458  5.0735  2.0883  13.0794  2.4204  1.321  5.1499  0.7436  4.1754  1.8408  7.1312  1.8927  1.2671  1.3284  3.5321  5.5851  3.1349  2.2249  0.094  1.1885  34.5878  
trainID = 2604  0.4221  1.2456  0.19  0.414  0.832  2.309  1.1198  3.789  0.445  3.3298  0.0225  1.2005  0.9175  3.4883  1.989  1.2914  0.0814  0.8027  0.6694  1.0476  0.742  0.3624  1.3413  0.6119  0.1108  4.4972  2.4888  2.0336  4.8834  1.1589  3.5178  0.4304  1.7658  2.8246  0.8998  4.5069  0.965  2.5416  0.018  2.1253  0.434  1.5351  34.7577  
trainID = 2625  3.9772  2.9469  2.8297  0.499  3.0356  0.281  33.5246  0.3246  5.6613  1.1811  3.4242  4.3012  1.9544  3.7673  3.4071  1.5332  0.8559  1.8071  4.9425  1.9381  3.3386  6.2767  2.843  6.1975  2.6285  2.1293  5.0898  0.0018  0.333  1.5779  5.1635  2.3988  0.7383  1.38  3.1479  2.7436  1.8353  2.1104  0.631  0.9881  32.3025  
trainID = 2628  2.0547  3.4847  2.8481  0.517  2.9766  2.3563  0.2297  3.224  1.935  5.0615  4.5242  5.5918  2.3332  4.4616  3.7311  1.8651  1.7914  6.7565  0.6236  2.1565  1.8659  14.327  2.0747  6.7068  3.1201  5.9255  4.543  0.134  1.2588  0.9348  2.9511  2.6351  0.9851  1.4193  2.3566  2.2573  0.035  1.922  0.4563  2.414  
trainID = 2649  4.69  3.9872  0.096  0.27  0.2204  0.094  2.9525  7.7313  1.1411  3.8537  4.7536  3.5057  2.4634  1.8753  0.7874  1.5001  2.4555  4.7915  7.4839  7.5847  9.6056  6.1711  14.0917  4.6243  2.4857  7.9976  0.4352  2.9237  0.4258  8.7633  6.0221  1.257  1.1109  4.6731  2.0924  3.2367  4.1004  0.149  2.6872  34.1121  
trainID = 2672  3.9812  5.158  0.442  0.044  2.1342  0.757  35.5586  0.8772  10.0782  1.7091  7.7706  6.6477  1.2364  4.5152  5.5782  3.8167  0.1731  5.0275  4.3835  7.6436  6.5685  10.9464  8.9395  12.0107  14.2368  4.3139  6.7642  1.6332  3.1061  2.6766  11.1982  6.0218  0.277  2.6299  4.4682  3.9024  5.0481  4.1035  1.57  3.7572  32.2091  
trainID = 2711  1.2119  1.0723  0.34  0.039  1.8844  0.62  2.8006  3.3784  1.5768  2.8621  2.4403  4.1033  1.5657  0.3448  0.6933  1.6894  0.1521  2.2032  2.0872  0.8622  0.4563  1.1987  8.1352  2.1303  0.379  4.5495  1.3091  5.2042  0.2244  2.8601  2.7747  2.1867  2.4708  2.5495  2.2162  0.1096  1.7627  0.9369  1.4893  32.8937  
trainID = 2715  2.7272  1.3011  0.512  0.7625  0.7731  0.212  1.1094  4.8595  1.6439  2.3908  4.5526  5.1311  0.7209  1.2025  3.5613  0.2843  3.1915  2.5507  5.2718  6.8655  5.6083  3.2968  12.0001  0.7781  0.044  9.4031  0.203  5.3833  0.5973  7.5448  4.6725  3.212  3.2393  2.4109  3.6853  1.7736  4.4565  0.482  1.6087  36.5161  
trainID = 2724  2.5112  0.8025  2.6394  0.358  0.274  0.196  0.4171  3.093  1.474  1.9429  2.0335  1.0595  1.9215  0.9469  3.0808  0.338  3.0038  2.0077  4.7242  2.5503  0.1581  6.6606  6.0306  6.1394  1.8184  3.8787  1.4872  1.35  4.2669  2.6418  1.5118  0.3153  1.6628  1.9282  1.7074  3.046  0.792  2.4188  0.5236  1.0116  2.919  1.9624  33.8535  
trainID = 2756  3.3888  3.8804  0.653  1.75  0.4172  0.676  0.2296  1.804  4.785  2.1742  5.3424  5.3391  2.1682  1.0575  2.8344  1.1608  2.0492  0.5956  5.1674  4.44  0.9115  14.1053  6.3548  24.4988  3.511  0.2059  5.918  2.996  1.212  5.7654  0.7695  1.1777  1.6075  0.157  2.001  2.5302  3.7047  0.968  4.0318  0.457  
trainID = 2775  3.5284  4.8471  0.432  0.349  0.495  0.827  0.5418  9.4841  0.7147  5.2523  8.1152  1.4024  4.9482  4.5071  1.8875  0.7126  2.9615  4.0453  9.6158  10.131  8.9562  11.5696  11.8821  13.7305  4.9494  6.1637  1.2899  0.9917  2.3164  8.0053  8.0538  0.4576  2.323  4.5967  3.5219  4.555  5.6321  0.743  1.7283  32.9362  
trainID = 2776  2.0963  3.2893  2.1784  1.139  0.8777  0.688  1.362  4.7934  2.075  1.9194  6.5145  7.5153  4.2447  3.0885  3.8849  3.602  6.4747  2.295  7.4847  4.7739  3.6776  18.5114  0.4062  18.2768  5.0014  4.3589  2.5043  4.3427  3.9092  4.7903  0.9227  2.7403  0.4672  0.972  3.621  1.7712  4.2367  0.403  0.6071  2.539  
trainID = 2791  0.6815  0.5772  0.124  1.463  0.735  0.382  0.5617  1.606  0.197  1.2085  2.1714  1.7303  1.0225  0.4256  1.5913  2.5212  1.0747  1.3343  4.4508  1.3645  1.7485  1.5101  0.8895  1.4402  1.0371  3.446  0.2926  0.348  4.083  1.1929  0.4277  1.3332  2.2862  0.0312  1.0499  3.6684  0.449  1.4674  0.1146  1.5849  0.009  1.3321  33.5399  
trainID = 2837  5.2976  3.6971  1.292  0.783  2.8256  0.814  0.279  10.7011  2.1051  6.281  8.3421  1.8065  5.8598  3.0824  3.4663  0.6894  3.1115  5.2455  11.0529  10.4844  8.7595  13.1039  17.9673  11.9749  3.0492  8.3471  3.7439  2.7252  2.7633  12.8137  9.2896  0.6323  2.6398  7.0638  7.0083  1.6967  5.8556  0.8411  2.839  34.9673  
trainID = 2867  2.0985  3.3286  2.439  1.596  0.0374  0.002  1.0562  10.3251  1.8181  4.7658  8.5723  3.9386  5.5119  5.7023  3.5285  1.8415  4.0575  6.3085  9.6247  8.9762  8.7837  9.1733  20.8684  2.2024  5.1682  6.9558  0.8843  5.6254  0.2528  9.8849  7.9112  0.3318  2.1787  4.4901  8.2796  3.4244  3.6273  0.909  3.6307  34.2412  
trainID = 2876  1.101  0.5371  0.188  0.793  1.3919  0.758  1.465  1.301  3.0622  1.593  0.8821  1.8706  2.9752  1.7583  3.1207  1.4752  1.2567  0.1235  1.0519  3.7005  1.7367  2.092  1.9821  0.8652  0.7126  4.8192  0.9528  1.6711  5.4229  1.1302  4.1414  0.6149  3.8749  2.7874  2.1085  5.6333  3.7327  1.154  1.461  0.0585  0.3  0.3228  33.6506  
trainID = 2886  5.4906  1.5062  1.032  0.556  2.3939  0.574  1.3676  8.2416  1.185  6.3991  7.5836  2.3651  3.3736  2.6698  3.133  1.6877  3.1125  4.1645  8.929  6.8815  8.8454  10.3717  9.0157  11.4248  4.009  6.36  3.325  3.2246  3.6395  6.3229  7.0977  1.8871  3.6434  4.9183  4.2239  0.4131  2.163  1.3393  4.4567  32.1962  
trainID = 2914  4.3098  0.0932  0.177  1.282  2.8916  1.102  1.1496  4.6401  1.683  1.8513  2.1013  0.2912  1.6369  0.374  2.6333  0.7015  2.4007  3.1727  4.6309  1.5206  2.4603  15.0639  15.5155  13.0114  3.5114  6.7692  5.8695  0.797  5.3105  6.7621  0.5561  2.7438  4.1545  1.2966  0.3379  2.375  0.151  1.6422  0.8636  2.4604  1.088  3.461  32.8403  
trainID = 2921  1.6461  1.5847  0.842  1.281  2.6461  0.98  34.5636  1.1802  4.5159  0.1103  0.9767  3.8143  2.7452  0.533  0.0908  0.9427  1.8011  0.165  2.9947  1.5332  0.9926  4.3731  0.5255  8.4791  0.0203  0.851  5.6947  1.3777  3.4962  0.1291  1.4658  2.0231  1.7552  2.0791  3.9738  4.2041  0.7527  2.9864  0.664  1.565  36.1067  
trainID = 2953  1.3566  0.4186  1.3751  0.9694  2.4052  2.616  34.2776  0.9731  5.2629  0.5363  0.7482  1.3882  1.2446  1.7759  3.7736  1.0673  1.6389  0.1969  4.2285  7.5555  4.2318  6.8291  4.0254  4.1493  6.4981  1.9561  6.3294  1.4048  2.8848  0.7669  5.7185  0.5602  2.1578  0.1788  2.6678  2.7207  0.5137  0.4606  1.537  2.2899  32.9856  
trainID = 2995  4.8477  4.3133  1.38  0.228  1.7775  0.661  1.5809  2.5552  0.7966  2.6709  2.8796  3.6395  0.017  1.4871  0.235  0.5692  1.4961  1.1183  5.7008  5.4468  7.7054  3.7047  7.5038  2.0945  1.101  5.684  1.8838  1.4035  1.01  7.2819  2.2057  1.9986  2.7904  4.2474  2.6792  1.6537  1.6873  1.1826  1.4678  35.7415  
trainID = 2996  3.7781  4.3126  0.33  0.164  2.0557  0.113  1.8691  8.7869  1.3079  6.017  7.2045  3.1758  3.6514  4.9215  3.9151  1.0877  1.9119  4.8555  8.4546  7.556  9.2821  7.6526  15.1854  7.81  1.002  7.9546  0.4123  2.2903  1.9357  6.0317  7.4995  1.7607  0.2006  6.3981  7.4183  3.2124  4.5046  2.138  2.5555  31.3047  
trainID = 3000  2.6121  3.9268  1.296  0.715  1.9248  2.752  2.2603  8.9544  1.7681  4.1924  6.303  4.0824  3.2324  2.8403  3.9226  3.433  5.3195  4.1365  7.1029  9.9881  10.5004  12.5149  22.8399  4.6289  1.274  9.1412  3.6718  4.271  0.5022  11.4888  10.8432  2.2347  3.9216  4.452  5.9493  3.2523  5.032  2.517  2.6571  31.9896  
TrainID = 799  dbValue = 1.34013  nTestCell = 43  nTrainCell = 43  nDiff = 0  (X,Y) = (1365, 2545)  Position Error = 21.0238
TrainID = 829  dbValue = 1.37164  nTestCell = 43  nTrainCell = 43  nDiff = 0  (X,Y) = (1345, 2535)  Position Error = 21.9545
TrainID = 2590  dbValue = 1.42823  nTestCell = 43  nTrainCell = 43  nDiff = 0  (X,Y) = (1395, 2535)  Position Error = 32.8938
TrainID = 1321  dbValue = 1.42845  nTestCell = 43  nTrainCell = 43  nDiff = 0  (X,Y) = (1405, 2495)  Position Error = 50.2195
TrainID = 2412  dbValue = 1.46288  nTestCell = 43  nTrainCell = 43  nDiff = 0  (X,Y) = (1405, 2515)  Position Error = 41.9762
TrainID = 2240  dbValue = 1.46308  nTestCell = 43  nTrainCell = 43  nDiff = 0  (X,Y) = (1415, 2535)  Position Error = 52.1728
TrainID = 1571  dbValue = 1.48817  nTestCell = 43  nTrainCell = 43  nDiff = 0  (X,Y) = (1435, 2495)  Position Error = 76.6942
TrainID = 2153  dbValue = 1.54938  nTestCell = 43  nTrainCell = 43  nDiff = 0  (X,Y) = (1395, 2495)  Position Error = 42.45
TrainID = 1264  dbValue = 1.62118  nTestCell = 43  nTrainCell = 43  nDiff = 0  (X,Y) = (1345, 2545)  Position Error = 28.3196
TrainID = 427  dbValue = 1.68683  nTestCell = 43  nTrainCell = 43  nDiff = 0  (X,Y) = (1345, 2525)  Position Error = 19.0263
TrainID = 1040  dbValue = 1.87908  nTestCell = 43  nTrainCell = 40  nDiff = 3  (X,Y) = (1365, 2465)  Position Error = 59.0085
TrainID = 2433  dbValue = 1.9158  nTestCell = 43  nTrainCell = 42  nDiff = 1  (X,Y) = (1315, 2525)  Position Error = 49.0102
TrainID = 764  dbValue = 1.94282  nTestCell = 43  nTrainCell = 43  nDiff = 0  (X,Y) = (1455, 2495)  Position Error = 95.5092
TrainID = 2262  dbValue = 1.96274  nTestCell = 43  nTrainCell = 40  nDiff = 3  (X,Y) = (1425, 2465)  Position Error = 84.8646
TrainID = 2239  dbValue = 1.97043  nTestCell = 43  nTrainCell = 43  nDiff = 0  (X,Y) = (1325, 2505)  Position Error = 43.382
TrainID = 1178  dbValue = 2.00409  nTestCell = 43  nTrainCell = 43  nDiff = 0  (X,Y) = (1415, 2535)  Position Error = 52.1728
TrainID = 1096  dbValue = 2.0243  nTestCell = 43  nTrainCell = 43  nDiff = 0  (X,Y) = (1405, 2565)  Position Error = 57.9828
TrainID = 1676  dbValue = 2.03304  nTestCell = 43  nTrainCell = 43  nDiff = 0  (X,Y) = (1365, 2555)  Position Error = 31.0161
TrainID = 2516  dbValue = 2.05452  nTestCell = 43  nTrainCell = 40  nDiff = 3  (X,Y) = (1355, 2455)  Position Error = 69.5845
TrainID = 2791  dbValue = 2.05823  nTestCell = 43  nTrainCell = 43  nDiff = 0  (X,Y) = (1385, 2585)  Position Error = 64.5136
TrainID = 1627  dbValue = 2.08325  nTestCell = 43  nTrainCell = 43  nDiff = 0  (X,Y) = (1395, 2585)  Position Error = 68.4251
TrainID = 476  dbValue = 2.1158  nTestCell = 43  nTrainCell = 42  nDiff = 1  (X,Y) = (1315, 2495)  Position Error = 56.9386
TrainID = 2029  dbValue = 2.13644  nTestCell = 43  nTrainCell = 43  nDiff = 0  (X,Y) = (1395, 2595)  Position Error = 77.4726
TrainID = 699  dbValue = 2.1365  nTestCell = 43  nTrainCell = 40  nDiff = 3  (X,Y) = (1425, 2465)  Position Error = 84.8646
TrainID = 417  dbValue = 2.17025  nTestCell = 43  nTrainCell = 42  nDiff = 1  (X,Y) = (1285, 2555)  Position Error = 84.8646
TrainID = 1430  dbValue = 2.21202  nTestCell = 43  nTrainCell = 40  nDiff = 3  (X,Y) = (1425, 2595)  Position Error = 93.6056
TrainID = 814  dbValue = 2.32215  nTestCell = 43  nTrainCell = 43  nDiff = 0  (X,Y) = (1415, 2565)  Position Error = 65.437
TrainID = 2604  dbValue = 2.32928  nTestCell = 43  nTrainCell = 43  nDiff = 0  (X,Y) = (1385, 2645)  Position Error = 122.809
TrainID = 1313  dbValue = 2.3422  nTestCell = 43  nTrainCell = 43  nDiff = 0  (X,Y) = (1385, 2585)  Position Error = 64.5136
TrainID = 378  dbValue = 2.40172  nTestCell = 43  nTrainCell = 40  nDiff = 3  (X,Y) = (1445, 2455)  Position Error = 106.405
TrainID = 1814  dbValue = 2.40309  nTestCell = 43  nTrainCell = 43  nDiff = 0  (X,Y) = (1385, 2635)  Position Error = 112.969
TrainID = 896  dbValue = 2.418  nTestCell = 43  nTrainCell = 40  nDiff = 3  (X,Y) = (1455, 2465)  Position Error = 108.453
TrainID = 1231  dbValue = 2.46112  nTestCell = 43  nTrainCell = 43  nDiff = 0  (X,Y) = (1295, 2575)  Position Error = 85.8021
TrainID = 566  dbValue = 2.46962  nTestCell = 43  nTrainCell = 43  nDiff = 0  (X,Y) = (1365, 2565)  Position Error = 41.0122
TrainID = 689  dbValue = 2.47321  nTestCell = 43  nTrainCell = 43  nDiff = 0  (X,Y) = (1385, 2595)  Position Error = 74.0405
TrainID = 1766  dbValue = 2.48235  nTestCell = 43  nTrainCell = 40  nDiff = 3  (X,Y) = (1415, 2625)  Position Error = 113.146
TrainID = 411  dbValue = 2.48605  nTestCell = 43  nTrainCell = 43  nDiff = 0  (X,Y) = (1345, 2585)  Position Error = 63.8905
TrainID = 2531  dbValue = 2.53646  nTestCell = 43  nTrainCell = 43  nDiff = 0  (X,Y) = (1395, 2615)  Position Error = 96.1353
TrainID = 1223  dbValue = 2.59028  nTestCell = 43  nTrainCell = 40  nDiff = 3  (X,Y) = (1335, 2415)  Position Error = 112.792
TrainID = 2876  dbValue = 2.59604  nTestCell = 43  nTrainCell = 43  nDiff = 0  (X,Y) = (1395, 2625)  Position Error = 105.65
TrainID = 1459  dbValue = 2.60239  nTestCell = 43  nTrainCell = 40  nDiff = 3  (X,Y) = (1315, 2425)  Position Error = 110.463
TrainID = 2595  dbValue = 2.60445  nTestCell = 43  nTrainCell = 43  nDiff = 0  (X,Y) = (1395, 2605)  Position Error = 86.7295
TrainID = 2416  dbValue = 2.6098  nTestCell = 43  nTrainCell = 40  nDiff = 3  (X,Y) = (1415, 2435)  Position Error = 102.577
TrainID = 2385  dbValue = 2.6578  nTestCell = 43  nTrainCell = 43  nDiff = 0  (X,Y) = (1375, 2655)  Position Error = 131.461
TrainID = 1185  dbValue = 2.69134  nTestCell = 43  nTrainCell = 43  nDiff = 0  (X,Y) = (1325, 2605)  Position Error = 89.8999
TrainID = 2711  dbValue = 2.6941  nTestCell = 43  nTrainCell = 40  nDiff = 3  (X,Y) = (1415, 2645)  Position Error = 131.309
TrainID = 614  dbValue = 2.70603  nTestCell = 43  nTrainCell = 43  nDiff = 0  (X,Y) = (1335, 2585)  Position Error = 67.5426
TrainID = 2534  dbValue = 2.70789  nTestCell = 43  nTrainCell = 40  nDiff = 3  (X,Y) = (1455, 2545)  Position Error = 93.3916
TrainID = 1452  dbValue = 2.71345  nTestCell = 43  nTrainCell = 40  nDiff = 3  (X,Y) = (1435, 2425)  Position Error = 121.828
TrainID = 2378  dbValue = 2.74859  nTestCell = 43  nTrainCell = 40  nDiff = 3  (X,Y) = (1465, 2595)  Position Error = 123.458
TrainID = 2413  dbValue = 2.74868  nTestCell = 43  nTrainCell = 43  nDiff = 0  (X,Y) = (1355, 2645)  Position Error = 121.334
TrainID = 1039  dbValue = 2.78298  nTestCell = 43  nTrainCell = 40  nDiff = 3  (X,Y) = (1275, 2435)  Position Error = 125.865
TrainID = 2296  dbValue = 2.83081  nTestCell = 43  nTrainCell = 40  nDiff = 3  (X,Y) = (1455, 2615)  Position Error = 128.693
TrainID = 463  dbValue = 2.84616  nTestCell = 43  nTrainCell = 40  nDiff = 3  (X,Y) = (1445, 2415)  Position Error = 135.801
TrainID = 2014  dbValue = 2.86609  nTestCell = 43  nTrainCell = 40  nDiff = 3  (X,Y) = (1465, 2615)  Position Error = 135.949
TrainID = 2724  dbValue = 2.87113  nTestCell = 43  nTrainCell = 43  nDiff = 0  (X,Y) = (1325, 2595)  Position Error = 81.0062
TrainID = 2337  dbValue = 2.90343  nTestCell = 43  nTrainCell = 40  nDiff = 3  (X,Y) = (1395, 2415)  Position Error = 113.323
TrainID = 2628  dbValue = 2.92112  nTestCell = 43  nTrainCell = 40  nDiff = 3  (X,Y) = (1365, 2405)  Position Error = 119.004
TrainID = 786  dbValue = 2.93452  nTestCell = 43  nTrainCell = 40  nDiff = 3  (X,Y) = (1465, 2525)  Position Error = 101.005
TrainID = 2334  dbValue = 2.97343  nTestCell = 43  nTrainCell = 43  nDiff = 0  (X,Y) = (1305, 2615)  Position Error = 108.453
TrainID = 1617  dbValue = 2.98888  nTestCell = 43  nTrainCell = 43  nDiff = 0  (X,Y) = (1335, 2615)  Position Error = 95.5092
TrainID = 748  dbValue = 3.007  nTestCell = 43  nTrainCell = 43  nDiff = 0  (X,Y) = (1265, 2605)  Position Error = 127.914
TrainID = 1889  dbValue = 3.03512  nTestCell = 43  nTrainCell = 40  nDiff = 3  (X,Y) = (1435, 2645)  Position Error = 140.293
TrainID = 1134  dbValue = 3.07399  nTestCell = 43  nTrainCell = 40  nDiff = 3  (X,Y) = (1255, 2555)  Position Error = 113.323
TrainID = 1238  dbValue = 3.08404  nTestCell = 43  nTrainCell = 40  nDiff = 3  (X,Y) = (1495, 2565)  Position Error = 137.266
TrainID = 728  dbValue = 3.12766  nTestCell = 43  nTrainCell = 41  nDiff = 2  (X,Y) = (1445, 2525)  Position Error = 81.0062
TrainID = 2507  dbValue = 3.18663  nTestCell = 43  nTrainCell = 40  nDiff = 3  (X,Y) = (1505, 2565)  Position Error = 146.84
TrainID = 1611  dbValue = 3.18711  nTestCell = 43  nTrainCell = 41  nDiff = 2  (X,Y) = (1395, 2645)  Position Error = 124.908
TrainID = 1930  dbValue = 3.18983  nTestCell = 43  nTrainCell = 40  nDiff = 3  (X,Y) = (1335, 2445)  Position Error = 84.1546
TrainID = 1256  dbValue = 3.21066  nTestCell = 43  nTrainCell = 40  nDiff = 3  (X,Y) = (1465, 2635)  Position Error = 150.073
TrainID = 1964  dbValue = 3.22665  nTestCell = 43  nTrainCell = 40  nDiff = 3  (X,Y) = (1505, 2565)  Position Error = 146.84
TrainID = 1995  dbValue = 3.22971  nTestCell = 43  nTrainCell = 40  nDiff = 3  (X,Y) = (1225, 2515)  Position Error = 139.291
TrainID = 1804  dbValue = 3.2426  nTestCell = 43  nTrainCell = 40  nDiff = 3  (X,Y) = (1235, 2555)  Position Error = 132.673
TrainID = 1670  dbValue = 3.26718  nTestCell = 43  nTrainCell = 40  nDiff = 3  (X,Y) = (1195, 2495)  Position Error = 171.47
TrainID = 2756  dbValue = 3.3199  nTestCell = 43  nTrainCell = 40  nDiff = 3  (X,Y) = (1205, 2545)  Position Error = 160.381
TrainID = 1216  dbValue = 3.33033  nTestCell = 43  nTrainCell = 40  nDiff = 3  (X,Y) = (1525, 2545)  Position Error = 162.364
TrainID = 1549  dbValue = 3.3359  nTestCell = 43  nTrainCell = 40  nDiff = 3  (X,Y) = (1215, 2535)  Position Error = 149.405
TrainID = 2591  dbValue = 3.34181  nTestCell = 43  nTrainCell = 41  nDiff = 2  (X,Y) = (1435, 2565)  Position Error = 81.9878
TrainID = 1539  dbValue = 3.34696  nTestCell = 43  nTrainCell = 40  nDiff = 3  (X,Y) = (1405, 2355)  Position Error = 173.902
TrainID = 1842  dbValue = 3.39806  nTestCell = 43  nTrainCell = 40  nDiff = 3  (X,Y) = (1425, 2355)  Position Error = 179.672
TrainID = 2374  dbValue = 3.40045  nTestCell = 43  nTrainCell = 40  nDiff = 3  (X,Y) = (1525, 2595)  Position Error = 175.96
TrainID = 1999  dbValue = 3.44812  nTestCell = 43  nTrainCell = 41  nDiff = 2  (X,Y) = (1415, 2605)  Position Error = 95.7183
TrainID = 2995  dbValue = 3.46068  nTestCell = 43  nTrainCell = 40  nDiff = 3  (X,Y) = (1525, 2615)  Position Error = 184.938
TrainID = 2602  dbValue = 3.5079  nTestCell = 43  nTrainCell = 40  nDiff = 3  (X,Y) = (1475, 2655)  Position Error = 171.703
TrainID = 1127  dbValue = 3.56094  nTestCell = 43  nTrainCell = 41  nDiff = 2  (X,Y) = (1445, 2575)  Position Error = 95.7183
TrainID = 1764  dbValue = 3.58376  nTestCell = 43  nTrainCell = 40  nDiff = 3  (X,Y) = (1215, 2515)  Position Error = 149.272
TrainID = 2921  dbValue = 3.62102  nTestCell = 43  nTrainCell = 41  nDiff = 2  (X,Y) = (1445, 2615)  Position Error = 121.828
TrainID = 1174  dbValue = 3.63569  nTestCell = 43  nTrainCell = 41  nDiff = 2  (X,Y) = (1475, 2535)  Position Error = 111.544
TrainID = 1899  dbValue = 3.65792  nTestCell = 43  nTrainCell = 41  nDiff = 2  (X,Y) = (1475, 2535)  Position Error = 111.544
TrainID = 1578  dbValue = 3.66747  nTestCell = 43  nTrainCell = 41  nDiff = 2  (X,Y) = (1495, 2525)  Position Error = 131.004
TrainID = 1932  dbValue = 3.70022  nTestCell = 43  nTrainCell = 40  nDiff = 3  (X,Y) = (1185, 2515)  Position Error = 179.226
TrainID = 1590  dbValue = 3.70941  nTestCell = 43  nTrainCell = 40  nDiff = 3  (X,Y) = (1515, 2555)  Position Error = 154.149
TrainID = 2417  dbValue = 3.72429  nTestCell = 43  nTrainCell = 41  nDiff = 2  (X,Y) = (1385, 2655)  Position Error = 132.673
TrainID = 1606  dbValue = 3.74694  nTestCell = 43  nTrainCell = 40  nDiff = 3  (X,Y) = (1345, 2345)  Position Error = 180.006
TrainID = 858  dbValue = 3.7601  nTestCell = 43  nTrainCell = 40  nDiff = 3  (X,Y) = (1385, 2315)  Position Error = 210.052
TrainID = 1050  dbValue = 3.78387  nTestCell = 43  nTrainCell = 40  nDiff = 3  (X,Y) = (1565, 2555)  Position Error = 203.376
TrainID = 710  dbValue = 3.78617  nTestCell = 43  nTrainCell = 40  nDiff = 3  (X,Y) = (1165, 2525)  Position Error = 199.003
TrainID = 459  dbValue = 3.83082  nTestCell = 43  nTrainCell = 40  nDiff = 3  (X,Y) = (1475, 2345)  Position Error = 210.623
TrainID = 2776  dbValue = 3.85889  nTestCell = 43  nTrainCell = 40  nDiff = 3  (X,Y) = (1175, 2505)  Position Error = 189.953
TrainID = 2914  dbValue = 3.89963  nTestCell = 43  nTrainCell = 43  nDiff = 0  (X,Y) = (1275, 2615)  Position Error = 127.287
TrainID = 2096  dbValue = 3.90298  nTestCell = 43  nTrainCell = 41  nDiff = 2  (X,Y) = (1505, 2535)  Position Error = 141.428
TrainID = 2715  dbValue = 3.91348  nTestCell = 43  nTrainCell = 40  nDiff = 3  (X,Y) = (1535, 2655)  Position Error = 215.411
TrainID = 1552  dbValue = 3.95054  nTestCell = 43  nTrainCell = 40  nDiff = 3  (X,Y) = (1165, 2535)  Position Error = 199.304
TrainID = 1986  dbValue = 3.96023  nTestCell = 43  nTrainCell = 41  nDiff = 2  (X,Y) = (1515, 2585)  Position Error = 162.856
TrainID = 1948  dbValue = 3.98903  nTestCell = 43  nTrainCell = 41  nDiff = 2  (X,Y) = (1315, 2655)  Position Error = 139.864
TrainID = 2953  dbValue = 4.01646  nTestCell = 43  nTrainCell = 41  nDiff = 2  (X,Y) = (1515, 2545)  Position Error = 152.453
TrainID = 2401  dbValue = 4.04918  nTestCell = 43  nTrainCell = 40  nDiff = 3  (X,Y) = (1455, 2325)  Position Error = 218.82
TrainID = 2625  dbValue = 4.04994  nTestCell = 43  nTrainCell = 41  nDiff = 2  (X,Y) = (1495, 2565)  Position Error = 137.266
TrainID = 1137  dbValue = 4.06871  nTestCell = 43  nTrainCell = 40  nDiff = 3  (X,Y) = (1345, 2325)  Position Error = 199.905
TrainID = 1928  dbValue = 4.16698  nTestCell = 43  nTrainCell = 41  nDiff = 2  (X,Y) = (1495, 2585)  Position Error = 144.506
TrainID = 2128  dbValue = 4.17381  nTestCell = 43  nTrainCell = 40  nDiff = 3  (X,Y) = (1415, 2305)  Position Error = 224.86
TrainID = 1969  dbValue = 4.19253  nTestCell = 43  nTrainCell = 40  nDiff = 3  (X,Y) = (1585, 2545)  Position Error = 221.995
TrainID = 2327  dbValue = 4.22841  nTestCell = 43  nTrainCell = 41  nDiff = 2  (X,Y) = (1495, 2625)  Position Error = 165.415
TrainID = 1618  dbValue = 4.32264  nTestCell = 43  nTrainCell = 40  nDiff = 3  (X,Y) = (1585, 2545)  Position Error = 221.995
TrainID = 2409  dbValue = 4.33033  nTestCell = 43  nTrainCell = 40  nDiff = 3  (X,Y) = (1575, 2585)  Position Error = 219.641
TrainID = 2526  dbValue = 4.44042  nTestCell = 43  nTrainCell = 41  nDiff = 2  (X,Y) = (1285, 2635)  Position Error = 136.242
TrainID = 2649  dbValue = 4.48005  nTestCell = 43  nTrainCell = 40  nDiff = 3  (X,Y) = (1585, 2625)  Position Error = 242.986
TrainID = 2250  dbValue = 4.65862  nTestCell = 43  nTrainCell = 40  nDiff = 3  (X,Y) = (1615, 2605)  Position Error = 263.746
TrainID = 2221  dbValue = 4.68292  nTestCell = 43  nTrainCell = 41  nDiff = 2  (X,Y) = (1545, 2535)  Position Error = 181.334
TrainID = 1655  dbValue = 4.71189  nTestCell = 43  nTrainCell = 41  nDiff = 2  (X,Y) = (1285, 2625)  Position Error = 128.226
TrainID = 1487  dbValue = 4.71742  nTestCell = 43  nTrainCell = 40  nDiff = 3  (X,Y) = (1595, 2555)  Position Error = 233.071
TrainID = 1737  dbValue = 4.80638  nTestCell = 43  nTrainCell = 41  nDiff = 2  (X,Y) = (1565, 2565)  Position Error = 205.139
TrainID = 1439  dbValue = 4.9711  nTestCell = 43  nTrainCell = 40  nDiff = 3  (X,Y) = (1615, 2585)  Position Error = 258.306
TrainID = 996  dbValue = 5.00449  nTestCell = 43  nTrainCell = 40  nDiff = 3  (X,Y) = (1605, 2585)  Position Error = 248.6
TrainID = 2886  dbValue = 5.03809  nTestCell = 43  nTrainCell = 40  nDiff = 3  (X,Y) = (1615, 2575)  Position Error = 256.129
TrainID = 2996  dbValue = 5.05044  nTestCell = 43  nTrainCell = 40  nDiff = 3  (X,Y) = (1605, 2605)  Position Error = 254.248
TrainID = 2431  dbValue = 5.11766  nTestCell = 43  nTrainCell = 40  nDiff = 3  (X,Y) = (1615, 2585)  Position Error = 258.306
TrainID = 2775  dbValue = 5.23001  nTestCell = 43  nTrainCell = 40  nDiff = 3  (X,Y) = (1645, 2575)  Position Error = 285.591
TrainID = 1553  dbValue = 5.28909  nTestCell = 43  nTrainCell = 40  nDiff = 3  (X,Y) = (1625, 2645)  Position Error = 287.684
TrainID = 353  dbValue = 5.32888  nTestCell = 43  nTrainCell = 41  nDiff = 2  (X,Y) = (1575, 2595)  Position Error = 222.625
TrainID = 1809  dbValue = 5.56134  nTestCell = 43  nTrainCell = 41  nDiff = 2  (X,Y) = (1605, 2555)  Position Error = 242.986
TrainID = 2867  dbValue = 5.6088  nTestCell = 43  nTrainCell = 40  nDiff = 3  (X,Y) = (1645, 2645)  Position Error = 305.944
TrainID = 601  dbValue = 5.66944  nTestCell = 43  nTrainCell = 41  nDiff = 2  (X,Y) = (1615, 2545)  Position Error = 251.877
TrainID = 3000  dbValue = 5.86111  nTestCell = 43  nTrainCell = 40  nDiff = 3  (X,Y) = (1675, 2635)  Position Error = 330.215
TrainID = 1898  dbValue = 5.94638  nTestCell = 43  nTrainCell = 40  nDiff = 3  (X,Y) = (1665, 2595)  Position Error = 309.26
TrainID = 2196  dbValue = 5.98277  nTestCell = 43  nTrainCell = 40  nDiff = 3  (X,Y) = (1655, 2645)  Position Error = 315.154
TrainID = 1801  dbValue = 6.01793  nTestCell = 43  nTrainCell = 40  nDiff = 3  (X,Y) = (1665, 2605)  Position Error = 311.708
TrainID = 1325  dbValue = 6.09659  nTestCell = 43  nTrainCell = 40  nDiff = 3  (X,Y) = (1685, 2575)  Position Error = 325.026
TrainID = 2021  dbValue = 6.1225  nTestCell = 43  nTrainCell = 40  nDiff = 3  (X,Y) = (1675, 2565)  Position Error = 313.691
TrainID = 2837  dbValue = 6.13244  nTestCell = 43  nTrainCell = 40  nDiff = 3  (X,Y) = (1675, 2605)  Position Error = 321.375
TrainID = 2672  dbValue = 6.19301  nTestCell = 43  nTrainCell = 41  nDiff = 2  (X,Y) = (1635, 2585)  Position Error = 277.78
TrainID = 1093  dbValue = 6.50207  nTestCell = 43  nTrainCell = 40  nDiff = 3  (X,Y) = (1705, 2585)  Position Error = 346.413
TrainID = 824  dbValue = 6.59067  nTestCell = 43  nTrainCell = 40  nDiff = 3  (X,Y) = (1695, 2585)  Position Error = 336.574
TrainID = 1242  dbValue = 6.60259  nTestCell = 43  nTrainCell = 40  nDiff = 3  (X,Y) = (1705, 2615)  Position Error = 352.933
TrainID = 2083  dbValue = 6.75069  nTestCell = 43  nTrainCell = 40  nDiff = 3  (X,Y) = (1695, 2585)  Position Error = 336.574
TrainID = 843  dbValue = 6.8119  nTestCell = 43  nTrainCell = 40  nDiff = 3  (X,Y) = (1705, 2605)  Position Error = 350.488
