trainID = 132  2.248  1.4715  1.907  3.7371  3.1768  1.6259  3.314  0.3162  3.3535  5.4969  1.0435  1.3508  1.9208  0.6324  2.8992  0.6937  1.2473  0.8166  2.0621  10.1114  16.9116  0.5533  1.185  3.4675  3.4874  2.0136  1.8589  5.3549  4.4389  4.3579  1.3916  2.2839  3.8498  3.0546  1.669  0.448  3.1969  1.6907  4.6613  
trainID = 158  1.204  1.9979  1.714  4.4102  0.5712  1.5786  0.0961  1.6856  0.5077  3.5603  0.5019  0.3005  0.4837  0.2789  0.5762  0.7173  1.9237  1.2696  1.0103  1.0981  11.1221  0.6785  2.2912  1.9402  0.0859  1.8736  3.9485  6.2719  2.1071  3.675  0.5577  1.4956  3.5865  3.3523  1.351  1.1832  2.8519  1.7297  1.2382  
trainID = 165  1.187  2.9128  0.761  0.3093  1.137  1.0681  0.9081  3.6542  2.6601  2.7753  2.8236  2.6361  0.1554  0.0393  2.5181  2.6115  4.224  4.8254  3.816  5.0678  5.277  2.7801  1.8114  1.7208  0.03  0.0764  6.0407  8.4832  2.8937  0.0947  2.6246  3.6169  1.6989  3.5395  1.2124  1.9112  1.1309  0.5201  0.7282  0.867  
trainID = 168  0.382  0.9228  2.272  4.6247  1.1082  1.211  1.9258  4.6818  1.7476  2.3608  0.2478  1.2285  1.4263  0.4054  1.0082  5.9486  8.2422  9.0603  3.7966  9.0371  8.1909  4.1081  3.6014  2.1517  1.1687  0.3632  6.2776  8.8176  3.7897  0.4176  2.6038  2.4012  0.0006  5.5756  2.477  0.0893  2.2959  5.3947  0.6898  
trainID = 201  4.4791  0.7842  0.6837  3.7246  4.3463  2.6003  1.7284  2.9493  3.0741  0.82  0.3994  1.4498  9.0164  2.1017  0.4095  5.651  0.757  5.3623  2.8401  4.0826  6.2804  4.6863  1.0164  1.1062  10.7508  7.9993  5.517  0.3004  5.2906  2.0155  3.7513  3.732  0.6652  3.3262  1.7909  3.0453  36.4325  2.433  
trainID = 208  0.423  1.5609  1.737  2.5318  3.2303  3.0135  0.3483  1.2149  3.4916  2.9368  2.1861  2.1461  3.5134  0.8938  2.3228  9.786  10.4513  8.6788  5.0377  9.5785  5.2781  3.5181  4.2853  0.0908  4.9419  1.4561  10.59  5.9653  4.3269  1.789  3.0761  8.2849  1.5689  4.1109  0.7277  0.1357  1.7319  2.3607  2.392  
trainID = 219  4.6374  1.8391  1.568  4.861  1.6429  2.6846  0.2316  6.5277  4.8216  0.28  5.1133  1.9031  3.1306  1.1945  1.0725  6.9813  7.5925  8.6957  4.5001  10.8364  6.5169  4.1631  5.9245  0.4818  3.6692  0.6275  9.4192  8.5557  4.79  1.9353  2.4924  4.9649  0.5116  6.045  1.223  1.3576  3.0839  3.8267  1.323  
trainID = 224  0.007  0.578  1.098  1.765  2.9608  1.3501  1.5934  4.282  1.252  1.7636  1.2828  2.2341  5.6384  2.0075  2.9899  2.7465  1.4499  4.8835  2.8246  4.0585  3.5771  1.4533  2.1004  1.2438  0.5679  0.2317  3.7174  6.548  1.8985  0.9662  2.9041  1.8117  1.442  1.591  0.946  1.592  2.6589  2.6557  2.6091  0.105  
trainID = 234  35.7417  2.5472  4.1955  1.8215  4.3444  1.1353  0.1425  1.6211  1.7195  3.8961  0.9358  1.777  1.7239  1.3335  10.2605  5.1229  5.0076  5.1041  3.0838  4.1791  1.2604  2.2601  1.3173  1.4402  4.7164  4.2213  1.5094  5.177  2.4246  0.2001  0.3665  2.6081  2.811  3.1311  0.4885  3.5487  0.3332  0.085  0.588  
trainID = 271  1.009  1.6819  3.7432  6.0387  5.7645  1.2307  5.8557  1.3162  1.0065  4.245  0.1726  0.1524  0.6185  0.3744  1.621  3.2239  3.9842  2.0838  11.7861  14.9491  13.1326  3.193  2.6774  3.7813  0.5195  2.9644  1.4799  2.5449  7.0902  7.8764  3.334  0.1474  5.0378  0.2842  1.449  4.9106  1.6939  1.0346  2.2604  2.298  
trainID = 291  2.7708  0.6222  2.1947  5.5444  3.2843  5.3052  0.467  3.2894  2.9811  3.9856  0.4714  0.9589  8.9387  4.4751  2.8843  4.2023  4.5294  9.49  3.2801  5.4068  10.2141  1.9649  0.3452  0.3451  18.6145  12.1809  4.0708  1.8088  10.5  0.4836  6.9958  2.3237  0.4687  3.4542  1.9016  1.0843  37.5707  4.225  
trainID = 335  5.4102  0.3627  1.3127  6.7041  2.5181  4.0762  0.556  6.2112  3.1421  3.1392  0.3594  0.152  14.7903  6.266  5.1014  8.2862  3.2806  6.5655  0.8512  3.4308  11.7452  7.1955  1.9421  0.3581  33.8791  17.762  8.1416  1.3891  10.7757  2.7687  8.7597  6.1742  2.1993  3.2209  3.3344  6.0262  35.7445  4.118  
trainID = 347  35.0567  0.3184  0.4324  0.5616  5.4258  0.0619  0.8831  0.635  2.5949  2.8251  0.6704  0.3414  0.07  8.2131  6.1462  0.4196  8.0101  1.5141  9.3549  1.3149  1.912  5.3969  1.813  3.3394  4.1285  5.9672  7.046  6.9053  0.2574  5.5765  1.4112  3.3729  1.3982  1.6919  1.7254  1.0594  3.2414  37.4791  
trainID = 351  2.6158  0.9094  2.66  4.5746  1.9024  1.3208  1.0759  6.3222  0.4567  1.799  2.8615  1.4182  1.6151  2.6267  2.3034  4.4874  4.3457  7.0616  2.8088  9.5035  8.1403  1.1397  5.2452  2.2264  3.0453  0.3833  6.6408  9.457  1.7016  2.5444  2.457  3.875  1.2148  6.6653  1.501  0.1463  2.2929  5.3727  0.8604  
trainID = 359  3.5392  3.7638  0.8058  7.8301  1.2516  2.4734  0.37  3.8739  4.5151  1.9055  0.4034  0.509  9.3417  8.4962  0.5613  5.6036  4.9949  8.0331  1.9233  0.1546  6.6696  6.0729  3.4916  1.8514  3.6961  6.5029  8.7843  1.3624  5.2622  0.267  2.486  4.0453  2.7127  2.3812  1.4498  1.331  35.7681  1.301  
trainID = 393  2.242  1.3116  1.63  2.8986  4.4253  2.2763  3.3361  4.9906  1.2622  1.8113  2.8557  0.8901  3.4109  0.7565  2.5484  9.4438  10.1394  12.4215  5.4147  12.2413  3.1325  2.4401  3.7809  1.2626  1.9884  1.2375  7.0375  7.7677  5.9315  1.2236  3.3739  3.4493  0.8857  5.3414  0.139  4.9312  2.0459  3.1307  3.238  
trainID = 397  0.528  0.4178  0.334  1.0559  3.7647  3.6344  3.3265  2.6901  1.3522  2.4929  2.7655  0.8712  2.4602  2.0327  2.5412  6.257  7.4918  7.5122  2.6413  8.0408  3.7389  2.9961  2.2716  0.092  0.3318  0.3866  10.0505  5.801  6.5556  1.2515  2.2693  3.8996  1.14  5.0295  1.6682  1.9707  1.5319  3.9827  1.2466  
trainID = 405  4.1707  0.484  0.113  1.5717  0.454  2.1306  2.4073  2.9544  0.7104  2.9252  2.0535  1.3031  0.1634  0.3094  1.199  0.802  1.4431  4.0623  0.6605  0.2724  3.0982  1.901  0.8526  1.2839  0.1438  1.1933  3.717  4.6071  1.6029  1.2624  1.7083  0.9598  2.7903  1.169  1.3928  2.2212  0.8775  2.2317  0.5426  0.633  
trainID = 413  0.202  0.597  0.944  0.1749  1.9356  0.5583  3.7896  0.2217  2.8579  3.5696  0.2301  1.4909  1.6884  2.8544  0.169  0.2668  1.1737  1.343  2.9375  1.6914  12.2146  0.3314  0.9769  1.5126  3.2594  2.609  2.2356  4.1958  3.7252  5.2241  0.3653  3.0664  1.9245  2.0551  4.128  0.402  0.8359  1.8027  1.6383  
trainID = 431  34.6717  0.0809  4.0871  0.2167  2.0326  1.9487  1.8209  3.0988  1.042  1.4235  1.4483  0.3414  0.621  6.8236  3.5728  2.847  4.2441  4.25  2.1615  2.7762  3.8177  0.7606  0.2186  1.6815  1.3704  7.2516  0.1034  8.6601  2.8034  3.2098  8.9169  4.1435  0.6628  6.3603  1.0002  1.0388  3.2539  37.784  
trainID = 448  4.4683  1.7209  0.9937  9.0231  2.2645  4.1022  0.87  3.1513  5.2931  2.9272  0.1346  0.863  11.061  4.5652  2.5284  3.6002  1.3502  7.1244  0.8892  1.5514  10.8972  3.657  1.4617  1.0905  17.6865  11.0431  8.6864  3.488  10.766  0.7646  6.1709  3.7424  1.4881  5.5781  1.3604  2.6464  36.8947  2.194  
trainID = 461  35.1277  1.8825  0.0875  0.0747  5.4556  1.5804  2.1343  0.271  3.2133  2.0421  2.0054  0.1804  0.611  6.9189  1.5627  0.238  2.6027  0.5525  5.6934  2.3921  2.031  5.2198  3.3261  1.2554  2.2827  3.3703  4.8997  6.1547  0.2459  3.0469  2.4328  2.8114  2.9123  2.099  0.1612  0.3309  0.694  35.311  3.188  
trainID = 484  1.073  0.934  0.253  5.8826  0.9446  3.0209  1.5913  1.6895  1.4925  1.0888  4.6325  0.0033  1.6047  2.2441  1.8952  0.9684  1.8647  1.4441  0.548  2.0452  2.9694  2.2513  4.0958  0.2136  2.2692  2.027  3.3047  5.7474  2.6582  2.6113  0.48  1.6448  5.0441  1.8696  1.0178  2.4049  2.5799  3.1727  0.4308  1.698  
trainID = 496  3.8099  0.4006  1.1727  4.5634  1.5767  1.6961  0.9922  3.4174  3.8881  0.9527  1.2584  0.606  6.6427  3.2374  2.4871  4.7718  0.0966  7.1875  0.612  2.9193  8.6902  3.1579  0.6556  2.4959  15.9694  7.7162  3.2608  2.5791  7.2773  1.3114  4.8793  2.3812  0.9923  2.5547  2.4486  3.5142  35.6767  2.648  
trainID = 511  1.837  0.7693  0.496  5.5181  2.9348  0.1275  0.9478  4.2611  1.2641  4.173  1.9475  0.6744  3.075  1.0575  0.242  0.8341  3.0091  2.2097  0.7163  7.6548  13.4899  1.0316  3.925  0.6494  3.316  1.4907  4.1958  8.6775  4.538  4.4551  3.9453  4.2614  3.3705  2.1717  0.315  0.992  0.7999  3.5357  1.8864  
trainID = 512  2.7195  1.7836  2.2197  1.5141  4.8136  4.3862  0.824  2.3105  2.6541  0.7254  2.5534  0.953  7.0286  2.3274  3.8417  3.0471  1.1733  6.6551  3.7771  2.8678  6.5018  1.0675  1.6862  1.2573  15.7544  2.9404  7.2487  5.4611  8.8071  3.2373  6.8377  2.1102  4.2538  0.3563  1.5976  0.5041  37.9723  2.972  
trainID = 520  1.436  0.0852  4.0904  6.1845  3.5937  1.7623  1.2098  3.0255  2.6853  4.7623  0.0512  1.7047  1.0398  0.9848  1.5653  0.1632  2.9165  1.1833  1.8946  6.9596  13.1396  0.3621  2.3913  5.1392  3.7899  1.5701  1.1981  7.187  5.1823  5.0822  1.9249  1.7832  3.1035  1.8878  2.761  3.8827  1.8319  2.8147  1.9109  
trainID = 523  0.607  1.3169  0.19  1.1605  4.0011  4.1322  0.3585  4.024  2.2653  1.2697  5.8437  0.5429  2.9171  2.8537  4.9164  8.9051  8.5011  11.127  5.047  11.2483  3.5956  3.0901  5.6382  0.38  1.3908  0.4114  10.6666  7.3765  2.4679  0.5597  2.3253  5.3919  0.5535  7.4536  1.7536  5.2717  2.2799  2.4117  2.8688  
trainID = 529  4.1863  2.3802  2.2417  7.3361  2.2117  4.0692  0.834  7.1617  5.1381  2.9772  1.2604  1.117  11.8364  7.3605  2.7475  8.0979  2.8128  8.377  3.2421  2.3321  10.4387  3.569  0.1375  1.5312  14.8745  17.3738  23.7953  1.8992  10.1904  2.6727  6.5924  5.356  0.1072  0.8591  2.3013  2.7236  33.9375  1.874  
trainID = 534  1.262  2.1759  0.087  1.0816  6.1719  1.5057  5.4393  1.3229  1.2829  2.6287  2.7898  0.7039  1.1475  3.9894  1.717  1.3309  1.0133  1.4836  7.9571  11.9558  7.0286  1.404  3.6908  2.0698  1.0274  3.567  1.7645  4.229  5.2158  8.2171  4.526  2.3038  6.9903  0.9674  0.593  3.2421  0.2551  2.3447  4.8467  35.7533  
trainID = 558  34.4287  2.6225  4.1823  1.6848  2.0106  6.3168  0.8745  0.5758  2.4534  0.9254  3.1271  4.864  4.0472  9.5784  15.3611  14.3808  5.1643  10.8018  1.9672  3.5531  3.6167  2.6268  3.9389  1.4611  11.6584  7.3049  2.5589  2.1101  3.0442  3.8582  1.9229  7.6799  2.076  4.0424  0.2769  4.8917  1.0718  0.073  
trainID = 611  33.3887  0.086  1.2617  0.8497  1.6751  0.4114  0.6208  1.7757  1.4832  0.1792  1.9593  0.3674  0.119  1.3141  0.0866  3.7303  2.4718  2.6088  2.426  1.7737  1.8829  1.8303  0.5712  1.0824  0.474  1.3573  0.5464  0.1495  0.1011  1.5695  5.1361  0.2716  0  0.4389  1.6299  0.0963  0.7366  3.151  0.36  
trainID = 613  1.219  0.0517  1.428  2.9178  4.9248  2.5882  4.956  0.9327  2.4614  3.7999  1.8348  0.6839  0.3271  1.6044  1.2203  2.4619  0.1849  0.479  5.6959  6.6423  8.6623  0.5858  0.3901  0.6396  0.3448  3.398  1.3447  0.4577  3.0905  4.1725  0.0983  0.285  4.6162  2.2502  1.763  1.638  1.1796  4.2677  2.7855  0.816  
trainID = 618  4.0592  1.5982  0.9587  3.9345  3.9015  5.2112  2.156  3.9822  2.7121  1.2894  1.8814  0.209  10.3929  0.8255  2.6736  6.2034  1.0113  7.6039  2.8621  1.8609  9.8092  3.6619  1.6606  1.4306  20.1159  10.7738  0.6695  1.5768  9.3784  0.5308  6.9103  1.6949  2.6388  3.1727  2.9001  3.4491  35.9889  3.019  
trainID = 621  0.18  0.07  1.743  0.0027  2.7422  0.3008  3.2812  1.4591  0.3156  3.3682  0.4935  0.2193  3.0397  0.5562  1.108  4.9023  3.8083  0.6848  5.2373  6.1855  1.5579  1.4144  0.1094  0.1411  1.188  4.492  0.5477  0.5386  1.1606  4.9819  1.1721  0.0617  5.1109  2.5469  0.568  1.4039  1.5869  2.5279  1.8535  36.3208  0.333  
trainID = 640  0.921  0.7078  0.257  2.1768  1.6536  1.0202  2.2524  3.7632  1.1874  1.675  4.2491  0.5731  2.9224  0.9146  0.7472  2.6321  3.6897  4.8053  0.0608  4.9898  1.0321  2.7771  2.9647  3.1311  0.5238  0.5936  6.7302  5.3252  3.251  0.877  0.6999  5.2949  0.4207  0.3222  0.9444  3.4088  0.4419  0.9676  4.1678  0.277  
trainID = 658  1.84  0.5721  2.567  5.9684  1.7777  1.0355  1.1874  1.6606  3.0693  3.2959  3.2563  1.2449  1.6398  1.4351  1.2193  1.7596  2.0228  4.4454  0.548  6.9082  8.2877  3.3231  3.9109  0.2483  3.9684  0.3195  5.6775  5.8343  6.3592  3.0293  2.2243  1.1186  0.6331  4.4179  0.717  1.2531  2.1339  1.7587  2.4464  
trainID = 671  4.4983  3.2323  2.06  5.1091  6.5954  2.051  8.9918  1.4165  2.8015  4.0188  1.1852  2.8122  0.6259  0.7589  1.1851  1.3487  1.7512  1.1605  7.316  8.4851  17.9248  1.1282  0.9972  4.5526  2.4225  2.5852  1.0449  2.7212  4.5383  6.6153  2.1607  1.1245  2.886  1.1074  1.348  1.5703  1.2829  2.3347  4.1312  
trainID = 677  1.6634  2.1244  1.5707  2.0639  2.8766  3.2421  1.9259  2.5802  1.0318  0.1583  2.4054  1.754  9.2131  0.1224  3.2613  4.95  0.0444  4.6704  3.7591  6.3994  7.948  1.3237  2.5058  0.2252  18.2312  2.5115  8.0504  3.3695  6.7784  5.6114  6.7346  2.2922  1.6748  3.1096  1.3943  3.3666  38.0232  1.069  
trainID = 694  33.8847  2.1269  1.1827  0.3447  6.0895  2.4248  1.1047  3.201  3.1262  2.4341  0.3665  0.1233  0.015  1.5755  2.6534  2.3517  0.2335  0.2591  2.2622  0.0773  0.0016  2.9719  1.3865  0.1959  3.8658  7.2334  1.728  2.0051  0.9214  2.2599  3.6161  5.142  1.6492  0.9524  0.1174  1.8617  0.8508  0.706  
trainID = 712  5.4016  1.9407  2.9037  6.6564  1.312  2.5075  1.2911  4.1089  1.0084  2.2779  0.5747  0.272  7.1115  7.6846  3.2381  6.3045  2.2684  6.5676  1.7193  0.497  4.553  4.314  2.3902  0.4602  0.6367  3.9053  8.477  1.2028  4.9785  0.2544  1.3507  2.829  4.3818  2.6486  0.5242  3.561  0.918  1.481  
trainID = 713  0.7635  0.7353  0.5338  3.7364  2.281  2.2631  0.9863  4.059  1.4097  0.7687  1.0294  0.321  5.9262  0.0492  0.6597  2.9661  1.6391  6.6417  0.8364  3.8598  6.1053  1.7845  0.3781  0.1818  12.6499  5.3527  0.544  0.8488  4.5684  1.1406  3.2357  1.1153  0.5093  1.5273  0.8671  3.9686  35.9769  2.977  
trainID = 714  1.35  0.0339  1.486  6.0833  2.9838  0.1244  7.1361  2.1127  2.2031  4.4272  2.6086  3.8897  0.7524  1.2104  0.321  0.8497  1.4763  0.3802  4.9752  8.1936  16.4472  1.3881  1.455  4.6815  4.1567  2.2003  1.8603  4.9143  3.6397  7.4596  1.4112  0.9565  3.2118  2.4244  1.54  4.0637  1.2259  1.8897  2.0741  0.883  
trainID = 716  0.097  2.0239  1.417  0.5529  2.3725  0.0084  4.022  1.3579  0.9855  4.1609  0.4579  1.101  0.4951  1.0724  2.3  2.4354  5.3983  1.7405  5.9197  8.8343  3.6909  1.3022  0.4585  1.4271  1.2792  3.316  0.2708  3.9528  5.5446  5.1092  1.4296  2.1271  3.8538  0.8318  2.256  2.7712  0.9416  3.5917  0.3701  38.2146  
trainID = 734  0.309  0.5478  1.026  4.4022  1.9951  4.9204  0.3987  5.7192  4.1397  2.9323  2.6984  1.08  2.0679  0.4366  3.4314  3.1634  4.1288  7.3481  4.9114  9.1798  4.4688  0.7294  3.4719  0.242  3.1857  3.1485  6.0817  8.7253  4.6233  2.5385  1.0349  2.5298  0.8599  5.7891  0.516  3.2777  2.4289  2.5057  1.6554  
trainID = 740  1.9973  0.6127  0.4537  4.7993  0.8788  1.4667  0.932  4.8492  2.8751  0.3663  0.9894  1.8139  5.4268  5.7469  0.55  5.9001  3.5198  6.3642  3.9801  3.2191  4.7896  3.1952  1.1838  4.4385  0.2404  6.258  9.1743  0.4485  4.5458  0.4588  2.3678  1.4928  4.0125  0.9514  0.2326  1.7786  35.7657  0.89  
trainID = 744  34.4007  0.6763  3.6113  0.6661  3.6827  1.4717  2.1551  0.689  2.502  3.7081  0.4488  0.8209  0.7794  0.4678  10.4598  3.8854  4.7067  5.994  6.0388  3.5171  1.8181  3.2451  2.577  1.8244  4.7368  2.4488  1.0827  4.0076  1.5829  1.7646  0.1569  1.6616  1.9277  1.0772  0.6613  1.5267  1.6206  1.161  
trainID = 760  0.932  0.1058  1.023  2.4979  4.8321  0.3917  5.7403  1.0746  3.0628  2.823  1.4935  0.8533  0.8775  1.4516  0.168  1.5734  1.2821  0.0676  5.6872  4.23  9.7773  0.2216  0.9015  0.1833  2.9181  3.871  1.6363  0.0627  1.0866  5.2394  1.0756  0.5478  4.8209  0.0523  1.6616  4.4903  1.6069  3.3687  0.1782  1.659  0.237  
trainID = 773  36.2287  0.4671  1.202  1.497  5.6969  1.1363  3.0529  2.1673  1.3163  2.0841  0.4548  1.7804  0.068  0.1688  2.6281  5.5412  3.4168  2.4741  1.1875  4.0771  0.1438  1.9682  0.0428  0.6891  5.767  6.6816  1.9735  3.034  0.7607  2.9873  0.0029  3.6273  2.3265  3.273  0.4307  3.0187  1.5938  0.179  
trainID = 779  0.258  0.227  1.353  2.0631  3.7585  0.6117  3.0499  1.0381  0.8498  3.8317  1.5346  1.6295  0.0585  0.6854  1.822  3.0936  1.141  1.8114  9.211  8.6761  7.5577  0.2784  0.0456  3.7596  1.9891  4.442  0.1929  0.4423  3.4107  4.8744  0.1169  0.6723  4.403  2.5533  0.098  0.4773  1.3829  0.8901  1.9875  1.388  
trainID = 784  1.499  0.6837  2.362  3.9922  1.6044  3.7533  0.0074  1.6385  2.2656  3.2039  3.3688  0.8179  1.6073  1.6864  0.6031  0.6898  0.6813  3.1776  0.1905  3.6525  4.9295  0.0298  1.3625  0.6842  2.6652  3.603  1.3341  6.8041  3.7913  1.7615  2.2836  2.9538  2.6891  1.1328  0.32  0.3179  3.7909  2.7937  2.3899  1.93  
trainID = 790  1.193  1.4701  2.597  5.3496  1.3831  2.3801  0.1421  5.8985  6.9211  4.2057  0.6933  1.048  0.0837  1.0214  2.197  2.6318  2.6582  3.4849  0.24  12.6893  9.864  1.8347  5.5409  3.482  4.0268  1.0683  6.2797  9.2055  5.7199  3.6509  1.2616  4.246  1.4966  2.955  1.16  0.4709  2.9729  4.7577  3.9662  
trainID = 806  1.833  2.5948  0.349  2.4012  0.2451  3.4297  1.1177  4.8428  4.919  3.6487  1.3575  2.6725  0.0512  0.2184  1.0619  2.3704  3.3865  5.3644  1.3514  11.8479  10.1817  2.1833  6.7118  0.9794  5.3193  1.8807  5.3706  11.1321  5.6365  3.0246  3.6453  0.0505  0.2198  2.9582  1.997  2.1005  1.2289  4.4987  1.7018  
trainID = 812  1.774  0.7403  2.685  4.1131  3.0002  4.3082  0.214  5.5033  4.302  0.7802  2.9435  1.9651  2.6942  0.48  2.5931  4.2146  7.0916  7.5798  4.0738  10.9673  8.3799  1.2258  4.0936  1.2176  4.6954  0.7414  10.3384  10.3327  5.2609  0.9003  2.8479  3.0602  0.1443  6.3083  0.274  0.4621  3.7399  5.7997  2.384  0.613  
trainID = 817  36.3667  2.523  0.1297  0.3446  1.854  1.7553  3.9502  1.328  1.2698  2.9511  2.257  0.5974  1.106  7.4911  0.5609  2.4216  5.5438  0.9917  4.8461  1.8036  5.8721  6.4298  1.5284  1.5993  0.5218  15.2953  5.9273  1.428  3.0431  8.4521  4.132  5.383  2.4063  2.1636  2.4659  0.7525  3.3314  39.7276  2.366  
trainID = 854  1.9261  4.2011  4.0477  3.3515  2.7939  1.8713  3.5639  0.4039  1.9142  1.3382  2.3064  1.609  3.7652  3.3682  3.7728  3.5505  8.0143  3.9737  0.9704  3.937  0.3707  3.2896  4.002  1.186  6.2628  3.2589  9.5857  4.4647  2.4365  6.1783  4.2932  1.76  3.8711  0.5405  0.3672  0.6021  36.6527  0.184  
trainID = 857  33.7767  1.2005  2.5846  2.7201  3.0878  2.2374  0.7722  2.6653  2.0345  0.1731  1.7064  0.0522  0.187  0.6179  3.3602  6.8841  5.1059  4.362  3.3081  0.1398  0.6019  1.6905  2.6177  1.0525  3.6069  5.1534  1.2916  3.7089  0.7384  3.1256  1.0658  0.4684  0.235  0.4049  0.1121  1.6127  1.4329  0.73  
trainID = 880  0.0085  4.5141  2.0627  1.9168  5.5847  2.9663  0.115  2.365  0.3543  2.1672  2.0424  0.351  8.1618  2.2192  2.6867  3.7222  1.1389  4.5893  0.364  4.8293  7.6093  0.6695  0.9063  0.0268  16.3685  4.9905  11.3381  7.1084  6.8692  4.3334  6.8947  0.604  3.6031  5.5117  2.8446  2.0548  38.5022  2.758  
trainID = 888  3.6722  3.1604  0.149  1.8889  1.7385  3.0538  0.6569  6.3637  0.9908  3.5977  3.8482  1.5519  1.0323  0.4994  2.7622  4.8959  6.0362  6.9517  2.5274  11.4609  6.8421  1.5541  3.6456  2.6709  2.6995  0.583  10.2474  10.2141  2.6107  2.2824  0.9932  2.6891  1.2024  4.3022  0.847  0.1354  1.5749  3.3607  2.2098  
trainID = 901  35.4527  2.5863  1.3894  0.0765  7.7701  0.8813  2.2951  1.9129  3.6975  2.7961  2.146  0.4547  0.929  6.5268  5.2088  0.3395  1.4971  0.2146  7.5176  3.3811  1.5281  3.994  4.2263  1.4283  3.1988  1.1402  4.3197  7.0036  2.0984  4.5603  0.3134  0.7856  3.5018  1.3149  1.5289  1.4476  2.1066  34.9862  
trainID = 902  0.144  3.4663  0.303  0.8618  4.8455  1.7917  4.3424  4.3971  0.8384  2.9069  0.9529  0.9466  1.3372  2.7054  1.99  4.887  4.306  5.2926  4.4989  8.594  2.9697  0.063  4.1753  1.1434  2.3657  3.712  2.6825  5.769  4.3086  9.6599  3.525  2.8028  5.9794  1.1683  0.507  3.2926  1.7179  1.6627  0.3036  35.8137  
trainID = 903  0.202  0.3021  2.413  2.6146  5.8915  4.8143  2.4562  2.3894  1.8988  0.9762  4.8191  1.1568  2.408  2.6971  4.5858  13.7239  12.6917  14.3678  5.0412  7.1832  1.6805  5.4961  5.1394  2.8947  2.8573  0.9444  9.006  7.7704  2.8054  1.6895  4.0713  2.8382  0.7528  5.1252  0.8127  3.8489  0.1439  2.6007  3.5379  
trainID = 904  0.706  0.2565  1.57  2.6602  0.3504  1.3742  1.9248  4.3291  1.5174  3.4908  0.7049  0.2838  1.3364  1.6737  0.9111  1.9477  1.1249  4.0132  0.9778  3.9241  8.6655  2.2396  2.1748  1.256  2.1612  0.1825  4.2208  6.8436  4.1862  0.8714  2.3148  2.2459  2.0976  0.8259  0.295  2.1515  1.6269  1.1414  2.8587  
trainID = 908  3.5785  6.0537  2.6637  4.9894  2.0248  2.0096  0.801  3.9016  5.8431  0.4856  0.996  0.347  13.6413  11.7187  0.8463  7.5031  6.4472  8.8104  4.6011  1.2989  8.0919  4.3016  2.438  6.3425  2.8475  5.4507  10.6654  1.2379  4.3924  2.3383  0.9044  6.2396  6.7164  2.0694  1.4078  3.829  1.239  2.495  
trainID = 922  33.8157  1.2766  1.3357  1.9023  5.2569  0.8008  1.3099  0.5674  1.9888  0.8943  0.2931  1.183  1.5257  3.8457  4.8625  0.9841  3.95  1.0273  5.7575  1.3684  0.1431  7.5086  1.981  2.0948  1.5151  1.572  1.3642  2.82  0.9718  0.4714  1.3829  0.7326  1.7284  1.703  1.7204  0.346  1.6869  2.519  
trainID = 955  35.1607  0.8988  3.1055  2.1627  1.5808  3.9248  2.2312  2.4881  0.5964  1.1549  1.1426  1.9364  0.517  3.8812  5.2192  0.3636  3.0809  9.437  0.9269  1.7533  1.7335  2.5652  0.4817  1.7954  1.4457  7.1082  1.0384  5.0207  3.686  0.244  4.595  3.5811  2.8318  5.5541  0.1627  0.0749  1.1789  37.9048  
trainID = 985  3.0148  1.8148  2.33  5.3046  3.6813  0.4301  6.8611  1.9918  3.1211  4.726  0.8002  2.5814  1.8715  3.4794  1.019  2.7286  2.0188  0.3118  2.3776  7.5658  16.9011  0.8134  3.0375  3.5031  2.7974  3.828  0.7408  5.2092  6.1174  3.4063  0.5747  2.9488  2.4787  2.4139  2.673  2.7459  1.1179  4.3787  3.0778  
trainID = 995  0.672  0.7667  2.257  3.2579  1.8863  2.2848  2.4116  4.7433  2.7059  3.206  1.3041  1.7186  0.1399  1.7002  1.3182  5.9153  5.6314  7.7325  4.584  8.4692  2.3424  2.5221  1.7267  0.1141  1.0831  2.0753  6.4331  5.9015  2.8772  1.9883  4.8533  2.4074  2.7087  3.0178  0.018  3.0332  2.3949  3.2167  0.9351  0.139  
trainID = 1025  36.1097  0.4376  0.4334  1.1567  2.4652  0.2042  1.9487  1.9194  1.3729  0.585  1.2823  1.614  0.115  0.1797  0.9225  2.4941  0.7923  2.9875  2.2767  1.3843  2.8416  2.6176  0.6258  0.9503  0.1793  0.8742  2.2172  1.2558  0.3944  3.2009  3.8878  0.6979  1.607  1.7917  1.7339  0.4743  0.0669  0.469  0.12  
trainID = 1026  34.2967  1.5146  0.2764  0.1467  3.2401  0.9868  0.5913  0.188  3.5364  1.589  2.6231  0.3764  1.5406  2.1381  4.3209  5.021  2.6007  2.0833  5.2244  1.2165  0.4052  3.1323  1.3089  0.2485  2.9792  3.5154  1.5002  3.573  1.5742  0.7526  1.5061  0.2806  0.019  4.704  1.2619  1.7148  0.0132  0.946  
trainID = 1029  0.572  0.6863  0.581  0.2673  2.7413  0.4166  2.12  0.2792  0.2413  3.607  0.4685  3.0751  1.5918  2.3774  0.5884  2.6795  0.7842  2.1729  4.931  5.1947  0.3911  1.0625  0.2417  0.0658  1.2783  2.4652  0.9433  2.2351  2.7056  4.2629  0.2995  0.4479  3.9469  2.4441  0.306  4.0813  0.2257  1.2364  0.316  35.8023  
trainID = 1046  1.726  0.2307  0.358  1.5251  0.5693  2.1953  4.0266  5.2853  0.2685  0.531  0.2539  0.3986  1.4094  1.8067  2.0107  3.4568  4.2241  7.309  2.8312  4.8011  1.8027  1.1742  1.5664  3.2967  0.2029  2.3952  6.3691  7.3084  2.7405  0.612  1.2873  1.693  0.1122  2.9765  0.09  1.8448  1.7779  2.6647  1.7265  
trainID = 1057  1.5633  1.1405  3.2397  3.091  4.4615  1.4017  0.354  0.9757  3.2551  1.1867  1.7984  2.816  6.8304  2.2436  3.7834  2.0595  2.3404  4.6822  0.4268  0.9665  5.4609  2.2637  2.0547  1.4438  12.0892  6.7146  0.5832  1.6908  5.7071  1.1144  3.6104  2.0234  0.8236  2.2366  2.3358  3.1256  33.8871  2.434  
trainID = 1066  4.6393  3.0761  0.3953  6.6591  0.185  2.5889  1.166  4.7351  2.8651  0.427  0.5485  2.9255  10.3885  9.4437  1.3225  5.0387  2.7271  9.711  1.2076  1.5023  7.2046  7.3058  1.3762  2.8484  0.5339  7.5483  11.3568  0.0909  6.8225  0.7266  1.3473  4.1626  5.9379  0.9054  0.9923  1.6531  34.7281  0.213  
trainID = 1076  0.472  1.7691  3.4486  4.3587  4.1848  1.1056  6.8023  0.2705  1.0586  6.2303  0.8766  1.1778  3.4104  0.2254  0.5459  2.0445  3.1177  0.5112  8.0964  1.5895  15.0858  0.9222  1.4598  3.7685  1.5576  1.1219  1.4582  1.6071  4.8451  3.9392  1.1284  1.1693  5.5698  0.629  1.128  0.1477  2.2209  2.3577  0.9339  0.203  
trainID = 1098  2.0858  0.4075  0.9757  2.1232  3.7235  2.8112  0.746  1.8189  1.5524  0.3257  0.8808  0.6382  9.0231  1.9161  2.2674  2.5056  0.1364  6.1795  0.0595  1.3412  6.8934  2.7998  0.8656  0.9214  9.9605  6.0065  1.0569  2.8964  4.0637  2.8102  4.0866  3.1525  1.9206  2.9888  1.4363  0.834  37.6358  2.585  
trainID = 1109  1.498  2.4441  0.292  1.2988  6.7457  0.4137  2.5102  3.6954  0.8021  2.5607  0.8043  0.2783  1.8429  1.7854  0.617  4.4798  4.453  4.9492  5.747  8.7483  4.6764  2.7407  4.3321  0.0099  0.1818  2.9649  2.5925  5.7071  2.5212  8.9207  1.4965  3.0258  8.9772  0.0093  1.899  2.8168  0.9769  2.4687  0.4818  35.1923  
trainID = 1122  1.265  0.1804  0.01  2.8026  3.7124  3.0599  4.4366  7.5789  2.3033  1.4301  0.5658  2.0501  4.1201  3.4734  2.8198  11.1455  10.8865  12.0265  3.2606  11.0361  4.4981  1.932  3.0194  0.5655  2.012  0.2097  9.5136  8.4514  5.1694  0.0181  2.3988  2.8617  0.3451  5.8982  0.918  1.5717  1.0129  0.4979  2.5554  
trainID = 1129  1.939  5.1321  1.463  1.2992  7.5631  0.777  6.4224  4.2549  1.2207  3.1614  1.3106  3.1221  0.8739  2.1544  0.265  3.6707  3.4935  2.9996  16.5672  17.7629  12.0715  2.1401  0.4754  3.7282  2.0537  2.3846  1.6713  3.3705  4.386  9.7045  0.6931  3.3471  6.0831  0.6939  0.798  5.8634  1.0479  0.0023  1.6953  37.4436  
trainID = 1147  0.923  2.8362  2.8818  6.874  0.6283  2.1755  1.6865  5.336  0.404  3.0423  1.4488  2.1181  1.7593  1.3419  3.4068  2.5777  4.6658  5.7836  1.0558  9.3687  8.9651  1.2816  1.8563  1.2043  1.618  1.6806  6.4806  10.543  4.2554  1.4453  4.1313  2.4799  0.0566  2.9607  0.446  0.0497  3.0579  3.6147  1.5511  
trainID = 1180  1.3  0.4289  0.003  0.3415  1.7724  0.9394  1.6914  4.0486  1.0562  0.248  4.5142  3.3351  5.3263  1.7313  4.1229  8.4287  9.264  10.6465  4.0445  9.9516  0.642  4.3031  3.5049  0.0887  1.0611  0.8228  9.798  9.7714  4.7518  0.5699  1.921  3.8122  0.0652  5.488  0.5483  2.6169  0.8879  5.0327  1.8253  
trainID = 1181  1.527  1.582  1.542  2.2412  2.3761  0.9344  0.0491  3.7269  2.7443  1.5341  0.9703  1.6909  1.5226  1.7676  1.1299  1.251  1.9114  2.6383  0.4904  4.8219  7.6355  0.4528  3.6432  0.9579  1.3543  0.4662  1.85  6.5625  5.7607  2.5082  1.8495  2.7326  2.8581  2.3426  1.956  2.7692  2.1869  0.719  2.3205  1.676  
TrainID = 405  dbValue = 1.60946  nTestCell = 41  nTrainCell = 40  nDiff = 1  (X,Y) = (1755, 1385)  Position Error = 44.5982
TrainID = 158  dbValue = 1.96989  nTestCell = 41  nTrainCell = 39  nDiff = 2  (X,Y) = (1805, 1325)  Position Error = 75.4255
TrainID = 611  dbValue = 2.0506  nTestCell = 41  nTrainCell = 39  nDiff = 2  (X,Y) = (1805, 1435)  Position Error = 35.9026
TrainID = 413  dbValue = 2.08202  nTestCell = 41  nTrainCell = 39  nDiff = 2  (X,Y) = (1875, 1305)  Position Error = 122.919
TrainID = 760  dbValue = 2.09179  nTestCell = 41  nTrainCell = 41  nDiff = 0  (X,Y) = (1885, 1345)  Position Error = 103.774
TrainID = 484  dbValue = 2.09277  nTestCell = 41  nTrainCell = 40  nDiff = 1  (X,Y) = (1765, 1375)  Position Error = 40.6079
TrainID = 784  dbValue = 2.1263  nTestCell = 41  nTrainCell = 40  nDiff = 1  (X,Y) = (1775, 1335)  Position Error = 68.6222
TrainID = 640  dbValue = 2.13374  nTestCell = 41  nTrainCell = 40  nDiff = 1  (X,Y) = (1715, 1375)  Position Error = 85.7263
TrainID = 904  dbValue = 2.13939  nTestCell = 41  nTrainCell = 39  nDiff = 2  (X,Y) = (1755, 1325)  Position Error = 85.9593
TrainID = 224  dbValue = 2.18463  nTestCell = 41  nTrainCell = 40  nDiff = 1  (X,Y) = (1735, 1375)  Position Error = 66.8506
TrainID = 779  dbValue = 2.19165  nTestCell = 41  nTrainCell = 40  nDiff = 1  (X,Y) = (1915, 1345)  Position Error = 130.188
TrainID = 1025  dbValue = 2.22274  nTestCell = 41  nTrainCell = 39  nDiff = 2  (X,Y) = (1805, 1465)  Position Error = 65.4905
TrainID = 1181  dbValue = 2.22633  nTestCell = 41  nTrainCell = 40  nDiff = 1  (X,Y) = (1795, 1325)  Position Error = 75.0267
TrainID = 1046  dbValue = 2.22714  nTestCell = 41  nTrainCell = 39  nDiff = 2  (X,Y) = (1705, 1375)  Position Error = 95.3362
TrainID = 613  dbValue = 2.22999  nTestCell = 41  nTrainCell = 40  nDiff = 1  (X,Y) = (1895, 1345)  Position Error = 112.379
TrainID = 165  dbValue = 2.32869  nTestCell = 41  nTrainCell = 40  nDiff = 1  (X,Y) = (1695, 1365)  Position Error = 107.838
TrainID = 1029  dbValue = 2.50333  nTestCell = 41  nTrainCell = 40  nDiff = 1  (X,Y) = (1885, 1415)  Position Error = 89.2693
TrainID = 1076  dbValue = 2.56373  nTestCell = 41  nTrainCell = 40  nDiff = 1  (X,Y) = (1875, 1285)  Position Error = 138.957
TrainID = 621  dbValue = 2.66622  nTestCell = 41  nTrainCell = 41  nDiff = 0  (X,Y) = (1875, 1415)  Position Error = 79.4292
TrainID = 658  dbValue = 2.69524  nTestCell = 41  nTrainCell = 39  nDiff = 2  (X,Y) = (1745, 1295)  Position Error = 117.171
TrainID = 1026  dbValue = 2.70911  nTestCell = 41  nTrainCell = 38  nDiff = 3  (X,Y) = (1735, 1455)  Position Error = 82.8794
TrainID = 694  dbValue = 2.71847  nTestCell = 41  nTrainCell = 38  nDiff = 3  (X,Y) = (1745, 1425)  Position Error = 57.6975
TrainID = 922  dbValue = 2.79492  nTestCell = 41  nTrainCell = 38  nDiff = 3  (X,Y) = (1755, 1495)  Position Error = 103.87
TrainID = 857  dbValue = 2.80592  nTestCell = 41  nTrainCell = 38  nDiff = 3  (X,Y) = (1705, 1435)  Position Error = 98.4327
TrainID = 995  dbValue = 2.81232  nTestCell = 41  nTrainCell = 40  nDiff = 1  (X,Y) = (1665, 1345)  Position Error = 143
TrainID = 511  dbValue = 2.84092  nTestCell = 41  nTrainCell = 39  nDiff = 2  (X,Y) = (1775, 1255)  Position Error = 146.659
TrainID = 520  dbValue = 2.92924  nTestCell = 41  nTrainCell = 39  nDiff = 2  (X,Y) = (1805, 1265)  Position Error = 135.237
TrainID = 132  dbValue = 2.9564  nTestCell = 41  nTrainCell = 39  nDiff = 2  (X,Y) = (1855, 1255)  Position Error = 156.17
TrainID = 714  dbValue = 3.01202  nTestCell = 41  nTrainCell = 40  nDiff = 1  (X,Y) = (1865, 1255)  Position Error = 160.153
TrainID = 712  dbValue = 3.01348  nTestCell = 41  nTrainCell = 38  nDiff = 3  (X,Y) = (1705, 1545)  Position Error = 171.724
TrainID = 1147  dbValue = 3.02544  nTestCell = 41  nTrainCell = 39  nDiff = 2  (X,Y) = (1715, 1265)  Position Error = 157.953
TrainID = 773  dbValue = 3.03014  nTestCell = 41  nTrainCell = 38  nDiff = 3  (X,Y) = (1695, 1425)  Position Error = 105.019
TrainID = 397  dbValue = 3.03653  nTestCell = 41  nTrainCell = 39  nDiff = 2  (X,Y) = (1655, 1325)  Position Error = 160.59
TrainID = 168  dbValue = 3.12954  nTestCell = 41  nTrainCell = 39  nDiff = 2  (X,Y) = (1665, 1305)  Position Error = 162.631
TrainID = 734  dbValue = 3.14484  nTestCell = 41  nTrainCell = 39  nDiff = 2  (X,Y) = (1685, 1295)  Position Error = 153.522
TrainID = 806  dbValue = 3.22779  nTestCell = 41  nTrainCell = 39  nDiff = 2  (X,Y) = (1745, 1235)  Position Error = 173
TrainID = 716  dbValue = 3.23728  nTestCell = 41  nTrainCell = 40  nDiff = 1  (X,Y) = (1935, 1405)  Position Error = 138.091
TrainID = 985  dbValue = 3.25111  nTestCell = 41  nTrainCell = 39  nDiff = 2  (X,Y) = (1865, 1265)  Position Error = 151.159
TrainID = 888  dbValue = 3.26929  nTestCell = 41  nTrainCell = 39  nDiff = 2  (X,Y) = (1675, 1275)  Position Error = 174.668
TrainID = 351  dbValue = 3.27123  nTestCell = 41  nTrainCell = 39  nDiff = 2  (X,Y) = (1675, 1265)  Position Error = 181.959
TrainID = 713  dbValue = 3.29465  nTestCell = 41  nTrainCell = 38  nDiff = 3  (X,Y) = (1845, 1595)  Position Error = 200.821
TrainID = 744  dbValue = 3.30428  nTestCell = 41  nTrainCell = 38  nDiff = 3  (X,Y) = (1665, 1465)  Position Error = 147.136
TrainID = 671  dbValue = 3.33024  nTestCell = 41  nTrainCell = 39  nDiff = 2  (X,Y) = (1885, 1255)  Position Error = 169.614
TrainID = 1180  dbValue = 3.35143  nTestCell = 41  nTrainCell = 39  nDiff = 2  (X,Y) = (1625, 1355)  Position Error = 177.789
TrainID = 790  dbValue = 3.39096  nTestCell = 41  nTrainCell = 39  nDiff = 2  (X,Y) = (1725, 1225)  Position Error = 189.233
TrainID = 234  dbValue = 3.44051  nTestCell = 41  nTrainCell = 39  nDiff = 2  (X,Y) = (1675, 1465)  Position Error = 138.235
TrainID = 271  dbValue = 3.46417  nTestCell = 41  nTrainCell = 40  nDiff = 1  (X,Y) = (1955, 1335)  Position Error = 170.848
TrainID = 1098  dbValue = 3.53768  nTestCell = 41  nTrainCell = 38  nDiff = 3  (X,Y) = (1865, 1585)  Position Error = 197.101
TrainID = 812  dbValue = 3.62107  nTestCell = 41  nTrainCell = 40  nDiff = 1  (X,Y) = (1645, 1245)  Position Error = 217.092
TrainID = 1122  dbValue = 3.63109  nTestCell = 41  nTrainCell = 39  nDiff = 2  (X,Y) = (1615, 1305)  Position Error = 205.302
TrainID = 208  dbValue = 3.63366  nTestCell = 41  nTrainCell = 39  nDiff = 2  (X,Y) = (1635, 1315)  Position Error = 182.945
TrainID = 1057  dbValue = 3.63724  nTestCell = 41  nTrainCell = 38  nDiff = 3  (X,Y) = (1845, 1605)  Position Error = 210.545
TrainID = 740  dbValue = 3.65699  nTestCell = 41  nTrainCell = 38  nDiff = 3  (X,Y) = (1745, 1575)  Position Error = 182.562
TrainID = 1109  dbValue = 3.69894  nTestCell = 41  nTrainCell = 40  nDiff = 1  (X,Y) = (1995, 1435)  Position Error = 201.07
TrainID = 523  dbValue = 3.77216  nTestCell = 41  nTrainCell = 39  nDiff = 2  (X,Y) = (1615, 1275)  Position Error = 220.792
TrainID = 393  dbValue = 3.81138  nTestCell = 41  nTrainCell = 39  nDiff = 2  (X,Y) = (1605, 1315)  Position Error = 209.974
TrainID = 902  dbValue = 3.82575  nTestCell = 41  nTrainCell = 40  nDiff = 1  (X,Y) = (1985, 1435)  Position Error = 191.23
TrainID = 219  dbValue = 3.87244  nTestCell = 41  nTrainCell = 39  nDiff = 2  (X,Y) = (1665, 1275)  Position Error = 181.794
TrainID = 534  dbValue = 3.92707  nTestCell = 41  nTrainCell = 40  nDiff = 1  (X,Y) = (1945, 1385)  Position Error = 148.758
TrainID = 854  dbValue = 3.94698  nTestCell = 41  nTrainCell = 38  nDiff = 3  (X,Y) = (1985, 1445)  Position Error = 193.311
TrainID = 461  dbValue = 4.01024  nTestCell = 41  nTrainCell = 39  nDiff = 2  (X,Y) = (1785, 1545)  Position Error = 145.496
TrainID = 903  dbValue = 4.01662  nTestCell = 41  nTrainCell = 39  nDiff = 2  (X,Y) = (1585, 1335)  Position Error = 221.741
TrainID = 201  dbValue = 4.14208  nTestCell = 41  nTrainCell = 38  nDiff = 3  (X,Y) = (1805, 1615)  Position Error = 215.149
TrainID = 496  dbValue = 4.22362  nTestCell = 41  nTrainCell = 38  nDiff = 3  (X,Y) = (1835, 1635)  Position Error = 238.053
TrainID = 908  dbValue = 4.25178  nTestCell = 41  nTrainCell = 38  nDiff = 3  (X,Y) = (1645, 1655)  Position Error = 296.865
TrainID = 955  dbValue = 4.278  nTestCell = 41  nTrainCell = 38  nDiff = 3  (X,Y) = (1945, 1455)  Position Error = 157.889
TrainID = 359  dbValue = 4.36276  nTestCell = 41  nTrainCell = 38  nDiff = 3  (X,Y) = (1685, 1625)  Position Error = 251.334
TrainID = 901  dbValue = 4.38305  nTestCell = 41  nTrainCell = 38  nDiff = 3  (X,Y) = (1755, 1565)  Position Error = 170.262
TrainID = 1066  dbValue = 4.40279  nTestCell = 41  nTrainCell = 38  nDiff = 3  (X,Y) = (1695, 1625)  Position Error = 247.04
TrainID = 512  dbValue = 4.44055  nTestCell = 41  nTrainCell = 38  nDiff = 3  (X,Y) = (1915, 1625)  Position Error = 254.065
TrainID = 677  dbValue = 4.47464  nTestCell = 41  nTrainCell = 38  nDiff = 3  (X,Y) = (1905, 1635)  Position Error = 258.629
TrainID = 431  dbValue = 4.54069  nTestCell = 41  nTrainCell = 38  nDiff = 3  (X,Y) = (1975, 1465)  Position Error = 189.497
TrainID = 880  dbValue = 4.60928  nTestCell = 41  nTrainCell = 38  nDiff = 3  (X,Y) = (1935, 1605)  Position Error = 247.121
TrainID = 1129  dbValue = 4.62765  nTestCell = 41  nTrainCell = 40  nDiff = 1  (X,Y) = (1995, 1335)  Position Error = 208.396
TrainID = 347  dbValue = 4.69924  nTestCell = 41  nTrainCell = 38  nDiff = 3  (X,Y) = (1775, 1605)  Position Error = 206.177
TrainID = 618  dbValue = 4.86074  nTestCell = 41  nTrainCell = 38  nDiff = 3  (X,Y) = (1835, 1675)  Position Error = 277.613
TrainID = 817  dbValue = 4.94659  nTestCell = 41  nTrainCell = 39  nDiff = 2  (X,Y) = (1865, 1625)  Position Error = 235.051
TrainID = 558  dbValue = 5.08244  nTestCell = 41  nTrainCell = 38  nDiff = 3  (X,Y) = (1575, 1355)  Position Error = 226.515
TrainID = 291  dbValue = 5.09562  nTestCell = 41  nTrainCell = 38  nDiff = 3  (X,Y) = (1815, 1665)  Position Error = 265.611
TrainID = 448  dbValue = 5.2131  nTestCell = 41  nTrainCell = 38  nDiff = 3  (X,Y) = (1795, 1675)  Position Error = 275.007
TrainID = 529  dbValue = 5.99877  nTestCell = 41  nTrainCell = 38  nDiff = 3  (X,Y) = (1745, 1705)  Position Error = 309.401
TrainID = 335  dbValue = 6.52764  nTestCell = 41  nTrainCell = 38  nDiff = 3  (X,Y) = (1785, 1725)  Position Error = 325.221
