trainID = 317  0.253  0.3822  0.397  1.599  1.1251  0.6173  3.1546  4.891  2.9827  1.1572  0.3743  2.3862  0.9099  0.548  1.2418  2.8371  2.0751  1.279  4.7226  0.788  1.6992  3.0209  1.1563  5.1046  3.4234  0.3025  2.4798  0.8594  1.0568  0.075  2.0432  0.8019  3.7028  0.2662  2.4635  0.5085  1.2812  1.668  1.2043  1.3439  1.5259  1.277  0.866  0.8474  3.413  1.8428  3.416  3.812  3.4702  
trainID = 356  1.9565  0.7857  1.109  0.5644  1.5342  0.774  1.8906  3.6658  0.0279  0.9518  2.6383  1.0502  2.288  0.5495  0.2001  34.4707  5.0892  0.7163  3.7441  9.9803  13.517  2.2163  3.9245  1.8675  1.1171  0.8622  0.235  1.6391  2.0127  1.5274  4.7421  0.1869  2.0386  1.5587  0.339  2.1821  0.8682  0.4937  1.8374  0.1635  2.7992  1.9487  0.2902  1.199  5.3715  2.3813  
trainID = 438  3.0344  6.106  1.025  0.059  2.26  3.2629  5.708  0.7368  5.4023  1.4474  0.9778  1.2646  0.5204  0.196  4.1991  1.0721  0.9185  1.149  3.642  2.4457  3.084  0.1915  3.6762  17.3912  10.9203  1.269  4.7666  0.4998  3.1656  0.942  3.9037  7.4979  2.4417  1.1094  4.5345  2.8874  2.921  2.767  0.1162  2.0115  3.4221  0.043  4.9591  0.4903  1.9701  0.884  
trainID = 459  0.433  3.008  0.9063  1.333  2.8268  2.881  0.8313  4.0069  2.4298  2.6069  1.891  1.3206  3.8941  3.1015  1.468  2.954  0.1219  0.9068  0.8124  6.5277  5.7846  6.7396  0.305  1.1865  4.3682  0.5037  1.369  0.1837  4.4337  3.0446  0.8127  2.2247  1.1361  1.0452  2.042  5.3421  0.1788  1.9529  1.225  1.3056  3.1611  1.585  2.9469  0.861  3.954  1.5843  
trainID = 530  0.535  1.2277  0.648  2.2127  1.7625  3.2219  1.792  2.928  1.1827  0.2699  2.7598  1.0789  2.2158  0.075  0.7081  35.2247  2.6863  0.1421  1.4472  4.4799  5.4182  0.0135  1.4198  1.1659  0.9161  1.1992  0.268  0.3749  0.0042  0.587  2.2198  1.7123  1.1654  0.1238  1.949  1.6005  0.0041  0.7715  2.0048  2.7858  0.8716  0.445  2.7957  1.2925  6.0077  0.175  
trainID = 541  0.186  1.8718  0.778  1.3258  0.565  1.91  0.7821  1.6898  1.6521  3.8371  5.1806  0.865  1.121  0.1981  2.0251  1.3306  0.563  1.683  0.4137  2.1285  1.6513  5.8048  1.3807  3.2503  0.8302  0.5536  1.3745  0.12  1.0831  0.4521  1.6367  0.3786  2.1021  0.8617  0.5081  1.6298  0.4021  0.2553  0.1435  0.2885  0.045  0.6808  0.6161  3.3175  3.075  1.234  1.893  1.1528  
trainID = 560  0.035  0.3106  1.088  0.124  0.5081  0.6789  1.792  0.1303  0.5359  2.2129  2.6962  3.3676  2.4694  2.2714  0.6368  0.4841  34.1777  1.3917  2.0465  0.9409  2.2957  2.1848  1.1612  1.6389  1.2655  0.6091  1.3178  0.9788  0.1341  1.5215  0.6744  2.099  0.1694  1.703  0.7728  1.665  0.4273  0.0617  1.1734  1.9194  1.5395  0.3371  0.729  1.763  0.647  2.392  3.49  
trainID = 738  0.699  1.2264  1.513  0.99  0.5164  0.3422  3.8308  0.2319  0.4219  0.8451  1.4175  2.4768  1.0424  1.503  1.113  3.1341  0.3326  2.059  3.408  0.1351  1.5674  1.8705  3.594  5.2792  6.1793  2.6056  2.9205  2.1272  4.9129  1.1913  1.0111  0.4902  0.7038  1.9338  0.6006  1.4304  1.4758  0.4055  1.4112  2.8275  0.8749  1.684  0.1252  1.2101  2.3353  1.4061  0.588  2.299  0.155  
trainID = 770  0.746  3.2634  4.4284  1.4534  2.0211  3.2531  1.9353  2.6198  2.6808  1.8038  3.8246  2.6257  2.2623  1.6804  1.1891  0.36  0.677  2.351  2.1577  1.9806  1.667  3.2947  7.3075  5.0271  1.8882  2.9865  2.5513  0.271  2.3335  0.8241  3.3403  1.6701  5.8939  1.6526  0.4474  0.6957  3.262  0.2947  0.3209  0.2486  0.446  3.6685  0.4791  1.9099  2.4668  34.9191  
trainID = 803  0.21  1.6208  0.326  1.212  0.4175  1.9607  0.029  1.2972  2.2903  2.6573  1.4608  1.1043  3.7224  1.731  0.431  4.0921  1.4498  1.85  3.459  0.2546  1.0996  0.0539  0.2259  0.8083  0.4471  1.9378  1.7164  0.3859  4.2271  2.354  0.6651  0.3935  0.3119  1.5177  2.3015  1.5343  0.8301  1.414  0.3925  1.4635  2.0807  1.333  2.1269  0.181  1.8065  0.7959  2.733  3.493  2.8976  
trainID = 820  0.312  1.5615  0.115  2.235  0.4782  2.7962  2.808  3.923  2.6764  1.1234  0.6559  2.0841  0.7815  2.4023  0.5465  0.8025  36.4317  3.1695  2.8145  1.0776  9.8237  8.4596  3.2286  2.7963  0.3135  1.5246  1.3886  0.671  0.9861  2.5768  0.9543  3.9946  1.5048  0.9805  1.878  0.035  3.0702  1.8968  0.1785  1.206  0.4502  0.7143  1.589  1.8682  1.01  3.416  0.7959  
trainID = 1002  0.355  2.0089  1.559  0.78  1.103  1.8329  2.9263  3.9267  1.3482  1.6534  0.3447  2.4779  1.1628  2.276  0.7456  3.2311  0.5884  1.284  5.5735  1.519  3.8868  2.0219  4.7407  4.3583  2.4393  0.1257  2.5076  0.2295  3.0354  2.85  0.0002  0.9516  1.5364  1.1149  2.4283  1.1979  1.0578  0.192  0.8243  1.8147  0.3826  2.2506  3.9558  0.3891  4.1941  3.0395  0.962  1.916  2.9888  
trainID = 1037  1.594  1.3331  0.058  0.045  1.5531  0.4217  3.3608  1.2577  0.1559  0.9199  2.3966  2.1045  0.2636  0.644  0.5542  3.0511  2.123  0.714  5.9698  0.6559  0.2034  0.9092  0.9085  5.4407  0.7284  1.4659  1.3453  4.4334  0.8349  1.95  0.0409  0.1809  1.7516  0.6233  0.4789  0.1002  2.1136  1.767  1.3357  1.8332  0.0358  0.389  0.9952  0.8391  2.9824  3.6129  2.402  2.075  2.1372  
trainID = 1077  1.7312  0.7914  1.682  0.223  0.3134  3.3032  0.9665  2.4569  2.9966  0.0137  1.6031  0.9995  0.402  1.8361  0.1123  1.2731  0.681  4.013  2.1583  1.2832  1.7053  1.2145  5.675  6.1435  0.587  2.3137  0.0978  2.3784  3.4286  0.8638  2.6577  0.6527  4.2568  2.519  1.0041  0.5639  0.4434  3.0682  0.0328  1.1928  0.696  2.3874  0.2078  2.3629  2.1704  36.8801  
trainID = 1193  1.4182  3.678  2.905  1.22  0.8816  2.3542  1.302  0.0885  5.3295  2.1093  0.1668  3.4863  0.2349  1.096  1.3452  0.9635  1.1236  0.868  3.2  2.363  0.4501  0.3596  0.5255  8.9517  12.811  1.8094  2.044  1.0161  1.5304  1.7437  0.0559  4.1159  0.7332  1.3242  2.646  5.3276  1.6761  1.277  1.1606  0.305  1.0512  0.7  1.6862  0.9411  1.495  0.499  37.4091  
trainID = 1220  1.453  1.684  3.0429  1.059  0.6596  0.3993  0.9  2.26  1.652  0.0801  2.3336  0.296  1.1266  2.2858  0.5966  0.5527  1.4548  0.074  3.93  0.95  0.3729  2.058  9.8724  7.9397  11.5467  1.5176  0.4146  2.2365  3.3361  2.3906  0.6741  0.1119  2.0809  1.9053  2.0707  1.7933  0.8746  0.238  2.5592  0.8963  0.0045  1.028  0.8073  0.8987  0.7  0.7627  2.13  2.003  1.1312  
trainID = 1229  0.791  3.5787  2.7675  2.384  0.0261  0.653  5.1146  2.7706  4.3728  3.1142  1.9023  3.7294  1.0613  0.544  1.9917  0.3181  1.4121  0.165  5.5712  4.937  2.4194  3.1029  4.497  11.9893  5.7861  1.391  3.3086  0.6164  2.4704  4.0905  3.0481  6.1836  0.4433  4.442  3.5034  0.2456  2.9438  2.102  3.1962  0.1758  2.6477  0.169  2.5873  0.7591  0.961  1.5535  35.3491  
trainID = 1276  1.729  2.7407  0.109  0.5447  4.5164  3.0313  6.6739  3.1186  0.9771  2.5039  1.5099  1.0052  34.5031  0.5712  0.398  3.717  0.9362  0.7563  4.4231  7.9266  6.2897  7.6412  1.7866  2.617  2.4549  1.1984  4.3999  0.4477  0.5223  2.6318  5.3336  1.5743  0.8272  2.7019  0.621  3.4252  2.5857  1.6965  1.497  2.7656  0.9686  0.431  2.4358  0.222  4.218  1.328  
trainID = 1309  0.582  2.8922  0.744  2.187  0.2975  1.8412  0.64  1.7811  1.7621  1.2762  0.384  1.1304  1.5012  0.853  0.3065  1.2301  35.2067  2.6689  0.7726  1.7031  6.4339  5.6051  0.289  1.7491  0.1372  2.25  2.7809  1.2393  1.6441  0.5809  0.1308  4.1773  1.5592  1.2958  1.4464  1.4695  0.7713  1.2748  1.2198  0.334  0.0137  1.3872  1.579  1.3866  0.171  2.742  1.9737  
trainID = 1339  2.031  2.028  1.253  1.684  1.6604  0.5939  3.9263  0.2721  2.8263  2.8107  0.0065  0.9193  0.6613  2.7975  2.7228  1.0241  1.2011  0.374  2.615  0.352  2.4595  0.3983  5.1925  8.6137  17.7131  1.7383  2.679  2.4418  4.7021  0.031  1.0326  4.5238  1.8947  2.3015  3.2041  0.566  0.4275  0.057  2.0882  2.2249  4.3575  1.518  0.5253  2.0721  0.815  0.7106  34.5711  
trainID = 1343  0.368  1.6903  0.408  0.316  0.8088  0.8451  0.751  2.9134  1.3305  0.562  1.5786  2.5466  1.6569  1.358  0.7708  2.4731  1.614  0.913  3.467  0.7516  2.4273  0.1351  4.4546  7.8396  2.074  2.0839  4.4758  1.251  2.1676  3.0312  2.5078  2.6353  0.3394  3.4612  2.0634  0.3767  1.4729  2.316  1.0051  0.2366  0.7859  1.237  2.4897  0.9671  0.662  1.9606  34.4811  
trainID = 1344  1.186  4.5416  3.1632  1.97  1.9124  0.413  2.823  0.1175  2.6782  1.431  1.3799  0.3383  0.1958  0.102  1.045  1.4501  1.3863  0.766  2.996  0.9238  0.0888  0.3714  2.9932  9.2175  15.5741  2.0714  3.461  1.8152  2.113  0.195  1.1561  3.5325  0.7146  2.833  2.5854  0.4265  1.6113  2.481  1.9822  2.617  2.2193  2.191  1.9194  0.4961  0.616  0.9585  37.0201  
trainID = 1380  2.1037  0.4277  1.252  0.0116  2.0362  0.256  0.408  2.8203  0.732  1.7489  1.2849  0.2947  0.314  1.0625  2.0691  34.6727  2.2968  2.1522  4.3663  9.1913  15.9243  3.5351  3.257  0.5317  0.0802  0.0863  2.082  1.8721  3.4399  4.0747  5.6887  0.0197  1.5501  2.4621  1.1513  2.0932  1.664  0.9234  0.315  0.9002  1.0752  1.62  0.6652  0.322  5.9825  1.3077  
trainID = 1385  2.6361  0.7058  0.17  1.893  0.4093  3.0182  2.058  1.625  1.9103  0.5428  0.3562  1.0519  1.8393  0.861  1.6714  0.6621  3.4095  0.5571  2.4522  18.1008  15.1622  2.83  1.3132  1.1439  0.9023  3.0451  0.996  0.9481  0.5958  2.4097  5.9208  0.3162  1.8929  0.5941  0.893  0.1367  2.4526  1.1495  1.373  1.6535  0.861  1.9472  0.4098  0.356  4.8866  0.1575  
trainID = 1404  1.126  1.5328  0.063  1.4198  2.7237  3.0365  4.1438  0.2483  1.9679  0.8615  2.3267  2.3579  0.52  3.4713  1.9091  1.7538  1.298  1.403  0.5536  0.2645  0.2749  5.0529  3.7608  3.4692  1.0513  3.2849  4.3078  1.0193  1.9324  0.1631  1.5399  2.3585  4.8841  0.2671  0.8794  0.0108  1.608  2.3233  1.7425  0.045  1.179  2.1208  0.6711  3.1065  4.5656  35.1591  
trainID = 1415  1.8874  0.498  0.752  1.6662  0.8894  0.537  0.1684  2.2818  1.3301  0.0803  3.0849  1.2732  1.182  0.9271  2.1491  35.2417  1.803  0.9648  1.9777  3.9925  10.885  4.5527  2.251  1.7204  1.655  0.9923  1.4164  0.2454  3.5619  0.1211  2.8066  0.732  3.1711  2.2948  0.221  2.109  2.4179  0.6259  0.366  0.1131  1.2069  4.2595  0.129  0.612  2.45  1.8489  
trainID = 1429  2.113  4.1028  1.953  2.378  0.9811  0.1047  1.1  1.8438  2.7428  2.978  0.312  0.0817  1.2272  0.772  2.2054  1.6436  1.469  0.88  3.318  1.216  2.3968  0.5643  2.9626  18.5387  13.3453  0.2194  5.6496  2.3821  3.9463  2.9041  2.5387  7.7365  0.9312  2.477  2.9659  1.8258  3.7108  2.288  0.1814  0.6578  3.3525  0.257  3.141  1.4511  0.598  0.3312  36.7151  
trainID = 1517  1.33  1.8773  1.781  1.266  4.2338  0.0008  2.3533  1.9577  5.2634  6.8293  1.576  0.3637  0.7051  2.4902  0.309  2.242  1.5942  0.1633  2.7182  9.2377  7.3651  8.0497  1.5843  0.792  5.2363  1.9912  2.0981  0.3271  4.6672  1.4146  1.9087  1.1288  0.8888  1.986  1.687  4.1277  0.1161  1.0822  4.6237  1.0328  0.1772  3.8228  2.1054  0.577  2.724  0.4062  
trainID = 1577  1.171  0.8992  2.099  0.4967  0.5773  2.437  0.5025  1.6556  0.2591  2.3103  0.977  0.4236  0.411  1.8258  0.9111  1.1188  0.586  0.564  2.392  1.5212  1.5884  0.6557  3.3492  4.0017  1.9547  2.2463  0.6006  0.3596  0.61  0.1138  0.363  0.4522  0.1404  1.4407  0.6696  1.7315  0.024  0.5958  0.9049  2.0601  1.713  2.4491  1.4281  2.7215  0.7352  1.881  2.04  2.443  
trainID = 1601  1.3291  1.4124  1.765  0.265  0.4672  1.1223  2.038  3.4377  3.5662  0.4188  0.9853  3.1385  0.9405  1.846  1.9703  2.8551  0.452  0.58  4.285  0.1168  2.7707  1.3497  1.0819  8.1681  0.0481  1.8407  1.419  1.9058  0.7744  3.2197  0.3371  3.2975  1.9436  4.7895  3.0297  0.7381  0.3955  2.362  0.8706  0.885  3.7954  1.268  1.0854  0.8591  0.245  1.7399  38.1061  
trainID = 1628  1.5619  1.5832  1.772  3.368  1.2825  3.2442  0.877  1.1088  3.2237  0.165  2.5741  2.5792  3.2411  2.202  0.1547  1.6741  35.0987  2.741  0.3254  3.8888  8.2759  15.9709  4.6325  3.2872  3.0425  0.3328  2.5438  0.311  2.6931  4.989  0.7338  2.9642  2.2845  4.8877  4.323  0.5514  0.7439  3.6259  0.2347  0.791  1.629  3.079  0.672  1.0714  0.449  3.223  1.2828  
trainID = 1638  0.057  2.3914  0.491  0.221  1.4044  0.3178  1.649  4.8853  1.9203  0.8009  1.8304  0.7036  2.4402  1.73  0.1313  2.0811  0.0449  2.6346  4.308  0.0538  1.7945  0.7467  1.8496  2.3849  1.9672  1.12  3.2714  0.0788  0.0709  0.047  0.8459  1.548  1.1899  1.9746  2.6025  1.1166  0.7486  0.756  1.5836  0.2442  0.5098  1.382  1.3135  1.6591  2.6151  0.6953  0.314  0.623  2.4249  
trainID = 1657  0.869  2.0444  0.056  0.148  0.1183  0.0062  0.52  0.3477  3.4277  1.4664  0.3531  4.1548  3.6708  1.966  0.0565  1.8451  36.0017  3.2456  0.2162  4.9688  6.8454  15.1454  2.7642  3.0232  2.6105  1.1537  0.1637  1.927  1.6851  4.0654  2.2248  5.3314  1.8741  3.1609  1.2973  2.2717  1.9254  2.2201  2.5436  0.355  2.8285  3.702  3.8328  0.1177  1.692  3.665  0.2741  
trainID = 1671  0.276  3.1281  3.3718  0.441  2.5467  2.2047  5.377  2.7161  2.2621  3.8726  2.2958  4.0929  2.1144  1.111  3.7463  0.1857  1.7462  0.601  4.355  3.7768  3.3841  0.9271  4.0814  12.5103  4.5868  0.1636  4.4047  0.363  0.7462  1.7493  3.4084  3.8541  1.4053  4.5456  4.3588  2.3861  3.9047  0.269  1.9572  0.704  4.9447  1.145  3.5358  1.1901  1.031  1.2208  36.4861  
trainID = 1716  0.063  3.9433  1.528  2.412  2.3042  2.4486  1.976  0.4544  2.621  2.753  1.1352  3.3288  2.937  1.352  2.2486  2.4501  0.208  1.153  4.213  1.1699  4.4325  0.726  0.501  6.0844  1.2282  3.3257  2.0248  0.0938  0.8917  1.5462  1.5582  3.5562  0.4387  1.3095  3.574  0.4342  1.4626  0.698  0.0318  0.8033  3.4758  2.4367  0.5145  2.4311  2.7323  1.0426  34.9271  
trainID = 1746  1.9184  2.458  1.066  1.802  0.6976  2.8892  1.222  1.0162  1.6665  1.2502  2.5874  0.5904  0.0438  2.106  1.2953  0.1361  35.6107  1.1884  1.83  2.6758  14.5932  1.8697  6.3814  2.152  0.6812  0.8617  0.9723  0.663  0.3046  0.8562  0.1815  2.7982  0.2196  0.2875  0.0443  1.109  0.9097  1.2502  2.232  1.021  0.6506  0.3991  3.5951  1.3759  1.069  3.208  0.8775  
trainID = 1750  0.531  2.5614  1.428  1.188  0.4347  3.9792  1.14  1.049  1.5941  0.3027  1.9981  1.0701  2.0465  1.772  0.5025  1.4891  1.9028  0.154  2.143  2.3745  1.6295  0.0055  6.9816  6.3002  7.0788  1.4854  2.0025  0.5693  0.8253  1.808  0.3391  2.1733  1.2753  1.5151  0.8841  0.1474  0.876  2.877  0.8272  0.4009  1.4038  0.512  0.0845  1.2971  0.432  0.8009  1.441  0.96  2.38  
trainID = 1897  1.101  0.9107  1.463  0.515  3.0466  0.6647  2.8082  2.6973  0.528  2.9334  1.0947  0.2654  1.7107  2.9231  1.2197  2.5305  0.361  1.048  3.507  2.0922  1.7324  1.4909  10.8682  1.0093  22.0187  1.2447  2.807  0.8474  3.7559  1.7201  0.6274  2.3576  1.3525  0.75  3.6266  0.753  1.7593  0.4676  1.8172  3.2041  1.8061  0.04  2.4097  0.3681  0.312  0.3875  
trainID = 1938  0.025  1.4554  0.58  3.8001  1.5092  3.2217  0.2958  0.0683  1.0657  4.4674  4.0088  2.8344  0.847  0.1526  2.0451  36.0367  2.5175  0.8623  4.0102  1.7019  8.7866  3.1536  0.0106  2.4525  3.7519  3.2047  1.3093  0.7007  1.6493  0.18  6.0294  1.7433  3.0776  0.5746  0.386  1.6029  2.698  4.0695  0.324  2.0065  1.9034  5.0225  3.0527  0.276  2.035  2.2654  
trainID = 1970  2.657  1.3297  0.205  0.4636  0.4768  3.0042  2.94  1.3005  1.9107  2.0904  6.0709  2.2403  1.12  0.5024  0.5821  0.0212  2.6308  3.182  0.2374  0.5568  0.4045  5.4252  6.5756  0.9053  0.9368  0.0989  1.1575  0.9543  2.069  0.3369  1.292  1.9874  1.259  0.0694  0.1124  0.2819  3.256  2.3707  0.1833  0.1662  0.687  2.3831  1.2371  3.6043  2.6178  0.416  0.867  0.7264  
trainID = 2003  0.525  0.8603  0.1334  3.0718  3.4572  0.7539  2.7165  3.8442  4.3847  3.1821  0.791  0.5474  0.1451  4.111  1.764  3.891  0.2013  1.2222  0.2986  6.6782  6.4906  6.288  1.28  3.2032  5.1179  0.0736  2.5375  1.9283  6.5212  0.4924  3.4219  2.102  1.1571  1.5743  0.261  4.0513  0.8744  0.7189  1.359  1.5211  0.6911  0.324  0.5561  0.4  4.7337  2.2584  
trainID = 2027  3.74  3.5243  0.382  0.723  0.9267  0.4384  5.6977  1.37  0.3261  2.3454  1.3638  1.3233  1.7068  1.134  0.0249  0.6583  0.5394  2.3201  4.129  0.0624  2.2242  1.7908  1.5602  11.458  17.4393  0.4371  4.6625  0.2731  3.3077  0.159  0.0534  2.9347  2.8631  1.3472  0.0894  0.8537  1.15  1.176  4.5552  1.725  1.9812  1.464  0.187  1.5171  1.3  0.8064  36.4161  
trainID = 2084  0.412  3.983  1.568  1.136  1.8021  1.3998  3.1223  0.3471  1.4197  0.918  0.1161  2.8273  1.9217  0.713  2.5852  1.3901  1.3918  2.5121  3.535  2.8432  4.0069  1.0092  0.3098  6.8323  8.0824  1.7535  2.9487  1.9361  0.1866  0.237  2.0354  3.5568  0.1008  5.2431  2.8596  0.4221  1.3723  0.151  2.2292  1.2259  0.3904  0.671  2.4112  0.2039  0.893  2.5706  35.8191  
trainID = 2157  1.3961  2.7815  0.283  1.965  0.9336  1.6709  2.886  2.0132  2.5561  1.0035  0.1728  3.7535  1.5129  1.026  1.8354  1.8631  0.6742  1.22  2.733  2.681  2.2421  0.038  3.8301  5.6976  2.5642  0.5102  4.1988  1.132  0.3113  2.7585  0.1481  2.9973  0.0396  2.6108  0.0186  2.4524  0.6685  0.703  0.4886  1.6679  0.2412  2.3429  1.2324  0.7791  2.4752  2.1072  36.8311  
trainID = 2277  1.01  1.3789  0.059  0.243  2.1817  1.7552  1.484  3.6453  0.075  0.5714  1.7839  3.0258  3.7738  0.9  0.7362  0.0768  0.9427  0.268  1.867  1.6574  0.3783  1.4292  3.7023  2.0204  4.0781  0.1529  0.6167  0.4086  0.8858  2.4107  0.0087  1.2005  2.8748  2.6936  0.4594  0.6869  0.6115  0.4914  4.4353  0.9714  0.587  1.19  0.4645  0.6908  1.988  2.0513  1.773  3.475  1.7768  
trainID = 2364  2.8162  0.4689  0.677  0.416  1.4026  1.5302  0.729  0.0293  6.401  0.5266  1.3585  0.8604  0.7548  2.7774  0.3722  0.7461  38.1547  1.7395  0.5882  1.7736  11.9726  16.4607  5.1679  3.3617  5.0256  0.1352  0.3997  1.3413  1.1271  3.936  0.8817  6.574  1.2786  2.7399  2.6889  1.1632  1.0216  1.8558  0.1147  0.349  1.946  4.5895  0.226  0.9091  0.891  4.205  0.3033  
trainID = 2384  0.114  4.4301  3.8691  1.0794  0.2259  2.165  1.3675  0.2979  2.4698  1.5271  1.4586  1.1696  1.316  0.4208  1.9491  1.3673  0.404  2.802  3.2932  1.9209  0.7952  4.0785  0.4886  12.3854  0.9458  2.6853  4.2841  1.7113  1.8823  0.9132  2.4553  0.7173  1.8083  1.9987  2.2606  1.4272  0.09  1.8462  0.9609  0.3853  0.963  1.4285  0.0142  0.534  1.3425  36.0921  
trainID = 2393  1.022  0.8437  0.622  0.724  0.5315  0.1043  0.691  3.5864  1.2662  0.1046  2.4654  2.1219  2.1725  1.982  0.3021  0.6652  0.0371  0.322  2.748  0.1136  1.3123  1.5435  0.7387  1.1245  1.2169  0.4126  0.7215  0.9391  0.6249  2.5561  0.7432  2.372  0.0684  1.0344  0.7138  0.6819  0.0334  0.3681  1.5608  2.6092  0.1014  0.636  1.2403  0.5635  0.437  2.8982  0.822  2.591  3.0346  
trainID = 2401  32.2318  1.413  2.3968  2.6725  1.236  5.953  1.8081  1.8354  1.1088  1.9538  1.0868  0.224  3.311  0.4891  0.4941  0.999  3.778  1.2567  1.2047  2.9278  6.0653  8.0049  5.377  1.0141  0.0221  2.1219  1.9161  2.1888  0.54  3.3786  1.457  3.6829  1.4397  0.865  0.5618  0.755  1.4796  0.0786  0.6885  0.722  0.297  0.7029  2.6049  1.8572  1.435  1.729  0.7657  
trainID = 2415  0.347  2.9497  0.8583  1.138  3.5865  0.7517  0.4281  4.036  4.0446  4.8243  1.488  0.1833  1.9661  0.2729  1.855  2.407  1.4095  0.7484  0.8659  8.1744  9.0111  5.0808  1.2846  0.6685  2.4557  0.9199  1.458  2.8003  3.2335  2.3618  2.3375  1.5298  0.9513  2.3707  0.484  6.2887  1.355  0.5531  2.6272  1.6261  1.1897  5.7599  2.624  0.973  6.7338  0.5813  
trainID = 2424  0.604  2.2273  3.1037  1.412  0.203  0.5583  1.069  0.1307  1.5717  1.1751  1.0096  2.8969  0.8551  0.055  0.2773  1.5351  34.7487  2.2637  1.4172  0.3531  8.1559  10.3543  0.6776  3.9608  1.1514  0.685  2.3123  1.065  0.1712  1.165  1.904  3.3164  0.8584  3.02  0.8335  0.66  1.6382  1.8547  0.1044  1.467  0.5347  2.4693  0.442  0.5976  0.71  3.905  1.2834  
trainID = 2478  1.6202  3.2122  2.4604  0.56  1.3287  0.5298  3.0666  0.2039  0.1945  2.0552  1.5978  2.8755  0.3705  1.68  0.7956  3.0331  0.1232  1.371  2.317  0.1941  0.7793  0.8638  4.1898  5.0923  8.2929  0.1354  1.0027  0.8726  1.8795  0.139  0.8221  1.0735  2.2531  3.8652  0.2781  0.926  0.3626  0.886  2.0922  0.0692  0.1419  0.206  1.3137  1.3691  1.285  1.0527  0.386  3.014  1.8756  
trainID = 2532  0.849  0.3304  1.611  1.819  0.3376  3.0822  3.5162  0.5429  4.513  0.7545  0.6036  1.6841  0.3565  2.205  1.0435  0.0074  1.6879  0.0634  1.4326  13.4247  8.7976  1.7015  2.4318  0.0717  2.0414  2.7708  1.284  0.5251  1.1568  1.1049  4.4445  1.1546  2.2318  1.5202  3.1829  0.7089  1.1891  0.0533  0.395  0.898  0.6977  1.455  0.8823  0.116  4.378  1.4829  
trainID = 2568  1.9125  0.4037  0.275  0.288  0.3885  2.7192  2.704  0.6184  3.4679  1.4314  0.1402  4.995  2.3847  0.145  0.5163  0.6511  35.1487  2.6768  0.7368  1.8484  9.3418  16.8482  5.1699  4.3069  1.887  0.1128  1.2424  0.755  0.5571  3.8984  2.5296  4.9375  2.3073  2.8576  2.7957  0.6402  2.1104  5.175  1.8459  0.963  3.4092  4.3624  5.4204  1.391  0.254  3.126  0.9628  
trainID = 2579  1.4629  0.6039  0.871  2.623  3.0256  1.9902  0.955  1.5972  1.8545  2.6604  2.2916  1.9827  0.2544  0.929  0.6343  0.0601  36.2667  0.8446  3.6494  0.8291  15.3349  16.6706  1.1741  3.155  2.0934  2.9666  4.1774  1.5218  1.1701  4.3975  1.1977  4.2194  0.2209  1.0368  1.686  1.3337  0.8832  3.1744  2.1985  0.32  2.1644  1.5839  0.595  0.5765  1.758  2.696  0.5799  
trainID = 2612  0.333  2.6317  4.2089  1.412  3.2596  0.2264  2.687  1.2747  2.4912  1.7376  0.4802  2.3608  0.3549  0.241  0.7494  1.6203  0.1443  1.845  3.217  2.1538  0.6116  0.7782  0.1977  10.8995  12.4601  1.5632  5.5877  3.5805  1.9811  1.7422  4.1031  1.0974  1.9687  0.3885  3.1261  1.099  1.4789  0.772  2.3612  0.4287  1.0712  1.073  1.5925  2.0551  0.806  0.9503  34.5781  
trainID = 2616  0.832  0.1557  0.637  0.412  2.0152  0.3738  0.062  1.8153  1.9858  0.3539  1.2186  4.175  0.7697  2.8605  0.3369  0.1961  37.0827  3.3846  0.9387  0.0969  5.6381  14.0374  6.076  2.3899  3.6901  1.1453  0.5609  1.6323  0.2032  2.3827  0.8386  4.4607  0.6732  2.039  1.6582  0.334  1.5796  1.5581  1.3274  0.305  1.8538  1.8706  2.4276  1.2828  1.7757  5.4737  1.8373  
trainID = 2675  0.722  1.4702  1.203  1.508  1.7735  2.6777  4.1181  2.1362  0.9745  1.7745  1.0729  3.8833  1.5225  0.316  0.0037  0.7491  1.0308  3.5738  2.548  1.7811  0.293  1.4967  5.1061  4.9473  5.9931  1.6846  0.1739  4.2469  0.1128  0.8505  0.0266  2.7491  1.6107  1.6417  0.3412  0.2724  0.4672  2.226  1.4422  0.6746  1.5499  0.357  0.0288  3.774  3.3016  0.7275  0.433  3.357  3.1503  
trainID = 2792  1.8546  2.9643  2.308  1.483  2.9031  2.8541  3.9113  2.7098  2.1604  2.9547  0.1981  2.676  2.0981  1.905  3.3999  0.9631  0.3725  2.185  3.915  3.5437  4.0182  3.5834  5.6933  14.3857  10.948  1.8697  3.4384  0.5716  2.9514  1.7922  0.8167  4.8455  1.6851  2.2425  1.7342  0.0394  2.2493  2.803  0.5601  1.3196  2.5206  0.44  4.3193  1.5026  1.273  1.7793  37.7151  
trainID = 2799  1.076  0.7473  0.202  0.708  1.3153  1.8762  2.281  2.1388  4.5194  0.9432  0.5954  2.6862  0.4097  0.948  0.2366  1.719  36.2717  4.0287  0.6241  3.0925  3.6473  9.9032  4.1012  2.971  5.8924  2.376  1.6634  0.979  0.7301  3.5464  2.0954  3.7843  2.2094  5.05  2.4861  1.678  3.0367  1.2078  3.095  2.312  1.7414  0.2734  1.9202  0.8057  1.398  4.026  1.7515  
trainID = 2843  1.174  0.3446  1.202  0.1759  0.6976  1.671  1.5861  1.48  1.1346  0.4186  1.5097  1.7193  1.916  1.1055  0.1571  33.7547  0.3802  1.8591  0.4049  8.4446  7.6013  1.4568  2.4014  0.6685  1.2456  1.5199  0.059  1.6441  2.1428  2.1846  4.3886  1.2762  2.7825  3.8682  0.162  0.9643  2.2974  1.3897  0.056  1.7351  0.17  2.0629  1.0613  0.073  2.847  3.5172  
trainID = 2863  1.2908  2.4462  2.282  0.296  0.8755  1.5292  0.293  0.7564  2.1849  0.2896  0.3401  4.4385  0.5572  0.523  0.5795  2.9651  36.2127  1.7995  1.546  2.9152  3.1882  9.5838  5.5533  3.0036  2.1474  1.0013  1.1325  0.761  3.7561  5.8248  1.388  4.9865  0.3875  3.653  3.634  0.6619  2.0331  1.4021  2.0116  2.4915  0.2061  2.1001  1.197  1.6056  0.783  4.979  1.3959  
trainID = 2889  0.868  2.8065  2.009  0.972  2.5682  0.6655  4.8567  1.61  2.3173  2.6491  0.3498  4.9369  0.1455  0.3  2.4078  0.5755  1.0738  0.042  2.149  1.3164  1.7418  1.3103  1.9396  10.1458  3.7379  0.8935  3.7076  0.2871  3.4062  1.1134  2.1823  3.8426  0.7775  4.0872  3.0992  2.763  2.9199  0.462  0.0029  0.0708  1.9569  1.42  3.5865  1.3025  0.834  0.9226  
trainID = 2973  2.432  2.7967  1.169  0.206  3.9486  1.2865  1.054  1.5795  2.5158  1.1547  0.9884  2.9797  0.8247  0.232  0.6548  1.8051  2.9009  2.7843  3.313  0.3901  1.195  0.6001  5.6277  7.0546  4.9403  1.167  0.6174  3.9122  1.8008  1.128  1.6081  4.7048  0.8542  1.4222  1.4071  1.9528  3.6348  1.018  1.4968  2.3476  0.4936  2.0586  0.6445  1.4498  2.1986  2.9639  0.968  1.683  1.8626  
TrainID = 2393  dbValue = 1.1454  nTestCell = 49  nTrainCell = 49  nDiff = 0  (X,Y) = (1475, 2265)  Position Error = 33.2415
TrainID = 1577  dbValue = 1.30024  nTestCell = 49  nTrainCell = 48  nDiff = 1  (X,Y) = (1465, 2215)  Position Error = 19.105
TrainID = 1638  dbValue = 1.37905  nTestCell = 49  nTrainCell = 49  nDiff = 0  (X,Y) = (1425, 2255)  Position Error = 43.4166
TrainID = 541  dbValue = 1.39224  nTestCell = 49  nTrainCell = 48  nDiff = 1  (X,Y) = (1465, 2285)  Position Error = 51.0392
TrainID = 2277  dbValue = 1.46833  nTestCell = 49  nTrainCell = 49  nDiff = 0  (X,Y) = (1465, 2295)  Position Error = 61.0328
TrainID = 1037  dbValue = 1.49162  nTestCell = 49  nTrainCell = 49  nDiff = 0  (X,Y) = (1455, 2275)  Position Error = 41.7732
TrainID = 803  dbValue = 1.49191  nTestCell = 49  nTrainCell = 49  nDiff = 0  (X,Y) = (1445, 2245)  Position Error = 21.095
TrainID = 2478  dbValue = 1.55324  nTestCell = 49  nTrainCell = 49  nDiff = 0  (X,Y) = (1495, 2225)  Position Error = 33.2415
TrainID = 1970  dbValue = 1.58131  nTestCell = 49  nTrainCell = 48  nDiff = 1  (X,Y) = (1445, 2295)  Position Error = 63.6003
TrainID = 1750  dbValue = 1.6117  nTestCell = 49  nTrainCell = 49  nDiff = 0  (X,Y) = (1475, 2205)  Position Error = 31.3847
TrainID = 738  dbValue = 1.68273  nTestCell = 49  nTrainCell = 49  nDiff = 0  (X,Y) = (1495, 2215)  Position Error = 37.2156
TrainID = 2675  dbValue = 1.79336  nTestCell = 49  nTrainCell = 49  nDiff = 0  (X,Y) = (1455, 2305)  Position Error = 71.4493
TrainID = 317  dbValue = 1.80924  nTestCell = 49  nTrainCell = 49  nDiff = 0  (X,Y) = (1435, 2275)  Position Error = 49.6488
TrainID = 1220  dbValue = 1.8601  nTestCell = 49  nTrainCell = 49  nDiff = 0  (X,Y) = (1505, 2195)  Position Error = 57.3149
TrainID = 2532  dbValue = 1.88131  nTestCell = 49  nTrainCell = 46  nDiff = 3  (X,Y) = (1555, 2235)  Position Error = 92.0054
TrainID = 1002  dbValue = 1.92017  nTestCell = 49  nTrainCell = 49  nDiff = 0  (X,Y) = (1425, 2235)  Position Error = 38.0132
TrainID = 560  dbValue = 1.96954  nTestCell = 49  nTrainCell = 47  nDiff = 2  (X,Y) = (1505, 2265)  Position Error = 52.2015
TrainID = 2973  dbValue = 1.99649  nTestCell = 49  nTrainCell = 49  nDiff = 0  (X,Y) = (1485, 2305)  Position Error = 74.3303
TrainID = 2889  dbValue = 2.02461  nTestCell = 49  nTrainCell = 46  nDiff = 3  (X,Y) = (1405, 2205)  Position Error = 64.846
TrainID = 1385  dbValue = 2.17993  nTestCell = 49  nTrainCell = 46  nDiff = 3  (X,Y) = (1565, 2215)  Position Error = 103.755
TrainID = 2003  dbValue = 2.22861  nTestCell = 49  nTrainCell = 46  nDiff = 3  (X,Y) = (1495, 2335)  Position Error = 105.948
TrainID = 1897  dbValue = 2.23812  nTestCell = 49  nTrainCell = 46  nDiff = 3  (X,Y) = (1495, 2175)  Position Error = 67.1193
TrainID = 1309  dbValue = 2.24258  nTestCell = 49  nTrainCell = 47  nDiff = 2  (X,Y) = (1525, 2245)  Position Error = 62.9682
TrainID = 459  dbValue = 2.2508  nTestCell = 49  nTrainCell = 46  nDiff = 3  (X,Y) = (1475, 2345)  Position Error = 111.647
TrainID = 530  dbValue = 2.25847  nTestCell = 49  nTrainCell = 46  nDiff = 3  (X,Y) = (1525, 2255)  Position Error = 65.4599
TrainID = 2415  dbValue = 2.38248  nTestCell = 49  nTrainCell = 46  nDiff = 3  (X,Y) = (1475, 2335)  Position Error = 101.71
TrainID = 1517  dbValue = 2.39591  nTestCell = 49  nTrainCell = 46  nDiff = 3  (X,Y) = (1485, 2355)  Position Error = 122.984
TrainID = 2424  dbValue = 2.39923  nTestCell = 49  nTrainCell = 47  nDiff = 2  (X,Y) = (1555, 2255)  Position Error = 94.3663
TrainID = 2843  dbValue = 2.40676  nTestCell = 49  nTrainCell = 46  nDiff = 3  (X,Y) = (1535, 2265)  Position Error = 78.3901
TrainID = 1746  dbValue = 2.43859  nTestCell = 49  nTrainCell = 47  nDiff = 2  (X,Y) = (1535, 2215)  Position Error = 74.4648
TrainID = 2157  dbValue = 2.4691  nTestCell = 49  nTrainCell = 47  nDiff = 2  (X,Y) = (1415, 2235)  Position Error = 48.0104
TrainID = 1343  dbValue = 2.46937  nTestCell = 49  nTrainCell = 47  nDiff = 2  (X,Y) = (1395, 2225)  Position Error = 68.593
TrainID = 1077  dbValue = 2.48572  nTestCell = 49  nTrainCell = 46  nDiff = 3  (X,Y) = (1415, 2195)  Position Error = 61.8466
TrainID = 1415  dbValue = 2.50982  nTestCell = 49  nTrainCell = 46  nDiff = 3  (X,Y) = (1545, 2295)  Position Error = 102.201
TrainID = 2401  dbValue = 2.55598  nTestCell = 49  nTrainCell = 47  nDiff = 2  (X,Y) = (1455, 2325)  Position Error = 91.351
TrainID = 2384  dbValue = 2.56828  nTestCell = 49  nTrainCell = 46  nDiff = 3  (X,Y) = (1465, 2185)  Position Error = 49.0408
TrainID = 1601  dbValue = 2.58121  nTestCell = 49  nTrainCell = 47  nDiff = 2  (X,Y) = (1405, 2215)  Position Error = 61.0328
TrainID = 1404  dbValue = 2.60345  nTestCell = 49  nTrainCell = 46  nDiff = 3  (X,Y) = (1405, 2245)  Position Error = 59.0339
TrainID = 1716  dbValue = 2.6166  nTestCell = 49  nTrainCell = 47  nDiff = 2  (X,Y) = (1415, 2215)  Position Error = 51.6236
TrainID = 2084  dbValue = 2.66811  nTestCell = 49  nTrainCell = 47  nDiff = 2  (X,Y) = (1415, 2195)  Position Error = 61.8466
TrainID = 820  dbValue = 2.6831  nTestCell = 49  nTrainCell = 47  nDiff = 2  (X,Y) = (1545, 2245)  Position Error = 82.7345
TrainID = 2616  dbValue = 2.73944  nTestCell = 49  nTrainCell = 47  nDiff = 2  (X,Y) = (1575, 2305)  Position Error = 132.608
TrainID = 1193  dbValue = 2.76124  nTestCell = 49  nTrainCell = 47  nDiff = 2  (X,Y) = (1425, 2165)  Position Error = 78.7718
TrainID = 2612  dbValue = 2.80384  nTestCell = 49  nTrainCell = 47  nDiff = 2  (X,Y) = (1425, 2165)  Position Error = 78.7718
TrainID = 1344  dbValue = 2.85276  nTestCell = 49  nTrainCell = 47  nDiff = 2  (X,Y) = (1435, 2165)  Position Error = 74.4648
TrainID = 356  dbValue = 2.85447  nTestCell = 49  nTrainCell = 46  nDiff = 3  (X,Y) = (1565, 2265)  Position Error = 106.607
TrainID = 2863  dbValue = 2.87209  nTestCell = 49  nTrainCell = 47  nDiff = 2  (X,Y) = (1555, 2305)  Position Error = 116.211
TrainID = 1380  dbValue = 2.87227  nTestCell = 49  nTrainCell = 46  nDiff = 3  (X,Y) = (1585, 2275)  Position Error = 128.705
TrainID = 770  dbValue = 2.89522  nTestCell = 49  nTrainCell = 46  nDiff = 3  (X,Y) = (1395, 2195)  Position Error = 78.3901
TrainID = 438  dbValue = 2.89765  nTestCell = 49  nTrainCell = 46  nDiff = 3  (X,Y) = (1375, 2145)  Position Error = 125.16
TrainID = 2027  dbValue = 2.90355  nTestCell = 49  nTrainCell = 47  nDiff = 2  (X,Y) = (1445, 2165)  Position Error = 71.3092
TrainID = 1938  dbValue = 2.90807  nTestCell = 49  nTrainCell = 46  nDiff = 3  (X,Y) = (1545, 2305)  Position Error = 108.467
TrainID = 1339  dbValue = 2.99188  nTestCell = 49  nTrainCell = 47  nDiff = 2  (X,Y) = (1455, 2165)  Position Error = 69.4622
TrainID = 2799  dbValue = 3.00213  nTestCell = 49  nTrainCell = 47  nDiff = 2  (X,Y) = (1555, 2305)  Position Error = 116.211
TrainID = 1657  dbValue = 3.06771  nTestCell = 49  nTrainCell = 47  nDiff = 2  (X,Y) = (1585, 2285)  Position Error = 132.231
TrainID = 2579  dbValue = 3.0696  nTestCell = 49  nTrainCell = 47  nDiff = 2  (X,Y) = (1575, 2225)  Position Error = 112.361
TrainID = 2364  dbValue = 3.08058  nTestCell = 49  nTrainCell = 47  nDiff = 2  (X,Y) = (1605, 2275)  Position Error = 147.801
TrainID = 1276  dbValue = 3.13722  nTestCell = 49  nTrainCell = 46  nDiff = 3  (X,Y) = (1365, 2295)  Position Error = 115.434
TrainID = 1628  dbValue = 3.21894  nTestCell = 49  nTrainCell = 47  nDiff = 2  (X,Y) = (1595, 2285)  Position Error = 141.51
TrainID = 2568  dbValue = 3.24807  nTestCell = 49  nTrainCell = 47  nDiff = 2  (X,Y) = (1595, 2285)  Position Error = 141.51
TrainID = 1229  dbValue = 3.3444  nTestCell = 49  nTrainCell = 47  nDiff = 2  (X,Y) = (1365, 2185)  Position Error = 109.567
TrainID = 1429  dbValue = 3.35086  nTestCell = 49  nTrainCell = 47  nDiff = 2  (X,Y) = (1405, 2135)  Position Error = 114.739
TrainID = 1671  dbValue = 3.39329  nTestCell = 49  nTrainCell = 47  nDiff = 2  (X,Y) = (1375, 2185)  Position Error = 100.722
TrainID = 2792  dbValue = 3.49908  nTestCell = 49  nTrainCell = 47  nDiff = 2  (X,Y) = (1375, 2165)  Position Error = 111.826
