trainID = 131  1.4821  0.6483  2.7779  0.5569  1.5851  1.3399  0.031  0.36  3.671  2.3664  0.1788  2.8517  1.7371  3.116  3.0618  0.4533  2.0274  0.0877  2.1866  0.524  1.6343  1.188  0.377  0.709  1.8062  3.4307  1.7137  2.2514  0.5973  3.6796  3.549  1.7227  1.4876  1.0852  1.846  0.2007  0.2095  3.2241  0.4959  0.4363  0.8621  0.8283  
trainID = 147  3.7779  1.4177  0.8321  0.2464  5.1575  1.2341  1.366  0.7711  0.658  2.7637  1.7688  2.2727  14.517  7.1234  1.4609  0.7588  4.1065  1.5365  0.319  2.4083  5.5527  4.9866  1.502  3.106  7.6882  1.3296  1.1248  3.3143  0.8545  0.7131  3.5036  2.2223  0.6329  3.4124  1.324  1.5808  0.7022  1.8501  1.436  2.8526  1.1548  0.1398  
trainID = 195  1.7675  2.0851  3.7739  1.6326  0.7951  0.471  0.816  1.0359  1.6141  1.8487  0.2771  1.3277  2.6277  11.8817  6.8765  0.7546  2.6137  3.0797  1.05  1.9026  0.3322  1.7939  0.329  2.661  2.6391  0.4215  4.8436  8.5657  4.9821  7.2461  1.8684  5.1052  4.4878  3.0062  3.577  3.288  6.5994  3.1014  2.6926  2.1002  2.6905  4.477  
trainID = 199  0.8355  3.4342  2.1851  0.6648  0.6883  0.6885  4.016  0.286  0.508  2.2632  1.8868  1.8532  0.3251  1.3209  1.7333  0.9519  2.451  2.3253  0.262  0.3782  0.5628  0.9857  1.953  1.229  0.6973  1.068  2.1321  4.3215  2.0514  1.1021  1.8364  3.3483  1.116  0.3131  4.4198  0.2316  3.0121  2.1346  1.2948  1.304  1.3238  0.1569  
trainID = 241  3.9607  2.605  3.9269  2.2183  1.6961  3.7229  34.3866  3.9785  1.1912  0.6709  4.4502  12.3657  10.1255  1.8514  0.1929  2.2971  2.1401  3.8231  3.2558  1.4165  1.7775  0.1107  0.2148  2.7007  5.449  13.9401  18.6525  5.9275  2.2695  7.0399  4.1959  4.5282  3.109  7.1226  9.4719  4.57  4.1336  2.4762  3.0859  4.3993  
trainID = 246  2.5925  2.4004  2.4205  0.1625  2.1503  1.6779  0.668  0.247  0.806  2.9972  1.2387  0.7964  2.1956  10.4388  5.5669  0.4041  1.714  0.7209  0.929  0.0715  1.5551  3.5928  1.508  0.061  0.5475  1.7965  4.6409  9.2149  9.6999  10.0439  2.5165  4.0938  2.6045  0.4907  3.153  4.1456  8.3641  1.7804  1.9023  2.386  2.8095  0.416  
trainID = 307  0.3689  3.5542  2.074  0.8307  0.1152  1.8037  0.301  1.3094  0.823  4.0275  2.3492  2.2241  2.29  13.2237  6.4098  2.8308  3.9033  0.259  1.902  2.948  0.0298  37.5963  0.6931  1.4002  5.392  13.5739  8.1933  8.1933  4.4101  3.6459  0.4451  3.5179  4.226  7.8503  7.9441  3.0589  2.5135  3.0934  4.0971  1.8821  
trainID = 314  4.5773  0.5699  4.6239  2.7033  0.5516  1.2806  35.5576  3.2264  1.3949  0.0911  5.0091  5.1662  6.3243  2.9081  0.8816  3.9618  0.684  0.6463  0.6594  1.362  0.446  0.075  2.411  3.6479  0.4688  5.116  7.6788  1.3065  1.501  4.6201  4.6964  3.8159  4.0669  4.0472  5.8425  3.95  0.8038  1.3044  1.4845  3.4608  
trainID = 322  0.7508  1.1404  5.4759  1.0916  2.1166  1.3755  0.278  0.6872  1.631  0.9465  1.0789  0.5533  0.7133  4.8764  3.4077  0.0447  0.0171  1.5319  0.69  0.5859  1.2217  0.7472  0.269  1.0952  1.1076  3.2414  2.7231  2.4326  2.9889  2.9945  2.4544  1.4872  2.4017  1.0903  4.2299  1.3729  2.8967  3.7224  0.6878  2.2216  0.5408  2.3105  
trainID = 323  0.7898  4.6934  2.4181  1.7411  2.3801  0.5918  0.123  0.2696  0.385  2.0508  2.9112  2.0951  1.1109  15.6127  7.2986  2.757  5.3088  1.4707  2.9223  3.2502  0.1633  37.9093  3.6734  1.8524  7.2078  13.8899  7.6038  3.5613  6.2867  5.7061  1.2173  0.7295  1.025  5.9082  11.0294  2.314  4.2576  3.0918  4.9958  3.2371  
trainID = 326  1.8485  2.1138  4.4139  0.4279  2.3805  2.6039  0.06  0.5148  1.525  6.4481  3.6262  2.0661  3.0574  12.6398  8.2392  1.5624  1.715  1.8789  0.218  2.7788  1.5297  5.374  1.133  1.618  0.0697  0.5687  4.251  18.0577  17.4721  18.3985  2.1905  9.0264  3.131  3.0226  3.334  9.2438  11.5739  6.1981  1.9657  0.4395  3.7694  0.7475  
trainID = 327  3.4585  1.205  1.358  1.3737  3.2572  0.3233  1.7187  3.5054  0.116  1.2995  0.7633  4.8251  3.7475  0.7928  1.261  0.2424  1.7926  1.0978  0.334  0.8356  2.147  2.2664  0.388  1.6367  0.2706  3.3614  1.0836  2.7822  2.0144  1.1399  1.1765  1.5505  4.5864  0.0898  2.201  1.1538  2.9323  1.985  0.054  0.6363  0.3771  1.0532  
trainID = 362  2.2392  1.5237  3.5049  1.8434  2.864  0.9166  34.8446  5.5721  4.0112  0.1655  7.9935  11.5669  8.7468  0.4253  0.6601  2.3091  0.756  1.083  3.1052  1.3838  1.42  0.7059  1.0572  4.6385  3.7462  14.6046  17.6939  8.353  3.8773  8.2841  2.6219  0.4693  3.538  7.3994  11.8514  3.4202  0.6596  3.3611  3.1876  3.9615  
trainID = 364  1.2592  0.5828  0.8908  1.3431  1.1338  0.1986  1.362  0.399  0.214  1.1252  0.3334  0.805  1.1606  4.8882  2.9484  0.1906  1.9011  1.2505  1.027  0.7866  2.9425  1.1671  0.468  0.258  2.222  2.3616  1.2799  2.7142  0.1421  4.1055  0.078  0.8227  2.4185  0.7305  5.5528  2.3297  4.4918  1.3357  0.0161  1.7066  1.7986  1.0097  
trainID = 394  1.0405  2.5793  0.6081  1.1916  1.9614  0.2847  0.604  0.3267  1.5521  2.0982  1.5482  0.9766  6.4486  5.398  0.6534  0.0357  0.4788  0.8097  0.578  2.426  2.4979  1.8452  1.578  0.4607  3.9433  0.854  0.827  1.0632  0.9454  1.9118  0.4551  0.1906  0.3748  1.3852  4.003  2.7746  0.9576  0.4817  1.0763  0.7447  0.0378  2.3361  
trainID = 415  1.0451  1.9959  4.1309  2.3043  0.184  0.9495  0.273  1.5012  0.67  2.6348  0.2277  2.5478  1.5875  8.6008  4.5476  2.2774  0.7311  2.8559  3.6094  1.5096  2.6734  4.1997  2.534  1.149  0.3301  3.5097  1.8344  5.785  5.2764  6.801  4.0818  2.2412  1.4956  2.626  1.314  4.6332  7.2147  2.7173  1.9886  0.4374  0.8447  0.313  
trainID = 419  5.4305  0.9123  1.9085  1.8346  4.8088  2.7031  2.3709  1.2527  1.095  2.8195  1.2998  3.0992  18.2232  0.8175  9.7928  2.2066  6.1609  8.6141  0.999  3.1145  5.459  2.2205  0.8749  2.18  8.7817  1.1143  5.6048  1.3528  4.0759  3.1328  0.191  5.7009  2.0416  2.2233  3.03  2.2353  3.018  1.1463  0.6695  3.4846  2.4148  0.6128  
trainID = 423  3.505  3.7206  4.7919  3.0413  0.8559  1.3419  2.935  0.3879  1.464  3.9893  2.7622  1.2927  3.3154  11.3241  10.2322  0.2997  2.0183  3.7386  1.06  3.8114  4.0007  2.1793  3.47  1.179  2.2739  2.7671  3.4164  12.1636  13.0458  11.3422  3.1305  8.207  3.1307  2.2783  5.34  7.3116  8.789  4.8103  0.4169  2.1061  3.0419  2.1547  
trainID = 433  5.1933  1.9412  1.1502  1.0226  5.2343  4.706  1.83  1.6938  0.968  0.5114  0.8355  2.048  17.777  10.3368  5.7287  3.0086  5.656  8.4745  0.689  2.3366  4.412  4.9083  0.92  0.078  6.836  1.4207  3.1901  0.739  1.3229  1.2563  0.4386  5.9735  0.9876  0.3438  0.7928  3.2783  0.5216  2.2318  0.0176  
trainID = 475  6.84  0.6143  0.1702  3.28  2.9398  4.7224  2.693  1.5283  3.6771  0.4184  1.4582  0.4338  19.6911  11.1981  3.8265  0.2281  5.9482  12.6463  1.099  2.9173  8.2097  3.9169  2.02  1.101  6.9543  2.037  3.3433  0.9868  3.7916  1.7662  0.9188  5.2208  0.8445  0.2652  2.1398  1.8878  2.4806  1.5348  3.8412  
trainID = 479  0.6194  1.5594  3.0849  0.6808  1.3133  0.6792  0.9695  0.1691  0.481  1.8845  2.1107  1.1017  4.1281  11.4364  4.8468  1.8902  1.5385  1.1955  0.505  0.7669  2.4944  3.0415  1.331  2.058  1.664  0.6851  2.2026  2.4502  1.7169  4.7229  3.3396  0.6906  1.8555  1.3817  3.179  1.9598  5.1081  2.8208  0.4777  1.6996  0.4058  1.1048  
trainID = 507  1.9471  2.6563  4.1369  3.1483  5.3592  0.0762  34.3406  6.2411  4.3572  1.7181  6.7068  10.4922  7.2655  1.2359  1.0656  2.7169  0.358  0.3823  4.6317  0.8069  1.605  1.986  1.5781  2.5029  5.3692  17.0868  20.0396  12.2547  5.1207  8.7889  2.78  4.329  3.623  6.2425  10.461  4.6489  1.9425  0.5465  2.2188  6.4739  
trainID = 528  3.9683  4.5436  0.158  4.8538  6.6492  3.3196  2.6942  0.1838  0.451  2.2  0.4442  1.9761  14.8929  19.8946  0.035  2.456  1.1381  9.6631  0.611  1.5563  6.803  3.4154  1.201  2.264  7.0603  3.3727  2.7083  1.5974  1.5339  4.4702  1.847  2.5032  0.1411  2.3091  0.2945  3.4938  1.0242  1.3338  0.2042  
trainID = 556  2.4268  1.9234  3.2659  0.877  0.2149  0.0403  1.38  1.6243  2.1069  3.298  0.7274  0.1054  1.7596  9.3938  6.824  0.9642  1.4825  5.0285  0.974  3.4838  2.6873  1.5512  0  0.728  1.1476  1.4025  3.5446  9.7578  9.8651  9.3402  3.292  4.9487  3.5403  3.1052  4.5672  6.2051  6.8603  2.1309  0.4581  1.0004  3.9877  2.9475  
trainID = 561  3.4023  0.7665  0.7721  1.8912  1.9804  3.6556  1.8753  1.6143  0.59  0.5708  1.8274  2.8043  17.129  15.3484  2.8963  2.1355  3.1174  9.261  1.79  1.8367  6.4334  4.3189  1.042  2.624  7.353  0.0125  0.8655  1.9116  2.2114  2.8165  0.5359  6.4965  0.8575  0.7243  1.5858  2.0242  3.2916  0.2344  0.7207  
trainID = 563  0.2409  1.9131  2.6065  1.2601  0.3457  0.0487  2.115  1.1652  0.622  3.2814  0.2066  0.2734  1.5204  6.6322  3.9466  1.2394  3.3804  2.3238  0.037  2.7086  0.7797  1.663  1.654  0.76  1.5444  3.3813  3.087  3.399  5.928  3.4147  1.0386  0.7042  3.4634  2.7189  3.618  3.5345  6.4988  2.5966  0.7401  0.329  0.6848  0.1164  
trainID = 570  0.5456  2.5101  0.4982  1.5509  1.6825  2.3404  1.806  1.6038  1.5937  0.6148  2.8328  1.0872  4.7272  4.9814  0.2781  0.645  2.9824  0.5336  0.085  0.9165  0.5782  2.2542  1.038  2.168  0.983  2.6638  1.1039  1.2781  3.0341  1.6341  2.4001  2.4022  0.2553  0.471  3.082  1.2182  2.7712  0.6094  0.7468  1.1681  0.0718  1.1059  
trainID = 576  4.0502  3.239  0.178  0.3911  4.1556  3.7093  0.974  0.9447  2.4342  0.114  0.0606  2.137  14.0536  14.7  0.8743  0.2704  0.5554  6.6332  0.707  1.1567  5.6103  4.5076  1.041  2.614  3.1011  1.988  0.9851  0.9946  1.4657  0.2138  0.9435  4.5661  0.2727  2.3873  1.9674  0.989  2.0366  0.4558  2.4945  
trainID = 591  3.5557  1.0237  0.4039  0.5997  2.6163  4.6142  0.648  0.8004  1.4297  0.2959  0.7757  1.7455  18.6564  14.1105  1.1309  1.9443  3.464  9.719  1.951  2.2913  5.8862  4.484  3.219  1.516  7.591  0.8044  0.1789  2.0136  1.6815  3.1771  2.3003  4.8575  0.4701  1.3929  0.9498  1.6137  2.7136  0.357  2.1024  
trainID = 606  2.9603  3.0021  5.3589  2.2803  3.1978  0.1839  0.836  0.8496  1.381  6.2752  5.7022  4.8971  0.0752  14.7284  8.2126  1.7283  0.6728  1.8799  1.217  3.0703  0.3217  3.2312  0.413  1.831  1.737  0.9981  6.3933  13.3621  15.9957  15.0325  5.1005  7.8372  0.7662  4.2102  1.412  7.627  10.7117  4.8871  3.1238  3.5061  2.3103  4.8484  
trainID = 607  2.6896  1.5551  3.9159  1.1365  0.8553  1.2521  1.343  0.2059  1.4968  1.8386  0.1533  1.8929  5.1453  2.3592  2.1964  0.921  5.9647  3.2409  1.653  2.9872  5.0664  2.5073  0.589  0.744  4.9152  3.0257  2.1422  0.3371  1.8948  3.1121  1.3273  2.6512  0.5285  1.7927  3.777  0.422  1.0008  0.4073  0.2016  2.5086  0.0711  0.698  
trainID = 627  0.7708  5.1867  3.8779  2.3484  2.6728  1.2709  1.319  2.2419  0.998  3.26  3.7802  2.8381  1.0779  16.9262  8.1544  0.7547  1.0201  4.0039  2.6438  7.0643  2.2098  37.0443  3.0599  0.9591  6.1484  29.721  12.1982  4.0492  5.4446  10.3273  0.6707  2.1949  1.413  11.1778  13.0914  3.1902  6.5192  2.821  5.7808  5.4316  
trainID = 651  3.2568  3.6758  2.3483  1.682  4.2382  0.4037  0.343  2.7627  1.8285  0.2331  1.5394  1.7811  10.3016  11.6382  2.856  3.4734  1.8066  3.217  1.848  0.7581  3.5596  1.7199  0.965  0.452  4.6694  0.8641  2.3211  0.319  1.6451  0.3259  4.4192  5.0792  1.4337  1.2993  3.239  3.9274  3.9219  0.1683  1.4471  0.6837  1.3048  2.6954  
trainID = 669  3.5267  1.5486  2.1894  2.0834  4.7412  5.8833  3.1288  0.6856  1.37  3.086  0.7157  2.538  27.6624  3.9623  11.0379  0.5202  6.8523  8.7823  0.511  4.5633  4.7472  3.372  1.797  1.908  10.6144  1.4731  5.0531  3.3538  4.0938  2.3  0.9217  4.5268  0.546  0.8196  0.4038  2.0914  3.3806  0.4038  1.6889  
trainID = 691  2.5804  2.0065  1.0123  0.0974  3.4396  1.4605  0.7531  1.9011  0.297  2.1748  0.9645  2.4907  0.0907  7.2827  1.2867  0.2738  5.676  4.5766  1.5627  0.375  0.1537  3.1716  3.5696  6.2738  1.1476  0.5404  1.9145  1.0049  3.8781  4.2795  2.008  3.422  0.4764  3.129  1.2684  0.6003  1.8216  1.3188  0.5521  
trainID = 702  0.7222  2.7613  3.9319  0.9379  3.6489  0.2485  35.4246  1.6266  0.9941  0.8164  5.7393  6.2689  3.9133  1.9468  1.3062  2.4799  1.315  0.1349  0.6912  0.409  0.8799  0.552  2.7114  3.8602  0.0551  5.8954  0.8057  4.734  3.499  2.6233  2.7793  3.4793  0.834  0.9622  3.1741  3.111  1.5543  0.867  0.0007  0.3873  
trainID = 717  2.7692  1.3743  3.1689  4.1313  0.0196  0.2586  2.249  1.2914  1.5658  3.5075  1.2392  0.6889  0.6989  8.7473  5.0202  1.7288  0.9024  2.4469  0.978  1.683  2.1842  0.6891  0.213  1.311  1.9335  1.5193  4.3628  9.0607  7.8941  4.9866  3.4883  4.1111  5.934  2.9681  6.0976  5.4896  5.7859  6.1953  0.7134  0.7052  1.99  2.5513  
trainID = 724  2.4741  1.7105  0.2722  0.5503  2.5117  1.1707  0.627  2.2748  0.396  2.2511  0.291  2.5194  5.7927  5.1633  0.352  1.3701  1.057  0.3314  0.642  0.9316  5.4781  2.9979  0.373  2.959  2.639  2.7973  1.9195  1.5051  0.0215  3.0056  0.347  0.2551  1.907  1.3756  3.082  1.2437  2.4937  1.4536  1.3495  0.5903  1.0448  0.4462  
trainID = 753  8.9847  2.026  2.4839  5.1158  8.6656  5.556  2.4282  2.4293  3.3401  1.957  1.7959  0.0703  16.5964  10.4484  5.6376  2.4814  8.5431  13.4265  0.021  4.0725  6.6921  4.2431  1.367  1.354  10.3217  0.0692  0.588  2.7159  4.7412  4.4481  1.887  11.6085  0.3335  0.672  3.4868  2.5744  4.5766  0.7138  2.2309  
trainID = 761  2.5752  1.6623  2.7609  1.6817  1.8179  1.5739  0.704  2.6222  1.525  0.8377  0.874  3.3561  2.8465  5.7993  3.9823  0.0634  4.5759  2.2248  1.034  2.0363  0.2037  0.1164  1.063  1.378  0.1398  3.9769  1.9281  3.4456  2.9735  2.5593  3.0345  1.3576  5.0606  0.7618  2.054  0.4943  2.2596  0.4876  0.1626  1.1119  0.2478  1.0411  
trainID = 794  3.4183  4.5806  2.3316  3.6696  2.1004  2.2127  0.824  0.6305  2.0708  4.449  0.8295  0.4512  8.3558  12.6694  1.5627  1.1494  2.0956  0.1546  2.5097  2.0411  2.7679  1.9345  3.122  0.3996  4.4887  0.6628  6.8306  3.1533  3.08  2.4275  4.6826  1.8655  0.238  0.5983  2.332  3.7282  2.682  0.5325  3.055  0.6699  1.129  1.4599  
trainID = 836  0.2748  2.873  3.2309  0.6319  0.4794  2.7327  2.069  0.3841  1.956  2.9603  2.0823  1.1326  5.2148  12.1884  4.8206  1.7892  1.3429  0.7783  2.9664  2.3192  2.7458  2.7204  3.202  0.3696  4.0055  0.4077  4.0554  4.9996  4.5761  1.7651  2.7287  1.5279  1.5985  0.4562  3.297  4.0924  6.1465  1.8333  0.4064  1.3501  0.6438  0.3829  
trainID = 839  0.6196  1.1902  1.1224  2.1411  0.571  1.4829  2.116  1.6629  0.054  0.3311  0.2483  0.2261  4.3637  2.4363  3.5737  1.8541  0.5887  2.4588  2.121  2.2294  0.3878  0.9078  0.145  0.426  0.6853  1.2065  0.8711  2.0688  1.2692  3.7129  1.9917  0.0915  4.545  0.2935  4.5867  1.736  0.0182  3.2019  3.3143  1.7626  1.4071  0.2923  
trainID = 840  4.6731  0.9133  1.4775  0.9695  4.6635  3.5705  0.081  1.3399  0.748  3.0267  1.1373  2.0023  13.7605  14.8446  0.0754  3.0628  0.9149  6.1326  1.119  2.3354  6.2322  3.7937  0.114  1.3251  5.6731  0.1735  4.6392  2.7705  1.1392  0.3294  1.3574  2.4073  1.719  4.8659  2.3498  2.5593  2.3466  0.085  0.9297  
trainID = 851  2.7397  1.1004  0.2787  0.0981  2.1183  3.4023  0.136  2.28  1.8859  0.3547  0.3053  0.5683  5.618  4.7058  2.3821  1.2132  1.9336  0.0078  0.352  2.0757  3.3055  1.709  0.8244  0.612  2.946  2.4933  2.015  2.0174  1.7106  2.4411  1.6965  2.3966  2.1211  0.2414  2.72  3.2342  0.6616  0.0787  1.0215  2.8006  0.5568  2.4973  
trainID = 873  3.703  0.0762  1.4588  2  4.1464  2.5408  1.6593  1.4812  0.08  1.5315  1.1246  1.9288  14.1192  8.3813  2.7044  2.858  1.5748  4.68  0.689  1.6098  2.2226  2.0374  2.6756  0.975  3.0594  1.3185  0.5065  0.5586  0.7495  0.706  0.438  4.206  1.3444  1.8883  3.079  2.5071  0.7052  1.5004  4.0417  1.7936  1.0824  1.0424  
trainID = 914  0.3649  3.7441  4.9519  0.6379  0.3225  0.3675  0.842  0.5398  1.292  5.8576  2.267  1.5781  1.8902  17.6113  8.2745  2.6491  4.3975  0.5802  1.042  3.6309  2.496  1.5971  1.9091  6.0168  16.5259  7.7235  3.8125  8.3969  4.8213  1.558  3.8559  3.556  7.9345  9.7113  4.6108  4.2128  2.0241  4.4585  1.2431  
trainID = 927  2.1183  2.8975  4.5489  2.5693  2.0993  0.9162  0.11  0.7686  0.744  4.0421  0.4018  1.3526  0.1685  11.1836  7.6817  1.848  0.9637  1.8039  3.3234  4.467  2.8131  0.5774  2.416  2.905  1.3178  1.5742  2.3623  10.7249  11.2878  10.4663  2.1581  8.6587  1.1159  2.8565  4.1609  6.503  9.1161  4.0348  1.4918  1.3437  1.7802  0.81  
trainID = 945  0.1217  2.476  6.2219  0.3776  0.3085  1.6339  33.7806  3.4202  0.8991  1.3408  3.5216  10.7676  8.7916  1.8054  0.3056  4.0306  1.447  3.1559  3.8117  1.0346  0.854  1.091  0.8742  1.6586  4.3231  15.6567  22.2654  8.1772  1.2626  7.2272  3.1684  4.9387  3.115  6.7607  10.4195  3.5445  0.5956  2.303  3.2169  2.1335  
trainID = 951  2.5184  3.2874  2.1205  3.9213  1.448  0.315  6.4381  1.6663  0.3621  5.4797  8.4646  6.5268  3.5102  2.2423  4.5817  0.648  2.1062  4.7007  1.8207  0.504  0.024  2.5936  3.2289  2.5391  8.2673  14.4945  1.5272  2.6142  6.3157  5.4237  4.2878  5.6132  2.8319  8.9109  3.6534  1.4903  1.3426  3.09  0.7995  
trainID = 975  2.6347  0.2101  0.9944  1.9934  2.3714  0.1565  0.228  1.4323  0.725  0.3471  0.8438  1.3856  9.9984  2.4059  3.1776  0.6382  3.5891  3.824  1.648  0.357  4.5727  3.9199  1.2789  0.3006  5.9023  0.5846  2.2772  0.9328  1.5197  0.6032  1.094  1.3565  1.0638  0.578  2.949  0.3337  0.5114  0.1312  0.3949  4.2766  1.4068  0.1758  
trainID = 1003  0.6448  2.1556  0.3691  1.6285  1.2739  3.516  1.403  1.0776  2.936  0.1413  0.1773  1.4029  3.024  3.6605  1.9639  0.4399  3.6026  1.1546  0.406  0.3778  0.1596  1.3073  2.6203  0.989  0.6733  2.1356  3.8912  3.4919  4.1907  3.6367  1.5312  0.106  3.3632  3.3666  2.48  1.5016  5.117  2.9843  1.006  0.6646  0.1213  2.2003  
trainID = 1023  3.8575  4.7758  1.0399  0.5381  3.9669  2.3382  0.664  2.3299  3.2602  2.3542  1.3351  0.4047  15.9685  14.9963  0.6646  3.8112  0.0501  7.1715  0.176  2.8967  4.3468  2.4644  1.333  3.891  5.9092  2.6651  1.8615  2.0717  2.4615  2.6008  1.7032  5.7192  0.7067  1.8166  1.0045  5.1904  3.0206  0.8231  1.1751  
trainID = 1027  1.1749  3.7962  2.1413  0.1536  2.7797  0.7211  0.259  1.0934  0.379  2.2727  1.4332  0.5224  9.4786  11.1915  1.0334  1.7846  0.8589  2.3691  0.771  1.5244  3.6631  3.6429  1.6268  1.11  2.3782  0.8563  5.3281  2.9181  1.9639  2.0135  2.0806  1.2079  0.4448  0.8081  2.704  3.392  5.1491  2.3951  1.1692  3.7986  0.7278  2.0834  
trainID = 1031  0.6749  5.7693  7.8819  2.6113  2.673  1.1739  1.204  0.6596  0.393  5.9276  2.1499  2.5541  0.5027  17.0444  8.1757  3.2167  2.625  0.8615  2.682  2.5633  1.0899  35.7233  4.0063  1.1192  6.5496  25.611  11.4261  1.4705  4.9804  8.6354  0.5464  3.3026  0.24  7.851  11.6522  3.3661  5.8039  2.2865  2.3736  3.6897  
trainID = 1085  2.5164  1.3142  0.3599  2.5533  2.2701  0.9312  1.637  0.6058  0.419  0.7007  0.3678  3.1894  2.1581  1.2827  2.4026  0.1649  3.2691  4.9983  0.534  1.3369  3.5985  2.0584  2.3075  0.981  4.632  0.0099  0.544  2.7949  1.2981  0.6708  0.199  2.7526  3.2086  1.1146  4.1548  1.6487  1.1141  1.6657  1.735  1.7086  2.4798  0.1862  
trainID = 1095  6.0659  3.0973  0.0421  2.7739  4.4702  2.7366  2.0447  1.1735  0.274  0.3438  2.7802  2.3501  14.1724  15.4288  1.5587  1.6646  0.1029  7.6638  1.534  0.6377  6.7333  4.9786  1.351  2.788  5.7519  1.9011  0.0007  1.6099  0.9304  0.2427  2.5228  5.379  0.1077  2.787  0.5893  2.3432  3.0096  2.0908  0.7004  
trainID = 1112  1.8512  1.9312  1.7771  2.2889  0.9257  3.2187  1.242  1.6592  1.8838  1.1437  1.0107  1.9303  12.4712  10.4794  1.6042  1.3935  0.9865  3.5544  1.675  1.5156  3.2483  1.2979  0.741  0.691  4.0021  2.0596  1.954  3.1425  0.7971  1.3715  1.4639  2.0353  2.1235  1.4909  3.127  0.9058  0.3099  0.8038  1.1978  2.4236  0.4018  0.1461  
trainID = 1113  8.5584  0.6219  1.9662  4.1499  5.2671  4.5328  2.7658  1.195  0.592  0.8934  0.7536  0.8758  26.8757  4.621  10.5675  0.1329  5.4871  8.749  1.996  1.8998  4.8063  4.7048  1.6163  0.8  9.7797  0.0233  4.935  2.2092  6.0778  4.6697  1.8088  7.1425  0.7806  0.997  1.8638  2.3895  4.8716  1.2838  2.0256  
trainID = 1118  2.509  2.3925  5.4149  2.7173  1.573  1.8849  32.8946  4.8466  2.3528  2.6921  2.4639  8.5991  6.9267  2.0378  0.6126  3.5894  1.09  3.4604  2.3339  2.3284  2.027  2.071  0.5868  3.1064  7.8953  15.6092  18.2642  14.3894  3.8847  8.2129  3.0992  4.1414  2.678  6.5429  10.0763  1.8438  0.5473  3.849  2.8316  4.6736  
trainID = 1157  1.7654  0.644  2.8859  0.6587  0.8063  1.0529  1.032  1.111  0.248  0.8508  0.2705  3.8457  3.6318  1.1184  2.4052  0.7401  3.0615  0.2102  0.133  0.5046  0.6407  1.0259  3.3878  0.2579  0.9448  4.8434  1.7947  2.4374  0.3796  2.3734  1.5934  0.9426  3.3706  0.4716  2.167  1.1066  1.19  2.6231  1.4025  0.1517  1.6441  0.6258  
trainID = 1159  4.7505  2.2523  4.3509  1.7998  3.2016  0.271  34.8326  3.4546  1.3165  1.3827  7.448  6.0112  7.379  3.842  2.3836  3.7634  0.977  0.796  2.1044  0.8848  2.5337  2.424  0.3425  4.0592  2.3053  7.3463  13.7166  1.9028  0.7271  8.2218  5.7079  5.2232  3.438  4.5754  7.1637  4.5279  2.3883  0.6138  1.3533  3.1342  
trainID = 1167  7.4062  1.4567  0.1995  3.376  4.3557  3.3488  1.311  1.6234  2.294  0.8008  0.1686  2.0268  18.7552  12.3293  3.039  1.0186  7.4105  12.3486  0.573  4.9891  7.1485  3.8425  1.613  2.527  10.2587  0.7469  0.2267  3.1095  3.6233  4.2591  0.9398  4.0759  0.5897  1.9176  0.4948  2.5074  2.2376  0.7595  0.4636  
trainID = 1192  2.9696  2.9243  2.1791  0.6383  1.0851  0.2764  0.66  2.0022  0.464  3.368  0.6713  0.644  5.6652  15.3414  5.3687  3.4916  2.0204  1.5092  2.5159  0.9836  2.6828  35.1063  1.0046  1.1277  5.8593  9.6959  3.8036  3.7728  5.4552  2.9641  0.9248  0.8594  1.927  5.3452  7.5455  3.6426  4.7899  0.8951  3.7888  2.8298  
TrainID = 394  dbValue = 1.48437  nTestCell = 42  nTrainCell = 42  nDiff = 0  (X,Y) = (1115, 1505)  Position Error = 62.9682
TrainID = 1157  dbValue = 1.48454  nTestCell = 42  nTrainCell = 42  nDiff = 0  (X,Y) = (1055, 1545)  Position Error = 29.0689
TrainID = 364  dbValue = 1.51789  nTestCell = 42  nTrainCell = 42  nDiff = 0  (X,Y) = (1095, 1525)  Position Error = 42.9535
TrainID = 131  dbValue = 1.5328  nTestCell = 42  nTrainCell = 42  nDiff = 0  (X,Y) = (1075, 1535)  Position Error = 29.0689
TrainID = 199  dbValue = 1.56313  nTestCell = 42  nTrainCell = 42  nDiff = 0  (X,Y) = (1065, 1545)  Position Error = 31.3847
TrainID = 839  dbValue = 1.57887  nTestCell = 42  nTrainCell = 42  nDiff = 0  (X,Y) = (1045, 1545)  Position Error = 30.0832
TrainID = 570  dbValue = 1.59173  nTestCell = 42  nTrainCell = 42  nDiff = 0  (X,Y) = (1095, 1505)  Position Error = 43.4166
TrainID = 327  dbValue = 1.62365  nTestCell = 42  nTrainCell = 42  nDiff = 0  (X,Y) = (1045, 1545)  Position Error = 30.0832
TrainID = 724  dbValue = 1.71365  nTestCell = 42  nTrainCell = 42  nDiff = 0  (X,Y) = (1125, 1505)  Position Error = 72.8354
TrainID = 322  dbValue = 1.74357  nTestCell = 42  nTrainCell = 42  nDiff = 0  (X,Y) = (1095, 1575)  Position Error = 72.4224
TrainID = 851  dbValue = 1.75373  nTestCell = 42  nTrainCell = 42  nDiff = 0  (X,Y) = (1105, 1495)  Position Error = 56.0803
TrainID = 1085  dbValue = 1.75891  nTestCell = 42  nTrainCell = 42  nDiff = 0  (X,Y) = (1055, 1465)  Position Error = 51.0392
TrainID = 975  dbValue = 1.78867  nTestCell = 42  nTrainCell = 42  nDiff = 0  (X,Y) = (1085, 1425)  Position Error = 96.4624
TrainID = 1003  dbValue = 1.8784  nTestCell = 42  nTrainCell = 42  nDiff = 0  (X,Y) = (1085, 1545)  Position Error = 43.1856
TrainID = 761  dbValue = 1.91455  nTestCell = 42  nTrainCell = 42  nDiff = 0  (X,Y) = (1065, 1565)  Position Error = 50.448
TrainID = 607  dbValue = 1.96482  nTestCell = 42  nTrainCell = 42  nDiff = 0  (X,Y) = (1045, 1445)  Position Error = 71.4493
TrainID = 691  dbValue = 2.07263  nTestCell = 42  nTrainCell = 39  nDiff = 3  (X,Y) = (1015, 1455)  Position Error = 71.8679
TrainID = 479  dbValue = 2.07977  nTestCell = 42  nTrainCell = 42  nDiff = 0  (X,Y) = (1175, 1535)  Position Error = 123.471
TrainID = 563  dbValue = 2.08384  nTestCell = 42  nTrainCell = 42  nDiff = 0  (X,Y) = (1135, 1565)  Position Error = 95.5249
TrainID = 1112  dbValue = 2.14945  nTestCell = 42  nTrainCell = 42  nDiff = 0  (X,Y) = (1145, 1425)  Position Error = 129.402
TrainID = 873  dbValue = 2.3044  nTestCell = 42  nTrainCell = 42  nDiff = 0  (X,Y) = (1125, 1415)  Position Error = 124.036
TrainID = 1027  dbValue = 2.31427  nTestCell = 42  nTrainCell = 42  nDiff = 0  (X,Y) = (1205, 1485)  Position Error = 155.129
TrainID = 147  dbValue = 2.51142  nTestCell = 42  nTrainCell = 42  nDiff = 0  (X,Y) = (1105, 1405)  Position Error = 122.577
TrainID = 836  dbValue = 2.5128  nTestCell = 42  nTrainCell = 42  nDiff = 0  (X,Y) = (1185, 1525)  Position Error = 132.306
TrainID = 651  dbValue = 2.53456  nTestCell = 42  nTrainCell = 42  nDiff = 0  (X,Y) = (1175, 1445)  Position Error = 141.156
TrainID = 576  dbValue = 2.56339  nTestCell = 42  nTrainCell = 39  nDiff = 3  (X,Y) = (1165, 1405)  Position Error = 157.686
TrainID = 415  dbValue = 2.5758  nTestCell = 42  nTrainCell = 42  nDiff = 0  (X,Y) = (1155, 1585)  Position Error = 123.146
TrainID = 794  dbValue = 2.61777  nTestCell = 42  nTrainCell = 42  nDiff = 0  (X,Y) = (1205, 1485)  Position Error = 155.129
TrainID = 246  dbValue = 2.79812  nTestCell = 42  nTrainCell = 42  nDiff = 0  (X,Y) = (1185, 1615)  Position Error = 165
TrainID = 840  dbValue = 2.86302  nTestCell = 42  nTrainCell = 39  nDiff = 3  (X,Y) = (1195, 1425)  Position Error = 168.656
TrainID = 702  dbValue = 2.95205  nTestCell = 42  nTrainCell = 40  nDiff = 2  (X,Y) = (1095, 1635)  Position Error = 126.194
TrainID = 717  dbValue = 2.96794  nTestCell = 42  nTrainCell = 42  nDiff = 0  (X,Y) = (1145, 1645)  Position Error = 158.446
TrainID = 195  dbValue = 2.97712  nTestCell = 42  nTrainCell = 42  nDiff = 0  (X,Y) = (1205, 1605)  Position Error = 176.139
TrainID = 1095  dbValue = 2.99314  nTestCell = 42  nTrainCell = 39  nDiff = 3  (X,Y) = (1165, 1375)  Position Error = 180.069
TrainID = 591  dbValue = 3.05346  nTestCell = 42  nTrainCell = 39  nDiff = 3  (X,Y) = (1135, 1365)  Position Error = 171.828
TrainID = 433  dbValue = 3.0977  nTestCell = 42  nTrainCell = 39  nDiff = 3  (X,Y) = (1105, 1365)  Position Error = 159.703
TrainID = 561  dbValue = 3.11088  nTestCell = 42  nTrainCell = 39  nDiff = 3  (X,Y) = (1145, 1365)  Position Error = 176.819
TrainID = 556  dbValue = 3.1183  nTestCell = 42  nTrainCell = 42  nDiff = 0  (X,Y) = (1175, 1665)  Position Error = 192.575
TrainID = 1023  dbValue = 3.16317  nTestCell = 42  nTrainCell = 39  nDiff = 3  (X,Y) = (1175, 1375)  Position Error = 186.454
TrainID = 528  dbValue = 3.31451  nTestCell = 42  nTrainCell = 39  nDiff = 3  (X,Y) = (1185, 1375)  Position Error = 193.145
TrainID = 419  dbValue = 3.35782  nTestCell = 42  nTrainCell = 42  nDiff = 0  (X,Y) = (1055, 1355)  Position Error = 161.012
TrainID = 927  dbValue = 3.44007  nTestCell = 42  nTrainCell = 42  nDiff = 0  (X,Y) = (1185, 1675)  Position Error = 206.652
TrainID = 314  dbValue = 3.57307  nTestCell = 42  nTrainCell = 40  nDiff = 2  (X,Y) = (1095, 1645)  Position Error = 135.665
TrainID = 475  dbValue = 3.57924  nTestCell = 42  nTrainCell = 39  nDiff = 3  (X,Y) = (1125, 1305)  Position Error = 222.946
TrainID = 1167  dbValue = 3.59415  nTestCell = 42  nTrainCell = 39  nDiff = 3  (X,Y) = (1125, 1295)  Position Error = 232.433
TrainID = 951  dbValue = 3.63358  nTestCell = 42  nTrainCell = 39  nDiff = 3  (X,Y) = (1125, 1705)  Position Error = 202.25
TrainID = 669  dbValue = 3.81752  nTestCell = 42  nTrainCell = 39  nDiff = 3  (X,Y) = (1045, 1315)  Position Error = 201.159
TrainID = 1192  dbValue = 3.96997  nTestCell = 42  nTrainCell = 40  nDiff = 2  (X,Y) = (1275, 1555)  Position Error = 225.4
TrainID = 1113  dbValue = 3.9817  nTestCell = 42  nTrainCell = 39  nDiff = 3  (X,Y) = (1055, 1305)  Position Error = 211.009
TrainID = 914  dbValue = 4.08475  nTestCell = 42  nTrainCell = 39  nDiff = 3  (X,Y) = (1305, 1615)  Position Error = 270.749
TrainID = 423  dbValue = 4.10577  nTestCell = 42  nTrainCell = 42  nDiff = 0  (X,Y) = (1195, 1695)  Position Error = 228.484
TrainID = 326  dbValue = 4.36269  nTestCell = 42  nTrainCell = 42  nDiff = 0  (X,Y) = (1235, 1705)  Position Error = 262.383
TrainID = 1159  dbValue = 4.37267  nTestCell = 42  nTrainCell = 40  nDiff = 2  (X,Y) = (1105, 1705)  Position Error = 196.023
TrainID = 753  dbValue = 4.37701  nTestCell = 42  nTrainCell = 39  nDiff = 3  (X,Y) = (1115, 1275)  Position Error = 248.847
TrainID = 307  dbValue = 4.3826  nTestCell = 42  nTrainCell = 40  nDiff = 2  (X,Y) = (1265, 1625)  Position Error = 238.38
TrainID = 606  dbValue = 4.38488  nTestCell = 42  nTrainCell = 42  nDiff = 0  (X,Y) = (1245, 1665)  Position Error = 243.033
TrainID = 323  dbValue = 4.646  nTestCell = 42  nTrainCell = 40  nDiff = 2  (X,Y) = (1305, 1605)  Position Error = 267.255
TrainID = 945  dbValue = 4.82094  nTestCell = 42  nTrainCell = 40  nDiff = 2  (X,Y) = (1185, 1725)  Position Error = 247.194
TrainID = 362  dbValue = 5.00914  nTestCell = 42  nTrainCell = 40  nDiff = 2  (X,Y) = (1185, 1715)  Position Error = 238.799
TrainID = 241  dbValue = 5.13625  nTestCell = 42  nTrainCell = 40  nDiff = 2  (X,Y) = (1175, 1735)  Position Error = 250.689
TrainID = 1118  dbValue = 5.22625  nTestCell = 42  nTrainCell = 40  nDiff = 2  (X,Y) = (1205, 1715)  Position Error = 250.41
TrainID = 1031  dbValue = 5.32669  nTestCell = 42  nTrainCell = 40  nDiff = 2  (X,Y) = (1315, 1665)  Position Error = 301.405
TrainID = 507  dbValue = 5.48102  nTestCell = 42  nTrainCell = 40  nDiff = 2  (X,Y) = (1205, 1725)  Position Error = 258.428
TrainID = 627  dbValue = 5.89156  nTestCell = 42  nTrainCell = 40  nDiff = 2  (X,Y) = (1325, 1695)  Position Error = 325.615
