trainID = 123  5.1062  0.2472  1.5386  1.9452  5.713  3.2018  1.386  0.0223  3.0205  2.4833  0.9329  2.0266  10.9221  1.2181  8.7613  1.9851  1.4468  6.8373  1.045  0.4962  1.2225  2.8117  1.594  0.749  3.6827  2.6042  0.9261  7.2488  5.4654  8.9197  1.2308  9.1174  1.705  2.0621  2.8425  4.6142  4.3395  1.3834  3.1481  4.6265  0.5763  3.7951  1.435  
trainID = 148  1.7176  1.8311  0.3998  3.0211  3.5424  0.7718  0.715  1.3595  0.259  1.6233  3.7709  1.69  4.4767  5.8724  1.5178  0.8989  1.3261  0.3564  0.294  0.2272  0.5099  1.364  0.225  1.012  0.4606  0.9769  0.7399  2.778  5.4803  2.2361  1.0346  1.928  0.7382  0.5885  2.8095  1.0529  3.3285  0.4457  0.1904  0.2975  0.6634  0.5048  34.2607  35.0867  
trainID = 149  2.0139  1.6306  1.4751  1.2261  2.181  2.5376  36.0332  0.4002  1.9554  3.2311  2.4491  0.9234  4.2893  1.2658  0.6097  0.3519  1.089  1.9869  2.9055  2.5383  0.081  0.396  0.838  0.0822  3.5063  3.9017  11.5249  0.9282  1.8461  4.1771  2.5093  3.6002  0.7413  1.4267  6.3183  1.101  0.5688  0.1378  0.1029  1.3837  32.3931  33.9647  0.669  
trainID = 153  0.4145  1.1853  1.5811  0.3297  1.646  2.3036  0.841  0.6065  3.2259  1.2846  2.8874  0.349  1.6435  0.0564  0.5552  2.0851  0.983  0.9244  0.6852  1.8768  1.988  1.378  1.0817  2.8714  0.6544  5.2916  8.8374  2.5837  4.332  2.7664  4.3548  1.2839  0.1322  1.4785  1.9768  0.582  0.0269  0.8002  1.8006  0.7954  33.0825  31.5006  0.855  
trainID = 169  1.2071  2.8181  0.2547  1.364  2.6327  1.4408  2.693  0.7884  1.743  1.5856  1.6757  1.1031  3.1525  2.5761  0.1952  4.3865  0.7415  3.2822  0.46  1.7869  2.6465  1.2609  0.7189  1.657  3.399  2.4108  2.6539  1.616  0.3812  3.3813  1.5907  0.1512  0.8648  0.3647  2.1445  2.0549  0.6148  2.2464  2.4065  3.5726  2.9352  1.7911  34.05  
trainID = 207  2.4425  0.2986  1.4031  2.3834  2.3192  0.1087  2.861  0.2926  0.368  2.1048  1.7351  1.8183  2.0289  0.1254  2.0058  2.9218  1.8217  0.6759  0.794  0.9384  1.1469  1.1852  1.632  1.637  0.3431  0.0022  0.7566  1.661  1.4684  1.6232  0.7111  1.7556  0.3732  1.0269  0.5265  3.5826  1.98  0.5133  0.7065  2.2933  1.5243  0.8437  0.463  0.112  
trainID = 245  0.0495  1.5035  0.1988  0.8831  1.6793  0.9096  2.577  0.7698  2.206  0.6934  1.4461  0.7504  2.5108  1.4356  1.3352  0.1405  2.0846  0.9887  0.892  0.3562  3.2313  2.4211  0.313  0.644  1.9413  0.4534  1.7326  0.4943  1.66  2.4523  1.6883  0.641  2.124  2.631  2.4425  0.5613  3.5925  3.3633  0.4588  0.9714  0.5834  0.4192  33.2677  32.7454  0.17  
trainID = 278  2.9117  3.5718  1.1167  2.8127  4.485  2.8356  1.939  1.2939  0.611  0.833  6.3112  0.4654  3.8877  5.1623  11.6374  10.5442  1.2941  4.7871  5.1853  0.121  2.3443  0.2534  0.056  1.284  0.07  2.3445  2.0336  7.0181  8.5133  7.0217  7.2449  1.4708  6.2926  3.6563  2.3071  2.9195  5.3291  6.4308  0.7924  1.8738  2.5574  1.1768  2.3491  
trainID = 301  5.3627  1.539  0.1683  2.0003  1.6597  0.2894  3.118  1.0365  1.147  0.401  5.1724  0.4392  3.5549  5.4075  2.7256  2.1938  2.8615  1.9676  2.2995  1.52  2.3433  2.3881  2.3032  1.673  1.504  2.5235  0.0819  1.2187  4.7567  2.0078  5.5596  0.1002  8.73  0.215  0.3062  2.6975  6.2533  1.1912  0.5938  3.0533  2.6675  2.4234  1.2961  
trainID = 332  2.1054  0.4663  1.1921  0.1549  0.6432  2.6966  0.012  1.5572  0.924  1.6608  2.0121  2.2873  3.2135  0.8659  2.1723  2.3219  0.0134  0.6419  0.129  1.7926  0.9922  0.2161  2.597  0.618  3.0531  0.2027  0.7514  3.8832  6.4736  0.6679  1.0133  3.5734  3.0143  1.9526  0.9615  0.5292  3.6235  1.1041  1.1274  0.2496  1.7599  2.367  32.1054  32.7758  
trainID = 343  5.0667  3.2589  1.1601  2.1644  4.3097  0.8782  3.4836  1.4094  2.2583  0.559  2.1415  0.7476  0.499  3.8731  0.6323  0.4889  1.3126  1.5484  3.2161  0.708  1.2084  0.0665  1.7437  0.61  2.004  1.278  0.6763  1.0006  3.3493  0.2679  2.8657  0.9261  4.4317  0.161  2.1892  2.7365  2.7548  0.9423  1.714  0.908  1.0146  0.3621  1.7985  
trainID = 399  6.3831  2.7772  1.631  2.6358  2.5648  5.9058  3  1.7421  2.1229  0.234  4.7146  0.9463  2.3922  13.2557  4.8532  8.8512  1.1444  4.9145  8.6958  1.636  3.7499  1.5941  0.4463  1.2412  0.381  7.1315  0.7613  6.0134  9.7509  7.9051  10.6475  1.6013  7.7348  1.9374  3.3844  2.1355  7.1427  7.6538  0.36  0.8178  4.2315  2.9684  1.9508  
trainID = 434  2.6247  0.1624  1.5431  2.4217  0.2265  2.6195  3.036  1.1803  1.028  1.251  1.7327  0.5722  2.6127  3.2011  1.5987  3.0873  1.2951  0.9446  3.8271  0.737  0.7887  0.1324  0.4186  0.038  0.295  2.2807  0.6066  1.3179  5.983  3.9955  5.5896  0.6801  2.6336  1.0412  0.0975  1.6865  5.0719  1.4574  1.7779  0.9451  5.4345  0.8333  2.5938  
trainID = 449  0.214  1.7276  0.5278  0.8411  2.8424  1.0096  0.588  3.5033  0.201  1.4774  0.5427  2.8051  1.3332  2.9091  0.2944  2.1473  2.6525  0.0984  0.432  0.1076  1.5819  2.3133  0.789  1.6405  1.2978  0.3952  2.4586  5.3359  0.2132  2.982  0.9808  1.603  3.836  3.2003  1.8515  4.077  2.7001  0.4441  2.1285  0.3379  0.9557  1.4533  33.704  1.487  
trainID = 468  2.455  1.446  1.5911  0.4625  0.8188  0.1467  2.311  0.8146  0.708  0.676  1.8665  2.8402  1.6617  2.7891  0.5418  1.0668  1.0206  1.4489  0.9932  2.7127  1.6981  1.8197  1.4945  1.409  3.593  0.6665  0.8664  2.3926  4.2753  2.4797  1.3632  1.8992  1.2256  0.9422  1.9863  1.6945  2.5361  0.3587  0.3234  1.2758  1.5869  2.0704  0.0734  1.216  
trainID = 480  1.2205  0.5169  1.2251  0.5215  0.1741  0.0625  2.714  1.1413  0.46  3.7496  2.2375  2.3049  1.6989  2.6733  1.9295  0.3358  2.8979  0.5748  0.233  0.5104  2.7122  1.8594  0.6935  2.2474  1.3577  0.224  2.8291  8.3481  5.2198  2.5969  0.8495  1.9629  0.904  2.4314  1.8955  4.781  3.0728  0.2944  0.8101  2.2724  0.0681  2.6639  0.456  
trainID = 481  3.201  2.92  1.9536  1.899  1.1509  0.7137  3.8712  0.9755  1.6499  2.2717  1.9699  1.2207  5.5031  3.2387  1.1731  3.4412  1.7589  4.1101  2.0405  1.5679  1.0797  0.1129  1.476  0.676  1.7437  1.2778  0.4726  2.1892  2.2836  4.8266  0.0475  4.172  0.7538  1.86  0.1137  2.5342  0.9628  0.4092  2.2519  0.6321  1.8134  2.5023  0.611  1.318  1.629  
trainID = 586  2.1347  2.4628  2.8068  1.664  4.9458  3.1632  2.936  1.3423  0.148  1.806  3.2746  1.0944  4.811  8.0483  10.408  9.2134  0.5829  4.6954  8.0992  1.834  2.0299  3.0735  1.3346  0.161  0.201  1.1591  2.1471  5.9836  8.2858  7.4782  9.6402  3.9886  7.0082  1.2777  2.3499  2.1395  5.9732  7.8276  1.3527  0.6634  3.1049  2.4024  4.4493  
trainID = 595  1.4854  0.0212  0.7809  2.4821  0.3911  0.012  1.634  0.0627  2.409  0.745  2.2886  1.135  1.1609  2.0767  1.5727  0.0774  0.2744  1.1287  2.03  1.8904  0.9976  0.563  1.3921  3.176  0.785  0.1296  0.1968  0.5243  2.393  0.7385  3.4084  0.6745  1.3613  1.9855  0.718  2.2085  2.9189  1.3699  0.0951  2.8796  4.0535  0.999  0.3725  
trainID = 620  4.4466  0.9934  1.7603  0.7911  4.4056  2.0454  2.127  1.5485  0.03  0.511  2.4496  0.1892  1.8649  4.6191  2.6734  4.016  1.8322  1.6542  5.8966  3.6177  0.1064  2.8066  1.1886  0.758  0.573  4.1351  0.4286  1.5261  7.9453  3.3461  6.6999  1.3382  6.214  0.569  1.3758  2.0515  4.4557  2.7911  0.3217  0.988  4.1445  2.3754  2.3633  
trainID = 643  5.1309  0.4822  1.6922  2.3679  2.3628  3.6047  1.909  3.25  1.9673  7.1822  1.1728  3.7858  9.6063  8.0624  8.3857  4.0867  4.0931  8.8066  2.772  3.0152  3.6876  1.3112  1.133  1.0298  3.1442  1.1196  4.127  10.6  5.2451  6.0404  1.2499  7.3352  1.2522  2.8319  0.0928  5.5808  1.6288  0.9088  2.034  3.6525  0.0395  2.5889  1.319  
trainID = 747  1.4651  2.4537  2.1131  1.4441  1.2606  0.9021  2.634  0.4157  0.41  0.1704  1.6778  0.1891  0.1361  3.8657  3.8449  1.1841  2.141  1.8786  1.489  3.7705  2.3239  1.3535  0.588  0.829  0.7303  0.8599  2.2046  6.2287  6.6491  5.8546  0.2741  3.6108  2.4972  2.2531  0.3024  0.6479  3.8618  1.8562  0.2934  1.748  1.636  1.1021  33.449  34.1231  0.386  
trainID = 841  3.1752  3.5312  2.9259  0.8471  2.7711  1.0327  2.217  0.0187  0.256  2.269  3.8678  0.0287  3.1457  0.0423  13.8514  8.6517  0.4145  3.5078  7.0652  0.293  3.5133  2.0711  0.1063  3.1182  0.229  1.1961  0.0837  10.4577  9.0978  9.938  9.0194  2.6616  7.8305  4.0556  1.8911  0.7185  6.6616  7.144  0.4397  1.5393  7.0745  2.6994  3.8348  
trainID = 842  2.5381  2.5435  1.7387  0.7591  0.2736  1.5491  0.298  0.4714  0.807  0.738  1.1183  0.2517  2.5447  1.4671  4.8558  0.4982  0.2929  2.3136  1.6319  1.021  0.6646  1.2904  1.1263  0.257  0.562  2.66  1.4978  0.9361  2.2405  0.6207  3.5588  1.6692  1.6781  4.8932  2.7133  1.2395  4.4307  0.1913  3.6659  1.5267  2.7043  2.391  1.6774  
trainID = 934  2.2267  2.5608  2.0211  3.0715  0.4668  0.7424  4.1498  0.6099  0.921  0.8861  1.0957  1.9811  1.5221  4.6599  3.3584  0.7389  0.7423  3.4254  1.006  0.8623  1.2278  1.0935  2.527  2.115  0.4402  3.3163  1.8333  2.2533  2.2284  0.1283  1.7258  1.5327  0.3136  1.2614  0.4387  2.0587  4.4628  0.9415  2.0838  0.4566  2.9002  1.4931  33.9446  31.1958  
trainID = 977  6.8703  0.684  4.3578  2.0328  4.1223  4.5243  3.9386  1.123  1.299  0.159  2.9705  1.0858  1.9555  16.0701  3.1686  10.5437  0.1531  4.996  11.396  2.0782  1.1515  4.9508  1.1811  1.192  0.196  6.3905  0.6653  6.0999  9.433  8.9211  11.4707  2.9356  10.6519  1.5937  3.8724  3.3465  5.6957  4.6687  3.3289  0.8005  4.4335  4.4844  3.6577  
trainID = 1005  0.608  1.9538  1.0211  0.9099  1.0774  1.6216  2.438  1.0716  1.182  2.9073  0.674  1.9669  4.3167  5.5194  2.2094  2.016  0.9598  2.5915  1.566  1.3335  0.952  1.3941  2.0842  1.241  1.5502  0.6773  0.4056  3.5945  1.9977  4.8981  0.5243  0.632  3.9982  1.1829  1.2725  4.5941  1.4548  0.4211  0.511  2.3282  0.4374  0.7372  0.762  
trainID = 1033  0.7692  2.3469  3.9211  0.5971  0.5988  0.4759  33.5482  1.0207  2.0794  0.3071  4.4954  0.3893  4.8902  0.043  0.1413  1.0492  2.113  0.1077  2.442  1.4563  0.4437  0.112  1.9519  1.5293  0.3934  2.0711  7.0878  2.485  3.1763  1.6345  5.2563  1.5498  1.0165  3.4591  3.3598  1.7711  0.5954  0.4153  3.1286  0.3736  33.2659  31.3773  1.182  
trainID = 1052  3.274  3.2646  1.8961  0.8971  2.0275  0.2976  35.6172  0.5533  0.9531  1.2506  6.4063  0.7025  2.4617  0.4843  0.7246  1.1892  2.81  0.3034  2.8065  1.33  1.523  0.9837  1.9614  0.7551  0.4927  0.1994  11.7208  2.8325  2.1023  2.855  5.8655  2.655  0.2968  0.8949  2.9137  2.1845  0.392  1.863  2.382  0.2347  33.6597  35.8069  0.242  
trainID = 1078  4.7913  2.1087  0.6641  1.4849  1.5969  3.1185  0.726  0.5819  0.639  1.46  1.1824  0.5727  3.3461  11.0112  4.4845  6.1965  2.6418  2.5046  8.2677  1.359  1.9651  3.683  0.3537  1.416  0.33  4.0665  1.7376  5.4407  6.3114  5.4929  9.5193  2.5606  9.5958  2.7115  2.2319  1.5945  6.3162  5.5685  1.948  0.8407  2.1192  3.3894  2.659  
trainID = 1117  5.8355  4.8993  3.9173  2.7286  3.6738  3.8119  2.628  0.5083  0.725  0.452  6.0048  0.9576  2.9664  18.1745  12.1798  14.9877  0.2008  7.9425  10.426  0.098  5.4478  5.2205  2.0539  2.9874  1.541  7.3721  1.5409  7.4677  9.9438  8.4316  11.2712  2.0001  9.1815  2.3577  3.9421  3.8605  6.759  5.1846  1.8054  1.4429  3.6055  5.0914  3.7908  1.742  
trainID = 1175  1.4203  2.9166  2.3171  3.2271  1.7008  0.093  1.984  2.0248  0.582  0.3553  2.0832  0.4354  4.6019  1.9125  0.419  0.9679  1.2076  1.7897  0.712  0.4158  2.3164  0.1519  0.616  0.071  1.3605  1.1073  1.1524  3.2794  0.7058  2.269  0.6328  0.5342  4.501  2.879  1.4315  3.2736  1.2649  2.3781  0.3413  0.534  0.5926  0.5601  0.497  34.7437  1.983  
TrainID = 207  dbValue = 1.30261  nTestCell = 46  nTrainCell = 44  nDiff = 2  (X,Y) = (1945, 2005)  Position Error = 44.6542
TrainID = 595  dbValue = 1.33951  nTestCell = 46  nTrainCell = 43  nDiff = 3  (X,Y) = (1915, 2015)  Position Error = 16.5529
TrainID = 468  dbValue = 1.53677  nTestCell = 46  nTrainCell = 44  nDiff = 2  (X,Y) = (1915, 2015)  Position Error = 16.5529
TrainID = 842  dbValue = 1.67224  nTestCell = 46  nTrainCell = 43  nDiff = 3  (X,Y) = (1865, 2035)  Position Error = 43.2897
TrainID = 343  dbValue = 1.73779  nTestCell = 46  nTrainCell = 43  nDiff = 3  (X,Y) = (1925, 1975)  Position Error = 57.5674
TrainID = 1005  dbValue = 1.75801  nTestCell = 46  nTrainCell = 43  nDiff = 3  (X,Y) = (1855, 2045)  Position Error = 55.0818
TrainID = 480  dbValue = 1.80771  nTestCell = 46  nTrainCell = 43  nDiff = 3  (X,Y) = (1845, 2015)  Position Error = 64.7611
TrainID = 481  dbValue = 1.8751  nTestCell = 46  nTrainCell = 45  nDiff = 1  (X,Y) = (1975, 1945)  Position Error = 108.231
TrainID = 434  dbValue = 1.89303  nTestCell = 46  nTrainCell = 43  nDiff = 3  (X,Y) = (1895, 1955)  Position Error = 76.1183
TrainID = 1175  dbValue = 2.22983  nTestCell = 46  nTrainCell = 45  nDiff = 1  (X,Y) = (1895, 2085)  Position Error = 56.5155
TrainID = 301  dbValue = 2.34305  nTestCell = 46  nTrainCell = 43  nDiff = 3  (X,Y) = (1905, 1925)  Position Error = 105.043
TrainID = 449  dbValue = 2.36412  nTestCell = 46  nTrainCell = 44  nDiff = 2  (X,Y) = (1855, 2055)  Position Error = 58.6003
TrainID = 620  dbValue = 2.4645  nTestCell = 46  nTrainCell = 43  nDiff = 3  (X,Y) = (1895, 1915)  Position Error = 115.732
TrainID = 169  dbValue = 2.57674  nTestCell = 46  nTrainCell = 43  nDiff = 3  (X,Y) = (1985, 1995)  Position Error = 84.5813
TrainID = 245  dbValue = 2.76474  nTestCell = 46  nTrainCell = 45  nDiff = 1  (X,Y) = (1955, 2065)  Position Error = 58.6003
TrainID = 332  dbValue = 3.01079  nTestCell = 46  nTrainCell = 44  nDiff = 2  (X,Y) = (1925, 2115)  Position Error = 86.6833
TrainID = 148  dbValue = 3.05416  nTestCell = 46  nTrainCell = 44  nDiff = 2  (X,Y) = (1935, 2095)  Position Error = 70.3847
TrainID = 934  dbValue = 3.15956  nTestCell = 46  nTrainCell = 44  nDiff = 2  (X,Y) = (1995, 2065)  Position Error = 93.7763
TrainID = 153  dbValue = 3.16089  nTestCell = 46  nTrainCell = 43  nDiff = 3  (X,Y) = (1935, 2145)  Position Error = 118.127
TrainID = 123  dbValue = 3.17292  nTestCell = 46  nTrainCell = 43  nDiff = 3  (X,Y) = (1895, 1845)  Position Error = 185.456
TrainID = 1078  dbValue = 3.26952  nTestCell = 46  nTrainCell = 43  nDiff = 3  (X,Y) = (1855, 1855)  Position Error = 182.85
TrainID = 747  dbValue = 3.31352  nTestCell = 46  nTrainCell = 45  nDiff = 1  (X,Y) = (1965, 2105)  Position Error = 94.2019
TrainID = 278  dbValue = 3.42199  nTestCell = 46  nTrainCell = 43  nDiff = 3  (X,Y) = (1805, 1875)  Position Error = 186.102
TrainID = 643  dbValue = 3.52763  nTestCell = 46  nTrainCell = 43  nDiff = 3  (X,Y) = (1845, 1865)  Position Error = 176.618
TrainID = 841  dbValue = 3.61147  nTestCell = 46  nTrainCell = 43  nDiff = 3  (X,Y) = (1785, 1875)  Position Error = 197.874
TrainID = 586  dbValue = 3.70935  nTestCell = 46  nTrainCell = 43  nDiff = 3  (X,Y) = (1815, 1855)  Position Error = 198.177
TrainID = 1033  dbValue = 3.96343  nTestCell = 46  nTrainCell = 43  nDiff = 3  (X,Y) = (1905, 2135)  Position Error = 105.043
TrainID = 399  dbValue = 3.99863  nTestCell = 46  nTrainCell = 43  nDiff = 3  (X,Y) = (1845, 1825)  Position Error = 214.462
TrainID = 149  dbValue = 4.26259  nTestCell = 46  nTrainCell = 43  nDiff = 3  (X,Y) = (1935, 2155)  Position Error = 127.883
TrainID = 1052  dbValue = 4.28061  nTestCell = 46  nTrainCell = 43  nDiff = 3  (X,Y) = (1905, 2145)  Position Error = 115.039
TrainID = 977  dbValue = 4.29419  nTestCell = 46  nTrainCell = 43  nDiff = 3  (X,Y) = (1835, 1795)  Position Error = 246.077
TrainID = 1117  dbValue = 4.93544  nTestCell = 46  nTrainCell = 44  nDiff = 2  (X,Y) = (1795, 1785)  Position Error = 269.804
