trainID = 307  2.2236  1.1538  0.3465  0.9932  2.0351  3.4816  0.969  1.0624  0.017  1.0303  1.1105  1.4277  0.0944  2.7849  0.8429  2.4267  2.1893  0.9799  0.973  3.0195  1.5849  34.0035  0.1456  0.3963  0.7511  4.359  1.5066  1.8506  1.8936  0.4479  3.0496  3.0272  1.073  3.7047  0.42  1.2785  0.6112  0.7074  1.2876  1.4661  0.108  3.4669  0.9598  3.6484  1.134  2.0021  
trainID = 326  4.441  0.2866  1.9934  0.5904  4.5308  0.926  0.728  0.2678  0.719  3.4509  2.3875  1.2697  5.253  2.201  2.6723  1.9665  0.001  1.158  0.711  2.8503  3.0848  1.7812  0.375  1.557  0.6172  1.2278  0.3899  8.8428  7.7722  8.3546  0.326  4.9326  0.5265  2.5319  0.181  5.0982  3.2098  4.4177  0.0634  1.9465  0.9599  0.3315  0.657  2.4519  1.6646  2.443  0.18  2.1871  
trainID = 362  4.8317  0.8767  1.0844  2.0059  5.0143  0.7613  34.5976  2.5749  2.7725  0.9619  10.1891  1.1281  3.1799  0.0212  1.0539  1.5882  0.173  1.1545  4.6603  4.9766  0.088  0.7669  0.5097  2.842  0.8947  5.3897  7.994  1.6909  1.3608  4.1903  0.0174  0.0214  0.385  3.2538  3.4873  1.6398  2.5619  0.9751  0.3781  3.5455  0.834  1.4749  0.2677  0.098  3.514  3.323  
trainID = 423  6.0975  1.3202  2.3714  3.2038  3.0062  0.336  3.603  0.1409  0.658  0.9921  1.5235  0.4963  5.511  0.8853  4.6653  0.7038  0.3043  3.0177  0.131  3.8829  5.5558  1.4135  1.962  1.118  1.7264  0.9706  1.2245  2.9487  3.3459  1.2983  0.614  4.1132  0.5262  1.7876  2.187  3.166  0.4249  3.0299  1.4854  0.2799  0.2324  1.7387  0.533  1.9929  1.4097  0.417  2.702  4.5902  
trainID = 507  4.5396  0.2559  1.7164  3.3108  7.5095  1.6017  34.0936  3.2439  3.1185  0.9217  8.9024  0.0534  1.6986  1.64  2.7796  1.996  1.287  0.4538  6.1868  2.7859  0.097  1.925  2.1256  0.7064  0.7283  7.8719  10.3397  2.2108  2.6042  4.6951  0.1755  3.8383  0.47  2.0969  2.0969  2.8685  0.0402  1.8395  0.5907  6.0579  0.54  0.9409  3.2053  1.371  2.6732  3.7596  
trainID = 556  5.0193  0.477  0.8454  0.7145  1.9354  1.6376  2.048  1.8713  2.9129  0.3008  1.9661  0.9018  3.9552  1.045  1.2571  0.5601  0.2315  4.3076  0.045  3.5553  4.2424  2.0416  1.508  0.667  0.6001  0.394  1.0963  0.5429  0.1652  0.7037  0.7755  0.8549  0.9358  2.6145  1.4142  2.0595  1.5038  0.3505  2.3604  1.3856  1.1782  2.5315  1.38  3.7859  1.7124  1.017  1.9842  2.98  
trainID = 606  5.5528  0.6017  2.9384  2.4428  5.3481  1.494  1.504  0.6026  0.575  3.278  4.4635  4.1007  2.2708  4.2896  2.6457  2.1324  1.0412  1.159  0.288  3.1418  1.2334  0.3616  1.921  1.77  1.1895  0.7984  1.7524  4.1472  6.2958  4.9886  2.584  3.7434  1.8383  3.7195  1.741  3.4814  2.3476  3.1067  1.2215  1.1201  0.4992  4.4324  0.881  3.2369  0.5969  1.298  0.682  0.7637  
trainID = 627  3.3633  2.7863  1.4574  2.1859  4.8231  0.407  1.987  2.4889  0.192  0.2628  2.5415  2.0417  3.2735  6.4874  2.5875  0.3506  0.6939  3.283  1.7148  7.1358  3.7649  33.4515  2.5124  2.7556  1.5075  20.5061  2.4983  14.0931  2.9281  6.2335  3.2752  1.7042  1.74  7.0322  4.7273  1.4098  4.6169  0.435  2.9713  5.0156  0.716  1.5173  3.2923  3.2879  0.303  1.8831  
trainID = 717  5.3617  1.0261  0.7484  4.2938  2.1307  1.9365  2.917  1.0444  2.3718  0.5103  0.0005  1.4853  2.8945  1.6915  0.5467  2.1329  0.8116  1.726  0.049  1.7545  3.7393  2.9037  1.721  1.25  2.481  0.2772  0.2781  0.1542  1.8058  5.0573  0.9718  0.0173  3.3295  2.4774  2.9446  1.344  2.5782  4.4149  1.1889  1.6808  0.8195  2.1353  33.2662  3.5774  0.711  3.0648  
trainID = 914  2.2276  1.3437  2.5314  0.4754  2.4728  1.3104  1.51  0.7868  2.098  2.8604  1.0283  0.7817  0.3054  7.1725  2.7076  2.245  2.6835  0.1407  0.113  3.7024  0.9409  1.0496  3.7056  1.3759  7.311  1.9764  6.2314  5.8804  0.7275  4.1625  3.3652  0.403  3.7889  1.3472  2.8304  2.3105  0.3619  1.649  0.8271  1.891  3.1399  2.8961  3.2574  0.948  2.1147  
trainID = 927  4.7108  0.4971  2.1284  2.7318  4.2496  0.7617  0.778  1.0156  0.062  1.0449  0.8369  2.149  2.0271  0.7448  2.1148  2.2521  2.6777  1.083  2.3944  4.5385  4.3682  3.0154  0.908  2.844  1.8653  0.2223  2.2786  1.51  1.5879  0.4224  0.3584  4.5649  1.4886  2.3658  1.0079  2.3574  0.752  2.2544  3.3941  1.0423  1.0293  0.394  0.608  2.1019  2.4309  1.128  0.191  1.5491  
trainID = 945  2.4708  0.0756  3.8014  0.2151  2.4588  0.044  33.5336  0.423  0.3396  0.5444  5.7172  0.3288  3.2247  2.2095  1.4084  3.3097  0.518  3.2274  5.3668  2.5582  0.654  1.03  1.4217  0.1379  0.3178  6.4418  12.5655  1.8667  1.2539  3.1334  0.5639  4.448  0.038  2.6151  2.0554  1.7641  2.4979  0.083  0.4074  1.7175  0.646  0.6419  0.483  1.661  0.72  2.5417  
trainID = 1031  1.9176  3.3689  5.4614  2.4488  4.8233  0.504  1.872  0.9066  1.199  2.9304  0.9112  1.7577  1.6929  6.6056  2.6088  2.8126  0.911  0.1406  1.753  2.6348  2.645  32.1305  3.4588  2.9157  1.9087  16.3961  1.7262  8.5734  2.4639  4.5416  3.1509  2.8119  2.913  3.7054  3.2881  1.5857  3.9016  0.0995  0.4359  3.2737  2.8181  1.4759  2.3252  2.27  0.135  4.7121  
trainID = 1118  5.1015  0.0079  2.9944  2.8798  3.7233  0.207  32.6476  1.8494  1.1141  1.8957  4.6595  1.8397  1.3598  2.4419  1.1014  2.8685  2.019  3.5319  3.889  1.2644  0.519  2.01  1.1343  1.3099  3.2544  6.3943  8.5643  4.3455  1.3682  4.1191  0.4947  3.6507  0.475  2.3973  1.7122  0.0634  1.355  1.463  0.0221  4.2576  2.5631  0.1476  1.0176  5.0378  1.466  2.1467  
trainID = 1257  2.2125  1.7679  1.4204  1.6433  3.317  2.0196  32.9936  0.0675  0.7332  0.6417  5.5984  0.1671  2.7222  1.2433  3.1865  2.4673  0.311  3.3539  2.9569  2.6204  2.08  1.186  0.3311  0.4313  0.8968  0.3178  1.2899  4.3605  2.2258  2.1804  2.4802  1.73  0.355  2.8268  0.3652  2.8483  1.5625  1.0535  0.1505  1.3176  0.423  1.4759  0.4861  0.424  0.249  2.4844  
trainID = 1286  4.1425  1.1395  1.0744  3.0848  2.7487  1.738  0.817  0.6256  1.54  0.8456  3.7555  0.7948  2.6101  3.1007  1.7037  0.9227  1.3734  0.4946  0.574  1.2459  4.9363  0.195  0.823  0.641  2.0572  0.135  0.5333  5.1666  0.325  2.9118  1.1122  0.2542  0.5324  1.7946  0.939  5.2412  1.8267  1.7783  1.1381  1.8317  1.6793  3.1353  0.74  0.194  1.2792  0.103  1.333  1.9413  
trainID = 1314  3.4825  0.1047  2.7244  4.8328  5.3468  1.434  33.5196  0.2096  1.2871  0.9417  7.4526  0.4028  3.7118  1.3912  0.2584  1.8865  0.076  1.3715  5.7458  0.8211  2.2951  2.235  4.7103  2.2152  2.8823  1.0398  10.7239  6.524  0.7693  3.015  3.2455  6.0184  2.8925  0.1919  2.1533  5.3719  2.1833  0.5284  0.6228  1.8949  0.339  0.6459  1.9255  0.616  1.495  1.794  
trainID = 1522  6.6684  0.4984  0.8954  1.2848  5.8036  1.8147  33.2846  2.4256  1.1141  1.8497  8.2584  0.7518  4.6988  2.8671  2.3593  3.2261  2.325  0.2175  5.8348  1.4204  0.941  1.991  1.5421  1.6046  0.6121  1.0429  12.1298  7.3996  1.3045  2.6094  3.4273  5.9589  0.591  3.7191  2.895  0.7482  3.3996  1.3699  0.3735  4.1004  1.4  2.1053  0.1373  1.295  1.461  3.4009  
trainID = 1564  7.3132  0.7739  0.096  4.0078  2.6713  0.317  33.2116  0.6451  0.9338  0.1409  4.5196  1.4644  1.4858  2.3665  2.3428  2.1167  0.28  0.6142  3.3241  0.1593  1.613  1.903  4.6498  3.7759  3.733  1.0983  3.8363  3.4434  1.4862  1.9667  0.0548  4.4935  2.0206  0.3874  0.9978  3.072  3.4995  1.6407  1.544  2.243  0.219  0.714  1.2953  2.183  0.033  0.811  
trainID = 1594  3.1126  0.6285  1.8614  3.8338  4.9322  3.0753  0.2541  2.3165  1.4119  4.5572  0.2582  1.9248  1.2232  1.9051  3.8648  0.936  1.6457  5.5948  1.3199  2.3853  1.156  0.7409  1.6616  0.2086  1.7112  2.6478  1.6476  0.5515  1.7628  0.4316  2.2028  1.8634  2.2711  0.5924  3.5343  2.3702  0.6027  1.2458  3.0715  0.703  3.3469  2.033  2.511  1.443  3.7548  
trainID = 1615  5.3743  0.2188  2.6414  2.1192  3.0152  0.164  34.3956  2.7039  0.6988  1.7007  7.2291  0.0976  6.8302  0.5719  3.3035  3.1841  1.195  2.2364  3.818  1.5013  0.523  1.267  0.2996  0.7583  0.0873  7.4105  19.2894  5.5958  0.0183  3.0764  0.6876  2.422  1.8712  4.0902  2.5121  3.32  0.6409  1.3944  0.997  3.6679  1.791  0.0337  0.9035  2.381  1.8996  6.2399  
trainID = 1679  2.9829  0.827  0.0618  2.6978  4.4755  1.947  3.068  0.8508  0.348  2.1438  0.1607  1.2017  5.3464  2.0088  0.9288  0.1626  2.2525  2.831  1.006  2.6783  2.8971  2.7105  0.474  1.921  2.49  0.3572  1.1271  9.1723  9.393  3.4279  2.5916  2.0399  2.3965  5.9368  0.301  5.9212  4.6494  1.6219  1.3947  0.8464  1.0021  3.2419  2.728  2.3679  2.5013  2.664  3.0317  3.98  
trainID = 1728  1.0927  0.2396  2.6054  1.3783  5.1565  1.6215  1.541  2.6029  0.461  0.3556  1.2896  1.4777  0.189  3.37  0.5692  1.005  0.9481  0.9337  0.9  2.5878  0.6083  0.5745  0.604  2.651  2.743  1.5364  3.0457  2.7475  2.5288  6.642  0.4108  2.6462  1.7501  1.6118  3.227  0.879  0.3602  1.105  0.8097  2.8094  0.2741  0.9498  1.614  0.2509  3.3125  
trainID = 1763  7.4272  2.2777  4.3564  0.822  6.1751  1.881  32.3546  0.9951  3.5525  0.9697  6.3082  0.9673  5.0763  0.8881  3.704  0.155  0.379  5.2195  6.4188  0.543  1.727  2.407  1.9069  0.3678  1.0363  5.672  11.9195  4.242  2.2853  4.0484  0.3558  2.8048  1.4072  4.4342  1.8477  1.9623  3.0421  0.8033  2.6052  5.3699  1.19  0.3049  1.6331  2.7863  1.604  3.2616  
trainID = 1770  4.7036  0.5173  0.7324  2.0968  4.0137  1.069  34.6506  1.3895  1.1683  0.9682  7.5807  0.2211  1.3732  0.0989  2.6083  2.0733  1.014  2.9349  5.2208  0.1975  2.1547  1.384  3.3388  0.6961  1.7715  0.6941  0.046  4.0671  1.0102  1.9245  0.3855  2.3843  0.278  1.9079  0.8716  1.829  3.5246  1.2769  1.1806  2.1193  0.49  2.3379  0.0445  1.445  1.739  3.7857  
trainID = 1776  1.1515  1.2171  3.3024  1.787  4.498  0.7568  0.984  0.9821  0.696  0.0087  0.3083  0.9395  0.686  2.7574  0.814  2.8858  1.2328  0.7354  0.979  0.9323  2.4216  0.5002  0.44  2.228  0.9773  2.5067  0.4228  0.827  1.7999  4.3344  0.7275  0.6788  1.8602  2.454  0.149  0.3196  0.3568  1.0001  0.212  0.588  2.1636  0.2136  0.964  1.2269  1.4535  
trainID = 1783  1.2716  3.5815  1.6654  0.9252  5.8072  0.964  1.627  0.2823  0.49  2.8005  2.0885  1.5959  0.918  5.3248  3.7248  0.592  0.8183  0.1156  1.113  4.8552  3.0206  1.3277  2.8636  0.5971  21.0148  4.2772  8.0367  1.1817  2.6614  3.0116  3.9239  0.827  3.0082  5.4965  2.8118  3.3527  0.947  2.0208  4.3513  0.287  2.32  3.6068  3.1507  1.044  1.2165  
trainID = 1851  2.2362  3.4757  0.2364  0.3348  3.2379  1.6199  3.013  0.9074  1.391  0.1304  0.6418  0.5112  1.8432  3.3256  0.807  0.0303  0.2968  1.0815  0.039  4.5121  0.8835  1.2187  0.625  2.247  0.6577  1.2093  2.3677  2.7267  0.6054  1.0215  0.0995  0.3037  2.7109  2.1105  0.9089  0.8439  0.4841  3.3488  0.8055  1.8554  0.1536  0.3966  0.993  2.0269  2.3298  1.355  1.25  2.9838  
trainID = 1902  7.1809  1.3045  2.4304  4.3818  4.7998  0.336  35.4306  2.6181  1.7502  0.9857  10.8889  2.8054  2.2369  2.98  5.8636  4.8136  0.244  1.8918  6.2488  3.526  1.949  0.8776  1.3817  1.2817  3.1692  2.0135  13.4993  18.0774  0.0005  3.1397  3.9149  5.6671  5.2288  2.0214  1.8403  4.3257  7.8782  1.7557  1.8365  2.5227  2.277  3.6807  0.6037  3.2845  0.228  3.0682  
trainID = 1924  3.2407  0.8208  3.7664  4.0988  3.3198  3.4113  2.859  0.9079  1.921  1.0951  0.2594  1.1664  2.6653  2.0676  0.6378  1.8974  1.1567  2.0965  0.549  2.2736  5.2358  1.9988  0.852  1.125  2.1098  1.2825  2.3458  1.5936  0.6671  2.1735  0.2639  3.0346  0.229  3.1131  0.463  0.2329  2.0227  1.0781  3.1074  1.0015  0.5442  2.3894  0.793  4.1599  1.6823  0.546  1.534  2.2145  
trainID = 1961  6.6653  0.9567  0.2658  3.4498  3.9158  1.638  35.3926  0.2019  1.7366  0.2319  8.6022  1.4732  1.8348  2.3449  3.1084  3.4453  1.488  0.5587  5.4738  4.7477  0.33  1.308  4.809  3.1062  4.7639  2.387  5.9667  10.5736  0.8438  3.3395  3.1136  5.5823  2.2688  0.8394  0.3558  3.6769  4.4267  0.9989  0.0014  5.1874  0.415  0.6199  1.7771  3.4151  2.045  4.0214  
trainID = 1994  1.7123  1.5984  1.8764  1.2674  3.4659  0.638  0.914  0.9156  0.762  0.8564  0.1072  1.5717  0.2242  3.4213  2.707  0.2282  1.9118  2.2966  0.575  1.9576  3.0325  3.6227  3.556  3.185  1.8254  0.8376  1.5245  5.8966  3.5473  3.1656  3.7402  1.279  0.7673  4.0983  1.198  2.6997  0.9762  1.8436  0.9598  1.0008  0.8764  3.7984  3.427  2.4029  2.072  0.72  0.531  2.5523  
trainID = 2036  3.642  2.0264  2.5114  2.9628  3.8921  0.594  1.808  1.5952  1.196  1.4395  1.173  0.7843  3.0069  5.7753  1.5683  0.0947  1.5432  1.1627  0.407  3.7269  2.9095  1.3289  0.852  3.346  1.6444  1.8585  1.2345  9.7598  7.0914  8.4983  0.2951  1.8076  0.6596  3.5224  1.43  2.9  2.1346  2.8209  0.4295  0.1721  1.2225  4.6899  0.266  1.3889  4.7748  2.36  2.0872  2.89  
trainID = 2040  0.4857  1.339  0.9164  3.0288  2.9303  2.335  0.9248  0.6737  1.679  0.1694  1.2305  0.1665  0.7076  3.9395  0.3951  1.7731  0.6812  0.5081  1.9901  1.7499  0.5927  0.6886  0.856  4.904  0.0651  0.6599  2.7585  0.6491  1.196  2.8706  2.3941  0.2007  2.0738  2.331  3.0859  2.078  1.6108  0.6213  0.0484  4.3436  1.1373  1.0191  1.418  3.2599  0.2792  
trainID = 2051  4.1552  0.7979  0.3772  1.9756  2.7781  0.694  0.949  0.6046  0.46  2.0808  1.3615  1.4577  5.7626  0.7252  0.195  2.9004  0.4395  3.4736  1.179  1.1415  3.5772  1.0348  2.3266  1.132  0.9259  1.6662  3.9327  1.472  0.8994  1.6512  1.643  0.5558  1.0106  2.5571  1.565  1.8716  1.2777  4.3422  4.6318  3.2868  1.0362  1.051  1.4949  2.3489  1.8948  1.949  0.004  3.1369  
trainID = 2203  5.5862  2.382  0.7654  2.0914  1.7206  0.471  36.2046  0.7577  1.7351  0.6147  7.7768  3.7228  3.3835  0.7489  3.5873  1.3416  0.875  3.6472  4.676  2.325  2.7007  0.2498  1.7724  0.6223  0.7618  0.2528  5.7509  6.2177  1.5507  1.804  1.2063  3.6592  1.076  3.1251  2.1792  4.0615  4.4832  2.8119  0.7525  3.5789  1.391  0.8029  0.1094  0.193  2.4302  4.3367  
trainID = 2223  1.8397  3.5506  0.4439  0.9209  4.8675  1.3133  0.156  0.96  0.865  0.081  1.4875  0.8167  2.3334  3.1462  0.2729  1.4952  0.8336  0.4508  1.4298  1.6709  3.5262  0.7273  1.405  1.498  0.0754  0.7092  1.2406  3.688  3.0806  6.5014  2.0669  0.5716  0.7868  2.6008  0.199  1.1066  3.6217  1.6536  3.5385  0.069  0.7265  2.8513  1.166  3.9579  2.0918  
trainID = 2227  1.2176  0.6199  3.8924  1.2443  4.6899  2.1718  1.785  0.2677  0.241  0.1386  0.0925  0.0917  3.0566  3.9988  1.4163  0.7742  0.2335  1.334  1.268  1.0548  3.7983  3.5603  2.013  1.212  1.2887  0.808  0.0182  5.8365  3.2317  1.8087  0.3047  2.401  2.392  1.6854  1.9698  1.6186  0.8221  0.2767  3.3045  2.2303  2.0702  4.1583  0.765  0.4613  2.0702  0.695  0.108  4.3898  
trainID = 2312  0.4535  0.7657  1.5324  1.4902  2.6958  2.224  0.778  1.276  0.07  2.8065  0.9116  0.2907  2.6719  0.1068  1.4215  0.5888  1.0939  2.3228  0.331  1.1786  2.6877  0.0406  1.401  0.735  0.5578  0.3503  1.1484  2.3681  2.1716  1.0242  2.1545  0.3536  1.3586  0.5537  0.156  0.9491  1.1693  0.2275  1.3312  1.491  2.0232  2.1591  0.901  2.9019  0.7139  
trainID = 2422  2.2934  3.7425  1.7314  0.7164  6.2723  1.182  2.236  1.4922  0.34  2.2602  2.6815  2.1157  1.8255  4.6336  0.9978  1.9859  0.5001  0.4569  0.149  6.207  2.499  33.8425  1.9537  2.5977  2.3985  12.6646  6.5945  0.9586  1.8288  4.9892  0.8196  1.4579  1.4007  3.8487  2.2302  0.0029  0.2315  1.5423  1.4422  2.7237  1.346  1.1169  3.0039  3.6523  0.326  2.9229  
trainID = 2435  3.4036  1.2071  1.7434  3.6678  2.2062  0.702  1.272  0.2369  1.955  1.4549  2.8405  1.3567  3.1282  2.1868  1.1443  1.892  0.1285  0.4357  0.301  2.7856  2.9787  0.1867  0.15  0.688  2.1308  0.0071  2.3766  3.1923  3.5573  0.9968  0.2508  0.2175  1.1398  3.546  0.9788  3.6566  1.1117  3.9636  0.6189  1.139  1.6968  0.6575  0.938  1.6769  0.3318  2.053  1.124  2.5762  
trainID = 2472  1.9538  2.2677  0.0901  2.1864  3.8558  1.8243  1.642  2.1861  2.3516  2.1737  1.5185  2.1497  0.517  7.5014  4.0516  2.2201  2.3163  0.3048  3.2219  4.8294  1.7388  5.0466  1.2615  3.6754  17.8019  2.8417  8.5001  4.9417  5.2916  1.0225  2.7576  1.105  5.0292  4.0322  2.7187  0.5793  0.7554  0.3322  4.1731  1.1257  0.3799  2.2012  0.701  2.1921  2.8907  
trainID = 2533  3.8269  0.0918  0.0887  2.2244  2.7694  1.9192  0.4045  1.2778  0.191  0.8029  1.5505  0.6572  2.4027  1.7127  0.7662  1.2174  2.1737  0.3773  0.587  2.0939  2.645  1.1368  2.696  2.621  0.9718  1.1722  0.022  0.6113  0.8421  0.478  1.474  0.5157  1.124  1.701  0.799  1.3766  0.6611  1.1577  0.5138  1.5537  0.7695  3.7767  3.405  4.1999  2.3544  2.649  1.279  2.9638  
trainID = 2578  5.7496  2.3783  2.4984  2.3131  3.8013  0.493  34.1906  2.3728  0.609  0.1816  5.8285  2.1208  3.832  2.8088  2.8366  3.2003  0.279  2.6452  8.9978  0.7787  0.56  1.986  0.681  2.3357  0.7278  13.7154  29.7612  3.9001  2.32  3.5257  0.5192  3.867  0.011  4.4562  5.8022  4.1274  0.8923  0.1055  2.3893  3.139  1.1304  1.2119  2.029  2.099  1.393  4.5117  
trainID = 2609  4.821  2.461  0.2028  3.5658  6.4458  0.652  3.409  1.174  1.357  3.5198  1.4115  1.3777  5.1868  2.8897  0.0675  0.3086  2.3491  3.7233  0.505  3.0627  4.9916  0.9789  2.2974  0.415  1.6061  0.5765  1.7739  11.8171  8.623  8.6987  1.6593  3.8228  0.981  3.5767  0.881  5.1112  0.773  2.1421  0.7934  2.0814  1.014  5.0543  0.845  1.6349  1.1722  2.585  2.0295  1.6281  
trainID = 2634  0.5435  5.7877  1.5404  1.6026  3.4814  1.779  0.754  0.5786  0.049  0.8477  3.2835  0.5245  1.8678  5.4704  3.9841  2.5253  1.4284  1.537  0.819  4.3136  1.5053  32.2725  4.7926  1.8607  4.0509  17.9157  1.5065  13.0555  2.2089  3.9092  2.84  2.8351  0.712  3.6643  1.0904  0.9573  2.2948  0.3375  0.4605  1.8865  1.4367  1.0225  2.052  2.8149  0.15  2.0359  
trainID = 2636  5.4576  1.8231  0.2194  3.3958  3.8582  0.271  34.2486  1.92  0.7774  0.7609  7.8053  0.2491  2.5841  1.3674  1.3358  4.5461  0.283  2.9622  5.4858  3.3644  2.066  0.907  0.7461  0.6159  0.7765  5.696  4.8821  0.6735  0.9463  1.3291  0.5213  2.5531  3.1236  1.4367  0.7952  0.8056  3.2413  1.7557  0.8148  3.7806  2.389  0.1158  1.2218  0.374  1.9779  2.8841  
trainID = 2661  1.9856  1.6962  0.1697  4.6148  5.2661  0.278  1.149  1.1244  0.128  3.6574  1.0182  0.0847  2.9044  5.9292  5.1684  0.6224  1.2879  1.4369  0.384  3.6976  4.9701  33.3525  1.8193  1.2319  0.2363  13.7106  11.8463  7.5244  5.5431  5.0813  0.4846  5.1663  0.284  5.2512  5.5121  2.623  2.2548  1.4445  3.3497  4.8438  0.386  1.4439  4.3441  2.399  0.66  5.4609  
trainID = 2670  6.5025  0.1959  1.5344  2.365  3.6607  2.3974  34.2236  0.9816  2.4268  1.9818  8.5981  2.9448  3.0221  2.942  3.7383  4.9696  1.2188  3.5246  4.6959  1.5484  1.531  0.8157  4.8751  0.7583  3.6252  1.6306  10.5319  10.7745  0.8013  3.4567  4.3762  4.0701  4.9616  0.5474  0.2939  3.0051  4.1844  1.0144  0.9302  0.3258  1.8978  1.2029  0.2659  1.222  2.0048  5.7962  
trainID = 2686  4.7695  0.3138  3.0924  0.406  3.9824  3.4294  2.156  2.1732  1.798  0.1521  1.6255  0.2252  2.2712  1.0725  2.5759  0.8805  0.3011  3.3538  1.9027  2.2306  2.2578  0.7603  0.855  3.646  0.097  0.9834  0.1042  2.848  0.5  0.779  0.358  0.6744  1.3273  4.0972  1.106  2.3086  1.8656  1.6601  2.2103  0.4367  0.5545  2.3702  0.762  1.5099  0.592  3.6875  0.906  1.36  
trainID = 2699  0.4711  0.4875  1.5424  1.3197  1.9479  3.2138  0.041  0.6348  2.2454  2.1241  1.2415  1.6837  0.4146  3.059  0.1177  1.78  1.6509  0.7617  1.1842  2.3838  0.9819  1.1949  0.632  0.029  2.4946  1.101  2.0619  4.1498  5.7787  6.0671  0.4228  1.1042  1.4912  0.2791  1.283  0.0625  2.1401  1.6871  1.2424  0.6485  1.6435  0.0506  1.454  1.7419  2.0264  30.6578  
trainID = 2747  3.6882  1.7253  1.144  1.912  1.4645  2.0042  0.4858  1.4131  2.113  0.8124  0.5171  1.3367  0.207  1.3286  1.4817  0.3236  0.966  1.5434  1.3678  3.7786  2.2146  1.0417  1.771  1.535  0.6544  1.2474  0.7997  0.9136  3.8256  2.4388  3.8811  0.1462  1.9292  1.2945  2.289  1.7774  0.4207  0.7969  0.7384  0.6582  2.4256  0.5546  0.891  4.2499  2.8127  
trainID = 2757  3.6469  1.1093  0.0431  3.5408  4.6548  1.326  2.193  0.4078  1.147  0.4701  1.1814  1.4065  4.7934  0.4885  2.362  1.8449  0.7394  0.6948  0.439  2.9389  4.0333  3.429  1.1  1.181  0.3896  1.9425  0.1462  3.2474  3.189  2.6929  1.4325  3.1995  2.8207  0.2497  1.3302  3.2853  1.1391  1.6743  2.702  0.0639  2.1068  1.6074  0.281  1.7159  0.9411  2.8949  0.242  4.1049  
trainID = 2773  4.537  0.4259  0.9984  0.9379  3.0992  0.562  0.563  0.1328  0.876  2.0793  0.3058  1.7137  2.1595  0.6956  1.8316  0.2661  1.7418  0.4019  0.697  2.2593  3.7701  0.9587  1.913  0.5049  0.3795  2.3975  1.2083  0.5781  1.4836  1.4592  0.2204  1.369  1.254  0.7386  0.138  1.5681  0.4462  2.0082  3.8279  1.5932  0.408  2.8018  0.225  3.5149  0.864  1.032  2.5372  0.8245  
trainID = 2835  3.9143  1.5093  0.5874  0.9004  4.041  0.25  31.0406  1.3779  0.9445  0.1079  8.2371  1.8188  2.7347  1.638  4.4339  4.3993  1.356  0.9987  5.2648  1.5554  1.591  1.246  1.4923  1.7728  1.3245  1.7313  5.2065  2.9883  0.3205  2.0464  1.512  2.4501  2.3881  0.3374  0.5869  3.8051  3.9473  0.1338  2.8191  1.6199  0.686  3.3119  0.3655  1.517  0.526  2.9111  
trainID = 2845  0.948  0.8226  0.6524  1.5841  2.0905  2.6079  0.012  2.7466  3.6011  0.2212  2.2025  1.0117  2.0283  3.8483  0.7923  1.2685  0.6044  0.1446  2.2388  2.2016  0.0742  1.2559  0.433  2.007  1.1199  1.0657  0.8533  0.3198  4.7171  4.6075  0.6444  0.5205  2.4437  0.4203  0.073  1.7736  2.2353  0.585  0.2929  3.7666  1.409  0.3084  0.083  2.0599  1.1842  
trainID = 2849  3.4583  1.6634  1.6164  1.1301  5.1912  0.248  2.316  0.3076  1.587  0.2004  0.2611  2.3887  4.8416  2.1529  0.5374  1.0496  0.8762  1.6571  0.471  3.5641  4.319  1.2726  1.618  2.391  1.0196  1.3667  1.3094  9.9175  6.191  9.2531  0.9459  2.6853  1.139  2.6522  0.299  3.2602  0.539  0.6394  1.7604  2.2823  0.4735  3.3722  0.578  0.9839  2.618  1.498  0.229  2.7173  
trainID = 2882  5.2042  1.0334  3.1214  5.6688  5.7069  0.747  34.0516  2.5061  0.0154  1.8634  9.546  1.6532  2.5244  4.3097  3.558  3.0214  0.387  3.5959  8.2468  2.3173  2.242  0.533  1.7336  1.6661  0.7149  2.5793  16.6644  14.2114  0.3966  3.7308  4.8517  5.0137  1.4853  3.3619  5.6394  2.8354  3.4276  0.7657  0.8935  1.1717  0.124  1.1709  0.3975  4.6462  2.8678  3.5253  
trainID = 2935  5.6179  0.8034  1.7884  2.6538  2.579  0.394  33.9386  0.7876  1.1371  0.8177  7.4107  0.7347  4.462  2.0677  2.315  1.7806  0.425  2.3086  6.5308  2.5854  0.915  1.644  1.1505  0.3927  3.7073  3.6358  13.0423  6.3717  1.1991  3.0427  3.3088  4.6999  0.8964  1.6994  0.9657  2.704  4.1671  1.9383  0.3314  4.6269  0.707  0.2749  0.9264  3.069  2.8377  2.6794  
trainID = 2978  2.1469  0.312  0.5644  0.1163  3.0947  2.0518  3.323  1.7367  2.473  1.144  0.57  1.9409  2.5265  1.7748  2.5764  0.0631  0.0718  3.4366  0.824  1.0211  1.3814  0.8966  0.858  0.7231  0.8102  0.899  1.3362  1.3074  1.3896  2.2092  1.3569  1.5944  0.9396  4.0582  0.334  1.6255  4.0145  1.9587  0.7521  2.1665  1.3065  0.5978  0.99  1.2549  0.2005  1.566  0.147  4.1005  
TrainID = 2312  dbValue = 1.24307  nTestCell = 48  nTrainCell = 45  nDiff = 3  (X,Y) = (1195, 1605)  Position Error = 17
TrainID = 1776  dbValue = 1.29955  nTestCell = 48  nTrainCell = 45  nDiff = 3  (X,Y) = (1215, 1595)  Position Error = 38.3275
TrainID = 2773  dbValue = 1.38141  nTestCell = 48  nTrainCell = 48  nDiff = 0  (X,Y) = (1185, 1645)  Position Error = 40.6079
TrainID = 1851  dbValue = 1.4207  nTestCell = 48  nTrainCell = 48  nDiff = 0  (X,Y) = (1225, 1625)  Position Error = 51.0784
TrainID = 2845  dbValue = 1.46401  nTestCell = 48  nTrainCell = 45  nDiff = 3  (X,Y) = (1215, 1585)  Position Error = 42.0595
TrainID = 2978  dbValue = 1.5113  nTestCell = 48  nTrainCell = 48  nDiff = 0  (X,Y) = (1165, 1665)  Position Error = 61.3922
TrainID = 2533  dbValue = 1.51261  nTestCell = 48  nTrainCell = 48  nDiff = 0  (X,Y) = (1205, 1635)  Position Error = 40.3609
TrainID = 2040  dbValue = 1.52812  nTestCell = 48  nTrainCell = 45  nDiff = 3  (X,Y) = (1245, 1605)  Position Error = 67
TrainID = 2747  dbValue = 1.576  nTestCell = 48  nTrainCell = 45  nDiff = 3  (X,Y) = (1215, 1585)  Position Error = 42.0595
TrainID = 2435  dbValue = 1.62478  nTestCell = 48  nTrainCell = 48  nDiff = 0  (X,Y) = (1205, 1655)  Position Error = 56.8243
TrainID = 556  dbValue = 1.63275  nTestCell = 48  nTrainCell = 48  nDiff = 0  (X,Y) = (1175, 1665)  Position Error = 60.075
TrainID = 1286  dbValue = 1.64394  nTestCell = 48  nTrainCell = 48  nDiff = 0  (X,Y) = (1215, 1655)  Position Error = 62.2013
TrainID = 2686  dbValue = 1.65268  nTestCell = 48  nTrainCell = 48  nDiff = 0  (X,Y) = (1235, 1625)  Position Error = 60.407
TrainID = 1728  dbValue = 1.68925  nTestCell = 48  nTrainCell = 45  nDiff = 3  (X,Y) = (1235, 1565)  Position Error = 69.6348
TrainID = 2223  dbValue = 1.7421  nTestCell = 48  nTrainCell = 45  nDiff = 3  (X,Y) = (1225, 1575)  Position Error = 55.7584
TrainID = 2227  dbValue = 1.76848  nTestCell = 48  nTrainCell = 48  nDiff = 0  (X,Y) = (1255, 1665)  Position Error = 97.6166
TrainID = 927  dbValue = 1.80913  nTestCell = 48  nTrainCell = 48  nDiff = 0  (X,Y) = (1185, 1675)  Position Error = 70.3491
TrainID = 2051  dbValue = 1.82883  nTestCell = 48  nTrainCell = 48  nDiff = 0  (X,Y) = (1155, 1665)  Position Error = 64.2573
TrainID = 1924  dbValue = 1.83341  nTestCell = 48  nTrainCell = 48  nDiff = 0  (X,Y) = (1175, 1675)  Position Error = 70.0643
TrainID = 2757  dbValue = 1.8452  nTestCell = 48  nTrainCell = 48  nDiff = 0  (X,Y) = (1185, 1695)  Position Error = 90.2718
TrainID = 1994  dbValue = 1.96131  nTestCell = 48  nTrainCell = 48  nDiff = 0  (X,Y) = (1255, 1665)  Position Error = 97.6166
TrainID = 423  dbValue = 1.99258  nTestCell = 48  nTrainCell = 48  nDiff = 0  (X,Y) = (1195, 1695)  Position Error = 91.5915
TrainID = 1594  dbValue = 2.0246  nTestCell = 48  nTrainCell = 45  nDiff = 3  (X,Y) = (1165, 1675)  Position Error = 71.1969
TrainID = 2849  dbValue = 2.14268  nTestCell = 48  nTrainCell = 48  nDiff = 0  (X,Y) = (1235, 1695)  Position Error = 106.532
TrainID = 2699  dbValue = 2.1898  nTestCell = 48  nTrainCell = 46  nDiff = 2  (X,Y) = (1235, 1575)  Position Error = 64.4127
TrainID = 326  dbValue = 2.21907  nTestCell = 48  nTrainCell = 48  nDiff = 0  (X,Y) = (1235, 1705)  Position Error = 115.104
TrainID = 307  dbValue = 2.26185  nTestCell = 48  nTrainCell = 46  nDiff = 2  (X,Y) = (1265, 1625)  Position Error = 89.2693
TrainID = 914  dbValue = 2.28862  nTestCell = 48  nTrainCell = 45  nDiff = 3  (X,Y) = (1305, 1615)  Position Error = 127.393
TrainID = 606  dbValue = 2.32545  nTestCell = 48  nTrainCell = 48  nDiff = 0  (X,Y) = (1245, 1665)  Position Error = 89.9389
TrainID = 1257  dbValue = 2.32555  nTestCell = 48  nTrainCell = 46  nDiff = 2  (X,Y) = (1145, 1675)  Position Error = 77.3886
TrainID = 2036  dbValue = 2.40175  nTestCell = 48  nTrainCell = 48  nDiff = 0  (X,Y) = (1235, 1695)  Position Error = 106.532
TrainID = 1679  dbValue = 2.52429  nTestCell = 48  nTrainCell = 48  nDiff = 0  (X,Y) = (1225, 1715)  Position Error = 119.62
TrainID = 1770  dbValue = 2.55041  nTestCell = 48  nTrainCell = 46  nDiff = 2  (X,Y) = (1145, 1685)  Position Error = 86.539
TrainID = 717  dbValue = 2.60049  nTestCell = 48  nTrainCell = 46  nDiff = 2  (X,Y) = (1145, 1645)  Position Error = 51.8556
TrainID = 1564  dbValue = 2.64127  nTestCell = 48  nTrainCell = 46  nDiff = 2  (X,Y) = (1145, 1705)  Position Error = 105.304
TrainID = 2609  dbValue = 2.66778  nTestCell = 48  nTrainCell = 48  nDiff = 0  (X,Y) = (1235, 1715)  Position Error = 123.891
TrainID = 945  dbValue = 2.68438  nTestCell = 48  nTrainCell = 46  nDiff = 2  (X,Y) = (1185, 1725)  Position Error = 120.204
TrainID = 2835  dbValue = 2.73363  nTestCell = 48  nTrainCell = 46  nDiff = 2  (X,Y) = (1145, 1705)  Position Error = 105.304
TrainID = 2636  dbValue = 2.80748  nTestCell = 48  nTrainCell = 46  nDiff = 2  (X,Y) = (1195, 1705)  Position Error = 101.435
TrainID = 1783  dbValue = 2.82039  nTestCell = 48  nTrainCell = 45  nDiff = 3  (X,Y) = (1305, 1685)  Position Error = 150.097
TrainID = 362  dbValue = 2.93717  nTestCell = 48  nTrainCell = 46  nDiff = 2  (X,Y) = (1185, 1715)  Position Error = 110.223
TrainID = 2472  dbValue = 2.93905  nTestCell = 48  nTrainCell = 45  nDiff = 3  (X,Y) = (1305, 1665)  Position Error = 140.46
TrainID = 1118  dbValue = 3.01488  nTestCell = 48  nTrainCell = 46  nDiff = 2  (X,Y) = (1205, 1715)  Position Error = 113.265
TrainID = 2422  dbValue = 3.09161  nTestCell = 48  nTrainCell = 46  nDiff = 2  (X,Y) = (1285, 1675)  Position Error = 127.863
TrainID = 2203  dbValue = 3.09332  nTestCell = 48  nTrainCell = 46  nDiff = 2  (X,Y) = (1135, 1715)  Position Error = 118.106
TrainID = 1314  dbValue = 3.15933  nTestCell = 48  nTrainCell = 46  nDiff = 2  (X,Y) = (1145, 1735)  Position Error = 134.123
TrainID = 2935  dbValue = 3.3059  nTestCell = 48  nTrainCell = 46  nDiff = 2  (X,Y) = (1165, 1745)  Position Error = 140.602
TrainID = 2634  dbValue = 3.31273  nTestCell = 48  nTrainCell = 46  nDiff = 2  (X,Y) = (1335, 1675)  Position Error = 171.898
TrainID = 507  dbValue = 3.34703  nTestCell = 48  nTrainCell = 46  nDiff = 2  (X,Y) = (1205, 1725)  Position Error = 123
TrainID = 1522  dbValue = 3.373  nTestCell = 48  nTrainCell = 46  nDiff = 2  (X,Y) = (1145, 1745)  Position Error = 143.837
TrainID = 1615  dbValue = 3.39514  nTestCell = 48  nTrainCell = 46  nDiff = 2  (X,Y) = (1205, 1755)  Position Error = 152.411
TrainID = 1763  dbValue = 3.51076  nTestCell = 48  nTrainCell = 46  nDiff = 2  (X,Y) = (1185, 1735)  Position Error = 130.188
TrainID = 1031  dbValue = 3.54178  nTestCell = 48  nTrainCell = 46  nDiff = 2  (X,Y) = (1315, 1665)  Position Error = 149.563
TrainID = 1961  dbValue = 3.55878  nTestCell = 48  nTrainCell = 46  nDiff = 2  (X,Y) = (1115, 1735)  Position Error = 144.461
TrainID = 2670  dbValue = 3.66025  nTestCell = 48  nTrainCell = 46  nDiff = 2  (X,Y) = (1115, 1745)  Position Error = 153.522
TrainID = 2661  dbValue = 3.77884  nTestCell = 48  nTrainCell = 46  nDiff = 2  (X,Y) = (1265, 1725)  Position Error = 148.219
TrainID = 627  dbValue = 4.00525  nTestCell = 48  nTrainCell = 46  nDiff = 2  (X,Y) = (1325, 1695)  Position Error = 172.363
TrainID = 2578  dbValue = 4.02418  nTestCell = 48  nTrainCell = 46  nDiff = 2  (X,Y) = (1235, 1745)  Position Error = 151.159
TrainID = 2882  dbValue = 4.03756  nTestCell = 48  nTrainCell = 46  nDiff = 2  (X,Y) = (1155, 1775)  Position Error = 171.549
TrainID = 1902  dbValue = 4.30957  nTestCell = 48  nTrainCell = 46  nDiff = 2  (X,Y) = (1145, 1795)  Position Error = 192.844
