trainID = 177  34.101  2.6422  1.8868  2.4802  1.3638  2.2429  0.9258  0.283  1.4839  3.2504  2.266  1.1057  0.4815  0.8474  30.796  7.3754  13.5987  0.2445  3.4502  6.1702  1.057  1.2682  5.6854  3.3035  0.016  2.5453  9.0647  2.1738  0.0531  4.3876  4.1647  4.7867  3.0366  9.2275  0.5473  4.3046  0.171  2.8214  3.6752  0.6441  3.2842  1.963  1.267  2.8749  
trainID = 186  0.1659  3.7206  5.0778  1.4912  2.996  2.4351  0.963  0.9111  3.021  4.8007  3.7149  5.5137  4.3873  11.643  6.743  2.1253  3.65  2.7167  2.3937  1.4049  1.251  2.8253  0.848  4.0863  0.4761  2.6428  8.6421  6.1476  8.6995  7.1216  3.153  3.9035  1.5369  2.2508  2.302  6.1362  8.8801  1.1243  3.9303  1.5249  4.6298  1.5829  33.5403  
trainID = 190  0.8695  2.3552  0.0713  1.399  1.0467  0.6037  0.009  2.4826  4.2676  2.4214  3.4776  1.3234  11.6611  10.5807  0.6948  3.3131  0.973  1.9061  1.341  1.2583  3.4189  2.4478  1.973  2.4583  3.086  1.1019  5.8023  2.4003  1.1364  0.5991  3.3029  3.902  0.5984  0.2306  0.671  1.8827  3.5713  0.6302  2.4562  0.501  0.825  3.8758  
trainID = 193  1.4718  2.2085  0.8055  1.4774  0.8629  2.5925  2.8374  0.044  2.346  1.2225  3.1622  0.846  5.3409  8.2244  2.4499  0.025  4.5276  1.2328  2.3972  0.5708  0.7035  2.089  0.55  0.9583  1.9833  0.9429  6.704  1.1098  4.2109  1.3849  2.279  1.4342  2.1989  0.7137  1.774  1.3033  7.1376  2.3203  2.2938  0.485  3.6334  1.6517  
trainID = 196  2.4899  4.7552  1.3598  2.5116  0.2535  1.4238  1.027  0.1121  5.9071  4.4178  3.3607  2.462  7.7445  11.1699  5.4691  5.2281  4.3027  0.7742  1.979  0.4936  3.1481  3.957  1.983  2.1693  2.7224  3.3155  10.4844  1.5045  0.5067  2.9047  0.8977  1.8896  3.1078  0.3721  0.835  3.9077  4.3827  0.8481  1.5538  3.1201  3.8667  1.286  
trainID = 200  3.2549  2.2115  1.6018  5.728  1.2672  4.6616  0.451  0.4761  3.2659  3.9152  4.1345  2.2701  0.624  8.0742  8.3561  2.7451  3.5947  4.5757  2.183  1.6043  3.8704  1.4669  1.2243  3.0133  0.312  0.5079  7.6537  8.4881  8.1335  9.6713  1.0566  3.9339  3.1125  4.4101  2.347  3.8301  9.3815  2.1803  1.8102  0.669  4.227  1.1291  33.984  
trainID = 206  1.3014  4.4  3.2468  1.5547  0.0359  2.1529  1.616  1.7494  2.618  4.3435  4.7629  4.8617  8.0734  11.7251  3.9732  3.7119  3.6582  0.8263  0.015  0.2439  2.4073  4.6307  3.614  4.8603  2.6638  0.3953  10.326  1.4195  2.0326  0.3357  1.8692  1.636  2.9838  0.552  1.1  3.3401  4.6737  3.1201  4.1779  0.484  2.8956  2.1848  
trainID = 238  0.1034  2.9159  0.8748  1.9633  0.2067  0.5722  0.315  0.5367  3.1424  4.4737  1.7669  4.1947  6.0127  14.0893  6.2433  0.4308  5.8237  0.6311  2.161  0.8169  1.2229  2.6716  1.591  4.4013  2.2731  1.7966  9.7708  0.69  3.6208  1.3116  1.327  2.5804  1.8396  1.4231  0.273  4.4246  4.4023  0.0167  3.2998  2.2203  4.9543  0.3914  
trainID = 321  2.6622  1.7016  0.5641  3.26  2.4707  4.7746  0.879  2.9766  3.2917  0.124  2.5669  3.2987  3.2385  0.0079  3.1748  4.5352  1.3529  1.008  2.0567  0.183  2.444  1.2072  2.5989  0.152  0.4452  1.2711  2.3296  5.8616  0.0052  4.1643  2.2564  0.4376  1.8743  0.9045  2.4247  3.3102  0.0647  3.3812  1.1893  2.5898  0.7929  3.2043  0.701  0.603  
trainID = 333  3.3293  0.4686  0.6191  1.9475  0.4739  1.8547  0.324  0.6846  2.492  3.8365  2.2827  0.713  1.2805  3.0871  3.6015  1.2583  0.0721  4.2639  0.656  0.9799  1.2902  2.5658  1.625  0.275  1.1265  0.436  4.7337  1.2272  0.3012  1.8471  2.751  0.8729  1.4931  0.7309  1.452  0.3859  3.0176  1.0323  1.2161  1.9752  3.9114  0.3893  
trainID = 345  2.556  0.0508  2.4618  1.3539  0.3995  1.0286  1.027  0.5532  1.098  0.141  3.0347  1.144  2.1323  0.7116  0.7779  3.7438  0.9264  1.1247  5.1596  1.336  0.8132  0.1206  1.6395  1.797  1.8086  0.7435  2.2508  2.6125  0.4794  1.8495  0.7877  0.9674  0.6962  0.6376  0.2783  0.935  0.6068  2.6912  0.138  1.7723  1.358  3.7643  3.5349  
trainID = 346  0.2554  1.6045  0.4323  0.6206  0.6624  5.5986  0.656  2.6797  1.01  1.514  1.6052  2.3393  1.1499  1.4866  1.0191  1.2878  2.2542  0.4165  1.0886  2.5377  0.3671  1.6586  1.2854  0.087  0.8353  1.3114  2.6884  1.1509  2.2298  1.6091  3.76  0.7824  1.479  0.3225  0.865  1.615  1.4153  0.0752  2.0465  1.2109  2.1615  2.524  1.0035  
trainID = 398  31.6931  3.178  1.2873  0.9859  1.1639  1.1357  1.1186  2.5045  1.2961  2.841  0.024  3.5991  1.3049  0.5081  15.6752  12.6707  0.1899  1.6077  2.8612  6.4313  1.259  0.3088  3.8826  3.3085  1.176  0.363  6.7371  3.1324  3.9204  3.374  1.0707  2.3656  0.8753  7.9819  0.0384  1.2755  2.2921  3.2139  1.3  1.948  2.8478  0.835  
trainID = 402  2.5232  0.3587  1.2598  0.4653  2.582  2.0867  1.646  2.147  0.928  1.469  1.9186  0.4379  2.9987  3.8099  4.5253  1.1329  2.3211  3.4579  1.4778  0.119  2.1201  0.0962  3.5907  1.058  1.8843  2.8506  0.7446  1.2724  3.9932  0.5634  1.2878  1.17  5.0645  0.8109  1.8818  1.59  0.3427  0.1906  2.9106  1.3199  1.4269  1.596  2.4269  
trainID = 518  1.2509  0.4089  0.2534  0.6103  1.1751  3.8676  2.944  1.5508  4.205  0.914  0.7887  3.1469  0.3214  7.0911  2.4037  1.0274  0.4506  3.4467  2.5534  2.6096  0.2931  0.9  3.4406  0.66  1.7683  0.8517  1.0753  4.4673  2.034  1.073  1.7062  0.5781  1.4879  1.575  0.5397  1.535  0.0877  2.0516  0.1543  1.619  2.8086  0.964  1.4539  
trainID = 522  32.5478  0.8314  0.1819  3.0833  0.6013  1.1832  1.7577  1.073  1.9242  0.777  1.279  1.2797  0.9979  0.0116  21.3606  7.8479  12.166  1.2191  6.7559  6.9031  1.839  1.9707  2.5074  2.7814  1.495  0.117  8.366  2.0939  0.4688  4.1848  2.6896  2.6012  2.0466  8.3705  1.9665  3.868  0.759  0.4672  1.9247  3.2101  2.2132  1.962  2.344  2.1988  
trainID = 571  2.6453  1.4127  0.98  1.8949  0.6156  0.6975  0.706  2.0037  1.128  1.157  1.4269  2.5009  2.1472  7.1457  1.1566  1.16  2.401  1.127  0.4482  0.656  0.8623  1.3548  1.7338  0.7337  2.6143  3.6841  0.0603  2.801  2.4826  0.936  2.8582  1.4941  3.1672  0.4128  0.5907  0.867  1.2706  0.0814  1.1604  1.1888  2.5453  2.379  1.7398  
trainID = 572  31.0454  3.9856  1.6083  3.1163  0.0208  1.8842  0.5735  0.447  0.2407  4.0496  0.473  1.4566  2.9059  3.1687  15.3807  14.604  0.2649  0.8736  0.3453  8.5467  3.7452  0.0673  3.5524  3.4768  3.581  1.6353  6.5836  1.9222  3.3005  4.6469  2.0916  1.1818  0.2295  7.2088  1.1878  0.7352  1.7841  5.1035  0.145  2.464  2.1952  0.046  
trainID = 589  31.7872  1.8874  1.4081  1.2397  1.1692  1.6082  0.5245  0.825  1.0403  1.485  1.966  0.4455  1.398  0.0564  15.0506  4.153  4.6808  1.1329  1.6524  5.9581  0.512  2.5582  1.8198  2.959  1.186  0.025  5.5934  0.339  3.7365  5.0984  0.577  1.4338  1.5906  5.7414  0.6619  3.6346  1.072  1.2657  1.6289  0.472  2.1936  0.431  0.288  2.4934  
trainID = 619  1.7254  2.4995  0.4095  1.7257  3.6708  1.6795  0.388  0.6035  1.709  1.938  2.5732  3.7251  5.5237  6.2992  13.6882  6.9008  0.8396  3.7667  0.3651  3.5689  4.3832  3.9841  37.3947  1.9166  3.8622  8.4817  1.1997  1.6995  3.0423  0.4602  0.4003  1.6375  1.1417  0.755  4.453  5.437  1.322  1.7807  1.2224  3.1053  0.1964  0.635  
trainID = 636  0.9568  2.1888  2.3608  5.012  3.8473  2.8293  1.713  0.1727  2.281  4.3545  3.3728  2.3393  0.7757  5.6691  5.385  0.9605  3.1721  3.9618  0.299  1.1634  0.2345  0.6783  0.781  1.8923  1.4916  1.4463  5.9618  2.884  6.6816  5.3076  2.8396  0.5071  0.0614  3.6495  2.6928  0.4391  6.6732  1.9358  1.1442  2.2276  5.543  0.0186  
trainID = 645  0.2913  0.1223  1.8128  2.2283  0.3266  3.603  1.076  0.5233  2.67  0.923  0.9382  3.0474  1.2314  5.698  4.4895  1.6825  0.0441  1.7373  2.4394  1.24  0.8524  3.2991  2.6447  0.592  1.3143  3.4388  2.4354  6.9832  1.1567  2.4321  0.2645  0.1019  4.2326  1.611  1.0667  0.909  2.1246  1.8909  0.3782  2.7625  0.707  2.9489  2.6238  
trainID = 715  0.6285  2.2342  0.9866  2.2866  0.7178  2.2871  3.929  0.5435  1.251  0.287  0.2168  2.4063  1.2487  2.4048  2.0525  1.1344  2.1868  2.3706  0.9102  2.33  1.186  1.0956  1.277  0.9926  1.7643  2.8885  4.1957  0.3533  2.3129  0.6457  0.1567  0.7996  3.7691  0.3923  0.9964  0.304  1.2314  0.0998  0.5665  1.0858  0.543  2.8831  1.5045  
trainID = 787  32.9592  2.3754  1.8959  2.1111  1.2618  0.2552  1.1943  1.674  0.1385  3.026  1.055  0.6352  0.4985  1.81  13.6856  12.2248  12.2537  2.8472  6.9319  4.5916  0.361  2.5285  5.279  0.7016  3.618  0.2213  8.3341  0.2385  1.3214  5.6687  4.0173  1.6454  1.1742  7.6054  0.1062  2.6202  0.239  0.7041  1.8968  0.5979  4.0544  2.198  1.79  4.4204  
trainID = 886  0.9127  0.161  1.173  1.367  0.5679  1.7468  0.853  0.9781  0.424  0.393  2.5558  3.204  1.3853  6.4909  2.8381  0.7748  0.7697  0.932  0.9041  1.202  1.3973  2.1796  3.4238  1.3075  0.078  1.2393  0.9604  5.3339  1.9881  0.6738  0.1579  0.3306  3.1041  1.1073  2.3391  2.349  1.0411  2.8475  0.2956  1.4638  0.696  4.0666  0.3811  0.174  
trainID = 944  1.9477  0.1941  0.7271  1.7151  2.0167  1.6461  0.605  2.9218  1.706  0.907  3.2943  3.5928  3.0118  4.5156  4.0056  5.6428  1.1477  2.3334  4.9024  1.946  3.1427  1.3645  1.4616  0.797  0.3701  2.6267  1.09  7.0254  3.1011  1.8522  2.5519  0.9516  0.7842  3.274  3.8851  0.581  0.8827  5.3098  1.7564  0.9173  0.331  2.614  0.056  0.27  
trainID = 997  2.4454  0.1536  3.1208  4.071  4.1229  4.9886  0.386  3.6823  1.213  8.07  3.5861  4.5047  1.0095  9.5832  10.5585  1.0395  1.8352  5.2032  1.023  3.2421  3.2199  1.9255  0.751  1.2353  0.9836  1.0249  6.8632  10.491  13.0337  11.4854  2.5522  5.7246  0.7514  4.6336  1.156  3.3054  12.4311  3.2016  1.1212  4.6378  7.961  0.0517  33.349  
trainID = 1028  1.8904  0.6579  1.097  1.3622  1.7887  0.3584  0.519  1.7859  0.989  0.15  4.5945  4.3751  0.2135  3.3979  0.8897  1.2936  1.413  1.9094  0.3189  0.858  0.1794  0.3516  1.0246  0.851  1.3143  2.4937  3.2364  3.194  0.8568  0.4045  1.1868  0.3675  3.8459  0.1427  1.405  3.9437  1.1707  0.108  0.9761  1.2411  0.039  2.527  1.0985  
trainID = 1030  0.0159  3.8823  0.4017  0.9485  0.3348  3.9586  1.6132  1.6628  1.158  5.79  4.3629  5.3407  5.1937  13.5735  5.5692  1.8973  6.2989  0.5784  2.6183  3.6843  1.3802  2.4564  2.896  0.5203  1.2132  1.0655  6.6007  5.3743  4.3611  4.3177  1.3062  0.2089  3.6283  1.3706  2.093  4.1731  7.7123  3.278  3.0959  1.5847  3.2501  0.2685  35.0016  
trainID = 1067  0.4732  2.5306  3.7008  3.4162  2.4081  3.6035  0.118  1.0959  0.322  6.8749  4.9102  4.3857  0.6  12.1089  9.2504  0.0637  2.2083  3.739  1.093  4.06  4.1831  3.254  1.746  4.9773  0.0163  1.0424  7.3324  13.0231  10.2919  14.9784  1.3219  2.3211  1.0221  4.0601  3.8201  6.0771  8.8579  5.4498  5.7153  5.9434  5.8663  1.845  33.1874  
trainID = 1081  1.2066  0.2439  0.7853  1.2674  1.2022  0.4607  0.413  1.2459  3.089  2.2058  1.4178  3.6786  5.8581  5.3753  2.339  0.3694  0.6272  2.068  0.577  0.2314  0.0046  3.4363  1.745  2.2923  1.7072  1.7573  6.9913  2.0963  2.726  0.176  0.0052  2.1871  2.0299  0.9622  0.037  1.972  2.7107  1.4577  2.2528  0.783  2.102  0.2113  
trainID = 1168  1.2799  2.4015  1.4228  0.9404  0.3832  2.2111  0.619  0.1263  2.155  2.4261  1.1764  1.0061  8.2252  8.5745  4.0016  0.5949  3.5086  1.6601  1.267  1.9873  1.188  5.2252  1.193  2.1743  1.0899  0.4175  7.3962  4.4556  3.7136  0.7872  1.3006  2.5415  0.507  0.4211  0.534  4.2987  6.3716  0.2194  3.2083  0.678  3.3056  0.2349  0.057  
TrainID = 1028  dbValue = 1.43768  nTestCell = 45  nTrainCell = 43  nDiff = 2  (X,Y) = (1825, 1065)  Position Error = 27.0185
TrainID = 346  dbValue = 1.45819  nTestCell = 45  nTrainCell = 43  nDiff = 2  (X,Y) = (1795, 1075)  Position Error = 9.48683
TrainID = 345  dbValue = 1.46612  nTestCell = 45  nTrainCell = 43  nDiff = 2  (X,Y) = (1795, 1105)  Position Error = 39.1152
TrainID = 715  dbValue = 1.47573  nTestCell = 45  nTrainCell = 43  nDiff = 2  (X,Y) = (1795, 1055)  Position Error = 11.4018
TrainID = 886  dbValue = 1.55838  nTestCell = 45  nTrainCell = 44  nDiff = 1  (X,Y) = (1855, 1075)  Position Error = 57.7062
TrainID = 571  dbValue = 1.63787  nTestCell = 45  nTrainCell = 43  nDiff = 2  (X,Y) = (1825, 1045)  Position Error = 34.2053
TrainID = 333  dbValue = 1.64001  nTestCell = 45  nTrainCell = 42  nDiff = 3  (X,Y) = (1825, 1135)  Position Error = 74.0945
TrainID = 518  dbValue = 1.72427  nTestCell = 45  nTrainCell = 43  nDiff = 2  (X,Y) = (1865, 1075)  Position Error = 67.6018
TrainID = 1081  dbValue = 1.76916  nTestCell = 45  nTrainCell = 42  nDiff = 3  (X,Y) = (1875, 1075)  Position Error = 77.5242
TrainID = 402  dbValue = 1.81063  nTestCell = 45  nTrainCell = 43  nDiff = 2  (X,Y) = (1775, 1015)  Position Error = 55.9464
TrainID = 645  dbValue = 1.92778  nTestCell = 45  nTrainCell = 43  nDiff = 2  (X,Y) = (1855, 1045)  Position Error = 60.7454
TrainID = 321  dbValue = 2.00773  nTestCell = 45  nTrainCell = 44  nDiff = 1  (X,Y) = (1855, 1145)  Position Error = 97.4166
TrainID = 944  dbValue = 2.17671  nTestCell = 45  nTrainCell = 44  nDiff = 1  (X,Y) = (1855, 1135)  Position Error = 89.4986
TrainID = 193  dbValue = 2.20254  nTestCell = 45  nTrainCell = 42  nDiff = 3  (X,Y) = (1925, 1085)  Position Error = 128.413
TrainID = 1168  dbValue = 2.26245  nTestCell = 45  nTrainCell = 43  nDiff = 2  (X,Y) = (1935, 1085)  Position Error = 138.311
TrainID = 190  dbValue = 2.35539  nTestCell = 45  nTrainCell = 42  nDiff = 3  (X,Y) = (1925, 1015)  Position Error = 136.858
TrainID = 636  dbValue = 2.56919  nTestCell = 45  nTrainCell = 42  nDiff = 3  (X,Y) = (1895, 1175)  Position Error = 145.911
TrainID = 238  dbValue = 2.70897  nTestCell = 45  nTrainCell = 42  nDiff = 3  (X,Y) = (1965, 1065)  Position Error = 167.003
TrainID = 589  dbValue = 2.88135  nTestCell = 45  nTrainCell = 44  nDiff = 1  (X,Y) = (1805, 965)  Position Error = 101.242
TrainID = 196  dbValue = 3.00011  nTestCell = 45  nTrainCell = 42  nDiff = 3  (X,Y) = (1965, 1045)  Position Error = 168.315
TrainID = 206  dbValue = 3.01363  nTestCell = 45  nTrainCell = 42  nDiff = 3  (X,Y) = (1975, 1055)  Position Error = 177.341
TrainID = 398  dbValue = 3.46624  nTestCell = 45  nTrainCell = 42  nDiff = 3  (X,Y) = (1895, 945)  Position Error = 155.081
TrainID = 572  dbValue = 3.61606  nTestCell = 45  nTrainCell = 42  nDiff = 3  (X,Y) = (1935, 935)  Position Error = 189.552
TrainID = 619  dbValue = 3.62166  nTestCell = 45  nTrainCell = 42  nDiff = 3  (X,Y) = (1995, 1085)  Position Error = 197.914
TrainID = 787  dbValue = 3.74469  nTestCell = 45  nTrainCell = 44  nDiff = 1  (X,Y) = (1765, 915)  Position Error = 154.564
TrainID = 522  dbValue = 3.77789  nTestCell = 45  nTrainCell = 44  nDiff = 1  (X,Y) = (1795, 915)  Position Error = 151.03
TrainID = 1030  dbValue = 3.86139  nTestCell = 45  nTrainCell = 43  nDiff = 2  (X,Y) = (1985, 1125)  Position Error = 196.087
TrainID = 200  dbValue = 4.21878  nTestCell = 45  nTrainCell = 43  nDiff = 2  (X,Y) = (1915, 1225)  Position Error = 197.408
TrainID = 177  dbValue = 4.30269  nTestCell = 45  nTrainCell = 44  nDiff = 1  (X,Y) = (1775, 885)  Position Error = 182.455
TrainID = 186  dbValue = 4.3514  nTestCell = 45  nTrainCell = 43  nDiff = 2  (X,Y) = (1995, 1175)  Position Error = 225.144
TrainID = 997  dbValue = 4.78439  nTestCell = 45  nTrainCell = 43  nDiff = 2  (X,Y) = (1945, 1255)  Position Error = 239.437
TrainID = 1067  dbValue = 4.96034  nTestCell = 45  nTrainCell = 43  nDiff = 2  (X,Y) = (1975, 1245)  Position Error = 251.734
