trainID = 309  2.6131  0.0409  0.496  0.1447  4.8165  2.3008  0.7339  0.675  0.692  0.244  2.9845  1.0141  0.1998  0.009  4.2292  3.2607  0.3754  1.3932  1.7267  2.6004  1.6788  0.9768  2.1185  1.5767  2.0137  2.8446  1.2715  0.696  1.8932  2.8585  2.0928  0.921  1.5768  0.3669  2.2812  2.7045  0.914  2.2671  0.748  0.2052  0.563  2.7796  1.248  0.223  0.1789  
trainID = 401  4.7661  6.3958  2.243  1.405  3.6482  0.9674  2.819  0.0645  5.0406  3.5407  6.2628  3.4476  0.567  5.703  4.5851  1.085  2.5336  5.7911  1.1101  6.3523  4.074  9.3775  8.7041  5.2616  8.285  2.1356  0.0055  0.4576  4.5567  0.9443  5.9474  5.5144  0.7978  2.7681  1.7333  0.0133  2.2684  4.4539  1.731  2.5528  0.118  0.803  0.4063  
trainID = 406  0.2379  4.0375  1.613  2.864  1.2077  0.9448  1.046  3.0433  0.4522  4.0844  4.9371  5.1232  5.0827  4.4946  0.8934  0.2535  1.7873  7.3971  4.5051  6.4792  3.7422  4.1147  5.1508  15.1015  7.1496  1.5801  4.2743  3.6347  3.0231  0.7862  5.2198  6.0757  2.2703  2.9262  4.9345  2.2084  1.0669  4.7515  0.718  0.069  2.354  1.6541  1.2645  
trainID = 438  2.7737  4.3187  0.035  1.7094  4.1648  3.6348  0.669  0.6396  3.7096  3.4613  4.6672  4.1334  3.428  7.7752  3.8733  1.9653  3.1406  5.6931  3.6351  8.6096  6.0337  10.9188  11.5201  11.1479  8.2856  3.3021  3.3196  1.0524  0.6662  2.0951  5.6917  5.2765  0.5861  2.7459  1.7126  1.0611  1.8489  4.087  1.5  0.9834  3.2844  1.6501  1.4764  
trainID = 469  2.2116  3.0772  4.6123  0.944  1.8897  1.4848  2.4778  1.186  1.604  0.7439  2.326  0.2752  2.787  1.0425  1.602  2.8346  2.113  2.0095  1.7435  1.5029  0.3642  7.7906  2.1409  9.6521  1.1265  2.5856  3.8821  2.194  2.3079  2.2767  1.9671  0.053  4.047  0.933  2.7927  1.3761  0.3545  0.7163  4.3861  1.7596  3.823  2.5672  34.823  
trainID = 474  2.6033  0.2301  1.181  1.476  2.9271  0.2798  0.5119  1.351  0.313  0.6224  0.7713  2.8264  0.7886  0.0384  1.8867  2.7914  0.4661  2.1286  0.8036  4.1265  1.4066  2.4499  0.4214  3.0303  4.1086  4.8327  1.7972  0.42  0.3724  0.8479  2.6608  0.1197  0.243  1.6358  1.7579  0.7097  3.2278  2.0519  0.1913  0.2399  0.044  3.4294  0.756  0.98  0.7671  
trainID = 497  2.1739  6.3947  1.237  1.0908  2.1651  2.3248  2.358  0.1784  5.5121  8.4423  1.5299  4.5445  3.1136  4.1086  3.5782  1.0818  2.6658  5.3801  4.2241  6.6667  6.9649  6.8132  8.2561  8.2443  4.1952  4.0955  3.3676  2.4862  0.3488  0.508  3.2048  2.1005  1.1215  0.9866  4.6869  0.8339  2.1499  3.1836  3.151  1.5867  0.007  0.989  1.1177  
trainID = 502  6.2319  2.455  2.443  34.991  3.2051  2.605  0.599  4.3006  8.0206  6.2703  6.3038  1.7239  3.769  2.607  5.7899  1.9596  0.7948  0.6639  1.06  10.7458  15.2794  0.6801  0.7466  8.7434  15.5363  1.495  0.7843  5.5132  2.901  0.3381  1.595  3.6661  4.0166  6.863  1.982  0.7563  1.5645  0.2987  0.3553  3.3496  0.775  1.5997  0.9622  
trainID = 505  3.6406  1.0139  1.992  1.206  0.3479  0.9675  0.3777  0.86  1.847  3.5733  7.4076  2.4979  3.9521  0.9271  0.4023  1.176  3.7818  2.1566  0.7057  0.118  1.5561  9.538  15.594  10.6798  0.2483  0.6305  5.3142  1.117  1.1762  3.9855  0.3329  1.0436  7.5653  2.3912  0.0088  4.2193  0.262  1.7051  0.3073  2.0596  1.257  3.73  0.5268  
trainID = 562  2.5426  0.1505  0.994  34.004  0.2241  1.8082  1.102  7.184  7.7898  2.7007  5.3567  1.4314  3.6088  0.712  3.8566  3.1356  1.6478  0.7581  0.1832  0.0685  18.0278  4.5552  0.9301  6.685  10.2401  1.794  2.6149  6.5619  1.4135  3.5852  3.1241  2.6511  2.0609  5.8404  0.634  1.6401  3.5028  0.8919  1.314  4.5808  1.308  1.5739  5.2879  
trainID = 644  0.3184  2.8634  0.052  1.737  0.748  0.9866  34.954  1.7974  0.3789  4.4948  2.5754  0.2851  4.3818  4.5724  0.6965  3.2676  1.4361  0.2279  1.2593  2.0564  1.187  1.5519  0.2362  8.3508  8.2703  0.972  2.2395  5.3557  1.6316  0.5998  2.4149  1.9149  1.4264  7.2118  0.1528  1.2802  1.1745  1.4987  0.449  2.1426  1.405  0.622  1.4112  
trainID = 647  0.0283  1.2401  3.2733  2.306  2.2955  2.4108  0.734  0.7262  1.2514  1.8223  0.3311  1.7828  0.0772  4.515  0.2148  0.0243  1.833  4.0674  2.8344  4.1165  2.6713  1.4816  3.7406  3.6535  0.6387  0.816  0.034  2.2506  0.5117  1.6517  0.2306  1.508  1.9086  1.1612  1.4503  0.0115  1.5542  0.4654  4.307  0.0495  2.212  1.8832  0.9938  
trainID = 668  0.6177  1.7088  3.4608  1.165  0.9826  0.6164  33.814  1.9031  0.5343  3.9346  0.6693  0.9396  3.9027  5.7839  0.4682  1.8491  0.0358  3.655  0.2889  3.5765  0.7667  6.135  3.2883  9.148  0.2534  1.6233  0.3762  1.7051  1.6483  2.5501  3.6005  2.3539  0.4707  2.6407  1.1906  1.5721  0.3474  4.8687  0.757  1.1417  3.1674  0.631  0.7335  
trainID = 770  2.7171  5.6267  1.829  0.579  1.3222  1.8186  33.954  1.4462  4.9514  5.9162  3.4687  6.9159  2.1946  4.9936  1.3133  0.14  3.6991  6.1651  4.9261  8.8976  7.1371  12.3943  11.9016  21.2316  2.3924  2.6829  5.0997  3.1039  2.7704  0.7036  10.4195  9.4341  1.3577  2.0386  4.5945  3.5011  4.0742  7.7577  1.989  0.3072  2.315  1.5899  1.8744  
trainID = 860  2.8936  4.0244  0.785  0.9393  3.3507  2.5138  0.954  0.568  5.1723  4.695  1.0916  3.1186  0.6751  6.111  1.7345  0.3078  2.9455  3.043  1.2917  3.6253  5.1396  7.2466  6.3111  12.7351  0.3919  3.2296  2.9123  0.9801  1.1152  1.7088  6.5449  7.3321  3.1449  1.5332  2.2478  2.7321  1.8084  4.556  0.132  0.5935  1.092  0.7  0.5394  
trainID = 864  4.6221  4.4258  4.3593  0.3862  2.7546  0.6278  0.097  32.763  2.0189  4.7894  3.9684  0.2481  2.0054  0.6936  6.0433  1.3607  1.8151  3.0836  5.0131  1.885  5.9438  5.3316  6.5818  5.7186  5.3499  4.7755  2.2188  1.3956  0.4712  2.0908  0.7739  3.9578  2.5474  3.1073  3.2183  3.9921  1.4471  1.2342  1.5154  1.721  1.2882  0.604  1.577  0.8148  
trainID = 870  1.411  0.7615  0.817  0.675  0.4487  0.7588  3.2408  0.696  1.979  0.3369  3.8465  3.3043  3.0312  0.8731  3.2505  2.6366  2.7454  1.3594  0.3084  0.9165  1.5516  3.1929  5.3486  4.3095  1.6783  4.7169  3.2993  1.028  0.7463  5.0109  0.4292  0.0675  2.9642  0.1368  0.036  6.0853  2.9919  1.0539  0.8449  2.3989  0.488  2.5986  1.172  2.931  2.0937  
trainID = 890  0.0485  3.4546  1.441  1.842  1.0821  1.1238  0.927  34.087  2.3793  1.015  5.8098  3.4909  2.9311  1.7642  1.373  1.8996  0.7079  2.7821  0.6488  2.9341  1.4115  0.6628  0.5089  2.5362  11.44  10.8784  3.876  2.0994  5.2671  2.1554  3.15  2.7723  3.7906  5.4965  7.0657  1.3716  0.2985  0.5858  2.5955  1.3985  2.996  2.698  2.6721  2.4749  
trainID = 906  3.0335  4.5372  1.953  3.299  0.0722  0.9118  1.004  2.8228  2.4257  6.4163  0.7829  6.3042  1.7648  3.9895  0.876  1.6367  2.5175  5.5111  4.1231  5.9441  5.5982  6.8479  8.4443  11.5805  0.7687  1.6536  3.7269  1.9099  1.6287  1.6251  4.2058  5.1366  5.5147  3.2877  1.8993  2.9933  2.887  3.6711  0.17  1.1631  0.649  0.085  0.9739  
trainID = 928  1.0737  5.0601  1.835  1.788  1.2023  1.4838  0.676  1.7185  5.4416  4.2297  0.1794  6.925  3.2943  5.2915  0.7167  1.0237  6.0159  6.1341  2.1656  4.5457  6.1055  9.2738  9.7145  17.4791  2.0533  4.1017  2.2295  1.2524  0.3399  2.1695  7.2763  9.1671  5.656  1.5077  1.9483  0.4771  0.2639  3.6006  0.036  2.6946  0.645  1.6673  0.2092  
trainID = 931  1.9893  2.2238  1.157  0.792  2.057  4.0438  0.8124  1.438  1.937  3.2731  3.7699  2.664  2.4584  4.6664  3.9083  1.474  0.6271  1.3392  1.4043  0.6573  2.7502  2.2557  3.8765  0.8746  0.0898  8.1333  7.7532  0.226  3.0807  3.2891  1.2043  1.9852  2.872  4.8645  3.0909  5.1429  2.0365  0.943  0.6032  0.7739  0.447  3.8771  0.167  1.393  0.1121  
trainID = 937  5.3029  0.1843  1.411  33.171  1.1323  2.4941  0.127  5.8128  7.5067  2.7875  6.3132  3.2878  6.5086  1.516  3.6032  4.1996  0.771  1.7116  1.7671  12.856  26.6821  5.4775  0.0722  5.6227  10.6757  1.209  0.513  8.2012  0.7457  2.8752  5.3219  0.166  1.9464  5.758  0.4706  0.5783  2.2327  1.9458  1.496  3.3602  1.433  0.096  2.4579  
trainID = 949  0.2273  2.7724  1.069  0.1379  0.3114  0.9708  35.227  1.8233  2.9447  3.3815  3.5452  2.8244  1.3214  4.3137  0.6099  2.0026  4.1491  5.2921  1.9834  6.1995  1.7702  5.113  5.7562  14.2916  3.0171  2.282  3.4682  1.6302  1.5207  1.4578  3.5597  4.2407  1.9107  3.6637  2.6007  1.5519  1.2363  4.9302  0.923  1.1232  2.6394  2.6374  1.5737  
trainID = 957  3.7291  3.9874  2.7009  2.116  2.8392  1.1208  3.092  1.7485  6.7762  5.7116  3.6083  5.3929  0.9544  4.5168  1.9596  2.4141  1.6408  4.9971  5.0941  9.474  5.4891  8.7079  10.8513  8.6962  6.8671  4.4878  1.2699  0.0295  0.8383  2.5591  4.2868  6.468  0.7768  0.6888  3.8035  1.5585  2.1817  3.751  1.28  0.0471  0.182  0.654  0.6726  
trainID = 966  2.6878  3.7106  2.173  1.6601  2.993  0.3772  34.101  0.8944  4.0199  3.3032  2.4108  0.0966  1.8693  7.5587  2.155  0.7299  3.7457  4.2908  5.5991  9.3723  3.5148  6.4452  6.2657  4.5245  3.2288  2.6604  0.2489  1.0713  0.2012  2.6321  5.3742  2.4336  0.0596  2.5193  3.1313  0.6424  1.5417  2.7304  1.505  0.1471  1.099  0.706  1.0097  
trainID = 976  3.1574  0.8413  3.4228  32.941  1.3875  2.4117  1.029  5.3568  6.6098  3.818  4.0152  1.1821  2.7687  0.049  2.844  1.922  2.3571  0.2199  0.6039  2.3718  19.8006  6.4299  2.2966  6.5154  9.1535  0.731  1.6549  5.0142  0.9773  1.841  4.8906  1.4159  1.5516  6.2926  0.502  1.1083  2.1316  2.7731  1.217  3.5884  0.143  1.7364  0.2637  
trainID = 978  0.4038  4.2699  0.122  0.935  0.4899  2.0088  0.348  1.4524  2.251  6.6953  2.0014  4.7552  2.872  3.8698  1.5718  1.38  1.9933  5.3431  1.9457  6.4854  6.1343  6.9953  9.3625  15.5918  5.3443  3.1775  6.0175  2.8567  2.8467  0.5367  5.8603  6.8654  2.8037  1.2226  2.5785  1.7181  1.416  4.817  1.115  0.1277  1.303  1.5657  2.0842  
trainID = 981  4.0931  1.2376  1.852  33.532  1.4121  0.29  0.837  5.1596  7.4352  4.653  2.5182  2.4237  4.2321  0.047  2.1952  1.567  2.276  0.8022  0.9034  6.2336  17.4555  4.972  3.3376  6.3085  10.7249  0.591  1.2041  5.0499  2.9112  4.1864  6.2842  3.5161  0.1492  4.9173  0.4837  1.5969  3.8749  0.9475  0.572  4.0242  1.561  0.66  0.8883  
trainID = 982  1.1625  3.8531  4.1123  2.567  1.7963  0.7378  0.37  34.022  3.3392  1.9912  4.3486  1.8086  4.2288  3.1135  4.5107  2.1867  0.5813  0.8503  3.5142  1.1223  5.3335  3.4189  4.5685  5.4926  8.1434  2.6772  0.109  2.5063  2.1014  3.4361  0.2823  2.6501  3.4737  2.4273  2.1863  2.4093  3.4939  2.4732  2.7519  1.011  0.6886  0.32  0.566  1.1553  
trainID = 992  2.0161  1.0107  1.463  3.344  0.2991  0.8026  0.4747  0.451  0.517  2.041  3.7393  1.3365  2.9758  0.4307  3.8595  2.295  2.3726  1.083  1.6743  0.2417  0.0133  4.0293  7.8808  8.5095  0.927  1.1137  4.5586  2.471  1.3729  4.6774  1.8203  2.4363  1.9651  0.0634  3.9071  3.0534  2.307  1.9541  3.9099  1.4354  2.983  4.8643  0.816  0.336  1.4937  
trainID = 1019  0.3463  3.0245  3.3308  1.3  5.3152  2.5618  0.545  0.9157  1.194  2.4896  2.8814  2.3488  2.1526  0.9936  1.2837  0.8244  3.2388  0.6125  0.1188  1.9225  2.8741  0.6108  3.6045  1.8079  0.2206  0.9436  1.0419  2.8621  0.977  1.8167  2.1854  3.3191  1.5745  3.1105  0.3722  1.3931  1.1116  0.047  0.6316  0.7975  1.1461  0.054  2.2917  
trainID = 1160  0.2864  0.0126  0.208  0.4862  1.3189  0.7268  0.687  1.2043  1.205  0.424  0.0692  0.9211  2.9696  0.5529  4.3843  2.8952  1.971  0.2111  1.9212  0.7179  1.9437  1.9256  0.3558  2.5101  1.8045  3.3913  1.9504  3.05  1.259  1.1834  1.9606  1.2829  0.8062  1.72  1.2309  0.0637  4.6322  0.521  0.5638  0.4409  0.6283  4.069  3.0087  32.072  
trainID = 1189  1.8541  1.5019  3.7965  2.612  2.911  0.3658  0.3332  2.3082  1.382  1.6625  7.8469  0.6675  0.9856  0.1554  0.3155  3.5822  1.4246  2.7376  0.1483  2.1417  1.6377  0.8497  7.4467  10.5406  4.0533  1.8449  4.3623  0.222  1.9384  4.7808  2.8528  0.1167  3.4166  0.3368  1.2424  1.9673  1.731  1.0222  2.7701  2.0653  0.26  1.5304  32.731  
trainID = 1193  4.4142  6.3066  0.106  0.0932  1.7368  0.2952  1.83  2.018  9.3267  7.8673  5.4925  4.2062  2.7661  6.6306  1.6516  2.2508  5.1827  5.9741  4.0771  8.6923  8.6676  10.3677  15.7218  19.5874  10.1763  2.7617  6.0422  0.4635  0.969  1.2934  9.5395  8.6585  2.2946  5.1795  3.6011  1.3791  3.0938  6.4579  2.243  2.2895  1.853  1.175  0.0934  
trainID = 1197  1.084  1.8307  1.58  0.326  1.1498  1.8598  33.983  3.152  1.2413  3.5245  0.1951  0.0443  0.2186  4.804  1.5324  0.661  1.1502  3.7145  2.3985  5.2993  2.1096  3.5445  4.2612  3.7597  0.2487  1.208  0.5807  1.3168  2.256  0.0598  0.942  1.737  0.5256  2.0045  1.3942  0.026  0.861  1.0839  0.032  0.3738  1.307  1.7464  1.1243  
trainID = 1198  4.4478  3.9932  0.63  0.092  0.7265  1.2928  1.909  34.316  2.1031  2.9663  4.6416  2.2271  0.988  2.7307  3.7634  0.7019  0.9398  3.8609  2.9487  3.4601  6.0275  2.8128  5.297  3.2731  4.8841  2.221  3.2182  0.6394  1.6628  0.5011  0.8188  1.8755  0.9744  0.7368  2.3965  1.7868  0.7564  0.339  3.784  1.864  0.3264  0.601  0.897  1.3035  
trainID = 1229  2.6605  8.9667  0.915  2.116  1.6375  0.1577  2.994  2.8735  7.6255  4.0547  2.6334  5.1629  1.7612  4.8951  1.4085  1.4244  2.647  6.6771  1.7059  6.1183  6.6983  7.6244  10.6993  16.5498  3.1514  3.1801  4.7776  1.169  0.029  1.0534  6.5473  6.5908  3.4711  0.5867  2.7437  3.7029  1.8261  4.8614  1.712  1.3884  2.035  1.281  0.9611  
trainID = 1240  0.7293  0.4542  1.028  2.256  0.1312  0.0145  0.9067  0.656  1.8935  0.8873  3.5957  0.1563  1.4968  0.495  0.0889  3.0832  2.1999  0.976  0.7374  0.1253  0.4881  0.0734  5.2667  6.3991  1.1615  1.305  4.0854  1.9266  2.6514  1.7237  2.1655  3.3275  1.6202  0.329  1.3903  4.0827  1.5227  0.0309  3.6493  1.2342  2.782  1.4072  34.079  
trainID = 1250  2.6938  1.5109  1.278  34.396  1.2476  2.4451  1.534  5.3426  6.0732  4.3065  4.8567  2.9088  3.4817  0.096  0.5883  2.7816  0.6042  1.0113  1.3007  6.8822  16.7202  1.7179  0.4165  7.3562  9.0351  1.375  0.415  5.3938  2.5431  4.3019  2.1967  1.724  3.7183  7.7143  0.12  1.8155  2.3574  2.2289  0.357  4.1246  1.996  0.3  0.7594  
trainID = 1271  3.0739  3.4727  0.18  1.031  0.4483  0.1526  1.153  2.3413  3.4608  4.7967  1.7248  0.5339  0.7391  7.2035  3.5087  1.2243  3.9129  2.9823  3.9301  5.2082  3.094  3.7575  9.6585  9.7314  1.0525  3.7931  2.5181  1.6552  0.2822  2.5321  5.3589  3.341  2.2702  1.5776  1.2662  2.7235  1.9504  2.6003  2.407  2.2895  1.09  0.051  1.7304  
trainID = 1273  2.5751  0.6646  0.867  32.583  2.2467  1.646  1.753  3.2799  6.509  3.5293  4.1537  3.0651  4.8209  2.7844  1.5519  1.5923  0.2183  1.6231  0.4451  1.4401  12.8554  2.1039  0.7591  4.3535  8.0979  0.181  1.99  5.4797  0.5324  3.3502  3.059  2.3766  2.1887  6.6732  1.123  1.082  2.5034  1.5816  0.562  2.7844  1.158  1.18  1.0827  
trainID = 1281  0.0255  1.9219  3.8137  1.672  3.4488  2.6388  2.4762  1.717  2.224  1.4468  0.9468  0.8468  0.1852  3.24  1.5415  4.96  1.1727  0.927  2.074  1.7959  1.9548  4.2086  0.8117  2.5302  1.8192  1.1495  1.3993  0.774  3.437  0.1383  3.6585  0.2343  1.6123  0.3332  0.1503  3.5851  0.8336  0.2877  0.5918  2.257  4.281  0.6843  32.136  
trainID = 1289  2.2661  0.7451  3.5812  1.4728  2.6717  0.707  0.4657  1.076  0.088  0.3987  0.4077  2.1225  1.6222  2.9395  0.3193  5.567  0.9587  0.4872  2.8817  1.6314  1.2249  4.2425  0.8272  0.6967  3.937  2.0247  0.0365  2.1606  1.4724  0.5964  1.0041  0.5056  1.6936  0.46  0.2579  3.0026  1.2761  0.0754  1.6176  1.1737  0.455  1.9069  34.446  
trainID = 1293  1.016  1.507  2.075  1.381  3.1202  0.7127  0.8977  0.948  0.366  1.7944  5.627  2.3859  1.8114  1.1164  1.3508  3.5922  1.8947  0.4168  0.3965  1.176  0.0304  0.7596  4.4974  3.1886  1.9374  2.1915  3.9366  0.054  0.6377  4.35  1.4795  0.9275  1.0511  1.9406  0.6244  2.6762  0.412  1.5041  0.9509  0.66  0.7198  2.9273  1.184  0.867  2.6041  
trainID = 1294  0.3051  0.1137  0.937  3.136  2.7927  2.1948  34.468  0.2765  0.8373  1.9833  2.5453  0.972  0.8865  3.4018  0.3592  0.5594  2.214  3.4254  2.9121  3.4377  0.673  0.8137  1.4851  6.4375  2.6658  1.164  0.0197  1.9625  0.9412  1.7703  0.5541  0.2565  2.8826  3.1672  1.134  1.5724  1.9166  1.2889  0.107  0.9257  1.48  1.605  1.4572  
trainID = 1302  2.1551  7.5942  1.92  3.116  0.2443  1.4328  1.51  1.8219  3.9401  4.1844  0.5511  5.4875  3.1242  5.6235  1.9844  0.9184  2.9746  4.2713  2.9991  5.3091  3.6763  5.7479  8.18  11.1957  1.4194  1.756  2.2245  0.3703  1.416  0.5505  5.8271  3.1346  2.843  1.498  4.3855  1.2191  1.7553  3.9817  2.094  0.2125  0.912  0.961  2.3755  
trainID = 1305  2.3318  3.8289  2.7864  2.116  3.3244  1.7488  0.6115  1.738  0.266  0.3427  0.7149  4.0095  1.2361  1.0229  1.9064  5.0603  2.4883  0.2001  0.7756  2.8514  0.3182  2.1944  0.4719  0.4962  3.9412  0.3802  1.8856  1.32  0.8664  0.4417  0.2326  1.1401  0.3607  1.4707  1.744  3.7041  0.3968  0.6407  0.3409  1.9167  1.635  0.8583  2.054  0.297  1.0011  
trainID = 1317  0.3179  0.7653  2.01  2.581  4.7647  1.4858  0.5725  0.42  0.654  1.3229  1.4842  0.9302  1.4883  1.3129  0.6589  2.9173  1.9081  1.7262  0.1809  2.7246  1.3628  0.4814  4.934  0.8618  4.6039  5.2547  4.4338  1.6956  0.0279  2.0088  1.391  0.7841  2.2106  1.0395  0.1289  1.5508  1.69  0.7266  0.1191  0.3966  3.1111  2.446  1.261  0.319  0.5684  
trainID = 1339  4.5806  6.2529  1.341  3.356  0.0868  3.8628  2.294  1.2392  6.3786  5.243  5.1319  6.7094  2.0647  6.7909  4.2186  1.8244  5.2602  6.4681  4.6621  10.7033  6.6582  10.329  20.3888  19.9254  15.0784  6.3094  5.4072  1.8892  2.2027  3.0061  8.5628  8.2506  1.1331  1.5538  3.043  4.5145  4.3424  3.1516  3.061  4.501  0.722  1.135  0.1182  
trainID = 1343  3.934  5.335  0.256  0.957  0.2509  3.0178  0.926  2.0908  6.1274  8.4183  2.4906  8.2052  4.3134  5.2188  2.5913  0.8288  5.6731  5.9291  3.8101  10.3037  6.6904  10.5922  10.7417  20.6995  4.7087  2.4872  3.6104  0.6984  0.3318  0.0059  7.0876  10.1391  2.6884  0.3941  4.1837  4.3252  3.297  6.7232  2.78  1.486  1.827  0.342  1.3682  
trainID = 1344  4.1875  5.9252  0.208  2.511  2.6004  0.5534  2.58  34.435  0.9872  6.5595  6.3463  5.2865  6.8575  3.4444  8.1773  5.4762  2.6815  5.4454  6.0761  4.2811  10.1315  9.0289  11.0987  18.1895  19.3216  12.9394  6.6425  4.6252  1.2626  0.3864  3.2321  10.7515  9.2419  2.3132  1.0223  3.6617  3.522  3.1586  5.2898  3.734  2.0563  3.2902  0.296  0.3661  
trainID = 1364  0.4603  0.5192  2.225  1.2681  1.6191  2.1498  0.369  33.044  0.5182  0.1262  0.973  3.0951  0.1424  0.6216  3.7329  0.0236  0.4511  3.367  3.8987  0.1138  3.6825  0.3994  3.9648  1.6626  4.9855  3.1763  3.4263  0.7407  2.3339  2.7868  0.8602  1.5797  0.4813  1.517  2.2748  2.1746  1.0136  0.6007  3.1306  0.179  2.1976  1.168  0.142  2.4043  
trainID = 1374  0.2842  3.9631  1.291  1.574  0.7346  1.8108  35.451  2.8116  2.2214  5.2797  5.0233  2.4619  4.5315  2.439  1.3597  1.5113  1.82  3.8405  1.312  0.8517  1.1952  0.59  5.7359  10.0072  7.2343  1.6428  2.3698  4.058  0.8934  2.5612  3.6264  3.3096  1.0264  5.3606  0.7644  0.1907  0.4436  0.1098  2.6705  1.6049  2.8554  0.289  2.8183  
trainID = 1403  0.2568  3.4324  2.668  0.359  4.0431  2.5578  0.627  33.972  2.8626  0.0172  3.8256  1.0778  1.6453  2.3621  5.1586  0.2504  0.0859  2.5536  2.7667  0.8417  1.7194  0.4088  2.2467  4.9495  5.5639  1.1083  1.5868  2.0278  0.2457  1.4562  0.3149  3.5266  0.3368  1.7726  3.1317  2.5745  1.2451  0.7761  2.3602  0.889  0.6258  1.022  2.5826  0.8819  
trainID = 1405  2.2459  5.412  1.33  0.18  3.3326  0.9348  0.085  0.3029  2.8313  3.3153  0.7445  0.3864  0.8205  2.8889  2.3168  2.124  3.4505  5.7141  3.2331  6.5617  4.5944  6.9501  6.3606  3.0793  3.9013  1.226  1.2868  0.7633  1.3117  2.8391  4.6316  0.1244  0.4684  0.4466  1.191  0.9897  1.4806  3.2652  0.65  1.7461  2.5278  1.668  0.6514  
trainID = 1426  0.2935  0.0052  1.407  1.806  3.364  3.0218  4.3872  2.4667  0.412  3.8614  4.5311  1.2059  4.0734  0.6617  3.0299  3.2921  2.8237  1.9241  1.459  2.2795  0.838  3.8015  7.6355  4.2775  0.7252  0.716  5.5125  0.39  0.9795  1.8426  0.1169  0.8661  3.0619  0.2651  0.9631  2.4857  0.6292  0.3241  1.3468  2.5207  0.899  3.7432  1.384  0.854  1.112  
trainID = 1429  4.2473  5.1415  0.694  3.438  2.1616  0.6568  2.988  1.9185  6.8678  8.0693  7.2478  6.7929  1.8974  7.1094  5.0562  3.7129  2.5901  5.9621  3.9591  9.8393  6.7209  10.163  12.2337  10.0004  10.7106  4.7905  2.4366  1.8295  1.4469  0.133  7.0567  5.0379  2.0966  1.3783  3.2812  2.1227  1.0591  4.1566  1.8  0.8347  1.343  0.278  0.9236  
trainID = 1431  3.5528  1.6635  0.054  32.826  0.2032  1.136  1.714  5.4511  2.3764  4.5132  5.5515  5.0775  4.9867  3.0756  1.3125  2.3546  3.6466  1.3702  0.098  5.2831  13.0967  0.9119  0.3139  8.3201  11.8917  3.2124  2.7678  5.9125  3.9081  3.6436  2.4697  2.1604  5.1632  7.1496  2.6889  1.1651  1.126  0.5832  1.4265  6.5226  4.2796  2.2347  0.2213  
trainID = 1470  0.9592  4.2422  1.706  1.234  2.2293  1.7118  1.792  35.637  2.9549  3.8769  5.1812  1.6548  2.7593  2.6247  5.4964  2.4934  1.591  4.6952  5.3991  2.0392  7.3071  6.0344  6.5574  9.7879  10.762  0.0217  0.873  3.5051  0.6942  1.0937  2.4071  4.386  2.1507  2.5005  1.1181  0.6715  2.4535  1.3858  4.1114  0.7702  0.6994  0.239  0.831  2.4731  
trainID = 1472  3.5332  2.6483  1.174  0.674  1.3809  1.2218  0.6431  1.089  1.733  2.5303  0.0029  1.8745  2.018  0.1388  0.4806  5.6602  1.1238  0.3761  2.1471  1.5953  1.3362  5.2954  0.6264  3.7431  1.3783  1.2884  2.0872  1.6309  0.9487  0.6769  0.3724  1.2871  0.6069  2.0948  1.2518  2.7243  1.792  0.0792  2.485  0.5712  2.684  0.0062  34.263  
trainID = 1474  2.308  1.9002  3.6637  3.999  1.3347  4.5258  0.5299  0.537  1.349  1.8715  2.6436  0.9762  0.0944  0.885  0.7085  3.6274  0.7617  1.1965  1.7523  1.7818  0.3025  3.0714  3.1192  6.0306  1.9194  1.9386  2.7916  0.979  1.2451  4.9706  3.1243  0.8142  3.669  0.0051  0.8319  1.0208  0.689  3.7191  1.4689  1.2794  1.282  3.1365  33.266  
trainID = 1479  3.6811  4.6762  2.6731  2.597  2.6828  1.5788  1.03  34.681  3.3987  0.5477  4.6555  3.5699  3.2149  3.8036  4.4964  1.2675  0.1124  2.436  3.1994  4.4741  4.6648  2.3327  8.0418  5.7408  9.1125  7.4131  3.4619  3.4004  4.844  2.489  1.3494  4.3271  2.9675  4.8689  4.0458  3.4874  1.2178  0.0395  6.5501  0.726  0.6244  0.817  0.513  2.1763  
trainID = 1502  3.8928  3.7076  1.759  2.019  1.6781  0.5218  1.688  34.536  0.1909  4.9173  5.9656  3.3101  3.2615  0.2138  4.8646  0.4213  0.176  3.3253  4.6101  4.3681  5.7694  3.6809  7.1607  6.9859  5.1838  5.6919  2.7488  0.8812  0.3865  1.9953  1.1362  5.4651  2.9733  1.1538  2.6815  4.1693  1.7341  2.5345  2.9185  1.777  0.5433  4.3158  1.8197  3.551  
trainID = 1575  0.9146  2.6796  3.8578  0.452  3.2217  2.5928  2.3498  0.352  0.861  0.2615  2.9662  3.607  2.7928  1.252  1.0758  1.924  0.095  1.4456  1.3783  2.7553  0.7431  0.1799  2.3006  1.5124  1.046  4.6445  4.0546  1.252  0.7984  2.7399  0.1359  0.0732  1.126  1.1178  3.737  5.0337  0.5806  2.5261  1.2066  1.8244  0.2025  2.5857  0.72  1.512  1.7992  
trainID = 1601  2.9702  3.6717  0.802  0.0041  0.5288  0.8448  0.345  2.4324  5.8502  7.1313  1.9663  5.9695  4.4566  7.7827  1.9994  1.5452  3.6071  6.2621  2.9921  10.9385  6.347  12.077  14.1144  20.371  2.6828  2.7304  6.6672  1.3532  1.725  0.1826  9.9325  9.4769  1.0842  0.9342  3.2174  3.2104  5.1654  3.7137  2.811  2.8903  1.935  0.565  1.1475  
trainID = 1603  4.6232  4.3231  0.721  1.848  1.9577  2.2788  0.926  1.5504  1.8992  4.9979  1.2617  2.8164  4.6084  4.9873  1.4591  2.8965  3.6705  2.9154  4.8351  8.1564  6.1482  7.321  6.6291  14.3255  3.0786  3.0257  1.3641  0.2312  0.4219  1.9206  4.4745  5.0182  2.6017  1.0934  1.445  0.4669  0.5727  5.4441  1.324  0.5988  1.483  0.402  1.6033  
trainID = 1646  1.796  0.7841  2.08  2.323  3.0058  0.0891  33.802  0.6778  1.8636  3.9695  0.6478  0.4045  0.9622  4.8205  0.2806  0.1903  1.6838  3.6242  4.8881  4.4532  0.7425  2.1913  3.1779  3.7269  0.2304  1.7687  0.9795  0.1502  0.0274  0.9438  0.9838  2.3159  0.8511  1.9164  3.5007  2.4707  1.6992  2.9904  3.026  1.145  0.623  1.441  0.4877  
trainID = 1665  1.1241  1.9493  3.6565  0.822  3.8558  0.8478  33.271  0.309  0.8335  1.7575  2.3684  1.5953  2.3954  6.1814  0.3419  2.5136  1.0125  2.2063  2.3698  3.7543  3.0515  7.6171  5.0429  4.703  0.7508  0.207  0.3537  0.1573  0.7894  2.0648  2.758  1.0894  0.5685  1.3634  1.1481  2.57  0.4995  1.0555  0.345  0.958  0.527  3.075  1.2186  
trainID = 1669  1.4607  1.1242  1.567  3.802  0.8342  1.9988  1.1195  1.401  1.048  2.5147  2.6417  5.4091  0.3127  0.1534  3.7459  1.35  2.2981  1.2912  0.1974  1.0033  1.4729  0.3424  2.8277  1.6934  2.9025  4.7425  4.6457  0.481  1.6712  3.1105  1.61  1.3378  1.2424  1.7147  1.8717  3.1757  1.7794  0.1323  2.2202  2.9439  0.671  1.328  0.532  0.803  2.049  
trainID = 1671  4.0302  5.6242  0.331  1.601  1.1869  0.762  1.051  0.3529  4.7678  3.7923  2.6879  7.2736  1.0028  4.5016  1.045  0.3713  2.3129  6.2411  2.9221  7.2785  5.7336  9.8002  11.1149  16.0288  1.9521  4.4075  3.6815  0.1896  1.7532  1.2878  6.187  8.9203  1.6225  0.6903  1.8883  1.5624  0.8652  2.5644  2.688  0.4399  1.604  0.711  0.6284  
trainID = 1705  4.6079  3.8067  0.933  34.438  0.0267  0.635  0.632  2.8203  5.8387  3.5593  6.2094  2.7481  4.4873  2.8113  1.2815  3.2786  1.4443  1.5619  0.0623  2.0476  9.645  1.2053  1.0989  8.8432  9.3452  0.955  1.2072  6.0992  2.0119  3.064  0.9983  1.6402  1.7632  5.405  2.1623  1.8677  0.0295  0.0212  0.123  4.8181  0.454  0.568  1.0363  
trainID = 1716  3.5846  5.9804  2.041  1.262  2.0021  1.0818  3.022  0.5954  4.5239  7.1933  4.9496  6.9147  2.1224  5.6622  1.8091  0.4513  4.2671  5.6891  3.0641  9.8854  4.6852  11.4533  14.6953  22.4547  1.4065  7.8968  6.0614  0.6464  1.6077  1.4909  8.0372  9.2182  3.4665  2.5458  2.6731  4.3827  3.3073  4.0333  0.8937  4.4902  0.363  2.4123  0.4502  
trainID = 1731  5.9524  3.5011  1.613  1.394  1.7586  1.2568  34.288  0.9229  5.6688  6.0295  2.5973  2.9266  0.1862  7.1729  1.4228  2.111  4.5491  4.9441  2.1569  6.2414  6.0636  7.2559  4.2191  2.3252  5.2552  1.8158  1.0703  0.8868  2.566  2.1748  5.6318  3.0684  1.1623  1.2986  0.958  0.3182  0.9144  2.84  0.028  0.7229  2.132  0.172  0.3017  
trainID = 1816  4.2429  4.1843  1.64  0.0388  0.867  1.7871  35.207  0.1333  4.9381  5.7506  2.7341  0.2527  1.269  5.7922  2.1103  1.1388  2.8603  3.9856  0.9382  7.746  3.8583  6.9698  7.4357  4.4342  4.5405  1.8253  1.4351  1.714  4.5388  1.4126  2.756  2.0636  2.618  1.1265  0.1652  1.6084  0.2114  2.4501  0.256  2.1873  2.137  1.4063  1.6148  
trainID = 1847  0.0835  3.5001  0.767  1.328  2.3625  1.9478  0.006  35.46  2.8838  1.5415  4.986  4.0198  0.0682  1.1031  4.88  2.3691  1.1106  2.6026  3.0191  3.4801  6.6016  0.3371  6.5086  4.448  13.1783  4.76  1.8044  2.7897  3.395  1.9013  1.4865  4.0552  3.338  4.9691  4.0035  2.618  0.999  0.1797  4.7105  0.262  1.6703  1.754  1.114  0.6629  
trainID = 1897  3.6815  8.6871  0.369  0.224  1.0305  1.1468  1.125  35.397  0.147  7.6372  6.3611  8.1013  9.0077  1.942  7.8921  5.4033  4.1964  4.4201  5.7941  3.7701  13.1475  7.3853  12.2182  26.0645  29.5484  19.384  5.8158  5.2792  0.2948  1.2565  1.317  8.968  10.4168  1.6753  4.6053  2.6205  3.1955  3.0106  5.703  1.503  1.566  2.426  0.008  0.2049  
trainID = 1958  3.0797  5.2611  0.033  0.041  1.4634  1.5788  0.514  1.5108  5.3495  6.0476  3.0577  2.785  1.4943  5.4166  2.7553  0.2174  6.0101  6.5561  4.2711  6.6202  2.829  7.0257  8.7718  9.9765  7.1453  3.9199  2.6283  0.063  0.253  2.3781  7.7582  4.1238  0.4108  1.3175  0.3463  1.5157  0.9134  5.8854  1.985  1.8106  0.442  0.154  1.4467  
trainID = 1991  1.0385  4.6194  2.5403  1.907  3.9805  0.0167  3.938  2.8669  7.0256  4.7235  3.8369  2.9776  1.439  6.251  1.3428  2.1886  4.2025  5.4191  1.4784  6.6809  6.883  7.9855  9.5292  9.8108  8.866  2.653  2.0491  0.8278  0.8752  0.5071  5.8181  6.5433  2.9868  2.5085  2.2161  1.631  0.912  2.9139  4.582  1.214  0.238  0.956  1.7938  
trainID = 1996  0.1588  0.0165  2.8869  0.718  0.8925  0.5258  0.392  0.408  0.675  1.153  2.6615  0.8036  1.2503  1.3465  3.4584  2.8422  2.113  1.9654  0.0098  2.1485  2.7483  1.6482  5.4698  0.4016  1.1972  2.3208  0.4144  0.0547  2.2995  0.9652  1.7866  2.6263  0.5505  0.2823  1.3117  0.8184  2.6676  2.714  0.131  0.9934  0.3336  2.288  0.7815  32.807  
trainID = 2005  0.7008  2.3426  3.7136  0.1229  1.1946  1.0624  1.9598  0.662  1.472  2.7511  3.4387  2.6165  0.2714  0.8344  1.1257  3.5512  3.9122  1.4926  0.3301  1.8015  0.6267  6.1193  3.6418  8.3957  0.0971  0.9414  4.0747  1.8431  3.441  1.6559  2.2937  0.2327  3.7314  0.2027  1.1473  1.2727  0.539  2.5012  1.8805  0.3099  0.283  0.8824  35.832  
trainID = 2027  5.1561  7.85  1.673  2.415  1.5831  2.2278  1.333  1.9729  6.5341  3.4716  6.774  9.2096  2.53  5.4336  6.4612  4.1925  4.5985  4.522  3.1481  10.9929  6.8935  12.5181  16.7565  17.0811  14.8046  5.0082  3.4237  0.2795  0.8083  2.8781  9.542  9.8397  0.1647  2.5081  6.3365  3.0948  3.6199  5.5279  3.007  4.1627  1.277  0.98  0.214  
trainID = 2064  1.4006  6.8871  0.982  1.622  0.5864  0.8848  0.45  3.316  2.6454  4.6291  4.4981  2.6837  2.959  5.9566  1.0791  2.3573  3.2244  4.8591  1.8057  8.8143  4.6328  6.2919  8.8677  15.4508  1.643  3.1754  1.0199  4.0763  0.1921  1.4765  6.0576  5.3588  3.6948  2.4138  2.2545  0.2393  0.4963  3.1849  2.139  1.0386  0.212  1.094  0.0829  
trainID = 2084  2.9526  6.3188  0.422  1.737  2.0418  1.0418  1.746  1.0975  5.5727  6.047  5.0569  8.116  3.9574  6.9135  2.3106  0.564  5.4509  4.33  3.7421  8.2121  5.1108  11.7365  14.8865  21.7068  5.4477  2.8176  5.1375  1.3835  2.3128  3.2741  7.56  9.2176  2.927  1.3878  3.3875  3.5264  6.1422  7.1187  2.214  1.5645  2.5902  0.573  1.9782  
trainID = 2109  3.0864  0.7177  1.259  2.006  2.2315  0.6512  0.4373  0.408  1.029  0.7809  5.9031  2.9061  0.5035  1.3962  1.1514  4.5703  1.9997  0.4741  0.0389  2.7968  0.2531  2.4712  7.6418  10.9912  0.9991  0.4325  4.3365  2.1221  2.2139  2.5984  2.1817  0.1845  3.7343  2.0735  0.0784  2.6297  0.299  4.0861  4.1053  2.8281  1.993  2.6585  33.573  
trainID = 2112  6.7338  5.499  0.137  0.595  0.0853  0.3088  0.348  1.2287  6.7716  6.2586  4.6924  6.6239  1.7071  3.5709  4.2439  0.5336  1.916  6.0421  2.9991  9.3556  5.8297  9.8716  12.5614  7.4983  9.2127  5.1857  0.0081  1.5752  2.5388  1.5342  6.2569  8.3818  0.3191  0.0076  2.4933  0.3146  0.081  4.3703  0.746  1.9018  1.86  1.085  1.3605  
trainID = 2166  0.539  4.8649  0.014  0.75  0.4867  5.2208  0.057  2.3829  2.561  6.4653  1.3586  4.0774  1.5195  6.1823  2.2839  0.1393  3.6445  4.8021  0.7957  7.7025  5.9258  6.9635  8.0368  15.9429  0.082  2.5394  5.2027  2.5996  1.7762  0.5292  6.5986  5.1819  2.4867  2.9127  2.5393  2.4875  2.8014  7.113  0.844  0.0815  3.0493  0.963  0.8993  
trainID = 2169  2.0493  2.6984  2.3441  0.872  3.887  1.8448  3.0532  0.035  0.522  1.0494  2.391  3.2219  0.9504  0.2918  1.3068  1.886  1.2685  0.1024  1.9866  2.2476  0.12  1.0404  1.2907  2.1376  0.6598  1.4884  3.2191  1.41  0.781  0.7034  1.7502  2.5651  2.5423  0.9541  0.0464  3.2113  0.36  1.5569  0.5182  2.519  0.336  3.6496  32.421  
trainID = 2219  1.7591  3.0504  2.013  1.787  1.038  0.3798  34.276  2.4913  0.5813  4.65  4.2556  1.5149  2.0497  4.0892  0.5198  0.6344  1.747  2.661  0.3503  3.1648  0.4538  2.4003  3.8673  6.9329  3.3871  1.268  0.2909  4.0318  2.376  0.4055  1.9831  3.6909  2.2074  4.0273  2.8918  0.5586  3.3257  2.0002  0.986  4.1924  1.283  1.834  0.0148  
trainID = 2256  1.7219  1.6699  2.5699  1.968  3.5935  1.5028  0.288  0.4272  0.6881  3.7643  4.1188  1.5115  1.4902  4.5099  2.8243  1.8141  2.177  4.6841  3.9191  3.4702  0.5497  4.2846  4.8244  6.828  0.7941  2.2258  1.9448  0.8281  0.4781  0.6562  2.9409  1.2707  1.013  2.0904  1.4665  1.2938  1.1032  1.2544  0.121  0.3325  2.8096  0.166  1.4263  
trainID = 2260  0.92  1.6967  0.961  1.606  0.8042  0.3688  1.558  1.8373  0.722  2.505  2.0352  2.1483  0.9443  4.2402  1.9489  0.7682  0.6016  4.5712  0.4055  2.2914  0.1441  5.6805  6.7684  9.7169  2.497  3.4753  0.7183  1.9215  1.3817  0.5445  2.3827  3.2327  0.5572  5.0935  1.9812  0.3708  2.7701  3.116  1.78  0.0909  2.784  1.8103  0.9878  
trainID = 2288  0.1644  0.7401  2.9865  0.407  2.2408  1.7008  0.8078  1.992  2.2126  0.8247  2.7445  1.5195  0.1624  1.7456  2.2951  5.1299  0.0986  0.0932  0.3082  0.0781  0.2645  4.1247  0.1486  0.3617  3.2613  0.2238  0.114  3.1367  1.1537  2.6996  1.4928  2.187  1.3952  0.6464  1.91  1.3265  0.332  0.4571  0.4619  0.1335  2.486  0.2291  32.513  
trainID = 2343  3.4219  6.8841  1.906  0.828  3.5338  0.5478  1.023  34.518  1.4008  4.674  7.4983  2.4333  3.2951  2.3717  5.9146  3.5932  3.4088  3.441  6.5601  4.2501  6.6628  8.4813  9.4232  9.6835  10.5266  5.066  4.9677  0.7243  2.5285  2.3023  3.7041  7.4051  4.8924  0.9069  1.7691  2.924  2.1522  2.5843  5.0184  2.044  0.7057  1.968  0.013  1.3294  
trainID = 2360  0.9735  2.8893  0.395  2.247  1.807  1.5698  0.571  34.701  2.868  2.0427  6.3359  2.6379  0.5742  4.5569  3.5018  0.2281  1.4077  0.3847  0.8077  0.1012  0.9933  0.9181  2.3993  2.6361  8.5756  6.3425  0.322  3.4523  4.8677  0.6622  1.1429  0.4812  2.9986  1.7244  7.3528  0.854  0.6263  0.1177  1.87  2.176  2.472  1.111  0.101  1.9204  
trainID = 2363  6.4001  5.5507  3.3914  0.844  2.117  1.1388  0.121  1.0786  5.8162  5.6886  6.6192  2.7582  0.0741  1.45  3.3615  1.7897  3.454  5.3861  2.5702  9.4023  6.4044  8.5115  9.2391  4.0247  8.4434  2.1959  1.3521  0.2369  0.34  1.348  5.0515  4.6431  0.4995  1.3586  2.0308  3.1605  1.3661  3.8779  1.494  1.7909  1.06  0.304  0.4572  
trainID = 2369  2.7642  4.8249  2.7875  0.6376  2.6375  1.3078  0.298  35.741  0.3959  4.6817  4.8123  3.5105  1.0496  2.0265  4.5399  4.4471  1.278  4.1849  3.8774  2.8721  7.6452  5.1554  6.6756  9.6516  10.1003  4.9583  2.9218  3.5725  0.0499  0.0113  0.9923  2.8926  6.8593  2.7647  1.3141  1.308  0.0353  2.3211  4.6094  2.681  1.5947  0.134  1.5107  0.4409  
trainID = 2389  1.1181  0.2965  1.836  2.649  2.5039  1.6048  0.676  0.809  1  3.6495  4.2146  4.439  3.2775  0.55  2.4761  4.8363  4.6015  2.5976  1.06  2.6474  0.195  2.5638  4.2374  1.7942  2.1739  6.0439  7.3965  0.815  1.4814  3.5608  3.0901  4.7736  0.2914  2.3797  2.7843  5.1219  3.2524  0.7927  0.6614  0.4949  1.7489  5.2003  2.9155  0.014  3.5369  
trainID = 2400  2.8598  2.681  4.4569  1.026  2.6406  1.6328  0.067  0.5277  2.6468  3.669  0.7132  2.8324  0.6352  5.927  1.3152  1.2022  3.4845  4.7021  0.5165  3.5381  2.6182  4.6924  4.9335  2.9488  2.3149  2.0647  0.7419  0.2721  3.0381  1.913  3.4344  0.5731  0.1069  1.6277  2.2098  1.8357  0.5928  2.6899  1.3283  0.956  1.055  0.519  1.0758  
trainID = 2405  1.7465  1.7517  0.603  1.469  0.7773  3.8428  1.39  0.019  1.12  4.2669  3.1813  1.488  3.0309  2.0901  2.2563  3.1555  1.0388  1.7964  1.0687  2.6728  1.5169  2.0348  3.2728  1.642  2.5545  5.4363  7.6067  0.781  0.6363  3.3822  0.9851  2.2019  2.9968  0.1909  3.894  2.8334  0.4887  0.2432  3.2895  0.0729  1.684  1.7986  2.6133  0.71  1.2553  
trainID = 2427  4.467  3.5542  1.16  1.524  3.5427  0.6992  0.963  34.332  1.5423  3.6909  0.2733  1.1147  0.62  1.3097  5.5502  1.3349  1.5069  0.0264  5.6231  0.8487  7.6465  3.5675  6.4859  3.2107  0.4567  3.6094  2.3411  0.7508  0.0392  2.6971  1.1144  2.1385  1.104  0.4653  0.0423  0.7058  0.8154  0.9643  1.9404  2.91  0.4843  1.549  1.132  1.2232  
trainID = 2434  1.0325  1.4668  0.606  0.596  2.7638  2.2668  1.6265  0.452  0.649  2.2221  1.7592  3.3915  1.6664  1.7914  0.4505  5.7937  0.9662  1.6741  3.5208  5.2101  0.3381  1.0115  1.1161  1.1616  3.2245  1.1294  2.763  0.673  0.932  2.0461  3.1743  0.1442  0.9747  2.5088  0.4455  4.0587  0.528  0.0732  1.8336  0.1635  0.667  2.9985  0.748  0.39  0.9288  
trainID = 2449  0.2526  3.8186  1.75  1.133  3.4543  0.1973  33.921  1.692  1.1277  4.3017  2.3942  2.4196  0.4486  1.971  2.0674  1.1437  3.8358  3.4049  0.212  4.7544  4.625  4.7272  5.3369  8.104  1.1811  0.854  1.2192  0.766  1.1102  0.5769  2.3085  3.434  2.8267  2.9758  1.9523  2.2164  0.0554  3.4254  0.695  0.5457  1.244  0.862  0.7995  
trainID = 2494  0.9877  2.1487  1.733  0.3818  1.1424  2.3411  1.123  33.629  0.1146  1.8883  3.7592  1.6793  0.9372  0.0052  4.0352  0.6139  2.2916  2.4811  3.8386  3.3131  1.8028  2.3332  6.5251  3.4865  5.8521  0.0312  1.5965  0.2116  2.4454  3.3728  0.8211  1.4016  0.0848  2.6471  3.0493  3.7748  1.1327  0.4501  0.6745  2.472  1.7505  0.776  1.291  0.2303  
trainID = 2497  1.2402  3.7566  1.443  1.783  1.423  0.143  34.297  1.405  0.9528  4.6768  2.2879  0.4431  3.487  5.8032  2.3248  0.7731  2.7184  4.8341  3.1761  4.5442  3.5256  6.8464  5.0296  5.7081  1.9976  1.412  1.6703  1.6755  1.2189  1.5285  0.8386  2.0564  0.2368  1.6073  3.0725  0.0176  1.1416  0.6899  0.176  1.2127  1.37  0.94  0.0367  
trainID = 2562  0.9832  5.6512  0.19  1.449  1.1028  3.1848  1.399  0.55  2.1587  3.7823  0.0085  4.6021  1.0455  4.0673  0.0501  1.1064  2.7079  5.3531  2.2477  7.1303  6.6145  6.488  7.3691  14.6527  1.535  3.4141  2.3763  0.5259  0.3336  0.7384  6.64  5.2358  3.0588  0.6143  3.8889  1.2427  2.1326  5.4072  1.909  0.6593  2.4  0.791  0.1994  
trainID = 2572  2.9738  5.4903  0.884  3.47  1.4573  0.5718  0.396  0.7892  6.7848  5.7076  3.3227  5.0073  2.0739  4.9676  4.6441  0.5657  3.0798  4.6431  3.8821  7.8092  7.109  7.6642  10.5314  16.2993  2.4952  5.9733  4.016  2.1336  1.1936  1.8845  4.2167  6.9082  2.7637  0.2671  2.7383  2.7485  0.9187  4.0702  1.116  1.8751  1.371  0.654  1.96  
trainID = 2574  2.3468  3.9366  1.725  2.6018  2.3713  2.2088  3.15  1.5036  3.6483  4.2367  3.0374  6.3013  1.4261  4.8664  3.0465  1.7333  3.0871  4.7211  2.0301  6.5616  2.2795  8.0374  9.3136  7.1192  5.8252  2.3648  2.125  1.2337  0.1382  1.0792  7.6075  4.9577  1.4293  0.7119  0.912  2.8024  0.8323  1.7524  0.079  1.0367  3.212  1.048  1.2733  
trainID = 2575  2.0053  2.1396  1.517  33.697  2.7402  0.084  1.304  1.7387  3.7827  2.9784  2.1748  1.9926  3.9653  4.2583  1.7033  1.7594  2.7794  2.4578  0.0998  1.5392  7.5019  2.9602  0.6693  6.6589  9.0169  0.88  3.1692  4.9726  0.4978  2.7663  1.3286  2.2793  4.506  2.8776  2.407  0.3019  4.4121  0.6931  0.546  5.4822  1.439  3.286  0.1298  
trainID = 2607  2.248  0.5709  0.042  34.723  4.7671  3.7881  0.609  7.1473  5.9634  2.6058  6.465  1.1739  4.0463  2.4869  0.3992  2.3006  3.2494  1.0895  0.8853  5.3672  14.1469  1.4848  0.21  6.6853  10.9559  1.631  0.7363  4.6281  3.9879  5.5017  3.0333  3.78  4.332  5.2234  0.5545  0.5969  3.1672  0.1308  0.116  2.6719  2.8715  0.411  2.6133  
trainID = 2612  4.0183  5.5935  2.095  0.992  0.6905  1.5991  2.022  0.36  6.7461  6.4823  6.6787  7.0445  3.1378  6.3172  2.7771  2.1308  4.2034  4.9971  4.0601  8.9015  9.7293  9.9491  15.394  17.6396  9.8254  6.1343  2.4985  3.0279  0.5183  1.2949  5.4923  11.677  1.0591  4.2438  3.121  2.8495  3.291  6.4379  2.616  2.3832  0.739  1.126  1.5427  
trainID = 2622  2.4973  1.3583  0.841  34.181  0.3442  2.7244  1.172  3.6267  3.3903  3.3957  3.9175  4.3218  4.3629  2.1  2.1542  2.2186  0.8157  0.336  1.4953  1.0057  10.931  2.2336  1.3967  8.6648  10.6011  0.819  0.3295  6.9028  2.5719  5.7914  2.7563  2.6646  1.8536  4.5784  0.6607  0.2141  3.2272  0.7152  0.987  3.7205  2.407  1.7828  2.2002  
trainID = 2732  2.6767  7.506  1.06  0.5  0.5145  0.5608  1.151  35.494  0.658  5.1834  6.1959  0.9099  3.1845  2.8122  5.4625  3.5847  0.1254  2.1804  5.5681  1.74  6.923  7.0274  9.3144  10.4088  17.7727  2.3546  4.3379  4.884  0.6562  0.2824  0.1723  5.4121  8.1411  0.5629  0.5887  3.3583  3.2787  2.6298  5.7449  1.965  0.403  2.389  0.513  3.4958  
trainID = 2752  0.7542  0.0864  0.519  1.2  3.8806  2.7648  34.097  2.0449  2.7917  5.2253  3.7839  2.2176  4.0482  2.145  0.4543  0.411  4.1828  2.4508  2.4476  1.261  1.5835  1.6709  2.6047  6.8405  2.6463  0.483  0.1667  1.7698  0.6519  0.0319  0.6742  1.1577  2.8625  6.4796  0.8566  1.9721  0.6128  3.6403  0.074  4.2372  1.003  0.701  1.7428  
trainID = 2760  1.5922  3.1488  2.054  0.928  3.1361  1.7308  31.95  0.7305  0.8282  3.6179  1.2733  3.1734  4.2098  5.2526  0.5327  2.4966  1.622  2.9345  1.3323  2.9157  0.6196  0.7718  2.2166  8.6153  4.386  2.3908  1.7244  1.3765  1.0273  2.3371  0.6796  1.5876  2.3394  4.5893  1.2075  0.8135  0.4922  1.0665  0.098  0.4963  2.21  2.2024  1.6712  
trainID = 2761  1.5052  3.4234  1.624  2.031  1.7089  0.9138  0.215  34.437  1.1678  1.2199  4.8114  4.7336  2.4138  0.5738  4.4271  0.948  0.3348  1.2885  3.2259  0.285  3.2895  1.0276  3.8507  3.7866  9.3037  3.5498  3.3462  2.2144  2.6001  0.4215  0.5119  3.1739  2.2603  4.2261  0.1631  3.0039  0.871  1.0176  1.3212  0.3645  0.0708  2.6257  0.083  1.6238  
trainID = 2762  5.2759  0.7847  3.6809  33.283  0.2999  1.58  1.7717  5.7493  4.238  4.0495  3.5493  4.0346  3.5271  1.864  4.9796  3.9866  0.234  1.4497  1.0813  4.4678  13.7899  3.1608  1.1809  6.7342  11.2992  2.2956  0.4324  5.6002  2.8464  5.0191  3.1677  3.807  3.8805  8.4274  0.5685  1.4398  4.4417  0.2189  0.3462  5.3354  1.907  0.092  1.4346  
trainID = 2792  2.8388  5.369  0.833  0.5296  1.0231  0.3018  2.093  0.0035  4.1184  5.258  2.6942  7.3753  1.9207  6.9955  2.4619  0.3876  3.6866  4.6571  3.3621  7.5116  5.0995  7.1439  9.503  14.1534  8.3133  2.7014  4.6478  1.1242  0.452  1.2449  8.7787  7.9289  1.3427  1.6128  4.5129  3.9091  2.5206  4.9885  1.983  0.3436  4.2967  0.953  1.1869  
trainID = 2884  2.0055  1.1424  2.062  32.79  0.8934  0.819  0.79  3.4395  4.1372  2.3558  4.0639  2.4536  3.6408  2.365  0.6983  2.2186  1.2646  0.9468  0.1119  0.3502  8.5077  3.3064  0.9351  7.4133  11.5024  0.236  0.2283  5.94  0.5559  1.8197  0.5432  4.5568  1.3532  6.4218  1.5268  2.2934  4.8147  0.5525  1.7662  2.0178  1.608  1.336  1.1271  
trainID = 2885  0.2287  0.7894  0.875  0.879  1.5536  0.9028  0.009  0.6967  0.307  1.609  1.824  3.1808  0.8126  1.6675  3.3047  0.3187  4.0944  0.3874  1.6807  1.7524  0.9702  1.5308  4.0903  4.1056  7.0858  2.4319  0.2706  2.7391  2.654  0.4459  1.8904  4.7663  0.3201  3.1081  0.8451  0.9683  2.9147  0.136  1.4831  2.7704  1.3523  1.53  1.1304  34.809  
trainID = 2889  4.727  5.8397  1.052  0.457  0.8653  0.6008  1.582  0.3314  6.307  4.3126  3.794  7.2184  2.2263  7.1472  0.201  2.6312  5.1329  6.8841  5.1281  9.7389  7.3759  9.417  13.2567  18.3933  1.1032  3.6776  4.3786  0.2655  0.9068  1.9237  7.4131  8.9318  3.8053  0.2319  3.1479  1.1855  1.85  5.5522  2.963  0.3892  4.0966  0.514  1.515  
trainID = 2897  1.5857  2.0416  2.3263  0.971  2.8522  1.3918  0.6437  1.193  0.172  0.6629  1.2892  4.9752  0.1637  0.575  2.8158  4.5492  0.4175  0.5579  2.1042  1.0788  0.1446  2.8972  1.7884  2.6537  2.6153  4.4311  2.5638  0.497  1.2114  2.9192  0.7488  0.1173  2.7958  2.5527  0.0381  3.0721  0.396  2.4531  1.4968  1.3051  1.475  0.7958  2.17  0.793  1.1903  
trainID = 2976  1.0987  0.6099  0.252  1.77  1.2612  2.4268  1.2595  0.642  0.511  0.917  4.6453  2.1254  4.4359  1.9081  1.8379  4.4514  3.5587  2.1096  1.5943  0.0674  0.333  3.3017  4.4845  0.759  2.3211  6.5845  6.2987  1.23  0.6701  4.4427  1.7483  1.628  1.5476  0.5598  2.1323  2.2528  0.7967  1.2981  0.4108  0.4158  1.0533  2.2095  1.017  2.652  1.9001  
TrainID = 474  dbValue = 1.48054  nTestCell = 46  nTrainCell = 45  nDiff = 1  (X,Y) = (1175, 2125)  Position Error = 43.8292
TrainID = 309  dbValue = 1.50107  nTestCell = 46  nTrainCell = 45  nDiff = 1  (X,Y) = (1135, 2135)  Position Error = 35.2278
TrainID = 1305  dbValue = 1.54374  nTestCell = 46  nTrainCell = 45  nDiff = 1  (X,Y) = (1175, 2115)  Position Error = 39
TrainID = 1317  dbValue = 1.63629  nTestCell = 46  nTrainCell = 45  nDiff = 1  (X,Y) = (1125, 2125)  Position Error = 28.6531
TrainID = 2434  dbValue = 1.64306  nTestCell = 46  nTrainCell = 45  nDiff = 1  (X,Y) = (1165, 2125)  Position Error = 36.0694
TrainID = 647  dbValue = 1.65278  nTestCell = 46  nTrainCell = 43  nDiff = 3  (X,Y) = (1205, 2115)  Position Error = 67.6831
TrainID = 2897  dbValue = 1.67752  nTestCell = 46  nTrainCell = 45  nDiff = 1  (X,Y) = (1165, 2125)  Position Error = 36.0694
TrainID = 1019  dbValue = 1.67892  nTestCell = 46  nTrainCell = 43  nDiff = 3  (X,Y) = (1155, 2075)  Position Error = 29.6816
TrainID = 1293  dbValue = 1.68216  nTestCell = 46  nTrainCell = 45  nDiff = 1  (X,Y) = (1125, 2135)  Position Error = 37.6962
TrainID = 1575  dbValue = 1.78415  nTestCell = 46  nTrainCell = 45  nDiff = 1  (X,Y) = (1155, 2155)  Position Error = 57.28
TrainID = 1669  dbValue = 1.83497  nTestCell = 46  nTrainCell = 45  nDiff = 1  (X,Y) = (1145, 2165)  Position Error = 65.2763
TrainID = 2976  dbValue = 1.98954  nTestCell = 46  nTrainCell = 45  nDiff = 1  (X,Y) = (1115, 2165)  Position Error = 69.2892
TrainID = 870  dbValue = 2.01268  nTestCell = 46  nTrainCell = 45  nDiff = 1  (X,Y) = (1115, 2155)  Position Error = 60.0083
TrainID = 2405  dbValue = 2.06414  nTestCell = 46  nTrainCell = 45  nDiff = 1  (X,Y) = (1125, 2185)  Position Error = 86.1452
TrainID = 2288  dbValue = 2.077  nTestCell = 46  nTrainCell = 43  nDiff = 3  (X,Y) = (1175, 2085)  Position Error = 39
TrainID = 2256  dbValue = 2.07942  nTestCell = 46  nTrainCell = 43  nDiff = 3  (X,Y) = (1255, 2165)  Position Error = 132.97
TrainID = 1426  dbValue = 2.0799  nTestCell = 46  nTrainCell = 45  nDiff = 1  (X,Y) = (1085, 2145)  Position Error = 70.2922
TrainID = 2400  dbValue = 2.10735  nTestCell = 46  nTrainCell = 43  nDiff = 3  (X,Y) = (1265, 2105)  Position Error = 126.099
TrainID = 1996  dbValue = 2.13721  nTestCell = 46  nTrainCell = 44  nDiff = 2  (X,Y) = (1175, 2055)  Position Error = 57.6281
TrainID = 2260  dbValue = 2.15673  nTestCell = 46  nTrainCell = 43  nDiff = 3  (X,Y) = (1215, 2185)  Position Error = 114.022
TrainID = 1160  dbValue = 2.17152  nTestCell = 46  nTrainCell = 44  nDiff = 2  (X,Y) = (1145, 2105)  Position Error = 7.81025
TrainID = 992  dbValue = 2.25169  nTestCell = 46  nTrainCell = 45  nDiff = 1  (X,Y) = (1095, 2155)  Position Error = 70.4344
TrainID = 1289  dbValue = 2.26751  nTestCell = 46  nTrainCell = 43  nDiff = 3  (X,Y) = (1155, 2085)  Position Error = 21.9317
TrainID = 2169  dbValue = 2.30904  nTestCell = 46  nTrainCell = 43  nDiff = 3  (X,Y) = (1145, 2085)  Position Error = 16.1555
TrainID = 931  dbValue = 2.32298  nTestCell = 46  nTrainCell = 45  nDiff = 1  (X,Y) = (1125, 2225)  Position Error = 125.782
TrainID = 1405  dbValue = 2.33404  nTestCell = 46  nTrainCell = 43  nDiff = 3  (X,Y) = (1305, 2105)  Position Error = 166.075
TrainID = 1472  dbValue = 2.35522  nTestCell = 46  nTrainCell = 43  nDiff = 3  (X,Y) = (1185, 2075)  Position Error = 52.3546
TrainID = 1197  dbValue = 2.37795  nTestCell = 46  nTrainCell = 43  nDiff = 3  (X,Y) = (1205, 2105)  Position Error = 66.1891
TrainID = 1364  dbValue = 2.40001  nTestCell = 46  nTrainCell = 44  nDiff = 2  (X,Y) = (1215, 2135)  Position Error = 83.672
TrainID = 1294  dbValue = 2.41948  nTestCell = 46  nTrainCell = 43  nDiff = 3  (X,Y) = (1205, 2135)  Position Error = 74.7061
TrainID = 1240  dbValue = 2.43285  nTestCell = 46  nTrainCell = 43  nDiff = 3  (X,Y) = (1085, 2105)  Position Error = 54.231
TrainID = 1281  dbValue = 2.51029  nTestCell = 46  nTrainCell = 43  nDiff = 3  (X,Y) = (1145, 2075)  Position Error = 25.7099
TrainID = 2885  dbValue = 2.52777  nTestCell = 46  nTrainCell = 44  nDiff = 2  (X,Y) = (1095, 2085)  Position Error = 46.4866
TrainID = 2389  dbValue = 2.53695  nTestCell = 46  nTrainCell = 45  nDiff = 1  (X,Y) = (1125, 2215)  Position Error = 115.849
TrainID = 1646  dbValue = 2.55199  nTestCell = 46  nTrainCell = 43  nDiff = 3  (X,Y) = (1225, 2125)  Position Error = 89.56
TrainID = 1403  dbValue = 2.60719  nTestCell = 46  nTrainCell = 44  nDiff = 2  (X,Y) = (1215, 2155)  Position Error = 93.8136
TrainID = 2494  dbValue = 2.6513  nTestCell = 46  nTrainCell = 44  nDiff = 2  (X,Y) = (1225, 2125)  Position Error = 89.56
TrainID = 505  dbValue = 2.6558  nTestCell = 46  nTrainCell = 43  nDiff = 3  (X,Y) = (1045, 2155)  Position Error = 108.908
TrainID = 1665  dbValue = 2.67625  nTestCell = 46  nTrainCell = 43  nDiff = 3  (X,Y) = (1245, 2125)  Position Error = 108.908
TrainID = 1474  dbValue = 2.72373  nTestCell = 46  nTrainCell = 43  nDiff = 3  (X,Y) = (1105, 2085)  Position Error = 37.1618
TrainID = 2005  dbValue = 2.72794  nTestCell = 46  nTrainCell = 43  nDiff = 3  (X,Y) = (1095, 2065)  Position Error = 56.2228
TrainID = 1271  dbValue = 2.73974  nTestCell = 46  nTrainCell = 43  nDiff = 3  (X,Y) = (1315, 2155)  Position Error = 184.394
TrainID = 2427  dbValue = 2.75175  nTestCell = 46  nTrainCell = 44  nDiff = 2  (X,Y) = (1275, 2075)  Position Error = 138.279
TrainID = 2760  dbValue = 2.7995  nTestCell = 46  nTrainCell = 43  nDiff = 3  (X,Y) = (1185, 2175)  Position Error = 87.983
TrainID = 668  dbValue = 2.81107  nTestCell = 46  nTrainCell = 43  nDiff = 3  (X,Y) = (1235, 2145)  Position Error = 106.024
TrainID = 2752  dbValue = 2.81928  nTestCell = 46  nTrainCell = 43  nDiff = 3  (X,Y) = (1175, 2185)  Position Error = 92.3093
TrainID = 644  dbValue = 2.85088  nTestCell = 46  nTrainCell = 43  nDiff = 3  (X,Y) = (1155, 2215)  Position Error = 116.108
TrainID = 2761  dbValue = 2.86352  nTestCell = 46  nTrainCell = 44  nDiff = 2  (X,Y) = (1245, 2185)  Position Error = 135.871
TrainID = 2360  dbValue = 2.87995  nTestCell = 46  nTrainCell = 44  nDiff = 2  (X,Y) = (1195, 2215)  Position Error = 127.91
TrainID = 860  dbValue = 2.8969  nTestCell = 46  nTrainCell = 43  nDiff = 3  (X,Y) = (1315, 2175)  Position Error = 191.314
TrainID = 1198  dbValue = 2.90309  nTestCell = 46  nTrainCell = 44  nDiff = 2  (X,Y) = (1275, 2135)  Position Error = 140.431
TrainID = 2497  dbValue = 2.91909  nTestCell = 46  nTrainCell = 43  nDiff = 3  (X,Y) = (1265, 2135)  Position Error = 130.771
TrainID = 2449  dbValue = 2.93351  nTestCell = 46  nTrainCell = 43  nDiff = 3  (X,Y) = (1275, 2155)  Position Error = 146.7
TrainID = 2562  dbValue = 2.95341  nTestCell = 46  nTrainCell = 43  nDiff = 3  (X,Y) = (1315, 2205)  Position Error = 204.941
TrainID = 2219  dbValue = 2.96329  nTestCell = 46  nTrainCell = 43  nDiff = 3  (X,Y) = (1205, 2185)  Position Error = 107.615
TrainID = 1189  dbValue = 2.98724  nTestCell = 46  nTrainCell = 43  nDiff = 3  (X,Y) = (1075, 2105)  Position Error = 64.195
TrainID = 2109  dbValue = 2.99609  nTestCell = 46  nTrainCell = 43  nDiff = 3  (X,Y) = (1075, 2095)  Position Error = 64.195
TrainID = 1302  dbValue = 2.99763  nTestCell = 46  nTrainCell = 43  nDiff = 3  (X,Y) = (1315, 2165)  Position Error = 187.619
TrainID = 2574  dbValue = 3.06303  nTestCell = 46  nTrainCell = 43  nDiff = 3  (X,Y) = (1345, 2125)  Position Error = 207.511
TrainID = 469  dbValue = 3.07876  nTestCell = 46  nTrainCell = 43  nDiff = 3  (X,Y) = (1095, 2055)  Position Error = 62.9365
TrainID = 1603  dbValue = 3.1099  nTestCell = 46  nTrainCell = 43  nDiff = 3  (X,Y) = (1335, 2155)  Position Error = 203.571
TrainID = 906  dbValue = 3.17083  nTestCell = 46  nTrainCell = 43  nDiff = 3  (X,Y) = (1305, 2175)  Position Error = 182.157
TrainID = 2064  dbValue = 3.17985  nTestCell = 46  nTrainCell = 43  nDiff = 3  (X,Y) = (1335, 2205)  Position Error = 222.353
TrainID = 1958  dbValue = 3.18983  nTestCell = 46  nTrainCell = 43  nDiff = 3  (X,Y) = (1345, 2145)  Position Error = 210.858
TrainID = 2363  dbValue = 3.214  nTestCell = 46  nTrainCell = 43  nDiff = 3  (X,Y) = (1365, 2105)  Position Error = 226.055
TrainID = 2884  dbValue = 3.23048  nTestCell = 46  nTrainCell = 43  nDiff = 3  (X,Y) = (1095, 2255)  Position Error = 161.124
TrainID = 497  dbValue = 3.2365  nTestCell = 46  nTrainCell = 43  nDiff = 3  (X,Y) = (1325, 2145)  Position Error = 191.366
TrainID = 982  dbValue = 3.27028  nTestCell = 46  nTrainCell = 44  nDiff = 2  (X,Y) = (1285, 2195)  Position Error = 174.187
TrainID = 401  dbValue = 3.28459  nTestCell = 46  nTrainCell = 43  nDiff = 3  (X,Y) = (1355, 2115)  Position Error = 216.52
TrainID = 1374  dbValue = 3.30069  nTestCell = 46  nTrainCell = 43  nDiff = 3  (X,Y) = (1195, 2215)  Position Error = 127.91
TrainID = 2166  dbValue = 3.33497  nTestCell = 46  nTrainCell = 43  nDiff = 3  (X,Y) = (1335, 2205)  Position Error = 222.353
TrainID = 2575  dbValue = 3.33717  nTestCell = 46  nTrainCell = 43  nDiff = 3  (X,Y) = (1085, 2215)  Position Error = 127.047
TrainID = 978  dbValue = 3.33801  nTestCell = 46  nTrainCell = 43  nDiff = 3  (X,Y) = (1305, 2235)  Position Error = 213.965
TrainID = 1273  dbValue = 3.35828  nTestCell = 46  nTrainCell = 43  nDiff = 3  (X,Y) = (1065, 2235)  Position Error = 153.951
TrainID = 406  dbValue = 3.36172  nTestCell = 46  nTrainCell = 43  nDiff = 3  (X,Y) = (1295, 2255)  Position Error = 219.911
TrainID = 1671  dbValue = 3.38272  nTestCell = 46  nTrainCell = 43  nDiff = 3  (X,Y) = (1375, 2185)  Position Error = 250.841
TrainID = 1816  dbValue = 3.40421  nTestCell = 46  nTrainCell = 43  nDiff = 3  (X,Y) = (1285, 2105)  Position Error = 146.086
TrainID = 864  dbValue = 3.42356  nTestCell = 46  nTrainCell = 44  nDiff = 2  (X,Y) = (1285, 2095)  Position Error = 146.086
TrainID = 966  dbValue = 3.42885  nTestCell = 46  nTrainCell = 43  nDiff = 3  (X,Y) = (1285, 2095)  Position Error = 146.086
TrainID = 1705  dbValue = 3.43236  nTestCell = 46  nTrainCell = 43  nDiff = 3  (X,Y) = (1095, 2255)  Position Error = 161.124
TrainID = 890  dbValue = 3.45326  nTestCell = 46  nTrainCell = 44  nDiff = 2  (X,Y) = (1165, 2245)  Position Error = 147.313
TrainID = 1731  dbValue = 3.48545  nTestCell = 46  nTrainCell = 43  nDiff = 3  (X,Y) = (1315, 2095)  Position Error = 176.071
TrainID = 957  dbValue = 3.48886  nTestCell = 46  nTrainCell = 43  nDiff = 3  (X,Y) = (1365, 2135)  Position Error = 228.694
TrainID = 928  dbValue = 3.50393  nTestCell = 46  nTrainCell = 43  nDiff = 3  (X,Y) = (1365, 2205)  Position Error = 249.201
TrainID = 1847  dbValue = 3.52422  nTestCell = 46  nTrainCell = 44  nDiff = 2  (X,Y) = (1255, 2215)  Position Error = 163.343
TrainID = 1991  dbValue = 3.55287  nTestCell = 46  nTrainCell = 43  nDiff = 3  (X,Y) = (1375, 2135)  Position Error = 238.581
TrainID = 949  dbValue = 3.58149  nTestCell = 46  nTrainCell = 43  nDiff = 3  (X,Y) = (1265, 2205)  Position Error = 164.015
TrainID = 2622  dbValue = 3.58763  nTestCell = 46  nTrainCell = 43  nDiff = 3  (X,Y) = (1085, 2255)  Position Error = 164.137
TrainID = 2112  dbValue = 3.59637  nTestCell = 46  nTrainCell = 43  nDiff = 3  (X,Y) = (1385, 2125)  Position Error = 247.267
TrainID = 1502  dbValue = 3.69737  nTestCell = 46  nTrainCell = 44  nDiff = 2  (X,Y) = (1315, 2125)  Position Error = 177.767
TrainID = 1470  dbValue = 3.70708  nTestCell = 46  nTrainCell = 44  nDiff = 2  (X,Y) = (1335, 2185)  Position Error = 213.638
TrainID = 2572  dbValue = 3.70763  nTestCell = 46  nTrainCell = 43  nDiff = 3  (X,Y) = (1355, 2175)  Position Error = 228.65
TrainID = 1229  dbValue = 3.74592  nTestCell = 46  nTrainCell = 43  nDiff = 3  (X,Y) = (1365, 2185)  Position Error = 241.456
TrainID = 976  dbValue = 3.75204  nTestCell = 46  nTrainCell = 43  nDiff = 3  (X,Y) = (1035, 2225)  Position Error = 162.607
TrainID = 2792  dbValue = 3.7712  nTestCell = 46  nTrainCell = 43  nDiff = 3  (X,Y) = (1375, 2165)  Position Error = 244.788
TrainID = 438  dbValue = 3.77401  nTestCell = 46  nTrainCell = 43  nDiff = 3  (X,Y) = (1375, 2145)  Position Error = 240.252
TrainID = 1250  dbValue = 3.81456  nTestCell = 46  nTrainCell = 43  nDiff = 3  (X,Y) = (1075, 2285)  Position Error = 195.758
TrainID = 2369  dbValue = 3.83805  nTestCell = 46  nTrainCell = 44  nDiff = 2  (X,Y) = (1335, 2135)  Position Error = 199.1
TrainID = 2607  dbValue = 3.93948  nTestCell = 46  nTrainCell = 43  nDiff = 3  (X,Y) = (1075, 2275)  Position Error = 186.336
TrainID = 981  dbValue = 3.95154  nTestCell = 46  nTrainCell = 43  nDiff = 3  (X,Y) = (1045, 2255)  Position Error = 181.276
TrainID = 1479  dbValue = 3.95426  nTestCell = 46  nTrainCell = 44  nDiff = 2  (X,Y) = (1245, 2245)  Position Error = 179.613
TrainID = 562  dbValue = 3.95526  nTestCell = 46  nTrainCell = 43  nDiff = 3  (X,Y) = (1055, 2235)  Position Error = 159
TrainID = 2762  dbValue = 4.12354  nTestCell = 46  nTrainCell = 43  nDiff = 3  (X,Y) = (1075, 2275)  Position Error = 186.336
TrainID = 1431  dbValue = 4.12595  nTestCell = 46  nTrainCell = 43  nDiff = 3  (X,Y) = (1095, 2275)  Position Error = 180.447
TrainID = 2889  dbValue = 4.15048  nTestCell = 46  nTrainCell = 43  nDiff = 3  (X,Y) = (1405, 2205)  Position Error = 285.974
TrainID = 1429  dbValue = 4.23683  nTestCell = 46  nTrainCell = 43  nDiff = 3  (X,Y) = (1405, 2135)  Position Error = 268.293
TrainID = 2732  dbValue = 4.311  nTestCell = 46  nTrainCell = 44  nDiff = 2  (X,Y) = (1365, 2195)  Position Error = 245.155
TrainID = 502  dbValue = 4.3335  nTestCell = 46  nTrainCell = 43  nDiff = 3  (X,Y) = (1065, 2295)  Position Error = 208.569
TrainID = 1601  dbValue = 4.33568  nTestCell = 46  nTrainCell = 43  nDiff = 3  (X,Y) = (1405, 2215)  Position Error = 289.795
TrainID = 1343  dbValue = 4.36942  nTestCell = 46  nTrainCell = 43  nDiff = 3  (X,Y) = (1395, 2225)  Position Error = 284.888
TrainID = 937  dbValue = 4.46048  nTestCell = 46  nTrainCell = 43  nDiff = 3  (X,Y) = (1015, 2255)  Position Error = 198.497
TrainID = 2343  dbValue = 4.52924  nTestCell = 46  nTrainCell = 44  nDiff = 2  (X,Y) = (1355, 2135)  Position Error = 218.817
TrainID = 1716  dbValue = 4.52961  nTestCell = 46  nTrainCell = 43  nDiff = 3  (X,Y) = (1415, 2215)  Position Error = 299
TrainID = 2084  dbValue = 4.68911  nTestCell = 46  nTrainCell = 43  nDiff = 3  (X,Y) = (1415, 2195)  Position Error = 291.892
TrainID = 2612  dbValue = 4.73109  nTestCell = 46  nTrainCell = 43  nDiff = 3  (X,Y) = (1425, 2165)  Position Error = 293.293
TrainID = 1193  dbValue = 4.76341  nTestCell = 46  nTrainCell = 43  nDiff = 3  (X,Y) = (1425, 2165)  Position Error = 293.293
TrainID = 2027  dbValue = 5.18151  nTestCell = 46  nTrainCell = 43  nDiff = 3  (X,Y) = (1445, 2165)  Position Error = 312.827
TrainID = 770  dbValue = 5.19872  nTestCell = 46  nTrainCell = 43  nDiff = 3  (X,Y) = (1395, 2195)  Position Error = 273.059
TrainID = 1339  dbValue = 5.20353  nTestCell = 46  nTrainCell = 43  nDiff = 3  (X,Y) = (1455, 2165)  Position Error = 322.616
TrainID = 1344  dbValue = 5.91322  nTestCell = 46  nTrainCell = 44  nDiff = 2  (X,Y) = (1435, 2165)  Position Error = 303.053
TrainID = 1897  dbValue = 6.45335  nTestCell = 46  nTrainCell = 44  nDiff = 2  (X,Y) = (1495, 2175)  Position Error = 363.815
