trainID = 330  1.965  3.9668  1.66  1.1194  4.3513  4.9121  0.2612  3.2888  1.5267  2.7525  1.7803  2.4012  2.6719  4.3252  5.0326  1.1367  4.394  0.0946  0.6162  3.1998  2.7878  2.4374  5.036  0.2733  5.5664  0.9915  6.9662  2.8233  1.9807  4.2675  2.7403  3.5875  3.458  0.3991  0.851  1.3175  2.3589  2.4709  0.348  35.6057  
trainID = 340  7.2061  1.4085  1.723  9.2622  3.7843  6.7715  4.2371  3.5407  4.3283  0.2686  1.4077  0.0384  6.2891  4.9275  2.0473  10.3606  7.0336  9.4236  1.2345  2.5345  10.8691  8.7592  1.7422  4.1445  11.6178  11.3914  10.2194  1.6802  8.8528  5.2178  2.18  6.0378  2.9748  3.3231  2.6393  5.5323  0.7913  1.2716  1.3758  32.4847  
trainID = 366  1.096  0.55  1.229  0.3355  5.6211  0.711  2.6486  4.8978  2.3114  1.0055  1.6218  0.1056  1.0798  1.7385  2.7672  0.2757  2.1796  3.4762  3.1196  12.6703  7.5973  1.1937  0.0406  0.5758  3.2182  2.4751  1.3393  2.1787  2.978  4.5716  0.5647  0.3325  3.4429  0.149  1.953  2.5057  2.7046  1.2588  1.0182  2.7999  4.4389  1.2376  35.4962  
trainID = 387  34.2389  2.7443  1.1492  1.0672  4.8483  1.9299  3.4999  1.4101  3.2438  2.8317  1.5037  0.736  1.7552  0.6895  2.1905  2.515  5.2002  1.4517  0.4681  2.0185  3.0447  6.2552  3.7386  0.4525  0.8757  0.1794  1.7918  1.2162  1.33  0.102  1.8167  0.229  0.2331  4.0478  1.1709  2.3759  3.4425  0.6953  0.1547  0.8544  30.6016  
trainID = 395  1.219  1.3545  1.497  0.0475  4.7759  2.5867  0.985  0.6842  2.9598  2.4462  0.2374  1.2871  1.4436  0.932  0.5842  1.1775  0.5155  0.2268  1.1298  1.2135  8.8786  0.3196  4.2136  1.4433  3.8526  2.7564  3.4515  0.4388  3.0686  0.5462  1.8512  1.2621  1.4862  0.552  0.9956  1.7445  1.3896  1.968  1.5805  1.3102  1.0968  4.4025  0.741  
trainID = 447  35.5549  1.689  0.5939  2.9472  0.7107  1.3439  2.0637  0.9681  3.8911  1.5385  1.3132  0.611  0.7196  0.7028  1.0989  0.0193  4.2358  2.3418  2.492  0.1068  0.1095  3.7836  3.8479  1.2773  1.2462  1.8413  0.3311  1.9841  2.3537  1.5887  0.0483  2.205  2.0882  0.3904  1.1617  1.99  4.3493  0.0992  1.6018  1.7318  1.194  
trainID = 472  5.8594  1.2269  0.757  10.5704  4.861  8.8995  1.5423  3.8777  4.0733  1.824  1.0726  1.0302  7.4314  3.3416  1.258  12.1332  6.8213  6.81  2.2878  2.6462  11.0905  9.2  1.0665  2.0988  9.7054  12.9532  12.0288  0.98  7.6745  4.7804  3.065  6.3551  2.5792  3.5333  3.4092  7.0873  2.3233  0.475  3.0237  30.9178  
trainID = 513  6.776  1.6703  1.587  12.3262  2.8749  5.829  4.6331  5.5244  6.4723  2.1944  1.5461  1.2382  9.139  5.6318  3.0051  13.4108  7.4164  10.4778  1.6696  2.3425  12.9419  7.2889  0.2597  0.4783  17.6383  19.0498  16.7146  1.3149  9.6058  3.6217  0.148  6.7514  3.461  6.8425  3.0775  6.4539  2.5365  0.2982  2.4118  32.2147  
trainID = 522  6.6001  2.2111  1.265  0.4239  10.3441  0.035  2.4613  8.5262  2.2824  2.0962  0.5256  2.06  35.9627  1.1417  2.8663  4.0232  21.501  3.3603  11.7951  2.3119  0.1367  1.6047  2.0658  4.838  1.3362  1.7074  4.8383  9.9539  2.9779  1.0834  2.7337  0.659  0.9016  6.3212  0.8993  1.674  2.8121  1.3024  4.7589  2.8687  34.6333  
trainID = 565  5.3559  2.14  0.334  2.8181  3.3814  6.0501  2.3801  3.1845  3.5209  1.2207  2.043  0.7882  2.5035  0.4815  1.4155  7.0362  3.358  3.289  0.4066  4.3799  10.9908  3.4729  1.1867  0.7358  12.1048  3.0211  2.8719  4.8849  2.2925  1.3668  0.496  5.9936  0.0834  2.9603  3.1074  0.6088  1.1824  0.4505  2.147  35.282  
trainID = 589  4.1631  2.9717  0.067  1.2243  7.6521  1.267  3.5173  7.3  4.126  2.6641  0.9506  0.2222  35.2757  1.9759  5.2622  3.9784  15.191  0.3346  4.3099  2.3981  4.9668  0.6597  1.8882  4.529  1.4782  4.48  3.0834  13.2216  2.0643  3.196  3.9011  1.115  1.7275  3.6928  0.6659  1.361  1.0792  2.2512  2.0208  2.8491  34.3387  
trainID = 599  0.281  0.5837  0.165  1.5405  0.5889  2.4133  2.4763  1.9475  4.3258  1.8321  1.0417  0.1394  2.851  0.947  1.0332  0.3137  1.1424  0.7397  4.8656  0.8143  1.6662  1.3481  1.359  3.1932  4.0764  0.0189  0.795  1.728  0.1309  2.6225  0.5534  1.7559  2.1248  1.7482  0.9494  2.9111  1.1441  3.0033  0.5232  1.0807  3.7949  1.3773  0.023  
trainID = 617  3.186  2.4566  0.519  0.0083  5.0598  1.455  2.5149  4.128  2.2877  2.7381  0.0911  0.912  2.0201  0.217  2.8562  0.0368  3.4881  2.337  4.1853  5.4876  2.4579  1.5013  0.5379  0.5495  4.285  1.3843  1.4571  2.5381  1.0568  4.9973  3.6839  0.3474  0.6202  2.4795  1.6009  3.098  0.2503  1.071  1.3667  3.0759  1.0176  3.8188  33.0382  
trainID = 625  0.658  0.2131  0.093  2.153  2.8239  2.0767  2.5735  1.1304  3.987  0.5093  0.7459  0.5489  0.3737  0.586  1.7112  3.168  0.4885  0.0683  1.1441  1.6736  1.7678  1.1922  0.9297  4.9927  3.8125  2.1556  2.4885  2.9188  0.9375  2.1187  1.1574  2.3977  0.0211  0.34  3.1819  0.3895  0.6547  0.49  3.2821  4.0319  1.1673  0.034  
trainID = 626  3.646  0.0473  3.2237  1.2823  0.8994  0.246  1.1309  1.3624  1.6579  0.4601  0.2136  3.0904  1.0708  2.3045  0.4697  1.4757  0.0711  0.6566  3.9567  3.1758  5.9819  2.2361  0.5952  0.6977  3.0105  2.4861  1.5065  4.3692  0.0556  0.3267  1.1231  1.6468  1.1  2.677  1.9262  1.8481  4.3192  1.467  2.0194  3.1619  1.9155  0.9981  0.195  
trainID = 639  3.939  3.8222  2.285  4.3411  6.0622  5.5852  2.177  1.8133  1.5356  0.6951  1.407  0.5615  4.3988  3.9291  3.365  4.1547  4.8809  3.3816  2.0227  4.485  7.5645  3.335  0.4171  1.1531  11.478  3.5256  7.8967  5.1261  4.9828  4.2653  1.9103  6.3701  1.4045  4.534  0.8302  1.6165  0.3193  1.7885  2.3744  35.3018  
trainID = 657  3.4549  2.3954  1.1871  4.6528  6.8184  4.8531  0.8129  1.6544  0.8177  0.4058  1.521  5.4042  1.6431  4.4675  2.0884  4.8421  0.6471  3.7704  0.8772  3.1499  7.7365  6.7325  2.9401  3.0575  7.6156  2.7156  1.7666  3.2419  0.8649  1.7836  0.33  4.2602  0.0392  0.5959  1.5088  1.6072  0.7794  0.9504  0.5539  32.7708  
trainID = 659  4.3328  2.4023  0.874  5.6974  1.6505  3.9093  1.6523  0.4392  2.333  0.4598  0.9198  0.7852  4.567  0.6207  0.8042  5.1067  1.9332  4.7707  1.0818  0.1187  7.4127  5.8128  0.5991  0.1214  3.5829  4.8042  1.8441  0.2074  1.2019  3.2468  0.567  4.7924  1.423  3.416  1.913  4.0044  0.9523  0.7511  0.8218  33.0298  
trainID = 674  3.2127  3.4356  3.316  3.5574  5.2836  4.4543  2.7101  1.7161  1.8409  3.7758  1.469  3.9962  2.1062  4.0601  4.3249  3.0646  1.2899  1.0939  0.1049  3.1395  7.1752  2.9574  2.308  1.5161  7.4978  1.5584  3.0711  3.4936  3.5052  2.1593  0.652  4.5672  0.9372  1.5808  0.7553  0.3286  0.8826  1.2134  0.7004  33.849  
trainID = 700  5.278  0.977  0.907  5.1197  3.1658  3.8495  2.4401  2.1371  4.5883  4.3398  1.1528  1.4842  0.9074  0.4309  1.8055  9.0969  4.1177  6.0481  0.4149  1.5837  7.8815  6.0696  0.9249  0.3506  4.9934  3.9006  4.4146  2.2182  2.5423  0.5212  1.621  5.6271  0.8156  1.5104  2.3292  4.0675  0.1988  0.2201  2.608  33.9836  
trainID = 742  1.835  3.3781  1.526  2.3069  4.1479  1.043  2.2634  4.1688  4.3095  3.0876  0.9784  0.4199  1.4461  3.528  0.8732  0.4784  4.9495  2.7619  2.6103  4.7045  1.4266  2.6855  2.7824  0.8686  2.2346  4.606  2.1185  6.0676  1.8012  6.0361  0.6159  0.9342  2.1535  1.213  3.8291  1.6556  0.0121  0.0896  0.9437  1.1811  1.0345  0.4846  35.5506  
trainID = 771  34.7379  3.3913  0.3006  0.864  5.7341  0.7562  2.2282  0.9078  1.9914  1.6546  0.3719  3.6391  2.1482  0.2445  0.6597  0.7616  5.8616  4.6707  3.7268  0.1245  2.139  7.6582  3.1147  2.1125  2.0752  1.0499  1.8522  4.0777  2.3222  0.9171  0.1068  0.201  2.8613  0.6073  0.8156  0.364  5.5766  0.1821  0.2496  1.1323  30.8562  
trainID = 787  3.888  1.7997  1.623  0.8466  8.0331  1.628  4.0053  6.8122  3.2546  2.7567  0.4024  1.4966  36.1867  3.0566  3.3657  2.2248  13.826  7.7372  11.8828  0.6838  0.3127  0.7068  4.1456  6.961  1.6745  1.7393  2.9829  8.1637  1.494  0.2443  3.6895  1.5314  0.1365  4.4609  0.3485  2.672  1.6408  1.2745  0.9509  4.7099  32.4117  
trainID = 813  3.8247  1.2452  2.3903  6.1319  4.0724  3.7539  1.7222  3.4831  4.0803  2.2064  0.093  1.5032  0.8417  3.1414  0.4589  7.9884  3.1774  6.9949  1.8678  0.0125  6.6382  6.1824  1.4384  3.3032  2.6856  3.3934  5.4973  1.4068  2.122  4.5361  0.358  3.0127  2.7614  0.6808  1.6506  5.3026  1.3138  0.0107  0.9256  31.7237  
trainID = 834  5.7451  1.6086  0.32  8.5345  2.4062  5.8171  2.3481  2.449  6.4653  1.1851  1.608  1.1992  6.894  5.2695  1.8804  10.0794  4.7475  11.0821  2.0688  1.0265  13.3566  5.6298  0.1708  1.581  21.5811  10.1386  5.9101  1.4899  10.9698  4.3818  1.949  9.9839  2.1468  5.2896  1.2768  4.2597  1.5838  0.0303  3.2396  32.8087  
trainID = 835  2.587  1.1543  0.965  2.4394  3.48  0.436  0.8941  0.3227  0.2479  1.8442  1.0329  0.9924  1.4965  0.143  0.4033  3.4863  0.7782  0.2836  2.3514  4.2369  10.717  1.3937  2.0428  1.3143  1.3475  0.7362  3.4981  3.8671  0.6138  1.7934  0.1655  0.1321  1.2006  3.8188  4.531  3.6651  0.6854  1.6066  3.4913  1.888  
trainID = 878  1.59  0.8345  1.847  1.3982  3.1671  0.27  1.9312  3.0453  1.7259  1.1928  1.3323  0.1684  1.2214  0.173  1.3882  2.004  0.8781  0.2367  1.4721  1.9563  0.9796  0.3585  0.2267  2.195  1.4821  1.2835  1.2933  0.1443  2.6803  0.84  0.2794  0.8574  0.3962  1.987  1.975  1.2829  1.6282  1.68  2.2462  1.8059  1.6021  1.3609  0.059  
trainID = 939  2.5946  2.5053  0.856  3.1574  4.8256  3.2357  1.6207  2.3308  1.6359  2.1205  1.097  0.6402  0.8253  3.1917  3.361  7.3999  4.1447  3.7799  1.8169  1.5384  8.9138  4.825  0.331  1.8651  5.6298  4.2548  0.6248  2.9092  0.8564  0.5671  0.662  2.8455  0.3538  1.9559  0.46  1.6949  0.1336  0.7463  0.3651  34.2962  
trainID = 950  5.2532  3.115  2.491  0.6715  5.4217  1.1431  3.0984  4.801  0.5588  1.6956  1.2186  1.0129  0.0535  0.095  3.3152  0.4108  1.2324  0.0039  7.2104  12.1613  12.8987  3.0533  0.8834  0.4487  2.1875  3.0019  1.7515  1.3956  2.2939  6.2169  1.6722  0.3099  1.2627  2.2725  0.1748  1.9635  0.5593  2.036  0.1166  1.0083  2.0307  2.4184  33.2221  
trainID = 959  0.76  0.0356  2.527  0.7604  5.4284  3.4724  0.3359  1.6496  2.3682  0.4383  3.203  0.1122  0.2074  0.604  0.0661  1.3849  3.3629  0.9874  2.9088  3.2147  7.1453  1.1184  0.314  0.9986  2.6922  2.0769  1.288  0.5833  4.7519  3.6246  1.1155  0.5761  1.4769  0.986  1.4296  1.4817  0.5517  0.269  0.8337  0.7837  4.1279  0.8731  0.678  
trainID = 964  0.476  1.5786  4.1683  0.4541  5.3768  2.0237  1.0001  3.6331  0.9691  1.7663  2.6607  1.1965  1.4685  0.48  0.2164  0.4458  0.4699  0.2405  5.4779  6.0946  11.2236  1.264  2.3945  0.4439  0.2945  3.139  1.8586  0.89  3.5078  2.6166  0.9959  3.6109  2.2812  0.308  1.7979  4.2585  0.5063  1.984  0.4355  3.0419  0.7444  1.8447  1.324  
trainID = 972  4.4361  1.1335  1.199  5.9947  3.4223  6.9005  1.4705  3.0519  3.9523  1.8822  0.992  2.9452  5.9779  0.9708  3.3274  10.8798  3.5385  5.7521  1.7454  3.1884  8.3009  4.8248  0.8994  1.3196  14.7213  5.1517  0.7828  1.3185  5.3947  1.8686  0.7  5.8474  1.615  4.4922  1.5301  1.8682  1.8859  0.4934  1.9677  34.9838  
trainID = 1006  34.5059  0.0778  0.5868  0.571  6.6874  3.1813  6.1043  0.9831  1.2516  2.9922  1.5146  0.628  0.6722  1.4465  1.4072  0.9534  7.5114  4.4974  3.7123  2.4053  0.2616  4.4669  5.3147  0.8624  0.1853  0.1196  0.1836  4.4101  1.4616  2.2446  0.4399  1.394  4.0942  1.0858  1.5438  0.003  1.8044  0.2035  0.7654  1.2456  34.3298  
trainID = 1010  6.5112  1.1151  2.1134  8.8385  4.297  5.9021  2.2362  4.5903  4.9353  1.3839  0.817  0.9492  6.8879  3.6807  0.397  12.7362  6.7123  7.6294  3.3308  3.3225  13.9123  7.9846  1.1343  1.2262  15.9091  9.7387  8.324  0.666  8.7758  2.2601  0.252  5.1997  2.5709  3.7039  3.5278  4.9592  0.9156  2.3622  2.3468  33.5446  
trainID = 1166  3.242  0.8598  1.81  1.8997  4.5441  0.176  0.0578  2.3238  2.5685  3.7231  1.0067  1.5472  1.8899  0.222  2.5072  0.3569  2.1268  1.4603  0.5794  6.5354  5.136  2.1523  2.2315  1.5335  1.5041  2.1982  1.5732  1.5261  1.3663  5.1045  2.0106  0.7262  0.8602  0.991  1.1006  1.8356  0.2575  1.832  0.8731  1.6629  3.4269  2.3209  30.3309  
trainID = 1249  6.1785  0.8093  2.399  10.8552  4.4209  7.3765  3.8141  3.3609  4.3143  0.0625  3.472  1.1876  6.5747  5.1138  4.3362  11.275  6.641  9.736  2.4598  2.6373  13.6088  6.7482  1.2893  1.203  25.2772  12.7865  4.8886  0.0815  9.6078  4.7164  0.657  9.7513  0.2437  3.8634  4.0663  3.373  1.7901  1.9893  4.1018  33.7123  
trainID = 1255  36.0999  4.3562  2.0673  0.878  8.7901  3.9727  5.1948  4.6641  2.832  5.1633  2.4469  1.2817  1.2394  6.4329  8.5421  2.1723  10.7396  4.6209  9.1015  1.4243  0.0304  11.8605  8.1035  1.0135  2.8015  7.1219  10.8479  13.8635  1.315  5.7057  2.8119  1.88  7.3065  4.8293  2.771  1.9013  4.0058  2.245  0.6656  2.2434  30.802  
trainID = 1283  7.3485  2.8372  1.038  6.6894  5.0273  6.2274  4.3331  2.1524  1.6071  0.1057  1.827  3.6922  4.6337  1.0037  3.7326  10.4516  4.1306  8.4962  0.335  3.41  11.1073  7.5869  0.0388  0.5952  19.0931  6.6806  3.092  4.795  6.9321  1.0257  1.4052  4.7644  0.2641  5.8942  0.6287  0.9291  2.2953  1.3552  1.9289  34.7795  
trainID = 1387  3.4846  1.5943  2.189  9.6414  4.4116  6.3974  5.5111  2.9131  4.6013  1.9129  2.703  1.1182  7.5712  5.7573  4.609  13.1025  7.229  8.3615  2.2088  3.9191  13.2315  6.7064  0.6035  2.4188  21.4055  15.116  12.8789  2.5137  10.579  4.8213  1.928  7.4115  1.7914  4.8965  2.6151  4.6772  3.7696  2.6029  2.9662  31.4047  
trainID = 1389  4.2735  2.2351  0.662  5.5665  7.3578  5.9323  2.8081  1.6116  4.0423  5.1043  2.46  1.4632  8.1179  2.2596  1.731  7.2439  3.442  5.9175  0.8162  2.7745  12.4168  5.7558  3.0217  0.1816  15.3283  3.6247  7.0655  4.0092  8.879  0.671  0.313  4.7637  0.4716  5.6329  3.6131  1.7353  0.8076  1.918  3.3866  34.104  
trainID = 1494  4.5284  0.7292  0.167  9.3186  4.4988  7.7435  3.2921  4.4871  4.1883  3.934  0.899  1.6872  8.6323  3.5799  2.4161  8.8499  5.3915  8.808  1.4638  3.7565  14.0439  8.6968  0.3176  1.19  19.1462  10.697  3.3326  0.3831  10.8991  3.2269  0.354  7.6966  3.0934  5.5582  4.4035  4.1763  2.82  2.7469  5.4502  33.6418  
trainID = 1558  7.2075  1.8566  1.317  10.3867  5.7495  4.4592  4.2141  3.708  3.6143  3.1232  1.21  2.7412  10.3394  4.3879  2.1974  12.1165  4.3469  11.2883  2.4778  2.7174  12.8946  7.921  2.1399  2.8534  25.6221  15.6021  4.8306  2.6867  10.4558  6.7379  1.046  5.7996  3.4578  4.769  5.3149  2.2048  0.7839  0.5723  1.7341  32.8485  
trainID = 1561  6.2702  2.5043  1.335  9.6158  2.0692  4.4066  1.1399  2.9876  4.6433  0.3169  0.052  2.1052  4.8069  4.5243  1.3071  9.0706  4.942  8.4879  1.8808  0.143  9.572  7.6754  0.2693  2.4444  5.0904  6.4645  9.9611  2.5573  7.232  5.2443  1.478  5.9186  1.1441  3.207  3.2311  6.5615  1.8572  1.1771  0.7427  33.5602  
trainID = 1580  8.1601  0.3376  1.818  9.273  3.6586  7.7525  4.0001  3.4022  8.1513  1.9048  0.024  0.1499  9.0761  5.7732  2.0764  11.8224  7.9128  7.8649  2.1608  1.9582  12.8384  8.8479  0.015  2.9878  22.9879  17.904  6.0985  3.1454  9.2264  4.088  0.136  7.883  1.8441  3.68  4.431  4.4327  3.3029  2.5495  3.0037  33.1492  
trainID = 1595  3.0139  1.8679  2.203  2.625  7.1434  4.947  1.4733  1.5801  3.9123  2.1918  2.099  1.1562  4.5577  2.5672  3.8207  7.5931  2.7857  4.9482  0.0879  2.4098  8.7541  2.5581  1.7655  0.0648  15.422  5.7262  4.5409  3.2486  7.1949  0.5219  2.3254  7.3458  0.8462  3.1981  2.5827  1.4652  3.036  0.5085  1.8265  35.3315  
trainID = 1769  4.5163  0.8869  0.554  10.3977  5.1928  7.3325  4.8221  6.4748  4.1673  2.4811  0.458  1.7492  8.0014  4.905  2.3625  12.1781  8.2002  7.3887  3.4948  0.0279  12.4165  5.942  1.8872  1.9076  23.0172  19.6721  13.4308  0.2472  10.6895  6.7368  1.684  8.2084  2.5609  4.9981  3.3647  6.4905  1.0521  2.2768  1.5836  31.9851  
trainID = 1825  3.44  1.0742  0  7.0179  4.5581  5.164  2.3091  3.1591  2.4429  2.3047  0.345  4.2192  5.0522  1.717  4.0083  7.9989  7.8104  9.3642  1.5045  2.397  11.4889  6.7771  0.2928  3.3007  18.3281  6.0391  4.7053  3.6022  8.7367  0.0372  0.572  8.6516  2.721  5.6375  2.4878  1.7482  0.848  0.6069  2.5504  36.0152  
trainID = 1826  5.2672  1.7446  0.064  5.5158  3.8997  6.1689  2.258  0.2102  5.3053  0.6391  0.701  4.1942  5.0627  2.1341  2.332  9.0241  3.6778  6.6091  1.0241  2.3169  11.6752  4.2922  1.4463  0.416  13.2192  5.1472  4.5341  2.1315  5.6279  2.0359  0.513  8.8085  0.5976  3.4612  0.3237  2.2743  1.1037  1.4388  1.4655  32.3745  
trainID = 1838  6.9175  1.8492  1.614  8.0279  1.2001  7.2645  5.2351  5.4994  2.6938  0.8648  0.08  2.6242  7.7027  4.0446  2.7012  13.5369  7.7379  9.8033  3.5208  0.833  15.5429  8.2445  3.0853  3.2217  26.4126  18.4672  6.2834  1.0395  9.0826  7.1017  0.367  6.6374  1.9143  5.5691  4.1512  4.8348  0.4685  3.523  4.4302  32.7331  
trainID = 1850  5.8829  1.7505  2.437  10.6203  2.0963  7.2545  1.7968  5.4192  2.0524  3.2585  1.139  4.3132  7.5768  8.8458  3.8747  12.1865  8.0569  11.1647  1.7402  1.9508  12.8564  8.6557  0.3715  0.6661  18.0585  13.7489  12.3789  0.8641  7.0203  5.0637  1.999  7.2838  3.5094  4.7014  3.8399  7.0643  2.3307  1.8504  5.5381  30.8106  
trainID = 1927  8.1863  0.9467  1.5184  10.7578  6.4321  4.7452  3.4161  2.3135  6.1723  0.0653  1.573  3.6842  8.2869  5.7655  2.0131  12.8008  5.5625  8.0049  1.7483  1.7254  12.8262  9.4794  2.6227  0.6931  22.6403  17.4788  19.5939  0.7145  10.8476  5.7746  0.977  8.5367  5.5159  6.275  4.4174  4.8757  1.7889  4.1479  3.3622  32.8188  
trainID = 2031  5.4704  0.3551  1.098  6.028  5.7605  5.7946  0.7926  4.8112  2.005  0.4898  0.174  3.7972  4.556  4.2031  0.3183  7.2773  7.0775  7.1753  2.6968  2.9466  10.1471  7.2933  1.7664  1.5077  10.5692  9.2404  7.5254  3.3429  5.5134  2.4552  1.052  5.4418  0.5791  3.7382  1.534  4.1204  2.0351  1.977  3.2884  33.7069  
trainID = 2035  3.6938  1.9007  0.145  6.4076  2.4473  5.2021  0.2792  2.7429  4.5003  2.3729  1.0228  1.1632  4.1266  1.3273  1.5167  5.7288  3.4408  4.4421  1.5219  2.2862  7.6083  4.4876  0.8403  0.1261  11.4815  4.2514  2.7776  1.1184  2.1002  0.8966  1.331  7.7242  1.1814  3.6927  0.424  2.6332  0.3865  1.0232  2.9021  32.0025  
trainID = 2453  6.4132  1.933  0.587  9.712  4.2287  6.5501  4.9721  5.6398  5.4453  3.4706  0.9876  2.9122  7.6788  9.4625  4.3056  12.9486  6.4629  8.4846  0.7816  2.781  14.2159  9.5136  0.1212  2.8079  22.3587  16.7051  10.7042  2.7558  9.9199  5.729  1.489  7.0794  2.0766  4.8218  3.261  4.0714  2.4129  0.265  3.6621  30.2047  
trainID = 2690  3.515  1.7852  3.184  6.9521  3.665  6.1505  2.9781  3.2198  3.3011  1.1109  1.772  0.6426  6.8489  2.2377  3.5499  10.6602  2.6103  7.8689  0.5272  3.0342  10.644  5.9777  1.3997  2.0414  10.3999  6.3406  3.3436  2.4818  4.0376  2.2864  0.797  5.2967  2.1982  3.3014  3.6235  3.1036  2.3924  1.054  2.3179  34.5069  
trainID = 2778  5.2125  1.0936  0.523  5.3502  4.6383  5.9551  2.9661  1.5674  4.5003  0.3269  1.2884  0.7982  3.4977  2.3575  1.3251  9.6899  4.1579  6.3173  3.7588  2.4015  12.7749  5.3565  1.0104  1.6449  12.9691  5.9847  4.5336  2.7479  5.4337  2.338  2.1827  6.8763  2.0184  1.2025  2.1078  4.8563  0.5849  0.2998  2.6698  33.4981  
trainID = 2820  6.3205  1.2957  1.4763  7.3843  4.4045  6.6075  1.9324  1.744  4.7063  3.6112  0.847  1.4612  4.6626  1.3089  1.8431  7.5311  3.4378  5.4781  0.5796  3.9231  7.8421  3.7476  0.7501  0.1608  12.5543  5.1171  0.3657  2.6095  3.1453  1.0857  3.2834  5.6069  0.355  0.94  3.8304  1.3234  2.2051  0.1779  2.1695  35.3944  
trainID = 2847  36.5329  7.7233  1.7956  2.0333  5.8754  3.9287  3.5145  4.2031  1.9675  3.1109  2.1796  4.48  1.7542  5.0192  1.6437  2.6875  8.6316  6.1667  6.8399  1.4451  4.9085  10.3188  5.8792  3.323  0.7255  15.7222  5.6041  1.7877  2.468  7.0085  0.7113  1.108  6.4353  0.4665  5.3336  2.1681  3.8715  2.9848  1.5823  2.3633  34.2252  
trainID = 2851  3.58  1.0066  0.589  7.1246  3.3849  6.4445  2.9081  0.7504  4.0723  0.28  1.0031  2.0172  3.8091  0.9218  1.0435  9.0236  4.177  4.6715  0.486  5.4382  10.6644  8.0061  2.9855  1.5127  13.6009  7.0898  0.2465  2.5043  5.462  1.9097  1.5115  6.6027  2.1761  1.2705  0.0968  4.0548  2.7074  0.8941  1.8047  34.6157  
trainID = 2853  4.9517  0.2057  2.1  5.482  5.4139  6.1248  3.8151  3.4351  4.1593  2.7879  1.917  4.8082  5.1403  0.0979  1.2824  8.8758  5.5354  6.5064  1.4827  5.1782  9.1518  7.7373  0.8782  0.3813  13.917  8.5846  1.1266  3.7925  7.2246  1.4729  1.258  6.9408  0.9199  2.9144  0.8916  0.3484  2.0252  0.4839  3.3391  32.5714  
trainID = 2963  6.0309  2.4606  0.531  7.2313  3.969  5.4504  4.3721  3.3637  5.6663  0.4831  1.6293  2.0882  4.3977  6.647  1.2033  11.5843  4.3254  9.131  2.5468  2.5161  9.4482  8.5579  0.2837  1.3286  6.844  8.8461  9.1008  1.2731  7.8468  5.627  2.061  5.8085  4.0974  1.6042  1.7572  4.2462  1.3526  0.4849  3.4663  32.7236  
TrainID = 878  dbValue = 1.3134  nTestCell = 43  nTrainCell = 43  nDiff = 0  (X,Y) = (1625, 955)  Position Error = 24.1661
TrainID = 599  dbValue = 1.58069  nTestCell = 43  nTrainCell = 43  nDiff = 0  (X,Y) = (1585, 985)  Position Error = 43.8634
TrainID = 625  dbValue = 1.59971  nTestCell = 43  nTrainCell = 42  nDiff = 1  (X,Y) = (1585, 965)  Position Error = 26.9072
TrainID = 959  dbValue = 1.7117  nTestCell = 43  nTrainCell = 43  nDiff = 0  (X,Y) = (1665, 915)  Position Error = 68.8767
TrainID = 626  dbValue = 1.76985  nTestCell = 43  nTrainCell = 43  nDiff = 0  (X,Y) = (1605, 925)  Position Error = 20.0998
TrainID = 395  dbValue = 1.78262  nTestCell = 43  nTrainCell = 43  nDiff = 0  (X,Y) = (1615, 915)  Position Error = 32.311
TrainID = 835  dbValue = 1.95208  nTestCell = 43  nTrainCell = 40  nDiff = 3  (X,Y) = (1595, 875)  Position Error = 70.4557
TrainID = 964  dbValue = 2.11541  nTestCell = 43  nTrainCell = 43  nDiff = 0  (X,Y) = (1685, 905)  Position Error = 91.236
TrainID = 447  dbValue = 2.44306  nTestCell = 43  nTrainCell = 41  nDiff = 2  (X,Y) = (1575, 995)  Position Error = 57.3062
TrainID = 1166  dbValue = 2.60443  nTestCell = 43  nTrainCell = 43  nDiff = 0  (X,Y) = (1695, 945)  Position Error = 92
TrainID = 617  dbValue = 2.84228  nTestCell = 43  nTrainCell = 43  nDiff = 0  (X,Y) = (1705, 965)  Position Error = 103.942
TrainID = 742  dbValue = 3.04979  nTestCell = 43  nTrainCell = 43  nDiff = 0  (X,Y) = (1735, 985)  Position Error = 137.928
TrainID = 366  dbValue = 3.1049  nTestCell = 43  nTrainCell = 43  nDiff = 0  (X,Y) = (1715, 925)  Position Error = 113.772
TrainID = 659  dbValue = 3.12407  nTestCell = 43  nTrainCell = 40  nDiff = 3  (X,Y) = (1585, 1085)  Position Error = 141.152
TrainID = 939  dbValue = 3.17419  nTestCell = 43  nTrainCell = 40  nDiff = 3  (X,Y) = (1635, 1095)  Position Error = 153.375
TrainID = 950  dbValue = 3.2126  nTestCell = 43  nTrainCell = 43  nDiff = 0  (X,Y) = (1725, 925)  Position Error = 123.628
TrainID = 387  dbValue = 3.41707  nTestCell = 43  nTrainCell = 41  nDiff = 2  (X,Y) = (1595, 1025)  Position Error = 80.399
TrainID = 657  dbValue = 3.43285  nTestCell = 43  nTrainCell = 40  nDiff = 3  (X,Y) = (1665, 1085)  Position Error = 153.114
TrainID = 330  dbValue = 3.44308  nTestCell = 43  nTrainCell = 40  nDiff = 3  (X,Y) = (1725, 1035)  Position Error = 151.605
TrainID = 674  dbValue = 3.46651  nTestCell = 43  nTrainCell = 40  nDiff = 3  (X,Y) = (1695, 1075)  Position Error = 159.261
TrainID = 771  dbValue = 3.53771  nTestCell = 43  nTrainCell = 41  nDiff = 2  (X,Y) = (1545, 1055)  Position Error = 124.354
TrainID = 813  dbValue = 3.59832  nTestCell = 43  nTrainCell = 40  nDiff = 3  (X,Y) = (1555, 1105)  Position Error = 167.045
TrainID = 1006  dbValue = 3.61243  nTestCell = 43  nTrainCell = 41  nDiff = 2  (X,Y) = (1575, 1045)  Position Error = 103.846
TrainID = 2035  dbValue = 3.63142  nTestCell = 43  nTrainCell = 40  nDiff = 3  (X,Y) = (1645, 1125)  Position Error = 184.835
TrainID = 700  dbValue = 3.66606  nTestCell = 43  nTrainCell = 40  nDiff = 3  (X,Y) = (1585, 1105)  Position Error = 161.009
TrainID = 565  dbValue = 3.78317  nTestCell = 43  nTrainCell = 40  nDiff = 3  (X,Y) = (1665, 1145)  Position Error = 209.39
TrainID = 2820  dbValue = 4.08048  nTestCell = 43  nTrainCell = 40  nDiff = 3  (X,Y) = (1635, 1145)  Position Error = 202.544
TrainID = 1826  dbValue = 4.27588  nTestCell = 43  nTrainCell = 40  nDiff = 3  (X,Y) = (1655, 1165)  Position Error = 226.062
TrainID = 639  dbValue = 4.2759  nTestCell = 43  nTrainCell = 40  nDiff = 3  (X,Y) = (1715, 1145)  Position Error = 229.225
TrainID = 1595  dbValue = 4.28115  nTestCell = 43  nTrainCell = 40  nDiff = 3  (X,Y) = (1665, 1165)  Position Error = 228.569
TrainID = 2851  dbValue = 4.31119  nTestCell = 43  nTrainCell = 40  nDiff = 3  (X,Y) = (1605, 1185)  Position Error = 240.008
TrainID = 972  dbValue = 4.31816  nTestCell = 43  nTrainCell = 40  nDiff = 3  (X,Y) = (1615, 1185)  Position Error = 240.3
TrainID = 2778  dbValue = 4.4704  nTestCell = 43  nTrainCell = 40  nDiff = 3  (X,Y) = (1595, 1175)  Position Error = 230.139
TrainID = 2690  dbValue = 4.57895  nTestCell = 43  nTrainCell = 40  nDiff = 3  (X,Y) = (1585, 1165)  Position Error = 220.735
TrainID = 2853  dbValue = 4.63148  nTestCell = 43  nTrainCell = 40  nDiff = 3  (X,Y) = (1615, 1195)  Position Error = 250.288
TrainID = 1561  dbValue = 4.69992  nTestCell = 43  nTrainCell = 40  nDiff = 3  (X,Y) = (1545, 1175)  Position Error = 237.2
TrainID = 2031  dbValue = 4.74153  nTestCell = 43  nTrainCell = 40  nDiff = 3  (X,Y) = (1565, 1185)  Position Error = 242.99
TrainID = 787  dbValue = 4.82344  nTestCell = 43  nTrainCell = 41  nDiff = 2  (X,Y) = (1765, 915)  Position Error = 164.754
TrainID = 1389  dbValue = 4.83797  nTestCell = 43  nTrainCell = 40  nDiff = 3  (X,Y) = (1665, 1195)  Position Error = 257.573
TrainID = 1283  dbValue = 4.85675  nTestCell = 43  nTrainCell = 40  nDiff = 3  (X,Y) = (1635, 1205)  Position Error = 261.962
TrainID = 589  dbValue = 4.86392  nTestCell = 43  nTrainCell = 41  nDiff = 2  (X,Y) = (1805, 965)  Position Error = 202.988
TrainID = 1825  dbValue = 5.02583  nTestCell = 43  nTrainCell = 40  nDiff = 3  (X,Y) = (1635, 1205)  Position Error = 261.962
TrainID = 2963  dbValue = 5.05964  nTestCell = 43  nTrainCell = 40  nDiff = 3  (X,Y) = (1525, 1175)  Position Error = 242.866
TrainID = 522  dbValue = 5.16828  nTestCell = 43  nTrainCell = 41  nDiff = 2  (X,Y) = (1795, 915)  Position Error = 194.33
TrainID = 1010  dbValue = 5.44249  nTestCell = 43  nTrainCell = 40  nDiff = 3  (X,Y) = (1565, 1225)  Position Error = 282.567
TrainID = 834  dbValue = 5.5128  nTestCell = 43  nTrainCell = 40  nDiff = 3  (X,Y) = (1575, 1255)  Position Error = 311.262
TrainID = 340  dbValue = 5.52331  nTestCell = 43  nTrainCell = 40  nDiff = 3  (X,Y) = (1545, 1215)  Position Error = 276.159
TrainID = 472  dbValue = 5.56677  nTestCell = 43  nTrainCell = 40  nDiff = 3  (X,Y) = (1525, 1215)  Position Error = 281.041
TrainID = 2847  dbValue = 5.62264  nTestCell = 43  nTrainCell = 41  nDiff = 2  (X,Y) = (1625, 1175)  Position Error = 231.05
TrainID = 1494  dbValue = 5.75613  nTestCell = 43  nTrainCell = 40  nDiff = 3  (X,Y) = (1575, 1245)  Position Error = 301.304
TrainID = 1255  dbValue = 6.00354  nTestCell = 43  nTrainCell = 41  nDiff = 2  (X,Y) = (1515, 1215)  Position Error = 283.979
TrainID = 1249  dbValue = 6.0195  nTestCell = 43  nTrainCell = 40  nDiff = 3  (X,Y) = (1565, 1255)  Position Error = 312.32
TrainID = 1558  dbValue = 6.24335  nTestCell = 43  nTrainCell = 40  nDiff = 3  (X,Y) = (1555, 1265)  Position Error = 323.58
TrainID = 1580  dbValue = 6.24571  nTestCell = 43  nTrainCell = 40  nDiff = 3  (X,Y) = (1555, 1265)  Position Error = 323.58
TrainID = 1850  dbValue = 6.30072  nTestCell = 43  nTrainCell = 40  nDiff = 3  (X,Y) = (1535, 1245)  Position Error = 307.61
TrainID = 1387  dbValue = 6.33935  nTestCell = 43  nTrainCell = 40  nDiff = 3  (X,Y) = (1545, 1255)  Position Error = 315.379
TrainID = 1769  dbValue = 6.39356  nTestCell = 43  nTrainCell = 40  nDiff = 3  (X,Y) = (1535, 1275)  Position Error = 336.933
TrainID = 1838  dbValue = 6.42152  nTestCell = 43  nTrainCell = 40  nDiff = 3  (X,Y) = (1555, 1275)  Position Error = 333.473
TrainID = 513  dbValue = 6.47186  nTestCell = 43  nTrainCell = 40  nDiff = 3  (X,Y) = (1525, 1265)  Position Error = 329.369
TrainID = 2453  dbValue = 6.49831  nTestCell = 43  nTrainCell = 40  nDiff = 3  (X,Y) = (1535, 1265)  Position Error = 327.145
TrainID = 1927  dbValue = 6.77762  nTestCell = 43  nTrainCell = 40  nDiff = 3  (X,Y) = (1525, 1275)  Position Error = 339.093
