trainID = 134  2.3439  3.0445  3.1387  1.3712  1.6136  2.8565  34.3366  34.3295  3.9665  0.8645  4.6927  7.8027  11.2218  11.5595  0.2112  4.7697  13.0181  3.6132  0.232  1.2811  14.1902  5.2956  11.1259  7.3561  9.6587  0.3768  0.2869  6.6173  0.6494  5.6058  4.1529  2.1736  4.7021  3.7056  4.751  3.2118  2.488  2.428  
trainID = 139  0.0714  5.8716  0.146  2.2603  2.7414  1.0039  34.4007  3.867  0.8262  4.9119  1.0338  8.4453  2.2869  0.9689  2.4129  4.7128  4.8355  5.1318  0.8064  3.0424  4.6929  2.2975  1.4361  6.3392  2.9723  8.7939  1.5644  3.3273  5.1935  2.3956  3.5829  5.961  7.1381  0.6166  3.5233  1.544  0.3049  2.7441  35.4793  
trainID = 143  0.4704  4.8288  1.06  3.2197  2.1604  2.0723  0.631  0.3924  3.6823  0.5745  1.9038  3.5524  1.8442  0.6686  1.6428  2.7151  2.7307  0.0257  0.8805  1.3875  3.747  4.2869  4.2997  8.5828  4.2063  1.9906  5.4931  0.8317  3.2226  1.7343  5.4653  4.7845  1.6817  1.0249  1.1888  2.9858  1.2809  34.9553  
trainID = 144  2.8751  4.9815  0.573  2.8027  1.295  2.5523  35.3701  0.5309  3.8863  2.3153  5.9103  4.9749  2.5175  2.0332  2.7318  4.027  6.5448  3.6734  2.8094  2.049  3.6886  4.131  5.2336  3.8653  8.2997  1.9959  3.1618  0.2275  1.0279  2.3877  3.161  5.6514  4.1312  3.733  0.0833  1.6797  1.5741  33.3724  
trainID = 154  3.6835  2.1017  0.01  1.7197  1.8938  0.5233  36.8184  1.4991  5.0496  0.3691  13.4386  2.4128  3.4411  3.5322  4.5772  9.3101  2.2853  1.6874  4.5604  8.3208  4.1424  1.7077  2.0165  5.2297  3.6116  1.7477  3.1711  6.3329  0.2308  4.3149  1.504  1.0245  1.658  2.1236  2.1668  2.774  0.7454  
trainID = 164  2.2946  2.121  3.3178  2.0016  0.3478  1.7558  0.462  32.4888  0.533  1.414  0.3684  0.9644  3.5807  0.9152  1.3111  2.7164  0.8175  1.631  0.9185  0.7645  4.2194  1.8601  10.1562  3.8213  2.3496  4.0042  1.1675  1.6099  0.2582  0.3621  0.1105  0.7032  1.3707  2.9672  2.4606  3.3178  0.0577  0.6044  1.975  
trainID = 171  1.44  8.6112  0.426  0.1613  4.7078  0.4153  37.19  3.1494  7.2382  3.8553  6.5901  12.5729  3.1968  2.7012  5.9454  3.8482  40.001  4.6194  5.5506  5.754  31.368  13.1656  0.0077  4.8535  8.7644  3.8101  2.9888  3.5619  10.0188  10.1909  0.1231  6.4964  2.4374  1.4291  3.292  34.0767  
trainID = 172  2.9373  5.0826  0.544  0.9514  1.584  0.1227  37.3436  0.37  3.7602  1.4397  11.7215  8.4527  1.9053  4.0318  8.3308  6.1845  4.1437  1.3334  0.5474  5.9876  4.6969  2.0596  1.5143  0.1747  6.198  5.0648  1.1512  6.198  1.375  6.0759  2.8512  3.1401  3.3849  3.7008  0.2343  0.3923  0.9102  
trainID = 174  4.7756  0.8245  1.861  1.1777  4.1784  0.0175  0.541  31.652  2.0049  2.4715  4.715  2.4636  0.2499  0.508  5.7984  0.5987  0.8925  0.5298  3.8877  2.5677  6.7901  3.5643  6.3294  4.2127  1.2357  2.2737  1.7405  3.7299  0.4676  3.3725  1.1928  0.3847  0.2015  0.0607  0.5915  1.8158  0.0289  0.2416  35.754  
trainID = 178  7.1806  0.7161  1.5325  38.5574  31.6352  7.604  8.9598  2.4791  5.205  3.0315  5.3507  3.4874  2.7836  0.5918  0.1611  1.5282  3.3296  6.2768  11.4147  11.1197  3.8262  8.4017  10.7967  1.3935  3.245  4.7703  4.4929  3.211  4.2766  2.0767  3.8583  4.8406  0.4579  0.2019  0.644  37.5322  
trainID = 185  0.7431  4.7998  2.128  0.8098  2.9344  1.4723  37.7307  2.507  6.1632  1.1112  8.1635  8.5229  4.4452  1.6491  1.8262  4.2762  37.738  4.8607  6.8927  6.7309  14.3566  10.0284  14.5982  4.7638  5.6317  4.437  1.0514  4.3189  9.4568  10.8509  0.8092  6.2252  1.5335  4.7869  3.6543  34.1341  
trainID = 192  1.5807  1.8597  2.4504  1.5097  0.1384  1.1749  32.4105  1.355  1.5685  1.9486  1.7649  6.5815  4.8619  7.794  0.1849  1.4452  6.0675  3.8022  1.0774  0.3414  6.857  3.8618  4.2428  0.1456  5.8952  3.1332  0.4345  0.3667  2.4304  1.0072  1.2566  0.5439  2.0486  2.9299  2.1471  2.0508  0.6254  0.2502  
trainID = 194  1.505  4.3821  0.242  0.8831  2.6419  1.7004  35.3261  2.001  2.9763  3.3557  1.2247  9.7779  7.2418  0.1246  0.8126  5.4504  4.892  3.4513  3.3684  2.7034  4.9329  2.6469  4.2961  5.0164  3.5165  10.5292  2.7636  2.494  2.2519  1.4  2.6951  4.9661  3.2891  0.9454  2.887  0.2671  0.8632  1.8932  
trainID = 203  2.1503  0.8324  1.8197  3.5697  0.7697  1.8423  1.499  32.0765  1.1818  2.8121  3.9247  1.6906  1.925  3.0925  2.5767  0.3447  3.7608  0.2707  2.593  1.0219  0.6994  1.9076  7.0206  2.6302  0.458  0.4247  1.2285  1.7558  1.3456  1.16  1.0617  0.5906  1.4891  0.0333  2.2388  1.1798  1.617  2.5092  2.009  
trainID = 204  0.752  3.7176  0.014  3.2527  1.6918  2.3703  1.892  3.8615  2.3787  0.0262  0.8091  2.6949  0.091  0.4885  0.7192  0.9398  2.2872  1.1914  1.0354  0.5425  2.1259  0.4385  5.054  10.1493  3.8603  0.2801  7.6596  0.4123  3.4136  3.106  5.6555  5.2683  1.121  0.263  2.0298  2.0728  4.7725  35.1931  
trainID = 205  2.4129  3.5114  0.225  0.5678  0.2303  0.2643  3.404  2.313  3.952  0.4794  0.6231  3.3843  5.0071  1.4043  0.3746  1.8873  2.6691  1.1494  2.9554  3.3564  3.6123  0.5886  1.7769  3.3344  0.201  0.2967  2.2697  0.3864  1.5323  2.6835  0.2658  0.5472  1.8311  1.067  2.8718  3.133  3.3424  
trainID = 210  1.0917  2.4758  3.0387  2.4827  1.0626  0.2656  34.7609  4.1319  1.6186  3.1927  0.1607  7.219  2.2835  3.4454  6.0994  5.8259  3.061  0.5399  0.341  12.8289  0.2661  13.0364  5.5386  7.6568  3.1281  1.5435  2.6121  1.2982  3.4741  3.3839  1.1947  3.7958  3.3597  2.7802  1.6893  0.5021  3.1508  
trainID = 216  6.8129  0.6492  6.7911  5.1508  4.3516  4.5722  34.1845  2.372  3.7637  3.2415  4.8741  37.0435  3.6898  21.3279  0.4787  4.9776  13.0683  5.1877  2.7764  1.7304  10.8103  3.4934  4.4789  5.2171  9.3376  0.0283  0.2719  4.8531  2.499  2.9222  5.8749  1.1939  3.8835  4.9962  3.6628  3.8918  3.492  2.746  
trainID = 220  4.3057  4.9353  2.6488  1.6632  2.2195  4.312  36.9272  3.759  3.7788  4.0931  1.6977  16.9412  0.4748  4.925  2.0335  0.2027  10.5857  5.4879  0.1737  0.6594  5.7703  3.6281  1.1086  2.7975  1.6297  0.6032  0.0783  1.2473  2.7504  1.6125  4.5439  3.4902  0.3875  3.5883  3.2896  0.6031  0.9144  2.5883  
trainID = 226  7.0113  0.8683  0.129  2.0547  0.5515  0.3963  32.6904  1.1196  8.7413  4.4179  0.9056  3.8272  1.7463  2.0669  2.0913  2.2622  1.4312  3.6705  3.3352  10.0676  6.1183  23.0867  6.2111  1.2107  7.4053  0.0541  0.3702  3.1784  2.2511  1.4809  5.2884  4.2192  2.3441  1.4783  4.3638  2.662  2.7403  
trainID = 229  0.5644  4.1139  1.3687  1.0436  0.6665  1.8093  34.8988  1.4286  5.1357  1.4431  5.2562  3.3957  1.2119  1.0606  2.9047  5.0262  5.4725  3.2984  0.0035  3.1839  3.9422  2.9397  3.1354  0.4202  6.7963  2.1514  0.1171  3.7614  1.1058  4.6559  2.4557  0.1264  0.587  0.7133  0.5446  0.1742  1.8298  1.496  
trainID = 231  9.0805  0.7019  0.336  1.9307  2.6774  1.1793  33.023  5.1519  9.1813  3.1677  6.1553  1.8438  3.9868  1.6946  4.0457  0.7389  0.2003  0.7541  4.2238  18.2595  14.1592  19.2926  4.9052  3.0896  8.0749  2.4795  3.5634  5.4131  3.0455  0.8818  3.5228  3.1784  2.9258  4.1317  2.2618  3.123  3.4965  37.3856  
trainID = 236  2.8838  5.6799  0.035  0.9878  0.4836  0.7097  35.2769  1.0819  5.1579  2.1073  8.5086  11.7734  0.4855  2.5675  5.496  6.9288  5.1903  3.0254  2.2054  5.2616  5.7412  5.6677  4.7606  5.4568  11.0637  4.6365  2.6599  6.299  3.3773  6.2579  5.8128  5.4743  2.7064  5.6379  1.1447  0.6833  2.5845  
trainID = 237  2.7491  5.6851  0.7645  1.8659  0.464  2.429  37.4294  2.214  0.5654  5.4591  0.0147  11.8326  5.9828  2.6524  4.3374  3.6947  6.1834  4.0491  1.9974  0.5414  5.9515  3.6348  3.4616  0.154  1.7218  5.8166  0.8993  2.1561  5.7319  0.3594  5.6949  6.6294  3.1519  4.2062  6.2656  0.1955  1.18  0.9245  0.239  
trainID = 240  2.2743  3.3016  0.441  2.0706  0.0892  1.968  36.4995  3.503  1.2467  3.9672  0.9627  8.0418  5.1644  2.0524  2.8885  1.9475  3.5628  5.8587  0.1215  1.7674  2.4393  5.081  1.8329  3.9856  1.3771  7.1645  3.1574  1.6824  4.6334  0.4239  4.4279  5.0268  5.3271  0.8242  3.9227  0.8693  1.299  1.0615  
trainID = 241  5.4724  1.4094  4.3466  2.2715  3.4527  5.0263  35.0915  34.0128  4.3586  1.3084  2.758  10.8592  1.1656  25.6949  1.0779  7.3699  14.0501  5.0491  1.6444  0.9938  17.0854  5.5899  12.2497  6.4069  8.8625  2.1018  3.5125  6.3413  0.9013  5.4848  3.9239  2.5974  6.9931  4.7022  5.3352  36.7933  
trainID = 243  2.4132  3.4252  5.2717  0.5106  1.4796  1.3811  34.146  3.9235  1.3664  4.1509  0.2051  3.9361  1.9553  2.2265  4.3191  8.1499  2.7844  3.4183  3.3812  13.6636  0.0683  13.9428  6.4331  7.567  6.0703  1.2855  2.2749  0.3289  3.9027  3.5299  3.8211  2.9214  0.4209  0.9248  2.5498  2.784  3.1924  
trainID = 244  2.9359  6.1728  2.953  0.1816  0.3461  0.5113  37.6672  2.9183  2.8453  2.2223  7.0675  0.7862  2.7754  3.7524  1.7503  4.8865  4.9143  2.5824  1.5714  5.3825  2.0361  4.1072  2.7631  1.9828  3.5669  0.4725  1.2039  1.5086  1.0638  2.3923  0.7211  2.387  0.8823  2.5088  0.8748  0.7173  1.6235  
trainID = 262  2.849  1.9117  0.5866  2.7487  5.856  2.7873  3.058  3.6812  4.2624  3.1767  3.543  4.1324  2.3327  3.5204  1.0707  0.3888  2.2472  2.9608  0.9116  4.8912  4.4938  5.5946  1.1139  7.5161  5.8022  0.2135  4.0601  1.6612  5.1343  0.5976  0.698  2.1543  0.3832  3.7805  2.0118  0.6838  1.7357  35.8052  
trainID = 264  2.9492  1.3804  2.385  0.3074  2.5545  1.5523  33.3402  0.5764  2.6356  1.803  3.2837  0.4472  4.135  0.6797  2.7673  4.1283  1.327  2.6954  1.8264  3.1794  4.2886  1.2436  0.1611  1.0006  3.6272  0.4365  1.1665  1.6176  2.036  4.4789  2.74  0.0914  0.5825  3.1202  4.9998  2.089  2.5073  0.437  
trainID = 268  0.0783  0.8568  2.958  0.0213  1.6729  3.5826  34.2878  31.6022  1.4028  2.1872  0.3365  3.0773  7.6353  4.0061  1.3799  1.5082  8.0751  4.8193  0.3621  0.2251  5.2087  3.1432  5.965  3.3172  4.5721  0.8611  0.7169  0.8184  0.5455  0.1813  5.5909  1.2958  3.8937  3.0254  1.3972  2.9018  2.126  0.0884  0.233  
trainID = 270  1.5789  3.0049  2.3503  0.9793  0.9152  0.6903  0.14  0.8277  0.3566  0.9709  0.5607  1.2562  0.0661  0.2248  1.1197  1.5429  3.0034  0.5129  1.0374  1.1414  2.8325  0.2731  2.7219  2.1694  0.7518  0.9476  2.7722  1.371  2.3231  2.3161  2.817  1.3107  1.7961  0.661  1.4947  0.2122  0.3905  35.3159  
trainID = 272  1.228  1.9591  2.3811  0.7351  0.4852  3.5515  32.3716  1.0639  1.1441  2.697  1.3946  6.8558  2.0537  1.9413  4.31  5.5368  2.4786  1.5624  2.5832  7.3307  2.218  12.1056  6.5523  2.5556  0.9759  0.3835  2.6791  0.8503  3.3607  3.6159  3.8034  2.6094  0.5786  0.2627  0.0044  1.456  0.0544  1.14  
trainID = 274  7.3262  3.7083  2.6338  3.3577  1.0352  0.5157  33.2597  4.0634  4.3772  5.8691  0.1434  2.5217  1.1461  2.5243  4.1585  5.1422  4.1548  2.8823  2.7393  12.5535  0.0801  18.7637  5.4949  3.833  5.6044  1.4905  0.5742  1.6046  4.0296  4.1739  3.7355  3.6245  1.3879  0.9085  1.8608  3.606  2.8668  
trainID = 279  6.261  0.9257  0.6036  1.7267  1.2144  1.3766  0.194  1.356  1.9258  3.497  1.2433  5.236  2.0453  1.1358  1.3094  2.3875  0.7779  0.9215  0.3323  0.3794  4.4572  1.8789  7.0182  0.4942  6.4825  3.3876  1.1935  4.8326  1.3413  2.0987  1.4403  0.2232  0.4828  2.4147  1.8747  1.0171  1.0967  0.6623  36.2537  
trainID = 280  7.2088  3.9836  1.5254  1.4023  0.3185  2.8935  37.0088  1.423  0.733  3.1778  0.3167  15.9376  5.0377  6.9457  4.0217  3.3481  9.1185  5.5502  0.5593  0.0032  8.2196  6.2321  1.4984  0.2876  3.059  2.2931  1.7047  1.54  4.9967  0.7663  6.0859  3.6486  0.6042  3.7561  6.0372  4.1538  1.764  1.2856  
trainID = 281  3.9004  5.4856  0.173  0.1824  2.4176  0.7543  2.736  2.5397  0.3789  1.0908  4.6056  3.3185  1.7889  0.4804  0.2776  0.2832  0.9055  2.6538  0.2752  4.1282  0.8914  2.7509  0.9827  8.3233  3.1579  1.6721  6.8312  2.9833  3.0076  1.6179  3.1736  0.4598  2.777  2.6883  0.7127  0.8665  0.6703  37.5091  
trainID = 284  3.1096  2.7244  2.9402  1.4586  0.3994  2.3498  36.376  1.923  0.4944  1.739  1.662  9.7426  0.6564  6.7682  0.957  1.2083  7.8591  4.6146  1.8124  0.0181  4.9128  3.0482  0.4702  2.4234  0.6787  2.2568  3.157  1.4123  3.2091  0.2541  4.9709  2.0589  1.3798  0.2748  2.2951  1.4364  3.048  1.7165  
trainID = 302  0.4621  3.0016  1.131  0.1146  0.1452  0.207  2.186  0.9266  1.0667  2.4454  1.4187  1.6104  2.5077  2.0735  1.341  3.8671  2.7696  1.5974  0.5714  1.5032  1.3607  1.865  0.4333  2.586  0.6737  0.7565  1.0089  1.1247  1.6144  5.7849  0.6625  1.6691  4.1342  0.1492  0.055  1.813  0.4121  
trainID = 309  7.3887  0.8654  1.365  1.3224  0.6381  2.2833  30.9181  2.2489  5.456  3.7009  2.2638  0.2409  4.7372  2.5377  0.2233  0.5007  2.2565  1.2873  0.8889  7.7669  5.6828  7.9061  2.199  4.0803  3.5452  1.0445  1.8367  3.3261  1.2797  0.2718  1.9615  0.1654  2.2205  2.113  2.7298  2.296  0.9896  35.9329  
trainID = 318  1.9138  2.7914  3.4387  0.5304  0.7191  1.9243  32.7525  4.6804  0.5803  4.0914  2.2583  6.6548  6.2495  0.7917  2.6108  9.7891  1.0218  0.3739  1.8348  9.9079  0.9987  9.9726  6.235  6.5217  3.5401  0.3795  2.9197  1.1831  5.1045  4.0119  0.9752  4.3379  4.4402  3.6424  3.3228  2.516  3.1371  
trainID = 362  1.9291  2.2082  5.7253  4.5482  3.9199  5.0143  32.3514  36.8131  3.5162  3.2462  4.4608  11.5237  0.207  28.1204  0.5299  6.1257  15.6241  9.108  1.2154  0.717  14.7059  6.7397  8.7757  5.522  8.7608  2.5396  0.5055  7.4683  1.5178  6.5238  7.6819  0.3535  7.3071  2.1082  4.4823  36.1893  
trainID = 368  3.1801  6.1239  2.124  0.4844  1.3548  1.7728  36.8644  1.5539  6.3382  1.463  15.7359  8.2158  2.2239  4.1608  4.8756  9.8047  5.0155  2.7444  3.1524  7.8982  7.4199  4.7169  1.1409  0.4882  3.0078  4.0174  1.0555  5.3016  1.4826  7.0359  5.3236  4.8422  2.6899  4.4349  1.3802  1.638  0.0914  
trainID = 375  5.0067  1.1952  0.8902  0.7203  3.3975  0.3303  30.8384  0.2593  5.1442  3.6527  1.9027  2.3925  1.4614  3.8674  3.1394  0.9513  2.9085  3.6923  2.4146  1.6545  4.7903  16.2905  3.1564  0.8791  2.0077  0.4725  1.3233  1.0654  0.2081  1.2014  2.5586  0.5373  0.0299  1.7938  2.2368  2.31  2.5334  
trainID = 377  0.2186  3.1133  0.066  2.2457  1.1359  0.6863  35.5586  0.7764  5.6512  4.6023  5.3936  6.8993  0.974  0.0259  2.0153  4.4743  5.0466  2.0354  0.5377  2.995  2.4111  3.2901  6.9297  4.2068  12.8167  3.745  8.4322  1.986  2.5956  4.2989  5.2826  6.5565  0.2532  2.6649  1.8524  0.8752  3.6601  38.1552  
trainID = 384  2.676  3.8632  1.183  3.3167  2.338  3.4333  4.1232  2.7121  2.4493  0.0314  7.9658  3.6841  1.7071  3.9734  3.1781  3.5927  1.9614  1.3814  0.7717  3.5803  0.031  5.8677  20.8983  5.0889  3.3315  9.451  1.9555  2.321  1.0762  6.2763  8.8269  3.8814  1.1169  3.2897  1.9136  1.35  37.4616  
trainID = 401  0.0095  5.5713  0.382  2.5827  0.5302  0.9849  2.278  1.9404  2.5691  1.1743  3.7992  3.6975  0.059  0.0954  3.9864  1.9775  2.0038  1.9034  1.4576  0.4378  0.5097  3.0481  4.4914  6.4973  6.0113  0.3951  3.7354  0.9252  1.1842  2.1371  5.5627  5.3129  0.8585  3.3596  0.0825  0.0422  2.51  35.3477  
trainID = 403  0.4782  1.7847  1.027  1.8527  1.7731  0.2218  1.77  2.029  1.0512  3.514  1.768  2.5456  0.0164  0.9537  0.6473  2.1138  2.4646  3.3732  0.3191  0.3364  2.7093  0.1623  1.5384  0.5902  1.7666  3.1865  0.162  2.2315  1.3537  0.9931  3.7209  0.8907  2.159  0.5778  1.0606  0.96  1.1874  2.0132  2.379  
trainID = 406  4.5377  3.213  3.474  4.0417  2.9707  0.9273  1.587  5.0482  2.0193  0.6306  7.4007  5.3731  5.5907  1.3038  0.2947  0.639  1.2575  3.5094  1.9374  0.3109  0.1779  2.2147  0.9381  16.3372  9.4233  0.1604  8.0042  4.1023  6.3956  1.979  4.8351  5.8742  2.331  2.3347  3.1187  2.1795  0.8253  37.0185  
trainID = 421  1.6407  1.0444  3.9778  1.9637  0.9794  2.217  0.502  33.0329  3.1037  1.2187  4.9616  3.3947  6.6182  5.1589  2.524  3.4331  8.144  3.5333  0.2406  0.7884  4.1891  0.8204  9.8323  2.5391  4.9212  1.6975  1.2055  0.9649  0.8655  0.9605  1.903  0.8163  2.4721  0.7236  1.3811  1.7628  0.4686  0.7648  1.368  
trainID = 437  0.1593  3.5553  4.4912  1.2099  0.642  0.4042  0.528  32.8181  6.0837  2.5054  5.702  1.2558  4.412  3.1479  2.0147  4.17  9.3349  1.1557  1.7708  3.4276  13.4205  1.7514  17.9003  7.9206  7.1215  2.9722  2.3005  2.3507  0.3012  5.1369  1.0885  4.0254  4.2031  0.5886  1.4308  5.1378  4.213  2.192  0.336  
trainID = 438  2.0019  3.4942  1.896  0.5317  0.0136  3.6173  0.128  2.6445  1.2381  1.2537  2.2036  4.3833  3.936  1.9768  3.2746  2.8578  2.6108  1.8054  1.0674  1.8195  2.4694  4.5894  7.3074  12.3836  6.0119  1.5616  7.0495  1.52  2.7063  3.2879  5.307  5.075  0.6468  3.3374  0.1032  1.0322  2.0905  34.2776  
trainID = 446  2.863  0.7143  0.5224  2.0228  0.2394  0.5023  1.849  32.2253  0.1187  0.6629  1.0309  1.2879  5.272  0.7273  0.4693  3.1356  2.7679  1.8354  3.7789  0.722  2.8928  1.3874  6.7323  5.7372  4.1042  0.7411  0.6295  0.0665  1.0945  1.0896  3.6239  3.3863  1.3676  0.8496  0.849  1.7098  0.9813  1.2394  
trainID = 456  2.822  6.9979  0.619  0.9595  3.9536  2.3644  35.8822  2.1013  5.51  2.3563  8.1443  13.0861  1.8991  4.8837  7.2276  5.7507  3.7997  4.2524  2.5904  6.069  5.1378  5.9993  10.3604  10.9874  12.1714  3.904  7.8955  4.6962  0.2012  8.1679  8.4927  5.1458  0.1111  3.6213  2.3865  1.6874  2.3881  32.6143  
trainID = 465  3.0377  1.9383  1.7171  1.6687  2.2357  0.5253  34.1852  1.0008  1.5635  2.5102  0.5503  4.4613  1.2028  1.1197  0.8469  3.9806  0.1107  0.1746  1.0194  1.4846  0.6229  8.2299  2.2998  5.5367  0.0013  1.1255  0.5653  0.1176  0.9327  1.4246  1.0631  0.324  0.6813  0.2141  1.9568  2.38  0.9527  0.98  
trainID = 467  5.2389  3.4659  2.3322  0.538  0.3867  1.7081  35.2004  4.9641  4.7504  4.4916  1.0682  2.279  1.8997  2.6808  4.2001  6.5665  0.2397  2.7551  3.5416  13.5482  1.2994  16.2415  3.9752  7.9803  2.0339  1.9055  2.4135  0.2943  3.5087  4.4919  1.3744  2.3846  3.1215  1.3936  0.6494  2.006  3.0943  
trainID = 469  6.9872  3.9017  2.7513  2.1217  2.2887  1.4673  34.1298  1.261  4.7975  4.9902  5.2506  0.7926  1.094  2.9638  2.7117  2.902  1.2137  2.3848  2.2035  1.0005  5.7052  15.9815  5.3392  1.3499  6.1558  3.9345  1.422  2.7443  1.4054  1.2458  4.4317  0.7315  2.732  0.7846  1.4613  0.7452  4.1445  0.931  
trainID = 471  1.2665  1.756  1.8  1.256  1.5983  1.6641  0.386  2.375  1.1008  3.6859  0.1408  5.5341  2.9817  1.1117  1.4713  3.7547  1.7797  3.9377  0.56  0.2725  1.3038  2.1084  0.8318  3.8926  0.855  4.4151  2.6747  0.8144  1.8237  1.077  4.0319  2.2301  2.4219  0.7786  0.1816  0.4985  0.3652  2.8216  33.4975  
trainID = 474  2.1723  0.5944  0.68  2.6537  1.2513  0.2623  31.1401  1.3825  1.7002  1.8886  3.2522  0.2115  2.3947  3.007  0.1326  1.2361  0.2738  0.2388  1.1611  4.3402  3.9857  3.2991  0.1041  6.0684  4.0709  1.3205  3.3575  1.3155  0.7117  1.0731  0.6277  1.4343  1.8186  0.1182  1.412  2.023  0.0503  36.5211  
trainID = 477  2.6667  1.0073  0.185  2.2777  2.217  2.1143  4.8529  0.3856  0.1326  3.9016  3.4146  3.5672  1.5744  0.3021  0.394  2.3034  0.8926  2.7164  0.55  0.5166  0.1637  0.8833  9.3838  1.9925  0.2247  5.0032  0.337  4.6346  1.4154  2.1369  2.2452  0.6138  2.8185  1.318  0.0083  1.0793  39.9417  
trainID = 483  0.8117  3.719  4.1999  3.2708  1.3001  2.5382  0.067  31.4431  5.3595  1.3244  5.8417  5.7035  8.8391  8.0518  0.263  3.4264  8.8409  4.9237  1.4384  1.0859  14.2297  2.5178  11.1184  6.0895  8.0472  0.5113  0.3705  6.1376  1.2898  5.9149  2.776  4.0364  5.9241  3.4269  2.0831  34.3403  
trainID = 489  1.6401  0.8741  3.6612  0.2064  4.9258  4.3542  34.7393  0.054  0.4092  1.9629  2.6475  8.3431  7.6547  9.806  1.1521  0.6325  9.108  5.3151  0.2444  0.226  9.789  3.0232  4.7459  1.6613  3.5678  1.7225  1.185  3.6739  1.1802  3.1603  3.4249  1.3444  2.2213  3.7446  3.9684  4.9188  1.568  0.5236  
trainID = 493  5.6616  3.396  2.0585  3.0027  4.6204  2.5006  34.0294  2.693  1.7445  1.2796  1.0853  15.4563  5.9704  10.3335  1.1781  0.3789  11.9856  6.0449  2.0884  0.014  10.2417  5.5079  3.0932  2.4577  4.6519  0.6267  0.0976  4.3587  3.3662  1.7324  6.8839  2.3086  1.5254  2.7725  3.8914  2.2828  2.764  2.8076  
trainID = 497  2.6017  5.5702  0.624  0.0869  2.0133  2.3073  1.817  2.1833  3.0406  3.7273  0.9337  4.7944  3.6216  1.6898  2.9795  1.9743  2.136  1.4924  1.6564  0.1234  3.4006  0.4838  4.0434  9.48  1.9215  2.355  7.0975  2.0186  3.7213  1.7008  2.8201  1.899  1.1822  0.3951  2.8711  0.805  2.3915  36.8717  
trainID = 502  11.0075  1.6305  4.304  39.1694  28.4469  6.3055  10.4921  1.5553  8.7674  1.9738  4.277  3.1914  6.3886  1.0671  0.265  4.5516  3.6277  3.9557  18.8437  7.0095  4.9593  9.9791  17.81  3.2355  4.5142  5.9808  6.2735  0.8547  1.9797  3.4646  4.0773  6.2715  0.1662  0.7274  1.3229  34.7918  
trainID = 505  8.4162  1.8384  0.131  2.3837  3.8305  0.985  32.0297  5.5782  9.8791  2.2171  6.4157  1.177  0.9103  4.6224  4.3805  1.2641  1.2355  4.0057  4.1238  16.3281  19.1583  17.0092  4.461  1.8662  7.5879  2.8575  4.9061  4.4531  3.0396  0.1492  7.95  2.1897  0.0519  3.6278  2.0778  1.734  0.0657  36.2808  
trainID = 507  3.2158  3.2829  7.2066  2.887  2.1942  4.6065  31.6507  34.6224  6.1515  1.1106  2.8378  14.0059  2.5527  32.0221  1.7733  5.6209  15.466  5.2483  1.1304  1.8739  16.0963  5.511  6.1736  8.3366  9.7296  0.0272  1.8795  6.9343  4.4554  4.4836  4.9229  0.286  5.8381  2.949  4.0457  35.6243  
trainID = 508  1.5632  6.0269  0.323  1.1161  2.2885  0.6749  36.4471  2.0164  4.3028  1.6854  11.8879  6.0912  1.7813  4.3061  5.9955  5.4362  5.8764  4.9294  2.1104  4.2888  5.374  5.6112  4.8138  2.2512  7.8162  3.0875  1.7309  3.4894  1.8297  4.4599  5.9096  3.6356  1.351  4.6206  1.0787  2.3178  1.2981  0.766  
trainID = 516  2.7876  4.468  0.099  1.8807  2.3449  0.7685  2.878  2.8297  3.1862  0.4686  4.165  2.466  1.8258  0.623  0.5566  2.361  3.2136  1.5314  0.6124  0.3531  4.0205  0.8536  6.908  4.8751  7.749  0.7072  4.671  0.2435  4.0711  3.3318  7.4973  4.5427  1.0735  1.809  0.4882  0.6043  3.4868  35.388  
trainID = 531  0.9677  1.6966  2.6373  0.9735  1.2405  2.1593  34.1522  0.851  0.9159  1.7344  1.0669  3.6791  1.6858  3.9998  1.3112  0.339  5.7419  4.3066  0.9869  1.3116  6.4243  1.5844  1.7651  2.4072  3.6526  1.3935  1.8025  0.0149  1.3209  0.8836  2.5288  3.2644  1.7125  1.9451  1.758  2.1908  0.8442  0.4116  
trainID = 546  1.1928  6.5398  1.447  0.4322  3.2214  0.0556  36.0741  2.8355  6.8252  0.2917  7.1166  8.4117  1.376  1.0863  5.0205  3.6195  3.3173  2.9464  0.9994  3.1641  5.2619  3.7484  12.9369  10.4763  16.1388  4.0274  8.0495  1.6798  1.6712  4.4749  7.5837  6.4822  1.5993  5.5251  0.6933  1.6348  4.9282  34.2453  
trainID = 550  0.7732  3.9532  1.093  0.5457  2.8252  0.0989  35.3978  1.359  1.7964  4.9422  1.1172  4.5579  7.0905  0.0952  1.0767  5.0966  5.3876  3.5939  1.9454  5.0394  4.4047  6.3234  3.0411  8.4157  7.0037  12.2131  3.7665  5.2851  2.6419  1.1765  3.1158  8.2374  4.9605  3.9812  3.8112  2.8611  1.2185  1.9644  34.8003  
trainID = 553  1.918  6.1877  1.4635  0.9768  4.8298  2.287  35.0948  0.1122  5.6051  0.0847  9.9989  10.9553  1.8545  5.5148  5.3666  5.5368  38.115  5.912  6.4278  3.8682  8.5914  4.9876  9.7211  3.5527  5.1532  9.5759  0.8914  4.2639  8.0677  7.9204  0.5585  6.0935  0.6331  1.7606  2.457  2.058  
trainID = 562  7.3182  0.975  0.867  38.1824  31.4279  9.1889  10.2613  2.0143  7.8203  1.6813  4.1168  5.0864  4.4553  2.2431  2.1776  4.6458  2.7509  6.7216  21.5921  10.8846  5.1428  7.9207  12.5138  3.5345  1.115  7.0295  4.786  2.3924  3.5088  2.4496  2.1216  5.2489  2.4498  1.669  3.2612  41.0419  
trainID = 616  0.1992  2.5582  3.5823  0.7354  1.2305  0.6568  2.501  1.2258  1.0551  3.8038  0.048  5.7283  4.3757  0.0835  0.968  3.6232  2.9659  2.612  1.3709  1.3059  0.3903  3.9761  2.9804  2.0619  0.3564  0.4385  0.3563  0.887  1.7345  2.9386  1.2247  2.7226  0.7881  3.3605  0.8322  0.8223  1.3978  1.557  
trainID = 631  2.1346  2.098  3.5118  3.2966  0.2421  0.5673  0.221  33.0742  7.9132  4.1432  6.4126  1.0371  5.0061  6.3966  3.3244  7.7545  8.2781  2.9439  0.9931  2.5563  15.3585  2.2709  13.0261  5.8022  7.8663  2.4744  0.4055  5.7357  1.0141  7.611  5.0799  4.8183  5.1711  3.9682  1.5018  37.9883  
trainID = 632  5.3808  5.0763  1.773  1.6053  0.5848  2.1931  37.0959  3.654  3.0644  3.3346  0.2092  16.6728  11.0974  3.3552  5.1263  3.8681  9.6124  4.4615  1.9144  3.0444  7.4406  5.6326  3.6214  2.0162  0.4573  3.1231  3.7828  2.995  4.9513  3.5857  5.1179  4.4168  1.2292  2.0903  5.2427  0.2835  1.0303  1.1014  
trainID = 633  7.3154  3.9051  4.8066  1.7881  4.4172  4.5102  31.3395  32.852  3.3413  0.5484  3.2107  13.7556  16.7269  16.8181  0.4955  5.6412  12.5163  6.8253  0.4561  1.2574  11.9747  5.5476  6.737  5.9086  7.0866  4.7771  1.1525  6.4323  2.3292  5.8128  4.1469  3.1605  5.4381  4.9572  2.9507  1.1853  4.424  1.7597  
trainID = 644  4.4572  2.0389  1.809  2.9147  4.9264  1.0041  3.302  3.8023  2.8504  0.2202  5.039  0.0352  4.8898  1.226  1.2952  2.3751  0.9063  3.6598  1.3084  8.8465  4.7513  4.7775  3.9765  9.5865  10.544  0.7685  5.9694  5.8233  5.0041  0.593  2.7996  1.7134  1.4871  6.6203  1.663  1.2513  0.9329  37.1652  
trainID = 647  4.7473  2.0646  1.4123  3.4837  1.8829  2.3933  1.275  1.2787  1.2201  2.8927  2.1325  1.5329  0.5852  1.2834  0.8135  0.9168  1.3032  0.1797  0.2667  2.6736  0.893  4.8478  0.4721  4.8892  2.9124  0.9245  3.6959  2.7182  2.8608  2.8445  0.1541  1.3065  1.9693  0.5697  0.3655  0.0174  1.3126  36.7478  
trainID = 664  1.6195  1.7312  2.1896  0.4975  0.796  1.167  36.0215  1.865  2.2548  1.6274  0.1052  5.208  0.0243  3.4995  1.7201  0.662  6.3146  1.37  1.546  0.6544  2.5253  3.7841  3.057  0.6641  3.7731  3.593  0.3945  0.7192  0.6463  0.427  5.9749  3.8334  2.8614  1.3956  1.6553  2.8928  1.943  1.3393  
trainID = 668  5.3933  0.8843  1.5998  2.3427  3.1958  0.6339  2.162  3.908  3.0058  0.7804  1.7943  0.6897  4.4107  0.0145  0.1305  0.9566  0.494  0.2327  2.2788  3.2136  2.7976  0.1944  0.9244  10.3837  2.5271  0.1172  4.1061  2.1727  1.7242  3.7429  3.2158  2.1524  0.5314  2.0492  0.6252  1.5432  0.1058  36.4875  
trainID = 686  1.9169  1.0383  2.1853  0.0248  0.4168  0.994  32.9294  2.391  1.916  3.4347  3.6472  7.0003  3.748  1.6916  1.0871  6.7402  2.0486  2.2075  2.1028  7.741  1.6242  7.3891  4.965  6.9323  0.726  0.2198  0.5207  1.1866  0.7907  3.3032  0.0998  4.506  4.6192  1.0675  2.1438  2.175  1.4306  0.109  
trainID = 696  1.7934  2.5841  1.3426  0.0203  1.3259  0.3778  36.4265  0.917  0.3916  2.6955  2.625  12.5299  2.7242  6.9341  0.7742  1.3818  6.3874  6.5227  1.2184  2.5674  7.0001  2.5693  3.775  0.3169  2.6674  1.5093  1.5653  2.2019  2.2397  2.6764  5.3899  0.7159  1.8661  2.9826  2.5564  3.2368  1.701  1.3936  
trainID = 697  2.1985  4.8908  1.234  1.8287  4.4805  0.7333  35.4174  2.9356  6.4032  2.9313  7.888  7.1296  2.1685  2.9973  4.5849  6.7377  5.3399  2.7974  2.4294  3.7963  4.2567  6.4336  7.0726  7.3831  11.6013  4.7236  3.929  4.4423  0.4992  3.2908  6.1194  7.5996  1.5191  4.8425  0.5855  1.3715  2.7448  36.0234  
trainID = 705  1.8459  4.0049  0.159  0.9748  4.4353  1.2631  36.9886  2.9488  5.6148  1.459  10.4811  9.7276  2.5413  3.0659  7.1881  4.8268  5.1827  2.4774  3.9354  5.8603  5.6802  7.043  5.4586  6.0683  9.9444  3.566  4.854  5.3554  2.4197  5.3239  7.6449  6.871  1.1924  6.5605  0.191  2.7575  2.9234  
trainID = 726  1.8632  1.5725  0.6275  0.499  0.6277  1.5592  35.1357  0.475  0.7397  0.0075  2.211  8.0369  3.3773  2.9872  0.9714  1.6252  4.5813  4.2958  0.9826  1.1444  4.2209  1.5788  0.5735  2.1835  2.793  1.9928  1.0977  1.3412  2.0974  2.1363  4.8809  1.6944  0.5101  3.9492  1.128  0.9654  3.35  2.1136  0.067  
trainID = 758  2.6041  3.8642  3.7503  0.5093  3.486  1.7614  1.054  3.528  0.3731  4.5289  0.5261  2.3912  0.4876  1.2822  0.878  0.4075  3.8587  3.2523  0.6076  0.5098  3.1605  1.8101  0.8019  0.7181  0.3384  3.1597  2.0911  3.0532  3.827  0.5875  1.8125  1.4537  0.5167  0.6761  2.4268  0.9463  0.2321  0.5761  0.761  
trainID = 770  2.0585  4.8022  0.032  1.7567  2.8562  1.8361  2.302  3.4511  2.4799  1.2012  1.0051  7.1658  2.7026  0.8048  0.7146  0.7525  3.1693  2.2774  2.3584  2.1075  3.5728  6.0649  7.6889  22.4673  0.1187  0.9424  8.8296  3.5715  6.1429  1.8964  10.0348  9.2326  1.4184  1.4471  2.7787  3.4722  4.3158  37.6284  
trainID = 791  0.0756  1.3017  1.4957  2.2397  0.1814  2.2021  36.5863  2.628  2.6901  2.8642  0.9094  3.178  1.8409  0.0489  0.8322  4.3274  3.0246  2.4485  0.0407  1.4804  2.031  0.3838  2.6925  2.2779  1.2576  5.8686  2.7778  1.7506  2.9969  0.2389  2.5138  2.9326  0.6465  0.1601  1.9098  1.1232  0.6725  0.9088  0.766  
trainID = 792  1.9149  2.298  1.0028  1.9994  0.4481  2.7  0.007  33.7799  1.4496  0.4903  3.3658  2.7352  10.5737  4.0294  0.5927  2.5554  5.8045  3.0742  0.6343  0.6797  9.1751  2.784  9.4977  2.9625  5.3653  1.4502  1.2345  1.0772  1.4032  2.7246  2.8987  1.5586  2.9808  1.2475  0.934  0.8314  3.572  2.2874  
trainID = 796  0.5615  1.6711  2.4643  0.7953  0.7138  0.1798  31.9466  2.6545  0.6411  5.3135  0.3914  7.517  3.0933  0.741  5.0056  6.4079  1.686  1.0754  1.3933  7.7465  0.2701  14.2072  6.0127  4.5858  3.3423  0.9155  0.7743  1.166  1.4405  5.1539  3.0024  2.3306  2.2049  0.3501  2.0498  2.521  1.6242  0.047  
trainID = 802  6.951  4.9768  0.47  2.9347  0.4247  3.3323  38.914  1.872  0.0866  4.6609  1.0574  19.4498  7.8433  4.304  3.0119  5.225  11.0087  6.3319  2.1244  2.6764  6.8561  6.7143  2.6455  0.416  2.6587  2.8828  1.963  2.0266  6.5772  0.8592  6.1859  5.5112  1.0766  3.0778  4.4988  2.0808  0.9233  1.6264  
trainID = 805  7.1143  4.8461  1.1762  1.9707  1.1756  0.0063  33.243  2.5028  5.1257  4.8971  0.4912  3.6066  1.1269  2.8666  5.0997  5.4857  0.094  3.9344  4.5955  13.4681  1.7212  18.2314  5.2962  4.5145  5.341  1.7335  1.8149  1.0022  4.7497  1.7235  4.1261  3.6816  0.2328  0.5834  1.7958  3.115  2.7245  
trainID = 819  5.9097  2.9384  4.5608  2.3515  2.7336  4.6438  33.696  1.8303  3.2587  1.4919  20.3255  2.7759  8.9875  1.4442  0.3507  13.2723  4.9873  1.7904  0.1598  8.879  5.4304  2.3103  3.365  5.2212  0.6464  1.9217  3.7206  3.9332  2.7404  5.5099  2.3191  1.443  2.9591  2.3651  2.0778  1.1047  0.6938  
trainID = 827  0.1365  7.7381  1.1331  1.6498  0.9754  0.3937  35.6289  0.6795  6.1832  2.4143  7.9097  5.876  1.122  1.4926  4.9363  5.2001  2.8979  1.5514  0.7514  5.0402  2.7346  0.9008  4.5475  3.2026  9.0832  2.7159  1.5917  2.6226  1.2898  5.4609  5.1558  4.1011  1.0982  4.417  1.1186  0.394  2.3831  34.5065  
trainID = 850  3.3902  1.4592  4.9804  3.7566  4.2104  4.5309  32.7168  34.9985  5.3531  0.4478  6.6362  10.1531  12.8928  14.1029  2.2768  4.8626  11.7623  5.8391  2.1864  0.1447  11.6738  4.7362  9.8193  6.6458  5.259  1.6296  2.2745  4.7625  1.2473  4.8773  2.5052  1.2966  4.3451  3.4282  2.5322  3.8598  3.457  2.0629  
trainID = 855  4.6643  2.509  2.2433  1.7341  1.3802  3.4027  34.351  2.392  2.0995  1.9321  3.1451  25.6278  1.5907  11.7627  3.0365  0.5948  13.9493  4.0655  0.3576  0.1589  7.8753  6.9391  1.9585  1.5941  5.8648  0.4744  0.3164  6.6113  2.398  3.5718  4.2519  0.1267  1.5761  1.0816  2.7916  4.6498  4.37  2.5407  
trainID = 859  4.9882  0.4999  4.0981  2.441  2.1051  2.5144  34.7266  31.8248  3.4796  0.338  2.5102  10.0567  16.7528  12.2379  0.7037  5.5029  10.0625  3.5358  1.9734  0.8374  10.4678  6.5477  7.9176  5.8633  5.2968  1.2338  0.8755  4.9885  1.802  3.4028  5.3199  2.5973  3.4012  5.1642  2.8051  2.1358  1.595  1.0993  
trainID = 860  1.882  3.1999  2.646  0.2384  0.8277  2.4963  0.413  2.5729  2.7008  0.02  1.372  3.3685  1.1831  0.3126  1.1358  1.2003  2.4157  0.8447  1.276  3.1648  1.5753  0.9172  2.0984  13.9708  2.6656  1.4891  6.6422  1.4477  4.4877  2.9016  6.1602  7.1306  3.2056  0.9417  0.432  2.7032  2.05  36.2934  
trainID = 864  0.1535  3.6013  2.4983  0.7915  1.4238  0.6103  0.638  1.111  0.014  2.3179  0.7466  2.7117  1.7555  0.1856  0.2449  1.9594  2.7076  2.5538  1.1254  0.6827  0.8463  1.7673  0.2524  1.5059  6.5856  2.5018  0.4783  5.1255  0.0036  1.2817  1.9667  3.5731  2.3459  3.168  2.6268  2.1763  1.476  0.9926  36.5688  
trainID = 870  6.1866  1.586  2.678  1.8527  3.7297  0.7413  34.8928  2.3418  6.318  1.4107  5.4948  0.6232  3.7585  3.1618  3.3441  0.4669  0.2214  2.9712  4.1193  9.983  8.9129  10.6389  2.5344  5.9526  5.573  0.7125  2.9836  5.4785  3.8017  1.2603  3.3489  0.0647  0.0967  5.4938  1.1761  1.025  0.6033  37.8477  
trainID = 884  1.1505  4.8536  2.1325  1.3827  3.2755  1.3641  1.272  1.9242  1.0132  0.5616  3.3564  2.2438  1.5965  0.9086  1.8452  2.3541  4.5705  0.9544  0.5438  3.5539  2.1842  1.9284  5.5239  2.6731  6.0122  1.9741  6.0544  3.9885  0.5454  2.6079  6.5791  3.5562  0.4291  1.7067  0.8379  0.187  1.1041  37.2865  
trainID = 889  2.0311  5.5131  1.569  0.1061  0.4007  0.3703  35.0075  2.951  1.6612  4.4793  0.1461  10.5468  2.4737  1.4941  3.6836  3.8461  2.4687  2.0092  1.5544  0.4172  4.0421  2.7418  4.3884  0.8858  0.9591  4.3054  0.2662  1.5809  3.7779  1.4361  3.5659  3.9349  1.1807  2.9797  4.982  1.0582  0.1651  0.444  
trainID = 890  4.8241  2.6301  0.42  3.0197  3.0963  1.1063  1.468  2.435  4.3842  3.4865  1.0948  5.9545  3.181  2.2722  4.4254  2.4983  0.1846  2.2523  3.2389  0.3664  5.3786  4.2271  5.8205  1.6765  12.6757  13.1521  2.1355  5.8293  5.7347  5.5279  1.9572  2.3876  3.5891  5.5572  6.4742  0.4442  0.2696  0.3442  38.2289  
trainID = 893  0.9512  1.0205  2.5837  1.6045  2.3795  0.9208  33.612  1.0279  3.4996  0.6692  6.5098  0.2475  2.7981  0.0003  0.5826  4.5901  4.5668  2.0374  0.4754  4.223  7.4036  0.9835  0.0739  0.3065  5.1714  0.7865  0.2769  1.3497  0.1505  5.1409  2.048  0.5532  0.1482  2.8935  2.6318  1.825  1.3821  
trainID = 906  1.7421  3.7127  3.814  4.4767  4.2506  0.8943  0.463  4.8277  0.0458  1.7013  1.6807  6.5541  2.2728  1.8089  0.2773  2.5292  1.9877  1.6234  1.5554  0.846  2.0339  0.5185  4.2316  12.8162  1.505  0.0869  7.4568  2.3775  5.0012  2.8179  3.8211  4.9351  5.5754  2.6962  0.0835  2.9644  3.1286  36.7279  
trainID = 912  0.8007  2.2469  1.3852  0.5534  1.7429  4.0537  34.2929  2.352  1.402  0.7011  2.2285  5.7397  3.5708  2.8204  0.0486  1.453  2.2015  5.7346  2.1214  2.5684  3.8067  4.639  3.3724  1.4398  2.7212  3.1375  0.179  1.0766  1.981  3.2184  3.2766  2.9376  1.8234  0.4928  1.3767  1.9328  1.344  0.3814  2.051  
trainID = 917  1.9541  0.1698  2.6204  1.3744  2.1269  2.9711  34.4734  34.0976  2.4911  0.6161  4.603  3.4114  8.5894  7.5746  1.4985  3.1688  7.8964  6.2342  0.7144  0.3155  8.649  2.6189  7.6649  2.7869  6.3216  0.7804  0.8505  2.9974  0.2017  3.441  2.86  0.7804  3.09  3.1207  1.6373  3.9318  2.947  4.526  
trainID = 920  5.9582  3.4308  1.2205  2.1899  4.1176  3.3363  37.2977  0.5542  4.1139  0.9354  19.6414  7.8092  7.5202  3.4964  3.7735  10.5802  3.591  2.6604  1.6744  7.8321  5.5948  1.4161  2.5534  2.4751  0.049  1.3575  3.702  4.9752  3.0608  5.7309  2.6387  3.2288  4.3042  4.8915  4.0298  2.344  2.6925  
trainID = 928  3.7019  4.2356  0.026  2.9657  2.9761  1.4663  0.135  3.7234  2.9701  0.4853  2.643  7.1749  3.8023  0.5069  0.118  0.1312  5.4861  2.2464  0.4021  2.2444  2.5412  2.9444  5.5018  18.7148  4.327  2.3612  5.9594  1.72  3.0326  3.3623  6.8916  8.9656  5.7167  0.9162  0.1325  0.4482  0.5055  35.9632  
trainID = 929  0.3268  3.2233  0.837  2.792  0.0944  1.9625  37.6989  3.722  2.4537  2.528  1.6542  4.5209  5.4093  4.8314  2.208  1.0298  9.7928  1.9078  0.2301  0.2274  6.9094  2.7605  0.0071  0.397  3.1188  0.62  0.9475  1.7258  1.4376  0.0966  3.6249  1.3717  3.7001  1.9139  1.6494  2.0958  1.881  0.5344  
trainID = 930  5.1566  2.7742  2.9137  1.7662  2.2063  2.0764  36.0231  2.6791  3.8494  2.0079  22.9786  2.0641  10.334  3.4606  2.7364  13.3808  5.7513  0.6072  4.5194  8.0174  5.7213  0.7629  1.1473  4.9257  2.0192  2.1525  1.8026  5.0946  2.496  3.1529  2.8228  0.0794  3.2269  4.1788  2.2788  1.1354  0.7327  
trainID = 931  6.7649  1.3993  3.018  1.9697  2.1214  4.0263  30.8396  5.278  6.2414  2.051  4.922  4.9163  4.4163  4.3244  1.2258  0.4467  0.8745  3.2304  0.1825  9.0458  7.4408  7.204  4.3025  9.369  10.0269  1.9665  6.8106  3.7567  4.5768  0.7924  3.2567  4.663  3.1516  4.5514  0.2207  0.9719  0.8448  35.6419  
trainID = 937  10.0785  1.0088  0.45  37.3494  30.5197  7.8177  9.9782  1.9275  8.7768  3.5377  7.0166  4.2824  4.2019  3.3071  0.2412  5.5993  4.3348  6.0659  30.2464  11.8069  4.1405  6.8584  12.9494  2.9495  4.2429  8.6688  4.1182  1.6824  5.7066  0.3675  2.0071  5.1665  1.3452  0.6072  1.9911  38.2119  
trainID = 945  6.401  3.0075  5.6805  2.3175  3.5654  3.2928  34.4243  34.3947  5.4476  0.2663  3.8839  12.5758  4.7785  27.9446  2.0848  7.1826  15.0776  4.6386  1.6384  1.3557  16.1378  6.6154  8.7117  6.5801  8.7315  4.3676  1.9855  6.6353  1.7331  5.1071  5.1349  1.7935  5.5481  4.9022  5.2636  37.0893  
trainID = 949  5.0029  1.9479  2.93  1.3156  3.867  0.9533  3.575  3.8282  0.4732  1.3335  6.0088  3.0743  1.8294  1.4847  1.2086  1.1101  3.6193  1.4044  0.5843  0.5906  1.7941  1.2164  1.5435  15.5273  5.2908  0.5415  7.1981  2.0978  4.8932  2.6506  3.175  4.0392  1.9714  3.0722  0.7849  1.523  1.4779  37.3277  
trainID = 952  2.9582  2.0049  2.539  1.1153  1.1781  0.6103  5.6873  0.1496  1.4666  4.8414  2.5925  3.8722  0.6558  0.2823  1.3731  0.1791  0.729  0.0178  0.5688  0.2662  0.5266  0.3871  14.2569  1.0575  0.8793  5.6596  2.6206  3.0375  3.3409  4.1481  2.3583  0.7511  0.9786  2.3179  0.1333  1.4853  37.2955  
trainID = 957  1.0465  3.1629  0.8399  3.2937  1.3392  1.1033  2.551  3.7534  4.3047  0.9966  1.1447  5.6428  1.4624  1.2816  1.3609  3.3066  1.111  1.1094  2.5264  2.6839  1.9248  2.3785  6.6386  9.9319  4.5934  2.7473  4.9998  0.4381  2.5342  3.7519  3.9021  6.2665  0.8375  1.2803  1.9877  1.5296  2.4233  35.0814  
trainID = 960  2.992  6.9867  0.9097  0.9376  1.8435  3.8094  37.266  3.129  2.0842  5.2125  1.4689  9.4791  10.0958  3.0805  3.3123  5.355  5.9902  38.539  6.4277  7.7296  6.7199  9.4134  7.6993  10.9561  5.3537  6.3447  4.6106  3.3248  5.4939  7.7783  10.4747  1.6619  7.0467  0.2952  1.133  2.0614  33.3757  
trainID = 961  4.8431  3.7089  3.0443  1.0077  0.8371  0.2653  35.582  3.8108  1.8374  8.6416  0.2474  1.2151  0.8884  4.8364  5.4972  5.5457  2.5112  1.8122  2.8156  16.7755  1.2425  15.7439  6.1536  9.2858  4.6356  1.3525  2.1798  0.9224  5.3818  3.9599  4.0237  2.44  4.0522  0.4679  3.6738  2.962  3.0672  
trainID = 966  2.0878  2.8861  0.312  0.4824  1.1854  0.3947  2.449  2.8993  1.5484  1.4118  0.0528  0.1533  2.3773  1.7603  1.5563  1.6224  3.2159  0.4031  3.0314  2.5822  0.0495  0.1158  2.053  5.7602  0.9551  0.9199  3.9788  1.5389  3.1713  3.8249  4.9895  2.2321  0.0011  1.9278  1.3155  0.6135  1.7833  36.7637  
trainID = 969  5.6882  1.3426  2.8943  0.8954  0.6469  0.2589  34.9593  4.7953  2.5278  6.2871  1.0246  4.6954  0.2625  1.7418  6.7087  5.5262  1.6608  1.1473  2.7798  9.8593  1.1479  13.0689  5.0077  5.5154  3.2553  1.3265  0.2942  0.2167  2.3256  2.4818  3.7822  1.3865  2.3249  0.2409  1.9748  3.083  1.7777  
trainID = 976  7.933  0.0168  1.5618  37.1194  30.2645  7.3617  9.0813  0.897  6.4788  1.432  3.2767  5.8474  3.4427  1.0295  2.8869  4.1076  3.1716  4.4183  23.3649  12.7593  6.5093  7.7511  11.4272  2.4715  5.3848  5.4818  4.3498  0.6482  5.2753  1.2144  1.6123  5.7011  2.3178  1.0794  1.89  35.4903  
trainID = 978  4.3718  3.4454  1.983  0.2427  4.6683  1.9913  0.193  3.4573  0.2205  1.9803  4.465  5.0051  3.38  1.9286  0.9731  2.2725  1.4635  1.4554  0.622  0.3047  2.57  0.6659  5.1498  16.8275  7.618  1.437  9.7474  3.3243  6.2192  1.7295  5.4756  6.6639  2.8644  0.6311  0.7627  1.6892  1.6576  37.8382  
trainID = 981  8.8687  0.4131  0.009  37.7104  30.2399  7.1645  9.9067  0.062  4.9818  2.6736  4.7401  5.8454  2.7939  0.6745  2.8058  3.0855  1.6643  0.5565  21.0198  11.3014  7.5503  7.5442  12.9986  2.3315  2.5258  5.5175  6.2837  2.9936  6.6689  3.3146  0.2099  4.3258  1.3321  1.568  3.6333  36.6423  
trainID = 982  3.6131  3.0286  2.2513  3.7447  2.3821  0.7203  0.911  2.37  5.3441  0.4803  0.3664  4.2722  4.4787  3.6215  1.2877  1.588  1.4738  0.3205  0.3735  1.4454  1.4566  0.1454  1.7609  1.2799  9.3791  4.9509  1.8495  6.2362  2.569  6.8086  0.9105  2.2654  3.2722  2.488  1.5948  0.5935  3.465  2.7148  36.9093  
trainID = 984  4.5965  2.5363  0.99  4.9952  4.8436  3.5751  33.8368  1.7246  2.1536  4.026  16.5227  1.6863  9.2835  1.8454  2.5707  10.8367  5.0305  0.1291  0.5263  6.7031  4.1538  2.8389  1.1745  3.7413  1.3683  0.2887  2.1216  2.3192  2.061  2.893  0.506  0.9688  4.5072  3.8756  3.2568  2.359  0.2639  
trainID = 992  6.7917  0.1862  0.398  4.5217  4.4775  0.8201  32.1267  4.0459  6.2108  3.3785  5.4394  0.6806  4.3675  3.5034  2.9713  0.1905  2.2041  3.646  2.5544  10.8194  11.4451  14.8389  5.1397  2.3494  6.8323  4.2115  5.1028  5.145  1.5522  1.2435  2.3498  0.2649  3.9678  2.4619  4.1228  1.983  3.6683  37.2477  
trainID = 1009  4.735  2.8439  1.6923  0.2377  2.0107  0.428  31.4339  5.454  2.5478  7.7193  1.5261  3.302  4.2321  2.1635  5.0345  6.5987  1.372  0.5304  1.3332  14.0767  1.1575  19.569  8.9104  5.4891  3.741  3.2305  3.0917  1.6145  4.7273  1.7315  4.0205  4.3147  1.7663  2.5316  3.7408  2.887  4.0156  
trainID = 1019  5.1219  2.2  1.4698  2.4777  1.1368  2.5443  1.086  30.7363  0.8765  4.8203  2.5624  3.4572  1.0338  0.3164  2.5596  0.0138  1.0113  1.3927  1.0136  3.1785  3.1856  5.3722  6.55  5.1563  2.2776  5.1358  0.7635  1.9132  2.653  0.0534  0.3817  3.4952  0.5737  1.3324  0.5201  1.8628  0.6027  1.0391  
trainID = 1041  1.1255  4.5439  0.923  1.3997  1.0505  0.4041  2.8608  2.2576  0.8962  0.7961  1.9779  5.1981  0.8307  0.4846  1.9834  2.6543  1.1864  0.633  0.7238  0.3956  0.7262  3.2602  6.8019  2.7332  1.9615  3.6856  0.0746  2.1865  3.7969  3.4249  1.8169  2.6137  1.924  0.9813  1.9943  0.1674  36.3732  
trainID = 1044  0.5062  5.4813  1.1388  0.7664  1.0508  1.6082  37.1844  3.0365  2.0557  1.292  10.0745  1.3312  2.5938  1.0134  2.881  5.7782  2.2513  2.4534  1.5954  4.4823  5.2329  4.6365  0.424  0.1604  3.9523  2.0724  0.2203  3.2217  0.5378  3.1302  2.725  0.8784  2.1247  3.1229  1.6864  0.1997  0.9265  
trainID = 1056  3.6903  0.9666  0.478  1.5557  1.2997  0.9703  31.4408  1.4866  0.2269  2.6033  0.0759  1.2079  2.143  0.0713  2.0575  0.2948  2.5061  2.8793  1.8709  0.5896  1.1368  4.0438  0.7336  1.2073  0.8175  0.8685  2.2098  0.2319  0.3879  2.7042  0.6116  0.1378  0.1649  1.9049  2.8088  2.0114  0.248  0.21  
trainID = 1060  4.9532  2.0889  1.025  2.3397  0.1623  0.5213  32.1078  0.6824  1.581  4.2969  3.2022  1.8864  0.2513  1.7606  1.7491  1.2265  1.6741  2.8754  2.1891  4.3896  2.9335  6.0694  1.462  1.9505  4.4574  0.0003  2.7685  1.5287  1.1965  1.3901  4.3197  1.1329  0.6663  0.0139  1.0712  0.8567  0.7915  
trainID = 1077  0.7297  5.154  3.572  0.7715  5.3282  0.9103  4.6815  4.1876  1.1511  1.9739  7.3287  2.3868  0.9853  2.9361  4.3777  4.8024  2.2734  0.6964  2.1069  4.2702  2.6926  9.7691  24.0998  1.2351  3.4176  9.5024  1.118  3.4935  0.8013  8.3469  9.9152  2.4358  0.19  1.9123  2.9155  4.4476  37.332  
trainID = 1088  4.3129  3.3281  1.4155  1.6257  0.2399  0.9526  32.4092  2.7687  1.0829  5.9764  1.9675  5.1303  2.9995  2.2926  2.9133  4.7911  1.0018  1.6226  0.5141  7.1007  0.8456  14.2496  2.3275  5.7289  3.1412  0.7265  0.0741  0.8024  0.2226  4.3249  2.6567  2.879  1.0103  0.0182  3.5958  1.224  3.0859  
trainID = 1105  0.7115  0.2468  1.6779  0.9837  0.1142  2.7217  32.2208  2.2339  2.3637  3.7971  1.4631  6.8587  3.8774  0.3407  1.1961  6.1376  1.9887  0.9664  2.3158  6.2262  0.1232  9.3395  3.3883  7.7394  1.8361  1.2625  0.8554  0.7962  3.0894  3.9539  1.7033  2.1198  1.1475  0.692  3.1368  0.0265  2.1699  
trainID = 1107  2.1361  1.4612  3.1972  1.0975  1.3137  2.7057  32.9561  32.8585  2.5514  0.9076  2.1387  4.3554  6.8167  5.2994  0.7085  1.937  8.2431  2.9014  1.7744  0.9304  7.2276  4.523  8.1521  3.6188  4.6803  0.936  0.1748  2.2179  0.5047  2.5307  2.4673  1.7521  4.9531  3.9442  0.1575  2.3198  1.797  1.8608  
trainID = 1118  7.4587  5.176  7.5454  2.0851  3.8724  3.734  34.7288  33.1009  5.1602  1.7141  0.3117  12.5283  0.7773  34.1568  0.5373  6.1969  15.1468  5.4359  2.0754  1.5735  16.481  8.3161  7.5688  5.0341  9.1168  1.8275  1.2236  6.141  2.2677  5.819  3.2895  1.1961  2.1713  4.1562  5.6586  34.5843  
trainID = 1126  0.7116  2.1307  3.6701  1.8812  2.9244  0.4154  34.3071  4.7969  0.0957  4.7922  2.5053  10.1838  5.9462  1.9203  1.2893  5.5218  0.7088  1.4114  0.0314  8.5647  2.3481  10.7232  5.5868  6.3958  3.4869  0.1922  1.5767  0.4477  1.0964  3.0431  3.5418  2.8932  2.765  0.5027  4.9108  2.064  0.9994  
trainID = 1143  2.5119  2.7249  0.35  1.0353  0.294  2.5652  0.905  3.998  1.0011  3.2408  0.9924  1.7542  2.1282  1.1561  0.7176  0.9377  2.195  2.5296  2.1014  2.5644  2.3744  3.1035  2.9531  0.4852  0.9924  5.0274  1.7352  2.756  1.5647  0.7598  2.8761  2.7477  0.4124  0.3162  2.4018  2.1128  1.999  0.594  1.114  
trainID = 1152  4.9952  1.9843  0.369  2.0437  2.1626  3.2103  6.0103  3.4311  2.6854  7.257  2.8553  3.3527  2.3929  1.0086  0.486  2.6455  1.7714  2.4057  3.8104  3.3774  4.2383  0.7391  12.0885  9.5566  0.7878  6.1972  3.4067  4.8607  0.1937  0.7839  2.3169  1.6344  4.2038  0.1169  1.2199  0.4801  37.1505  
trainID = 1153  2.2378  3.0438  4.3826  3.228  4.4939  2.005  34.2256  31.7717  6.1299  2.1795  6.0935  6.3389  10.6281  10.1714  0.2097  7.9122  11.6007  6.0494  0.7789  0.6547  12.7176  1.3386  10.4064  6.5404  6.1455  2.2081  1.0435  4.7755  1.9471  3.5767  4.0559  1.4236  4.3792  5.4852  3.7738  4.4878  3.128  1.1605  
trainID = 1156  0.0656  3.8926  2.3035  0.2489  2.3769  2.2881  37.1612  3.62  0.8443  3.5906  0.1928  7.5022  1.5242  2.6725  4.5472  0.1873  6.5626  3.299  1.7164  0.2837  4.5778  1.8872  0.0488  0.4643  0.501  5.3884  2.0545  1.6356  2.6192  0.4855  7.6379  1.6354  0.423  0.4695  2.7023  3.2958  1.174  0.8118  1.344  
trainID = 1160  4.4892  0.8371  1.653  0.6915  2.8595  0.7093  0.146  30.4477  2.0741  3.3926  1.7454  3.0165  4.1344  3.4032  3.8274  0.3876  2.8137  0.1881  1.944  4.4933  6.4343  6.0744  4.5249  0.8214  3.1861  5.3237  0.4815  2.5465  2.4282  2.0896  0.3866  2.1047  1.0294  0.1244  4.0407  2.3368  0.5349  0.1993  3.682  
trainID = 1162  1.7872  1.0584  4.0014  0.5136  0.6328  2.1963  36.2319  3.8924  0.2618  3.9163  7.544  10.2621  7.9593  0.6329  0.5321  9.8563  3.6173  2.1644  2.4104  8.3518  2.703  4.1449  3.9736  4.4486  0.7995  2.7075  1.9153  0.7128  0.0609  3.6119  2.4286  1.8033  1.241  2.8376  4.9128  0.4357  3.0502  
trainID = 1163  1.7712  3.2771  2.2826  0.9326  2.02  1.6116  35.507  2.359  3.6465  0.9371  0.7842  4.2251  2.3524  1.4345  1.9897  1.3426  4.4718  4.3396  0.8244  1.1341  4.4261  4.1631  1.5942  0.4433  0.4171  2.1382  0.753  1.3204  1.8445  1.2049  4.0909  3.6871  0.7459  1.2901  1.9736  1.6501  1.932  0.3562  0.296  
trainID = 1169  1.063  3.1725  0.9243  1.2557  1.6649  0.8368  1.962  1.894  0.4343  2.9274  2.4404  2.172  0.9339  2.4028  1.4067  1.666  1.8239  1.9086  0.1787  0.3724  4.1572  0.2095  0.8476  0.018  0.2167  0.4972  0.6965  0.9609  3.0403  0.7035  2.9873  1.4971  0.8807  1.4887  1.7349  0.0126  0.1518  2.3868  
trainID = 1171  2.4009  0.0791  2.5215  1.1368  1.4757  1.214  34.0134  31.4003  2.5311  1.1838  1.1947  6.9619  9.5453  8.7296  1.285  2.8144  8.8646  3.4079  0.2067  1.312  7.4449  4.9058  6.2728  4.1056  5.9308  2.14  1.5105  3.6533  4.0061  3.1083  2.0746  1.2586  4.1627  2.429  2.5034  2.3598  1.538  1.9939  
trainID = 1184  2.9226  6.5975  1.6599  0.8521  2.2479  0.8892  34.1605  3.2807  3.3773  1.3139  7.1217  7.1799  0.2946  1.6445  3.1079  4.9755  5.0751  3.4014  1.1094  1.5748  4.1302  2.2431  5.3876  5.3441  8.8315  1.3323  4.4389  1.603  1.5601  4.9239  6.211  6.5209  0.2502  4.0443  1.0956  2.2206  4.2262  36.7891  
trainID = 1188  2.2752  7.2876  2.1968  1.8617  2.4663  1.4109  37.4131  3.109  3.0598  3.0673  8.4906  4.6556  1.0055  1.3159  6.1935  7.5548  5.3028  2.2284  2.1864  4.0875  4.1434  4.4706  6.7531  3.1052  9.0792  4.6573  2.9394  1.69  1.2309  3.2143  5.1606  5.478  0.8638  3.1454  0.5463  0.4981  1.1794  32.5145  
trainID = 1189  6.6297  0.6774  1.9355  3.7897  1.2674  0.3483  31.9852  0.3424  10.3184  4.0475  3.4492  0.0945  0.8235  2.2162  2.0233  1.8451  0.6781  6.0294  4.2054  7.6398  11.011  16.87  8.266  3.0806  6.636  1.5185  1.7915  5.2484  0.5197  1.3095  3.8013  0.5383  1.3031  1.3758  3.5468  1.0511  2.5285  3.023  
trainID = 1193  0.3614  5.4821  1.755  1.0845  2.4416  0.3127  1.289  4.0229  6.8552  3.1523  3.0289  4.4561  3.2741  0.8322  1.0529  3.1433  4.6529  2.0864  1.5094  1.9022  5.1033  4.0383  11.5091  20.8231  7.9026  1.0212  9.7721  0.0041  4.3415  2.4862  9.1548  8.457  2.3553  5.771  1.7853  1.408  3.3354  35.6606  
trainID = 1197  3.6916  1.0062  0.281  1.5037  3.0286  1.8423  2.331  1.1471  1.2302  1.1905  2.2685  0.2942  0.7266  0.9944  2.1311  0.2315  0.6204  0.1732  0.1692  1.4908  1.4547  2.7849  0.0485  4.9954  2.025  0.5325  3.1492  1.7844  1.1165  1.2526  1.3267  1.5355  0.5863  1.413  0.4216  0.0029  0.6194  34.6297  
trainID = 1198  0.3278  3.1687  2.491  1.0857  3.4519  1.2753  1.368  2.664  4.108  0.4948  0.0734  4.6907  1.2379  3.2387  2.035  0.1032  1.8323  3.3311  0.939  0.8924  0.7626  0.7515  1.0324  0.9396  6.1198  0.0527  1.4777  3.0905  2.1304  3.8736  0.374  1.4908  0.7729  0.7975  1.805  0.029  0.7275  0.0974  34.4505  
trainID = 1200  1.7822  0.299  1.1193  0.9647  0.4648  1.1911  34.0628  2.5052  2.414  4.3313  1.2325  5.4577  2.9409  0.3045  1.2961  3.6063  1.5371  0.8816  2.1166  4.8423  0.8529  5.4746  2.7834  5.146  0.128  0.5185  0.9429  2.0935  0.4309  0.9113  0.2796  3.2546  0.0067  0.1792  1.6513  1.572  1.006  0.574  
TrainID = 1169  dbValue = 1.41915  nTestCell = 39  nTrainCell = 38  nDiff = 1  (X,Y) = (1285, 2015)  Position Error = 28.4605
TrainID = 403  dbValue = 1.53031  nTestCell = 39  nTrainCell = 39  nDiff = 0  (X,Y) = (1285, 2045)  Position Error = 34.2053
TrainID = 302  dbValue = 1.54188  nTestCell = 39  nTrainCell = 37  nDiff = 2  (X,Y) = (1265, 2005)  Position Error = 20.2485
TrainID = 758  dbValue = 1.75921  nTestCell = 39  nTrainCell = 39  nDiff = 0  (X,Y) = (1295, 2035)  Position Error = 38.6005
TrainID = 616  dbValue = 1.82776  nTestCell = 39  nTrainCell = 38  nDiff = 1  (X,Y) = (1235, 1985)  Position Error = 45.2769
TrainID = 1143  dbValue = 1.84688  nTestCell = 39  nTrainCell = 39  nDiff = 0  (X,Y) = (1305, 2025)  Position Error = 47.0106
TrainID = 205  dbValue = 1.88949  nTestCell = 39  nTrainCell = 37  nDiff = 2  (X,Y) = (1255, 1985)  Position Error = 39.1152
TrainID = 1056  dbValue = 2.12772  nTestCell = 39  nTrainCell = 38  nDiff = 1  (X,Y) = (1205, 2055)  Position Error = 61.4003
TrainID = 270  dbValue = 2.23043  nTestCell = 39  nTrainCell = 38  nDiff = 1  (X,Y) = (1285, 2065)  Position Error = 49.0918
TrainID = 1197  dbValue = 2.26397  nTestCell = 39  nTrainCell = 38  nDiff = 1  (X,Y) = (1205, 2105)  Position Error = 96.7988
TrainID = 465  dbValue = 2.4932  nTestCell = 39  nTrainCell = 38  nDiff = 1  (X,Y) = (1195, 2005)  Position Error = 65.8027
TrainID = 1198  dbValue = 2.55344  nTestCell = 39  nTrainCell = 39  nDiff = 0  (X,Y) = (1275, 2135)  Position Error = 112.294
TrainID = 203  dbValue = 2.59264  nTestCell = 39  nTrainCell = 39  nDiff = 0  (X,Y) = (1165, 2045)  Position Error = 95.3415
TrainID = 864  dbValue = 2.64296  nTestCell = 39  nTrainCell = 39  nDiff = 0  (X,Y) = (1285, 2095)  Position Error = 75.9605
TrainID = 1200  dbValue = 2.66198  nTestCell = 39  nTrainCell = 38  nDiff = 1  (X,Y) = (1215, 1985)  Position Error = 58.0517
TrainID = 446  dbValue = 2.66393  nTestCell = 39  nTrainCell = 38  nDiff = 1  (X,Y) = (1175, 1995)  Position Error = 87.9204
TrainID = 164  dbValue = 2.66922  nTestCell = 39  nTrainCell = 39  nDiff = 0  (X,Y) = (1165, 2015)  Position Error = 93.4345
TrainID = 791  dbValue = 2.67448  nTestCell = 39  nTrainCell = 39  nDiff = 0  (X,Y) = (1325, 2015)  Position Error = 67.6018
TrainID = 471  dbValue = 2.69375  nTestCell = 39  nTrainCell = 39  nDiff = 0  (X,Y) = (1325, 2065)  Position Error = 78.5493
TrainID = 647  dbValue = 2.73262  nTestCell = 39  nTrainCell = 38  nDiff = 1  (X,Y) = (1205, 2115)  Position Error = 105.309
TrainID = 966  dbValue = 2.74752  nTestCell = 39  nTrainCell = 38  nDiff = 1  (X,Y) = (1285, 2095)  Position Error = 75.9605
TrainID = 1060  dbValue = 2.79924  nTestCell = 39  nTrainCell = 37  nDiff = 2  (X,Y) = (1165, 2075)  Position Error = 106.066
TrainID = 531  dbValue = 2.8332  nTestCell = 39  nTrainCell = 38  nDiff = 1  (X,Y) = (1265, 1975)  Position Error = 49.4975
TrainID = 1163  dbValue = 2.86076  nTestCell = 39  nTrainCell = 39  nDiff = 0  (X,Y) = (1315, 1985)  Position Error = 69.0652
TrainID = 726  dbValue = 2.87164  nTestCell = 39  nTrainCell = 39  nDiff = 0  (X,Y) = (1315, 1945)  Position Error = 97.4166
TrainID = 1041  dbValue = 2.88777  nTestCell = 39  nTrainCell = 37  nDiff = 2  (X,Y) = (1315, 2115)  Position Error = 107.378
TrainID = 893  dbValue = 2.90338  nTestCell = 39  nTrainCell = 37  nDiff = 2  (X,Y) = (1335, 1955)  Position Error = 103.392
TrainID = 264  dbValue = 2.90993  nTestCell = 39  nTrainCell = 38  nDiff = 1  (X,Y) = (1295, 1985)  Position Error = 53.7587
TrainID = 279  dbValue = 2.91024  nTestCell = 39  nTrainCell = 39  nDiff = 0  (X,Y) = (1195, 2145)  Position Error = 136.418
TrainID = 1019  dbValue = 2.94414  nTestCell = 39  nTrainCell = 38  nDiff = 1  (X,Y) = (1155, 2075)  Position Error = 114.935
TrainID = 664  dbValue = 2.95666  nTestCell = 39  nTrainCell = 38  nDiff = 1  (X,Y) = (1295, 1965)  Position Error = 69.6419
TrainID = 477  dbValue = 2.97762  nTestCell = 39  nTrainCell = 37  nDiff = 2  (X,Y) = (1265, 2155)  Position Error = 131.187
TrainID = 668  dbValue = 2.98743  nTestCell = 39  nTrainCell = 38  nDiff = 1  (X,Y) = (1235, 2145)  Position Error = 123.167
TrainID = 912  dbValue = 3.05655  nTestCell = 39  nTrainCell = 39  nDiff = 0  (X,Y) = (1335, 2005)  Position Error = 79.3095
TrainID = 952  dbValue = 3.08977  nTestCell = 39  nTrainCell = 37  nDiff = 2  (X,Y) = (1305, 2185)  Position Error = 167.72
TrainID = 1160  dbValue = 3.11803  nTestCell = 39  nTrainCell = 39  nDiff = 0  (X,Y) = (1145, 2105)  Position Error = 139.032
TrainID = 401  dbValue = 3.14344  nTestCell = 39  nTrainCell = 38  nDiff = 1  (X,Y) = (1355, 2115)  Position Error = 133.004
TrainID = 281  dbValue = 3.14345  nTestCell = 39  nTrainCell = 38  nDiff = 1  (X,Y) = (1245, 2145)  Position Error = 121.696
TrainID = 192  dbValue = 3.16169  nTestCell = 39  nTrainCell = 38  nDiff = 1  (X,Y) = (1275, 1945)  Position Error = 80.8084
TrainID = 229  dbValue = 3.16417  nTestCell = 39  nTrainCell = 38  nDiff = 1  (X,Y) = (1355, 2015)  Position Error = 97.4166
TrainID = 1156  dbValue = 3.1804  nTestCell = 39  nTrainCell = 39  nDiff = 0  (X,Y) = (1335, 1945)  Position Error = 110.318
TrainID = 929  dbValue = 3.21689  nTestCell = 39  nTrainCell = 38  nDiff = 1  (X,Y) = (1275, 1945)  Position Error = 80.8084
TrainID = 375  dbValue = 3.222  nTestCell = 39  nTrainCell = 37  nDiff = 2  (X,Y) = (1105, 2035)  Position Error = 153.395
TrainID = 204  dbValue = 3.25346  nTestCell = 39  nTrainCell = 38  nDiff = 1  (X,Y) = (1355, 2135)  Position Error = 147.411
TrainID = 421  dbValue = 3.28547  nTestCell = 39  nTrainCell = 39  nDiff = 0  (X,Y) = (1175, 1935)  Position Error = 121.696
TrainID = 1105  dbValue = 3.29248  nTestCell = 39  nTrainCell = 37  nDiff = 2  (X,Y) = (1185, 1945)  Position Error = 107.564
TrainID = 889  dbValue = 3.30062  nTestCell = 39  nTrainCell = 38  nDiff = 1  (X,Y) = (1375, 1985)  Position Error = 123.329
TrainID = 884  dbValue = 3.31673  nTestCell = 39  nTrainCell = 38  nDiff = 1  (X,Y) = (1365, 2075)  Position Error = 118.533
TrainID = 1044  dbValue = 3.34667  nTestCell = 39  nTrainCell = 37  nDiff = 2  (X,Y) = (1355, 1965)  Position Error = 113.534
TrainID = 284  dbValue = 3.36358  nTestCell = 39  nTrainCell = 38  nDiff = 1  (X,Y) = (1335, 1945)  Position Error = 110.318
TrainID = 143  dbValue = 3.37382  nTestCell = 39  nTrainCell = 38  nDiff = 1  (X,Y) = (1345, 2125)  Position Error = 133.304
TrainID = 244  dbValue = 3.37932  nTestCell = 39  nTrainCell = 37  nDiff = 2  (X,Y) = (1365, 1985)  Position Error = 113.886
TrainID = 272  dbValue = 3.3913  nTestCell = 39  nTrainCell = 38  nDiff = 1  (X,Y) = (1135, 1945)  Position Error = 146.185
TrainID = 686  dbValue = 3.39658  nTestCell = 39  nTrainCell = 38  nDiff = 1  (X,Y) = (1195, 1925)  Position Error = 117.346
TrainID = 474  dbValue = 3.40224  nTestCell = 39  nTrainCell = 38  nDiff = 1  (X,Y) = (1175, 2125)  Position Error = 130.729
TrainID = 860  dbValue = 3.43113  nTestCell = 39  nTrainCell = 38  nDiff = 1  (X,Y) = (1315, 2175)  Position Error = 161.4
TrainID = 497  dbValue = 3.44293  nTestCell = 39  nTrainCell = 38  nDiff = 1  (X,Y) = (1325, 2145)  Position Error = 138.311
TrainID = 982  dbValue = 3.45443  nTestCell = 39  nTrainCell = 39  nDiff = 0  (X,Y) = (1285, 2195)  Position Error = 173.118
TrainID = 516  dbValue = 3.46683  nTestCell = 39  nTrainCell = 38  nDiff = 1  (X,Y) = (1365, 2105)  Position Error = 134.201
TrainID = 796  dbValue = 3.52624  nTestCell = 39  nTrainCell = 38  nDiff = 1  (X,Y) = (1125, 1935)  Position Error = 160.031
TrainID = 792  dbValue = 3.52946  nTestCell = 39  nTrainCell = 38  nDiff = 1  (X,Y) = (1195, 1915)  Position Error = 125.897
TrainID = 1088  dbValue = 3.55023  nTestCell = 39  nTrainCell = 37  nDiff = 2  (X,Y) = (1125, 1965)  Position Error = 145.499
TrainID = 957  dbValue = 3.61231  nTestCell = 39  nTrainCell = 38  nDiff = 1  (X,Y) = (1365, 2135)  Position Error = 154.175
TrainID = 696  dbValue = 3.62904  nTestCell = 39  nTrainCell = 38  nDiff = 1  (X,Y) = (1305, 1905)  Position Error = 127.945
TrainID = 262  dbValue = 3.69358  nTestCell = 39  nTrainCell = 38  nDiff = 1  (X,Y) = (1185, 2155)  Position Error = 149.967
TrainID = 174  dbValue = 3.73598  nTestCell = 39  nTrainCell = 39  nDiff = 0  (X,Y) = (1145, 2115)  Position Error = 145.086
TrainID = 240  dbValue = 3.74381  nTestCell = 39  nTrainCell = 38  nDiff = 1  (X,Y) = (1395, 2015)  Position Error = 137.295
TrainID = 949  dbValue = 3.74383  nTestCell = 39  nTrainCell = 38  nDiff = 1  (X,Y) = (1265, 2205)  Position Error = 181.135
TrainID = 438  dbValue = 3.7766  nTestCell = 39  nTrainCell = 38  nDiff = 1  (X,Y) = (1375, 2145)  Position Error = 168.315
TrainID = 906  dbValue = 3.83793  nTestCell = 39  nTrainCell = 38  nDiff = 1  (X,Y) = (1305, 2175)  Position Error = 158.146
TrainID = 469  dbValue = 3.90682  nTestCell = 39  nTrainCell = 38  nDiff = 1  (X,Y) = (1095, 2055)  Position Error = 165.922
TrainID = 969  dbValue = 3.91655  nTestCell = 39  nTrainCell = 37  nDiff = 2  (X,Y) = (1095, 1965)  Position Error = 173.349
TrainID = 1126  dbValue = 3.95627  nTestCell = 39  nTrainCell = 37  nDiff = 2  (X,Y) = (1165, 1895)  Position Error = 159.028
TrainID = 194  dbValue = 3.99248  nTestCell = 39  nTrainCell = 38  nDiff = 1  (X,Y) = (1415, 2015)  Position Error = 157.258
TrainID = 268  dbValue = 3.99888  nTestCell = 39  nTrainCell = 39  nDiff = 0  (X,Y) = (1245, 1925)  Position Error = 99.8499
TrainID = 1152  dbValue = 4.00621  nTestCell = 39  nTrainCell = 37  nDiff = 2  (X,Y) = (1205, 2235)  Position Error = 217.555
TrainID = 220  dbValue = 4.01198  nTestCell = 39  nTrainCell = 38  nDiff = 1  (X,Y) = (1345, 1875)  Position Error = 172.54
TrainID = 489  dbValue = 4.03631  nTestCell = 39  nTrainCell = 38  nDiff = 1  (X,Y) = (1275, 1865)  Position Error = 159.906
TrainID = 1162  dbValue = 4.04351  nTestCell = 39  nTrainCell = 37  nDiff = 2  (X,Y) = (1255, 1875)  Position Error = 149.03
TrainID = 237  dbValue = 4.08424  nTestCell = 39  nTrainCell = 39  nDiff = 0  (X,Y) = (1405, 1945)  Position Error = 166.883
TrainID = 154  dbValue = 4.10096  nTestCell = 39  nTrainCell = 37  nDiff = 2  (X,Y) = (1375, 1915)  Position Error = 159.906
TrainID = 978  dbValue = 4.13934  nTestCell = 39  nTrainCell = 38  nDiff = 1  (X,Y) = (1305, 2235)  Position Error = 216.171
TrainID = 928  dbValue = 4.14329  nTestCell = 39  nTrainCell = 38  nDiff = 1  (X,Y) = (1365, 2205)  Position Error = 210.262
TrainID = 309  dbValue = 4.17029  nTestCell = 39  nTrainCell = 38  nDiff = 1  (X,Y) = (1135, 2135)  Position Error = 165.68
TrainID = 210  dbValue = 4.17125  nTestCell = 39  nTrainCell = 37  nDiff = 2  (X,Y) = (1095, 1895)  Position Error = 207.87
TrainID = 172  dbValue = 4.21342  nTestCell = 39  nTrainCell = 37  nDiff = 2  (X,Y) = (1455, 1975)  Position Error = 203.002
TrainID = 984  dbValue = 4.24621  nTestCell = 39  nTrainCell = 37  nDiff = 2  (X,Y) = (1315, 1855)  Position Error = 178.354
TrainID = 644  dbValue = 4.27193  nTestCell = 39  nTrainCell = 38  nDiff = 1  (X,Y) = (1155, 2215)  Position Error = 217.002
TrainID = 318  dbValue = 4.27441  nTestCell = 39  nTrainCell = 37  nDiff = 2  (X,Y) = (1145, 1885)  Position Error = 179.137
TrainID = 1189  dbValue = 4.30961  nTestCell = 39  nTrainCell = 38  nDiff = 1  (X,Y) = (1075, 2105)  Position Error = 200.125
TrainID = 406  dbValue = 4.32412  nTestCell = 39  nTrainCell = 38  nDiff = 1  (X,Y) = (1295, 2255)  Position Error = 233.944
TrainID = 467  dbValue = 4.32495  nTestCell = 39  nTrainCell = 37  nDiff = 2  (X,Y) = (1055, 1915)  Position Error = 230.413
TrainID = 226  dbValue = 4.4283  nTestCell = 39  nTrainCell = 37  nDiff = 2  (X,Y) = (1035, 2025)  Position Error = 223.002
TrainID = 280  dbValue = 4.4328  nTestCell = 39  nTrainCell = 38  nDiff = 1  (X,Y) = (1385, 1865)  Position Error = 203.494
TrainID = 243  dbValue = 4.43582  nTestCell = 39  nTrainCell = 37  nDiff = 2  (X,Y) = (1085, 1895)  Position Error = 215.801
TrainID = 437  dbValue = 4.4405  nTestCell = 39  nTrainCell = 39  nDiff = 0  (X,Y) = (1075, 1885)  Position Error = 229.804
TrainID = 890  dbValue = 4.45509  nTestCell = 39  nTrainCell = 39  nDiff = 0  (X,Y) = (1165, 2245)  Position Error = 239.771
TrainID = 805  dbValue = 4.46524  nTestCell = 39  nTrainCell = 37  nDiff = 2  (X,Y) = (1045, 1935)  Position Error = 230.846
TrainID = 1107  dbValue = 4.47652  nTestCell = 39  nTrainCell = 38  nDiff = 1  (X,Y) = (1215, 1905)  Position Error = 126.531
TrainID = 508  dbValue = 4.48918  nTestCell = 39  nTrainCell = 38  nDiff = 1  (X,Y) = (1455, 2005)  Position Error = 197.914
TrainID = 274  dbValue = 4.53382  nTestCell = 39  nTrainCell = 37  nDiff = 2  (X,Y) = (1055, 1965)  Position Error = 211.4
TrainID = 384  dbValue = 4.65026  nTestCell = 39  nTrainCell = 37  nDiff = 2  (X,Y) = (1385, 2235)  Position Error = 246.272
TrainID = 493  dbValue = 4.65505  nTestCell = 39  nTrainCell = 38  nDiff = 1  (X,Y) = (1295, 1845)  Position Error = 182.784
TrainID = 770  dbValue = 4.66993  nTestCell = 39  nTrainCell = 38  nDiff = 1  (X,Y) = (1395, 2195)  Position Error = 219.112
TrainID = 819  dbValue = 4.70673  nTestCell = 39  nTrainCell = 37  nDiff = 2  (X,Y) = (1325, 1845)  Position Error = 191.128
TrainID = 855  dbValue = 4.73656  nTestCell = 39  nTrainCell = 38  nDiff = 1  (X,Y) = (1325, 1805)  Position Error = 229.02
TrainID = 1009  dbValue = 4.75164  nTestCell = 39  nTrainCell = 37  nDiff = 2  (X,Y) = (1055, 1915)  Position Error = 230.413
TrainID = 827  dbValue = 4.76405  nTestCell = 39  nTrainCell = 38  nDiff = 1  (X,Y) = (1395, 2045)  Position Error = 138.6
TrainID = 632  dbValue = 4.76953  nTestCell = 39  nTrainCell = 38  nDiff = 1  (X,Y) = (1435, 1885)  Position Error = 225.056
TrainID = 144  dbValue = 4.78575  nTestCell = 39  nTrainCell = 38  nDiff = 1  (X,Y) = (1385, 2055)  Position Error = 130.729
TrainID = 961  dbValue = 4.79101  nTestCell = 39  nTrainCell = 37  nDiff = 2  (X,Y) = (1055, 1905)  Position Error = 235.308
TrainID = 1171  dbValue = 4.8336  nTestCell = 39  nTrainCell = 38  nDiff = 1  (X,Y) = (1245, 1865)  Position Error = 159.531
TrainID = 930  dbValue = 4.83872  nTestCell = 39  nTrainCell = 37  nDiff = 2  (X,Y) = (1355, 1845)  Position Error = 203.593
TrainID = 139  dbValue = 4.86369  nTestCell = 39  nTrainCell = 39  nDiff = 0  (X,Y) = (1405, 2045)  Position Error = 148.492
TrainID = 368  dbValue = 4.89604  nTestCell = 39  nTrainCell = 37  nDiff = 2  (X,Y) = (1475, 1915)  Position Error = 242.837
TrainID = 917  dbValue = 4.89754  nTestCell = 39  nTrainCell = 38  nDiff = 1  (X,Y) = (1215, 1885)  Position Error = 145.499
TrainID = 802  dbValue = 4.90095  nTestCell = 39  nTrainCell = 38  nDiff = 1  (X,Y) = (1435, 1885)  Position Error = 225.056
TrainID = 1193  dbValue = 4.93747  nTestCell = 39  nTrainCell = 38  nDiff = 1  (X,Y) = (1425, 2165)  Position Error = 218.563
TrainID = 1077  dbValue = 4.97969  nTestCell = 39  nTrainCell = 37  nDiff = 2  (X,Y) = (1415, 2195)  Position Error = 232.142
TrainID = 236  dbValue = 5.02191  nTestCell = 39  nTrainCell = 37  nDiff = 2  (X,Y) = (1485, 2035)  Position Error = 227.266
TrainID = 920  dbValue = 5.04804  nTestCell = 39  nTrainCell = 37  nDiff = 2  (X,Y) = (1405, 1865)  Position Error = 216.541
TrainID = 870  dbValue = 5.08912  nTestCell = 39  nTrainCell = 38  nDiff = 1  (X,Y) = (1115, 2155)  Position Error = 193.933
TrainID = 1184  dbValue = 5.10366  nTestCell = 39  nTrainCell = 38  nDiff = 1  (X,Y) = (1415, 2065)  Position Error = 162.265
TrainID = 377  dbValue = 5.11746  nTestCell = 39  nTrainCell = 38  nDiff = 1  (X,Y) = (1415, 2105)  Position Error = 176.664
TrainID = 1188  dbValue = 5.20627  nTestCell = 39  nTrainCell = 38  nDiff = 1  (X,Y) = (1445, 2045)  Position Error = 188.175
TrainID = 550  dbValue = 5.30787  nTestCell = 39  nTrainCell = 39  nDiff = 0  (X,Y) = (1425, 2095)  Position Error = 181.466
TrainID = 705  dbValue = 5.37392  nTestCell = 39  nTrainCell = 37  nDiff = 2  (X,Y) = (1485, 2015)  Position Error = 227.178
TrainID = 931  dbValue = 5.44322  nTestCell = 39  nTrainCell = 38  nDiff = 1  (X,Y) = (1125, 2225)  Position Error = 241.019
TrainID = 992  dbValue = 5.61211  nTestCell = 39  nTrainCell = 38  nDiff = 1  (X,Y) = (1095, 2155)  Position Error = 209.117
TrainID = 483  dbValue = 5.86838  nTestCell = 39  nTrainCell = 36  nDiff = 3  (X,Y) = (1135, 1805)  Position Error = 251.177
TrainID = 697  dbValue = 5.8779  nTestCell = 39  nTrainCell = 38  nDiff = 1  (X,Y) = (1445, 2065)  Position Error = 191.442
TrainID = 859  dbValue = 5.88691  nTestCell = 39  nTrainCell = 38  nDiff = 1  (X,Y) = (1225, 1825)  Position Error = 201.718
TrainID = 546  dbValue = 5.97711  nTestCell = 39  nTrainCell = 38  nDiff = 1  (X,Y) = (1485, 2105)  Position Error = 241.019
TrainID = 505  dbValue = 6.08468  nTestCell = 39  nTrainCell = 38  nDiff = 1  (X,Y) = (1045, 2155)  Position Error = 250.06
TrainID = 1153  dbValue = 6.12444  nTestCell = 39  nTrainCell = 38  nDiff = 1  (X,Y) = (1165, 1815)  Position Error = 228.758
TrainID = 231  dbValue = 6.1385  nTestCell = 39  nTrainCell = 38  nDiff = 1  (X,Y) = (1045, 2185)  Position Error = 267.002
TrainID = 631  dbValue = 6.16658  nTestCell = 39  nTrainCell = 36  nDiff = 3  (X,Y) = (1085, 1835)  Position Error = 256.223
TrainID = 134  dbValue = 6.18535  nTestCell = 39  nTrainCell = 38  nDiff = 1  (X,Y) = (1185, 1805)  Position Error = 230.846
TrainID = 216  dbValue = 6.33413  nTestCell = 39  nTrainCell = 38  nDiff = 1  (X,Y) = (1275, 1755)  Position Error = 269.537
TrainID = 553  dbValue = 6.34432  nTestCell = 39  nTrainCell = 36  nDiff = 3  (X,Y) = (1515, 2035)  Position Error = 257.235
TrainID = 850  dbValue = 6.39771  nTestCell = 39  nTrainCell = 38  nDiff = 1  (X,Y) = (1195, 1825)  Position Error = 208.734
TrainID = 456  dbValue = 6.50625  nTestCell = 39  nTrainCell = 38  nDiff = 1  (X,Y) = (1495, 2075)  Position Error = 242.425
TrainID = 633  dbValue = 6.79757  nTestCell = 39  nTrainCell = 38  nDiff = 1  (X,Y) = (1215, 1775)  Position Error = 252.686
TrainID = 178  dbValue = 6.86029  nTestCell = 39  nTrainCell = 36  nDiff = 3  (X,Y) = (1085, 2235)  Position Error = 272.855
TrainID = 981  dbValue = 7.27658  nTestCell = 39  nTrainCell = 36  nDiff = 3  (X,Y) = (1045, 2255)  Position Error = 314.213
TrainID = 976  dbValue = 7.36265  nTestCell = 39  nTrainCell = 36  nDiff = 3  (X,Y) = (1035, 2225)  Position Error = 300.217
TrainID = 960  dbValue = 7.57816  nTestCell = 39  nTrainCell = 37  nDiff = 2  (X,Y) = (1515, 2065)  Position Error = 260.25
TrainID = 502  dbValue = 7.58995  nTestCell = 39  nTrainCell = 36  nDiff = 3  (X,Y) = (1065, 2295)  Position Error = 332.701
TrainID = 185  dbValue = 7.67061  nTestCell = 39  nTrainCell = 36  nDiff = 3  (X,Y) = (1515, 2105)  Position Error = 269.462
TrainID = 562  dbValue = 7.79434  nTestCell = 39  nTrainCell = 36  nDiff = 3  (X,Y) = (1055, 2235)  Position Error = 292.797
TrainID = 937  dbValue = 8.04333  nTestCell = 39  nTrainCell = 36  nDiff = 3  (X,Y) = (1015, 2255)  Position Error = 335.276
TrainID = 171  dbValue = 8.18218  nTestCell = 39  nTrainCell = 36  nDiff = 3  (X,Y) = (1565, 2135)  Position Error = 326.451
TrainID = 241  dbValue = 8.2304  nTestCell = 39  nTrainCell = 36  nDiff = 3  (X,Y) = (1175, 1735)  Position Error = 300.683
TrainID = 507  dbValue = 8.24313  nTestCell = 39  nTrainCell = 36  nDiff = 3  (X,Y) = (1205, 1725)  Position Error = 303.661
TrainID = 362  dbValue = 8.28015  nTestCell = 39  nTrainCell = 36  nDiff = 3  (X,Y) = (1185, 1715)  Position Error = 317.506
TrainID = 1118  dbValue = 8.28242  nTestCell = 39  nTrainCell = 36  nDiff = 3  (X,Y) = (1205, 1715)  Position Error = 313.512
TrainID = 945  dbValue = 8.50819  nTestCell = 39  nTrainCell = 36  nDiff = 3  (X,Y) = (1185, 1725)  Position Error = 307.782
