trainID = 122  0.7989  2.5237  2.1307  0.9214  4.4523  3.0955  0.919  0.5747  1.841  1.3278  0.0981  1.8389  5.6217  1.1026  6.3607  0.3364  2.7502  4.4251  0.3998  1.5632  2.2066  2.1259  1.443  1.795  1.0199  1.0412  2.153  0.6893  4.3541  1.1447  1.5077  1.0801  0.4949  1.0904  0.136  5.5201  3.7753  1.5276  0.4174  2.1931  4.113  0.7032  
trainID = 133  0.2489  1.4268  0.019  3.0971  1.3737  1.9426  0.729  1.9734  1.752  0.005  0.4915  0.1669  0.2301  0.6779  2.5172  3.3985  2.8182  0.6109  1.6052  0.009  1.8254  1.9453  0.3769  0.094  0.113  0.1143  2.3332  4.242  0.7656  2.2086  0.115  0.6586  0.5138  0.7118  0.3504  1.972  1.489  1.6636  0.032  0.4329  0.387  1.2542  1.0596  
trainID = 170  3.6375  4.8671  4.6067  2.6314  6.1131  2.4278  2.4707  2.2096  0.858  0.267  5.2319  3.6082  2.0464  11.7574  19.8589  17.2913  0.8562  8.9668  8.0981  0.725  4.9811  0.4237  2.2063  2.1944  1.5927  3.9732  0.8364  6.6181  4.7044  7.3163  5.1987  2.8692  6.2601  1.3659  2.4896  2.055  6.1344  8.5275  2.8433  2.1336  3.7421  5.688  1.2235  
trainID = 178  1.1454  3.8796  4.9534  5.1812  3.3984  3.722  1.295  2.3279  4.4579  0.825  1.9847  0.3458  1.9738  11.804  1.283  12.508  0.6741  4.248  9.0082  0.777  4.4219  3.8846  2.3331  0.631  0.801  3.8886  0.1436  5  3.0688  6.3841  5.6198  1.0463  3.823  2.6376  1.7912  0.501  4.943  4.958  1.0909  0.2521  2.4721  4.978  1.4295  
trainID = 231  3.5975  4.1011  5.642  4.2309  4.5861  5.0859  3.0878  3.59  3.1272  0.048  1.6233  0.4283  2.868  23.7867  4.0275  20.6809  0.4049  9.5601  11.73  1.863  4.1035  3.2418  1.4845  1.406  0.256  5.336  3.9492  4.2462  8.3239  7.3166  6.3287  2.8502  6.7441  0.2149  8.3648  2.0073  1.3962  3.1591  5.432  1.5761  
trainID = 251  1.978  2.4369  0.876  1.7744  0.1842  1.5661  1.405  4.4458  0.433  0.639  0.0174  0.1223  2.6182  8.5603  5.8297  2.6538  3.0125  2.6572  3.1355  2.263  1.8695  2.391  3.3533  1.789  0.14  4.7879  1.1704  1.2156  2.0701  4.9309  0.3361  0.4048  4.0776  2.3932  0.8558  2.3834  4.8245  2.4038  0.52  4.9082  0.9667  2.9704  1.231  
trainID = 266  0.5717  0.0629  2.6577  2.0852  3.5801  3.2206  0.622  1.1099  0.869  0.955  1.1029  0.5745  0.6713  1.8777  0.6122  3.8186  1.6852  0.9889  0.1142  0.9871  1.9415  0.6537  2.1614  0.355  0.795  0.9719  1.765  0.8903  0.5263  1.7938  1.5402  0.3331  1.0385  0.3645  0.3757  1.573  4.4218  5.974  1.4708  1.5923  0.2893  5.969  1.2017  
trainID = 309  6.5005  0.3758  6.1752  8.1224  6.189  4.3355  2.2447  0.2324  3.3654  0.708  4.0801  0.1049  0.4669  13.2941  4.4489  9.2944  2.3013  8.5694  16.2597  0.428  5.8302  5.3288  1.1994  1.13  0.575  7.1018  3.3392  2.6849  4.9801  12.4629  8.3474  3.3182  5.9171  4.2712  5.6172  2.3973  0.944  2.8711  4.681  3.0288  
trainID = 342  0.4445  2.1857  2.3268  1.8736  4.8868  5.794  1.7091  1.3742  2.882  1.1597  1.5891  0.9583  4.7354  5.4369  6.9055  0.6021  5.1247  6.1889  0.707  3.9539  1.5688  0.6357  2.0782  0.162  2.7688  0.976  4.2433  1.739  5.3351  2.6105  2.3852  2.0082  1.443  3.7952  0.018  5.1295  5.5574  0.2571  0.454  2.9851  2.9774  0.9031  
trainID = 349  3.8296  1.2225  1.297  0.7056  0.0514  1.0023  0.046  3.0214  1.51  1.466  1.0103  1.0396  0.3611  5.3175  1.5433  0.2023  0.5489  1.7348  1.1337  0.18  2.9163  3.2322  0.7942  0.315  1.037  1.8311  0.4838  3.9896  6.5547  0.1388  2.1532  2.7696  5.3044  0.868  2.906  2.5206  2.5569  1.3418  0.9989  1.9322  0.5495  2.0352  1.5036  
trainID = 352  3.0725  0.3545  1.035  0.2943  0.9962  1.7888  2.606  2.0922  2.625  0.894  0.6338  0.282  0.3904  5.605  1.8707  0.2481  1.5098  0.8197  2.4744  2.151  0.0742  2.4874  0.0656  0.203  0.101  5.3581  1.6544  2.091  5.7344  1.4867  1.1875  1.9876  7.1215  0.5255  1.5586  0.381  2.7919  1.3786  2.5393  0.5867  2.1235  2.2502  0.1273  
trainID = 417  2.2946  2.0898  1.71  0.7201  1.9646  0.4543  0.011  1.3892  2.402  4.5211  5.4828  0.7988  4.4947  4.3626  1.8458  0.1816  1.0493  0.4026  1.4561  3.8729  3.3717  35.7576  2.672  1.9041  4.6208  27.5585  13.7303  1.9367  5.2202  10.1071  0.6312  1.4003  1.001  2.7655  8.339  1.4392  2.4623  2.0727  1.2258  1.6881  
trainID = 427  0.2654  2.8993  0.481  3.072  3.7618  1.707  2.2617  0.8622  1.336  4.644  2.9728  3.6542  3.7685  6.8577  2.1981  1.3308  3.7506  3.414  0.348  3.9708  4.4817  34.6176  0.129  3.1229  5.3735  25.6018  4.7941  7.8045  3.1034  7.6267  3.3486  0.765  2.595  2.5165  3.6271  2.8608  1.0011  2.8305  0.2528  2.5744  
trainID = 455  2.4658  1.4937  0.126  2.7166  0.4484  2.117  1.161  3.8571  0.995  2.6326  4.7538  2.0042  6.4008  2.2745  4.5491  0.4702  1.647  1.7148  0.6657  3.2931  5.0918  3.4057  2.137  2.741  3.8567  1.7221  2.8433  15.2556  12.4997  15.0464  2.2847  7.7835  1.2363  1.4297  0.212  3.0375  7.0403  2.2397  1.2161  1.6023  1.6282  3.3688  
trainID = 470  3.8382  0.4487  1.8454  0.4961  0.5706  2.0026  0.865  0.2655  2.653  2.8093  2.1538  1.2503  2.4297  1.4976  1.0001  1.5752  2.3066  0.1464  0.028  0.3557  2.0613  0.4459  0.263  0.86  2.6677  0.7468  0.2796  3.2771  0.017  0.4509  0.8392  2.1668  2.9222  1.2982  1.736  2.3309  2.34  1.3912  1.7563  0.3254  2.4097  0.77  
trainID = 478  0.4996  2.5768  1.8768  0.0594  2.6528  3.1976  1.049  2.3952  2.16  1.2525  0.138  1.9027  7.1247  6.7119  6.2456  1.686  3.8454  4.671  0.09  3.1549  1.8464  0.0308  0.304  0.164  1.7003  2.0154  2.8841  1.4617  5.2305  3.2462  3.4452  2.7539  0.5202  0.9708  0.166  6.0145  4.595  1.3157  0.3874  0.8779  4.431  0.6758  
trainID = 490  2.5917  1.132  2.777  1.6026  1.1955  1.296  36.6316  3.0422  0.1532  1.7452  10.6489  0.8179  2.6033  0.351  3.5345  1.4957  1.907  0.7859  3.6042  1.9474  0.463  0.893  5.4091  4.4351  1.881  6.7798  7.49  1.1435  0.3112  6.2624  2.021  3.2036  0.671  2.1974  1.5048  4.5283  4.8655  0.0517  1.8256  1.4996  
trainID = 502  2.4439  5.4119  0.919  1.6188  4.4561  4.7957  1.591  5.9329  2.799  0.493  1.5586  3.3692  2.2719  1.5715  8.712  8.3978  0.459  2.6706  1.9949  2.619  3.1527  2.6741  0.5809  2.8023  1.104  2.108  3.9221  2.7031  1.6809  6.1651  4.1889  0.4222  2.8937  1.9587  2.9873  0.527  6.3956  6.1211  1.479  0.374  4.8941  3.3043  4.1699  
trainID = 532  0.7262  3.2465  1.8439  0.1991  1.4485  0.9094  0.16  3.1849  1.313  0.2357  1.0588  0.6627  1.0225  5.5323  4.4129  0.2808  2.1228  1.5684  0.321  0.7151  1.9697  2.1541  0.175  0.102  0.1679  1.0251  0.1605  0.6354  3.673  1.6785  0.7987  1.7097  1.5088  1.3374  1.327  5.325  2.2089  2.7773  1.6615  0.2117  4.414  0.827  
trainID = 555  1.4964  1.699  0.57  0.8556  0.7386  2.2308  0.615  2.5756  0.52  0.6368  0.0441  2.2458  5.145  4.7577  3.0382  0.1377  1.9412  1.8784  3.147  0.5156  2.6039  1.2872  0.736  2.7344  2.9365  3.9255  2.8756  2.3434  3.862  1.2128  2.8572  4.1418  2.2275  3.0475  0.197  3.5474  4.5336  1.8228  2.2011  2.2891  1.5094  1.2036  
trainID = 557  0.4384  4.3  4.0853  1.2734  5.348  3.1483  1.002  2.4383  0.826  1.091  3.423  3.3128  4.3178  1.347  14.5378  9.5094  3.243  5.5603  3.6278  3.366  3.0016  0.463  3.1835  1.1465  4.9666  3.8346  6.9668  6.1616  1.826  2.0527  0.5955  2.7658  0.273  7.6233  8.7025  1.7573  2.9813  3.9221  6.344  3.0392  
trainID = 562  0.4395  5.1811  4.4886  2.5659  4.7486  4.9559  0.304  3.9996  1.623  0.49  4.0012  3.4634  1.3951  12.2488  11.4604  12.2729  0.6425  4.729  7.2911  2.918  6.5519  1.6254  0.9841  1.47  0.432  3.5955  0.675  4.2322  2.6959  8.1208  5.2115  3.0382  5.2901  0.0204  4.7665  1.004  5.2319  6.7143  3.1483  0.8572  2.8111  3.3301  2.0802  
trainID = 564  0.5869  1.3256  2.4877  1.8208  0.7129  1.3754  0.575  2.5621  0.231  1.243  0.256  0.2751  0.071  3.7523  2.0989  2.4675  2.6261  0.501  2.8758  0.5346  0.8103  0.6423  0.432  0.644  0.418  4.7642  0.9945  3.6548  5.0279  0.7954  2.5659  0.5611  4.609  0.8306  0.3553  2.6461  2.4347  1.0238  0.1756  0.3577  0.0291  4.129  0.3112  
trainID = 596  1.0755  2.1507  0.808  2.6946  1.7412  0.6137  35.8186  0.41  0.6024  1.0394  9.1902  0.9523  2.2349  0.2588  2.4631  3.928  2.924  1.0687  1.4026  2.4924  2.3281  0.133  4.0475  1.0348  3.6595  6.6278  2.01  2.8537  0.381  8.9036  0.0175  0.6422  2.3081  2.5067  1.1921  1.5676  3.4117  1.8426  1.3801  2.4731  
trainID = 604  1.4391  1.4501  0.514  0.589  0.4744  1.3001  1.519  1.8864  1.32  2.3801  0.6366  1.3321  3.4523  2.3847  1.5334  0.9838  1.3458  1.5019  0.683  1.0087  3.3275  1.0787  1.139  0.516  3.3004  1.2838  3.8494  9.178  2.9732  6.43  0.383  5.2701  1.6607  0.8109  0.91  0.5194  1.5005  0.108  0.2934  1.9811  0.3147  1.1389  
trainID = 628  4.2793  0.9836  0.059  0.2638  1.2417  1.7555  36.1326  1.5264  1.2838  0.1801  12.3882  1.3942  0.652  2.7991  1.4101  4.2743  1.039  0.0917  3.9525  2.1073  2.669  0.214  4.7974  0.7387  0.8427  6.9883  6.4715  0.6473  1.0649  6.6153  2.4175  2.4652  2.6329  2.6282  1.3708  1.9579  5.3638  0.0091  2.0803  2.3327  
trainID = 635  3.4322  2.101  0.538  1.4228  0.1291  0.068  1.411  3.6902  0.938  0.236  1.0267  1.3208  2.7823  9.5548  5.0942  1.8472  3.2268  1.9302  0.5346  0.143  1.2501  0.5462  2.1362  2.4358  0.476  4.7237  1.1404  0.5567  2.1438  1.8846  0.036  2.4352  2.7544  2.505  0.1271  1.76  4.5538  2.1124  1.8365  1.3573  0.4932  1.1538  1.0864  
trainID = 652  1.1761  0.1822  0.197  0.3886  0.2526  1.7308  1.6722  0.8745  2.693  2.8317  2.0638  1.5662  1.9539  4.4381  2.4979  3.9949  1.3566  1.0406  1.152  0.2557  1.2127  0.9271  1.541  0.63  1.3618  0.411  4.1753  3.9165  1.4804  0.8167  0.6742  1.413  0.5203  0.6637  0.294  0.9864  0.3187  1.7973  0.4735  2.4831  2.6925  0.6388  
trainID = 655  1.5759  1.6634  0.515  1.4686  0.5389  1.1625  0.31  1.3085  2.144  1.825  1.0199  1.2525  1.4684  0.5836  0.3076  0.394  2.6066  3.9072  0.7466  1.158  2.344  1.6072  0.3228  1.298  1.699  2.0191  1.8559  2.5575  5.7356  1.2953  4.3645  0.1024  5.0732  0.4466  2.9638  0.073  0.584  2.6492  3.4109  0.3712  2.1618  2.1625  0.6132  
trainID = 670  1.4495  1.1505  0.181  0.1974  3.4172  5.1621  1.6393  2.2411  4.3883  0.1468  1.5401  1.1476  2.3469  3.7689  1.1295  4.2008  1.3761  1.7825  0.6576  0.4839  1.1533  0.3879  1.116  0.166  0.0418  2.3587  3.88  1.3882  1.1189  0.4555  1.6168  1.565  2.9093  2.3324  0.739  2.3054  0.1794  0.0421  1.204  1.0759  5.396  0.2706  
trainID = 682  1.5676  0.6373  4.1148  4.3766  2.1218  4.3733  2.2063  3.5627  1.803  0.177  0.4866  1.1338  0.6625  1.5986  4.095  0.8047  1.482  0.8272  0.243  0.9092  1.9049  1.2816  1.214  0.953  3.1886  0.1746  0.4773  0.4052  2.7547  1.0945  0.458  0.5523  0.9907  0.8208  1.95  3.6251  1.0934  1.3656  0.8708  2.7841  3.0132  0.4475  
trainID = 701  4.4595  1.1641  1.201  0.9226  2.8147  0.622  36.8766  4.1931  0.6963  1.6466  10.4353  0.2188  3.6614  1.6285  0.5072  4.4803  0.791  3.6786  4.2565  1.1974  0.026  0.682  2.1199  0.4231  2.7846  9.0463  12.2784  0.6699  0.843  7.5306  3.9167  2.5647  3.8671  0.4902  3.1348  2.5336  3.5094  0.6281  1.9766  1.1464  
trainID = 710  2.8385  1.2525  0.524  1.4206  1.8495  0.681  1.85  2.7178  0.658  4.2414  0.7309  1.9972  7.0191  0.2469  0.8511  0.7565  1.3936  2.5247  0.4126  1.5161  3.3083  0.3743  0.423  0.441  4.6189  0.738  3.1724  6.6603  3.2012  6.2602  0.6801  4.8864  0.0911  3.4561  1.627  0.71  1.4224  1.3957  2.4069  3.248  1.4529  0.3066  
trainID = 732  0.7027  0.132  0.9126  1.7163  0.5236  0.5135  0.137  4.13  3.7642  1.185  0.23  0.8371  0.1604  3.1828  3.3078  0.6626  2.3409  0.1482  1.1104  0.85  0.8178  0.1524  0.3638  0.976  2.063  4.4858  2.9026  2.0172  3.78  1.7218  0.0835  0.5242  2.386  1.9385  0.434  0.037  4.2619  0.1166  0.7066  0.0256  0.4756  3.636  3.3466  
trainID = 748  3.8205  3.4851  0.265  0.9736  2.7  1.327  0.269  2.6698  0.237  1.8651  1.1869  3.0962  7.1087  5.3791  5.1802  1.8665  1.5677  1.824  1.968  2.1216  5.2823  32.7146  1.2223  1.1864  5.8635  29.2947  17.2277  12.3674  6.0838  11.3757  1.2941  2.1742  1.54  3.2365  8.5699  2.4774  1.2071  2.9742  3.6163  4.2576  
trainID = 795  0.9563  0.2344  0.235  1.8744  1.3505  1.8664  1.5728  3.1956  4.0111  0.6896  0.1705  1.0491  2.504  2.6506  1.7819  0.3575  1.2436  1.0181  3.252  1.2341  3.9822  1.7085  0.232  1.241  2.2822  0.5759  2.2319  5.6537  1.0181  0.4019  0.7496  6.5422  0.3186  1.4998  2.1009  0.6336  0.9504  0.5073  0.9975  1.7831  0.9912  2.5568  
trainID = 829  1.0845  4.029  1.929  2.5597  4.679  1.3348  1.8221  1.9082  0.901  3.8157  3.7588  1.4763  3.939  9.5779  2.8223  0.4126  2.5296  0.9557  0.9292  4.6772  3.8648  35.8366  0.8528  4.8323  6.366  25.1064  2.3906  7.8767  4.7534  10.0554  3.1401  2.4381  0.521  4.0545  6.0487  0.9761  6.4201  1.0067  1.2958  2.8225  
trainID = 833  2.3223  0.0169  2.8986  3.1275  0.7348  4.0097  1.322  0.6685  4.2001  2.1008  1.0012  1.7182  4.2053  3.4391  3.7587  2.5694  0.0988  5.1859  0.7191  2.8294  1.2485  0.0756  0.445  1.241  1.5181  1.6525  3.0288  2.279  2.4793  4.9867  0.9769  2.3542  1.7221  0.4623  0.163  4.2196  4.4669  0.4002  1.8937  1.5334  3.1671  0.6358  
trainID = 845  3.1546  3.0313  2.1585  2.8695  0.9471  0.624  0.088  1.4088  0.175  1.6058  1.0781  0.3772  8.4048  4.828  2.065  0.5502  4.6715  2.0307  1.238  1.6652  1.4746  3.3623  0.267  0.377  2.0708  0.0316  0.5742  0.3668  3.0324  0.1494  2.5282  4.7384  1.0075  0.4116  1.618  3.9043  3.2938  1.449  2.7965  0.5776  2.6419  1.7747  
trainID = 877  3.9741  3.665  0.32  0.1096  0.0262  1.101  1.6811  1.6153  0.054  0.4801  0.9118  0.3766  7.6762  1.6076  0.9984  0.1992  1.3788  3.7812  3.17  0.5907  2.0583  1.8773  2.3396  0.498  3.6849  1.886  0.3951  1.9644  1.2567  0.357  0.6646  2.4176  1.7226  1.7351  3.0126  1.7828  0.0889  0.7761  3.8772  1.9721  1.3274  0.8357  
trainID = 890  4.3652  1.5937  1.3795  4.4317  3.2489  6.8005  0.357  2.0426  4.0507  1.097  0.4287  2.0565  1.7222  10.9058  5.9046  7.2088  2.8238  0.026  6.6528  2.752  1.8376  2.9202  0.5814  0.403  0.887  2.8536  1.1102  1.6642  1.5564  4.6852  3.9862  1.0326  3.3515  2.9374  3.2269  0.4358  0.7276  1.4211  2.2319  0.7328  
trainID = 911  2.9216  3.4188  3.0112  2.029  2.3929  5.4922  0.353  0.1607  3.8651  1.087  0.4686  1.6776  1.5452  7.2393  0.4446  5.9029  0.0955  3.6791  7.5296  1.114  0.4776  1.3142  1.0629  0.455  1.5  3.6606  2.2138  0.7584  2.6984  4.9959  4.4126  0.8297  0.889  3.3174  2.7247  0.525  5.3764  4.2801  0.2984  0.8503  2.0681  4.49  0.6798  
trainID = 913  0.2402  0.9081  3.0733  3.5885  2.8879  1.5477  0.836  3.9409  2.622  1.1556  0.845  0.7347  3.8658  3.1464  2.4953  1.8202  0.9189  3.5496  0.352  0.7907  1.4469  1.3429  2.4116  0.587  0.5937  0.2479  2.3785  1.7761  3.9556  2.3065  0.7247  1.1214  1.7209  0.5027  0.002  3.4337  1.9642  0.1164  0.2079  0.8477  3.3176  0.5505  
trainID = 937  0.9317  4.898  4.4018  1.6094  2.8922  2.0561  0.5  3.7462  0.559  1.528  1.5824  4.4169  2.979  0.5387  20.1147  13.1952  0.3598  5.7913  6.8555  2.333  3.424  0.0139  1.613  4.4234  0.261  4.2633  1.385  6.43  5.513  8.2353  5.2939  1.9336  4.2283  1.2905  3.1613  1.038  8.502  7.7682  3.3303  0.3634  2.6861  5  0.7498  
trainID = 938  0.5384  0.1627  1.4964  3.3737  1.2501  4.5735  2.54  1.1377  4.4184  2.107  0.1592  0.8418  0.1092  0.5369  3.5955  1.8348  0.191  2.4684  2.3211  0.019  0.9444  2.6049  0.2185  0.385  1.041  2.1215  0.0551  2.2923  2.5025  1.7798  1.1985  0.3703  2.1224  1.6947  1.4594  0.88  2.1752  0.4154  1.5564  1.5964  2.6641  2.64  0.3483  
trainID = 958  5.082  1.5136  1.2536  0.8953  1.3975  2.8224  0.602  2.1134  0.167  1.8835  0.983  0.4824  7.6372  1.0942  2.3323  0.1595  1.1034  2.5672  0.599  0.3421  3.1323  1.4415  1.286  3.8968  4.9389  0.3269  2.3892  7.3701  1.8285  2.4571  2.7562  8.2298  0.7696  1.8348  0.783  0.2833  2.339  2.4768  2.8719  1.8621  0.6377  1.1342  
trainID = 976  1.3877  4.0011  3.3713  3.9074  4.9979  5.796  1.065  2.987  2.8366  4.7105  2.9252  1.8158  9.9455  13.2332  14.1476  2.009  4.8986  8.3777  1.855  2.2821  3.1731  0.14  2.7284  2.3741  4.0317  2.4192  5.9987  3.9311  8.6301  4.7593  2.9062  2.5417  1.3916  3.6268  0.077  8.2447  8.5955  3.0513  0.1352  4.2621  3.1676  3.4714  
trainID = 981  1.5849  4.8265  2.5363  5.4044  3.7563  4.3326  1.063  2.3382  3.1916  0.053  4.6294  1.9031  0.3085  6.0837  10.8881  12.6897  3.05  5.1055  6.8063  1.715  5.1411  3.1374  0.6703  0.179  1.248  2.0978  0.0738  7.3923  1.8309  10.0325  6.1346  1.9205  2.0531  0.3517  0.4293  0.612  6.4006  6.7699  2.4063  0.3006  2.5581  4.244  2.3194  
trainID = 999  2.8646  1.7816  1.067  2.1926  0.536  2.8387  0.236  3.0928  1.643  1.8392  0.661  1.5295  2.9259  2.145  1.0385  2.3733  0.9394  0.8563  0.783  0.5689  0.7044  2.0336  1.244  0.415  3.1241  0.9545  0.8728  2.3689  2.423  3.4614  1.303  5.5724  1.4862  0.7007  0.768  1.8645  0.1777  3.36  2.5022  0.6925  1.897  1.2052  
trainID = 1039  1.7932  3.676  3.2594  0.7523  0.2113  4.4305  0.973  2.0331  2.358  1.567  1.2372  0.6093  1.9872  2.3577  8.398  2.2295  2.4175  2.8057  0.3862  0.724  3.2067  0.8334  34.0606  0.3294  5.0376  5.9357  7.7504  0.0887  0.1971  0.0666  3.9534  3.2873  0.4675  0.716  0.9377  4.5478  1.4869  0.1487  2.2061  1.6459  1.7717  
trainID = 1064  0.8961  0.1074  0.315  2.8649  1.8182  2.8994  2.1374  0.6254  4.3772  0.7591  1.4014  0.4533  1.7663  4.7935  0.1677  2.1427  1.2245  1.7141  0.9847  1.4157  2.1562  1.8068  0.835  0.519  1.7502  3.815  3.9992  3.646  4.0173  0.0001  0.6118  0.6038  3.255  1.7763  0.436  2.3574  0.1013  1.6853  0.0834  0.7854  4.314  1.7398  
trainID = 1069  1.8857  2.3543  3.4134  2.3668  0.1525  1.6168  1.367  2.9038  4.1141  2.9788  0.5039  1.8081  0.987  7.2107  4.4926  0.5816  1.8265  1.4952  0.551  1.7736  2.2  1.1082  1.38  1.6768  0.0218  0.418  0.783  0.2565  1.6543  2.6111  0.4576  0.6615  1.103  0.3505  2.2956  5.637  3.6281  1.458  0.8979  0.014  4.042  2.1041  
trainID = 1070  1.1524  2.1617  1.6206  3.0785  5.7867  4.6004  0.61  2.4319  1.263  1.8764  0.3787  2.0299  3.6453  2.7465  7.272  0.7502  4.203  3.4995  2.934  0.6376  0.0757  1.7731  1.385  2.4356  0.3477  1.1898  0.4373  1.5847  4.67  3.3304  3.2322  0.9104  1.5376  1.8909  3.664  6.7284  2.1788  0.6799  2.442  0.5876  3.4248  0.4221  
trainID = 1073  3.0861  4.3297  2.2818  1.5885  3.7421  3.8488  0.62  1.8905  2.116  1.265  4.4765  1.5541  0.2569  7.4611  6.3386  10.7463  1.9715  4.3796  6.8391  2.241  1.7762  3.8272  0.6376  1.609  1.9999  0.1721  0.4786  3.5083  1.4017  5.0411  4.2012  0.455  0.6992  0.1533  4.2599  0.399  5.4904  5.4568  1.8356  0.4381  3.1151  3.524  1.3448  
trainID = 1079  3.7938  4.2843  0.721  1.1515  1.0527  3.3914  1.421  3.1915  0.744  0.985  1.3355  2.1755  0.4899  6.5041  10.6979  6.8073  1.6263  3.3553  0.5333  3.421  1.0593  0.1004  3.1255  3.4869  1.3962  1.1155  5.0122  2.5385  1.513  3.8355  4.5218  0.5545  1.6553  2.1644  0.2094  1.419  6.1338  3.7343  0.0728  4.1683  1.6216  2.0455  0.9751  
trainID = 1083  0.5933  0.7485  2.301  1.6554  0.5013  1.5714  1.7338  0.3744  0.827  2.1831  2.3058  2.0012  1.8216  5.5451  2.7012  2.9621  0.3124  2.1454  0.695  1.0303  0.4381  1.4587  0.739  2.297  0.6556  3.0341  4.2571  0.1267  3.5559  0.712  0.6055  1.8701  1.9888  0.7898  0.108  2.7198  0.2772  0.3158  0.1228  0.6392  0.8501  0.0433  
trainID = 1084  2.2851  1.1961  1.151  0.0358  0.0433  0.7358  2.21  0.7842  1.025  0.5214  0.3931  0.7306  6.1432  3.192  2.4387  3.1457  2.5131  0.9658  3.226  0.6192  2.9357  2.8903  2.446  0.499  3.2714  0.7648  0.3504  5.4869  1.4526  0.5284  0.3923  4.3391  0.4491  1.5397  3.1547  3.3795  2.2749  2.9422  2.2839  0.9084  2.6041  0.1675  
trainID = 1134  1.9128  2.3341  2.794  1.3356  2.8312  0.439  0.626  3.0185  1.368  3.4009  1.8246  2.7522  4.2975  3.7505  2.4582  0.5442  1.4313  1.5941  0.4926  2.5659  4.6958  1.8472  0.641  1.26  2.2957  1.672  3.6943  16.5533  13.9665  14.3977  2.585  9.6727  0.8051  2.428  0.099  3.4245  7.5782  1.952  2.505  3.6332  1.5455  2.6137  
trainID = 1150  1.7211  0.0866  0.571  2.8026  0.8574  2.3074  3.1248  0.0088  3.3673  1.7144  0.1405  0.3122  6.4623  4.0456  6.4571  1.3636  1.9069  6.6126  1.3381  1.4779  3.1035  0.2813  0.245  0.498  1.1219  0.5497  0.2453  1.5709  7.1362  0.8908  1.1632  2.1154  3.5698  0.0966  0.241  3.5704  3.3577  1.149  0.4607  2.6341  2.2761  2.4055  
trainID = 1165  4.3382  5.4549  0.683  0.5746  2.7336  1.3845  36.9086  0.6505  0.0247  0.218  8.0728  1.7474  4.9703  1.5742  0.3682  0.3318  2.422  2.8322  6.1702  2.0865  1.393  0.379  5.5207  1.2434  3.2823  14.1373  18.0533  5.5343  2.9327  8.4674  1.801  1.8195  3.4126  1.3325  7.7249  2.2627  0.3178  3.7256  0.9979  2.4388  
TrainID = 133  dbValue = 1.157  nTestCell = 43  nTrainCell = 43  nDiff = 0  (X,Y) = (1185, 2355)  Position Error = 56.8595
TrainID = 470  dbValue = 1.42602  nTestCell = 43  nTrainCell = 42  nDiff = 1  (X,Y) = (1145, 2425)  Position Error = 38.6394
TrainID = 1083  dbValue = 1.467  nTestCell = 43  nTrainCell = 42  nDiff = 1  (X,Y) = (1215, 2365)  Position Error = 80.0812
TrainID = 652  dbValue = 1.47015  nTestCell = 43  nTrainCell = 42  nDiff = 1  (X,Y) = (1195, 2385)  Position Error = 57.0351
TrainID = 732  dbValue = 1.48371  nTestCell = 43  nTrainCell = 43  nDiff = 0  (X,Y) = (1135, 2445)  Position Error = 58.0775
TrainID = 266  dbValue = 1.53871  nTestCell = 43  nTrainCell = 43  nDiff = 0  (X,Y) = (1135, 2365)  Position Error = 22.2036
TrainID = 564  dbValue = 1.54863  nTestCell = 43  nTrainCell = 43  nDiff = 0  (X,Y) = (1165, 2455)  Position Error = 73.1642
TrainID = 938  dbValue = 1.55211  nTestCell = 43  nTrainCell = 43  nDiff = 0  (X,Y) = (1185, 2345)  Position Error = 63.0317
TrainID = 532  dbValue = 1.59078  nTestCell = 43  nTrainCell = 42  nDiff = 1  (X,Y) = (1095, 2365)  Position Error = 48.3011
TrainID = 682  dbValue = 1.6334  nTestCell = 43  nTrainCell = 42  nDiff = 1  (X,Y) = (1145, 2365)  Position Error = 23.0868
TrainID = 655  dbValue = 1.66667  nTestCell = 43  nTrainCell = 43  nDiff = 0  (X,Y) = (1195, 2455)  Position Error = 88.7299
TrainID = 670  dbValue = 1.66927  nTestCell = 43  nTrainCell = 42  nDiff = 1  (X,Y) = (1205, 2375)  Position Error = 68.0661
TrainID = 795  dbValue = 1.67157  nTestCell = 43  nTrainCell = 42  nDiff = 1  (X,Y) = (1175, 2455)  Position Error = 77.4145
TrainID = 877  dbValue = 1.67255  nTestCell = 43  nTrainCell = 42  nDiff = 1  (X,Y) = (1095, 2475)  Position Error = 97.9439
TrainID = 913  dbValue = 1.6875  nTestCell = 43  nTrainCell = 42  nDiff = 1  (X,Y) = (1185, 2335)  Position Error = 70.0928
TrainID = 999  dbValue = 1.69151  nTestCell = 43  nTrainCell = 42  nDiff = 1  (X,Y) = (1145, 2445)  Position Error = 58.4209
TrainID = 1064  dbValue = 1.74186  nTestCell = 43  nTrainCell = 42  nDiff = 1  (X,Y) = (1225, 2365)  Position Error = 89.7385
TrainID = 352  dbValue = 1.75717  nTestCell = 43  nTrainCell = 43  nDiff = 0  (X,Y) = (1115, 2465)  Position Error = 81.3204
TrainID = 349  dbValue = 1.76642  nTestCell = 43  nTrainCell = 43  nDiff = 0  (X,Y) = (1165, 2465)  Position Error = 82.5409
TrainID = 604  dbValue = 1.80241  nTestCell = 43  nTrainCell = 42  nDiff = 1  (X,Y) = (1185, 2485)  Position Error = 108.688
TrainID = 1084  dbValue = 1.86705  nTestCell = 43  nTrainCell = 42  nDiff = 1  (X,Y) = (1105, 2455)  Position Error = 75.5844
TrainID = 635  dbValue = 1.88213  nTestCell = 43  nTrainCell = 43  nDiff = 0  (X,Y) = (1075, 2445)  Position Error = 85.6329
TrainID = 1069  dbValue = 1.88434  nTestCell = 43  nTrainCell = 42  nDiff = 1  (X,Y) = (1085, 2375)  Position Error = 54.3415
TrainID = 845  dbValue = 1.93855  nTestCell = 43  nTrainCell = 42  nDiff = 1  (X,Y) = (1075, 2425)  Position Error = 73.5731
TrainID = 122  dbValue = 1.99079  nTestCell = 43  nTrainCell = 42  nDiff = 1  (X,Y) = (1125, 2305)  Position Error = 83.0241
TrainID = 1150  dbValue = 2.03239  nTestCell = 43  nTrainCell = 42  nDiff = 1  (X,Y) = (1155, 2305)  Position Error = 83.7437
TrainID = 710  dbValue = 2.05626  nTestCell = 43  nTrainCell = 42  nDiff = 1  (X,Y) = (1165, 2525)  Position Error = 140.616
TrainID = 833  dbValue = 2.09229  nTestCell = 43  nTrainCell = 42  nDiff = 1  (X,Y) = (1175, 2325)  Position Error = 72.2011
TrainID = 555  dbValue = 2.11628  nTestCell = 43  nTrainCell = 42  nDiff = 1  (X,Y) = (1075, 2425)  Position Error = 73.5731
TrainID = 958  dbValue = 2.14467  nTestCell = 43  nTrainCell = 42  nDiff = 1  (X,Y) = (1145, 2515)  Position Error = 128.191
TrainID = 251  dbValue = 2.29306  nTestCell = 43  nTrainCell = 43  nDiff = 0  (X,Y) = (1055, 2435)  Position Error = 95.8801
TrainID = 1070  dbValue = 2.32396  nTestCell = 43  nTrainCell = 42  nDiff = 1  (X,Y) = (1125, 2325)  Position Error = 63.3482
TrainID = 478  dbValue = 2.34111  nTestCell = 43  nTrainCell = 42  nDiff = 1  (X,Y) = (1095, 2285)  Position Error = 110.693
TrainID = 911  dbValue = 2.42573  nTestCell = 43  nTrainCell = 43  nDiff = 0  (X,Y) = (1125, 2285)  Position Error = 102.825
TrainID = 1079  dbValue = 2.56142  nTestCell = 43  nTrainCell = 43  nDiff = 0  (X,Y) = (1045, 2395)  Position Error = 93.3435
TrainID = 342  dbValue = 2.63973  nTestCell = 43  nTrainCell = 42  nDiff = 1  (X,Y) = (1085, 2295)  Position Error = 106.174
TrainID = 890  dbValue = 2.71076  nTestCell = 43  nTrainCell = 40  nDiff = 3  (X,Y) = (1165, 2245)  Position Error = 144.544
TrainID = 1073  dbValue = 2.85715  nTestCell = 43  nTrainCell = 43  nDiff = 0  (X,Y) = (1085, 2275)  Position Error = 123.907
TrainID = 1039  dbValue = 2.9971  nTestCell = 43  nTrainCell = 41  nDiff = 2  (X,Y) = (1275, 2435)  Position Error = 145.165
TrainID = 502  dbValue = 3.03941  nTestCell = 43  nTrainCell = 43  nDiff = 0  (X,Y) = (1065, 2295)  Position Error = 117.444
TrainID = 596  dbValue = 3.07974  nTestCell = 43  nTrainCell = 40  nDiff = 3  (X,Y) = (1135, 2525)  Position Error = 138.033
TrainID = 178  dbValue = 3.2998  nTestCell = 43  nTrainCell = 43  nDiff = 0  (X,Y) = (1085, 2235)  Position Error = 160.975
TrainID = 628  dbValue = 3.30304  nTestCell = 43  nTrainCell = 40  nDiff = 3  (X,Y) = (1105, 2545)  Position Error = 161.409
TrainID = 1134  dbValue = 3.3723  nTestCell = 43  nTrainCell = 42  nDiff = 1  (X,Y) = (1255, 2555)  Position Error = 204.727
TrainID = 455  dbValue = 3.41583  nTestCell = 43  nTrainCell = 42  nDiff = 1  (X,Y) = (1235, 2575)  Position Error = 211.549
TrainID = 490  dbValue = 3.43248  nTestCell = 43  nTrainCell = 40  nDiff = 3  (X,Y) = (1115, 2565)  Position Error = 179.48
TrainID = 981  dbValue = 3.50161  nTestCell = 43  nTrainCell = 43  nDiff = 0  (X,Y) = (1045, 2255)  Position Error = 161.471
TrainID = 701  dbValue = 3.64057  nTestCell = 43  nTrainCell = 40  nDiff = 3  (X,Y) = (1145, 2585)  Position Error = 198.124
TrainID = 557  dbValue = 3.69506  nTestCell = 43  nTrainCell = 40  nDiff = 3  (X,Y) = (1015, 2305)  Position Error = 147.828
TrainID = 937  dbValue = 3.772  nTestCell = 43  nTrainCell = 43  nDiff = 0  (X,Y) = (1015, 2255)  Position Error = 180.424
TrainID = 562  dbValue = 3.79314  nTestCell = 43  nTrainCell = 43  nDiff = 0  (X,Y) = (1055, 2235)  Position Error = 173.185
TrainID = 976  dbValue = 4.1954  nTestCell = 43  nTrainCell = 42  nDiff = 1  (X,Y) = (1035, 2225)  Position Error = 191.971
TrainID = 1165  dbValue = 4.25807  nTestCell = 43  nTrainCell = 40  nDiff = 3  (X,Y) = (1205, 2595)  Position Error = 218.525
TrainID = 417  dbValue = 4.2852  nTestCell = 43  nTrainCell = 40  nDiff = 3  (X,Y) = (1285, 2555)  Position Error = 223.233
TrainID = 427  dbValue = 4.31457  nTestCell = 43  nTrainCell = 40  nDiff = 3  (X,Y) = (1345, 2525)  Position Error = 248.783
TrainID = 170  dbValue = 4.50946  nTestCell = 43  nTrainCell = 43  nDiff = 0  (X,Y) = (1025, 2225)  Position Error = 197.517
TrainID = 309  dbValue = 4.58806  nTestCell = 43  nTrainCell = 40  nDiff = 3  (X,Y) = (1135, 2135)  Position Error = 252.018
TrainID = 829  dbValue = 4.645  nTestCell = 43  nTrainCell = 40  nDiff = 3  (X,Y) = (1345, 2535)  Position Error = 254.466
TrainID = 231  dbValue = 4.79516  nTestCell = 43  nTrainCell = 40  nDiff = 3  (X,Y) = (1045, 2185)  Position Error = 222.38
TrainID = 748  dbValue = 5.07192  nTestCell = 43  nTrainCell = 40  nDiff = 3  (X,Y) = (1265, 2605)  Position Error = 252.295
