trainID = 129  2.3759  8.4823  0.515  4.6119  4.4632  1.0194  1.9844  2.146  2.3698  3.9007  6.1161  1.4149  6.7102  4.8401  7.9305  7.81  8.7901  1.6437  0.4598  3.2858  2.4329  35.3549  1.2771  0.2594  3.7314  12.897  1.9929  5.8092  4.8142  4.0726  4.4209  4.7516  2.2232  1.7737  4.2757  2.3185  4.3361  
trainID = 137  34.5302  0.0997  1.6776  3.6547  1.8081  0.8181  3.5048  0.0956  1.2126  0.519  2.6067  1.3064  2.8423  12.6143  11.334  8.8669  0.5278  7.1442  8.6264  3.256  5.0703  4.485  0.4336  0.099  1.787  7.0045  2.6723  6.58  4.3094  3.296  2.0734  3.787  3.6874  1.7801  6.1426  0.731  0.8516  0.3267  2.384  2.307  
trainID = 139  7.3779  0.4261  0.579  0.401  4.813  0.8  2.0232  2.6676  1.098  1.7361  3.4958  1.241  10.4225  11.4767  5.9047  0.4383  1.8729  3.3119  1.415  1.4191  3.5634  0.6733  1.819  0.715  2.412  5.3406  2.1496  7.6027  7.0392  8.3325  1.4261  5.8372  0.8441  4.8995  3.4866  3.5367  0.2978  0.1089  3.4406  
trainID = 141  4.9907  2.8126  1.275  1.4002  6.185  3.0192  0.266  1.1371  1.2549  5.9369  6.9311  3.6945  8.0071  4.9321  9.1905  3.0286  7.0547  0.5714  0.066  3.5386  3.5226  32.4889  1.6261  0.2575  4.736  18.6214  6.0368  3.0842  2.9402  5.9887  2.3192  6.7691  2.1204  3.7638  1.3866  2.788  2.156  
trainID = 142  5.815  4.6259  0.482  0.3163  3.4945  0.1067  3.4782  1.7134  0.6601  4.0748  3.314  1.7646  7.3291  1.6107  5.8637  0.3205  7.3751  1.1375  0.1486  1.4731  0.5067  34.9389  1.6772  0.1696  1.9704  12.7415  5.1856  0.2306  1.9148  5.5285  2.0264  1.8985  1.4692  2.3347  1.8498  0.89  0.5451  
trainID = 143  7.9197  0.6167  1.785  5.881  4.232  3.8762  36.4373  0.5175  2.2662  0.3673  16.964  10.2112  6.78  3.5198  1.1971  5.4323  2.168  2.7273  6.1238  3.0744  2.5997  3.2079  5.7174  3.8911  0.7012  5.5632  12.6497  3.7449  0.9999  8.003  5.2059  2.5459  5.7849  6.0351  0.653  3.1818  1.9774  
trainID = 144  2.56  4.5742  0.464  1.298  5.464  3.3666  4.3562  1.3732  1.6982  1.298  1.4408  2.4702  2.5225  12.9575  8.7887  2.4183  0.818  0.1081  4.1204  2.487  1.2012  0.1615  0.7397  1.048  0.482  5.0559  3.9495  0.5453  6.4971  7.9322  7.8383  0.9946  5.6717  5.8101  3.4128  0.028  3.327  1.9251  1.8757  2.2706  
trainID = 150  36.4915  2.1319  5.0639  0.3546  1.3719  1.9254  4.0384  2.9571  0.0376  2.3377  1.8452  3.1885  0.0362  1.2027  0.6528  0.1446  3.8685  2.1221  13.3178  1.669  2.666  5.5894  34.0239  5.3652  1.0013  0.6842  4.2719  2.4032  1.6239  2.3582  3.356  0.4647  1.2736  0.326  1.0024  0.2732  3.495  0.2006  
trainID = 154  0.556  3.7658  3.3438  0.735  0.9416  0.1778  2.3272  2.3192  0.2499  0.535  2.409  3.6335  0.5763  5.4292  11.3508  1.4947  0.681  1.7373  1.1627  1.871  3.6381  1.3346  3.5198  0.938  2.233  1.2159  3.4957  1.878  0.753  1.1628  3.1502  1.2428  0.6612  0.2953  1.2141  2.4452  4.9364  0.325  2.578  0.0489  
trainID = 171  6.0093  3.1657  1.151  2.5  6.7794  1.3886  3.5332  0.1217  2.001  4.0593  5.8221  4.0625  12.2777  1.1907  8.1326  0.15  3.1055  4.2992  4.55  5.4762  7.2958  34.1959  2.4855  2.0875  2.1683  32.6315  17.2325  0.4691  1.863  11.2743  2.2275  7.9523  4.2263  0.5636  4.2792  1.6251  3.9885  
trainID = 172  4.512  0.3629  1.269  1.7099  3.6556  1.9266  1.2432  0.2753  0.997  0.5399  2.3441  1.6469  7.1463  5.3109  3.0305  1.1806  5.4909  1.9629  0.4278  0.5549  0.4504  1.6614  1.292  1.78  1.1173  2.9412  1.5261  2.7778  4.2416  5.7366  2.0743  3.6611  0.1604  0.9015  0.7183  3.3592  1.6075  0.5883  1.6067  
trainID = 175  30.8124  0.889  6.2771  0.1113  6.9775  3.1673  1.6566  2.4004  2.9381  4.0537  3.6145  6.2551  1.7553  2.239  6.5205  8.1583  8.9752  13.6224  6.7651  1.8368  0.064  5.6999  32.7209  3.7469  0.7163  4.8323  8.9193  2.4888  7.0631  3.1957  1.6879  3.8928  4.2298  0.8484  3.0671  0.4324  1.993  0.8465  
trainID = 185  6.7062  0.6457  2.853  3.4711  5.006  3.2762  1.0083  0.6624  3.653  3.4169  4.7471  1.3184  10.7043  5.2407  9.381  1.2021  1.0137  3.8712  2.984  2.3261  5.0517  31.9329  2.2442  0.7454  3.1452  15.6201  14.0953  14.1368  1.7733  8.1416  1.6006  8.6123  3.294  0.8348  3.3753  4.9829  4.3508  
trainID = 192  0.505  5.8686  3.5858  1.7254  4.171  2.21  0.629  1.6042  4.6578  0.524  0.6586  0.5325  1.5577  12.2863  18.6255  2.8582  3.0361  4.2851  2.0799  2.0029  1.548  1.986  0.2479  3.7763  7.8285  1.1179  1.8283  2.6718  3.425  2.8766  3.6072  4.2872  1.1733  4.9129  0.209  0.4294  0.4463  
trainID = 194  5.9443  1.0634  0.483  3.5444  4.7135  0.1035  3.2842  1.7422  1.811  3.8862  1.9396  1.4319  9.0899  6.5218  4.8112  2.0386  2.6105  3.2554  3.888  1.514  0.495  2.3538  0.743  0.376  2.172  4.9912  0.7104  6.2799  7.5834  10.0678  0.2269  5.0039  3.7857  1.0505  3.1578  4.173  2.1089  0.6672  2.5897  
trainID = 211  3.1848  1.5977  1.518  0.0565  3.4595  0.364  0.9662  1.6742  0.1531  4.19  4.3981  3.8595  6.6903  4.3387  7.3572  3.7193  5.3951  0.9417  0.969  3.604  0.1762  33.8709  0.2175  1.7795  5.3229  15.5051  5.7481  2.4397  2.8701  7.0455  3.1418  4.8792  0.3915  2.8027  2.2207  1.473  2.4718  
trainID = 214  33.5967  2.1747  5.8127  0.6522  6.7808  0.5912  6.1383  1.632  1.1572  3.9024  3.1447  4.4731  2.9315  1.538  3.7859  4.0971  7.1445  1.094  16.9785  0.5013  3.3337  5.1398  5.8835  0.5395  0.7961  0.1134  1.2695  5.4787  1.4802  2.9737  0.4121  1.6894  2.178  2.2181  0.8625  4.223  0.4575  
trainID = 216  0.344  0.6364  6.0947  6.0661  2.4895  2.28  2.7683  2.4172  2.8838  0.3152  2.8538  1.8254  4.6669  18.1757  17.4534  16.3921  2.3725  7.8175  4.9209  3.986  6.2165  2.2502  0.6174  0.151  0.597  3.7054  4.1447  8.0646  3.9536  5.2707  0.4331  3.2624  2.3432  3.5386  6.1221  0.893  3.3972  2.05  3.296  2.0495  
trainID = 220  0.239  3.1436  0.5102  1.9238  0.9981  0.1479  2.5081  1.8602  0.1411  0.434  2.8689  2.677  1.4905  1.9266  13.2888  0.0108  0.8177  2.6372  2.4383  4.122  3.3638  2.0893  0.3172  2.4517  1.668  1.3346  4.01  2.4771  1.534  2.4372  1.0646  2.9122  1.2626  3.2872  1.8511  0.5149  3.7704  1.2387  0.7184  1.8918  
trainID = 229  6.8849  1.3316  0.6437  3.7049  1.4051  3.6132  5.0812  2.1695  2.1  2.3385  3.7196  1.2359  13.6116  10.3679  3.7239  1.7906  0.0648  3.1212  3.73  0.4728  3.6907  0.3326  0.673  2.3239  3.921  3.6959  0.646  4.3989  3.6467  6.3349  0.8391  2.3928  2.2762  2.1122  3.5162  7.7733  2.3864  0.3702  2.5263  
trainID = 236  4.5655  0.2344  0.69  1.6735  2.5552  1.0942  0.7652  1.7914  1.602  1.9918  3.7418  2.3145  10.3592  1.9902  5.4213  0.2837  2.6561  1.2186  1.728  0.0452  3.6058  0.6148  0.4  0.122  1.8433  1.8969  2.082  6.0241  9.5237  10.6023  1.646  5.1698  0.2614  3.2357  1.3968  1.4221  2.9865  0.8793  3.281  
trainID = 237  4.7002  0.2396  0.0395  0.7954  2.5356  0.6251  3.0892  0.3611  1.736  1.4753  4.043  0.2219  7.0352  7.7808  2.2834  1.4862  0.8548  1.964  1.928  0.0057  1.1643  1.756  0.628  1.786  1.1534  4.0033  0.1241  1.1095  5.7887  5.3552  2.0912  0.3538  0.3057  0.9133  0.103  0.7944  1.6463  0.984  0.228  
trainID = 240  5.175  2.1439  1.166  0.5907  2.1608  0.1641  4.5842  0.5688  1.285  2.1566  2.5511  0.7555  10.826  8.5992  2.8834  0.0373  0.8924  4.5846  3.132  1.0502  2.1569  0.0536  2.7469  0.56  4.6656  2.5571  1.7528  5.2491  5.444  6.7031  0.1669  4.1923  1.4042  3.0885  3.279  3.1373  0.9725  1.103  1.758  
trainID = 244  0.358  4.5134  0.7273  3.678  2.4797  2.4177  2.3152  3.5612  0.5989  2.064  3.8282  1.4292  2.0151  11.8003  12.9774  2.1604  0.9012  1.0896  3.2609  2.014  1.9357  3.6704  0.8908  0.043  0.756  1.7224  5.602  0.5215  4.0266  2.0841  3.1055  3.463  1.306  4.529  0.1484  3.2209  4.5512  0.967  0.5213  2.32  
trainID = 260  35.907  0.0142  0.3921  2.792  0.275  1.3215  4.1862  0.7617  0.2943  2.9172  2.7376  2.2358  1.7297  5.4404  2.1487  1.4529  3.2168  0.6985  10.6986  2.336  3.2812  2.587  2.6462  1.2956  2.6769  1.942  0.7263  0.5607  3.0778  2.0503  1.803  0.9565  0.167  0.7226  0.316  3.299  1.3883  
trainID = 264  0.495  4.5001  4.0651  1.66  2.3539  4.6261  3.3562  1.8152  3.7281  1.469  0.3335  1.2195  1.5958  15.5841  14.2108  0.8008  2.1715  0.0726  4.0191  2.126  3.2798  3.5498  4.4781  0.07  0.501  3.9255  3.3495  2.3421  1.1024  3.0663  3.1658  3.427  1.3434  4.42  2.1472  3.5207  3.9398  3.158  1.893  3.2038  
trainID = 273  2.5925  1.3464  2.5321  0.354  1.0965  2.5296  1.8422  0.3094  0.224  0.4023  2.3411  2.0435  2.6748  2.3674  2.3664  3.7116  0.4824  2.7493  1.1432  0.2596  1.0882  34.9999  0.1408  2.1407  0.7452  1.9229  1.463  0.4154  2.6218  0.5361  0.753  0.246  0.16  1.0636  0.8619  0.4487  0.1184  
trainID = 280  1.109  0.2405  1.4619  0.8004  1.259  1.7531  1.0896  2.9146  0.0595  1.916  1.6429  1.7617  0.5239  2.9302  8.7259  2.0099  1.1705  0.5082  0.9711  2.286  4.474  0.8732  0.2549  2.0661  2.3242  1.1147  1.406  2.0873  0.9759  1.0079  1.8317  1.2858  0.9699  1.0409  1.6344  0.3471  1.0228  2.312  1.568  0.5891  
trainID = 283  34.4586  0.6311  0.1628  2.4626  2.6268  0.5959  1.7139  1.7007  0.3013  1.0296  0.1549  3.2199  0.3882  6.5417  1.9116  2.258  2.8453  3.7577  10.3767  3.143  5.0499  2.5282  2.2597  0.172  0.774  4.5811  0.7754  4.0502  1.2634  0.0304  0.9854  1.7683  3.2439  0.5049  2.2779  0.9118  1.5821  1.302  1.437  3.5732  
trainID = 284  4.3397  2.7211  2.2152  1.2027  1.6722  0.5459  1.7042  0.6923  3.811  0.4155  0.3229  1.4548  9.1252  13.1072  1.8324  1.8942  1.6316  0.2883  4.152  0.3765  0.2591  1.1905  0.813  2.3093  2.1921  4.5899  3.1155  3.6869  3.3882  1.7954  0.1665  1.0976  2.8285  3.6184  3.8284  4.7649  3.2782  2.852  1.02  
trainID = 286  1.708  0.9178  4.3233  3.208  4.3394  6.5747  0.8669  0.6812  1.3703  0.067  6.2597  8.2721  5.9635  6.0461  7.1157  7.849  6.2885  8.6573  2.3917  2.7105  3.6391  0.3156  34.7149  3.596  0.5357  4.9668  15.0561  1.9051  5.5598  3.8902  3.3795  5.4952  6.2579  0.3417  4.8282  1.7056  1.9304  1.8772  
trainID = 300  36.5331  3.0394  6.5652  1.2543  6.5316  1.6594  4.7534  1.8937  2.9844  3.2075  3.3711  4.0368  1.9825  2.8551  4.3678  6.8921  11.5105  3.5622  18.0248  2.0811  1.2088  7.5544  3.7112  3.9786  2.6109  1.0476  1.4836  5.426  1.4659  0.8033  1.8537  2.0855  0.556  3.309  0.385  1.3557  1.8941  
trainID = 303  35.0339  1.8342  1.1008  4.0947  1.5366  2.8755  1.4158  2.2962  0.6952  1.5902  0.8589  0.858  0.1074  11.8284  8.8313  7.5837  0.2878  6.6611  9.8029  1.602  4.633  4.7664  0.682  1.242  1.05  5.9486  1.9216  7.0265  4.6324  2.0276  3.6745  4.533  4.8884  0.7698  6.7407  2.836  1.946  2.431  2.02  3.8444  
trainID = 304  34.8958  0.4538  1.4301  1.9194  1.3379  1.1884  2.5414  0.8353  1.0403  0.2885  2.1091  1.1544  2.1131  15.7213  12.1873  12.9581  0.5326  6.8766  8.7735  3.055  8.284  4.4614  0.9335  0.955  0.719  4.6847  0.7493  9.2615  6.7361  2.841  2.1613  4.239  4.4234  4.6738  5.942  0.5695  3.71  2.767  4.167  1.0806  
trainID = 306  35.7411  0.9479  1.4995  2.4612  2.1403  0.5198  1.8779  2.6226  1.4029  0.275  0.4269  2.5957  0.5539  2.9394  1.8201  0.1299  4.3354  0.6304  4.7287  1.4558  4.9602  3.9171  3.2088  0.112  0.6498  0.2295  0.552  0.2691  0.5859  2.1695  0.4079  1.7191  0.226  0.3588  0.651  1.685  0.534  
trainID = 320  33.2604  0.2507  9.2966  1.1677  10.0553  4.6948  2.7069  6.1987  4.2164  4.5838  3.5358  4.2651  3.5905  5.2942  6.1826  10.3  19.4273  13.5164  31.8069  1.5021  0.08  8.3299  5.0338  2.7455  4.9262  5.7862  1.4323  12.6063  1.0878  1.7968  4.2008  1.5373  0.707  4.5062  0.978  2.866  2.4785  
trainID = 325  31.7214  1.7065  3.7149  2.6124  1.7349  0.9645  3.7642  2.0228  0.7287  3.3827  0.4937  4.9671  2.0975  0.43  0.8906  1.5779  6.9875  0.2846  13.3433  0.2811  2.4423  7.4717  5.9247  0.7643  0.2959  2.1653  2.0321  2.1463  0.6031  3.7534  0.0573  0.3414  0.582  1.234  0.5735  1.359  1.2518  
trainID = 329  0.932  2.8741  1.3085  1.909  1.5656  0.0924  0.1192  0.4443  0.5141  1.347  0.4401  3.9438  0.077  1.349  0.6528  1.7601  1.9815  2.7558  0.759  1.435  0.9396  0.7171  31.3539  0.9822  0.3462  0.7382  1.5885  3.7548  1.0309  1.4795  0.8399  1.0037  3.3842  1.9271  1.7912  0.126  0.5655  1.4975  
trainID = 368  1.734  4.2692  0.6784  2.849  2.1769  3.4264  0.0311  0.3658  0.2039  0.9546  0.644  4.9221  1.6702  3.1319  5.5478  2.7119  1.3096  2.0357  1.6573  4.731  2.0172  2.4457  0.7896  0.119  0.825  0.7933  0.2182  1.1312  2.4044  4.5551  2.5464  1.0269  1.4544  0.736  2.6036  1.4133  2.6251  3.222  1.442  0.6051  
trainID = 369  35.3316  0.0344  10.9579  1.754  9.3057  5.5138  2.3879  3.198  4.4752  2.1537  3.6251  5.5741  3.5935  4.4421  5.7941  10.1744  19.4867  12.6765  26.3871  2.2169  0.4418  9.503  5.7857  3.0416  5.939  5.4019  2.9602  9.5436  1.7698  1.1538  4.003  0.9629  0.6356  6.0137  0.846  2.451  4.1862  
trainID = 377  7.2307  2.3322  0.791  4.907  3.2075  2.4902  5.2742  1.5097  1.483  1.6863  4.2351  4.8095  13.4742  6.8643  5.9098  2.8771  0.8246  3.6731  2.044  1.0905  4.1436  0.7585  0.59  2.8651  4.1099  5.227  0.2956  8.1932  8.2737  12.3553  0.7545  10.9421  4.0516  4.3179  4.3564  4.3951  3.6942  1.0712  4.3566  
trainID = 401  7.4588  0.1258  0.343  5.244  2.6018  0.819  34.7903  2.8503  1.153  0.9671  15.0686  10.0661  4.8768  2.9466  1.1465  6.1699  4.13  0.0961  6.4275  3.8013  0.722  3.785  7.5427  7.1284  0.5376  5.7549  10.5642  5.5499  2.5954  6.2453  6.9628  3.0743  4.9617  3.7004  1.7593  0.1538  3.2065  
trainID = 408  34.5206  2.4799  8.2439  0.8403  7.6946  0.7511  3.1377  1.8382  4.625  4.1874  4.347  4.9081  3.3765  3.8762  7.0256  4.5398  8.7982  0.1065  22.7499  0.3183  2.5293  7.5938  5.9281  1.3044  1.918  0.5024  0.994  4.0944  0.1056  1.524  0.3555  1.1551  2.693  1.4513  4.15  0.8708  0.1918  
trainID = 426  34.993  0.6061  7.9535  0.256  8.486  4.4743  1.1751  0.6152  2.6227  4.0373  3.8736  5.7301  4.9005  4.9806  6.7559  6.681  13.0069  15.4907  12.6945  2.759  4.1448  6.002  2.9736  2.8896  7.0518  11.6917  0.006  10.656  4.4296  2.817  6.4088  2.3958  0.111  5.1329  0.316  1.6386  1.3981  
trainID = 436  35.7  2.2816  4.8093  1.8281  3.1705  0.3888  2.5919  2.2606  0.9072  1.3041  1.7731  4.6691  0.8864  1.4033  0.6549  2.0311  2.9737  1.6617  16.1157  1.156  3.0549  5.0911  4.2781  0.2377  0.1583  1.4454  0.2429  3.5509  0.7855  2.4845  0.227  2.0705  0.896  0.167  2.368  2.731  0.1697  
trainID = 438  9.4512  1.9513  2.621  2.1296  2.0852  5.4212  36.9403  3.5544  0.178  1.0465  16.6642  9.3803  8.8718  0.8744  0.4347  5.2896  3.943  2.2391  5.3916  3.1943  0.82  1.26  5.2854  5.1687  1.0037  8.5709  16.4505  5.5505  1.4289  9.5594  7.5576  2.8364  4.75  3.7226  1.7386  1.2282  2.787  
trainID = 451  33.5875  1.8794  3.5632  4.7668  1.1305  4.2434  2.8846  0.4073  1.1891  0.214  0.0695  1.7241  0.3485  12.9415  10.2093  10.5304  1.5542  8.6211  7.8399  3.926  6.014  1.8196  0.553  2.3066  1.02  6.1657  2.838  7.4771  1.8089  2.4352  2.6302  2.2779  1.776  1.6432  3.6322  0.8566  1.7393  2.436  3.631  3.3721  
trainID = 456  4.6273  1.5524  1.344  3.6208  6.0252  0.5605  3.4942  1.1861  2.507  3.0112  4.0939  2.5635  10.7235  0.6775  6.8349  2.0325  4.3877  2.3967  0.1748  3.7011  2.8206  2.0054  1.627  0.263  1.0359  2.5003  2.4136  11.6239  15.0543  11.71  0.9135  10.4054  1.3414  2.9072  4.2143  3.4387  4.2283  1.8834  3.0846  
trainID = 464  36.0827  0.7635  6.2355  0.0188  4.1138  0.4463  3.9999  1.3688  2.4519  2.0492  4.1571  4.1342  1.3913  0.7217  4.4613  5.7326  6.9395  7.2144  8.4837  0.8694  2.6605  4.1797  2.8685  0.904  2.4725  1.9616  1.5588  0.7909  0.4172  1.0947  0.709  0.4613  0.74  0.3206  0.666  0.8715  0.7034  
trainID = 471  8.7158  3.6895  2.525  1.4053  3.6699  0.1398  36.6823  2.0107  2.2698  0.0664  13.3337  10.7819  3.8241  1.3799  0.9148  6.3677  2.849  1.9219  5.4285  1.8674  2.0654  2.5999  8.4087  5.5297  4.4175  5.1561  4.9219  3.9537  0.3158  3.3243  7.8613  0.1833  3.3246  6.8784  1.3433  0.5612  3.5181  
trainID = 489  5.8092  4.5714  2.9362  2.8677  2.8542  2.5503  0.6302  2.329  0.915  1.3191  0.5468  2.4403  10.5247  21.4183  4.8702  1.6991  2.2074  0.9606  1.4034  5.626  0.4418  0.49  2.8698  2.5534  2.6841  4.6149  8.3316  0.3978  0.4991  2.1839  1.8055  1.164  4.8574  4.4599  0.3586  3.0916  3.077  1.372  0.1729  
trainID = 493  0.959  1.7877  2.0495  1.3335  0.3414  2.5488  0.6967  1.4012  3.0389  0.304  0.8346  0.1365  0.8781  3.4115  19.734  5.3977  1.6731  2.461  3.8382  2.671  8.2752  0.5136  0.2398  0.537  2.3414  3.1368  2.1302  6.6789  1.1942  0.585  0.1653  3.0881  1.8488  2.6714  3.764  1.3307  3.1686  0.441  2.568  2.1111  
trainID = 508  5.8861  0.5814  1.048  1.5452  4.3601  1.129  0.106  0.6212  1.624  2.9263  2.8867  1.8926  6.9799  7.6724  6.7171  1.4549  3.1556  2.7112  2.549  1.8073  2.3552  0.0713  2.304  0.217  2.8161  2.2641  2.0255  6.0773  6.3181  7.3548  0.097  4.2408  2.5482  1.397  2.7522  2.4394  2.9205  2.5138  1.9946  
trainID = 514  1.115  0.8301  4.7773  1.8515  0.323  4.7992  0.6797  0.6872  1.0403  1.443  2.4579  5.4361  1.8802  3.9856  0.857  3.9046  5.2428  5.5058  0.9562  0.8886  1.0424  0.1626  34.5139  0.9782  0.6494  3.3288  4.263  2.7834  0.5637  0.3698  0.1276  1.1332  2.8068  0.895  0.9768  3.3307  0.8133  0.2249  
trainID = 516  10.2369  0.9775  0.824  4.542  4.4165  1.0354  34.1903  3.7396  1.7701  0.6758  14.7028  11.2976  6.7616  2.2282  3.3965  5.7864  2.89  0.0031  6.8138  2.5915  1.094  1.715  6.7518  3.6176  2.7321  8.1715  8.942  7.2876  2.2833  7.1809  5.7941  2.3041  5.1767  5.251  2.33  0.8003  4.1833  
trainID = 521  31.0145  2.4648  3.5005  1.174  1.9961  0.4275  2.4205  0.7159  0.9281  0.8525  0.3568  2.4194  1.5115  0.4188  0.3154  4.2403  4.6174  1.138  9.9865  2.209  3.4162  3.4978  2.5259  1.5713  0.4453  0.376  0.1274  1.6803  1.149  1.4659  0.2721  1.8322  0.193  1.4985  2.279  0.143  0.0074  
trainID = 531  0.487  6.4816  3.7489  1.9123  3.6348  3.3121  0.3554  2.8682  2.9161  2.023  0.006  0.3183  0.8597  15.1887  15.4494  0.936  1.54  2.5009  2.4055  1.4985  3.6123  3.639  0.6806  6.0537  5.3508  1.1437  0.4143  0.9321  4.793  2.5248  4.7167  3.9511  6.0483  5.302  0.349  0.6482  0.2849  
trainID = 546  6.2565  1.0943  2.172  2.2291  5.293  1.7483  3.2092  0.9942  1.046  3.7454  5.4091  0.4989  11.7512  5.3519  6.3118  1.7649  2.1806  4.5279  1.78  1.2674  6.1456  2.4878  0.321  1.328  3.9408  2.3762  0.1627  14.2004  14.5432  15.6774  1.0369  10.5594  4.3578  4.2436  5.7025  1.5349  1.1485  1.8308  5.6247  
trainID = 550  6.6761  1.4923  0.368  3.207  4.8968  1.9028  2.6162  1.6705  2.051  2.7063  3.5261  1.3244  14.3099  6.6731  4.8406  1.7745  2.2567  2.7598  1.774  0.5168  2.8062  2.2112  0.68  2.712  2.7002  1.3147  0.5446  9.6792  11.0706  11.7517  0.776  7.795  3.3957  2.7219  0.122  3.2488  4.7029  1.4145  2.6609  
trainID = 553  5.5313  0.7422  0.7385  1.6845  6.9014  0.4831  3.2482  1.9735  0.8248  1.0221  4.189  0.2919  8.8689  2.8083  6.7903  2.6636  2.5267  2.6106  0.9666  1.2159  2.974  32.3099  1.1929  1.2103  0.2825  9.8549  9.0545  9.2597  0.5622  7.6631  3.5383  5.6818  3.5447  0.9665  1.2087  1.9566  3.1535  
trainID = 574  33.8447  0.8369  1.7903  0.3224  0.6954  2.4723  5.6527  0.9724  1.61  0.2904  0.9324  3.9474  1.7491  4.49  0.6706  0.5214  1.859  4.6557  9.8633  1.884  2.9568  5.3546  2.0924  2.4284  1.1426  2.3905  0.1315  1.0618  3.566  1.7874  1.8883  4.0016  2.593  1.2619  1.968  3.054  1.8248  
trainID = 579  34.5582  1.8003  9.1559  0.398  11.8331  5.4578  4.269  6.7954  5.5549  6.8938  3.8214  5.2691  2.6375  3.0469  6.7668  6.2546  15.5341  9.1923  29.7726  1.4644  1.561  10.0745  7.0908  4.0276  3.8668  5.1645  2.8028  9.0733  0.9133  0.3668  4.5155  1.4692  2.202  4.1  0.977  1.035  3.8796  
trainID = 581  31.9173  0.1111  8.6874  1.936  5.5505  6.4389  5.8562  2.5525  2.9257  3.2473  5.9408  7.8961  4.7855  6.1442  8.1812  8.9578  14.7835  13.1347  11.193  2.9843  4.0915  2.9517  4.8165  0.8343  4.6866  10.4725  1.7416  9.0528  3.913  3.1519  5.4567  3.1038  0.4352  4.4132  0.282  1.297  0.0811  
trainID = 597  35.5987  2.8173  7.8717  1.093  6.7448  4.7355  1.775  3.2415  3.6383  2.9299  3.0758  4.7351  3.2515  2.5575  4.7677  5.3529  11.9408  3.5289  20.1373  0.2162  3.8178  7.049  3.9421  2.4359  3.3021  2.6642  0.2264  6.3168  2.2398  0.1096  4.4428  0.4561  2.429  0.95  0.7284  1.161  1.3274  
trainID = 605  35.7457  4.6815  6.3687  1.5265  5.3781  2.7017  5.9384  1.2275  0.8155  3.5297  1.0461  5.3121  0.2725  0.2796  1.8432  1.5224  2.7942  5.6655  15.4863  0.3344  2.8727  6.3983  7.6195  0.0824  2.336  5.5681  2.0152  3.543  2.5019  0.5015  1.0402  2.5775  2.294  1.4176  3.47  4.288  0.3794  
trainID = 627  36.7955  1.3954  2.2944  5.5927  2.2163  2.2083  1.5156  0.1116  1.2644  1.3659  0.6036  0.9353  1.8514  7.7723  8.4749  10.7824  0.754  6.9224  10.7693  1.978  6.5989  4.8305  1.5773  0.715  0.734  6.361  0.6684  5.1826  4.7986  2.1007  1.5309  3.614  1.9662  1.4952  6.1598  1.822  1.1378  34.0218  
trainID = 632  2.0685  0.3692  1.048  1.056  1.4868  0.3892  0.0733  0.0276  3.123  2.1545  1.9185  0.4164  2.195  2.6662  1.5806  2.2751  1.0282  1.465  3.906  2.558  1.1734  1.3436  0.711  0.717  0.3357  2.0055  0.0357  0.7527  3.6096  2.6617  0.7923  0.4851  1.0863  1.0094  2.0129  1.8173  1.5583  1.2263  1.7979  
trainID = 633  0.009  0.1339  9.3506  4.0816  0.8732  2.3456  2.7063  2.5322  5.7288  2.582  2.4314  1.9645  3.0035  5.1122  30.4905  11.8823  2.3557  8.4811  4.3689  1.0202  2.1693  1.07  4.8698  2.0905  10.3227  4.6451  3.0197  5.2385  4.143  3.9224  3.7084  7.6767  0.854  4.1093  0.6565  4.228  1.0632  
trainID = 634  33.4758  0.6321  6.9658  2.4044  5.3962  2.2932  1.6577  2.2195  2.5424  1.2173  3.9723  6.1501  2.3635  3.5298  5.4439  4.0394  8.7677  9.1321  9.3911  2.2912  1.0149  4.7015  4.9814  2.4006  5.0508  3.8167  3.3402  3.453  1.1995  0.4376  1.2845  1.1304  0.368  1.46  0.7983  1.233  1.4066  
trainID = 662  35.1025  0.7655  1.2355  4.9785  1.2242  1.4744  5.5143  1.0222  1.1189  0.37  2.7364  2.4879  0.3755  10.3393  7.342  10.5359  1.389  7.3296  10.7714  3.409  5.2736  2.0113  2.0037  0.086  1.616  8.0956  0.4267  7.2937  2.738  2.4472  1.3274  3.1509  2.7107  1.3861  4.7559  2.322  2.6229  2.897  3.167  1.4974  
trainID = 664  9.0688  3.7143  1.4646  3.1588  1.2756  0.6369  2.4052  1.0468  1.973  1.3449  0.2113  0.102  13.6598  13.7879  1.4363  1.1311  3.5019  1.8328  3.98  5.7932  1.2635  4.4351  4.1714  1.673  4.5796  3.854  6.6427  1.9276  0.2938  3.1316  2.596  3.2291  5.3913  5.1  2.7076  5.4047  1.051  1.747  0.6428  
trainID = 666  34.7624  1.4059  10.41  0.5913  8.3537  6.3845  1.3351  3.6568  5.5422  5.5885  3.6979  8.3391  5.8405  4.4217  6.4496  7.2029  19.5346  20.8889  16.0762  2.205  0.8376  6.8398  5.8478  1.8645  6.5418  7.6634  1.5436  10.4792  2.0942  1.4685  5.0402  1.315  2.243  3.6196  2.3423  0.9112  3.1476  
trainID = 684  36.0896  0.0108  0.1125  2.3247  2.5789  1.0501  3.9731  1.5682  1.2253  0.675  0.8017  2.2515  1.0075  6.7989  6.5192  1.4748  1.6269  4.9849  9.2356  1.6186  3.3332  3.8284  0.4004  0.997  0.387  3.5457  0.5033  5.2446  3.6104  0.2477  2.1193  3.501  2.8835  1.5571  2.841  0.599  2.1577  0.4201  0.6616  3.5706  
trainID = 696  5.6559  2.8614  0.6176  2.641  0.7457  1.4261  2.3152  0.6418  0.4953  0.5183  1.2794  2.4178  6.3379  16.4878  1.9983  2.077  1.4581  1.76  2.97  3.4323  1.3859  0.7176  1.407  0.24  0.1048  5.0688  7.3607  0.9466  1.3995  1.0479  1.4252  0.308  3.7979  4.1047  1.1206  4.5036  1.395  1.505  2.0901  
trainID = 697  5.2508  0.5547  1.959  4.49  6.5521  2.5372  1.9352  1.6509  0.558  3.8455  4.9871  3.1385  10.9798  6.634  7.1043  0.1461  1.745  1.4097  1.872  2.0291  4.0868  0.4652  0.172  0.102  3.3086  3.3814  2.8479  8.3361  11.45  11.1399  1.7331  6.4389  1.5953  5.361  2.5841  2.2175  2.4273  1.5675  3.4413  
trainID = 705  5.6034  1.4406  0.884  1.6865  6.5069  0.5408  2.3082  0.0797  1.059  3.8587  4.1987  1.6662  8.3867  4.036  7.4771  0.2147  4.3482  3.3206  2.083  2.1835  0.9972  0.6224  0.148  1.608  1.2446  1.9579  3.4573  6.7221  10.1352  9.483  0.5755  7.3639  0.6822  4.6324  2.9108  0.4995  2.0328  2.9535  3.6199  
trainID = 706  35.2667  0.3315  0.6249  2.71  3.3065  2.0702  4.3025  0.9642  0.0014  1.038  2.1256  1.3794  0.6978  12.8085  8.2068  7.3494  0.5464  6.1991  9.6829  4.435  5.5592  4.9269  0.9564  0.718  0.261  3.8477  0.9365  8.653  2.5507  0.1414  0.0682  1.7735  3.5821  2.5631  3.4295  0.665  0.5085  0.226  2.792  0.7652  
trainID = 726  5.5861  3.873  0.0975  2.1623  1.4439  0.2447  3.8532  1.9326  1.904  1.6496  1.4236  2.0038  10.8309  17.1409  1.9486  3.8226  1.2147  3.5661  1.5131  2.1408  0.4757  1.5093  3.608  1.183  2.884  6.0593  4.1592  0.92  1.2739  1.5314  1.8928  1.1687  3.9402  1.7285  0.154  5.932  0.8764  3.154  2.8101  
trainID = 729  1.816  1.5735  5.4936  1.556  0.2775  3.6792  0.4466  1.4103  0.1421  1.9359  4.5042  4.0753  2.5965  2.846  4.9634  5.1033  4.9531  8.336  2.7267  0.6599  1.4246  0.7558  4.0292  0.6418  4.0665  9.5449  2.4906  1.2888  2.337  0.996  4.3677  4.9526  0.38  2.9903  0.1704  2.445  0.9428  
trainID = 731  36.8162  2.6376  10.6092  1.7056  7.8967  2.7401  5.4471  5.194  2.8209  3.0665  1.5664  3.7636  0.0559  3.8166  3.6672  3.9814  8.0348  5.8728  20.2133  2.7565  1.8715  8.9471  6.0069  1.1429  1.8493  1.2519  3.9645  7.5123  2.2127  0.5765  0.0358  0.7573  0.45  0.6538  2.833  3.115  2.7647  
trainID = 735  33.9037  3.1926  4.7076  1.2318  0.7298  0.5963  3.7665  2.4648  2.9569  2.4593  0.3112  3.5954  4.4705  3.3976  5.1883  1.0491  3.6511  4.3777  9.3836  1.598  2.0826  5.8158  2.6179  0.2086  0.8174  1.6574  0.0764  3.0385  0.8156  3.2501  0.1767  0.186  2.051  1.2234  0.624  2.105  1.8286  
trainID = 765  35.186  1.7185  6.641  0.961  3.3771  3.5728  1.0375  0.1196  2.0286  0.7162  2.567  5.5031  4.3235  0.9981  3.1573  4.8445  7.2849  5.8309  3.2549  1.63  0.9008  5.8073  2.6272  0.1415  2.6945  4.5742  0.1184  1.3551  1.1973  0.186  1.0202  3.823  0.04  1.7258  1.294  1.906  1.4481  
trainID = 774  33.275  0.0023  9.7562  3.408  11.3747  4.646  4.9693  4.187  5.8448  3.1775  4.7941  6.4841  2.8395  5.3205  7.1032  6.8811  16.3959  8.8637  26.1779  1.5978  2.5456  7.3397  4.7515  2.1918  6.0228  4.6423  3.2926  8.5556  0.7059  0.8864  4.6201  0.9795  3.238  2.3905  0.6175  4.111  1.4965  
trainID = 777  34.7179  1.1029  2.3116  1.6343  3.2293  0.2738  2.5135  1.1772  2.4855  0.1925  1.7788  1.7259  0.0666  4.6776  6.469  1.8624  1.5496  1.9544  5.4985  2.065  3.3639  2.7703  2.6039  0.225  0.513  5.1789  1.5221  3.5397  2.3736  2.5926  3.0446  2.4458  3.4353  0.6483  3.2603  1.338  1.1269  1.068  3.058  0.4103  
trainID = 780  34.7994  2.4677  4.4763  2.5524  2.0925  3.589  6.804  1.5353  0.6011  3.3101  1.3984  1.8175  1.1164  2.5079  0.2554  0.5842  3.7868  5.3891  14.2246  1.0716  4.4509  5.0798  4.148  2.1094  2.5821  1.5293  3.5392  4.5573  1.172  2.1548  0.5134  2.7483  1.666  0.7014  0.1586  2.508  2.5554  
trainID = 781  35.4229  3.1932  5.6805  3.8585  6.2444  2.7348  4.7316  3.1325  0.2384  0.4361  1.5103  3.4093  0.5753  0.3169  0.1136  0.4818  4.7221  6.8487  14.8259  0.5381  5.5915  7.9868  7.1079  1.1661  0.8318  6.8338  1.1639  4.0744  1.4971  3.1782  0.0707  2.7468  2.028  0.0769  0.984  3.021  0.9933  
trainID = 791  7.5249  4.1438  0.7707  4.901  2.253  0.3982  2.2582  0.482  1.088  3.6  1.4481  1.1166  15.6898  11.9227  4.8869  2.019  1.4875  5.1228  2.511  2.3009  1.7587  3.3566  2.5847  0.847  5.0739  7.2543  0.8932  3.5414  2.8093  5.4072  0.2127  4.2605  3.0407  2.8851  4.2633  5.1502  0.7186  0.4765  0.2123  
trainID = 802  0.845  0.4983  0.4687  1.195  0.2734  1.6469  1.5284  0.2507  1.8457  1.454  0.9965  3.2448  1.2646  0.582  5.9203  0.6318  0.1607  2.3851  2.8613  1.3446  1.169  1.1726  0.5268  0.501  0.349  0.2488  0.9238  0.9402  1.6795  1.4082  2.4214  1.0275  0.4833  0.5396  1.162  1.0254  2.5612  0.239  0.7273  0.9299  
trainID = 819  0.169  1.5396  2.5071  3.8358  0.3098  0.662  2.8399  0.8142  3.3723  1.147  0.9204  1.8426  1.6991  1.4577  16.5395  4.0517  1.407  2.4892  5.1249  3.295  3.4245  3.0373  0.8178  0.835  2.1676  1.7741  2.2077  5.896  2.1015  1.1543  0.185  1.0688  1.2107  2.1044  3.6816  1.1441  4.6949  0.236  0.9087  0.0027  
trainID = 823  36.8295  1.1637  9.5729  2.105  11.3686  7.4542  3.5536  3.5582  6.0425  5.9684  4.4072  4.4931  3.4415  1.3617  5.5702  8.5621  19.6061  5.5454  32.9023  3.2955  0.7833  9.4626  3.4633  2.6603  4.3448  6.8565  3.6037  9.9599  0.0696  0.9837  5.9725  1.1453  1.642  3.7287  0.2569  0.4711  2.3469  
trainID = 827  7.5858  2.2926  0.4081  1.0115  3.047  1.4102  3.4642  1.4394  1.63  0.2304  4.7671  2.6215  10.9581  7.8876  3.8138  1.3586  2.0964  2.9473  3.906  0.5629  3.081  2.9072  1.074  1.576  2.0647  4.9035  2.6849  5.811  7.2695  8.6218  0.2746  4.1016  3.415  1.8625  3.005  2.643  2.9604  0.59  3.0796  
trainID = 828  0.279  1.9077  2.7994  0.7758  1.1451  1.7817  1.2856  0.5002  2.679  0.989  0.0193  2.984  1.4267  0.1903  1.4631  1.737  4.5455  0.9939  4.6617  1.5787  2.3951  3.1221  34.3939  4.6483  1.9714  1.5888  0.74  3.8337  0.776  0.6466  1.8283  0.9313  1.4246  0.272  0.8317  1.086  0.5648  1.2243  
trainID = 844  35.5795  1.9317  5.2102  2.6552  7.6954  2.953  5.354  3.3185  3.79  3.1974  2.3749  5.2591  3.6895  1.874  2.8433  5.1581  5.5851  6.1709  16.5881  0.5096  4.02  6.2948  34.5919  5.0236  1.5451  0.0335  2.4341  3.3467  6.1034  0.178  1.2903  3.3661  1.303  0.296  1.2723  2.938  1.648  2.5609  
trainID = 849  35.2469  0.606  5.2929  0.1734  4.37  6.5084  2.4555  3.3742  3.5964  1.4862  1.3518  5.2271  3.0785  2.9925  3.7713  7.7306  8.871  10.9854  2.8195  1.3199  0.5407  4.071  4.2664  1.5843  4.5419  4.9114  0.8873  3.8465  2.7276  0.3079  5.8931  3.2386  1.307  3.1696  0.376  0.8915  1.5903  
trainID = 855  0.804  2.785  2.9365  1.5183  0.9272  0.6914  1.5988  0.5219  2.7173  0.6155  1.1896  0.516  2.9379  6.76  15.3543  6.8269  0.1853  3.4347  5.8019  1.889  4.6936  2.5771  1.7396  2.983  2.4863  0.7704  0.699  5.5442  0.3306  1.7979  0.013  2.6741  4.1014  3.6396  3.8147  3.0216  4.2684  2.808  4.174  1.8442  
trainID = 856  34.9391  0.4624  8.3538  0.912  3.3273  2.0049  0.849  1.613  3.7419  1.9405  1.3188  2.8633  2.1245  1.9822  1.8439  4.5362  7.4081  7.7515  7.6225  0.9157  1.5863  4.8483  4.1301  1.8991  5.2442  2.9319  0.9469  2.1463  1.1724  0.3169  1.6052  1.7357  0.463  1.3757  1.176  1.871  0.0364  
trainID = 865  34.2216  0.2561  8.653  2.182  7.7354  3.8373  0.8937  3.0167  2.1774  2.4691  3.9064  7.4421  3.2615  5.6695  6.2053  6.281  13.3901  12.9333  7.4638  0.434  5.2022  2.6863  2.9664  1.5067  6.3607  10.2158  0.4438  9.1625  3.8363  1.2233  5.1691  1.6844  0.709  3.4348  0.7262  0.7069  0.643  
trainID = 881  34.0204  4.3397  5.7752  3.4277  1.7221  2.3097  5.306  2.2624  1.8917  4.1833  1.687  3.8873  2.1095  1.7422  2.3427  0.5239  6.252  8.7824  17.5131  0.1374  3.7394  6.9639  6.518  2.1368  0.0826  4.3989  4.3224  7.1699  0.2927  2.1387  1.0377  1.1873  0.149  0.0974  3.196  3.777  3.0521  
trainID = 884  6.2988  0.5919  1.4075  4.044  5.3471  0.4398  35.7963  2.8341  0.4029  0.7688  15.5114  11.5198  6.5323  3.7598  0.9947  5.7933  1.4953  1.814  5.1344  1.2346  1.671  2.8712  3.551  5.4539  1.6573  6.7874  6.74  5.5508  1.0164  8.5643  2.0491  1.3176  3.6741  5.3533  2.6797  0.383  1.8006  
trainID = 889  1.6  5.4182  0.0676  2.294  2.7674  1.6709  2.1742  0.3939  2.0608  3.186  2.5711  3.0632  0.3533  8.321  11.2899  3.4417  0.8324  1.0062  5.6787  3.79  3.7577  2.256  3.7959  1.071  2.7446  3.0628  4.8963  0.8027  2.1493  3.1078  3.844  2.7243  4.0908  2.2597  1.0579  1.1235  2.078  0.7836  0.3611  1.1405  
trainID = 893  6.4981  4.425  1.8587  1.0568  0.3079  0.8831  0.1478  3.4563  0.673  0.118  2.0835  0.462  12.358  13.5161  2.1377  2.8509  2.2573  3.5573  2.502  1.5964  1.1299  1.2383  0.588  1.852  2.8819  0.2345  2.6022  1.3374  4.3734  4.71  3.777  2.7868  4.6879  2.7918  4.2514  4.1665  0.79  1.629  0.6856  
trainID = 895  34.5129  1.8689  7.2223  1.254  7.7912  1.8485  3.0532  1.8054  1.8971  2.6067  3.8121  5.7471  2.5715  1.5712  4.9384  7.284  8.6715  9.006  13.7517  0.3518  0.8018  5.0407  4.8472  1.8991  3.7703  4.7507  1.4131  5.1669  0.3366  2.0055  3.9186  3.616  1.873  1.7784  2.136  1.399  1.1497  
trainID = 912  6.6486  3.1986  0.6602  3.2147  3.8145  2.2498  3.3062  2.7754  0.321  0.4921  0.715  2.0213  13.1281  10.1928  2.1154  2.8998  1.3869  5.9459  1.5174  2.1376  2.3263  0.0705  0.504  0.241  3.2982  2.9991  0.2133  2.7033  6.7881  2.6761  2.8115  1.4333  4.0566  0.4152  4.596  5.6833  0.091  1.148  0.3151  
trainID = 914  35.0934  4.3635  1.6093  5.4726  4.1107  5.5857  4.9393  1.4902  2.169  6.0717  2.0664  1.8853  1.983  5.4228  4.0002  18.6441  2.1983  12.4284  11.6566  3.712  8.9908  5.8739  0.0837  1.428  2.5093  9.7411  2.089  7.489  5.5955  3.423  5.7194  6.221  6.6234  1.8914  6.1903  2.467  1.3694  35.4258  
trainID = 917  1.777  5.4952  5.6153  1.8954  1.2869  0.0553  1.1672  2.3172  2.5949  4.65  1.5812  2.0322  4.3958  15.4564  22.353  2.6388  1.3527  6.0087  0.251  0.4291  3.3398  2.6429  1.5441  5.0192  11.2506  1.5234  2.2547  1.2418  3.841  0.4875  5.8359  5.3286  0.9825  5.4227  2.09  2.751  3.8295  
trainID = 920  0.299  1.4911  2.0147  0.4955  0.4714  2.046  1.5324  0.6429  0.2294  0.354  0.3557  2.6978  0.7282  0.7736  5.9544  2.5844  0.6452  0.9336  2.4328  0.8943  2.901  1.5914  2.2141  0.035  0.653  0.7272  2.0433  2.1696  1.2899  1.5918  0.5104  4.348  1.1921  1.0624  0.9902  0.201  2.1685  2.188  2.148  1.996  
trainID = 921  31.5073  2.2272  9.1144  2.825  8.0781  4.4204  1.5192  3.1111  2.3306  1.7428  3.1512  6.2371  4.1875  4.3234  8.5076  10.6599  12.5964  12.7227  7.904  1.2106  4.4509  2.3921  1.2873  1.4118  8.5848  9.0873  1.3837  9.9271  3.9627  2.2114  4.9173  4.008  1.535  5.1023  1.5832  0.297  0.9429  
trainID = 924  36.0542  1.6888  8.4209  0.0888  7.8857  5.8475  1.5416  3.137  6.0115  2.4971  3.3431  5.7861  2.7225  1.5832  6.803  6.1994  16.3225  15.5258  12.0351  1.0934  0.5471  5.8134  2.8187  4.9696  6.3586  4.5641  1.7091  6.5274  2.8682  0.6577  3.3136  1.6585  1.308  5.9737  1.175  0.8031  2.1317  
trainID = 929  0.378  7.7761  2.2222  0.112  0.1307  2.166  0.1586  2.3272  0.6306  0.3576  1.5438  1.1119  1.447  14.3469  19.1729  0.1044  0.6432  3.8697  1.6454  3.8973  2.3953  2.5548  0.1955  4.8776  3.5928  1.6605  0.9481  0.1586  3.938  0.7841  4.6  5.9387  2.1893  5.4106  0.254  1.685  0.1621  
trainID = 930  1.778  2.2927  2.6713  2.1887  0.8951  0.1347  0.2725  1.3502  1.0452  0.4843  1.7692  2.4333  1.8007  4.1108  11.6995  5.3982  0.6094  0.1035  5.2334  3.438  3.3302  0.1866  0.0538  3.2326  2.192  0.9125  1.9168  4.3486  0.1162  0.8588  1.5578  0.838  0.7073  0.943  2.318  0.8763  2.8812  0.437  0.9394  0.0362  
trainID = 932  1.139  0.0264  3.3391  0.0573  1.0025  3.0091  3.7449  0.311  0.4867  0.8166  3.7977  3.7974  1.7813  0.6808  0.5129  0.9662  2.3867  3.7384  1.7489  1.988  0.8757  0.3  33.6709  0.6194  0.4295  1.4725  3.0568  0.6961  1.3809  0.7193  1.5555  0.4519  0.9905  0.8363  0.8372  0.504  0.796  1.1737  
trainID = 957  8.4958  2.2826  0.1149  5.955  3.4108  2.9072  34.5173  4.6633  2.8886  1.2038  17.7231  8.1208  6.3982  4.1328  1.479  4.8408  3.174  2.257  5.7419  4.6941  1.516  0.199  4.421  5.7133  1.2072  7.9021  13.9988  4.132  0.2432  7.5097  6.4757  4.0279  4.9407  5.7797  3.8295  1.7256  3.1198  
trainID = 960  4.4573  1.5412  0.1847  3.5989  3.9151  2.0055  1.4232  0.1977  0.896  2.9941  3.7964  1.6761  9.3887  3.6678  8.0163  0.4611  2.5151  2.1572  2.351  3.6631  2.965  32.7339  0.6772  0.0915  3.1342  10.6769  11.7662  10.4947  2.3632  8.8546  1.427  8.2361  2.4413  0.0133  1.5466  1.329  2.7579  
trainID = 967  0.666  2.8609  0.6236  3.5326  0.4016  1.0934  0.9621  0.6615  1.3087  1.2283  1.8935  1.509  0.4159  0.3993  3.8722  0.1309  0.936  0.1007  2.6516  4.772  2.3534  2.7139  1.6857  1.037  0.077  0.6836  1.4359  0.4873  0.3309  1.1663  1.8926  2.1743  1.4183  0.3492  1.5087  2.7791  1.7442  1.17  0.7259  0.4655  
trainID = 984  1.337  2.8528  2.9092  1.715  2.3339  2.772  1.7712  1.2732  3.2315  0.1993  0.8147  0.7375  3.8188  2.3451  15.4499  4.3477  1.0058  5.4106  2.6893  3.446  3.5714  0.7671  0.7746  2.4963  2.8537  0.4018  3.4843  6.4246  0.089  0.3256  0.9069  2.7018  0.3883  3.7184  1.2698  0.404  3.1844  1.415  2.163  0.4326  
trainID = 988  1.374  2.5318  7.6144  1.448  5.7013  6.9081  0.3976  1.5694  5.1083  2.6315  5.5182  6.0691  2.4915  5.646  6.7059  7.8666  8.9551  13.416  7.1225  1.0617  4.6457  2.0358  2.0622  3.1146  5.0866  10.8918  1.5439  9.7777  4.4762  1.8251  7.2157  1.9692  1.226  3.8502  0.2352  0.2859  2.9229  
trainID = 991  36.6593  0.4156  2.5032  3.5103  0.4378  2.6369  1.3262  0.249  1.3505  1.333  0.638  0.5224  3.0768  16.6167  12.4878  13.3932  0.9266  5.7552  7.0442  4.211  4.2111  2.4121  0.073  0.055  0.381  3.3998  3.0492  8.5083  5.8517  2.4245  2.0535  2.45  4.2194  1.7824  9.4667  1.091  3.487  1.3  1.971  3.3075  
trainID = 1008  34.5215  1.381  2.2205  1.2609  2.8624  1.0133  3.946  0.8553  0.9661  1.6713  2.1012  3.4293  2.5955  0.3059  2.2672  4.2173  4.1785  6.1066  5.9059  1.4888  1.2455  4.8454  35.0749  2.8008  0.132  1.5678  3.5734  2.3353  0.3359  0.9612  0.7925  1.6815  0.8943  0.386  1.4978  0.121  0.0301  1.6121  
trainID = 1013  35.0144  2.9974  5.7804  1.1825  5.5213  1.5332  6.5974  1.6034  4.2778  3.6436  1.8829  4.2461  2.7385  0.2812  0.6737  4.0443  7.1009  4.5693  19.2355  0.3132  4.8754  6.1068  3.8367  1.7759  1.5112  1.9163  0.6535  4.759  1.7628  1.6338  2.5597  1.9193  2.555  2.0251  1.1633  2.691  0.1257  
trainID = 1017  33.8933  1.3038  4.4646  1.883  5.548  1.6139  2.5197  2.9806  3.3875  2.5907  2.1211  1.7228  1.2257  0.5137  1.9483  3.2978  9.6047  1.6359  17.1358  1.25  3.1843  4.1647  4.9607  0.8115  1.1734  0.8541  1.3314  4.3669  1.1362  0.2397  0.409  1.3605  1.276  1.4797  0.297  0.5757  0.8561  
trainID = 1018  32.6778  2.3557  7.1461  0.889  10.4987  6.0008  1.8305  2.9886  6.8923  3.9044  3.8711  6.8121  5.4485  3.1273  7.4827  6.9616  17.5039  16.4111  20.4014  2.4987  1.4669  6.6156  6.3256  1.0637  6.8778  6.5752  1.6947  8.8016  0.0513  0.6311  5.0277  3.3195  1.928  4.1521  0.97  2.278  3.1125  
trainID = 1031  35.2132  2.976  2.1762  5.5714  4.6783  3.8132  4.658  0.1498  3.2366  2.4858  0.3428  1.0954  1.4502  3.6623  7.7028  16.3021  1.2182  8.6143  10.645  1.927  8.7263  2.8765  0.4696  1.888  2.5928  7.8002  0.8443  5.8979  5.3331  5.5079  3.2728  1.5119  4.9594  2.4623  7.1777  1.654  3.9668  35.7218  
trainID = 1043  1.651  2.1983  4.6668  1.3087  0.3866  2.6601  2.539  1.4862  1.3015  0.186  1.2641  4.6911  1.2804  2.1092  4.4133  4.8864  4.3413  5.6092  1.5305  0.22  0.5398  0.3383  0.5047  0.9149  6.0593  3.5717  0.2008  0.152  0.4476  0.449  2.0183  3.2505  0.4429  2.0398  0.811  0.3792  0.2717  
trainID = 1044  1.464  6.9431  0.0358  0.4138  1.8949  3.1224  0.1957  2.6372  0.1161  1.227  3.9464  0.6396  1.0848  8.7933  12.4324  2.342  1.8378  0.0411  2.3692  3.428  0.2951  1.0112  3.5538  0.172  0.732  2.6226  2.4052  1.0508  0.8395  4.2273  3.4909  0.9181  2.7302  2.8159  3.117  1.9785  3.9371  0.1554  0.3957  1.623  
trainID = 1045  5.299  4.9595  0.0619  1.0059  6.7514  1.1011  0.1958  1.4777  0.12  3.0815  4.7841  1.7213  8.4587  3.1195  7.9858  2.137  1.8667  1.0325  0.6186  3.1644  1.5457  34.1739  2.1086  0.2084  2.0155  18.9431  7.1176  0.7697  2.4803  6.0058  2.6232  7.433  2.4331  0.7466  5.3972  3.8308  3.1146  
trainID = 1047  0.644  0.2072  3.2783  2.027  1.4538  0.6098  3.3189  1.9102  0.2905  1.0051  0.2313  3.8464  1.5292  0.2912  0.8689  1.1865  3.8903  1.1068  5.0353  1.784  1.6454  2.7037  34.6939  0.1576  1.3168  0.6522  1.095  0.7038  1.3635  0.8642  1.4107  1.8482  1.6883  0.5732  1.1123  1.2282  2.324  0.9318  
trainID = 1048  33.1007  1.2233  7.5289  0.923  5.5324  6.577  0.8632  2.1614  2.0927  2.1322  5.7918  4.7851  3.3755  6.3494  5.7565  8.8792  9.7343  14.0042  8.9558  2.606  3.9109  3.8338  3.1404  3.7476  3.9702  13.9583  2.2189  9.9908  3.3084  4.148  5.723  2.4598  1.608  6.8208  0.845  0.3847  0.9514  
trainID = 1049  1.076  2.7127  4.5904  0.951  1.2588  3.5796  0.8676  2.5952  0.2181  0.0872  3.0293  3.9328  1.015  7.6108  1.6152  6.2425  1.9088  7.1634  0.6053  4.14  1.687  0.9118  33.0039  0.6123  1.1133  4.284  12.3797  4.7649  2.7604  2.492  5.6326  1.0953  4.6216  3.0159  0.0217  0.8557  0.3921  0.1989  
trainID = 1063  34.0424  0.9629  6.8215  0.778  6.7117  1.9856  1.601  1.2664  2.9141  3.4014  1.8826  5.1581  2.9195  2.8037  3.9064  8.0266  10.8655  7.1491  16.7745  0.7055  0.8417  5.5079  4.6046  3.3446  4.2406  1.4127  1.7548  5.8686  1.4863  0.6626  4.2921  0.1323  0.282  2.4345  1.9039  0.2909  2.3869  
trainID = 1086  1.0191  7.6816  1.715  6.0858  5.2062  1.0572  2.1936  2.9608  0.185  6.469  6.0081  4.5555  5.5229  5.5787  8.6998  10.16  12.5983  5.8143  2.7166  0.8231  4.5777  34.6829  4.8714  2.7313  6.1082  12.5209  1.9187  5.5593  2.8737  1.4626  6.3472  6.384  2.0517  3.6485  0.068  0.1497  0.5815  
trainID = 1090  36.6088  3.4335  10.9099  1.209  10.2564  4.3483  1.819  2.7764  5.0488  3.1953  2.7793  7.8671  4.4455  2.9905  5.6995  9.1072  20.0459  12.5325  31.7559  2.0217  1.233  8.4417  4.7192  3.4526  5.7418  4.199  1.7344  8.7587  0.0351  1.5321  2.7701  3.7266  0.148  5.903  1.635  2.442  1.4089  
trainID = 1106  2.281  3.2281  3.3056  0.1617  2.632  4.4657  0.4912  1.4222  2.8351  0.5069  4.2448  6.1391  0.476  6.3708  6.507  8.8339  6.7745  10.1841  1.1235  1.0929  1.1695  1.9335  1.2327  1.1326  4.0153  12.0126  4.308  3.8298  1.3604  0.0482  3.9318  4.3365  1.1121  2.5615  3.3042  0.3077  3.1659  
trainID = 1111  33.4656  0.587  4.5928  1.659  3.2499  2.9458  5.3144  1.5589  1.1501  0.057  1.0852  5.2301  1.4501  0.0999  2.6599  4.0745  4.4373  4.7125  9.4965  1.2026  0.3079  2.482  33.6549  2.2497  0.1287  1.5641  0.2107  0.3405  1.7501  1.8857  1.2038  2.049  0.4057  2.453  1.5002  0.05  0.1619  1.52  
trainID = 1133  1.546  1.7881  9.8232  0.1427  5.416  5.5777  0.2259  1.3752  3.9917  2.8581  4.8535  8.2491  4.4075  6.4317  7.0037  7.5351  10.2012  9.9558  5.8046  4.1479  3.5777  1.7845  2.4936  1.9651  4.5217  12.7581  1.185  7.5662  2.896  3.0076  6.568  5.6304  0.3443  2.7521  0.5399  1.551  1.4573  
trainID = 1142  37.5813  1.391  2.0968  4.5281  2.3781  5.6784  3.3451  2.2639  1.3609  0.1425  0.8727  1.6608  0.4054  4.1265  1.6332  4.0744  3.0129  6.7407  13.1635  1.679  8.5892  5.4839  34.2669  6.5965  2.6121  0.4968  4.8386  1.7095  2.6672  2.6484  4.6834  1.0743  5.5292  1.802  1.0672  0.7309  3.366  2.0161  
trainID = 1143  4.9374  2.7206  1.075  3.6966  1.7776  0.7613  36.1633  1.911  1.8247  0.7852  17.1136  11.6354  3.7797  3.5688  1.9022  5.9524  3.137  2.3107  2.3304  3.2755  0.524  0.237  4.7305  4.5346  0.6326  1.7487  5.0593  4.566  1.2553  5.2659  4.4729  2.651  4.4194  4.6582  0.271  1.803  0.1025  
trainID = 1156  7.3837  1.5529  1.5785  2.9102  0.3053  0.4842  1.5152  0.0929  1.964  1.7542  2.1745  0.4  11.3656  12.2394  2.2633  1.696  3.0272  1.5848  2.857  0.4473  2.0952  2.5061  0.909  2.6111  2.5271  5.7509  3.5369  1.7278  3.5659  4.927  5.045  4.1455  3.4184  2.6616  3.6337  4.3577  1.454  0.978  0.1153  
trainID = 1162  1.985  5.6621  6.5039  3.2764  2.1477  1.4388  0.3924  1.2522  0.8364  1.848  2.9825  1.1543  3.7091  11.3238  24.0257  3.0235  2.2183  3.372  1.7089  2.1878  0.461  0.083  1.2469  4.9351  7.7306  2.7101  0.3817  0.3381  5.698  0.5946  5.3248  4.0419  2.8622  4.2224  3.071  0.2397  2.3537  
trainID = 1163  5.6781  2.1684  1.5576  3.5939  4.0916  0.1923  2.1732  1.5613  3.735  2.7366  0.479  0.9914  14.6427  16.116  3.5013  0.8615  1.4973  3.6756  5.667  3.7844  2.5033  1.4655  1.801  3.4615  2.6788  3.475  1.9915  0.8202  3.6498  1.6768  2.2375  3.8303  4.1931  1.4927  2.8131  5.0864  0.1917  1.736  1.0527  
trainID = 1171  0.023  5.0484  5.5246  1.7965  1.5245  0.5959  0.5899  0.8262  3.0549  0.814  1.6212  0.2323  0.9875  11.9059  23.3089  3.7938  1.5662  5.6543  0.7172  2.3972  2.4187  3.6394  0.34  2.7323  9.8585  2.8421  1.8639  2.6014  4.501  1.1434  2.0315  6.4013  1.6742  4.5566  0.518  1.342  1.2974  
trainID = 1184  4.5267  1.152  0.9349  3.5134  4.3195  0.9147  0.358  2.9078  3.39  4.1906  1.9612  1.5211  11.7461  6.5837  5.2304  1.2067  0.268  3.1719  3.656  1.1552  3.8492  0.73  0.776  1.218  5.5301  3.5079  1.3426  6.6511  9.411  8.3701  1.6582  6.9488  4.4346  4.2823  3.853  3.0157  2.9374  2.4166  4.9227  
trainID = 1188  5.1741  1.8421  1.4718  4.523  4.5379  0.393  1.2042  0.3448  0.021  4.0189  1.6437  3.2745  10.3772  9.108  3.9303  1.5353  3.3536  0.5926  0.1773  3.1077  2.8554  0.5023  0.397  0.141  3.0174  3.4947  0.8849  8.0166  7.1721  8.6178  1.6668  5.4493  4.3476  3.2394  3.2394  3.9146  2.3881  0.6941  1.8759  
trainID = 1193  7.8107  0.0366  2.48  3.7458  4.5132  1.4912  35.7793  4.9328  5.4391  3.3595  15.8389  9.3075  8.2099  2.019  1.787  5.0041  2.651  0.6148  5.5002  1.1522  0.539  0.818  5.2027  2.5348  0.4526  12.7726  24.89  7.4412  1.9693  12.282  6.0417  6.2184  6.4585  1.289  3.6271  1.212  4.0319  
TrainID = 802  dbValue = 1.23583  nTestCell = 40  nTrainCell = 40  nDiff = 0  (X,Y) = (1435, 1885)  Position Error = 34.3657
TrainID = 967  dbValue = 1.40546  nTestCell = 40  nTrainCell = 40  nDiff = 0  (X,Y) = (1435, 1865)  Position Error = 14.8661
TrainID = 632  dbValue = 1.45992  nTestCell = 40  nTrainCell = 39  nDiff = 1  (X,Y) = (1435, 1885)  Position Error = 34.3657
TrainID = 920  dbValue = 1.48993  nTestCell = 40  nTrainCell = 40  nDiff = 0  (X,Y) = (1405, 1865)  Position Error = 37.6962
TrainID = 280  dbValue = 1.608  nTestCell = 40  nTrainCell = 40  nDiff = 0  (X,Y) = (1385, 1865)  Position Error = 56.7539
TrainID = 237  dbValue = 1.88431  nTestCell = 40  nTrainCell = 39  nDiff = 1  (X,Y) = (1405, 1945)  Position Error = 100.305
TrainID = 1043  dbValue = 1.92219  nTestCell = 40  nTrainCell = 37  nDiff = 3  (X,Y) = (1545, 1895)  Position Error = 113.846
TrainID = 368  dbValue = 1.95061  nTestCell = 40  nTrainCell = 40  nDiff = 0  (X,Y) = (1475, 1915)  Position Error = 72.9452
TrainID = 930  dbValue = 1.95977  nTestCell = 40  nTrainCell = 40  nDiff = 0  (X,Y) = (1355, 1845)  Position Error = 85.2115
TrainID = 154  dbValue = 2.05907  nTestCell = 40  nTrainCell = 40  nDiff = 0  (X,Y) = (1375, 1915)  Position Error = 91.2195
TrainID = 220  dbValue = 2.10946  nTestCell = 40  nTrainCell = 40  nDiff = 0  (X,Y) = (1345, 1875)  Position Error = 97.9847
TrainID = 329  dbValue = 2.11385  nTestCell = 40  nTrainCell = 38  nDiff = 2  (X,Y) = (1475, 1885)  Position Error = 48.7955
TrainID = 172  dbValue = 2.14843  nTestCell = 40  nTrainCell = 39  nDiff = 1  (X,Y) = (1455, 1975)  Position Error = 124.904
TrainID = 273  dbValue = 2.24578  nTestCell = 40  nTrainCell = 37  nDiff = 3  (X,Y) = (1495, 1865)  Position Error = 56.7539
TrainID = 932  dbValue = 2.25519  nTestCell = 40  nTrainCell = 38  nDiff = 2  (X,Y) = (1475, 1885)  Position Error = 48.7955
TrainID = 1044  dbValue = 2.3259  nTestCell = 40  nTrainCell = 40  nDiff = 0  (X,Y) = (1355, 1965)  Position Error = 142.201
TrainID = 819  dbValue = 2.36691  nTestCell = 40  nTrainCell = 40  nDiff = 0  (X,Y) = (1325, 1845)  Position Error = 115.156
TrainID = 1047  dbValue = 2.3902  nTestCell = 40  nTrainCell = 38  nDiff = 2  (X,Y) = (1475, 1845)  Position Error = 35.5106
TrainID = 984  dbValue = 2.45583  nTestCell = 40  nTrainCell = 40  nDiff = 0  (X,Y) = (1315, 1855)  Position Error = 125.064
TrainID = 306  dbValue = 2.46865  nTestCell = 40  nTrainCell = 37  nDiff = 3  (X,Y) = (1465, 1805)  Position Error = 52.3546
TrainID = 696  dbValue = 2.51451  nTestCell = 40  nTrainCell = 39  nDiff = 1  (X,Y) = (1305, 1905)  Position Error = 145.399
TrainID = 828  dbValue = 2.52688  nTestCell = 40  nTrainCell = 38  nDiff = 2  (X,Y) = (1475, 1865)  Position Error = 37.6962
TrainID = 493  dbValue = 2.55714  nTestCell = 40  nTrainCell = 40  nDiff = 0  (X,Y) = (1295, 1845)  Position Error = 145.124
TrainID = 284  dbValue = 2.57178  nTestCell = 40  nTrainCell = 39  nDiff = 1  (X,Y) = (1335, 1945)  Position Error = 140.929
TrainID = 521  dbValue = 2.57264  nTestCell = 40  nTrainCell = 37  nDiff = 3  (X,Y) = (1495, 1785)  Position Error = 85.9127
TrainID = 236  dbValue = 2.65937  nTestCell = 40  nTrainCell = 39  nDiff = 1  (X,Y) = (1485, 2035)  Position Error = 189.423
TrainID = 240  dbValue = 2.72558  nTestCell = 40  nTrainCell = 39  nDiff = 1  (X,Y) = (1395, 2015)  Position Error = 170.062
TrainID = 889  dbValue = 2.7272  nTestCell = 40  nTrainCell = 40  nDiff = 0  (X,Y) = (1375, 1985)  Position Error = 148.933
TrainID = 244  dbValue = 2.73936  nTestCell = 40  nTrainCell = 40  nDiff = 0  (X,Y) = (1365, 1985)  Position Error = 153.561
TrainID = 729  dbValue = 2.7816  nTestCell = 40  nTrainCell = 37  nDiff = 3  (X,Y) = (1595, 1925)  Position Error = 171.759
TrainID = 893  dbValue = 2.80153  nTestCell = 40  nTrainCell = 39  nDiff = 1  (X,Y) = (1335, 1955)  Position Error = 147.787
TrainID = 508  dbValue = 2.82977  nTestCell = 40  nTrainCell = 39  nDiff = 1  (X,Y) = (1455, 2005)  Position Error = 154.729
TrainID = 514  dbValue = 2.83223  nTestCell = 40  nTrainCell = 38  nDiff = 2  (X,Y) = (1545, 1915)  Position Error = 122.967
TrainID = 929  dbValue = 2.84828  nTestCell = 40  nTrainCell = 37  nDiff = 3  (X,Y) = (1275, 1945)  Position Error = 189.897
TrainID = 912  dbValue = 2.84901  nTestCell = 40  nTrainCell = 39  nDiff = 1  (X,Y) = (1335, 2005)  Position Error = 186.389
TrainID = 855  dbValue = 2.8498  nTestCell = 40  nTrainCell = 40  nDiff = 0  (X,Y) = (1325, 1805)  Position Error = 123.859
TrainID = 1156  dbValue = 2.91186  nTestCell = 40  nTrainCell = 39  nDiff = 1  (X,Y) = (1335, 1945)  Position Error = 140.929
TrainID = 726  dbValue = 2.91314  nTestCell = 40  nTrainCell = 39  nDiff = 1  (X,Y) = (1315, 1945)  Position Error = 156.4
TrainID = 283  dbValue = 2.98378  nTestCell = 40  nTrainCell = 40  nDiff = 0  (X,Y) = (1405, 1765)  Position Error = 92.8493
TrainID = 260  dbValue = 3.00142  nTestCell = 40  nTrainCell = 37  nDiff = 3  (X,Y) = (1455, 1765)  Position Error = 87.2983
TrainID = 777  dbValue = 3.04512  nTestCell = 40  nTrainCell = 40  nDiff = 0  (X,Y) = (1395, 1805)  Position Error = 64.3506
TrainID = 192  dbValue = 3.12906  nTestCell = 40  nTrainCell = 37  nDiff = 3  (X,Y) = (1275, 1945)  Position Error = 189.897
TrainID = 194  dbValue = 3.13366  nTestCell = 40  nTrainCell = 39  nDiff = 1  (X,Y) = (1415, 2015)  Position Error = 165.895
TrainID = 144  dbValue = 3.13376  nTestCell = 40  nTrainCell = 40  nDiff = 0  (X,Y) = (1385, 2055)  Position Error = 211.284
TrainID = 1188  dbValue = 3.14219  nTestCell = 40  nTrainCell = 39  nDiff = 1  (X,Y) = (1445, 2045)  Position Error = 194.064
TrainID = 264  dbValue = 3.15214  nTestCell = 40  nTrainCell = 40  nDiff = 0  (X,Y) = (1295, 1985)  Position Error = 197.436
TrainID = 325  dbValue = 3.15417  nTestCell = 40  nTrainCell = 37  nDiff = 3  (X,Y) = (1505, 1735)  Position Error = 132.97
TrainID = 705  dbValue = 3.1674  nTestCell = 40  nTrainCell = 39  nDiff = 1  (X,Y) = (1485, 2015)  Position Error = 170.062
TrainID = 489  dbValue = 3.17704  nTestCell = 40  nTrainCell = 39  nDiff = 1  (X,Y) = (1275, 1865)  Position Error = 165.593
TrainID = 1163  dbValue = 3.20157  nTestCell = 40  nTrainCell = 39  nDiff = 1  (X,Y) = (1315, 1985)  Position Error = 183.251
TrainID = 436  dbValue = 3.20339  nTestCell = 40  nTrainCell = 37  nDiff = 3  (X,Y) = (1525, 1755)  Position Error = 128.222
TrainID = 229  dbValue = 3.20429  nTestCell = 40  nTrainCell = 39  nDiff = 1  (X,Y) = (1355, 2015)  Position Error = 184.719
TrainID = 574  dbValue = 3.20443  nTestCell = 40  nTrainCell = 37  nDiff = 3  (X,Y) = (1455, 1755)  Position Error = 97.1648
TrainID = 684  dbValue = 3.20841  nTestCell = 40  nTrainCell = 40  nDiff = 0  (X,Y) = (1385, 1775)  Position Error = 93.8136
TrainID = 531  dbValue = 3.21316  nTestCell = 40  nTrainCell = 37  nDiff = 3  (X,Y) = (1265, 1975)  Position Error = 214.478
TrainID = 827  dbValue = 3.21446  nTestCell = 40  nTrainCell = 39  nDiff = 1  (X,Y) = (1395, 2045)  Position Error = 199.151
TrainID = 139  dbValue = 3.24217  nTestCell = 40  nTrainCell = 39  nDiff = 1  (X,Y) = (1405, 2045)  Position Error = 197.132
TrainID = 735  dbValue = 3.28667  nTestCell = 40  nTrainCell = 37  nDiff = 3  (X,Y) = (1515, 1785)  Position Error = 99.905
TrainID = 1171  dbValue = 3.29038  nTestCell = 40  nTrainCell = 37  nDiff = 3  (X,Y) = (1245, 1865)  Position Error = 195.502
TrainID = 1106  dbValue = 3.31996  nTestCell = 40  nTrainCell = 37  nDiff = 3  (X,Y) = (1625, 1935)  Position Error = 203.177
TrainID = 791  dbValue = 3.35055  nTestCell = 40  nTrainCell = 39  nDiff = 1  (X,Y) = (1325, 2015)  Position Error = 200.302
TrainID = 664  dbValue = 3.36838  nTestCell = 40  nTrainCell = 39  nDiff = 1  (X,Y) = (1295, 1965)  Position Error = 184.448
TrainID = 464  dbValue = 3.37881  nTestCell = 40  nTrainCell = 37  nDiff = 3  (X,Y) = (1565, 1795)  Position Error = 136.971
TrainID = 765  dbValue = 3.39492  nTestCell = 40  nTrainCell = 37  nDiff = 3  (X,Y) = (1575, 1825)  Position Error = 137.481
TrainID = 1162  dbValue = 3.44172  nTestCell = 40  nTrainCell = 37  nDiff = 3  (X,Y) = (1255, 1875)  Position Error = 186.55
TrainID = 1017  dbValue = 3.48967  nTestCell = 40  nTrainCell = 37  nDiff = 3  (X,Y) = (1555, 1745)  Position Error = 156.4
TrainID = 856  dbValue = 3.51341  nTestCell = 40  nTrainCell = 37  nDiff = 3  (X,Y) = (1605, 1815)  Position Error = 168.882
TrainID = 142  dbValue = 3.54004  nTestCell = 40  nTrainCell = 37  nDiff = 3  (X,Y) = (1575, 1985)  Position Error = 190.213
TrainID = 1184  dbValue = 3.5529  nTestCell = 40  nTrainCell = 39  nDiff = 1  (X,Y) = (1415, 2065)  Position Error = 215.455
TrainID = 1049  dbValue = 3.55376  nTestCell = 40  nTrainCell = 38  nDiff = 2  (X,Y) = (1555, 1985)  Position Error = 176.581
TrainID = 550  dbValue = 3.58079  nTestCell = 40  nTrainCell = 39  nDiff = 1  (X,Y) = (1425, 2095)  Position Error = 244.461
TrainID = 697  dbValue = 3.64192  nTestCell = 40  nTrainCell = 39  nDiff = 1  (X,Y) = (1445, 2065)  Position Error = 214.058
TrainID = 780  dbValue = 3.69064  nTestCell = 40  nTrainCell = 37  nDiff = 3  (X,Y) = (1475, 1695)  Position Error = 159.878
TrainID = 706  dbValue = 3.72427  nTestCell = 40  nTrainCell = 40  nDiff = 0  (X,Y) = (1345, 1745)  Position Error = 142.341
TrainID = 1111  dbValue = 3.76176  nTestCell = 40  nTrainCell = 38  nDiff = 2  (X,Y) = (1525, 1805)  Position Error = 96.6488
TrainID = 1008  dbValue = 3.76795  nTestCell = 40  nTrainCell = 38  nDiff = 2  (X,Y) = (1535, 1845)  Position Error = 95.1893
TrainID = 456  dbValue = 3.82014  nTestCell = 40  nTrainCell = 39  nDiff = 1  (X,Y) = (1495, 2075)  Position Error = 230.653
TrainID = 917  dbValue = 3.8578  nTestCell = 40  nTrainCell = 37  nDiff = 3  (X,Y) = (1215, 1885)  Position Error = 227.554
TrainID = 214  dbValue = 3.97772  nTestCell = 40  nTrainCell = 37  nDiff = 3  (X,Y) = (1565, 1715)  Position Error = 184.719
TrainID = 781  dbValue = 4.00992  nTestCell = 40  nTrainCell = 37  nDiff = 3  (X,Y) = (1495, 1675)  Position Error = 184.394
TrainID = 553  dbValue = 4.06745  nTestCell = 40  nTrainCell = 37  nDiff = 3  (X,Y) = (1515, 2035)  Position Error = 198.698
TrainID = 211  dbValue = 4.07549  nTestCell = 40  nTrainCell = 37  nDiff = 3  (X,Y) = (1615, 1995)  Position Error = 226.63
TrainID = 150  dbValue = 4.08253  nTestCell = 40  nTrainCell = 38  nDiff = 2  (X,Y) = (1485, 1735)  Position Error = 124.423
TrainID = 605  dbValue = 4.09121  nTestCell = 40  nTrainCell = 37  nDiff = 3  (X,Y) = (1485, 1685)  Position Error = 171.991
TrainID = 634  dbValue = 4.10709  nTestCell = 40  nTrainCell = 37  nDiff = 3  (X,Y) = (1615, 1815)  Position Error = 178.664
TrainID = 377  dbValue = 4.14014  nTestCell = 40  nTrainCell = 39  nDiff = 1  (X,Y) = (1415, 2105)  Position Error = 255.227
TrainID = 137  dbValue = 4.17133  nTestCell = 40  nTrainCell = 40  nDiff = 0  (X,Y) = (1325, 1725)  Position Error = 170.59
TrainID = 662  dbValue = 4.18378  nTestCell = 40  nTrainCell = 40  nDiff = 0  (X,Y) = (1335, 1715)  Position Error = 171.817
TrainID = 1013  dbValue = 4.19209  nTestCell = 40  nTrainCell = 37  nDiff = 3  (X,Y) = (1545, 1705)  Position Error = 179.836
TrainID = 849  dbValue = 4.20023  nTestCell = 40  nTrainCell = 37  nDiff = 3  (X,Y) = (1625, 1845)  Position Error = 185.097
TrainID = 451  dbValue = 4.20157  nTestCell = 40  nTrainCell = 40  nDiff = 0  (X,Y) = (1335, 1745)  Position Error = 149.201
TrainID = 303  dbValue = 4.21271  nTestCell = 40  nTrainCell = 40  nDiff = 0  (X,Y) = (1335, 1715)  Position Error = 171.817
TrainID = 216  dbValue = 4.22789  nTestCell = 40  nTrainCell = 40  nDiff = 0  (X,Y) = (1275, 1755)  Position Error = 190.895
TrainID = 546  dbValue = 4.25266  nTestCell = 40  nTrainCell = 39  nDiff = 1  (X,Y) = (1485, 2105)  Position Error = 257.955
TrainID = 1143  dbValue = 4.2592  nTestCell = 40  nTrainCell = 37  nDiff = 3  (X,Y) = (1305, 2025)  Position Error = 220.229
TrainID = 1045  dbValue = 4.32134  nTestCell = 40  nTrainCell = 37  nDiff = 3  (X,Y) = (1595, 2025)  Position Error = 233.026
TrainID = 960  dbValue = 4.33554  nTestCell = 40  nTrainCell = 37  nDiff = 3  (X,Y) = (1515, 2065)  Position Error = 226.762
TrainID = 881  dbValue = 4.33718  nTestCell = 40  nTrainCell = 37  nDiff = 3  (X,Y) = (1525, 1655)  Position Error = 213.638
TrainID = 1133  dbValue = 4.37657  nTestCell = 40  nTrainCell = 37  nDiff = 3  (X,Y) = (1685, 1895)  Position Error = 248.92
TrainID = 1063  dbValue = 4.38172  nTestCell = 40  nTrainCell = 37  nDiff = 3  (X,Y) = (1625, 1765)  Position Error = 204.012
TrainID = 988  dbValue = 4.41356  nTestCell = 40  nTrainCell = 37  nDiff = 3  (X,Y) = (1715, 1895)  Position Error = 278.498
TrainID = 991  dbValue = 4.4147  nTestCell = 40  nTrainCell = 40  nDiff = 0  (X,Y) = (1305, 1745)  Position Error = 171.642
TrainID = 633  dbValue = 4.46596  nTestCell = 40  nTrainCell = 37  nDiff = 3  (X,Y) = (1215, 1775)  Position Error = 237.489
TrainID = 408  dbValue = 4.47909  nTestCell = 40  nTrainCell = 37  nDiff = 3  (X,Y) = (1595, 1705)  Position Error = 212.934
TrainID = 895  dbValue = 4.52616  nTestCell = 40  nTrainCell = 37  nDiff = 3  (X,Y) = (1625, 1785)  Position Error = 196.42
TrainID = 300  dbValue = 4.53609  nTestCell = 40  nTrainCell = 37  nDiff = 3  (X,Y) = (1615, 1755)  Position Error = 199.602
TrainID = 304  dbValue = 4.61927  nTestCell = 40  nTrainCell = 40  nDiff = 0  (X,Y) = (1315, 1735)  Position Error = 170.532
TrainID = 884  dbValue = 4.67139  nTestCell = 40  nTrainCell = 37  nDiff = 3  (X,Y) = (1365, 2075)  Position Error = 236.222
TrainID = 597  dbValue = 4.6921  nTestCell = 40  nTrainCell = 37  nDiff = 3  (X,Y) = (1625, 1745)  Position Error = 213.216
TrainID = 471  dbValue = 4.70829  nTestCell = 40  nTrainCell = 37  nDiff = 3  (X,Y) = (1325, 2065)  Position Error = 242.942
TrainID = 141  dbValue = 4.75399  nTestCell = 40  nTrainCell = 37  nDiff = 3  (X,Y) = (1625, 2025)  Position Error = 253.97
TrainID = 129  dbValue = 4.8003  nTestCell = 40  nTrainCell = 37  nDiff = 3  (X,Y) = (1655, 1955)  Position Error = 238.833
TrainID = 731  dbValue = 4.82723  nTestCell = 40  nTrainCell = 37  nDiff = 3  (X,Y) = (1585, 1675)  Position Error = 228.037
TrainID = 286  dbValue = 4.88436  nTestCell = 40  nTrainCell = 38  nDiff = 2  (X,Y) = (1675, 1965)  Position Error = 261.192
TrainID = 1142  dbValue = 4.95562  nTestCell = 40  nTrainCell = 38  nDiff = 2  (X,Y) = (1425, 1715)  Position Error = 136.825
TrainID = 401  dbValue = 5.00883  nTestCell = 40  nTrainCell = 37  nDiff = 3  (X,Y) = (1355, 2115)  Position Error = 277.346
TrainID = 627  dbValue = 5.02417  nTestCell = 40  nTrainCell = 38  nDiff = 2  (X,Y) = (1325, 1695)  Position Error = 193.807
TrainID = 865  dbValue = 5.11099  nTestCell = 40  nTrainCell = 37  nDiff = 3  (X,Y) = (1685, 1845)  Position Error = 245.073
TrainID = 1086  dbValue = 5.23211  nTestCell = 40  nTrainCell = 37  nDiff = 3  (X,Y) = (1695, 1885)  Position Error = 257.257
TrainID = 516  dbValue = 5.25662  nTestCell = 40  nTrainCell = 37  nDiff = 3  (X,Y) = (1365, 2105)  Position Error = 264.841
TrainID = 143  dbValue = 5.25835  nTestCell = 40  nTrainCell = 37  nDiff = 3  (X,Y) = (1345, 2125)  Position Error = 290.002
TrainID = 844  dbValue = 5.26272  nTestCell = 40  nTrainCell = 38  nDiff = 2  (X,Y) = (1555, 1695)  Position Error = 193.807
TrainID = 185  dbValue = 5.3358  nTestCell = 40  nTrainCell = 37  nDiff = 3  (X,Y) = (1515, 2105)  Position Error = 264.841
TrainID = 924  dbValue = 5.34553  nTestCell = 40  nTrainCell = 37  nDiff = 3  (X,Y) = (1675, 1785)  Position Error = 244.092
TrainID = 175  dbValue = 5.40712  nTestCell = 40  nTrainCell = 38  nDiff = 2  (X,Y) = (1665, 1855)  Position Error = 225.036
TrainID = 438  dbValue = 5.44271  nTestCell = 40  nTrainCell = 37  nDiff = 3  (X,Y) = (1375, 2145)  Position Error = 301.1
TrainID = 921  dbValue = 5.4449  nTestCell = 40  nTrainCell = 37  nDiff = 3  (X,Y) = (1695, 1855)  Position Error = 255.031
TrainID = 957  dbValue = 5.45249  nTestCell = 40  nTrainCell = 37  nDiff = 3  (X,Y) = (1365, 2135)  Position Error = 293.736
TrainID = 1048  dbValue = 5.4971  nTestCell = 40  nTrainCell = 37  nDiff = 3  (X,Y) = (1735, 1865)  Position Error = 295.332
TrainID = 426  dbValue = 5.73393  nTestCell = 40  nTrainCell = 37  nDiff = 3  (X,Y) = (1745, 1845)  Position Error = 305.059
TrainID = 581  dbValue = 5.78393  nTestCell = 40  nTrainCell = 37  nDiff = 3  (X,Y) = (1735, 1855)  Position Error = 295.027
TrainID = 1031  dbValue = 5.80479  nTestCell = 40  nTrainCell = 38  nDiff = 2  (X,Y) = (1315, 1665)  Position Error = 224.1
TrainID = 171  dbValue = 5.84707  nTestCell = 40  nTrainCell = 37  nDiff = 3  (X,Y) = (1565, 2135)  Position Error = 310.292
TrainID = 1193  dbValue = 5.93118  nTestCell = 40  nTrainCell = 37  nDiff = 3  (X,Y) = (1425, 2165)  Position Error = 314.358
TrainID = 774  dbValue = 6.09421  nTestCell = 40  nTrainCell = 37  nDiff = 3  (X,Y) = (1685, 1735)  Position Error = 271.074
TrainID = 1018  dbValue = 6.12415  nTestCell = 40  nTrainCell = 37  nDiff = 3  (X,Y) = (1695, 1755)  Position Error = 272.472
TrainID = 579  dbValue = 6.3134  nTestCell = 40  nTrainCell = 37  nDiff = 3  (X,Y) = (1695, 1725)  Position Error = 284.431
TrainID = 369  dbValue = 6.3168  nTestCell = 40  nTrainCell = 37  nDiff = 3  (X,Y) = (1715, 1745)  Position Error = 294.722
TrainID = 823  dbValue = 6.33926  nTestCell = 40  nTrainCell = 37  nDiff = 3  (X,Y) = (1715, 1725)  Position Error = 302.491
TrainID = 666  dbValue = 6.39152  nTestCell = 40  nTrainCell = 37  nDiff = 3  (X,Y) = (1745, 1785)  Position Error = 312.059
TrainID = 1090  dbValue = 6.39815  nTestCell = 40  nTrainCell = 37  nDiff = 3  (X,Y) = (1715, 1735)  Position Error = 298.464
TrainID = 320  dbValue = 6.40408  nTestCell = 40  nTrainCell = 37  nDiff = 3  (X,Y) = (1715, 1735)  Position Error = 298.464
TrainID = 914  dbValue = 6.5272  nTestCell = 40  nTrainCell = 38  nDiff = 2  (X,Y) = (1305, 1615)  Position Error = 271.884
