trainID = 316  2.5978  3.7048  0.612  35.5267  32.1321  2.1571  4.367  1.1586  2.7622  2.074  1.1917  2.2836  2.161  0.257  0.9462  2.3386  2.5171  1.2068  21.1656  9.8372  2.9771  5.9433  5.1044  2.7968  2.3564  2.374  35.6286  0.8372  3.1838  10.7058  2.4337  1.517  1.2789  1.3542  2.1079  5.0276  7.3365  3.3405  3.0619  2.6742  1.4066  0.0904  
trainID = 340  1.4608  3.5388  2.452  0.607  0.8168  3.016  37.4073  7.1725  3.317  4.3804  1.0612  1.1712  3.0608  0.3273  3.2613  3.4568  0.4459  0.7761  3.5541  5.2505  9.6884  20.6742  3.9868  10.5065  0.6591  4.4448  5.6568  1.1404  35.1126  5.9717  0.9654  9.2078  5.1866  4.3542  4.6693  2.2012  3.0192  3.2871  9.8845  0.656  0.5044  34.3418  
trainID = 351  1.5033  1.0102  3.5535  2.6088  0.3314  3.758  33.8681  6.3396  1.0584  0.0293  2.6693  2.0402  0.7953  0.0354  1.5787  0.8159  7.2535  0.6192  0.6865  1.7409  2.8958  2.1781  0.0158  5.445  4.5632  0.3136  3.1448  3.4702  2.4774  0.1516  2.9234  2.909  0.1969  3.5106  0.4471  2.0633  0.2272  5.0743  0.555  1.4457  0.366  2.717  1.7487  
trainID = 393  0.4798  0.6231  1.799  2.235  1.8896  2.728  33.7625  4.6636  1.4645  0.9262  1.7427  0.7086  2.5142  0.0477  1.5729  1.344  2.2275  1.251  0.4415  6.6973  8.6895  7.538  2.5901  8.1828  0.4446  0.9868  1.6805  2.5064  33.9972  1.4205  1.4692  3.3201  1.2197  4.033  2.1898  0.4698  1.6376  2.3277  3.7504  0.807  3.3392  0.613  0.475  0.6289  
trainID = 397  0.7988  1.0488  2.5638  0.521  0.1602  1.432  34.7155  2.8209  0.8039  2.2843  1.7331  1.5919  2.6042  0.7293  1.4827  1.3629  3.1782  0.0252  0.4487  3.5105  6.0419  2.6287  0.1833  3.9823  0.1618  1.5428  0.1712  1.3358  33.8669  0.2361  0.6183  6.3331  0.747  4.6571  0.2853  0.6348  2.0879  0.302  3.4385  2.6142  0.3787  1.127  1.327  1.3625  
trainID = 405  2.513  3.5795  0.788  4.1637  0.094  1.211  3.3367  2.5068  0.7805  0.8139  1.3276  1.9624  1.1616  0.7707  0.931  5.8018  2.3169  4.1889  3.5485  0.0068  0.8212  2.1641  3.7861  0.4789  0.4477  2.953  0.0401  0.7117  0.9616  0.0004  1.9409  0.2956  2.2286  1.1958  0.8519  1.3483  0.422  2.3388  0.6292  3.5364  0.424  2.0665  0.528  
trainID = 413  2.7827  0.8761  2.16  0.209  0.019  2.042  1.9399  4.8964  0.7918  5.383  4.5037  4.1099  1.806  1.5129  3.725  3.95  4.8619  2.8209  2.4797  2.6236  3.5405  5.7621  2.3671  8.6375  1.1219  1.1235  2.7564  2.6915  2.8407  1.4818  2.3522  1.8267  6.1903  2.5388  1.2547  0.4825  0.4641  3.182  1.994  1.823  0.853  0.9708  
trainID = 484  0.473  0.3448  0.5  1.08  1.512  1.351  7.6476  2.0162  1.6708  0.0021  2.5925  2.7445  0.6748  3.3497  2.2308  4.0337  0.2366  1.0947  3.7149  0.4148  3.4394  2.2766  2.0133  0.6077  0.798  1.9954  1.4574  1.7013  2.2587  0.4127  0.8006  0.7597  3.5775  3.3841  0.1669  3.6021  0.2786  1.9638  0.8129  0.079  0.517  3.0399  1.593  
trainID = 511  3.4523  0.5853  2.8057  1.83  0.1913  1.594  0.19  7.2831  5.8956  1.2226  2.5412  0.0209  2.5161  2.4094  0.6647  2.9085  2.5634  0.95  2.7479  1.9124  1.5592  2.6738  2.1083  3.5963  9.9128  0.4217  1.8246  0.5944  2.7481  1.7224  0.4784  2.1295  2.6395  5.4213  1.0412  2.4497  1.9285  0.5807  0.631  2.584  1.859  0.88  0.7227  
trainID = 520  3.6985  1.2398  1.722  1.429  0.6632  5.1884  7.9495  6.5545  0.4122  2.8032  1.2565  3.9373  2.9987  1.334  3.9388  4.5986  1.0227  1.4246  2.9097  1.4666  3.7002  4.7192  2.9011  9.5625  1.8154  0.2909  6.383  0.062  3.222  1.8018  2.5193  0.639  3.2838  6.0484  4.829  0.0285  1.6615  0.2968  1.815  5.4747  0.827  0.159  0.6982  
trainID = 523  0.6461  0.4987  1.028  0.6  0.7389  0.908  35.5356  2.9255  1.0403  2.7821  1.2349  0.258  3.5173  0.4939  4.5609  1.6912  2.7213  0.8462  1.9265  6.1586  7.0512  6.2435  2.2224  7.1898  0.0185  1.6368  3.5378  1.6238  34.4157  0.8229  0.1797  6.9492  0.8285  0.5694  1.5259  0.5788  3.5802  0.8885  5.8626  2.6996  3.6797  0.379  0.244  0.2597  
trainID = 535  2.2157  3.283  4.2616  32.2537  32.5842  3.976  4.1664  3.3971  1.3714  1.9384  1.6122  0.6188  2.2173  0.21  0.1308  1.5436  2.6911  12.2219  23.1185  15.6703  5.4512  9.1523  4.4108  3.6208  2.085  0.1537  34.7449  3.4913  4.0732  9.9198  2.4084  2.1392  1.4001  1.7522  2.9122  2.0576  6.5606  1.9035  2.7519  0.08  0.666  0.5222  
trainID = 538  0.6173  0.305  0.675  33.4547  32.1557  2.7936  3.9226  0.2413  1.9765  2.4313  2.2409  2.9316  0.7899  0.383  2.5612  2.645  1.968  6.4066  15.8909  10.7817  6.3781  6.8871  4.5818  1.3868  1.794  1.6433  36.3711  1.486  0.1844  6.9347  1.6529  1.7032  0.8611  0.7172  1.6312  4.9516  5.4016  0.349  1.666  0.059  1.408  1.2188  
trainID = 558  0.2617  2.6815  1.462  35.0067  33.7188  4.3875  1.2215  0.3347  0.4172  2.0348  0.3775  1.1878  1.1706  1.3087  2.5113  2.8565  1.0573  6.8319  13.9112  9.4973  2.3397  6.7433  5.5443  2.0998  1.5163  1.383  36.9077  3.371  1.2294  7.941  0.7569  0.6604  1.1439  0.1401  2.0465  3.3649  6.0889  1.13  2.4504  2.382  2.236  1.5373  0.032  
trainID = 613  5.5885  3.5703  0.055  1.212  0.5263  2.526  4.6828  7.8856  1.2381  6.5494  5.2147  3.7134  2.0363  3.1176  2.918  5.9655  3.6119  1.7696  5.2084  1.265  4.4045  8.5205  10.7008  5.0852  2.0391  2.4905  1.8834  0.9127  3.6297  5.0621  7.0057  1.192  5.1387  3.0024  2.0967  3.1742  0.6592  0.817  3.23  3.8385  1.612  0.1764  0.711  
trainID = 615  3.4718  1.4084  2.362  36.7947  29.761  2.0636  2.7993  1.0235  0.8364  0.3522  0.0731  2.6696  3.7837  1.9266  1.6589  1.0069  2.5749  6.1639  23.0624  7.3365  5.2448  3.8331  4.7462  0.8116  1.3195  3.6657  34.9077  0.026  2.7254  6.5267  0.5138  1.8572  1.5249  0.3664  0.3199  3.3218  5.5163  3.2707  3.5302  0.697  0.509  0.857  
trainID = 640  2.2392  1.1087  2.51  0.914  0.1298  1.355  1.103  3.9418  1.3072  0.3299  0.659  0.5188  2.4394  0.0886  2.9663  1.661  2.716  1.0929  2.2427  0.1144  2.2398  0.0782  2.7638  0.9313  2.545  1.3238  0.8643  1.8873  0.943  0.0441  0.3619  3.0128  1.2228  1.3525  0.0892  2.2042  3.4832  1.8627  1.2688  1.8904  1.8168  3.1008  1.6881  1.5587  0.172  
trainID = 658  2.3145  0.7339  3.6027  1.833  0.0059  3.665  0.668  7.7334  4.7385  0.3146  2.7808  2.6214  4.3213  1.5323  1.9735  0.9892  3.9986  0.5724  1.7706  0.9869  0.5729  0.4381  2.2766  2.8497  4.7106  1.8698  1.8105  1.4921  3.4005  0.5512  1.9601  0.7137  4.4607  3.9955  0.6798  0.6931  0.8089  2.8269  1.663  0.3389  0.525  0.897  0.1627  
trainID = 671  4.9577  3.7841  0.53  4.4913  2.6543  3.158  6.8741  9.5562  0.7009  10.5852  2.8655  4.0535  2.2552  0.0976  5.0463  6.2643  1.2486  1.8048  4.0952  3.2011  3.723  10.1406  4.4266  14.3477  0.3251  1.1032  5.7964  1.8546  2.8169  2.6725  3.8268  2.6398  7.5815  0.7434  2.9362  1.444  0.4836  0.402  3.1623  1.376  0.321  1.5221  
trainID = 714  5.0646  3.5257  2.346  1.343  0.5441  2.584  7.8483  5.9446  1.2257  8.7295  2.1693  3.4551  2.6636  3.8914  6.1238  6.3908  3.2179  3.3109  3.5962  2.9262  5.2637  7.7998  4.1351  12.8701  2.8414  0.6454  5.9253  3.5888  2.432  1.8571  1.6337  1.7412  8.4258  1.4929  0.8552  1.7698  0.8334  0.594  5.6557  1.433  0.766  0.535  0.778  
trainID = 734  0.9571  0.3667  1.52  0.302  0.0302  2.124  1.275  6.1672  0.9657  3.5703  1.1947  1.4372  5.3917  1.1687  1.4156  1.1541  3.5705  1.5709  0.4415  0.4169  2.6789  2.4646  2.0868  5.1213  0.8917  0.7239  1.3715  1.4858  2.6178  3.3802  2.3643  2.1773  2.7248  3.5047  1.8692  0.7181  0.5821  4.1981  0.43  1.6857  0.23  0.15  0.9537  
trainID = 749  4.2808  2.959  2.9739  35.9397  32.3175  1.0139  4.4433  0.4977  0.9688  2.5474  1.452  3.8646  3.4387  0.756  2.6393  3.1546  1.3428  7.9432  24.7689  6.2785  1.9855  5.3964  4.7081  1.7448  1.5413  5.5718  38.4486  1.0035  4.3632  9.4309  0.8798  2.3036  1.0948  0.4011  1.2506  5.3421  6.6021  1.219  2.5359  0.64  0.626  0.3042  
trainID = 760  3.5521  3.4205  3.0385  0.925  0.4722  2.121  4.2629  7.7929  0.9584  7.3337  5.3566  4.3148  1.0594  2.7763  3.0874  4.7609  0.5559  3.1579  4.3199  2.732  4.8159  8.5118  8.2885  6.2002  1.6749  3.0019  1.0605  1.094  2.3502  4.1027  2.0811  6.6107  0.8119  6.2056  1.8285  1.2639  3.3789  1.5387  2.6076  6.0823  1.052  0.713  2.4309  1.554  
trainID = 768  2.4772  0.198  0.905  33.6137  32.9986  3.5198  5.5837  2.8484  1.3571  0.1203  0.1499  2.2966  5.3244  2.134  1.3505  0.5606  0.6396  9.9546  12.7894  11.3241  2.9524  6.861  2.4294  0.1912  1.8385  0.5239  34.3132  3.9028  0.4333  6.5219  0.6428  4.6224  1.6286  0.2574  1.5203  2.0663  5.0731  1.5495  2.0958  0.54  0.679  1.9202  
trainID = 773  0.1138  0.2446  0.025  36.8067  2.2321  1.7588  0.1469  4.1035  3.1457  1.8009  0.4037  0.0335  0.15  5.1836  0.2271  3.0579  2.5777  1.1782  0.6577  0.5922  1.5844  4.7646  2.6238  2.2442  0.7244  34.4876  0.5251  0.4574  2.0496  0.1336  0.075  2.0678  2.1434  1.1756  1.4449  2.0363  3.2725  1.681  2.2282  0.363  1.0153  0.284  
trainID = 779  5.5009  4.1857  1.401  0.251  0.805  2.451  3.8281  6.7193  1.9618  4.6433  5.3201  0.4022  2.0681  0.2518  3.8636  5.6969  2.6929  4.8119  5.8401  2.5909  6.6949  12.0356  12.7346  3.9806  1.1749  2.146  5.0034  1.4212  4.6737  3.5245  6.9903  1.5122  5.8406  2.7872  1.1394  2.961  4.1443  1.044  2.0693  1.276  1.7656  0.6216  1.283  
trainID = 784  2.9032  0.0525  2.8062  1.492  1.2617  3.46  0.874  5.7572  4.5652  2.4032  1.586  2.6435  3.5176  1.4403  2.086  3.052  4.0311  3.6939  2.3868  2.0567  0.7686  1.7059  2.6341  0.406  1.3524  1.4235  0.7379  0.5596  2.0973  3.8347  2.3833  0.2561  1.8928  2.7277  0.6205  1.1421  1.2471  0.4582  0.626  1.2741  1.132  0.138  0.2192  1.825  
trainID = 790  4.0641  0.6134  3.1109  1.186  0.8921  3.695  0.306  7.1146  4.3439  1.03  1.4513  1.6165  8.1731  2.4421  0.5895  3.2821  5.7221  3.0289  0.7929  0.1147  1.2083  1.3986  2.5846  8.6308  6.2869  0.3814  3.4405  4.7258  3.4589  1.3  2.5623  2.6575  3.8214  4.6171  1.6425  2.4343  0.0546  1.364  0.214  1.1211  0.314  2.102  1.3571  
trainID = 806  1.7265  1.1049  4.7001  1.826  2.0168  0.749  0.328  4.1662  3.2059  2.0796  2.7111  0.5608  6.171  1.8851  0.0747  4.9066  5.6896  2.2259  1.928  0.3761  1.9366  0.4809  1.4732  7.7894  6.6046  0.73  4.6114  2.2232  4.7514  2.1124  1.6532  4.5841  3.738  3.9908  0.7412  1.8622  1.6618  1.3672  1.051  0.5085  1.43  1.843  0.9073  
trainID = 812  2.3427  1.1014  2.179  1.767  0.1623  3.783  34.7444  5.8781  0.0394  2.9581  1.3794  1.2213  5.554  0.9834  1.6607  0.269  2.9442  1.5275  0.3968  1.4681  5.6417  2.6963  1.2492  6.9088  4.8028  0.2275  1.9932  2.4614  4.1275  0.9731  6.621  3.7847  3.3624  1.8665  0.0562  1.2485  1.2977  4.7173  1.22  2.0541  1.081  3.144  0.2251  0.508  
trainID = 834  0.7331  4.9169  3.4064  2.496  1.9085  0.879  35.9536  6.5676  3.659  4.5473  1.3424  3.4573  1.4023  1.1616  4.7693  0.9693  3.5753  0.7953  0.9906  4.7128  8.4356  16.3649  4.1771  8.3895  1.4951  4.2138  1.7107  1.9684  33.9991  4.0052  2.3279  7.9352  4.3941  5.5955  2.8055  1.8472  2.9622  2.9631  7.0795  3.548  0.5071  32.6618  
trainID = 869  3.8877  2.153  1.834  3.9952  1.5346  2.008  34.4586  9.2932  2.0297  4.2859  2.8689  2.8092  5.8252  0.6641  1.5864  1.7087  2.3635  0.0308  1.1096  0.0992  2.955  2.4674  2.7868  11.5008  7.7383  1.2748  4.274  4.2121  0.809  4.7042  0.4392  5.5217  3.7113  4.7206  2.9312  0.1925  2.2861  0.9686  5.2618  0.09  0.5673  35.2728  
trainID = 888  1.7603  0.3068  1.718  3.6652  2.5824  0.949  33.9844  3.6539  1.2223  1.7037  0.9365  2.0817  2.2428  1.8341  2.5654  3.786  4.6061  2.5069  0.2277  2.1494  4.5863  2.0682  0.2972  7.4024  3.265  0.1008  1.5452  3.9147  2.1316  0.3513  6.53  3.6661  0.7122  3.2486  1.9109  0.8774  0.2396  2.7112  0.099  1.7274  1.084  0.705  0.3993  
trainID = 903  1.2577  2.6941  0.159  0.195  0.2759  3.511  34.3338  4.3796  2.9307  3.4642  0.8628  1.8926  3.1508  0.7874  3.5363  1.0773  3.2304  0.6896  1.5959  10.9774  11.2418  9.4843  2.2166  3.1247  1.8966  4.0428  3.039  1.6509  34.7979  2.2894  0.7127  5.2886  1.2224  0.9069  0.7233  1.1672  1.0265  0.6892  3.5342  1.7587  2.2569  2.515  0.055  0.9288  
trainID = 904  3.1464  0.9168  3.0594  0.713  0.3215  2.668  4.4252  2.6104  0.0241  0.3314  0.0471  2.7694  1.7272  0.5779  2.5179  4.302  0.3338  2.0788  0.7988  0.325  0.8703  3.8024  0.1344  5.0884  0.7863  0.0744  2.4998  1.5933  0.4142  0.5034  0.2956  2.2877  1.8376  0.5893  0.4342  0.6556  0.7651  1.241  0.5595  1.032  1.5143  0.2496  
trainID = 933  4.6258  1.0579  2.7734  33.8447  34.7334  2.9173  0.2848  0.3909  0.7187  0.3444  2.4278  1.7426  3.4355  0.028  4.1772  0.8546  1.1423  0.3374  12.9837  6.8503  1.8445  3.6043  3.2076  2.3448  1.2154  1.0852  37.2658  1.0879  2.0511  4.4263  3.3545  1.2967  1.7856  0.1575  1.5053  0.9083  4.3266  1.148  1.3532  0.558  1.125  0.8358  
trainID = 985  5.3414  2.1623  2.063  3.0078  1.2368  3.428  1.059  7.0696  6.6421  0.92  8.4545  2.2902  4.3731  2.9624  0.4826  4.8155  3.7669  5.4869  4.0089  5.4751  3.4687  5.1953  5.2022  3.5073  13.324  0.6399  0.9371  4.7469  2.2295  4.0597  2.9766  1.3388  4.2189  4.3725  2.3294  1.1371  1.0367  0.8229  1.727  4.3379  1.541  1.723  0.4687  
trainID = 995  0.5344  1.6834  2.212  0.679  1.3447  3.355  5.0229  1.0745  0.9347  0.8182  0.4613  3.9579  1.4424  0.0213  0.5155  5.4985  0.3073  1.6717  3.1688  4.1815  2.849  1.7594  4.4107  1.2347  1.0688  0.3737  1.3579  35.6354  0.5152  2.307  2.7157  0.6465  0.9787  1.0221  1.9492  0.5957  1.2667  1.4268  0.964  1.4412  0.264  0.561  1.674  0.034  
trainID = 1046  0.6113  1.0711  1.045  1.719  0.3473  1.456  3.2901  2.3915  0.8452  2.4332  1.0033  0.9835  2.2946  1.0289  1.8355  4.229  0.2008  0.9792  0.7103  2.7742  2.4255  0.0066  0.7426  1.7744  0.2791  0.534  2.0529  0.998  0.7708  2.1635  2.6517  0.7604  0.842  0.3542  1.6168  0.1187  1.5542  1.3855  1.036  0.2528  0.881  0.009  0.8826  
trainID = 1075  2.5141  2.0977  4.002  35.5497  32.2995  2.6538  5.1379  1.9381  1.45  0.5834  2.3945  2.1526  2.236  0.851  1.3586  2.6784  1.3058  14.9549  24.2806  18.3497  3.6945  9.7281  3.6271  2.8738  1.0033  1.0456  37.3552  2.5422  1.7826  7.0714  2.9113  3.2426  1.7734  2.1812  3.1872  2.592  6.6314  0.569  2.1097  0.367  1.407  1.2173  
trainID = 1076  3.496  4.2265  2.5721  0.465  1.1911  4.5466  6.1237  7.1456  0.2445  8.3957  4.5525  2.3106  4.4667  2.1594  3.4119  9.0488  2.2329  2.444  4.791  4.5676  4.3723  10.921  2.469  11.5087  0.5311  0.6406  5.0123  0.9897  1.3536  2.2592  4.9409  2.9466  4.9054  1.7757  0.6424  4.1278  0.962  0.182  1.7397  0.438  0.298  1.6752  
trainID = 1080  1.3651  2.9533  2.028  0.788  1.4267  1.201  34.3247  6.4176  5.5759  3.2831  0.2576  1.9869  1.8421  3.6376  3.5127  2.111  0.9512  2.31  2.1464  10.1661  13.4352  9.9307  3.2487  7.158  1.5895  0.9218  1.9351  0.4862  32.5798  4.3757  0.3625  8.8014  3.9628  4.0497  1.003  1.6122  2.3325  1.3791  5.1441  0.141  0.2841  33.6448  
trainID = 1122  0.3156  0.6399  1.083  1.258  0.3976  1.088  32.6619  4.5676  0.7516  1.7098  2.8432  3.2969  3.5553  0.3335  0.717  0.184  1.5183  1.4659  0.1701  8.399  9.4366  7.143  0.436  6.9776  0.921  0.4787  0.919  0.6783  35.3628  1.4441  0.4414  5.7962  1.9034  3.2709  0.9481  0.5053  1.05  1.7871  4.3072  0.028  0.0203  1.646  3.1536  0.0537  
trainID = 1147  1.5852  0.3776  0.134  0.916  2.2582  3.9798  8.639  2.3325  0.8254  0.0931  1.054  0.848  1.2787  0.166  0.116  3.8791  0.6656  0.4169  0.1688  3.2159  0.9001  1.7688  5.3102  5.388  0.1717  0.2441  2.4481  1.0501  1.9123  2.7632  3.995  2.3569  2.4115  1.2272  0.6682  1.3854  1.3697  1.392  1.6417  0.399  0.959  1.058  
trainID = 1180  0.9702  1.8911  0.52  1.293  0.1491  1.095  31.9782  2.1065  1.1884  0.4107  0.098  0.2334  0.1958  1.5156  3.2314  1.101  0.3121  0.2762  1.133  5.6822  7.8141  5.763  1.2199  5.8931  2.9351  2.8498  1.4045  1.3325  38.1481  0.4932  0.5911  6.0806  3.2234  2.8533  0.3963  0.9831  2.0005  1.5072  3.897  1.4943  1.0249  1.771  2.377  0.7838  
trainID = 1181  1.4437  0.3677  0.862  1.52  2.16  2.64  4.0062  5.3369  0.4157  1.6425  0.5551  3.9963  0.2295  0.3125  3.925  4.1158  0.2399  1.86  1.4955  0.4615  2.2452  3.315  0.7634  4.0584  1.0005  1.5428  2.2017  0.7864  0.2345  1.8674  0.0145  3.8622  3.4744  1.0546  0.9209  1.4161  0.7516  1.01  1.1772  0.472  1.9367  0.2886  1.571  
trainID = 1221  2.7411  2.5315  0.376  0.059  0.5943  1.785  33.0951  5.4896  1.7991  2.2356  1.1064  0.7313  2.2465  1.7216  2.4443  0.187  0.7049  1.582  2.0077  8.9845  12.437  7.688  2.2102  6.8391  0.6739  1.3618  0.3188  0.5766  37.7933  2.5868  2.1401  5.7895  2.5198  0.8994  0.7069  0.7697  3.8682  0.3278  4.5936  0.035  0.8365  3.7373  0.089  1.033  
trainID = 1227  0.9155  0.8458  2.6151  2.8997  2.2193  3.9505  33.8762  9.4454  0.0709  2.1669  1.5304  1.9613  5.2879  1.3491  4.9924  1.2787  2.8845  1.1992  1.6537  0.392  2.6056  2.2303  1.6334  7.0467  5.4083  2.4808  2.388  0.3422  3.8256  0.7255  4.1418  3.918  3.6003  3.4839  1.8282  3.5312  0.6572  3.01  0.194  0.3022  0.338  1.376  1.0324  
trainID = 1249  3.0538  2.9022  1.847  1.03  0.9966  3.03  37.0762  6.8869  3.5033  2.0915  0.1468  1.5638  2.7484  1.5526  3.1585  0.7171  2.4569  2.2554  0.6126  8.4089  11.0835  15.3434  5.7485  9.7515  1.1605  2.9218  1.9433  3.8715  35.4483  5.4314  0.4616  7.0485  4.1878  3.6365  1.9433  1.0932  5.1682  2.0595  5.8394  0.359  1.1805  34.8678  
trainID = 1253  4.1928  1.8999  1.862  33.9377  33.4443  2.0174  5.2724  0.2511  0.6364  1.6133  3.2574  2.5346  3.8075  0.859  3.3356  2.0747  0.592  0.9135  24.0922  10.0094  4.6728  4.0921  5.009  2.5578  1.0215  0.3808  37.0604  1.0528  0.641  8.6183  1.3574  5.5821  0.104  1.9562  1.5533  3.5483  5.3983  4.2339  3.9528  0.263  2.988  1.1186  
trainID = 1255  0.9887  3.3504  4.0287  0.18  1.5255  2.181  34.6918  7.0287  6.9316  4.2554  0.6822  3.5839  3.3829  0.5171  5.8262  2.4654  1.1016  1.9796  2.2111  9.7464  9.1449  24.3183  6.982  13.6536  3.065  4.1448  4.3881  0.7141  33.2856  6.5238  1.7034  7.6813  3.7329  4.9602  3.8017  2.5402  4.6942  4.9698  7.8225  0.662  1.8296  34.5218  
trainID = 1258  2.8206  1.5034  0.741  3.1374  0.5182  2.809  4.9992  6.1083  2.4568  5.4941  4.2992  5.4304  3.4739  0.7314  4.4407  4.5585  3.9589  2.6309  4.1815  1.5872  4.1263  4.9108  0.7051  7.9912  3.004  0.9241  3.4542  2.918  2.4848  3.2127  4.0694  1.3462  7.5336  4.3537  1.8246  0.8663  2.0893  1.08  3.4849  1.545  1.06  0.5143  
trainID = 1319  1.3735  3.4751  2.226  2.288  2.5533  3.9925  34.881  5.4242  1.8905  2.8337  1.2449  0.2551  1.1766  0.1131  2.4904  0.834  2.2729  1.3081  0.8308  8.6161  9.1074  8.1282  3.0242  8.4677  0.5179  2.6708  2.2547  0.5921  35.113  3.4948  0.1877  6.4296  3.38  3.1574  2.5724  0.8282  1.9607  3.6988  8.0905  2.184  0.481  1.387  0.417  0.0164  0.021  
trainID = 1355  0.7922  1.429  1.536  0.685  0.8863  2.772  3.2855  0.9563  0.5741  1.0494  0.9842  2.5335  0.4486  0.295  1.8966  2.2448  0.959  1.4809  1.1472  1.5639  1.7408  0.6087  1.3592  2.3801  1.2088  2.8625  0.0063  1.0314  0.2477  1.895  1.2199  0.4485  0.8611  0.7714  0.1164  0.0937  1.2795  0.114  0.1596  1.943  0.846  2.2778  1.411  
trainID = 1387  1.84  2.9115  2.8261  0.667  1.4444  2.743  35.2258  5.8904  4.1468  1.8187  1.6807  0.9758  4.1229  1.3016  1.8767  1.0944  2.4987  1.5696  1.8284  4.5372  13.413  23.3337  3.1533  8.7803  1.0556  4.1928  4.2831  2.3238  36.3871  4.3983  0.9896  8.3527  2.2083  3.0229  3.0789  1.3462  2.2186  4.3671  8.0075  1.259  1.3278  33.8048  
trainID = 1389  2.2349  0.0347  3.2912  2.036  2.7459  3.302  32.0344  5.3437  3.8701  4.6967  4.1779  4.7628  6.5669  0.091  3.0213  1.9091  3.4493  2.0556  0.772  1.54  1.9217  3.3893  1.6578  10.4803  5.2059  2.5778  6.9309  3.6436  3.6619  0.0084  5.4108  6.7855  3.7078  2.6585  0.8652  3.0092  1.6678  5.1555  0.544  1.0741  34.6968  0.185  
trainID = 1393  4.8281  3.8915  2.051  3.3846  0.6302  2.265  3.6397  11.3009  1.9028  10.3543  9.6078  3.576  5.2157  3.9827  5.2114  5.9456  4.5539  1.8998  5.5784  4.5231  7.9784  17.4239  12.8824  20.4981  2.1135  2.5299  5.805  2.2393  4.0367  5.9824  9.1527  1.6811  10.3215  2.5671  0.4492  3.7993  1.6208  0.7  5.729  2.064  3.1258  0.4667  1.988  
trainID = 1494  1.5172  2.8243  1.48  1.552  0.1296  3.156  33.2047  4.8293  1.9694  4.0116  2.5719  2.8133  3.6764  0.5566  2.0393  0.282  0.5083  0.6485  0.5996  2.2779  8.994  13.7874  5.2839  8.4602  2.65  2.6188  3.998  1.0218  33.0693  3.7366  0.7988  7.8518  3.1579  2.8789  0.5949  0.1254  2.499  2.13  5.4896  2.162  0.9202  33.8468  
trainID = 1498  3.3524  0.1902  2.094  2.465  1.3276  4.0267  0.85  5.4234  3.0029  1.4548  2.7734  2.1071  4.423  1.5576  0.7262  2.9077  2.9454  0.1814  2.2557  0.1364  2.6102  1.9188  4.923  4.9937  7.8743  0.3229  0.2084  3.5355  3.6189  2.5551  0.7546  4.4123  5.3461  3.6934  0.5746  0.7729  1.9823  1.2764  1.179  2.3061  0.802  0.662  0.4056  
trainID = 1513  4.7107  2.3985  1.409  1.487  1.017  1.995  7.1325  7.348  0.8474  4.0277  0.6232  2.9115  1.8155  0.9585  3.4879  4.4765  1.5612  0.5525  1.1292  2.0151  1.8574  3.2565  2.5648  8.2169  0.7679  0.8353  4.6127  2.1738  4.2857  0.3348  1.8934  2.4982  4.8663  1.0765  1.7388  1.4062  2.1287  0.234  2.7521  1.304  0.668  0.431  0.424  
trainID = 1530  2.7922  0.6377  1.489  2.256  2.9907  4.6635  6.5597  4.3921  0.2688  3.4076  1.2234  3.3225  1.5938  1.7969  3.5099  7.0364  1.1464  4.3069  1.6308  3.1397  5.3735  2.9524  4.3072  7.0962  0.1013  0.7841  3.0257  2.279  5.9546  0.6661  0.0017  1.9362  4.5724  2.9977  1.3218  1.4789  0.5492  0.6481  1.362  3.5208  2.8825  1.439  0.9586  
trainID = 1533  4.7852  0.7322  3.6259  0.928  1.9108  3.599  4.0027  6.7537  0.8028  6.9788  4.3336  2.2535  0.451  0.3592  4.759  8.6865  2.8949  2.2691  3.9689  0.1051  3.3382  6.8513  7.7793  5.4023  0.3818  3.4506  2.2872  1.371  2.7895  4.403  7.793  0.3258  4.2429  1.9634  1.2184  3.2437  0.5969  0.288  2.6523  1.554  3.0023  1.0052  1.686  
trainID = 1540  2.6235  2.2363  0.331  35.2007  33.4008  1.8737  2.0576  1.4497  2.9023  1.0994  1.0654  2.1946  3.8939  1.772  1.5354  0.654  0.2904  0.2821  15.0664  4.0168  5.5332  3.8397  4.9417  3.2748  0.6468  2.6256  37.1056  2.5251  1.4887  5.7209  0.6178  0.0579  0.1669  1.4108  1.7006  4.4164  1.8014  1.9771  3.4268  1.778  0.46  4.077  
trainID = 1545  1.398  0.9662  1.63  0.046  0.3575  4.5133  4.7406  4.7451  0.1288  5.4199  2.7539  2.3894  0.2595  1.6921  4.5472  5.5882  1.7823  5.1989  4.7232  2.4561  4.2534  5.1951  5.4208  6.2812  1.1304  0.1978  5.1445  1.7564  4.0347  2.2098  3.6222  3.6948  6.0019  5.1924  0.9617  2.4648  0.4481  0.511  3.2582  1.607  1.2878  1.1909  1.357  
trainID = 1546  3.1155  1.565  1.494  1.242  1.4379  0.396  0.589  6.0669  5.3499  3.0338  4.9033  0.7124  4.9471  1.3697  1.6467  3.0088  4.7896  3.4979  2.1357  3.575  1.5546  4.5598  5.2978  4.5011  9.6301  0.3132  2.1217  1.5494  2.4696  3.221  3.0789  3.2265  2.0632  5.1085  2.9977  0.1824  2.0156  0.4138  0.734  2.1564  2.4257  1.274  0.6332  
trainID = 1548  3.1452  1.8237  1.999  2.6578  0.7546  4.3363  0.029  4.4416  6.5789  0.5263  0.1455  0.5896  4.4583  3.4325  0.8088  2.2098  4.8671  0.7089  2.6389  2.1128  1.5496  5.098  3.3625  1.9867  4.0932  1.7108  0.4072  2.9503  0.689  0.8947  2.8825  0.945  2.3571  0.9533  3.4634  2.1311  0.6027  0.7383  0.4508  2.0078  2.723  1.79  2.2517  0.4708  1.283  
trainID = 1558  2.5853  1.5736  4.7643  0.63  0.6495  3.73  34.0155  3.1222  2.7774  4.2303  0.6947  3.8579  1.1961  1.5706  3.0784  1.4313  1.2841  1.1738  2.263  8.7538  13.8991  15.2854  2.9803  8.9035  0.861  1.2188  5.895  0.6574  33.9768  4.5258  1.7102  5.8803  5.194  6.1981  4.311  3.0502  4.8762  2.9233  5.2446  1.381  2.5633  34.5718  
trainID = 1580  1.4716  3.6645  1.471  0.844  0.9553  0.807  35.2339  4.3855  4.1627  4.3513  0.4006  0.292  4.6195  1.2536  3.8376  1.4875  0.3572  0.9811  2.3974  6.1196  16.201  16.5533  2.5216  10.1329  1.7889  2.1288  3.8116  2.2711  32.5818  5.6148  0.8263  8.1082  2.675  3.0763  3.0414  0.0379  2.2526  2.6226  8.0205  0.307  2.1967  32.5298  
trainID = 1587  1.8064  2.031  2.351  1.414  0.207  3.527  33.3807  9.8239  1.2001  4.767  1.5209  2.4623  4.3252  0.1331  3.5587  1.8331  1.9822  3.1749  1.2593  3.2194  8.0996  2.3407  0.1319  8.9345  3.2368  1.0378  5.5078  3.1823  4.3971  3.0469  3.5091  1.1506  3.3837  2.462  0.8284  3.8232  1.3542  6.2987  0.618  0.5793  0.035  0.262  0.5432  
trainID = 1602  2.6937  0.5188  0.466  1.014  0.6223  4.6499  6.1396  8.381  0.9663  4.3628  1.8481  3.3038  2.0575  2.3266  3.3681  2.7041  2.2749  2.0157  5.9558  1.3174  4.8739  6.4799  4.7545  10.9034  0.0185  0.5912  6.3653  2.3683  1.159  1.4321  0.7483  3.3541  6.6668  1.448  0.3202  0.3839  1.0138  0.619  1.3217  1.571  0.372  1.516  0.242  
trainID = 1652  2.0021  0.4891  0.378  0.305  0.3415  3.538  1.39  3.8995  5.1182  1.238  0.085  1.4323  3.0157  0.4107  1.5558  0.208  5.3636  3.1759  2.6539  1.2358  1.1239  1.2202  1.8133  3.5129  3.5894  0.6464  0.0918  0.9777  0.961  1.7023  3.2768  1.5521  2.749  1.1289  1.6581  4.0169  0.0784  0.429  2.9098  1.434  2.0452  0.212  2.0616  0.9474  
trainID = 1695  3.8096  1.7348  1.075  3.8831  0.2031  3.302  3.8978  5.0456  0.4803  2.4402  2.4562  1.7335  1.5776  2.1776  1.5312  6.3387  3.5489  2.9299  5.3872  1.919  4.363  6.7731  6.0226  1.0308  1.1428  0.6015  1.7425  0.871  2.4973  5.1147  3.1187  1.975  3.9226  2.0824  0.1986  1.175  0.0719  1.145  2.0123  2.7234  0.712  1.1356  0.519  
trainID = 1718  6.8551  2.9534  0.373  2.543  0.1313  5.163  5.779  8.4529  0.4347  6.509  6.5212  0.9048  3.3891  2.0074  3.4246  6.9371  2.4559  4.7709  5.3274  2.1431  4.9646  11.9003  5.3875  14.6061  1.3576  0.7116  7.2952  2.5455  2.8253  4.1736  5.7361  2.1643  8.7844  1.3471  2.166  4.6076  0.4961  0.215  4.7945  0.432  0.149  1.2593  0.863  
trainID = 1745  3.6068  2.4547  0.469  35.6617  34.0068  2.4877  3.7979  2.4348  1.4331  0.4439  0.9501  1.0557  3.1032  2.6861  3.6332  1.4333  1.6267  0.0135  19.8136  7.7459  1.677  5.1164  2.9487  3.6768  0.2812  2.303  36.2897  1.5148  2.1424  8.0861  0.0455  0.7606  1.5215  0.8462  0.2281  1.5677  3.291  0.741  4.7602  1.554  0.973  1.6313  
trainID = 1765  1.2425  1.0833  1.766  2.7535  0.3521  3.045  3.2641  0.7169  0.3079  2.2976  4.116  2.7149  1.7696  0.4781  0.6884  2.417  1.2922  0.9012  1.5964  2.6953  1.3326  0.5693  0.1141  0.9789  2.1068  0.1121  0.3634  1.676  0.9035  0.1723  1.1515  1.6381  0.6115  0.5567  1.947  0.1769  0.4181  1.5499  0.598  1.8775  0.545  0.258  2.5011  2.659  
trainID = 1769  2.5963  2.1303  1.891  0.022  2.1173  3.177  34.6576  5.4602  3.2945  4.0652  0.7563  0.0046  5.0957  2.5876  5.8237  1.9094  3.2631  2.8533  1.3172  6.1489  17.9691  23.8856  5.9142  8.6698  0.8599  3.9488  3.4862  1.5543  35.8112  4.2967  0.24  10.166  7.03  3.349  4.4615  2.3391  3.8872  3.7867  7.7485  0.683  1.6001  34.2568  
trainID = 1771  7.1626  0.8509  2.326  4.0167  2.3023  3.161  6.8839  8.847  2.4738  8.6483  3.5542  5.124  4.1308  2.072  4.4539  4.9539  4.0829  1.7433  1.8705  1.8783  5.5931  6.9971  3.7911  15.0379  2.3823  1.8278  6.4226  4.4067  2.3634  1.2122  5.2504  3.3009  7.2219  2.8393  0.8796  2.4751  0.1787  1.189  4.7436  0.698  0.796  2.162  1.275  
trainID = 1789  6.8483  0.4656  3.2685  2.8547  3.7831  4.9708  0.59  5.1775  8.94  1.0304  9.6682  0.0528  5.6197  1.832  2.7035  6.6559  5.2794  2.4909  4.0889  4.8318  4.8962  5.4318  7.1154  10.0505  10.9831  0.4484  5.9457  6.6569  0.271  3.0429  3.1958  1.2863  1.2251  1.9893  7.1268  0.9534  0.7068  1.2017  0.904  2.102  1.4854  1.475  
trainID = 1799  1.4598  0.375  4.3424  0.934  0.3427  1.718  34.06  6.5479  0.956  2.3081  3.6955  5.3694  4.601  0.7483  1.6455  2.3181  3.677  0.1179  0.3564  0.3185  4.5735  4.8035  2.2335  8.6074  1.9908  0.7276  2.0671  2.3099  0.097  5.1162  1.4569  5.0037  2.0249  3.4867  2.1737  0.1079  4.4062  1.0505  5.1886  2.8492  1.0726  32.7908  
trainID = 1825  0.7835  2.765  4.0595  2.535  1.1984  4.9014  34.834  8.4094  0.1065  2.4194  3.4229  0.3944  3.1202  0.5973  3.3988  2.837  2.428  1.2589  2.7103  1.4598  4.3361  5.7495  2.0648  10.6226  5.9141  2.8368  3.043  1.3942  0.175  3.6573  1.1169  5.4237  5.1299  5.0189  3.4947  3.3892  2.1762  0.2434  6.2644  2.278  0.2827  33.9388  
trainID = 1839  0.7177  1.2147  2.613  0.167  0.9901  2.858  2.5059  2.6626  0.4843  1.6308  1.6908  0.9265  0.7977  0.3011  0.9831  5.417  1.0019  2.0101  0.4936  1.7107  0.0999  2.378  1.7383  0.3291  1.3188  0.6767  2.8151  1.4248  2.9069  1.5321  0.8335  0.8719  2.5812  2.3154  1.7819  0.9267  0.811  2.8963  0.6189  0.031  0.995  1.555  0.105  
trainID = 1845  6.6108  3.4483  0.778  3.8306  1.4249  1.246  5.6647  10.6179  1.7518  7.8528  2.9671  5.6059  2.9635  1.5906  3.0545  2.5335  3.3949  1.4049  5.5192  3.1486  6.3864  11.0238  0.4869  15.9451  2.8577  2.014  5.5976  1.9289  3.0756  2.7915  3.2091  2.432  9.3389  1.2071  0.7111  3.837  0.834  1.595  2.5627  2.1868  0.343  0.6871  0.818  
trainID = 1850  2.8189  5.2268  1.969  3.0473  1.0617  5.2919  33.8802  5.8848  7.2353  2.553  0.7647  0.1479  1.3197  0.833  3.845  1.4695  0.5494  1.3376  1.2565  1.1902  12.0459  22.8337  4.8029  12.339  0.8132  4.2638  4.4108  0.6058  33.9898  4.5934  0.2352  10.7398  3.6472  3.7754  0.507  3.0552  3.3402  4.9612  8.2095  0.609  2.0082  35.0318  
trainID = 1857  0.0767  0.297  0.206  1.709  1.032  2.054  0.299  6.8533  2.7303  0.4979  1.248  1.6048  4.3127  0.2049  0.9588  1.7673  3.0187  0.1814  0.2679  0.527  2.8299  0.0976  1.7678  3.5807  4.7756  0.2626  0.7728  4.1044  3.0151  1.8894  1.563  1.6003  0.4673  2.8676  0.6105  0.6045  1.6179  2.2731  1.8718  1.8465  1.518  0.285  0.8484  
trainID = 1859  0.7366  3.0437  0.059  1.115  0.5331  2.524  32.7605  5.0986  0.6716  0.3808  0.4847  4.3818  0.6814  0.4202  2.8043  1.026  5.3034  1.6775  0.8644  8.1508  7.678  4.6059  3.2752  6.6518  0.3979  3.0908  3.1581  2.7358  36.4876  1.1931  0.3579  3.5988  3.941  1.5136  0.9564  2.1421  2.0405  2.0143  3.7207  0.359  0.5767  0.155  0.857  0.1111  
trainID = 1874  3.338  1.1856  1.717  2.177  0.3455  3.151  4.3816  3.378  0.3699  2.7458  0.5334  2.6829  1.7991  0.0979  0.4845  3.4353  0.9226  1.264  0.1344  0.4556  0.1393  0.7392  3.3369  3.6547  1.4504  0.9355  3.777  0.7119  1.7249  2.177  0.0996  1.7028  2.9486  1.3552  0.3325  0.6587  3.5126  2.1448  0.6008  1.653  0.652  1.4882  
trainID = 1900  1.1677  1.8047  2.7082  2.7998  1.3777  2.022  35.3792  3.2409  0.616  1.2591  0.441  1.3516  3.4796  0.7091  2.5827  0.9258  3.527  1.8073  0.664  4.7927  8.8306  6.6795  4.9287  1.7891  0.5393  4.1938  3.3077  0.3792  35.3711  0.762  0.7889  4.2114  1.5201  0.9077  2.6238  1.8142  3.7092  1.5457  6.9168  0.188  3.0535  0.853  1.083  1.4349  1.044  
trainID = 1915  5.0738  1.9149  2.344  2.7495  2.0802  3.732  3.4808  7.5734  0.6868  8.1647  3.7986  3.0577  2.369  0.0472  3.5433  5.8027  3.6719  5.3989  1.9218  1.029  2.4739  6.1846  1.5051  10.8854  0.0427  0.7246  4.3912  0.944  3.6367  0.6452  0.5239  1.5497  8.6129  2.3633  1.36  1.4752  1.0148  0.221  4.3606  1.453  0.935  0.8335  1.101  
trainID = 1942  6.0985  0.3383  1.086  4.5864  1.8213  4.7079  7.9183  8.5481  0.7047  4.2857  0.1731  5.6932  2.7804  0.8949  3.7776  5.1798  1.6813  5.7869  2.2378  0.1238  2.1269  4.7243  9.2704  9.9591  2.2078  2.3669  6.038  2.4484  5.5447  1.5421  2.554  2.5314  2.9166  2.275  1.463  0.4152  4.5946  0.777  3.0993  0.012  0.992  0.9077  
trainID = 1952  2.4254  1.2555  0.365  0.162  1.6227  1.985  33.9774  3.9883  4.7586  2.1784  0.5246  0.0442  2.7128  2.3236  2.6217  0.881  1.0137  2.1725  2.2377  16.2675  17.764  13.3897  4.7176  7.2267  2.0381  2.2618  2.4563  1.6549  34.7236  4.0216  3.6884  9.0188  3.921  1.9907  1.9362  1.7791  6.0172  3.6992  5.586  2.5928  2.1853  1.025  2.453  2.2693  
trainID = 1971  0.3808  2.8027  2.5632  1.817  0.5725  2.464  33.7031  5.6592  4.2802  2.3548  1.0227  1.0196  4.2531  0.6691  1.5581  1.9353  2.4969  3.0535  0.958  9.1085  10.4255  8.2028  3.4689  7.3017  0.8488  3.0708  3.192  1.9201  35.7243  1.7362  1.0526  5.5945  1.0936  3.3082  1.7153  0.9572  2.2216  3.362  4.2869  0.595  2.3946  0.411  0.965  0.9019  
trainID = 2013  0.323  0.2199  0.266  1.392  0.736  0.939  33.382  3.6546  1.7643  0.5336  1.381  0.1855  4.2736  3.9006  1.0448  0.306  0.0887  1.3486  0.2869  8.5131  8.8543  9.3678  3.5196  5.3683  0.8109  2.8358  2.9614  1.1419  34.6706  0.9229  0.6155  5.8239  0.908  2.5673  0.3732  0.1166  2.6182  1.9978  4.3885  2.1861  1.1205  1.573  1.404  0.3166  
trainID = 2072  6.3347  1.85  2.228  1.776  0.316  2.348  7.0082  6.5657  0.3237  6.0159  2.4815  1.3527  0.1315  1.0715  1.3599  4.7239  2.3789  3.6399  2.311  0.4115  3.2203  4.4234  2.2264  6.8872  0.5757  1.6383  0.9001  1.078  0.9355  2.5429  1.3665  0.3568  0.2013  4.5599  3.0245  0.1133  0.823  1.1088  0.87  3.2789  1.286  0.082  1.5624  1.075  
trainID = 2086  3.7168  2.1912  0.911  0.351  0.2781  3.12  4.6352  9.8745  3.3558  8.5713  2.6034  1.8925  3.3486  1.9833  3.1279  4.1714  2.0366  5.7759  6.111  4.0348  7.1643  10.0176  8.0466  12.8005  0.5353  0.0476  3.8634  2.5552  2.8176  2.834  7.0685  2.5971  7.8268  3.8193  1.1183  2.2145  0.6531  2.192  2.5897  0.851  1.6172  1.538  1.272  
trainID = 2139  0.8409  0.2426  1.465  3.7766  0.0188  0.094  6.2738  0.2763  4.405  0.0013  1.4747  2.2162  0.8405  0.09  0.4821  4.6681  1.1848  0.2612  2.0077  3.4691  2.124  1.1905  4.5789  0.4438  0.3305  0.6669  1.0732  0.288  1.2103  0.8345  2.172  2.7783  0.2221  0.7246  2.3197  2.6902  2.4879  1.3335  1.8685  1.3697  1.571  0.817  0.8982  
trainID = 2144  2.67  2.5539  0.425  0.798  1.5224  4.0944  3.4334  4.6903  1.1487  4.7119  4.0947  2.6789  2.6191  1.7449  4.2098  6.3535  2.1602  0.8239  4.2312  1.3009  5.2991  9.2644  9.2155  4.3423  0.0233  0.3889  4.4111  1.5589  2.9651  4.0011  6.0589  2.3438  7.6012  3.8125  0.0305  2.9481  1.2864  0.202  3.8532  2.7941  1.9196  0.7952  3.973  
trainID = 2172  0.7344  2.4132  0.296  33.6757  2.2474  0.2788  0.085  0.912  1.4737  3.2891  0.6399  1.8859  1.872  4.8369  0.8325  1.6785  1.1443  4.1424  1.8112  0.0703  2.3511  0.4065  0.1092  0.9696  1.2508  36.8568  1.6043  2.3033  4.1519  0.536  0.7567  0.6628  1.1868  2.011  2.0074  0.1246  3.1617  0.5351  0.411  1.2846  2.7729  1.095  
trainID = 2206  0.3093  1.9235  3.2179  2.226  1.1316  1.972  34.321  7.7926  0.48  2.0883  0.3125  0.6225  4.8026  1.7556  2.2458  1.7043  3.7904  2.6799  0.6757  5.0371  7.5461  7.4687  1.4547  7.43  2.5919  1.6708  2.9778  2.3484  34.5858  2.0348  0.8398  8.2709  2.2497  5.3877  1.8264  0.5637  4.1382  1.5664  3.5617  0.605  1.6312  0.331  0.696  0.9633  
trainID = 2228  4.9827  1.9349  0.155  0.962  0.9091  3.571  6.6334  7.5892  0.416  6.45  3.8022  4.4851  2.6653  0.3327  4.1285  6.0622  1.164  3.8809  3.2701  1.8824  4.8546  8.4154  2.9837  14.6285  0.5275  0.7353  6.2257  0.1385  5.6107  3.9293  3.4578  2.9982  7.7222  1.3084  0.6353  2.5361  0.371  0.393  2.2077  3.6493  1.6927  1.7303  0.542  
trainID = 2238  4.0318  1.5943  1.216  34.0427  34.1941  2.3746  5.6541  1.6266  2.078  2.9318  1.1644  5.0866  4.3371  0.8102  0.8125  3.8755  1.1482  6.9188  32.3964  11.6499  4.7853  7.1946  3.4396  1.9268  1.6777  0.8483  37.4303  0.3428  2.487  8.3229  1.8774  3.8467  2.6684  1.8582  1.2596  8.055  9.0135  1.282  4.2043  0.075  0.4  0.719  
trainID = 2281  3.7129  4.178  2.268  1.284  1.4704  2.06  5.0941  9.8804  1.8098  7.3421  4.8073  5.6605  2.5415  3.3386  2.5852  4.8145  2.4399  2.4513  6.5986  3.1234  6.2128  11.6428  7.1159  15.6092  3.742  4.4748  5.1863  0.4562  5.5137  3.2382  4.807  3.2111  9.0763  2.2926  0.0357  4.4825  2.6735  0.564  5.1879  0.844  0.699  0.4189  1.923  
trainID = 2340  2.9851  3.1575  0.257  1.068  0.8208  2.678  3.4811  6.2318  0.4564  0.8047  3.7729  2.1616  0.0462  1.118  1.8622  4.7713  1.0455  2.7229  1.5943  0.6007  3.3829  4.0972  1.1711  0.4575  0.342  0.471  2.9991  1.282  0.2678  1.2408  1.1339  3.0483  1.4071  3.7835  5.3835  1.4847  1.2055  2.9951  2.3267  1.8824  2.4108  0.972  2.2384  2.542  
trainID = 2341  4.2934  1.2125  2.008  1.782  1.9719  0.611  6.6246  4.7198  2.5628  2.91  4.5137  1.1293  1.3966  0.9669  2.347  4.5579  2.2429  4.1119  3.0295  3.5255  5.3068  4.6535  4.5705  2.0739  1.8817  0.3222  2.6009  1.9137  5.0987  0.84  5.4542  2.6402  5.6834  1.7688  0.6379  0.459  0.92  0.305  1.1548  2.2497  2.1497  1.3368  4.534  
trainID = 2368  5.5434  4.9154  0.05  1.123  1.5971  3.8863  3.335  7.7969  1.1609  8.6596  9.1084  4.9333  3.3677  2.5643  4.8915  8.1334  1.8569  5.6669  8.2306  4.904  9.4253  18.6157  15.3079  19.2851  1.6472  2.0186  5.4515  2.0142  3.4724  6.9279  9.5196  0.4781  11.7383  3.2498  2.3996  6.3715  2.121  1.938  4.6814  1.757  0.004  0.0137  3.734  
trainID = 2425  0.0964  2.0761  0.215  35.1287  0.153  1.9218  1.5714  1.4626  0.4743  0.9491  0.3461  1.9996  3.3838  1.6195  3.5169  0.6981  0.6385  2.8468  8.4562  1.8062  1.8866  5.0003  3.0907  1.4798  0.1711  0.2195  35.4038  0.7867  1.254  2.3151  1.1741  0.0917  2.5456  0.4157  0.05  2.9646  1.4395  1.324  0.5566  2.2552  1.125  0.7007  
trainID = 2430  1.1542  1.2038  0.477  1.931  0.7531  1.647  1.9193  3.6721  2.61  1.7918  1.3175  2.5374  2.0546  1.5295  1.1195  4.3506  2.2559  1.4496  0.5794  1.2102  0.8455  0.4618  0.986  1.1462  1.0536  1.3695  1.9811  1.0205  2.6725  0.1887  0.5129  2.0787  2.8773  3.5929  1.3769  1.4358  0.3921  0.988  2.1314  3.8452  0.22  1.6764  1.27  
trainID = 2436  2.7529  0.624  3.0529  0.084  2.0741  4.2975  3.9343  5.2195  1.8713  2.8507  3.564  4.0887  1.3673  0.8236  1.709  4.2915  0.7212  2.213  0.3735  4.1945  0.921  0.7393  9.0331  9.2688  0.3392  2.2254  4.3091  3.9996  2.1925  3.0764  2.2802  4.5526  3.4975  0.9552  2.2259  1.0974  2.6795  1.055  2.2411  2.3295  1.175  0.8674  
trainID = 2438  2.9564  0.8097  1.218  0.641  2.229  0.187  1.675  4.6782  0.7897  6.2414  3.0316  2.6185  1.7015  2.1149  2.9435  5.8137  4.1789  1.1652  4.512  2.1094  5.1061  6.3528  5.7664  4.2873  2.3468  2.6728  4.2066  0.648  0.7202  2.9667  4.425  6.7812  0.8512  5.5863  4.3638  1.8618  1.5032  0.6112  0.872  2.2693  0.709  0.708  0.5449  0.9  
trainID = 2453  1.9106  3.0944  2.6734  0.128  1.2823  1.899  33.6681  5.7828  7.852  2.1221  1.5268  1.7419  3.9998  0.1256  3.0148  0.11  0.3085  1.0873  2.2175  5.4904  15.0021  21.159  2.9112  9.4394  0.1479  3.7538  4.6152  2.0386  34.042  4.473  0.3437  7.7469  3.565  5.8908  2.383  0.3616  2.6014  5.5671  6.1406  1.336  2.2352  33.2348  
trainID = 2500  2.2945  0.5411  2.6359  1.706  3.8192  4.3266  0.786  8.333  3.7459  1.0503  0.3761  1.9656  6.4919  0.2581  0.6587  3.0136  3.8541  0.5054  2.6229  1.7392  1.4625  1.7449  3.0082  7.0369  6.585  0.3162  0.7745  3.7253  0.146  4.0345  2.1609  1.9292  3.4777  3.9314  6.5337  1.4347  2.8812  1.4254  1.5716  2.009  1.8655  0.362  0.624  0.1217  
trainID = 2543  4.1719  1.263  3.1265  0.819  0.9485  2.827  5.4982  3.3993  0.5475  4.269  3.7255  4.1235  0.0265  0.3173  2.1281  5.3452  1.8696  2.8449  4.2421  2.4506  4.422  4.819  0.7897  7.935  3.1316  0.5002  2.1288  0.7799  1.0822  3.0836  2.6656  1.9391  4.5225  0.9508  0.1064  0.3157  0.8196  1.636  2.4064  2.133  0.945  1.1071  
trainID = 2545  3.4417  0.4295  2.9388  3.0416  1.6464  5.0692  5.8729  5.7019  0.3291  6.0009  0.041  4.0379  2.9951  1.7245  3.5526  4.435  2.7619  4.0749  2.9556  2.3243  3.9537  2.2543  4.6581  11.2258  0.7683  2.6272  5.9852  1.8544  3.0128  0.6339  1.3705  1.9347  5.2244  2.3822  0.9013  1.6801  1.9763  0.149  2.0928  0.958  1.387  0.0455  
trainID = 2677  6.2106  1.2469  2.132  2.5522  2.0525  3.491  4.8595  7.4355  1.8693  6.3378  3.6947  5.5742  1.7837  0.3177  3.9574  4.1788  2.3179  3.9569  4.6059  2.0563  4.0832  8.4142  3.5253  13.5089  0.8408  3.4183  5.4251  2.4148  2.4325  2.5308  0.6418  3.432  6.9223  1.428  0.3383  2.9814  0.7774  0.263  5.0256  1.082  0.954  1.637  
trainID = 2681  4.3215  0.1201  2.7343  3.2025  1.5786  3.119  8.5414  6.0849  1.9172  5.3616  0.2047  5.4402  2.4147  1.8084  5.8723  5.626  3.1619  1.2448  2.4317  1.5344  2.6217  3.3831  5.5906  10.328  0.9429  2.4818  5.0191  3.3852  1.4626  1.1994  0.6946  2.3395  6.7025  0.166  0.539  0.0533  2.903  0.548  2.5629  0.894  2.683  0.7301  0.206  
trainID = 2701  3.043  2.57  0.663  0.184  0.2795  5.3635  3.0445  10.4169  0.2849  10.0038  3.509  5.7075  2.0396  0.5028  5.6075  4.7419  1.9048  4.7359  3.965  5.4955  7.56  11.4038  4.3606  17.5173  0.9749  2.031  4.9365  0.2284  3.6537  2.9355  3.6837  1.6466  7.7584  2.9281  1.598  0.036  2.8263  1.229  3.2261  0.01  2.347  1.2574  
trainID = 2704  2.9036  1.6645  2.125  33.2597  32.0616  2.3006  3.4928  1.5823  1.8664  2.6829  1.5448  1.9026  4.5252  2.117  0.3609  1.9736  2.1191  2.3194  25.4757  12.4135  4.0128  5.8025  3.4991  2.9568  3.1626  1.1422  36.1677  0.5342  1.5184  8.6003  1.6486  0.0891  0.8568  0.8634  2.8712  2.1034  4.3657  3.3977  3.2002  0.033  0.574  1.5361  0.141  
trainID = 2712  0.3608  0.8231  1.995  1.257  0.9149  2.345  5.7905  3.3153  0.0938  4.0253  1.1237  4.3739  0.2382  2.2628  4.3054  6.9986  0.443  1.764  0.5888  0.6171  0.3257  3.5416  2.4005  6.2388  0.6252  2.0524  1.7648  3.4527  1.3135  0.7581  0.6255  1.4788  1.7052  1.5066  2.3541  0.3178  4.3507  0.972  1.6352  0.653  1.357  1.8815  
trainID = 2807  1.1993  3.5354  0.612  2.325  0.3665  3.093  6.2274  7.6534  0.0517  4.2419  5.5398  2.9263  0.5675  1.5158  3.2461  7.2915  3.5299  2.9639  5.3023  1.2669  1.968  8.2618  5.2966  6.7094  2.107  0.8062  3.6396  0.6669  1.9923  1.7711  3.6723  0.7223  4.2086  3.0608  0.5417  2.355  0.1517  2.249  3.4465  1.322  1.027  0.783  
trainID = 2860  5.3338  2.3743  0.209  35.2147  32.2717  0.1699  4.2913  2.5434  0.4475  1.2249  0.6589  3.0766  2.603  0.6946  0.3011  2.9811  1.5773  11.2712  22.1858  5.2927  5.2044  4.2045  6.3622  2.9868  0.1494  0.715  38.6073  0.9067  3.3558  9.5918  0.2688  0.9619  0.6797  0.8072  1.8782  4.9876  4.974  0.616  1.2886  1.926  1.3306  1.7782  
trainID = 2870  2.0879  1.6045  0.561  0.663  0.0615  1.68  2.4875  3.3751  0.7717  0.8343  2.8309  0.9355  1.4426  0.2001  0.5602  4.0881  1.7341  2.7199  1.0776  1.9946  2.1904  3.3832  1.0996  0.4178  0.7494  0.4649  0.1473  0.9925  0.3858  1.8332  1.7745  0.2423  0.6815  3.5047  1.1656  0.2549  2.5591  2.6778  2.8793  1.12  1.759  0.9866  0.749  
trainID = 2890  3.666  2.9756  0.079  3.7581  0.9635  2.396  5.0797  8.2991  2.7628  7.124  4.0826  0.6387  1.6983  3.5701  3.3488  8.8909  3.5179  3.7089  3.6986  3.7222  5.7627  10.776  6.251  13.3168  2.9208  1.8473  4.6565  0.161  0.2418  3.3219  3.6722  4.1535  1.152  7.2365  2.8896  0.8702  1.6584  3.743  0.939  4.3764  2.158  0.789  0.8175  1.086  
trainID = 2893  3.533  0.1311  3.419  0.274  1.3766  1.067  7.1844  4.0243  1.4962  2.4962  0.4469  4.6821  0.157  0.4445  1.3737  4.7647  1.0205  1.5276  1.2555  1.0228  1.6145  0.985  7.9125  9.6269  0.9405  2.6442  5.4621  2.2959  3.9337  1.193  3.4568  4.2281  4.6203  0.8877  1.4499  1.5242  0.9278  0.841  0.8806  0.344  2.804  0.2077  0.41  
trainID = 2907  0.2794  0.8992  2.504  1.452  2.6111  1.186  35.0105  6.9134  0.0923  2.4618  1.3938  1.6395  2.1704  0.8232  3.9187  0.3977  2.2663  2.6929  0.1341  7.2449  7.7764  6.9677  2.2018  8.4118  1.8356  2.3808  3.3971  1.179  36.3318  5.2434  2.482  7.1144  1.5593  4.7196  3.1436  2.3942  2.6205  0.4879  5.4555  1.4952  1.4667  0.499  0.008  0.1203  
trainID = 2941  1.3066  4.3968  0.668  34.5347  31.6772  1.4295  2.0085  0.9667  1.7174  1.4546  2.0203  2.5066  4.618  0.5045  4.0326  0.9518  2.2998  3.4849  18.763  5.6722  5.1859  3.1648  4.8407  0.8888  0.6636  2.4774  37.0917  0.6634  0.2212  3.5533  0.632  0.1873  0.3231  0.4357  1.1933  3.383  5.096  0.241  0.3067  0.975  1.153  1.0312  0.126  
trainID = 2971  3.0318  2.2482  3.3526  1.721  2.399  3.041  32.404  3.9725  2.0102  1.8865  2.0822  1.5367  2.8124  2.4526  4.0374  0.4394  4.1852  1.3259  0.8015  7.3044  9.4021  6.1913  1.9411  6.0632  0.2936  1.2778  1.3192  1.544  35.2135  2.0656  0.2702  5.3622  2.5195  4.7664  0.7954  2.5232  2.6622  1.1162  5.1428  0.213  0.2894  0.38  2.003  2.2967  
trainID = 2983  0.7129  2.6726  0.295  3.0666  1.6831  3.106  4.3813  1.4778  2.7406  0.8129  0.7438  0.9686  0.507  2.2176  3.2793  3.258  0.7896  1.2845  3.301  4.598  1.2605  0.4303  6.0989  1.0671  0.4079  2.8456  1.6812  0.803  1.7091  1.4712  4.3011  4.3536  2.9989  1.0329  0.8262  2.9102  1.6538  0.6159  0.448  2.0845  1.392  0.05  1.105  
TrainID = 1355  dbValue = 1.21865  nTestCell = 45  nTrainCell = 43  nDiff = 2  (X,Y) = (1715, 1345)  Position Error = 17.088
TrainID = 1046  dbValue = 1.28701  nTestCell = 45  nTrainCell = 43  nDiff = 2  (X,Y) = (1705, 1375)  Position Error = 21.2603
TrainID = 1765  dbValue = 1.3708  nTestCell = 45  nTrainCell = 44  nDiff = 1  (X,Y) = (1715, 1365)  Position Error = 7.2111
TrainID = 904  dbValue = 1.45054  nTestCell = 45  nTrainCell = 42  nDiff = 3  (X,Y) = (1755, 1325)  Position Error = 49.5177
TrainID = 1839  dbValue = 1.45858  nTestCell = 45  nTrainCell = 43  nDiff = 2  (X,Y) = (1765, 1365)  Position Error = 44.1814
TrainID = 2870  dbValue = 1.48206  nTestCell = 45  nTrainCell = 43  nDiff = 2  (X,Y) = (1755, 1375)  Position Error = 36.7696
TrainID = 640  dbValue = 1.51429  nTestCell = 45  nTrainCell = 45  nDiff = 0  (X,Y) = (1715, 1375)  Position Error = 15.2315
TrainID = 2139  dbValue = 1.5833  nTestCell = 45  nTrainCell = 43  nDiff = 2  (X,Y) = (1685, 1315)  Position Error = 58.4123
TrainID = 2430  dbValue = 1.62062  nTestCell = 45  nTrainCell = 43  nDiff = 2  (X,Y) = (1755, 1375)  Position Error = 36.7696
TrainID = 1857  dbValue = 1.64922  nTestCell = 45  nTrainCell = 43  nDiff = 2  (X,Y) = (1715, 1305)  Position Error = 56.3205
TrainID = 405  dbValue = 1.67382  nTestCell = 45  nTrainCell = 43  nDiff = 2  (X,Y) = (1755, 1385)  Position Error = 41.6173
TrainID = 1874  dbValue = 1.67606  nTestCell = 45  nTrainCell = 42  nDiff = 3  (X,Y) = (1745, 1295)  Position Error = 70.2282
TrainID = 1181  dbValue = 1.71049  nTestCell = 45  nTrainCell = 43  nDiff = 2  (X,Y) = (1795, 1325)  Position Error = 82.2922
TrainID = 484  dbValue = 1.7493  nTestCell = 45  nTrainCell = 43  nDiff = 2  (X,Y) = (1765, 1375)  Position Error = 46.1736
TrainID = 1147  dbValue = 1.75643  nTestCell = 45  nTrainCell = 42  nDiff = 3  (X,Y) = (1715, 1265)  Position Error = 96.1873
TrainID = 1652  dbValue = 1.77214  nTestCell = 45  nTrainCell = 44  nDiff = 1  (X,Y) = (1775, 1405)  Position Error = 69.6563
TrainID = 734  dbValue = 1.84769  nTestCell = 45  nTrainCell = 43  nDiff = 2  (X,Y) = (1685, 1295)  Position Error = 75.1798
TrainID = 784  dbValue = 1.89844  nTestCell = 45  nTrainCell = 44  nDiff = 1  (X,Y) = (1775, 1335)  Position Error = 59.9333
TrainID = 2983  dbValue = 1.94054  nTestCell = 45  nTrainCell = 43  nDiff = 2  (X,Y) = (1665, 1305)  Position Error = 79.196
TrainID = 658  dbValue = 2.01986  nTestCell = 45  nTrainCell = 43  nDiff = 2  (X,Y) = (1745, 1295)  Position Error = 70.2282
TrainID = 2712  dbValue = 2.02255  nTestCell = 45  nTrainCell = 42  nDiff = 3  (X,Y) = (1775, 1295)  Position Error = 85.276
TrainID = 2340  dbValue = 2.04912  nTestCell = 45  nTrainCell = 44  nDiff = 1  (X,Y) = (1795, 1365)  Position Error = 74.108
TrainID = 1548  dbValue = 2.1346  nTestCell = 45  nTrainCell = 45  nDiff = 0  (X,Y) = (1795, 1335)  Position Error = 78.4347
TrainID = 511  dbValue = 2.20445  nTestCell = 45  nTrainCell = 43  nDiff = 2  (X,Y) = (1775, 1255)  Position Error = 118.962
TrainID = 2072  dbValue = 2.24465  nTestCell = 45  nTrainCell = 44  nDiff = 1  (X,Y) = (1825, 1345)  Position Error = 105.224
TrainID = 2893  dbValue = 2.34622  nTestCell = 45  nTrainCell = 43  nDiff = 2  (X,Y) = (1755, 1235)  Position Error = 130.507
TrainID = 1498  dbValue = 2.34719  nTestCell = 45  nTrainCell = 43  nDiff = 2  (X,Y) = (1755, 1265)  Position Error = 101.843
TrainID = 1513  dbValue = 2.37746  nTestCell = 45  nTrainCell = 43  nDiff = 2  (X,Y) = (1805, 1265)  Position Error = 127.562
TrainID = 995  dbValue = 2.40765  nTestCell = 45  nTrainCell = 44  nDiff = 1  (X,Y) = (1665, 1345)  Position Error = 58.2409
TrainID = 2543  dbValue = 2.43244  nTestCell = 45  nTrainCell = 42  nDiff = 3  (X,Y) = (1835, 1305)  Position Error = 127.012
TrainID = 1695  dbValue = 2.47493  nTestCell = 45  nTrainCell = 43  nDiff = 2  (X,Y) = (1835, 1365)  Position Error = 114.07
TrainID = 806  dbValue = 2.47636  nTestCell = 45  nTrainCell = 43  nDiff = 2  (X,Y) = (1745, 1235)  Position Error = 128.265
TrainID = 2500  dbValue = 2.49741  nTestCell = 45  nTrainCell = 44  nDiff = 1  (X,Y) = (1735, 1225)  Position Error = 136.719
TrainID = 790  dbValue = 2.58714  nTestCell = 45  nTrainCell = 43  nDiff = 2  (X,Y) = (1725, 1225)  Position Error = 136.059
TrainID = 413  dbValue = 2.61306  nTestCell = 45  nTrainCell = 42  nDiff = 3  (X,Y) = (1875, 1305)  Position Error = 163.866
TrainID = 2436  dbValue = 2.64686  nTestCell = 45  nTrainCell = 42  nDiff = 3  (X,Y) = (1725, 1245)  Position Error = 116.069
TrainID = 1530  dbValue = 2.65984  nTestCell = 45  nTrainCell = 43  nDiff = 2  (X,Y) = (1775, 1265)  Position Error = 110.145
TrainID = 2341  dbValue = 2.67611  nTestCell = 45  nTrainCell = 43  nDiff = 2  (X,Y) = (1835, 1345)  Position Error = 115.117
TrainID = 1602  dbValue = 2.68626  nTestCell = 45  nTrainCell = 43  nDiff = 2  (X,Y) = (1825, 1255)  Position Error = 148.499
TrainID = 2438  dbValue = 2.69716  nTestCell = 45  nTrainCell = 44  nDiff = 1  (X,Y) = (1865, 1355)  Position Error = 144.125
TrainID = 1546  dbValue = 2.70708  nTestCell = 45  nTrainCell = 43  nDiff = 2  (X,Y) = (1845, 1305)  Position Error = 136.059
TrainID = 520  dbValue = 2.7741  nTestCell = 45  nTrainCell = 43  nDiff = 2  (X,Y) = (1805, 1265)  Position Error = 127.562
TrainID = 351  dbValue = 2.8171  nTestCell = 45  nTrainCell = 43  nDiff = 2  (X,Y) = (1675, 1265)  Position Error = 106.452
TrainID = 1545  dbValue = 2.85019  nTestCell = 45  nTrainCell = 43  nDiff = 2  (X,Y) = (1845, 1325)  Position Error = 129.12
TrainID = 2807  dbValue = 2.86225  nTestCell = 45  nTrainCell = 42  nDiff = 3  (X,Y) = (1865, 1335)  Position Error = 146.328
TrainID = 2545  dbValue = 2.86786  nTestCell = 45  nTrainCell = 42  nDiff = 3  (X,Y) = (1815, 1235)  Position Error = 157.201
TrainID = 888  dbValue = 2.88502  nTestCell = 45  nTrainCell = 43  nDiff = 2  (X,Y) = (1675, 1275)  Position Error = 97.5295
TrainID = 2681  dbValue = 2.88736  nTestCell = 45  nTrainCell = 43  nDiff = 2  (X,Y) = (1795, 1235)  Position Error = 146.123
TrainID = 1915  dbValue = 2.92273  nTestCell = 45  nTrainCell = 43  nDiff = 2  (X,Y) = (1845, 1285)  Position Error = 145.437
TrainID = 812  dbValue = 3.05972  nTestCell = 45  nTrainCell = 44  nDiff = 1  (X,Y) = (1645, 1245)  Position Error = 138.679
TrainID = 1533  dbValue = 3.06572  nTestCell = 45  nTrainCell = 43  nDiff = 2  (X,Y) = (1875, 1355)  Position Error = 154.117
TrainID = 1258  dbValue = 3.08045  nTestCell = 45  nTrainCell = 42  nDiff = 3  (X,Y) = (1855, 1305)  Position Error = 145.231
TrainID = 2172  dbValue = 3.11591  nTestCell = 45  nTrainCell = 42  nDiff = 3  (X,Y) = (1665, 1395)  Position Error = 65.5134
TrainID = 773  dbValue = 3.1386  nTestCell = 45  nTrainCell = 42  nDiff = 3  (X,Y) = (1695, 1425)  Position Error = 69.0797
TrainID = 2144  dbValue = 3.14775  nTestCell = 45  nTrainCell = 43  nDiff = 2  (X,Y) = (1905, 1355)  Position Error = 184.098
TrainID = 397  dbValue = 3.17909  nTestCell = 45  nTrainCell = 44  nDiff = 1  (X,Y) = (1655, 1325)  Position Error = 75.1798
TrainID = 1227  dbValue = 3.20079  nTestCell = 45  nTrainCell = 43  nDiff = 2  (X,Y) = (1665, 1245)  Position Error = 128.81
TrainID = 2425  dbValue = 3.22882  nTestCell = 45  nTrainCell = 42  nDiff = 3  (X,Y) = (1635, 1395)  Position Error = 92.477
TrainID = 1942  dbValue = 3.26644  nTestCell = 45  nTrainCell = 42  nDiff = 3  (X,Y) = (1785, 1225)  Position Error = 150.306
TrainID = 760  dbValue = 3.30132  nTestCell = 45  nTrainCell = 44  nDiff = 1  (X,Y) = (1885, 1345)  Position Error = 164.779
TrainID = 2228  dbValue = 3.31558  nTestCell = 45  nTrainCell = 43  nDiff = 2  (X,Y) = (1875, 1295)  Position Error = 167.547
TrainID = 613  dbValue = 3.3962  nTestCell = 45  nTrainCell = 43  nDiff = 2  (X,Y) = (1895, 1345)  Position Error = 174.734
TrainID = 2677  dbValue = 3.3978  nTestCell = 45  nTrainCell = 42  nDiff = 3  (X,Y) = (1845, 1265)  Position Error = 156.818
TrainID = 985  dbValue = 3.40435  nTestCell = 45  nTrainCell = 43  nDiff = 2  (X,Y) = (1865, 1265)  Position Error = 173.066
TrainID = 1076  dbValue = 3.40675  nTestCell = 45  nTrainCell = 42  nDiff = 3  (X,Y) = (1875, 1285)  Position Error = 171.732
TrainID = 1587  dbValue = 3.45907  nTestCell = 45  nTrainCell = 43  nDiff = 2  (X,Y) = (1645, 1255)  Position Error = 130.43
TrainID = 1180  dbValue = 3.45949  nTestCell = 45  nTrainCell = 44  nDiff = 1  (X,Y) = (1625, 1355)  Position Error = 96.1873
TrainID = 714  dbValue = 3.50635  nTestCell = 45  nTrainCell = 43  nDiff = 2  (X,Y) = (1865, 1255)  Position Error = 178.807
TrainID = 779  dbValue = 3.53743  nTestCell = 45  nTrainCell = 43  nDiff = 2  (X,Y) = (1915, 1345)  Position Error = 194.659
TrainID = 1122  dbValue = 3.53783  nTestCell = 45  nTrainCell = 44  nDiff = 1  (X,Y) = (1615, 1305)  Position Error = 119.883
TrainID = 2890  dbValue = 3.60859  nTestCell = 45  nTrainCell = 44  nDiff = 1  (X,Y) = (1905, 1305)  Position Error = 192.333
TrainID = 671  dbValue = 3.61593  nTestCell = 45  nTrainCell = 42  nDiff = 3  (X,Y) = (1885, 1255)  Position Error = 195.274
TrainID = 1845  dbValue = 3.65762  nTestCell = 45  nTrainCell = 43  nDiff = 2  (X,Y) = (1905, 1275)  Position Error = 203.106
TrainID = 2013  dbValue = 3.65913  nTestCell = 45  nTrainCell = 44  nDiff = 1  (X,Y) = (1605, 1325)  Position Error = 121.458
TrainID = 2086  dbValue = 3.67744  nTestCell = 45  nTrainCell = 43  nDiff = 2  (X,Y) = (1905, 1305)  Position Error = 192.333
TrainID = 523  dbValue = 3.7068  nTestCell = 45  nTrainCell = 44  nDiff = 1  (X,Y) = (1615, 1275)  Position Error = 136.499
TrainID = 393  dbValue = 3.71444  nTestCell = 45  nTrainCell = 44  nDiff = 1  (X,Y) = (1605, 1315)  Position Error = 124.788
TrainID = 1859  dbValue = 3.7349  nTestCell = 45  nTrainCell = 44  nDiff = 1  (X,Y) = (1635, 1315)  Position Error = 97.5295
TrainID = 2701  dbValue = 3.76693  nTestCell = 45  nTrainCell = 42  nDiff = 3  (X,Y) = (1925, 1295)  Position Error = 214.411
TrainID = 1789  dbValue = 3.80108  nTestCell = 45  nTrainCell = 42  nDiff = 3  (X,Y) = (1855, 1205)  Position Error = 205.65
TrainID = 1900  dbValue = 3.80292  nTestCell = 45  nTrainCell = 45  nDiff = 0  (X,Y) = (1635, 1335)  Position Error = 89.8443
TrainID = 1771  dbValue = 3.80419  nTestCell = 45  nTrainCell = 43  nDiff = 2  (X,Y) = (1875, 1275)  Position Error = 176.386
TrainID = 1718  dbValue = 3.85715  nTestCell = 45  nTrainCell = 43  nDiff = 2  (X,Y) = (1915, 1305)  Position Error = 201.921
TrainID = 1221  dbValue = 3.91486  nTestCell = 45  nTrainCell = 44  nDiff = 1  (X,Y) = (1585, 1325)  Position Error = 140.684
TrainID = 903  dbValue = 4.0357  nTestCell = 45  nTrainCell = 44  nDiff = 1  (X,Y) = (1585, 1335)  Position Error = 138.463
TrainID = 1799  dbValue = 4.04833  nTestCell = 45  nTrainCell = 42  nDiff = 3  (X,Y) = (1635, 1225)  Position Error = 160.91
TrainID = 2971  dbValue = 4.06127  nTestCell = 45  nTrainCell = 44  nDiff = 1  (X,Y) = (1615, 1285)  Position Error = 130.43
TrainID = 2281  dbValue = 4.11321  nTestCell = 45  nTrainCell = 43  nDiff = 2  (X,Y) = (1925, 1305)  Position Error = 211.547
TrainID = 2206  dbValue = 4.13247  nTestCell = 45  nTrainCell = 44  nDiff = 1  (X,Y) = (1625, 1275)  Position Error = 128.888
TrainID = 1319  dbValue = 4.18361  nTestCell = 45  nTrainCell = 45  nDiff = 0  (X,Y) = (1605, 1285)  Position Error = 138.679
TrainID = 2907  dbValue = 4.21325  nTestCell = 45  nTrainCell = 44  nDiff = 1  (X,Y) = (1615, 1275)  Position Error = 136.499
TrainID = 1971  dbValue = 4.25961  nTestCell = 45  nTrainCell = 44  nDiff = 1  (X,Y) = (1595, 1285)  Position Error = 147.146
TrainID = 869  dbValue = 4.5055  nTestCell = 45  nTrainCell = 42  nDiff = 3  (X,Y) = (1665, 1205)  Position Error = 165.747
TrainID = 933  dbValue = 4.57519  nTestCell = 45  nTrainCell = 42  nDiff = 3  (X,Y) = (1605, 1395)  Position Error = 120.88
TrainID = 1825  dbValue = 4.57595  nTestCell = 45  nTrainCell = 42  nDiff = 3  (X,Y) = (1635, 1205)  Position Error = 178.135
TrainID = 1389  dbValue = 4.59936  nTestCell = 45  nTrainCell = 42  nDiff = 3  (X,Y) = (1665, 1195)  Position Error = 175.191
TrainID = 2941  dbValue = 4.62437  nTestCell = 45  nTrainCell = 43  nDiff = 2  (X,Y) = (1575, 1415)  Position Error = 155.666
TrainID = 1540  dbValue = 4.84616  nTestCell = 45  nTrainCell = 42  nDiff = 3  (X,Y) = (1595, 1425)  Position Error = 141.322
TrainID = 558  dbValue = 5.00654  nTestCell = 45  nTrainCell = 43  nDiff = 2  (X,Y) = (1575, 1355)  Position Error = 146.123
TrainID = 1745  dbValue = 5.01938  nTestCell = 45  nTrainCell = 42  nDiff = 3  (X,Y) = (1555, 1385)  Position Error = 167.726
TrainID = 1952  dbValue = 5.04395  nTestCell = 45  nTrainCell = 44  nDiff = 1  (X,Y) = (1545, 1315)  Position Error = 181.912
TrainID = 768  dbValue = 5.06449  nTestCell = 45  nTrainCell = 42  nDiff = 3  (X,Y) = (1555, 1335)  Position Error = 168.024
TrainID = 1393  dbValue = 5.10459  nTestCell = 45  nTrainCell = 43  nDiff = 2  (X,Y) = (1975, 1305)  Position Error = 260.1
TrainID = 538  dbValue = 5.10568  nTestCell = 45  nTrainCell = 42  nDiff = 3  (X,Y) = (1575, 1355)  Position Error = 146.123
TrainID = 1494  dbValue = 5.16008  nTestCell = 45  nTrainCell = 42  nDiff = 3  (X,Y) = (1575, 1245)  Position Error = 186.473
TrainID = 615  dbValue = 5.17191  nTestCell = 45  nTrainCell = 42  nDiff = 3  (X,Y) = (1545, 1415)  Position Error = 184.098
TrainID = 2368  dbValue = 5.20689  nTestCell = 45  nTrainCell = 43  nDiff = 2  (X,Y) = (1985, 1315)  Position Error = 267.978
TrainID = 2704  dbValue = 5.29693  nTestCell = 45  nTrainCell = 43  nDiff = 2  (X,Y) = (1535, 1365)  Position Error = 186.043
TrainID = 1080  dbValue = 5.39674  nTestCell = 45  nTrainCell = 42  nDiff = 3  (X,Y) = (1565, 1275)  Position Error = 178.135
TrainID = 2860  dbValue = 5.4358  nTestCell = 45  nTrainCell = 42  nDiff = 3  (X,Y) = (1535, 1425)  Position Error = 196.703
TrainID = 1253  dbValue = 5.56585  nTestCell = 45  nTrainCell = 42  nDiff = 3  (X,Y) = (1545, 1375)  Position Error = 176.556
TrainID = 316  dbValue = 5.58414  nTestCell = 45  nTrainCell = 42  nDiff = 3  (X,Y) = (1545, 1375)  Position Error = 176.556
TrainID = 1580  dbValue = 5.67602  nTestCell = 45  nTrainCell = 42  nDiff = 3  (X,Y) = (1555, 1265)  Position Error = 191.76
TrainID = 749  dbValue = 5.73747  nTestCell = 45  nTrainCell = 42  nDiff = 3  (X,Y) = (1525, 1415)  Position Error = 203.303
TrainID = 1249  dbValue = 5.87113  nTestCell = 45  nTrainCell = 42  nDiff = 3  (X,Y) = (1565, 1255)  Position Error = 188.605
TrainID = 834  dbValue = 5.89595  nTestCell = 45  nTrainCell = 42  nDiff = 3  (X,Y) = (1575, 1255)  Position Error = 180.422
TrainID = 2453  dbValue = 5.92913  nTestCell = 45  nTrainCell = 42  nDiff = 3  (X,Y) = (1535, 1265)  Position Error = 209.313
TrainID = 1558  dbValue = 5.94021  nTestCell = 45  nTrainCell = 42  nDiff = 3  (X,Y) = (1555, 1265)  Position Error = 191.76
TrainID = 535  dbValue = 5.99378  nTestCell = 45  nTrainCell = 42  nDiff = 3  (X,Y) = (1535, 1335)  Position Error = 187.808
TrainID = 1387  dbValue = 6.00724  nTestCell = 45  nTrainCell = 42  nDiff = 3  (X,Y) = (1545, 1255)  Position Error = 205.456
TrainID = 1075  dbValue = 6.13574  nTestCell = 45  nTrainCell = 42  nDiff = 3  (X,Y) = (1525, 1315)  Position Error = 201.326
TrainID = 1850  dbValue = 6.15477  nTestCell = 45  nTrainCell = 42  nDiff = 3  (X,Y) = (1535, 1245)  Position Error = 219.208
TrainID = 2238  dbValue = 6.22995  nTestCell = 45  nTrainCell = 42  nDiff = 3  (X,Y) = (1515, 1365)  Position Error = 206.039
TrainID = 340  dbValue = 6.25363  nTestCell = 45  nTrainCell = 42  nDiff = 3  (X,Y) = (1545, 1215)  Position Error = 228.674
TrainID = 1769  dbValue = 6.55035  nTestCell = 45  nTrainCell = 42  nDiff = 3  (X,Y) = (1535, 1275)  Position Error = 204.919
TrainID = 1255  dbValue = 6.70948  nTestCell = 45  nTrainCell = 42  nDiff = 3  (X,Y) = (1515, 1215)  Position Error = 252.492
