trainID = 155  1.1027  2.5761  2.9647  1.2996  2.7413  2.8223  0.1473  0.3933  0.227  2.7025  2.206  3.3005  5.1534  1.9066  1.781  1.4344  2.1157  3.5657  0.9377  3.5622  2.2234  0.064  1.4584  0.4488  4.8837  6.5294  3.1606  10.1161  1.5356  0.3328  0.4714  2.8634  3.9977  4.1354  3.4544  0.1838  1.3257  4.5482  0.6911  3.7635  1.146  0.487  2.7197  
trainID = 162  4.1237  6.9194  4.2157  8.2615  2.1836  1.3211  2.9961  3.1821  0.9852  0.2402  2.955  3.6305  1.595  2.3792  2.4687  7.1128  8.9156  8.79  1.5213  0.9061  5.299  4.893  1.1808  5.4317  1.0765  4.59  11.4878  0.4485  1.3641  3.2909  2.712  1.8075  5.511  1.8637  0.2562  2.0483  1.033  0.6467  2.3411  0.456  1.654  2.1755  
trainID = 183  0.8046  2.8105  2.4163  0.6171  2.0993  2.0656  2.2656  4.156  2.8545  6.1266  1.1117  1.1077  5.5971  3.9281  3.99  0.5908  0.998  4.831  0.355  1.6426  0.2322  3.2933  11.988  2.8959  11.7634  2.7465  9.3014  0.0474  3.0954  7.166  1.6789  6.5732  0.0906  2.0221  8.0083  1.5849  3.4864  1.8937  0.747  1.1141  2.509  
trainID = 208  1.9357  3.2662  5.0029  2.5121  1.5593  2.9036  3.1668  2.045  3.1665  9.2478  3.3117  3.4509  5.8158  9.9779  5.4334  0.2941  4.3051  8.5028  0.901  1.1163  1.1154  2.7419  19.9325  7.7001  10.6443  1.7673  14.6453  4.1167  1.523  8.7434  0.5556  5.23  3.441  0.7248  10.1305  2.7099  5.2486  1.7272  2.661  0.4311  36.6959  
trainID = 219  0.1857  1.789  4.0449  1.7023  1.2811  3.0726  3.5432  0.7323  2.9485  6.9186  1.7243  3.7798  5.6991  4.6651  4.1034  2.9227  1.3779  8.2598  0.812  0.7335  0.8147  3.9922  17.1278  4.8413  10.6274  2.3049  13.3874  2.8779  0.878  7.1042  0.1646  6.5027  1.3574  0.446  7.5401  2.2468  5.1023  2.3109  0.659  2.5116  37.7649  
trainID = 293  5.8632  6.8987  0.9025  6.822  1.3431  0.9451  2.8548  1.3585  2.3452  1.6676  2.628  0.3384  0.6699  1.1357  0.5764  7.3254  6.8795  8.9778  2.1867  1.041  3.3588  3.3492  0.8167  3.7055  4.3901  6.5571  8.7147  0.5124  0.715  1.0846  1.194  1.2467  4.8828  0.6053  1.9501  1.7829  1.277  2.0742  1.3834  33.7628  0.821  
trainID = 298  1.2222  2.6166  0.1811  6.4181  1.5876  0.1524  0.9755  0.4026  0.8  2.0265  2.3  2.3085  2.5099  2.9517  2.4842  4.3562  4.1742  3.7482  0.4602  0.6833  1.766  2.5723  0.0704  6.4547  0.3381  5.3321  8.4238  1.7469  1.7758  1.7059  3.6042  3.3771  5.6023  1.3914  1.9301  1.2626  2.0505  0.0077  0.1972  0.375  1.415  1.07  0.484  
trainID = 330  1.2914  4.1408  4.2727  6.9316  1.8063  1.9115  1.6548  5.1041  0.079  3.1488  1.1533  2.9935  2.7549  2.8935  3.7192  3.2242  5.688  2.402  0.6443  2.6124  2.9473  3.5264  4.0716  2.9385  1.5911  3.9958  10.951  1.1367  2.7867  4.3267  4.0633  2.8212  5.683  0.7083  2.2391  3.7898  1.211  2.9584  2.3067  0.738  2.6477  3.2759  
trainID = 340  3.9497  1.5825  4.3357  3.45  1.2393  3.7709  2.3211  1.7254  2.7226  0.1277  0.7807  0.5539  6.3721  6.3592  0.7339  5.9997  5.7396  7.1162  1.2064  1.9471  5.134  0.415  2.7954  0.7778  1.4793  7.6425  8.3871  6.2346  0.0064  9.6588  5.1586  0.857  5.2715  0.7498  3.6323  1.2512  3.06  4.3612  0.7841  3.3345  0.302  0.793  0.1549  2.137  
trainID = 366  3.5919  5.7951  1.9017  8.4608  2.3528  0.6892  2.9215  3.4371  1.7113  1.4761  1.1115  3.3595  0.3587  0.7479  2.1628  7.4805  13.9643  9.9047  1.2218  0.628  6.3109  2.7456  1.5107  4.0045  1.7966  5.9823  8.5564  1.1219  1.1385  3.5021  1.174  1.1867  4.7307  2.3954  0.1293  1.4541  0.77  4.9264  0.7211  1.255  0.042  3.1664  
trainID = 387  0.5121  1.3232  1.5455  0.9639  0.6151  0.4993  3.3261  1.4285  1.226  1.9  1.363  2.3475  0.6065  0.7588  3.8284  0.8393  2.7457  2.7755  1.9904  2.4573  0.5201  2.2252  1.4169  1.7895  4.1547  1.2125  5.201  0.3566  0.908  1.7575  1.552  0.5332  6.2728  0.8617  0.9878  0.9702  4.2652  0.3328  1.1043  0.124  2.66  1.7282  1.619  
trainID = 395  3.2089  4.9499  0.026  4.8272  1.8608  0.0408  4.3622  1.5779  0.3186  1.8399  1.559  1.1765  1.0945  0.9162  1.5402  3.2311  0.0805  11.186  0.2915  4.801  4.2918  0.461  2.1112  1.792  6.1167  4.4141  6.0729  3.4386  3.5378  0.4561  1.427  0.771  1.7619  3.9695  1.0804  3.3561  0.8918  2.2597  1.5843  2.4438  33.0708  
trainID = 444  3.9501  2.4343  2.3447  5.886  0.4517  2.5621  1.4581  4.7634  2.5536  1.5871  0.085  1.6725  10.0499  11.8485  0.0369  7.4292  9.0804  7.4896  0.8591  0.8801  7.1685  36.4641  1.7879  4.9707  1.1674  3.46  9.4316  16.1427  1.331  8.3922  6.9833  2.4691  2.6854  8.0108  5.7876  2.6236  4.1681  0.787  0.812  1.0284  1.747  
trainID = 472  2.603  1.0529  1.8557  4.7582  2.316  5.8989  0.3737  2.0624  2.4676  2.2203  0.4456  1.6225  7.5144  4.7733  0.0554  7.7723  5.5273  4.5026  2.2597  2.0588  5.3554  0  3.2362  2.0309  0.5664  5.7301  9.9489  8.044  0.7066  8.4805  4.7212  1.742  5.5888  0.3542  3.8425  2.0211  4.615  5.8932  0.0125  4.9824  2.9814  0.015  1.412  
trainID = 513  3.5196  1.4963  4.1997  6.514  0.3299  2.8284  2.7171  3.7091  4.8666  2.5907  0.9191  1.8305  9.222  7.0635  1.6917  9.0499  6.1224  8.1704  1.6977  1.7551  7.2068  1.587  1.3251  1.2241  2.1869  13.663  16.0455  12.7298  0.3717  10.4118  3.5625  1.471  5.9851  1.236  7.1517  1.6894  3.9816  6.1064  0.1893  4.3705  0.32  1.8727  0.1151  
trainID = 545  1.2084  1.4751  2.7697  3.4257  0.4132  3.2765  1.2421  3.3019  3.5216  1.3627  0.146  1.0724  6.4503  6.5567  1.5733  4.47  3.7843  6.9203  0.7737  1.1669  3.6966  0.02  4.9234  4.0709  0.7928  2.5368  6.0611  6.6285  1.0255  6.8084  3.2871  2.1084  1.0318  3.8178  4.1264  3.8474  4.0338  0.46  0.225  0.7069  0.568  
trainID = 565  2.0995  2.314  2.9467  2.9941  0.8364  3.0495  0.4641  1.3692  1.9152  1.617  2.67  1.3805  2.5865  0.9502  0.1021  2.6753  2.064  0.9816  0.4347  3.7925  5.2557  2.4909  0.2223  1.9294  8.1295  0.0168  6.8567  3.1983  3.0985  1.426  0.827  5.2273  2.1416  3.2695  1.7193  1.8635  4.7523  0.938  4.1057  1.153  2.67  2.9522  2.802  
trainID = 599  1.7159  0.7629  0.1994  3.3359  0.5975  1.3252  3.7481  0.7736  1.7451  3.2473  0.32  1.6255  0.2307  2.5741  2.0531  0.5047  0.4797  0.6412  1.32  0.7716  2.5419  1.183  1.8874  0.9455  3.4602  2.2473  3.1352  1.3623  1.1332  0.9499  2.0656  3.0712  0.1831  0.6861  0.8349  1.6152  1.9491  2.4892  4.2824  0.5814  32.3528  
trainID = 617  3.2647  5.2338  4.0677  8.3271  1.583  0.7129  0.8221  1.7242  0.6937  2.4164  0.41  3.4485  0.0462  2.0564  1.0236  8.5462  6.7816  4.7653  1.5294  0.0495  5.1856  1.6788  0.4199  4.1223  1.4372  4.0611  8.9821  1.9973  1.1534  0.6794  3.8025  0.8346  5.323  0.0589  0.3171  1.1056  0.494  1.5051  1.8601  1.486  0.215  0.7084  
trainID = 639  0.6826  3.9962  4.8977  1.4711  3.5172  2.5846  0.261  0.002  0.0701  1.0914  2.034  1.1538  4.4818  2.4974  2.0516  0.2062  3.5869  1.0742  2.0508  3.8976  1.8294  2.6288  0.5473  3.8183  7.5027  0.5213  11.8815  3.4395  5.7888  4.3245  3.2333  5.6038  3.6295  4.8432  0.5579  0.8558  3.8892  1.301  0.4157  2.3553  0.974  2.972  1.832  
trainID = 657  0.1985  2.5694  1.4256  1.1594  4.2734  1.8525  1.1031  0.1609  0.788  0.8021  2.148  5.9965  1.7261  3.0358  0.775  0.4812  0.6469  1.463  0.9053  2.5625  2.0014  0.7687  1.9757  5.7227  3.6403  0.2887  5.7514  1.5553  0.0589  1.7244  1.653  3.4939  2.2642  0.9051  0.1207  0.8651  2.7905  0.4629  1.4048  1.264  0.576  0.441  0.656  
trainID = 659  1.0764  2.5763  3.4867  0.1148  0.8945  0.9087  0.2637  1.3761  0.7273  0.8561  0.2928  1.3775  4.65  0.811  2.1176  0.7458  0.6392  2.4633  1.0537  0.7061  1.6776  0.151  0.3653  2.5438  0.3924  1.7999  2.1407  1.4792  2.0079  3.1876  0.756  4.0261  0.802  3.7252  0.5249  1.5321  2.6176  1.2386  1.1369  1.7907  0.625  0.7  
trainID = 674  0.0437  3.6096  5.9287  2.2548  2.7386  1.4537  0.7941  0.0992  0.2352  4.1721  2.096  4.5885  2.1892  2.6284  3.0115  1.2963  2.5839  1.2135  0.133  2.5521  1.4401  3.0064  1.3436  4.1813  3.5225  1.4459  7.0559  1.807  4.3112  2.2185  1.975  3.8009  1.2878  1.89  0.6328  2.8009  2.6873  1.7009  1.2583  2.7743  2.8227  1.5192  
trainID = 700  2.0216  0.803  3.5197  0.6925  0.6208  0.8489  0.5241  0.3218  2.9826  4.7361  0.5258  2.0765  0.9904  1.8626  0.4921  4.736  2.8237  3.7407  0.3868  0.9963  2.1464  0.1058  1.8893  2.3146  1.0181  0.8963  0.4298  0.5316  3.3483  0.462  0.298  4.8608  1.4094  1.8196  0.9411  1.5952  3.7687  0.7076  4.5667  3.653  0.967  1.6538  
trainID = 742  0.9495  4.3219  1.5697  8.0756  1.6238  1.3089  5.0036  0.8369  1.1858  1.8424  4.155  1.4655  0.5614  3.5178  1.4485  6.9712  5.9985  3.734  2.7136  2.195  4.8665  1.653  3.7292  3.6416  4.7837  2.0923  4.8055  10.0209  1.0707  0.1282  2.2127  2.536  3.0628  3.8806  0.2971  1.2985  3.416  4.751  1.522  1.4741  1.243  1.3607  3.2208  0.566  
trainID = 771  0.1349  0.4746  1.7487  0.0781  1.7888  0.7724  1.0082  0.1761  0.0489  0.7682  3.0121  2.7405  0.3275  0.772  0.5518  1.5007  3.3767  1.4194  0.1526  2.7264  1.9231  2.8491  1.1481  0.59  2.9254  1.1521  0.0929  0.6356  1.7231  0.0476  1.524  2.095  2.8323  1.1248  1.7521  3.1043  3.3878  0.7371  0.8264  1.189  1.12  1.4736  
trainID = 812  4.3319  3.6767  4.0439  1.1611  2.3799  1.9556  2.7906  2.693  2.9805  7.6665  3.0816  2.1562  5.6815  5.6895  4.623  1.8625  3.5477  8.3218  0.369  0.2971  1.5292  2.4716  14.3611  4.3404  11.7433  2.7312  13.2565  1.0149  3.8153  8.9351  0.5712  5.4765  1.2435  0.4732  5.7631  1.7759  6.1373  1.9554  2.5637  2.1443  36.7039  
trainID = 813  0.5683  1.4192  0.2224  0.3197  1.5274  0.7533  0.1938  1.6678  2.4746  2.6027  0.534  2.0955  0.9247  4.5731  1.7723  3.6275  1.8834  4.6875  1.8397  0.5749  0.9031  0.2186  0.474  0.638  1.2897  0.3891  1.5125  0.2798  2.928  4.4769  0.965  2.2464  0.5364  0.3716  0.2625  2.8303  4.8837  0.4768  1.0331  0.253  1.494  0.6061  
trainID = 834  2.4887  1.7826  2.2927  2.7223  0.1388  2.8165  0.4321  0.6337  4.8596  1.5814  2.235  1.7915  6.977  6.7012  0.567  5.7185  3.4535  8.7747  2.0407  0.4391  7.6215  0.173  0.334  0.7936  1.0842  17.6058  7.1343  1.9253  0.1967  11.7758  4.3226  0.626  9.2176  0.0782  5.5988  0.1113  1.7874  5.1537  0.4572  5.1983  0.052  0.85  0.4789  3.817  
trainID = 888  0.2289  5.0849  4.5049  0.7371  0.0402  4.7896  3.5506  1.0367  1.8675  9.8907  1.8199  3.4106  6.1244  4.8291  7.9342  0.955  2.643  4.8048  0.508  1.3648  2.5086  2.3025  15.0424  3.285  12.3714  4.2776  12.7629  2.5527  3.487  9.3831  2.0245  7.4724  2.5679  0.3822  5.8817  4.4261  4.7552  3.8101  2.9348  3.2024  36.8781  
trainID = 900  3.1788  4.4273  2.8347  4.1058  0.2155  5.4869  0.8791  0.5153  2.7226  0.5926  0.185  1.5995  9.2368  12.7939  1.0681  7.1109  7.4674  8.101  2.8987  1.0039  5.2112  35.829  6.6968  5.3234  2.4167  0.8136  8.2884  10.1694  2.126  6.9296  6.0849  2.4157  4.3251  5.8988  7.2546  1.0908  3.8158  1.9928  1.705  2.2759  0.679  
trainID = 939  0.6618  2.6793  1.7567  2.6548  2.2806  0.2351  0.2953  0.5155  0.0302  2.5168  1.724  1.2325  0.7423  1.76  2.0476  3.039  2.8507  1.4725  1.7888  0.951  3.1787  1.491  1.1388  0.6334  0.8001  1.6545  1.2505  3.36  1.2226  0.0504  0.6263  1.985  2.0792  1.8712  2.2651  1.8481  0.7774  3.7035  0.2588  2.3238  1.002  0.4  1.9664  
trainID = 950  3.9279  5.5957  1.4696  8.9106  2.256  2.4418  3.6116  3.0339  2.6186  0.4498  0.532  3.9075  0.4938  0.1993  1.3173  11.5713  13.4553  15.2061  3.0814  0.296  5.2864  3.7763  2.0375  4.4167  2.5797  5.2982  10.2017  0.0144  1.1159  1.3219  3.5955  0.9411  4.1885  0.2501  3.4241  2.3557  2.5616  2.5182  0.4597  1.461  0.667  0.8923  
trainID = 972  1.1797  0.9595  3.8117  0.1825  0.8773  3.8999  0.4455  1.2366  2.3466  2.2785  1.619  3.5375  6.0609  2.4025  2.014  6.5189  2.2445  3.4447  1.7735  2.601  2.5658  0.171  1.139  1.8638  3.9848  10.746  2.1474  3.202  0.3681  6.2007  1.8094  2.023  5.0811  0.61  4.8014  0.142  0.6041  5.4558  0.0059  3.9264  0.315  0.713  2.654  
trainID = 1006  3.3342  0.4128  2.0417  0.8752  0.6363  3.1037  0.9329  0.5637  1.3865  1.9109  0.001  1.2645  1.3635  0.0245  2.2668  3.1505  3.2034  1.4049  2.4334  0.849  1.2682  0.6491  1.8268  2.8505  4.0949  2.8207  0.4253  0.225  1.4386  0.3807  0.071  3.3279  1.1392  1.853  1.3851  0.6679  3.3664  1.2529  0.7131  2.779  0.448  2  
trainID = 1010  3.2548  0.9411  0.4993  3.0263  1.752  2.9015  0.3202  2.775  3.3296  1.7802  1.444  1.5415  6.9709  5.1124  0.9164  8.3753  5.4183  5.322  3.3027  2.7351  8.1772  0.471  2.0208  2.0987  3.8914  11.9338  6.7344  4.3392  1.0206  9.5818  2.2009  1.071  4.4334  0.3459  4.0131  2.1397  2.4869  4.4855  1.8747  4.3055  0.009  1.151  1.2148  
trainID = 1058  1.445  3.1172  2.2787  2.6173  0.6527  0.9225  3.5071  0.7112  4.8206  1.2235  0.102  3.6605  9.3973  11.6695  0.3222  9.6758  3.9123  6.1578  1.6793  0.2577  5.4867  34.5496  5.8016  3.3871  1.032  5.3126  11.4901  16.7958  1.727  9.1605  5.6568  3.1362  3.4628  6.6096  3.1839  0.3568  7.4297  0.475  1.654  0.7611  0.66  
trainID = 1080  3.3543  1.8248  4.1949  2.1401  3.9689  4.5376  3.2103  2.035  0.9735  7.127  8.6181  1.8312  7.3185  4.9239  8.3349  4.5167  1.6957  10.7018  0.738  2.2901  2.3083  0.0716  23.0591  12.1339  4.5089  0.7317  13.0073  4.2282  2.666  8.9932  1.404  5.2283  1.8541  2.6536  5.585  1.0886  7.0008  0.287  1.4797  2.0629  2.834  
trainID = 1122  2.3048  4.1382  5.1399  1.6701  2.9398  4.6506  4.8731  0.847  2.1765  8.977  3.7938  3.4045  9.9041  3.6139  6.6217  1.2126  5.9254  8.4068  0.069  1.723  1.4642  2.2449  21.292  8.1353  7.2966  3.5444  13.1877  4.8967  3.1091  10.0093  1.2119  8.1599  1.7752  0.3516  7.6444  1.8674  7.0557  2.4045  2.7622  1.6549  36.5325  
trainID = 1124  3.7539  1.574  0.882  5.141  1.0123  4.3509  2.8151  3.5916  3.1626  2.1918  0.759  0.1467  11.244  11.1981  1.3476  7.3375  4.4853  7.1009  0.0913  0.5716  5.8828  37.5307  1.8468  2.5209  0.0413  7.0723  14.9721  18.5994  2.4404  9.3317  6.9354  2.9702  3.3348  2.455  7.5027  1.6469  5.8102  0.26  0.588  1.5101  1.276  
trainID = 1166  5.1561  4.7181  2.4367  5.7544  0.2212  0.4321  5.6391  0.8086  3.1529  2.2862  0.849  3.0995  0.4399  0.6951  0.1469  4.9403  7.8294  7.4434  2.1804  1.6441  4.2016  4.4597  1.2338  4.2384  2.4492  4.3706  9.0893  0.324  0.0798  0.9194  2.314  1.8669  4.0606  0.5667  3.2201  1.5992  1.907  3.9144  0.3622  1.873  0.437  1.9989  
trainID = 1180  1.019  2.887  5.7029  1.6351  2.6913  4.6436  5.5568  1.933  4.7085  11.4381  1.8538  5.525  7.1589  7.1442  9.9812  2.3947  1.977  9.6918  0.68  2.9292  0.2779  0.9418  18.5752  6.5128  8.6766  2.7605  14.2722  8.7528  0.738  9.5238  0.5577  9.1108  2.8077  0.0672  6.3244  2.285  7.6075  2.8823  1.8117  1.9348  37.2626  
TrainID = 771  dbValue = 1.37695  nTestCell = 44  nTrainCell = 42  nDiff = 2  (X,Y) = (1545, 1055)  Position Error = 7
TrainID = 659  dbValue = 1.48472  nTestCell = 44  nTrainCell = 42  nDiff = 2  (X,Y) = (1585, 1085)  Position Error = 54.4885
TrainID = 813  dbValue = 1.50787  nTestCell = 44  nTrainCell = 42  nDiff = 2  (X,Y) = (1555, 1105)  Position Error = 57.8705
TrainID = 939  dbValue = 1.56096  nTestCell = 44  nTrainCell = 43  nDiff = 1  (X,Y) = (1635, 1095)  Position Error = 101.533
TrainID = 1006  dbValue = 1.57483  nTestCell = 44  nTrainCell = 42  nDiff = 2  (X,Y) = (1575, 1045)  Position Error = 30.1496
TrainID = 657  dbValue = 1.73158  nTestCell = 44  nTrainCell = 43  nDiff = 1  (X,Y) = (1665, 1085)  Position Error = 125.575
TrainID = 387  dbValue = 1.75826  nTestCell = 44  nTrainCell = 43  nDiff = 1  (X,Y) = (1595, 1025)  Position Error = 55.0364
TrainID = 700  dbValue = 1.78774  nTestCell = 44  nTrainCell = 42  nDiff = 2  (X,Y) = (1585, 1105)  Position Error = 69.6348
TrainID = 298  dbValue = 2.21656  nTestCell = 44  nTrainCell = 43  nDiff = 1  (X,Y) = (1705, 1035)  Position Error = 160.527
TrainID = 674  dbValue = 2.35963  nTestCell = 44  nTrainCell = 42  nDiff = 2  (X,Y) = (1695, 1075)  Position Error = 152.411
TrainID = 599  dbValue = 2.36411  nTestCell = 44  nTrainCell = 41  nDiff = 3  (X,Y) = (1585, 985)  Position Error = 74.6257
TrainID = 155  dbValue = 2.40651  nTestCell = 44  nTrainCell = 43  nDiff = 1  (X,Y) = (1665, 1125)  Position Error = 142.58
TrainID = 565  dbValue = 2.42532  nTestCell = 44  nTrainCell = 43  nDiff = 1  (X,Y) = (1665, 1145)  Position Error = 154.302
TrainID = 617  dbValue = 2.49833  nTestCell = 44  nTrainCell = 42  nDiff = 2  (X,Y) = (1705, 965)  Position Error = 180.247
TrainID = 972  dbValue = 2.5573  nTestCell = 44  nTrainCell = 43  nDiff = 1  (X,Y) = (1615, 1185)  Position Error = 153.847
TrainID = 639  dbValue = 2.70588  nTestCell = 44  nTrainCell = 43  nDiff = 1  (X,Y) = (1715, 1145)  Position Error = 195.727
TrainID = 1166  dbValue = 2.74665  nTestCell = 44  nTrainCell = 42  nDiff = 2  (X,Y) = (1695, 945)  Position Error = 181.959
TrainID = 545  dbValue = 2.82164  nTestCell = 44  nTrainCell = 41  nDiff = 3  (X,Y) = (1505, 1175)  Position Error = 133.15
TrainID = 742  dbValue = 2.8889  nTestCell = 44  nTrainCell = 44  nDiff = 0  (X,Y) = (1735, 985)  Position Error = 200.172
TrainID = 330  dbValue = 3.07477  nTestCell = 44  nTrainCell = 42  nDiff = 2  (X,Y) = (1725, 1035)  Position Error = 180.469
TrainID = 340  dbValue = 3.10027  nTestCell = 44  nTrainCell = 44  nDiff = 0  (X,Y) = (1545, 1215)  Position Error = 167
TrainID = 366  dbValue = 3.14042  nTestCell = 44  nTrainCell = 42  nDiff = 2  (X,Y) = (1715, 925)  Position Error = 209.831
TrainID = 183  dbValue = 3.23429  nTestCell = 44  nTrainCell = 41  nDiff = 3  (X,Y) = (1675, 1215)  Position Error = 211.634
TrainID = 162  dbValue = 3.24453  nTestCell = 44  nTrainCell = 42  nDiff = 2  (X,Y) = (1745, 955)  Position Error = 220.565
TrainID = 395  dbValue = 3.2731  nTestCell = 44  nTrainCell = 41  nDiff = 3  (X,Y) = (1615, 915)  Position Error = 150.296
TrainID = 834  dbValue = 3.29181  nTestCell = 44  nTrainCell = 44  nDiff = 0  (X,Y) = (1575, 1255)  Position Error = 209.163
TrainID = 1010  dbValue = 3.29579  nTestCell = 44  nTrainCell = 43  nDiff = 1  (X,Y) = (1565, 1225)  Position Error = 178.126
TrainID = 472  dbValue = 3.35863  nTestCell = 44  nTrainCell = 43  nDiff = 1  (X,Y) = (1525, 1215)  Position Error = 168.193
TrainID = 950  dbValue = 3.42236  nTestCell = 44  nTrainCell = 42  nDiff = 2  (X,Y) = (1725, 925)  Position Error = 218.011
TrainID = 293  dbValue = 3.584  nTestCell = 44  nTrainCell = 41  nDiff = 3  (X,Y) = (1675, 925)  Position Error = 178.966
TrainID = 513  dbValue = 4.30457  nTestCell = 44  nTrainCell = 43  nDiff = 1  (X,Y) = (1525, 1265)  Position Error = 217.92
TrainID = 1080  dbValue = 4.5737  nTestCell = 44  nTrainCell = 41  nDiff = 3  (X,Y) = (1565, 1275)  Position Error = 227.879
TrainID = 219  dbValue = 4.65507  nTestCell = 44  nTrainCell = 41  nDiff = 3  (X,Y) = (1665, 1275)  Position Error = 256.766
TrainID = 1058  dbValue = 4.78681  nTestCell = 44  nTrainCell = 41  nDiff = 3  (X,Y) = (1465, 1255)  Position Error = 221.921
TrainID = 900  dbValue = 4.82357  nTestCell = 44  nTrainCell = 41  nDiff = 3  (X,Y) = (1425, 1235)  Position Error = 222.191
TrainID = 812  dbValue = 4.83698  nTestCell = 44  nTrainCell = 41  nDiff = 3  (X,Y) = (1645, 1245)  Position Error = 220.928
TrainID = 444  dbValue = 4.99611  nTestCell = 44  nTrainCell = 41  nDiff = 3  (X,Y) = (1465, 1235)  Position Error = 203.394
TrainID = 1124  dbValue = 5.05573  nTestCell = 44  nTrainCell = 41  nDiff = 3  (X,Y) = (1485, 1265)  Position Error = 225.142
TrainID = 888  dbValue = 5.08374  nTestCell = 44  nTrainCell = 41  nDiff = 3  (X,Y) = (1675, 1275)  Position Error = 261.589
TrainID = 208  dbValue = 5.37562  nTestCell = 44  nTrainCell = 41  nDiff = 3  (X,Y) = (1635, 1315)  Position Error = 281.761
TrainID = 1122  dbValue = 5.58518  nTestCell = 44  nTrainCell = 41  nDiff = 3  (X,Y) = (1615, 1305)  Position Error = 266.363
TrainID = 1180  dbValue = 5.73742  nTestCell = 44  nTrainCell = 41  nDiff = 3  (X,Y) = (1625, 1355)  Position Error = 317.252
