trainID = 421  2.293  2.4837  0.554  1.719  0.1876  1.0198  1.985  2.6523  1.3656  33.7858  1.4307  2.0318  1.729  4.5065  3.4059  4.6251  0.3174  1.0171  1.1528  1.1441  1.9249  0.0689  1.286  0.1215  1.0135  1.0196  2.3228  3.8673  0.7781  0.3491  0.8364  1.9224  0.1465  0.32  1.1418  3.6879  2.1121  1.4216  2.3018  0.0161  1.139  1.6574  0.8532  1.135  
trainID = 437  2.7781  4.355  0.104  0.081  2.6985  1.5332  1.2312  1.0309  3.1784  34.8158  1.2159  4.2978  2.7641  7.4865  4.6926  5.3655  1.8215  3.2233  0.8582  0.6348  2.6618  1.2598  3.6636  1.4087  3.6527  8.2118  1.3918  11.9353  4.6034  2.5494  2.1111  3.0174  1.5323  0.8467  5.3182  4.5024  5.3212  0.3094  2.4368  0.0336  2.236  2.087  2.2804  0.569  
trainID = 633  0.6102  3.2302  1.347  7.3937  3.0483  1.8486  1.7668  2.7443  0.9276  0.291  2.9483  1.472  1.2498  0.9275  0.267  4.7441  2.7356  2.8742  10.6783  9.0916  12.812  1.8754  4.133  4.4412  2.006  0.8182  1.0323  6.766  2.4044  0.772  2.5914  2.5145  3.916  1.8694  5.6139  1.7837  5.9941  1.444  4.4563  1.5444  1.9318  1.5535  1.7165  2.298  1.8481  
trainID = 792  0.8275  1.4265  0.77  1.8366  1.4412  1.9552  1.9781  2.121  0.8826  34.2948  2.1777  4.6348  0.394  2.8524  1.6969  3.0293  0.3421  2.9384  0.0233  1.9726  1.0472  2.2706  0.017  1.7451  0.9964  0.9048  3.9664  0.3592  3.5327  0.3547  0.7932  2.3113  1.9514  1.8956  1.9487  2.9059  2.6922  2.8544  0.9129  1.7779  0.4632  2.0704  1.446  2.3758  
trainID = 850  1.1119  0.1243  1.201  3.4685  0.6024  2.0224  3.7353  2.5375  0.9483  0.138  1.571  3.626  3.3963  2.0598  0.599  6.7559  1.7394  6.2997  7.0758  5.2575  10.0968  0.8969  3.3544  3.6872  1.0198  2.5485  0.3698  6.4651  1.593  3.8543  3.3286  0.6869  0.7685  2.9914  3.9441  0.7018  5.0586  3.0857  2.5924  0.4514  0.4028  1.135  0.958  1.331  2.1513  
trainID = 859  1.4628  0.2527  1.4808  5.0665  0.3569  1.1401  2.4197  0.4322  1.0682  2.004  0.4388  4.051  0.2226  3.7798  1.282  4.8824  2.5252  2.1737  6.9794  9.1175  8.2318  0.6762  3.9947  1.9874  1.2835  2.3355  0.6123  5.2591  3.4045  1.9526  2.5461  0.7247  2.0949  1.5924  4.1701  1.2565  3.5841  0.271  3.8931  0.4925  2.1388  1.4079  0.766  0.531  1.1877  
trainID = 917  2.9223  1.9517  1.2748  2.0324  0.687  0.3376  1.3531  0.454  0.6115  0.506  0.1856  0.596  2.4954  3.2638  0.553  3.8939  2.8033  4.2665  0.3341  0.9541  3.5685  2.8784  1.6606  0.1787  1.4149  0.3523  0.5406  3.4403  0.5243  1.6999  0.5303  1.7495  0.0807  1.5674  2.179  0.3438  3.6223  2.7309  2.0762  0.8037  0.0953  0.2401  1.03  0.821  4.6144  
trainID = 1107  2.4993  0.6943  0.369  2.2144  0.6044  0.2392  1.1188  0.3592  0.8769  1.3317  1.2563  1.8148  1.538  3.9542  1.2796  1.8022  1.2781  0.8186  1.2933  0.6714  0.4288  0.168  0.505  1.9179  2.1365  0.7053  2.0189  1.3798  2.1871  0.3016  0.1082  0.0749  0.5421  1.3995  1.0502  2.712  3.1236  3.0479  1.0594  0.9188  1.2397  0.582  0.329  1.9492  
trainID = 1153  0.9493  0.55  2.7694  2.3161  2.187  1.4246  3.2067  2.821  1.5776  1.479  0.0622  4.151  0.1695  4.6368  2.2375  7.5327  4.3667  5.757  3.2616  2.9928  6.1653  1.5896  6.404  3.5256  1.2301  0.4168  0.8798  7.5089  1.8046  4.4414  3.2232  1.5734  1.347  1.7604  3.9571  1.4016  3.758  1.535  2.7194  0.4855  2.4598  2.3766  1.586  1.002  1.2489  
trainID = 1171  2.7426  2.3052  0.327  2.4792  0.7777  0.4365  1.1155  0.1972  2.3686  1.997  0.2744  3.24  0.2019  1.4208  0.731  3.9339  1.0034  0.8582  3.8846  1.91  4.7235  2.6649  1.3062  0.7895  1.4114  0.5688  1.5371  2.2362  1.7626  0.3078  0.7884  1.3587  1.2789  2.2274  2.8349  3.4606  3.2896  3.5163  2.5544  0.269  0.5964  1.1062  0.542  0.588  2.0823  
trainID = 1189  3.633  5.5712  3.073  6.5514  1.5342  1.0225  3.811  2.9403  3.9309  0.383  0.6506  1.855  1.0604  12.5056  3.711  6.5265  7.7298  4.8296  0.8363  0.5151  9.9202  2.937  5.4974  5.6673  4.4305  12.8485  14.1542  10.905  4.9488  7.6527  5.7749  2.2354  2.6099  5.7939  0.3384  4.2814  5.0971  3.3554  4.3285  2.773  0.645  1.0749  2.6169  2.79  
trainID = 1211  1.0783  2.3771  2.141  5.427  2.2751  0.5584  0.8658  0.2618  0.7474  0.522  0.5437  0.795  34.2842  3.0923  3.2063  0.5797  4.316  3.4795  2.9428  2.8868  0.0065  0.0764  1.552  1.5725  0.4181  2.8697  0.1139  2.0392  2.4373  0.1126  0.6738  0.1004  1.3716  0.6384  1.5929  3.7862  0.0388  0.3438  1.0748  1.0308  1.016  1.5288  1.1267  0.081  
trainID = 1240  4.2526  3.9208  0.017  5.4266  0.4865  3.791  3.455  5.9825  3.5796  0.8569  2.3028  2.3665  1.4894  8.2544  4.5348  7.0377  8.3802  4.603  1.3353  1.2904  8.1586  1.422  6.0865  3.4003  3.2809  12.0722  11.9742  6.7635  2.057  7.1128  5.498  0.5308  1.8969  2.7368  1.0257  7.7256  3.3007  3.3632  4.4764  4.8884  2.6087  2.128  3.4961  1.442  
trainID = 1246  0.8912  5.4719  2.1327  3.146  2.4861  1.2035  0.0514  0.2774  4.4799  35.5688  3.058  2.9458  2.5746  2.0099  8.5619  2.8856  1.6831  4.3971  3.2494  0.1357  1.315  4.4895  1.263  3.7909  2.0152  3.2525  0.0368  5.0949  6.6759  1.1925  1.2397  1.8909  2.8574  0.397  4.065  3.0778  3.6009  4.9682  0.572  1.1305  0.8947  1.299  3.055  1.2644  0.077  
trainID = 1261  1.0635  0.9675  1.448  3.589  1.4624  0.1571  0.0731  1.3455  1.8955  0.064  0.9267  0.243  2.4947  4.1288  1.513  5.8383  0.9605  2.1632  2.2753  2.032  4.5407  0.8913  0.2093  0.4233  0.8864  1.8885  0.0113  3.1108  0.1604  0.0845  2.3697  0.3294  0.0679  1.6064  2.2335  2.7072  0.7206  0.575  2.255  1.4365  0.0648  0.063  2.3004  0.416  1.916  
trainID = 1327  2.978  5.3463  0.748  6.2126  1.7177  0.0962  1.813  2.4394  4.9809  34.5538  2.3937  0.3949  2.9397  2.8382  8.8276  4.5197  5.4009  5.1869  2.8512  1.7975  2.5219  4.4827  1.094  6.7278  0.8614  1.9752  2.5134  7.0571  14.9537  0.0833  2.9328  4.7514  2.9604  0.6161  2.6265  1.2414  5.3157  5.5649  1.292  2.6833  1.9061  1.8525  2.0601  2.7413  
trainID = 1360  3.0951  4.7797  1.544  4.8318  0.3428  2.1394  1.849  3.2665  3.2441  0.0256  2.4358  2.8223  3.2968  7.3794  5.33  4.3357  4.8195  2.5019  0.0175  0.3774  5.332  1.771  4.6804  3.054  3.3757  0.2309  8.4845  13.1518  0.2401  3.8702  3.365  3.0334  3.0846  3.7345  1.3065  4.2822  6.914  1.3362  2.6946  2.2551  0.575  3.116  1.1901  0.542  
trainID = 1395  0.6657  2.8612  1.7194  7.9939  0.1735  2.5755  3.0237  2.3431  1.3143  0.42  0.4107  4.6419  3.4991  5.5208  0.286  5.472  0.1343  2.055  15.3944  17.3277  16.897  2.4893  2.3402  6.2808  0.3148  3.5705  2.0803  7.4218  3.981  0.5435  1.1565  2.4398  0.847  1.5604  4.7215  2.0424  4.6074  1.046  0.4027  1.1454  0.7798  2.6986  0.5  0.033  0.7129  
trainID = 1410  1.8582  4.3026  0.424  3.0956  1.0478  3.129  1.659  1.711  4.1869  0.2113  2.8618  0.739  1.842  3.4463  1.4078  4.2884  4.689  2.052  0.0464  1.056  5.5117  0.927  1.9718  0.7378  1.3333  4.8878  4.6209  4.386  1.2603  2.4276  0.1825  0.046  3.7257  1.2386  0.7711  3.3259  4.8609  2.3404  3.09  3.025  2.0322  1.4645  3.4437  0.108  
trainID = 1441  2.2212  0.0952  0.487  1.9348  2.6937  2.379  1.6983  0.4579  2.4371  2.5231  0.1366  1.585  1.3571  3.0958  0.427  4.9789  1.6689  3.1692  1.334  1.3983  5.4689  2.2425  0.0634  3.4387  0.9537  0.9826  2.1537  4.0411  0.6948  1.1745  1.5512  1.1188  1.5945  0.2846  0.9097  1.9277  2.5135  2.6297  2.226  0.2269  1.143  0.8501  0.853  0.253  1.5871  0.565  
trainID = 1443  2.4476  4.5165  1.983  3.0751  2.2357  3.491  2.991  3.2726  3.9109  0.7591  4.0838  0.197  0.565  5.4559  3.1868  4.6648  4.2184  6.0716  0.8782  2.3341  6.129  0.456  2.9028  0.7114  3.7352  3.2346  6.9307  5.763  0.7879  5.0333  0.3357  2.4624  0.6862  1.6855  1.3028  3.3096  2.1721  3.1569  2.2762  3.7407  1.032  0.303  1.7069  2.005  
trainID = 1446  0.7524  2.5684  1.4  7.3268  0.2421  2.9274  1.2629  2.569  1.3554  0.732  1.6098  3.766  1.595  3.9168  1.998  3.8204  2.3086  2.5417  10.582  13.9536  15.4872  1.6895  1.8592  6.6996  0.8056  1.5335  1.2377  7.0559  2.7488  1.2891  0.8671  2.7124  1.0291  1.6074  5.4059  0.7126  4.8645  0.117  1.2483  1.2044  3.9378  2.9531  1.616  2.372  0.9076  
trainID = 1496  1.4285  3.0376  0.2  4.1156  4.5405  0.2346  1.367  1.1178  1.548  34.5628  5.6945  0.3258  3.2574  6.6694  3.369  5.0139  3.2491  3.4115  1.2295  0.2613  3.5438  1.7872  3.34  2.2652  2.0528  3.0035  7.0158  5.5934  9.617  1.4372  1.8976  2.5987  2.2554  2.2672  3.0216  4.5015  4.2791  4.0678  1.3912  0.8807  0.7816  2.063  0.185  1.6156  
trainID = 1562  1.8374  3.4842  1.2294  1.5388  1.8959  0.2524  0.8148  0.0667  1.1174  0.718  1.4235  1.891  0.4578  2.9398  1.413  4.8339  0.1748  3.7881  4.1523  3.4938  5.8284  2.2843  0.8384  1.5226  1.9345  0.0419  0.1411  2.8956  0.5697  0.0295  0.5312  0.0209  0.1186  0.201  2.0577  0.7361  2.7025  1.885  0.2015  1.2255  0.2297  0.0606  0.837  0.343  1.361  
trainID = 1623  1.1842  0.1417  1.281  2.6068  2.5696  0.7561  1.5301  0.7221  2.0733  2.17  0.7423  3.625  0.22  3.3108  0.336  4.371  1.1929  3.6973  4.7221  4.7209  5.4293  4.1152  0.6204  2.0389  0.393  1.545  0.9248  1.0253  3.7449  1.8577  2.4578  0.9988  1.4139  2.0188  1.6964  0.7174  1.5807  3.206  1.215  1.4115  1.9512  0.6229  2.9139  1.617  0.284  2.7523  0.196  
trainID = 1629  2.8859  1.6497  0.371  1.2585  1.3318  0.1207  0.107  3.2447  2.5071  35.8468  2.0826  2.4418  1.06  5.5653  7.2383  3.9293  0.3702  1.3495  0.2721  1.0845  3.1961  0.2405  0.579  3.075  1.2583  1.595  6.4882  2.7142  6.2003  3.0066  3.6337  0.8716  2.6354  0.9673  0.0259  3.4203  1.203  4.0443  0.8171  1.0237  0.0173  2.347  0.417  3.8412  
trainID = 1667  3.1249  3.1083  0.543  6.0603  0.0478  2.646  0.5059  1.8966  3.9229  33.8238  1.0476  2.1188  2.2278  0.8795  8.6579  4.2125  4.4784  5.3077  4.2702  1.2476  0.5364  4.2659  4.0725  0.8644  2.4887  2.5772  9.3932  11.7196  1.5967  3.6945  3.592  1.6624  1.8395  4.6765  0.714  6.2706  5.4066  0.1814  1.1639  1.8939  1.119  1.1522  1.2817  0.283  
trainID = 1743  2.0559  2.5712  0.039  0.1984  0.3274  0.6944  0.3724  0.8173  2.1463  33.1908  3.4414  1.9528  2.025  5.93  0.5013  6.2632  0.4419  1.0411  0.8294  1.2319  3.1107  1.9244  1.6  2.6946  4.3455  2.3213  6.6438  0.1893  4.7439  0.7784  3.433  2.4229  3.0824  1.4316  0.7192  3.9327  1.11  3.6114  0.4237  3.1257  0.2598  1.056  1.403  2.9809  
trainID = 1756  2.1257  0.22  1.193  4.7041  0.1879  0.5866  0.9026  0.877  0.2212  2.6058  0.4141  4.059  1.2537  0.3858  1.066  5.1811  1.8808  4.4598  7.0352  8.5477  7.315  0.4327  2.0067  1.7866  1.0606  1.5815  0.3983  5.1126  0.0831  1.8703  0.5887  2.2307  0.5639  4.1314  4.2907  3.3725  3.2688  1.311  0.4673  3.2584  1.5468  0.4754  0.778  2.036  2.5082  
trainID = 1822  3.6696  4.7129  2.921  2.0365  2.3461  0.6943  0.2504  0.6225  3.6709  35.0108  0.708  3.0158  1.858  3.0699  4.3896  4.2404  4.4488  3.9927  2.2541  1.7582  3.8775  2.3717  3.5237  1.1571  1.4151  1.6282  4.0364  7.2116  1.6373  2.5539  0.7804  2.2804  0.6157  0.3771  2.2531  3.8706  6.5618  0.0723  1.3464  0.422  0.668  0.115  1.2372  1.214  
trainID = 1917  1.6988  0.2324  2.051  2.9776  1.5378  1.2403  1.6355  0.3331  2.217  1.825  0.2028  2.118  0.574  2.0188  3.2094  6.2562  3.1273  3.1314  7.957  5.0687  7.2828  1.2964  3.5502  4.9394  0.354  2.61  0.6425  0.3078  7.8874  3.0712  2.1523  5.5287  4.0676  1.9241  3.0094  3.0667  1.806  2.8182  0.243  4.0042  0.6454  0.6866  0.5663  0.732  1.129  1.4448  
trainID = 2005  4.3088  3.2104  0.9343  5.3981  2.3749  1.1054  1.3219  4.6567  2.5027  2.0096  3.6208  1.945  2.149  8.0974  1.762  5.2695  8.7196  5.6398  0.8673  3.0027  5.69  1.241  5.6792  1.7241  3.4195  5.8795  10.3493  8.7601  0.7984  4.8664  5.4873  0.6143  1.1073  2.669  0.8975  4.6308  5.4119  3.4895  1.9388  0.467  0.547  4.5983  1.7273  0.311  
trainID = 2127  0.5183  2.6462  1.119  4.2563  1.7676  1.0173  0.8934  2.2022  1.9499  0.521  1.4028  2.877  0.5922  2.9888  0.327  5.3049  0.4768  3.6165  6.9474  4.951  8.0109  2.1105  2.4424  3.4136  1.572  1.6475  0.5747  6.0312  1.3256  0.624  3.0929  0.3786  1.1658  1.0564  2.3366  0.2306  1.9788  0.556  0.7872  1.2854  1.1058  1.2198  0.065  2.257  2.214  
trainID = 2145  0.7696  1.3815  1.6531  1.2919  1.004  0.1403  2.4268  2.0833  2.1852  0.228  0.8418  3.233  1.0395  4.4888  2.8594  6.2167  1.2327  2.7494  3.1487  2.4334  5.5864  1.3017  1.6206  1.219  0.8403  0.1023  1.9259  2.9044  1.1323  2.1585  0.7348  0.8312  1.5086  0.6968  0.8862  2.3984  2.431  0.666  4.0224  1.3545  1.2927  1.3057  1.174  1.092  2.2368  
trainID = 2209  5.3617  4.9504  1.362  5.2403  1.6478  0.3839  2.821  2.9232  4.7289  0.8444  2.2628  0.652  0.2816  5.7208  3.3247  6.8223  7.6442  2.3708  0.6553  3.0029  5.6805  0.216  4.8558  0.1463  2.4814  4.3138  9.5907  8.5658  0.7596  4.793  3.4571  1.6934  0.2481  1.6797  1.3117  3.2581  3.479  0.5655  0.9889  2.894  0.738  3.284  1.2375  0.708  
trainID = 2439  2.1396  2.0502  0.436  2.7033  1.3868  1.0788  0.0682  2.6148  5.5159  34.0298  3.3306  2.1618  2.066  2.9747  2.9548  4.0265  3.6994  3.0132  1.7078  0.3825  2.6111  1.5372  1.098  3.1273  0.7299  1.9042  0.721  5.6831  6.8375  1.0896  1.6946  2.5976  1.3714  0.8716  1.8168  3.4352  4.5616  5.0871  3.5173  2.7137  0.1749  1.054  0.589  1.0499  1.291  
trainID = 2446  5.4104  2.6589  0.9095  3.953  2.0753  1.1803  2.934  4.3712  5.1449  0.6467  2.8778  1.397  0.6574  4.3804  2.691  6.5489  4.2311  5.8  0.6305  0.2445  6.1515  0.452  5.0764  0.6199  3.405  6.8329  7.8811  3.7204  0.5155  3.4969  2.6032  4.0604  1.8959  4.9122  1.8142  4.3479  1.5792  3.353  1.0738  1.1709  0.944  2.9822  1.1832  0.324  
trainID = 2473  2.2129  2.7292  2.6831  4.6645  0.3563  1.7865  3.0984  1.482  0.125  1.933  1.1511  2.298  1.5597  4.6428  0.691  5.4426  1.9172  2.2374  6.5944  1.321  4.4432  3.1934  0.0477  1.5432  1.5153  2.1185  0.1674  3.2365  0.841  0.0364  1.8752  2.2647  1.7674  0.534  1.194  3.8496  1.6149  2.082  1.1406  1.948  0.1619  0.9188  0.048  0.444  2.6681  
trainID = 2487  0.7327  1.6046  1.832  1.4733  0.3451  2.9168  2.1368  2.3814  0.7836  0.939  0.2415  1.064  0.0298  5.8768  0.32  4.4774  1.8895  2.8718  4.7854  4.4252  7.5727  1.3455  3.2158  2.9236  1.603  2.2245  0.1996  6.2004  0.1366  1.6679  2.8693  0.4304  0.5324  4.6554  2.2149  2.5625  2.9468  0.607  1.6034  0.063  1.4215  1.0049  0.66  0.763  1.6908  
trainID = 2521  0.6172  1.8114  1.1757  3.3868  0.344  0.4439  1.1423  0.8011  1.1595  0.313  1.427  0.358  33.4172  1.3442  0.4471  3.8169  6.1946  4.2793  5.9822  4.1334  0.7524  3.0357  1.061  1.0831  1.3175  1.4073  3.6372  1.6604  1.0429  0.9191  3.303  0.7005  0.3531  1.2847  4.1429  2.4179  1.323  0.0363  0.1389  1.5369  1.4851  1.2255  0.909  3.9749  
trainID = 2565  0.4265  1.4181  1.2478  4.2187  1.7324  0.3634  2.5253  1.6422  0.4238  2.167  0.1444  1.152  0.7019  1.9108  1.817  5.1357  0.1057  4.3661  13.8781  10.1386  12.4021  4.373  1.7418  5.2596  0.5894  1.4485  0.9897  9.8963  0.6841  1.5448  4.4052  1.2911  1.2857  0.2531  3.3546  1.346  6.8215  0.456  3.3858  0.4034  1.7608  0.3541  0.794  0.682  1.3072  
trainID = 2774  3.3736  2.6759  2.011  1.4499  1.5397  1.856  1.0966  3.4098  4.8069  34.5558  2.6596  1.3868  1.175  3.0086  2.8744  2.7698  1.9065  3.4858  3.5307  1.7868  1.609  3.5878  1.739  1.9563  0.8625  0.1509  4.1849  4.9446  4.7319  0.5469  1.529  2.9169  0.5127  1.2306  0.3575  0.341  3.2799  1.2953  3.0577  0.7847  2.0765  0.671  0.797  2.3348  0.229  
trainID = 2797  1.146  2.6837  0.746  0.6767  2.9176  0.9136  1.2932  2.2965  1.8313  34.6018  0.8105  2.9728  1.465  7.3696  3.8623  6.6347  0.9649  0.5092  2.8935  0.8837  3.4056  0.1627  1.178  1.101  0.0031  0.2891  6.3142  2.2921  4.9359  0.7452  1.7635  3.2969  2.0704  0.4151  1.4336  3.8774  2.6079  3.8061  0.8484  0.3351  2.4442  1.191  0.859  3.9541  
trainID = 2838  0.4722  0.8453  0.545  0.5011  0.1202  0.7701  0.9914  1.8155  3.2741  0.279  0.5684  1.444  0.9115  2.2288  2.5563  5.8275  2.3307  3.59  1.8056  2.2954  3.8059  1.8784  2.2769  0.9929  2.2005  1.0202  2.1183  3.8954  1.605  2.1657  0.978  1.0981  0.5787  2.6984  1.3237  1.1345  5.3535  2.5186  3.2609  0.7914  1.2341  0.1099  1.163  1.203  0.8909  
trainID = 2885  5.2824  3.2446  2.1137  4.926  0.7571  3.944  2.078  4.2977  4.4679  34.8378  0.6469  2.6518  2.082  1.2219  7.8395  3.5659  7.2084  4.5805  4.1954  0.3241  0.5221  5.5019  1.367  3.5967  2.5554  1.262  7.9085  10.8131  7.4502  3.3274  5.5372  4.1517  5.1114  4.1024  2.9035  1.5751  4.7182  4.7886  2.8471  4.0544  3.7204  0.95  0.614  2.6172  0.712  
trainID = 2905  2.7347  0.4049  3.352  2.2873  0.4661  0.0593  1.947  0.0208  2.8898  31.7028  1.3769  3.2588  1.119  3.0968  4.0333  3.2271  1.2123  0.1024  0.364  1.9774  0.714  3.7689  0.308  1.9486  0.5485  0.163  3.2222  3.3319  3.147  0.9065  1.7885  0.7235  0.2056  0.1597  1.0929  1.4399  0.102  3.0185  2.7599  2.1453  2.1558  0.268  0.366  0.5599  
TrainID = 1107  dbValue = 1.27043  nTestCell = 47  nTrainCell = 44  nDiff = 3  (X,Y) = (1215, 1905)  Position Error = 20
TrainID = 1261  dbValue = 1.46464  nTestCell = 47  nTrainCell = 45  nDiff = 2  (X,Y) = (1225, 1885)  Position Error = 32.5576
TrainID = 1562  dbValue = 1.46934  nTestCell = 47  nTrainCell = 45  nDiff = 2  (X,Y) = (1235, 1865)  Position Error = 52.1536
TrainID = 917  dbValue = 1.56043  nTestCell = 47  nTrainCell = 45  nDiff = 2  (X,Y) = (1215, 1885)  Position Error = 35.7771
TrainID = 1441  dbValue = 1.68534  nTestCell = 47  nTrainCell = 46  nDiff = 1  (X,Y) = (1225, 1885)  Position Error = 32.5576
TrainID = 1171  dbValue = 1.68902  nTestCell = 47  nTrainCell = 45  nDiff = 2  (X,Y) = (1245, 1865)  Position Error = 53.8516
TrainID = 2838  dbValue = 1.76596  nTestCell = 47  nTrainCell = 45  nDiff = 2  (X,Y) = (1205, 1885)  Position Error = 41.2311
TrainID = 2145  dbValue = 1.84066  nTestCell = 47  nTrainCell = 45  nDiff = 2  (X,Y) = (1235, 1875)  Position Error = 42.19
TrainID = 1623  dbValue = 1.93024  nTestCell = 47  nTrainCell = 47  nDiff = 0  (X,Y) = (1245, 1855)  Position Error = 63.561
TrainID = 2473  dbValue = 1.96844  nTestCell = 47  nTrainCell = 45  nDiff = 2  (X,Y) = (1245, 1855)  Position Error = 63.561
TrainID = 2487  dbValue = 2.04981  nTestCell = 47  nTrainCell = 45  nDiff = 2  (X,Y) = (1215, 1835)  Position Error = 83.5464
TrainID = 2127  dbValue = 2.08573  nTestCell = 47  nTrainCell = 45  nDiff = 2  (X,Y) = (1235, 1835)  Position Error = 82.0975
TrainID = 1211  dbValue = 2.22687  nTestCell = 47  nTrainCell = 44  nDiff = 3  (X,Y) = (1265, 1895)  Position Error = 40.4969
TrainID = 1756  dbValue = 2.23072  nTestCell = 47  nTrainCell = 45  nDiff = 2  (X,Y) = (1225, 1825)  Position Error = 92.1954
TrainID = 2905  dbValue = 2.28356  nTestCell = 47  nTrainCell = 44  nDiff = 3  (X,Y) = (1185, 1925)  Position Error = 46.6905
TrainID = 421  dbValue = 2.29203  nTestCell = 47  nTrainCell = 44  nDiff = 3  (X,Y) = (1175, 1935)  Position Error = 58.8218
TrainID = 1410  dbValue = 2.31302  nTestCell = 47  nTrainCell = 44  nDiff = 3  (X,Y) = (1145, 2025)  Position Error = 138.058
TrainID = 859  dbValue = 2.38957  nTestCell = 47  nTrainCell = 45  nDiff = 2  (X,Y) = (1225, 1825)  Position Error = 92.1954
TrainID = 792  dbValue = 2.48155  nTestCell = 47  nTrainCell = 44  nDiff = 3  (X,Y) = (1195, 1915)  Position Error = 36.0555
TrainID = 1917  dbValue = 2.50387  nTestCell = 47  nTrainCell = 46  nDiff = 1  (X,Y) = (1195, 1805)  Position Error = 117.644
TrainID = 2521  dbValue = 2.53053  nTestCell = 47  nTrainCell = 44  nDiff = 3  (X,Y) = (1255, 1855)  Position Error = 66.4831
TrainID = 850  dbValue = 2.61652  nTestCell = 47  nTrainCell = 45  nDiff = 2  (X,Y) = (1195, 1825)  Position Error = 98.7927
TrainID = 1153  dbValue = 2.64108  nTestCell = 47  nTrainCell = 45  nDiff = 2  (X,Y) = (1165, 1815)  Position Error = 121.491
TrainID = 2565  dbValue = 2.71878  nTestCell = 47  nTrainCell = 45  nDiff = 2  (X,Y) = (1255, 1795)  Position Error = 124.338
TrainID = 1443  dbValue = 2.7772  nTestCell = 47  nTrainCell = 44  nDiff = 3  (X,Y) = (1135, 2035)  Position Error = 152.118
TrainID = 1743  dbValue = 2.80489  nTestCell = 47  nTrainCell = 44  nDiff = 3  (X,Y) = (1135, 1895)  Position Error = 98.4886
TrainID = 2774  dbValue = 2.82415  nTestCell = 47  nTrainCell = 45  nDiff = 2  (X,Y) = (1165, 2005)  Position Error = 110
TrainID = 2797  dbValue = 2.88187  nTestCell = 47  nTrainCell = 44  nDiff = 3  (X,Y) = (1145, 1865)  Position Error = 100.499
TrainID = 1629  dbValue = 2.9167  nTestCell = 47  nTrainCell = 44  nDiff = 3  (X,Y) = (1115, 1875)  Position Error = 123.369
TrainID = 2446  dbValue = 2.93497  nTestCell = 47  nTrainCell = 44  nDiff = 3  (X,Y) = (1135, 2045)  Position Error = 160
TrainID = 2209  dbValue = 2.95334  nTestCell = 47  nTrainCell = 44  nDiff = 3  (X,Y) = (1105, 2045)  Position Error = 179.611
TrainID = 2439  dbValue = 3.01123  nTestCell = 47  nTrainCell = 45  nDiff = 2  (X,Y) = (1125, 1965)  Position Error = 116.362
TrainID = 633  dbValue = 3.07405  nTestCell = 47  nTrainCell = 45  nDiff = 2  (X,Y) = (1215, 1775)  Position Error = 142.899
TrainID = 1446  dbValue = 3.0931  nTestCell = 47  nTrainCell = 45  nDiff = 2  (X,Y) = (1235, 1785)  Position Error = 132.061
TrainID = 1822  dbValue = 3.1113  nTestCell = 47  nTrainCell = 44  nDiff = 3  (X,Y) = (1115, 1955)  Position Error = 122.066
TrainID = 1360  dbValue = 3.18305  nTestCell = 47  nTrainCell = 44  nDiff = 3  (X,Y) = (1075, 2025)  Position Error = 189.737
TrainID = 1246  dbValue = 3.26057  nTestCell = 47  nTrainCell = 45  nDiff = 2  (X,Y) = (1105, 1985)  Position Error = 143.178
TrainID = 1395  dbValue = 3.29877  nTestCell = 47  nTrainCell = 45  nDiff = 2  (X,Y) = (1255, 1765)  Position Error = 153.883
TrainID = 2005  dbValue = 3.43637  nTestCell = 47  nTrainCell = 44  nDiff = 3  (X,Y) = (1095, 2065)  Position Error = 200.998
TrainID = 1496  dbValue = 3.54763  nTestCell = 47  nTrainCell = 44  nDiff = 3  (X,Y) = (1075, 1935)  Position Error = 157.035
TrainID = 437  dbValue = 3.59332  nTestCell = 47  nTrainCell = 44  nDiff = 3  (X,Y) = (1075, 1885)  Position Error = 159.248
TrainID = 1667  dbValue = 3.69485  nTestCell = 47  nTrainCell = 44  nDiff = 3  (X,Y) = (1105, 2045)  Position Error = 179.611
TrainID = 1327  dbValue = 4.0648  nTestCell = 47  nTrainCell = 44  nDiff = 3  (X,Y) = (1065, 2015)  Position Error = 192.769
TrainID = 1240  dbValue = 4.10928  nTestCell = 47  nTrainCell = 44  nDiff = 3  (X,Y) = (1085, 2105)  Position Error = 238.034
TrainID = 2885  dbValue = 4.28829  nTestCell = 47  nTrainCell = 45  nDiff = 2  (X,Y) = (1095, 2085)  Position Error = 216.148
TrainID = 1189  dbValue = 4.4397  nTestCell = 47  nTrainCell = 44  nDiff = 3  (X,Y) = (1075, 2105)  Position Error = 244.295
