trainID = 317  0.216  1.2742  0.882  0.428  1.6425  2.0783  0.6386  1.3444  1.5224  2.1913  1.9691  2.2464  1.091  2.1101  0.584  0.7176  3.4198  1.4284  0.0885  6.1473  4.4133  4.2077  0.7137  0.3436  6.091  0.0591  3.951  0.627  1.648  0.1228  5.9663  1.1107  2.6946  2.5095  0.164  1.4358  1.0392  4.8523  0.808  2.4211  2.9455  0.7485  2.5975  33.0899  
trainID = 339  2.366  1.3367  0.221  3.3792  2.3704  1.7252  1.0869  1.2666  0.2146  0.3891  5.105  1.5552  1.9626  0.7921  1.416  0.4378  1.766  1.163  0.1352  0.592  0.2101  0.8443  0.1329  5.372  0.8236  0.2023  0.9098  0.8983  4.3292  0.0108  1.6952  0.4979  3.4488  0.816  3.0007  1.801  2.1962  1.292  0.5354  0.343  1.9095  3.6543  
trainID = 356  1.9935  0.8707  0.17  2.2032  4.2298  1.742  4.3448  8.1709  1.0062  1.3916  1.9943  0.9507  34.4357  7.721  2.4113  6.8535  17.2839  3.9991  5.4148  3.5133  4.6909  5.8333  1.9781  3.641  4.3093  4.4626  5.1074  10.9746  1.1659  4.2247  5.3494  1.165  0.458  1.1729  2.8327  1.3684  3.1236  4.8973  0.7158  4.7305  34.1788  
trainID = 363  33.4532  1.5195  2.3461  4.137  0.8049  3.3773  0.1502  2.978  2.3337  1.6507  0.033  0.488  0.924  4.1571  2.8026  4.0491  1.0115  0.3943  1.727  3.0525  3.062  1.3284  1.4335  0.2773  1.3584  9.9285  1.6585  6.0906  1.9455  5.1318  2.975  0.631  2.7649  0.4468  5.4945  3.8878  2.6824  3.4914  1.665  0.2203  36.3496  
trainID = 371  2.206  2.0307  1.1207  0.157  1.5568  3.1747  1.5136  0.8358  1.1917  1.4549  0.0048  1.342  0.377  6.1838  1.2433  5.314  4.8639  2.4098  2.0911  1.3845  2.4056  3.0706  3.3735  0.2976  0.5361  8.8938  3.6364  1.5125  1.3965  4.3099  1.6536  2.0214  1.6523  1.5001  3.8807  4.3717  0.2577  2.0725  1.8214  1.9395  35.9659  
trainID = 378  34.3732  2.6183  2.4037  2.498  1.2841  4.4611  2.1811  2.845  0.7303  2.8344  1.3215  1.505  1.46  5.0589  0.5967  3.8686  5.4555  3.1509  3.2761  0.8052  3.5248  1.0019  0.5252  1.7902  1.8058  11.8161  1.6201  5.8685  3.853  6.6575  7.3268  2.9486  3.2414  2.3674  6.8906  3.8703  2.1366  3.7543  1.0095  2.5582  35.3646  
trainID = 384  0.777  2.1252  2.12  3.5489  0.9067  0.511  3.2636  2.6853  2.7334  0.3627  4.0668  1.8008  0.0284  0.87  0.677  0.8617  1.1545  1.2575  2.1877  0.6414  7.4506  0.0897  0.4583  6.0151  4.6668  0.7223  0.2642  1.2961  2.7871  0.6688  0.2112  0.1801  0.1292  0.191  2.7181  0.6909  1.9469  1.747  0.0653  1.9178  0.3061  2.1403  0.463  
trainID = 406  1.502  1.4925  0.386  2.827  2.6239  3.8247  2.5689  4.1057  0.0926  0.8268  0.0406  0.3881  0.7383  2.3068  2.418  1.233  1.9443  2.2479  3.5032  2.7419  3.9197  3.1162  3.4022  0.9885  3.8683  0.5922  1.6251  1.7054  4.2488  4.3375  0.549  0.0402  0.446  2.0461  0.5688  0.356  0.6196  1.658  0.6904  2.5834  1.034  
trainID = 438  3.0714  4.4496  2.304  1.112  5.0276  0.5673  3.192  5.4986  0.8972  2.4815  3.3212  3.368  1.4805  0.9535  0.714  0.363  0.1861  0.0436  3.3009  3.6274  7.8733  18.5514  1.6802  1.9432  6.4506  4.2815  2.934  1.2335  5.048  6.0217  5.1231  3.1817  0.7013  0.8697  1.263  2.7563  1.7068  0.0957  0.426  1.672  2.5884  0.6944  5.3243  
trainID = 456  1.5802  0.5096  3.6777  34.6422  5.5708  3.7046  0.418  11.4393  7.8056  4.5184  6.2281  7.321  4.3734  0.2354  3.161  1.886  4.4356  2.712  4.7108  6.6804  9.2695  24.7109  0.6622  1.0972  12.6668  7.189  7.814  1.9522  4.9772  6.5574  5.407  0.692  0.0461  1.1673  0.328  3.6553  1.9685  3.11  4.2305  6.9876  1.928  
trainID = 459  1.604  0.2404  1.7893  1.183  3.4086  7.3861  0.2028  1.6635  2.2028  0.606  3.0665  3.331  1.051  2.5099  4.0344  2.297  0.7759  3.7333  0.8915  0.7162  4.0099  2.5822  0.6122  2.507  2.4865  6.8836  0.5354  5.4198  3.5775  3.3222  4.8359  3.546  2.702  0.4835  5.2793  1.694  4.5927  5.2592  1.0795  1.4934  34.9758  
trainID = 476  34.2232  1.8288  4.0892  0.7633  3.9125  1.8188  2.1763  0.9523  2.8381  1.0264  0.0663  2.247  0.257  8.6464  4.6098  2.9153  6.0046  5.0072  6.4577  2.0516  1.3658  2.9242  3.4322  0.1405  0.2108  12.6588  7.7348  6.4795  0.3741  9.3436  0.9963  1.9076  4.3999  4.7784  3.848  2.0366  0.6669  4.7959  2.6312  1.9074  34.3115  
trainID = 530  0.572  0.4287  0.631  0.5549  0.9331  0.7059  8.0274  7.4331  2.2168  2.0735  1.8728  0.922  35.1897  5.3181  3.2697  4.5566  11.7835  4.0997  7.6446  1.0086  3.9893  6.0343  2.3151  3.608  2.2953  2.4541  4.167  8.4523  0.3595  3.3515  3.9145  0.445  1.0396  0.3006  4.0979  1.5358  6.0729  2.9697  2.2195  1.6446  36.7351  
trainID = 541  0.149  0.2154  0.501  4.0934  3.2606  0.606  5.4533  6.1949  2.6862  1.4937  0.548  1.1359  1.3656  1.3  2.322  2.2181  0.9991  4.7607  1.4988  8.1372  4.3808  0.419  2.2698  5.5759  0.9959  2.7929  3.1223  4.0866  3.9586  8.3346  0.4911  2.6942  5.4205  1.9061  2.8954  0.1612  3.0379  0.424  2.6063  1.482  0.653  1.3653  35.4073  
trainID = 550  1.994  1.638  1.2144  34.1578  5.8757  3.1368  0.8211  7.8529  1.81  6.5127  2.4211  5.19  4.0103  0.0296  0.854  4.335  2.7713  3.8976  1.7526  4.7357  13.2532  24.7526  0.5247  3.7076  10.6125  5.8113  2.7619  1.6969  5.1625  10.6497  5.5969  0.2174  0.515  0.7436  0.119  4.5873  0.1034  0.272  3.6075  4.8016  0.983  
trainID = 560  0.002  1.3458  2.367  1.047  2.2595  3.3745  0.724  6.1051  5.041  1.1788  0.3528  1.265  0.4685  34.1427  1.2401  5.1741  4.0503  5.0079  7.3331  6.4699  1.2277  4.0889  6.3413  2.4337  2.8972  2.8043  3.9714  2.9056  8.3315  1.1834  0.4831  3.0179  0.161  2.2128  0.243  2.153  1.4504  1.7476  1.761  1.9355  2.6773  33.0701  
trainID = 642  0.099  0.9805  0.825  3.2598  2.1593  2.2118  4.33  0.0815  2.6829  0.5751  1.5994  3.4894  0.1025  1.257  0.795  1.4983  1.741  0.51  2.5093  1.7119  2.5767  0.4834  1.9029  4.562  0.1544  0.4654  1.2066  1.0034  1.7025  2.1595  1.1172  0.8928  2.0553  0.824  2.9289  1.5263  4.4204  0.633  0.2713  2.755  3.1765  0.2055  0.55  
trainID = 738  0.736  0.43  0.234  0.181  3.284  3.0378  1.3148  6.0035  4.0832  0.189  0.9259  2.1558  0.9585  0.3676  3.922  0.597  2.4967  4.695  4.9799  10.8976  14.7971  13.8104  2.1944  0.0971  9.0776  6.0288  2.6847  3.6813  1.9597  4.2838  8.1663  0.7522  0.7557  2.3149  1.9095  4.0513  3.1322  4.2013  1.215  3.4123  0.888  0.3292  5.8464  36.4051  
trainID = 770  0.783  1.607  3.1494  4.221  0.6745  0.7371  4.3001  1.8853  3.7149  0.5396  0.808  0.6248  0.395  1.186  1.654  0.4741  1.147  4.7764  4.0089  2.2104  12.6582  2.2994  0.1631  4.3991  0.8449  1.5425  3.4943  0.8904  5.2501  0.3386  0.2998  1.7387  3.095  1.758  2.3454  0.0162  3.575  0.915  0.3814  1.619  0.7546  1.9735  1.641  
trainID = 778  1.073  0.3705  0.319  3.827  0.8445  1.1853  1.8842  2.6156  0.688  0.0505  1.9382  0.6709  0.6028  0.226  1.051  2.0115  1.8209  1.7886  2.5964  0.2581  1.1296  1.3415  0.6881  3.7171  2.5229  0.5518  3.7093  1.1478  2.0001  1.3022  1.3134  0.185  2.9108  0.22  1.093  0.2375  0.1053  0.607  2.2177  2.8569  2.7365  4.2099  0.858  
trainID = 803  0.247  0.0356  1.605  2.383  2.3501  0.7349  2.545  4.9382  2.2148  3.6914  0.8826  3.5283  1.7215  1.4148  0.013  0.546  2.3772  4.2272  3.1633  7.0777  8.7096  7.184  2.349  1.107  6.5645  5.343  1.522  3.3353  2.8434  3.8919  4.7148  0.9487  0.6518  2.9606  0.09  2.2476  1.7682  1.2457  1.802  1.1602  2.2791  0.858  3.6444  33.6625  
trainID = 810  34.4362  1.6658  1.7398  0.8085  0.9014  3.6491  1.6238  2.382  0.7726  2.3545  2.138  0.191  1.302  5.4589  1.678  5.5671  3.3356  0.4668  2.451  0.726  6.9111  3.0802  0.4444  0.1855  4.7023  11.2061  0.2442  6.8049  4.1633  6.052  3.8953  0.727  3.4596  0.0302  8.401  3.1764  1.3912  6.14  1.1158  2.6859  38.1073  
trainID = 820  0.275  0.0949  1.394  1.064  3.2458  5.4918  0.292  2.3124  7.1815  2.1575  2.9993  2.5485  1.2194  36.3967  5.8013  5.9421  4.187  17.1273  1.0583  10.8597  2.3851  3.1369  8.475  2.5045  4.547  3.6563  5.0267  4.5343  10.2271  0.152  3.1666  5.6687  1.539  5.7103  2.2015  3.5049  0.737  3.7373  2.8124  1.0755  2.5721  37.356  
trainID = 860  2.3013  3.6355  1.183  0.827  5.0992  0.8954  1.9583  1.923  1.912  5.2344  1.657  1.2292  0.177  1.1486  1.9361  1.9804  4.7982  0.8505  0.3713  1.5816  6.2861  9.8739  1.7527  2.3505  6.5229  2.5001  2.5477  0.3803  2.9924  3.4629  0.844  2.6465  0.9697  0.8292  33.0061  0.3733  1.206  0.0951  1.788  1.6445  3.3085  1.394  
trainID = 864  1.7482  3.0394  0.703  1.878  7.6861  0.5125  2.6849  0.5833  7.036  6.6031  1.5893  1.866  1.3303  1.0105  0.034  1.3871  2.4797  0.6585  1.0361  2.1741  13.6713  15.0413  2.7635  3.8672  7.9742  5.7061  1.6128  2.9674  7.7771  3.5005  0.8411  0.9022  3.2095  2.2134  34.1111  2.6673  0.647  1.9768  1.3  3.9215  3.0331  
trainID = 906  1.937  0.2126  0.419  0.777  2.8444  1.8512  0.237  1.6143  1.2736  4.1447  0.4645  0.3707  1.1519  1.5766  0.532  0.851  2.4794  0.3919  0.77  0.5516  7.4407  11.0345  3.3287  1.5359  5.5931  1.9866  2.464  2.7194  5.1879  1.0931  0.9105  2.995  1.2309  1.9078  0.5116  1.244  1.8517  1.345  2.2595  2.874  1.667  
trainID = 928  0.426  1.4871  0.153  1.105  3.9487  1.1647  2.4236  0.652  1.8944  2.6152  0.8375  0.2114  1.5085  1.9218  1.155  1.1065  3.8778  0.1154  1.6559  1.8218  1.5421  8.2125  0.8806  3.0333  6.2506  3.9552  3.0084  0.3511  1.1574  0.9518  0.8695  2.946  1.2853  0.7153  0.787  1.8444  2.1973  0.5821  1.038  2.006  0.051  0.6772  3.6387  0.276  
trainID = 936  33.0712  1.0356  0.2886  0.52  1.4496  0.8383  1.9711  0.2208  0.2817  1.1577  0.3958  1.0259  0.383  3.3534  3.2213  2.0825  0.619  0.2481  0.1567  1.2425  2.043  3.696  1.8127  2.2533  0.3299  6.2251  2.6586  0.7034  0.9132  2.7711  2.7017  2.1026  1.994  0.7289  4.7731  0.555  0.3379  3.8355  1.6545  1.6473  33.9042  
trainID = 953  1.449  0.9994  4.049  0.759  4.6227  2.1108  0.2012  2.582  0.022  2.6834  0.4183  0.895  0.745  3.2925  1.2826  2.5525  4.3132  3.9715  2.8807  1.1427  1.144  0.5657  2.2597  0.4117  1.2319  10.1478  4.8574  4.1638  1.7158  6.7219  0.3532  0.559  2.8787  3.3934  7.8506  1.9141  1.6616  3.4692  0.0487  0.5217  34.7466  
trainID = 956  1.631  2.4927  0.9097  1.287  0.6282  3.6591  1.0367  2.519  1.3175  0.2112  1.2022  1.2313  0.241  1.9906  0.5417  0.3215  2.0684  0.8254  0.8843  1.7283  1.5385  2.9457  1.5691  0.0385  0.3148  0.5939  2.7228  1.1447  0.0197  2.562  2.2555  0.679  1.391  1.3853  3.2163  1.548  0.6371  0.559  3.2115  2.7646  33.3464  
trainID = 957  0.754  3.124  0.21  1.311  3.9187  2.4993  0.9417  4.4397  0.3623  4.9551  0.0628  1.4543  1.9293  2.4533  0.018  1.822  1.0505  0.501  1.09  2.9586  10.325  17.1329  0.4945  3.9929  7.5325  4.4536  3.398  2.6384  3.8565  5.831  3.066  1.0908  0.2039  1.2025  34.4871  0.4317  0.206  0.7357  0.878  2.9985  4.5205  2.305  
trainID = 1002  0.318  0.3525  0.28  0.391  3.8706  0.8627  0.4103  2.3087  3.1569  2.6875  1.9987  2.1547  0.8381  0.5534  0.579  1.5685  1.1128  0.7592  1.0875  2.5629  5.1596  5.1918  0.2855  0.3158  6.7209  4.1513  1.026  2.67  1.4983  5.1164  5.1176  1.0755  3.384  4.8485  1.312  3.4644  2.1194  3.709  1.7816  0.6687  1.709  1.5296  1.4008  33.5713  
trainID = 1037  1.557  0.3233  1.221  1.126  1.2145  2.2739  0.8448  4.9777  4.3492  1.954  0.0532  2.5281  1.7373  2.088  1.149  1.9648  3.2877  2.9242  2.2002  6.3951  4.0772  6.9027  1.0547  4.1687  2.517  0.281  1.926  2.6293  2.269  1.8284  6.8558  0.8739  2.2863  5.9043  0.263  1.3044  1.5285  3.2906  0.08  2.2919  1.259  0.3179  0.8274  34.4229  
trainID = 1077  1.7682  0.865  0.403  2.9906  2.3822  0.7872  5.2689  2.0482  4.0307  2.3297  3.0295  3.0004  1.2381  1.182  0.008  0.4735  1.8444  1.4041  6.0891  3.8429  13.7746  0.1758  0.5097  6.8526  3.4943  0.4474  1.8064  0.2078  4.2327  1.9757  1.1662  1.182  3.2268  1.9474  5.7083  0.2719  2.1336  0.227  0.8997  1.8903  0.3016  2.2699  0.32  
trainID = 1137  33.7442  1.022  0.347  3.1712  0.056  0.2106  3.1438  0.2504  0.9829  1.7691  3.1564  0.9064  0.6945  0.682  0.3219  0.2831  0.9809  2.9785  1.1536  1.2827  0.159  1.4992  3.5147  0.7579  1.4225  2.017  1.8799  0.2625  0.4041  1.3142  1.6755  2.0359  0.682  0.6949  1.5919  4.0431  0.448  3.1664  4.3492  2.0115  1.809  34.7493  
trainID = 1193  1.4552  2.0216  1.626  0.049  3.6492  5.0498  1.214  6.3239  0.8244  3.1434  2.1766  1.1463  1.766  1.0886  0.995  0.805  0.2688  2.6775  2.7498  7.8291  0.5662  20.4421  2.2206  0.7794  7.9665  2.6463  2.1323  2.6143  1.666  4.3132  7.5567  1.2932  3.1415  2.1146  0.227  3.8007  0.0003  2.2752  1.169  1.6009  1.157  1.1695  3.9413  0.849  
trainID = 1198  1.454  1.0113  0.038  0.128  3.5641  1.3106  2.0117  1.3957  4.0426  3.1788  0.6906  0.1966  0.455  0.2332  2.0304  0.188  2.396  3.1773  2.3209  4.6196  14.1371  12.4868  1.7641  5.9022  5.8402  3.1142  0.0201  5.0497  9.3501  5.871  0.0193  3.1075  1.006  1.3182  0.3987  0.79  1.015  0.095  3.2415  5.1514  1.791  
trainID = 1202  35.2202  1.5505  3.1949  0.914  3.1025  0.036  1.708  1.8184  1.1037  2.5774  1.567  0.29  1.06  2.4933  2.8157  0.8181  5.5336  2.6634  4.0375  3.0532  1.3894  1.1974  1.3619  1.9738  1.1573  2.2221  0.2254  5.9707  0.3152  4.6595  0.5799  0.678  1.1239  1.5362  3.533  0.717  2.9862  1.7877  0.6346  1.4392  32.8975  
trainID = 1220  1.416  0.0276  1.7639  0.112  2.108  2.2963  1.616  8.4954  6.1571  1.1142  4.677  4.9286  0.8743  1.4198  1.789  0.075  1.6818  2.7547  5.1674  17.176  17.4576  19.1778  1.1064  2.4088  9.1869  4.452  1.4854  3.3443  2.5618  5.6609  8.1378  0.7179  0.3928  4.6653  1.266  5.1993  1.201  3.3309  0.559  4.0944  2.9968  1.9645  5.203  35.4289  
trainID = 1229  0.754  1.9223  1.4885  1.213  2.7937  3.3486  2.5986  3.4648  0.1323  4.1483  0.4411  0.9032  0.9396  1.4471  1.698  1.5662  2.3052  0.7082  0.0065  2.8066  2.4714  13.4172  1.8022  0.4852  6.334  3.5863  0.2145  0.3779  3.7337  3.1367  1.7905  2.1506  1.9405  0.8469  0.598  5.8363  0.4805  0.6787  0.638  0.6998  1.339  3.6255  2.8868  1.211  
trainID = 1271  2.393  0.7331  1.4834  0.628  8.0085  0.8161  1.8566  2.5562  4.4967  5.1704  2.7495  3.0034  1.7091  0.1812  1.9968  0.658  3.2153  2.8961  3.8604  1.7658  9.2898  11.3183  1.1892  2.7447  9.1582  3.8975  3.371  1.5663  6.9835  4.3376  0.7996  3.6281  0.9611  0.9712  1.5824  1.333  1.6009  0.394  2.2935  2.1175  0.393  
trainID = 1276  1.692  1.0843  1.17  3.3123  1.8208  0.5153  0.4385  1.3865  0.057  0.1605  3.1227  0.9957  0.5362  2.261  0.288  1.6956  2.3713  1.3137  0.623  3.2282  0.0101  2.1978  0.2064  4.4955  2.3143  0.5239  2.2225  1.9276  0.9482  0.8989  0.2215  1.3589  1.0888  0.883  0.7851  2.281  1.6299  1.028  0.5215  3.0667  2.2335  2.0045  35.2321  
trainID = 1302  1.754  0.0405  0.102  0.271  3.8453  0.3368  2.4689  1.3825  0.4569  2.7853  1.1695  1.4791  1.4032  1.1195  0.7078  0.273  3.1144  2.3138  1.87  0.2873  7.8255  11.6852  3.2263  3.0383  7.8733  5.0313  0.2884  1.0981  7.1899  3.7648  0.8792  0.5088  2.9815  0.7761  0.201  1.02  0.4761  1.608  1.3835  1.4724  0.906  
trainID = 1309  0.545  1.2358  0.535  1.016  2.4701  4.5368  1.876  4.4543  6.2672  2.3103  1.9594  3.5022  0.4997  35.1717  5.3007  3.9002  4.8125  13.7375  3.9128  7.9201  1.3379  2.9606  9.2004  3.8968  2.6367  4.3143  3.0308  3.4492  10.4098  2.912  3.4819  5.2371  2.9735  1.8688  1.5795  2.1066  0.135  3.3008  3.4853  1.0855  3.0537  34.5864  
trainID = 1339  1.994  0.3716  2.532  0.513  4.428  2.1017  1.4103  5.9633  1.6788  3.8448  2.3369  3.7133  1.3396  1.1661  1.489  1.39  2.2798  0.6681  2.7111  12.4961  0.9042  25.3442  1.3271  0.1444  9.3922  5.818  3.845  1.6376  2.0739  5.4747  3.931  1.8513  2.7521  3.3632  1.561  4.7283  2.5296  1.0311  1.987  3.8124  0.026  3.4795  3.7297  1.989  
trainID = 1343  0.405  0.0339  1.687  0.855  3.5764  1.8505  1.765  3.322  3.1746  1.5961  0.7648  2.086  0.344  1.579  0.95  0.538  1.8802  0.7003  2.9743  2.849  1.6783  5.5571  2.4951  1.6524  8.2014  3.2835  0.8448  0.1624  0.1854  3.9194  2.7713  0.7106  2.5628  2.3178  0.812  3.6452  0.5413  2.5405  1.706  0.7974  1.131  2.0025  2.4797  2.079  
trainID = 1344  1.149  2.8852  1.8842  0.799  4.68  2.2826  0.307  6.1179  1.8269  2.4651  3.7233  4.9709  2.1967  1.3513  1.097  1.009  1.708  3.0388  3.4808  10.2968  0.3004  23.2052  1.6602  0.6376  8.7656  3.2289  4.071  3.8263  1.0826  4.2946  3.3995  1.2326  1.7596  2.1794  0.977  4.6223  2.9217  1.1071  2.66  1.3677  2.5942  2.0485  3.4818  0.46  
trainID = 1380  2.1407  1.2287  0.027  2.756  4.7318  2.26  6.6434  7.3254  0.3021  0.5945  3.3477  1.7062  34.6377  4.9286  5.2798  7.4757  16.4949  6.4064  4.096  2.8458  3.3551  7.0306  1.0296  5.958  4.5423  5.8898  7.6547  11.9212  1.3331  3.7362  6.2528  2.6553  4.7333  1.9687  4.2498  0.154  2.3869  3.1733  1.0445  5.1055  35.2524  
trainID = 1385  2.6731  0.9506  1.449  0.722  2.3583  5.7138  0.458  7.8604  6.4154  0.4913  2.6996  3.5807  0.1616  6.0413  3.6847  5.5616  25.4044  5.6443  10.4611  0.902  1.6795  7.8527  4.161  4.872  3.6183  3.0457  5.9897  12.1533  1.0366  4.079  4.3848  0.611  2.7768  2.7573  2.1769  0.904  4.9406  2.9591  0.7173  4.0305  36.4026  
trainID = 1394  1.3275  2.6814  0.415  33.7424  4.1992  5.3958  0.129  8.9583  2.0284  2.5199  3.4097  4.0973  4.2522  3.5471  2.671  2.499  2.551  2.0795  4.9321  9.5319  8.155  30.1805  0.5228  0.8294  9.26  4.2608  4.083  0.9048  1.7567  9.0594  4.9041  0.8598  2.1123  1.7186  1.05  4.8663  0.8578  0.997  2.7535  4.7223  0.456  
trainID = 1403  1.003  4.3279  1.227  1.154  2.8046  4.2941  2.8277  0.2464  3.3853  3.5474  0.7046  0.7557  0.5707  1.5405  2.2124  2.4304  6.7041  5.5813  5.3712  2.9432  13.4573  9.1575  3.3955  3.235  7.2573  5.0715  0.524  3.3986  9.9877  4.8352  0.7545  2.3198  0.5173  0.2031  1.8225  0.185  1.3144  0.326  0.2381  2.966  1.579  
trainID = 1404  1.163  0.1236  1.216  4.1874  0.0281  0.5205  2.0916  4.2568  3.002  1.4819  2.3059  0.357  1.7888  0.565  2.602  2.0782  2.8631  2.8345  2.2507  5.7571  4.1619  0.6401  0.4615  2.6426  2.1352  1.9436  2.8333  0.91  1.2215  1.3484  1.6199  3.0655  3.7799  0.104  0.3168  2.0472  3.3714  0.71  1.1663  1.427  0.442  0.1253  1.401  
trainID = 1415  1.9244  1.1584  2.031  4.4338  3.585  3.053  6.4038  6.7869  0.296  2.4237  1.5477  0.7277  35.2067  4.4348  4.0924  5.0871  11.2961  1.3671  3.0784  1.8398  4.5438  5.2954  2.1082  2.4596  2.4248  6.0118  3.7011  9.0391  0.6208  5.3572  6.0855  1.283  0.5311  2.7226  3.9523  0.103  3.174  3.305  1.595  4.3113  34.7112  
trainID = 1429  2.076  2.4464  0.674  1.207  3.7487  2.5909  1.416  8.0792  1.7623  4.0121  2.6554  4.5509  3.2281  1.504  0.983  0.687  1.4158  0.7308  2.5451  4.341  9.0208  20.9764  0.1918  2.8262  9.3325  5.0622  0.9719  0.1315  5.2866  4.5112  3.7555  1.6131  0.3603  0.0799  0.784  2.8215  0.3531  0.0261  0.726  0.1461  0.647  2.0665  4.7715  0.155  
trainID = 1440  0.553  1.0323  0.884  34.2509  4.5014  2.1962  1.8801  5.9737  3.9563  4.8134  3.3688  5.2916  2.0087  0.156  2.392  0.716  0.3017  0.7921  3.2864  7.0086  9.2024  26.3068  0.8806  1.5909  9.6125  3.3753  3.528  1.3535  1.905  6.6317  5.6633  0.4949  1.5466  3.169  1.053  4.6213  1.4496  0.255  0.4643  3.0274  0.271  
trainID = 1444  0.922  2.6436  2.026  35.4026  4.9561  3.2228  3.6173  8.639  1.9181  5.8942  3.4127  3.2907  4.248  2.378  1.828  1.339  0.8276  0.48  1.6199  4.6352  13.519  22.0424  1.3577  2.4094  10.7651  4.5823  2.2496  1.3647  2.1333  5.7128  3.2983  4.3066  0.677  0.6822  0.52  6.3683  0.6224  0.177  4.1265  5.6056  0.208  
trainID = 1452  1.944  1.8115  2.1566  2.98  1.8498  2.97  1.9975  1.0458  0.1308  0.1735  0.7593  1.072  1.015  6.7666  4.0593  4.6966  2.4156  2.2671  2.3283  0.5502  4.6565  1.3952  0.4941  2.2675  1.8689  10.1591  1.3074  6.8453  2.8089  4.5383  2.7638  2.901  1.7894  1.7824  7.7069  0.776  0.6312  6.3251  4.193  0.8094  35.434  
trainID = 1456  35.2562  1.3538  0.0541  1.073  0.0342  2.2462  0.2359  0.9503  0.563  0.3847  0.0831  1.452  0.208  3.9139  4.0081  2.506  2.1858  1.0434  1.6105  0.9315  1.9142  2.4949  2.2622  2.0723  1.406  7.8531  0.1457  2.9612  0.9612  3.0654  2.027  1.754  3.0327  1.2273  3.4029  2.5432  1.3538  2.398  0.5241  0.5462  36.0712  
trainID = 1463  33.1562  1.2316  2.983  2.5454  4.0715  2.1379  1.1031  4.059  0.4539  2.9714  1.4136  0.6928  0.424  1.9995  0.4692  3.24  0.4805  0.5084  2.8729  2.0821  3.6799  1.4908  1.5897  0.0274  0.4402  6.8586  3.2315  0.445  0.1902  4.0655  2.3688  0.088  4.032  2.5061  6.0316  2.6259  0.0503  2.4233  0.8808  1.9582  36.4288  
trainID = 1475  34.6702  1.0202  0.7521  1.0655  1.829  1.4742  0.7221  1.6548  2.2527  1.2378  0.6788  0.46  0.184  1.6913  1.067  1.4198  1.0475  0.5149  4.7552  2.3635  0.8551  1.1076  1.0698  0.7565  1.4676  5.7254  2.1062  3.2872  2.1504  3.4804  3.4008  0.091  0.068  1.9903  3.7828  0.867  1.1392  3.2875  1.5872  1.0688  35.702  
trainID = 1502  0.657  1.9629  0.809  0.093  5.4763  0.6404  0.6877  4.1415  1.7691  6.1233  0.4106  0.084  0.3088  0.7688  0.369  1.096  2.6541  2.3092  0.4572  0.9068  13.8374  15.9577  2.2335  4.3816  7.8895  5.6106  1.9751  1.4601  7.3512  5.454  0.3043  0.725  3.4965  1.5553  1.2642  0.703  0.1453  3.6198  0.5248  7.3989  1.479  
trainID = 1517  0.159  0.8903  0.9146  1.25  2.0016  4.5043  1.3192  0.3857  0.6308  4.8284  2.4552  1.554  1.763  4.226  2.9643  5.8276  1.9341  2.1528  0.4186  1.1731  2.0314  1.7141  3.1071  1.7779  2.9973  7.1171  2.1654  8.1412  2.4816  3.0749  5.7767  0.183  1.4876  0.4208  4.4086  4.1547  4.3199  2.2753  1.1583  2.3349  36.1539  
trainID = 1577  1.134  0.7572  0.82  3.2643  2.1183  0.079  6.7379  2.8495  1.2932  0.0331  3.6556  2.4245  1.1538  1.277  3.441  0.2398  4.6488  1.521  7.9593  12.8671  11.6328  2.3659  0.5771  7.551  1.4755  3.266  2.784  2.8129  4.0322  6.3729  0.0879  2.8557  2.0592  1.48  2.0443  1.2096  1.2663  1.244  0.838  0.67  0.057  3.7051  34.1171  
trainID = 1584  32.7812  1.579  3.4136  1.2632  1.596  3.5376  4.4767  1.1969  1.0079  3.5101  1.2514  3.5895  0.04  0.5432  1.4704  2.4823  3.7094  4.02  4.078  1.8292  1.5124  4.6966  4.6953  1.8467  0.9485  0.0914  5.8887  2.9386  2.0655  0.4742  4.415  4.8578  0.813  1.2952  0.4127  1.8904  0.885  1.3309  3.3685  2.7774  0.1109  37.5694  
trainID = 1601  1.3661  0.244  0.486  1.436  3.2348  1.5733  0.478  2.7977  0.9389  1.4529  3.3287  1.4941  1.0604  0.487  1.283  0.28  2.515  0.3569  4.4591  6.2217  1.3498  7.583  2.2519  1.4044  8.8562  1.8903  0.6563  3.0073  0.8476  5.5236  1.443  1.6769  1.448  4.1862  0.858  1.7695  1.1897  0.469  1.737  2.2017  1.239  2.9095  2.7004  1.546  
trainID = 1628  1.5989  3.2396  3.051  2.197  1.4851  5.9398  3.393  5.1266  7.7288  0.8691  4.9175  2.0534  1.2402  35.0637  5.3728  3.453  6.9982  15.5795  6.453  2.9986  2.876  5.8659  7.2832  3.6597  4.187  5.3633  7.4389  4.3138  9.1967  3.6373  7.0738  8.1137  2.0554  3.384  3.9306  3.0917  0.322  4.9161  5.1771  1.9925  3.3689  35.2773  
trainID = 1638  0.094  0.735  0.788  1.392  1.3632  3.0134  0.867  1.3501  2.5848  1.835  0.513  3.929  0.4393  0.0099  0.7716  0.303  2.578  1.3331  2.3627  5.454  7.133  5.6639  0.7088  0.448  7.0292  1.1868  3.923  1.8243  0.9019  4.7699  4.2579  1.2497  3.3027  4.5393  0.748  1.0565  0.0605  2.8166  0.913  1.9736  3.7572  0.0494  3.745  34.1352  
trainID = 1657  0.906  3.7008  1.223  1.319  2.8859  2.7018  3.036  6.5831  7.9328  0.4323  1.9903  0.4778  1.6699  35.9667  5.8774  3.3438  8.0782  14.149  5.6275  4.8669  2.612  5.4339  5.7967  1.2796  5.803  4.3553  6.5153  5.8048  11.5639  3.2269  5.347  5.088  3.7757  0.7147  2.5248  5.87  0.824  6.1156  5.8001  1.1683  4.558  36.286  
trainID = 1671  0.239  1.4717  2.0928  0.73  5.3143  0.4909  2.861  3.5193  2.243  4.9067  0.0476  0.5397  0.1135  1.7812  1.262  0.35  1.145  0.2565  2.1823  3.2222  2.9924  12.2179  0.5748  1.5813  7.3134  1.8621  2.1267  0.7382  1.4042  4.9853  1.6869  3.006  0.2  0.114  1.773  4.5973  0.3993  1.6183  1.614  0.2487  0.908  1.6335  3.2195  0.074  
trainID = 1697  1.2  1.519  1.278  2.6963  1.7213  1.9265  2.5494  2.641  2.4704  2.3138  3.0729  0.6695  1.7069  0.186  2.3242  0.0369  0.7033  2.4165  0.1833  1.8661  1.3765  1.6508  1.5838  2.3042  0.6412  0.9642  0.1602  1.9384  1.941  1.1653  4.1802  1.1992  0.5751  0.182  0.9558  1.3306  1.6879  0.381  0.9155  2.2502  0.5413  1.8682  1.087  
trainID = 1708  0.271  2.8359  1.4718  35.7002  4.0747  6.4828  0.944  10.9099  4.6005  2.7081  2.4657  4.3837  5.0259  1.6003  0.732  2.971  4.8901  4.6965  4.5003  11.2143  8.271  30.5267  1.0236  0.7598  10.1796  5.4333  5.655  2.3838  0.8453  8.0187  8.3721  0.9  1.9716  2.89  2.6124  2.0883  2.8445  0.941  2.5105  6.0203  0.882  
trainID = 1716  0.1  2.2869  0.249  1.241  5.0718  0.247  0.54  5.781  1.8841  3.7871  1.2082  1.3038  0.9361  0.173  0.71  0.208  1.4619  1.3049  3.8354  6.8026  3.4335  8.8593  2.9145  0.7986  6.8566  2.0076  2.3298  1.112  1.1063  3.1413  4.923  2.2212  2.6203  2.3281  0.806  2.6083  1.108  0.1494  1.9677  3.8016  0.333  0.0678  3.3977  1.633  
trainID = 1746  1.9554  0.8016  0.213  0.631  3.4652  5.5848  1.294  5.2192  6.1716  0.2161  0.244  5.223  2.0447  35.5757  3.8202  4.9576  5.7852  21.8968  7.6482  14.0125  1.7408  3.5046  7.8121  0.1436  3.213  2.3656  1.5937  3.3985  9.0307  1.1332  1.8986  3.7464  0.395  1.7304  1.5549  5.5584  1.49  2.6365  1.699  0.9306  3.0644  35.6826  
trainID = 1750  0.568  0.905  0.149  0.017  2.3329  6.6748  3.656  7.2844  2.911  1.3368  0.3453  3.5625  4.0474  1.8678  1.709  1.862  5.0063  1.4981  3.1039  14.2852  15.8181  14.7099  1.0742  0.8209  6.3811  1.9412  5.684  3.0093  0.2766  4.8553  4.7174  2.2369  2.3335  4.6667  1.373  3.4673  0.7056  1.9226  0.043  3.2026  3.3952  2.2325  3.6394  34.1801  
trainID = 1842  1.494  1.0844  1.8067  0.65  2.7698  3.2884  1.7035  0.7254  0.0101  1.5388  0.3486  0.535  2.671  2.9784  3.684  1.7032  0.8568  0.976  0.5949  1.5551  4.9846  2.0743  0.3604  3.146  0.5054  6.2176  0.9534  5.4521  0.4178  3.4574  2.7219  0.519  0.5503  1.3978  6.6187  2.169  1.1959  1.8024  1.5561  0.8735  35.8351  
trainID = 1847  0.034  2.6473  0.617  1.787  2.7834  2.7354  1.6673  3.1884  5.0988  4.8064  0.426  2.8744  0.6258  1.4915  1.96  0.208  1.8219  6.3272  1.1093  3.4447  5.8429  5.5058  3.1779  2.4731  4.108  1.714  2.3254  2.87  6.9865  1.6387  1.6263  2.2763  0.7634  1.1589  33.3081  0.5278  0.812  2.3589  1.058  3.4585  3.185  
trainID = 1897  1.138  0.7457  0.184  0.656  5.8142  3.3603  0.2922  8.9327  3.9771  3.9675  3.4381  4.898  3.7116  0.326  0.815  0.498  4.724  1.3952  4.6003  18.1718  10.5272  29.6498  0.8335  0.0164  7.7978  4.8718  2.1559  2.0428  0.0923  4.9325  6.9825  2.2738  1.4331  2.0314  1.9716  4.4573  3.5088  1.5203  0.429  0.8774  1.73  2.3525  4.0528  
trainID = 1938  0.062  0.201  0.699  1.0325  4.2048  0.7057  5.9396  4.4368  2.0998  2.124  0.6238  0.8335  36.0017  5.1493  2.2653  7.1196  9.0055  0.7313  4.4775  0.4218  5.2759  3.1985  4.3206  2.5667  1.9695  4.0992  3.4  12.2619  3.0961  5.2637  4.3653  1.89  1.0372  3.0027  7.3959  0.145  5.2936  4.0015  2.358  1.3876  34.2947  
trainID = 1958  1.321  1.7482  0.248  1.267  4.1564  1.0726  0.6057  3.8891  2.2456  4.4152  0.9626  2.25  0.7022  1.916  1.577  0.999  1.8033  3.1611  0.5922  0.8791  9.0447  17.4111  1.0624  2.6345  7.44  3.3623  3.217  0.833  6.2007  6.197  3.6947  4.548  0.2467  0.0658  1.7027  0.911  1.122  0.254  2.1905  5.2946  2.128  
trainID = 1970  2.62  0.3267  1.074  3.2312  2.2188  0.4882  3.2954  5.8056  0.8766  0.253  1.4383  0.2394  0.0138  0.7678  0.823  2.3944  2.5708  3.5139  1.8784  2.9423  6.7258  1.348  2.7245  8.1079  2.0702  1.807  2.3333  3.7419  5.5674  4.9735  1.4222  2.2985  3.5088  1.752  0.2694  0.1214  3.1602  0.218  0.904  0.861  0.9398  1.8225  35.8337  
trainID = 1978  35.3172  2.2598  0.2277  2.71  0.6492  3.338  0.9423  2.455  0.2763  0.3391  0.7663  0.684  1.742  3.3759  0.935  2.6139  0.3257  2.7314  0.4118  0.7399  3.913  3.714  3.0671  1.7226  0.8983  5.8977  0.9378  3.0907  2.1638  4.116  3.3264  0.058  0.5481  1.5068  4.5058  0.928  1.7747  4.4996  0.8453  2.1106  35.2166  
trainID = 1991  0.545  4.2653  1.3141  2.157  2.8003  2.7487  1.9298  4.6683  2.053  7.3485  1.797  0.8375  1.7038  0.1084  0.44  1.7937  1.7426  0.8929  0.3676  1.6365  9.2104  19.1318  2.3293  3.2137  8.3308  4.4905  1.346  1.1071  3.7812  3.621  4.8857  2.6782  0.1314  0.0672  2.3839  1.2688  3.508  0.5254  0.934  3.3005  2.0541  
trainID = 2003  1.696  1.9073  2.5622  0.5558  2.7782  5.259  1.6824  1.5008  0.2479  1.1812  4.076  0.099  0.114  2.8331  1.9054  2.8108  0.6254  3.0273  1.3431  1.6912  6.0266  1.8325  1.0423  1.3385  0.7419  8.9711  3.0876  9.6544  3.4548  3.3432  5.365  1.243  1.4112  1.1791  4.0453  0.89  4.8082  1.407  2.9885  3.8842  34.3017  
trainID = 2027  3.777  1.8679  0.897  0.448  3.6943  2.2572  3.1817  7.6054  4.179  3.3795  0.9796  5.9559  3.7077  0.5044  0.4571  0.124  2.5694  0.9034  4.9002  8.8638  1.9401  25.0704  0.0259  1.8391  7.2235  4.4236  3.717  2.6168  0.4848  6.4431  4.8853  1.4422  1.3324  2.6407  0.328  7.1953  2.0297  1.3452  1.933  3.4741  0.581  1.3645  3.6339  0.144  
trainID = 2060  0.162  1.9024  0.362  2.9916  3.8724  0.153  0.2615  0.0807  1.6818  0.7235  0.1318  2.5004  1.6733  0.7969  0.4419  1.4953  1.2018  0.6469  0.3163  2.9399  2.2518  2.0616  0.6419  6.0396  1.3785  1.3578  1.9049  0.9219  2.9896  1.6804  0.7534  0.7544  0.6706  0.344  2.5069  1.1337  1.377  2.308  0.7141  1.609  1.0328  1.4097  1.005  
trainID = 2084  0.375  2.3266  0.289  0.035  4.5697  1.2958  0.6063  5.8883  3.0854  1.9521  2.4595  1.8053  0.0792  1.3568  0.6491  0.47  0.2114  0.8793  4.1186  6.9938  2.6856  15.7135  2.1647  0.1253  8.8865  1.3025  4.113  0.6348  1.1069  3.6808  0.9894  1.5068  1.764  5.163  1.353  4.8693  0.9212  2.936  1.14  0.8759  1.8942  1.7715  1.8697  0.741  
trainID = 2089  2.2815  1.7899  2.9613  34.0862  2.8912  4.3238  0.5819  9.4375  1.2576  3.6402  5.1898  3.0627  0.8553  0.8236  1.3123  1.553  0.5657  0.5414  1.3207  5.588  12.231  25.6281  0.2483  1.7894  11.5335  4.923  4.944  1.1068  3.525  4.3084  5.3604  0.0942  0.321  0.6556  0.802  4.9013  1.6559  1.976  0.1763  4.0196  0.777  
trainID = 2106  1.082  1.1157  0.617  1.6776  1.1075  0.1985  0.3678  2.4672  2.8456  0.0852  0.9283  0.0515  0.7063  0.035  2.237  0.6824  0.3653  1.1607  0.9879  0.0893  0.6133  1.0554  1.5052  3.9737  1.2086  0.4858  1.4007  0.3471  1.8951  0.994  0.478  2.1582  1.77  0.144  2.3876  0.5257  1.6763  0.556  0.0912  0.171  1.5265  2.2725  0.113  
trainID = 2112  0.767  0.1995  1.022  2.129  4.4385  2.4947  0.3947  5.5238  1.5933  4.2024  0.8831  3.7386  0.0488  2.1781  1.063  0.273  0.9321  0.1604  2.2537  4.6687  11.5229  19.4785  0.2034  5.2709  9.0782  6.1541  2.3731  0.6683  1.9427  6.2887  2.3696  2.401  1.4478  1.0602  0.1876  0.328  1.2132  1.164  3.4295  2.4874  1.258  
trainID = 2128  2.498  1.1323  0.5112  1.3226  1.394  1.0827  3.9098  0.7007  1.7379  0.6404  0.6602  2.0927  3.849  1.205  1.0779  0.0956  0.3718  4.0509  2.2214  2.9495  1.2542  0.9709  4.0238  1.5591  1.9403  0.1893  4.0192  3.0083  3.2305  2.0366  1.0376  3.9186  0.355  0.2135  0.979  4.2986  2.8087  1.326  3.5121  1.4135  2.0169  32.8158  
trainID = 2136  34.0152  1.7911  0.9058  0.5  0.0723  4.9678  0.4859  0.4165  0.5741  2.2521  2.8386  1.804  1.851  4.1319  5.5727  2.9158  3.3064  1.4152  3.3368  0.6217  1.9777  1.4808  2.5149  2.026  0.1961  9.195  0.9112  4.5183  2.4638  3.4902  4.5237  0.344  4.0037  1.936  4.676  1.8296  1.8629  3.0492  1.0891  1.4054  36.7585  
trainID = 2149  33.6312  0.341  4.1618  0.3338  2.9161  0.0926  0.1914  1.1008  0.1219  1.8089  0.2044  0.057  1.021  1.7628  3.0268  0.2239  3.1581  0.0026  2.4333  2.5525  0.6013  3.3034  1.8316  0.23  1.2523  2.1664  2.9525  1.3753  1.3553  0.8387  0.1342  0.443  1.0927  1.7923  1.8167  0.003  0.5792  1.338  1.5482  0.3999  1.579  
trainID = 2152  1.2481  1.6242  0.633  0.1993  0.5049  1.6058  1.6323  0.4356  1.0034  0.6912  0.05  1.5856  0.953  0.5343  1.279  0.2489  0.4101  1.1809  1.3103  1.4181  0.771  0.0809  0.4733  2.2493  1.2183  2.2588  0.5613  1.3447  1.4603  0.3289  0.9752  4.4395  2.6972  2.2579  1.7187  0.3337  0.6192  1.268  0.7892  1.44  1.2718  3.1507  35.1374  
trainID = 2156  34.7782  0.3049  0.8793  0.775  0.537  3.1037  0.4914  2.916  0.1584  0.2679  2.1923  0.81  1.849  6.3417  4.41  3.0783  3.0162  0.0837  1.3717  0.1376  3.137  2.3059  0.2765  2.8251  1.9772  6.7372  1.8859  6.3606  4.6531  3.6102  2.2204  1.008  0.8207  3.5258  3.5315  2.8641  4.1847  5.1  0.4549  0.2671  35.3421  
trainID = 2157  1.4331  1.1251  1.562  0.794  1.834  1.0247  0.37  4.2222  1.949  2.0376  2.1706  0.8791  0.488  0.6392  3.083  1.272  0.0492  0.8855  3.1474  3.4735  3.8203  5.0669  0.099  1.3754  8.0824  0.8046  1.1175  2.8183  0.5474  3.6196  3.6217  1.3342  4.6385  4.4592  0.801  2.1515  1.3632  3.0852  1.8739  2.0547  1.319  0.1893  2.3331  0.271  
trainID = 2166  0.612  0.2019  3.89  1.724  3.2843  1.7159  0.188  2.19  0.9532  7.429  1.7283  1.7786  0.6241  0.4496  0.177  2.4764  0.721  0.0643  0.6544  0.1441  3.0783  10.1838  2.4429  0.0601  4.9034  1.8391  1.3681  0.3266  5.1426  4.1211  0.5355  2.355  0.7251  1.8222  2.9303  0.23  0.6071  2.3533  3.3075  2.9486  0.029  
trainID = 2178  33.1732  2.049  0.5806  0.7534  0.7348  0.0918  0.7165  0.7142  0.1802  1.6281  0.9488  1.8675  1.683  0.338  4.5046  4.1982  1.2731  1.3407  1.752  1.1516  0.1187  0.7462  4.0756  0.9321  1.1116  1.4253  3.2017  0.4583  0.3366  1.4888  4.1947  0.7731  0.486  1.4457  0.1142  3.6477  3.6751  1.1424  4.2961  1.9145  1.315  35.166  
trainID = 2182  0.427  0.1315  0.408  2.7077  2.0101  0.036  1.2921  0.2677  3.4229  2.396  0.9481  2.346  2.3822  0.249  1.225  0.0361  0.8463  1.0536  0.4541  0.9829  0.1958  1.2746  0.5444  1.728  1.2229  0.0303  1.2991  1.2053  1.2222  0.3021  3.1253  1.0841  1.2576  1.502  2.309  0.829  2.7149  0.072  0.7503  0.831  0.4483  1.4791  0.808  
trainID = 2222  1.044  3.1519  2.1052  1.245  4.7051  2.561  1.5347  0.8032  0.4889  0.514  1.3552  0.281  0.5334  4.8441  0.9607  1.9511  5.2184  1.883  5.1934  3.0759  3.4426  0.6436  0.9915  0.7906  1.3859  6.9805  1.6724  4.4039  1.2017  4.9742  2.3792  1.137  1.9723  2.2804  4.8086  2.8466  1.943  5.7451  0.9297  0.3473  34.2328  
trainID = 2241  0.533  1.0597  0.007  4.9877  1.038  1.4864  0.2065  2.3664  4.6997  1.277  2.1236  0.2807  0.9405  0.6628  0.4947  0.4058  2.2178  0.5801  2.7878  2.2271  9.5729  2.6318  0.1843  8.8476  1.0533  2.8  1.5641  1.7072  3.6887  0.8622  1.7111  0.7865  2.4078  0.503  4.8493  0.0359  1.359  0.421  1.0724  0.758  1.9395  3.8946  0.238  
trainID = 2244  0.666  1.1559  2.5878  33.3992  4.9231  4.0998  2.5368  8.6449  1.0809  6.2086  4.3202  4.7197  4.1293  0.0202  1.583  2.4179  1.8771  0.1603  2.2791  1.3831  14.6108  22.4092  1.9108  3.0948  8.2514  4.7216  4.605  1.1057  3.901  5.7377  1.7662  1.3708  0.7804  2.3193  0.037  5.6443  0.4023  1.285  4.0065  3.4642  0.636  
trainID = 2260  0.244  1.089  0.962  0.223  3.8299  4.9989  4.1483  1.2038  2.8823  4.9652  0.2138  1.4436  1.253  3.4925  0.4079  2.8666  6.1321  6.1342  1.9374  1.1243  9.3043  7.7688  1.507  4.5445  5.5815  2.2336  1.3834  4.5425  7.0918  6.0506  2.7163  2.9131  2.1332  1.7909  1.0667  0.706  0.5977  2.088  0.5342  2.8601  0.773  
trainID = 2277  0.973  0.2775  1.338  1.414  0.5859  0.9404  1.032  2.5901  4.4301  1.6055  0.5595  1.6068  1.7729  0.9077  1.595  2.138  0.9744  3.5059  4.5386  3.6013  7.4975  3.553  0.5641  3.4401  7.359  0.2301  1.4653  2.6615  3.6504  0.7052  3.5389  1.8122  1.4992  4.4022  1.9954  1.7952  1.2761  3.9134  0.721  2.8226  2.7889  0.6765  2.389  34.7833  
trainID = 2337  34.0172  0.7  2.5912  1.802  0.3161  4.1877  0.7994  1.0334  0.771  1.3528  0.3638  1.354  0.863  4.429  1.497  3.3622  4.6324  2.6022  3.5273  1.1776  2.6205  0.4044  1.379  0.0152  2.4543  9.4812  1.4875  1.7051  2.6699  6.0764  2.1307  2.1435  3.2249  0.2055  6.7059  0.948  3.3218  3.869  1.8488  2.2991  34.3308  
trainID = 2343  0.534  3.8186  0.783  0.758  4.2664  0.3971  0.845  3.2647  1.7355  3.5378  1.4606  3.0879  2.924  0.6531  1.581  0.978  1.7607  2.4912  1.8053  1.7908  8.4946  15.3318  0.0146  4.5385  4.9745  5.9176  4.543  0.4799  5.4321  5.7009  4.1463  1.9703  0.3898  1.6051  33.9941  0.8357  0.97  0.0171  1.272  2.3575  2.5185  2.569  
trainID = 2364  2.8532  2.1253  0.602  1.587  1.365  4.2258  1.787  6.2647  10.9061  0.5075  3.7019  3.7722  1.2461  38.1197  4.3713  3.7158  4.883  19.2762  6.9428  2.4632  2.9505  7.849  7.0856  1.5156  2.5347  3.7973  6.3859  4.4617  12.8065  2.6314  4.926  6.4796  2.6672  1.6185  2.1605  3.4411  0.818  5.2331  6.6876  2.4385  5.3494  36.2568  
trainID = 2369  1.9996  2.9223  0.023  1.483  5.2713  0.4048  1.841  4.3419  3.981  3.883  0.0859  3.9418  0.7932  0.0908  1.1017  0.4  0.7783  0.8347  0.9423  1.7589  8.9209  15.2241  2.0605  1.6903  7.4531  3.6266  1.8312  4.0326  3.4652  3.8431  1.0631  6.2023  1.7977  1.3419  0.4267  1.607  2.2833  0.83  0.8338  3.407  0.917  
trainID = 2384  0.077  2.7737  2.5901  3.847  2.9215  0.351  7.6029  4.803  3.5039  0.8163  3.174  3.1705  1.3323  1.459  1.203  0.6614  1.2067  2.3142  11.3821  10.0065  20.0165  0.5346  0.1381  11.2345  2.8272  1.9937  1.757  0.0054  4.2973  4.4242  0.6459  0.0745  5.2179  1.594  4.4863  0.6562  2.9411  1.432  1.8586  2.1123  2.1305  5.7828  0.468  
trainID = 2388  0.173  0.3276  0.939  32.6616  2.3828  4.7338  0.738  8.1953  4.0635  2.1428  4.6149  4.4498  4.9092  0.17  2.871  1.603  2.651  2.7157  4.1215  16.9658  3.9944  36.1417  1.5553  2.2826  10.6297  5.5969  4.305  2.4515  0.4822  5.5433  6.7421  0.6384  2.208  4.8278  0.534  5.3703  1.5875  2.1091  3.6755  5.6137  0.138  
trainID = 2393  0.985  2.5001  0.657  1.895  3.2991  2.5913  1.825  2.649  5.7713  1.1387  0.122  2.5107  0.1716  0.0721  2.185  1.257  2.7454  4.4399  4.6529  8.0423  8.3934  6.4142  0.0014  2.1019  6.0113  0.491  1.3199  1.927  4.8219  3.5116  5.1981  0.639  2.868  3.8241  1.8721  1.0793  2.9139  3.4278  0.167  2.0468  2.6616  2.2275  1.5421  33.5255  
trainID = 2401  33.8882  0.242  0.3708  0.0231  1.28  0.2824  6.3132  0.8013  1.2346  2.6788  0.9141  0.5291  0.864  0.227  3.8885  1.9229  6.0372  1.2383  1.513  2.2541  1.4253  2.8455  4.8285  3.032  1.6872  2.1302  5.8285  2.123  2.5496  0.0869  3.0511  3.2289  0.749  1.1605  0.3833  4.0149  0.253  3.5841  2.801  0.0596  2.5831  35.7944  
trainID = 2415  0.824  0.1821  1.8373  1.378  2.6489  5.2568  0.606  1.6926  0.588  2.8234  0.3079  0.008  1.598  4.0413  2.3792  3.9753  0.8708  0.5068  2.5503  0.8734  2.1549  4.4947  2.0358  2.418  0.1301  5.6834  1.2182  8.57  0.177  3.1374  6.1614  1.988  3.6486  1.6597  3.8795  2.1582  1.661  3.2878  3.0954  1.8163  37.1414  
trainID = 2424  0.641  0.5709  1.8247  0.241  2.9706  3.2539  1.447  6.1047  2.9334  0.141  3.353  1.7357  2.856  34.7137  4.8955  4.5448  3.4625  15.4595  0.8364  6.9535  3.5496  3.9748  7.6354  3.4282  2.811  2.499  3.6149  5.484  9.5489  2.2112  5.2061  4.6242  0.844  4.2783  2.1594  3.222  0.998  3.8218  4.5674  3.1065  5.0379  35.2767  
trainID = 2461  32.7072  0.7693  0.1179  0.2077  1.3789  3.7189  1.336  0.123  2.294  0.6858  0.5825  1.5  1.949  4.9598  0.2397  6.9421  0.4009  4.7398  0.0268  0.514  1.7861  4.111  0.5487  0.5997  1.4347  3.4855  0.0534  5.727  0.5102  2.8991  3.8403  0.628  0.9166  1.0864  3.3699  0.713  1.8653  3.2281  1.3555  2.8305  35.7639  
trainID = 2478  1.6572  1.5558  1.1814  1.731  4.0963  3.2254  0.5506  6.4393  4.6996  3.0893  0.7456  1.7571  2.3714  0.1582  3.234  1.688  2.4377  3.9069  3.9732  11.4934  14.6102  15.924  0.5466  1.8207  7.823  2.9954  4.015  3.4923  1.3764  5.8331  10.0977  1.0747  1.2601  4.1533  0.618  4.7323  0.2355  3.1845  0.263  4.6008  0.729  1.3795  5.493  34.6845  
trainID = 2494  1.7438  1.4272  3.6719  0.658  5.5526  2.3886  2.8941  0.8479  4.0934  5.9043  0.4188  1.1192  2.7764  1.613  1.1405  0.041  6.6207  3.6569  1.0928  4.4062  13.1691  10.297  3.3858  5.0512  5.0576  6.9881  0.0178  5.5236  10.4093  3.9607  0.6721  1.1195  2.8951  1.4293  4.8572  1.398  2.4391  1.472  3.6355  4.0782  2.1  
trainID = 2532  0.886  1.326  0.332  0.648  3.1052  5.7778  1.0002  6.7783  9.0181  0.2796  1.7398  2.9485  2.3574  4.3197  3.191  4.542  20.7283  0.7203  9.3326  2.0206  2.8951  8.9918  3.8867  2.592  3.1953  3.6067  4.6849  10.677  0.1982  4.4179  5.3109  4.6869  3.349  1.4938  3.2731  0.864  4.1851  2.7958  1.2095  5.3226  35.0772  
trainID = 2556  34.9512  1.7147  2.0845  1.029  3.5272  2.2702  1.4719  3.906  1.343  1.5751  0.0793  0.531  1.711  3.3321  1.0047  1.4567  0.5011  0.8953  1.0332  1.5473  1.312  2.8244  0.9335  0.1695  2.8533  4.2884  0.0433  3.0218  0.6917  3.599  0.9442  0.186  0.0161  1.313  3.319  2.3579  0.2954  4.8717  0.2846  2.8314  34.7989  
trainID = 2568  1.9495  1.2527  1.004  0.883  2.3791  5.4148  0.188  6.8538  7.973  0.3973  2.4836  0.3624  0.3838  35.1137  5.3086  3.8644  4.9578  16.6454  7.3303  2.4612  3.8957  4.7104  7.0632  2.3583  4.631  3.2273  6.3483  6.1096  11.17  3.6601  5.0437  6.5864  2.1442  0.5297  5.4797  5.1723  0.494  6.6963  6.4605  2.7559  3.0493  37.5229  
trainID = 2572  2.108  1.7421  0.759  1.385  4.878  2.5079  0.9457  4.1541  0.0233  3.8356  0.5136  4.1388  0.0809  1.0143  0.336  0.61  0.6143  1.1189  0.0463  2.6387  2.7219  12.761  0.991  1.2468  9.6366  4.8089  2.7234  2.7085  3.4163  3.8441  2.6443  2.156  0.9861  0.0605  32.7711  0.1125  0.042  1.1865  0.675  1.6905  1.8879  1.47  
trainID = 2574  3.9638  2.6561  0.878  1.369  4.1636  0.6286  2.4166  3.8688  1.2707  4.4834  0.4124  2.5412  1.2485  1.007  0.258  1.242  1.8619  3.7106  0.4195  1.4209  11.902  16.091  2.6175  3.1378  8.7367  3.4771  0.2403  0.6823  5.3668  5.1785  3.0891  3.9823  1.04  0.1469  2.4303  0.995  0.3481  2.516  3.3925  2.5746  0.224  
trainID = 2579  1.4999  2.2603  0.408  1.452  0.258  4.6858  1.561  7.8326  6.3596  1.6263  4.635  2.6499  1.7465  36.2317  3.4764  6.777  3.9385  22.6385  7.1527  6.457  2.7438  4.9168  9.917  5.2933  2.3542  3.8403  6.8474  4.7777  10.4519  1.1319  3.2229  5.4767  2.8377  1.7569  3.4791  5.5249  0.789  5.4515  3.682  2.0695  3.8638  35.9802  
trainID = 2612  0.37  0.9753  2.9299  0.241  6.0272  2.4692  0.171  7.5101  2.0139  2.7717  1.8632  2.2718  1.646  0.1093  0.018  0.788  0.478  3.7392  2.3312  7.5013  1.3816  20.0912  1.152  2.7643  10.5309  3.097  2.1338  1.4329  1.3525  5.5487  6.621  1.7733  1.0871  2.3118  0.732  5.0013  0.7334  2.2552  1.542  1.6946  0.043  3.4705  5.3906  1.982  
trainID = 2616  0.869  1.5007  1.916  0.759  0.7524  2.3218  2.454  8.0507  6.4909  1.388  1.1248  0.4576  1.2312  37.0477  6.0164  4.0663  3.0125  12.9417  4.5195  1.5551  1.9787  6.5135  5.8051  0.555  2.2437  2.467  4.8326  2.7414  10.6932  2.026  4.2251  5.4489  1.17  1.0605  1.8628  4.6538  0.164  5.1409  3.9687  0.2369  5.7231  34.7228  
trainID = 2669  1.496  0.3851  1.9857  2.21  3.5539  3.1011  0.3912  1.0735  1.2734  3.0864  0.2357  0.577  0.9949  2.8198  1.3331  3.9523  3.0086  1.6852  2.7589  0.9991  0.8561  1.5132  0.0854  0.6436  0.0002  4.9021  2.8318  2.8922  2.2066  6.0421  1.2935  0.774  2.9308  1.1927  3.1815  2.3712  2.8158  2.3077  1.7321  1.0525  33.8714  
trainID = 2675  0.685  0.1862  2.482  0.337  0.9941  0.0179  1.6021  4.0992  3.5306  2.8086  1.2705  0.7493  0.4784  1.0658  1.7108  1.457  4.4129  3.4206  4.6061  2.1975  4.5706  1.638  1.2734  2.9973  2.7035  1.2287  3.0255  2.6436  5.199  1.9693  7.8742  1.0116  2.4585  3.3235  0.722  1.1979  0.9793  4.8763  0.112  3.2583  5.8721  0.6371  3.7128  33.4098  
trainID = 2703  0.788  1.4047  1.5375  1.157  3.8641  6.4888  0.002  7.6242  1.8033  4.2032  2.5942  3.4539  3.0204  1.6304  2.078  0.637  2.9405  2.8568  4.5149  5.49  10.7999  25.6499  0.4733  1.5263  9.9904  5.269  4.793  0.8677  0.7396  7.5182  4.7412  1.5583  0.9566  2.4761  0.722  5.3663  0.3882  1.437  3.0565  6.1452  0.691  
trainID = 2732  0.862  0.2297  0.77  0.63  5.0092  0.9065  0.4574  1.7413  1.8461  3.0973  1.0085  3.0794  0.3594  1.9137  0.589  1.5321  1.5005  1.0373  1.6965  2.5161  1.2485  12.6204  0.6444  0.3788  6.8468  3.8977  1.0112  1.5131  2.1834  6.0449  1.7885  1.536  1.5163  1.6506  1.546  3.5871  0.1897  1.5622  0.891  0.2856  1.693  2.8575  0.3521  0.174  
trainID = 2792  1.8916  1.3079  1.029  0.312  5.6707  0.1585  1.3953  3.5256  2.3447  3.9888  2.5415  1.9566  0.0972  0.4075  0.322  0.09  0.9119  0.8906  0.474  1.6103  4.8678  18.5791  2.2809  0.615  6.3788  4.0673  2.0838  1.8535  2.3956  5.2651  3.99  0.3814  2.1467  1.5414  1.299  3.2002  1.0149  0.8058  0.909  1.0322  3.6007  1.3915  2.661  1.155  
trainID = 2799  1.039  2.4037  1.077  0.463  1.4523  4.5718  0.235  4.0966  9.0245  1.9773  1.748  1.9464  1.5912  36.2367  6.6605  3.7517  6.2019  10.9509  0.3853  3.5299  2.5598  8.7158  4.5744  2.7793  2.897  3.4003  5.9963  5.6754  10.0168  3.5622  7.2361  6.2768  0.174  0.3966  1.5125  6.4214  2.781  1.5457  2.3715  0.7443  3.6346  34.8086  
trainID = 2843  1.137  1.3118  0.077  2.5917  3.3932  0.845  4.6493  5.9851  0.1005  1.9248  3.1229  0.2816  33.7197  3.012  4.9867  2.7045  15.7482  1.9166  6.1743  1.9902  2.1549  5.7048  2.6358  3.935  4.3143  4.5927  5.7646  10.6211  2.629  4.9686  7.6589  1.666  1.6758  2.6021  4.7161  0.525  5.0222  2.2681  0.6016  3.379  33.0429  
trainID = 2863  1.3278  0.7898  1.003  1.467  3.6431  4.2248  2.223  5.479  6.69  1.3237  2.6835  0.1941  1.4437  36.1777  4.4313  4.6736  6.0246  10.4918  0.0659  2.0778  2.5924  4.9708  5.9491  2.2484  3.115  6.4263  8.2747  4.968  11.219  1.7403  5.8391  7.4247  2.1659  0.607  1.7068  5.338  2.0225  3.4932  4.1982  3.8615  6.0459  35.1642  
trainID = 2889  0.905  1.1501  0.73  0.199  5.3358  2.0301  2.3407  4.6254  2.1878  3.6832  2.6932  0.3043  2.1464  1.0388  1.905  1.856  1.3154  1.3858  1.7991  5.364  0.6279  11.369  1.3047  0.8842  7.2375  4.5221  2.7626  0.4879  1.3927  2.8025  2.1453  1.7464  0.5769  0.8708  1.042  2.643  0.3755  1.3695  1.889  0.2994  3.4006  1.8305  5.3629  
trainID = 2973  2.395  1.1403  0.11  1.377  1.181  1.4091  1.462  4.6559  7.0209  2.1888  1.355  1.6529  2.8256  2.8659  0.9213  0.692  3.0219  4.3226  2.5093  1.6759  2.4633  2.6908  0.7558  3.4408  3.0382  2.9167  5.004  4.2783  7.1547  2.7258  7.6547  0.0543  4.1389  7.4255  0.486  1.1433  2.6523  3.82  1.5896  3.9316  3.5479  0.4659  1.4764  34.6975  
trainID = 2982  0.044  0.1758  0.198  4.5605  2.5614  0.8046  1.8219  1.823  2.3212  0.3415  0.4189  0.5038  0.0657  2.023  0.9349  0.1991  1.0476  1.7212  0.2024  1.3828  1.2593  2.0235  0.3313  3.4113  1.4827  3.266  0.4375  0.0738  0.7291  1.3055  2.0466  0.9427  0.4128  0.326  1.0958  0.0319  2.3572  0.595  2.1772  2.8313  1.6235  0.4282  0.854  
TrainID = 2106  dbValue = 1.07341  nTestCell = 44  nTrainCell = 43  nDiff = 1  (X,Y) = (1355, 2275)  Position Error = 15
TrainID = 2182  dbValue = 1.15948  nTestCell = 44  nTrainCell = 43  nDiff = 1  (X,Y) = (1335, 2295)  Position Error = 20.6155
TrainID = 2982  dbValue = 1.23706  nTestCell = 44  nTrainCell = 43  nDiff = 1  (X,Y) = (1345, 2285)  Position Error = 11.1803
TrainID = 2060  dbValue = 1.42284  nTestCell = 44  nTrainCell = 43  nDiff = 1  (X,Y) = (1365, 2275)  Position Error = 25
TrainID = 778  dbValue = 1.47636  nTestCell = 44  nTrainCell = 43  nDiff = 1  (X,Y) = (1365, 2255)  Position Error = 32.0156
TrainID = 1697  dbValue = 1.49677  nTestCell = 44  nTrainCell = 43  nDiff = 1  (X,Y) = (1375, 2245)  Position Error = 46.0977
TrainID = 339  dbValue = 1.52866  nTestCell = 44  nTrainCell = 42  nDiff = 2  (X,Y) = (1355, 2265)  Position Error = 18.0278
TrainID = 384  dbValue = 1.62106  nTestCell = 44  nTrainCell = 43  nDiff = 1  (X,Y) = (1385, 2235)  Position Error = 60.208
TrainID = 642  dbValue = 1.62771  nTestCell = 44  nTrainCell = 43  nDiff = 1  (X,Y) = (1375, 2265)  Position Error = 36.4005
TrainID = 928  dbValue = 1.78041  nTestCell = 44  nTrainCell = 44  nDiff = 0  (X,Y) = (1365, 2205)  Position Error = 74.3303
TrainID = 1404  dbValue = 1.84529  nTestCell = 44  nTrainCell = 43  nDiff = 1  (X,Y) = (1405, 2245)  Position Error = 71.5891
TrainID = 406  dbValue = 1.85872  nTestCell = 44  nTrainCell = 41  nDiff = 3  (X,Y) = (1295, 2255)  Position Error = 49.2443
TrainID = 2241  dbValue = 1.93652  nTestCell = 44  nTrainCell = 43  nDiff = 1  (X,Y) = (1365, 2215)  Position Error = 65
TrainID = 2732  dbValue = 1.97275  nTestCell = 44  nTrainCell = 44  nDiff = 0  (X,Y) = (1365, 2195)  Position Error = 83.8153
TrainID = 1343  dbValue = 1.97745  nTestCell = 44  nTrainCell = 44  nDiff = 0  (X,Y) = (1395, 2225)  Position Error = 74.3303
TrainID = 2152  dbValue = 1.98589  nTestCell = 44  nTrainCell = 43  nDiff = 1  (X,Y) = (1355, 2285)  Position Error = 18.0278
TrainID = 2166  dbValue = 2.0077  nTestCell = 44  nTrainCell = 41  nDiff = 3  (X,Y) = (1335, 2205)  Position Error = 70.1783
TrainID = 2157  dbValue = 2.02923  nTestCell = 44  nTrainCell = 44  nDiff = 0  (X,Y) = (1415, 2235)  Position Error = 85
TrainID = 1671  dbValue = 2.08313  nTestCell = 44  nTrainCell = 44  nDiff = 0  (X,Y) = (1375, 2185)  Position Error = 96.566
TrainID = 906  dbValue = 2.08857  nTestCell = 44  nTrainCell = 41  nDiff = 3  (X,Y) = (1305, 2175)  Position Error = 105.948
TrainID = 2149  dbValue = 2.09207  nTestCell = 44  nTrainCell = 41  nDiff = 3  (X,Y) = (1315, 2305)  Position Error = 39.0512
TrainID = 770  dbValue = 2.11371  nTestCell = 44  nTrainCell = 43  nDiff = 1  (X,Y) = (1395, 2195)  Position Error = 97.0824
TrainID = 1601  dbValue = 2.14177  nTestCell = 44  nTrainCell = 44  nDiff = 0  (X,Y) = (1405, 2215)  Position Error = 88.459
TrainID = 1229  dbValue = 2.15834  nTestCell = 44  nTrainCell = 44  nDiff = 0  (X,Y) = (1365, 2185)  Position Error = 93.4077
TrainID = 1302  dbValue = 2.20523  nTestCell = 44  nTrainCell = 41  nDiff = 3  (X,Y) = (1315, 2165)  Position Error = 112.805
TrainID = 956  dbValue = 2.22366  nTestCell = 44  nTrainCell = 41  nDiff = 3  (X,Y) = (1365, 2305)  Position Error = 39.0512
TrainID = 1276  dbValue = 2.2361  nTestCell = 44  nTrainCell = 43  nDiff = 1  (X,Y) = (1365, 2295)  Position Error = 32.0156
TrainID = 1716  dbValue = 2.26492  nTestCell = 44  nTrainCell = 44  nDiff = 0  (X,Y) = (1415, 2215)  Position Error = 96.0469
TrainID = 2889  dbValue = 2.32414  nTestCell = 44  nTrainCell = 43  nDiff = 1  (X,Y) = (1405, 2205)  Position Error = 95.5249
TrainID = 1077  dbValue = 2.32575  nTestCell = 44  nTrainCell = 43  nDiff = 1  (X,Y) = (1415, 2195)  Position Error = 109.659
TrainID = 2792  dbValue = 2.37367  nTestCell = 44  nTrainCell = 44  nDiff = 0  (X,Y) = (1375, 2165)  Position Error = 115.434
TrainID = 2084  dbValue = 2.4467  nTestCell = 44  nTrainCell = 44  nDiff = 0  (X,Y) = (1415, 2195)  Position Error = 109.659
TrainID = 2128  dbValue = 2.62931  nTestCell = 44  nTrainCell = 42  nDiff = 2  (X,Y) = (1415, 2305)  Position Error = 80.7775
TrainID = 317  dbValue = 2.64955  nTestCell = 44  nTrainCell = 44  nDiff = 0  (X,Y) = (1435, 2275)  Position Error = 95
TrainID = 2369  dbValue = 2.67649  nTestCell = 44  nTrainCell = 41  nDiff = 3  (X,Y) = (1335, 2135)  Position Error = 140.089
TrainID = 2669  dbValue = 2.74189  nTestCell = 44  nTrainCell = 41  nDiff = 3  (X,Y) = (1335, 2395)  Position Error = 120.104
TrainID = 1842  dbValue = 2.77519  nTestCell = 44  nTrainCell = 41  nDiff = 3  (X,Y) = (1425, 2355)  Position Error = 116.726
TrainID = 1193  dbValue = 2.78414  nTestCell = 44  nTrainCell = 44  nDiff = 0  (X,Y) = (1425, 2165)  Position Error = 139.014
TrainID = 1958  dbValue = 2.81395  nTestCell = 44  nTrainCell = 41  nDiff = 3  (X,Y) = (1345, 2145)  Position Error = 130.096
TrainID = 1198  dbValue = 2.82711  nTestCell = 44  nTrainCell = 41  nDiff = 3  (X,Y) = (1275, 2135)  Position Error = 154.353
TrainID = 1002  dbValue = 2.85636  nTestCell = 44  nTrainCell = 44  nDiff = 0  (X,Y) = (1425, 2235)  Position Error = 93.9415
TrainID = 2260  dbValue = 2.87168  nTestCell = 44  nTrainCell = 41  nDiff = 3  (X,Y) = (1215, 2185)  Position Error = 154.029
TrainID = 2574  dbValue = 2.87779  nTestCell = 44  nTrainCell = 41  nDiff = 3  (X,Y) = (1345, 2125)  Position Error = 150.083
TrainID = 1429  dbValue = 2.89251  nTestCell = 44  nTrainCell = 44  nDiff = 0  (X,Y) = (1405, 2135)  Position Error = 154.353
TrainID = 1502  dbValue = 2.90467  nTestCell = 44  nTrainCell = 41  nDiff = 3  (X,Y) = (1315, 2125)  Position Error = 152.069
TrainID = 1638  dbValue = 2.90703  nTestCell = 44  nTrainCell = 44  nDiff = 0  (X,Y) = (1425, 2255)  Position Error = 87.3212
TrainID = 2112  dbValue = 2.90955  nTestCell = 44  nTrainCell = 41  nDiff = 3  (X,Y) = (1385, 2125)  Position Error = 156.605
TrainID = 1991  dbValue = 2.91339  nTestCell = 44  nTrainCell = 41  nDiff = 3  (X,Y) = (1375, 2135)  Position Error = 144.309
TrainID = 1271  dbValue = 2.92946  nTestCell = 44  nTrainCell = 41  nDiff = 3  (X,Y) = (1315, 2155)  Position Error = 122.577
TrainID = 2572  dbValue = 2.95218  nTestCell = 44  nTrainCell = 42  nDiff = 2  (X,Y) = (1355, 2175)  Position Error = 101.119
TrainID = 2612  dbValue = 2.96245  nTestCell = 44  nTrainCell = 44  nDiff = 0  (X,Y) = (1425, 2165)  Position Error = 139.014
TrainID = 438  dbValue = 2.98557  nTestCell = 44  nTrainCell = 43  nDiff = 1  (X,Y) = (1375, 2145)  Position Error = 134.629
TrainID = 2277  dbValue = 2.99833  nTestCell = 44  nTrainCell = 44  nDiff = 0  (X,Y) = (1465, 2295)  Position Error = 126.59
TrainID = 1970  dbValue = 3.00657  nTestCell = 44  nTrainCell = 43  nDiff = 1  (X,Y) = (1445, 2295)  Position Error = 106.888
TrainID = 1037  dbValue = 3.0302  nTestCell = 44  nTrainCell = 44  nDiff = 0  (X,Y) = (1455, 2275)  Position Error = 115
TrainID = 860  dbValue = 3.03508  nTestCell = 44  nTrainCell = 42  nDiff = 2  (X,Y) = (1315, 2175)  Position Error = 103.078
TrainID = 1137  dbValue = 3.03869  nTestCell = 44  nTrainCell = 42  nDiff = 2  (X,Y) = (1345, 2325)  Position Error = 50.2494
TrainID = 2675  dbValue = 3.06377  nTestCell = 44  nTrainCell = 44  nDiff = 0  (X,Y) = (1455, 2305)  Position Error = 118.849
TrainID = 1403  dbValue = 3.07748  nTestCell = 44  nTrainCell = 41  nDiff = 3  (X,Y) = (1215, 2155)  Position Error = 173.277
TrainID = 371  dbValue = 3.09818  nTestCell = 44  nTrainCell = 41  nDiff = 3  (X,Y) = (1385, 2425)  Position Error = 156.605
TrainID = 2222  dbValue = 3.13556  nTestCell = 44  nTrainCell = 41  nDiff = 3  (X,Y) = (1335, 2435)  Position Error = 160.078
TrainID = 2178  dbValue = 3.13678  nTestCell = 44  nTrainCell = 42  nDiff = 2  (X,Y) = (1355, 2325)  Position Error = 52.2015
TrainID = 1344  dbValue = 3.16258  nTestCell = 44  nTrainCell = 44  nDiff = 0  (X,Y) = (1435, 2165)  Position Error = 145.344
TrainID = 936  dbValue = 3.20009  nTestCell = 44  nTrainCell = 41  nDiff = 3  (X,Y) = (1395, 2335)  Position Error = 81.3941
TrainID = 2415  dbValue = 3.20646  nTestCell = 44  nTrainCell = 41  nDiff = 3  (X,Y) = (1475, 2335)  Position Error = 147.733
TrainID = 953  dbValue = 3.20949  nTestCell = 44  nTrainCell = 41  nDiff = 3  (X,Y) = (1345, 2425)  Position Error = 150.083
TrainID = 1847  dbValue = 3.23974  nTestCell = 44  nTrainCell = 41  nDiff = 3  (X,Y) = (1255, 2215)  Position Error = 104.043
TrainID = 2384  dbValue = 3.29825  nTestCell = 44  nTrainCell = 43  nDiff = 1  (X,Y) = (1465, 2185)  Position Error = 154.029
TrainID = 1475  dbValue = 3.31345  nTestCell = 44  nTrainCell = 41  nDiff = 3  (X,Y) = (1335, 2375)  Position Error = 100.125
TrainID = 2027  dbValue = 3.3265  nTestCell = 44  nTrainCell = 44  nDiff = 0  (X,Y) = (1445, 2165)  Position Error = 152.069
TrainID = 803  dbValue = 3.33136  nTestCell = 44  nTrainCell = 44  nDiff = 0  (X,Y) = (1445, 2245)  Position Error = 109.202
TrainID = 541  dbValue = 3.33534  nTestCell = 44  nTrainCell = 43  nDiff = 1  (X,Y) = (1465, 2285)  Position Error = 125.399
TrainID = 2556  dbValue = 3.3395  nTestCell = 44  nTrainCell = 41  nDiff = 3  (X,Y) = (1335, 2375)  Position Error = 100.125
TrainID = 1339  dbValue = 3.34455  nTestCell = 44  nTrainCell = 44  nDiff = 0  (X,Y) = (1455, 2165)  Position Error = 159.138
TrainID = 2393  dbValue = 3.37493  nTestCell = 44  nTrainCell = 44  nDiff = 0  (X,Y) = (1475, 2265)  Position Error = 135.37
TrainID = 1517  dbValue = 3.38132  nTestCell = 44  nTrainCell = 41  nDiff = 3  (X,Y) = (1485, 2355)  Position Error = 165.605
TrainID = 2003  dbValue = 3.3881  nTestCell = 44  nTrainCell = 41  nDiff = 3  (X,Y) = (1495, 2335)  Position Error = 166.208
TrainID = 1456  dbValue = 3.41732  nTestCell = 44  nTrainCell = 41  nDiff = 3  (X,Y) = (1405, 2375)  Position Error = 119.269
TrainID = 459  dbValue = 3.42856  nTestCell = 44  nTrainCell = 41  nDiff = 3  (X,Y) = (1475, 2345)  Position Error = 152.069
TrainID = 2461  dbValue = 3.4621  nTestCell = 44  nTrainCell = 41  nDiff = 3  (X,Y) = (1425, 2315)  Position Error = 93.9415
TrainID = 2973  dbValue = 3.46215  nTestCell = 44  nTrainCell = 44  nDiff = 0  (X,Y) = (1485, 2305)  Position Error = 148.071
TrainID = 2494  dbValue = 3.46399  nTestCell = 44  nTrainCell = 41  nDiff = 3  (X,Y) = (1225, 2125)  Position Error = 189.011
TrainID = 2343  dbValue = 3.48918  nTestCell = 44  nTrainCell = 42  nDiff = 2  (X,Y) = (1355, 2135)  Position Error = 140.801
TrainID = 1202  dbValue = 3.51081  nTestCell = 44  nTrainCell = 41  nDiff = 3  (X,Y) = (1295, 2395)  Position Error = 128.16
TrainID = 957  dbValue = 3.51516  nTestCell = 44  nTrainCell = 42  nDiff = 2  (X,Y) = (1365, 2135)  Position Error = 142.215
TrainID = 1452  dbValue = 3.523  nTestCell = 44  nTrainCell = 41  nDiff = 3  (X,Y) = (1435, 2425)  Position Error = 177.553
TrainID = 1577  dbValue = 3.553  nTestCell = 44  nTrainCell = 43  nDiff = 1  (X,Y) = (1465, 2215)  Position Error = 138.654
TrainID = 2401  dbValue = 3.58815  nTestCell = 44  nTrainCell = 42  nDiff = 2  (X,Y) = (1455, 2325)  Position Error = 125.399
TrainID = 1978  dbValue = 3.60199  nTestCell = 44  nTrainCell = 41  nDiff = 3  (X,Y) = (1415, 2345)  Position Error = 102.591
TrainID = 1463  dbValue = 3.66606  nTestCell = 44  nTrainCell = 41  nDiff = 3  (X,Y) = (1345, 2405)  Position Error = 130.096
TrainID = 2703  dbValue = 3.73792  nTestCell = 44  nTrainCell = 41  nDiff = 3  (X,Y) = (1435, 2135)  Position Error = 169.189
TrainID = 1584  dbValue = 3.86333  nTestCell = 44  nTrainCell = 42  nDiff = 2  (X,Y) = (1435, 2325)  Position Error = 107.355
TrainID = 1897  dbValue = 3.91131  nTestCell = 44  nTrainCell = 43  nDiff = 1  (X,Y) = (1495, 2175)  Position Error = 184.459
TrainID = 2156  dbValue = 3.91684  nTestCell = 44  nTrainCell = 41  nDiff = 3  (X,Y) = (1415, 2385)  Position Error = 133.135
TrainID = 2337  dbValue = 3.91953  nTestCell = 44  nTrainCell = 41  nDiff = 3  (X,Y) = (1395, 2415)  Position Error = 150.416
TrainID = 2136  dbValue = 4.00066  nTestCell = 44  nTrainCell = 41  nDiff = 3  (X,Y) = (1445, 2415)  Position Error = 175
TrainID = 363  dbValue = 4.00519  nTestCell = 44  nTrainCell = 41  nDiff = 3  (X,Y) = (1425, 2385)  Position Error = 139.014
TrainID = 864  dbValue = 4.04255  nTestCell = 44  nTrainCell = 41  nDiff = 3  (X,Y) = (1285, 2095)  Position Error = 188.215
TrainID = 738  dbValue = 4.17008  nTestCell = 44  nTrainCell = 44  nDiff = 0  (X,Y) = (1495, 2215)  Position Error = 166.208
TrainID = 1440  dbValue = 4.1894  nTestCell = 44  nTrainCell = 41  nDiff = 3  (X,Y) = (1445, 2135)  Position Error = 175
TrainID = 560  dbValue = 4.19159  nTestCell = 44  nTrainCell = 42  nDiff = 2  (X,Y) = (1505, 2265)  Position Error = 165.303
TrainID = 1750  dbValue = 4.22293  nTestCell = 44  nTrainCell = 44  nDiff = 0  (X,Y) = (1475, 2205)  Position Error = 152.069
TrainID = 2089  dbValue = 4.26928  nTestCell = 44  nTrainCell = 41  nDiff = 3  (X,Y) = (1425, 2105)  Position Error = 190.066
TrainID = 2478  dbValue = 4.33941  nTestCell = 44  nTrainCell = 44  nDiff = 0  (X,Y) = (1495, 2225)  Position Error = 162.865
TrainID = 2244  dbValue = 4.39641  nTestCell = 44  nTrainCell = 41  nDiff = 3  (X,Y) = (1405, 2095)  Position Error = 191.377
TrainID = 1444  dbValue = 4.53729  nTestCell = 44  nTrainCell = 41  nDiff = 3  (X,Y) = (1415, 2105)  Position Error = 185.809
TrainID = 810  dbValue = 4.55053  nTestCell = 44  nTrainCell = 41  nDiff = 3  (X,Y) = (1435, 2425)  Position Error = 177.553
TrainID = 378  dbValue = 4.699  nTestCell = 44  nTrainCell = 41  nDiff = 3  (X,Y) = (1445, 2455)  Position Error = 208.387
TrainID = 1220  dbValue = 4.71931  nTestCell = 44  nTrainCell = 44  nDiff = 0  (X,Y) = (1505, 2195)  Position Error = 183.371
TrainID = 2532  dbValue = 4.72597  nTestCell = 44  nTrainCell = 41  nDiff = 3  (X,Y) = (1555, 2235)  Position Error = 218.689
TrainID = 1394  dbValue = 4.76287  nTestCell = 44  nTrainCell = 41  nDiff = 3  (X,Y) = (1465, 2135)  Position Error = 187.683
TrainID = 550  dbValue = 4.76805  nTestCell = 44  nTrainCell = 41  nDiff = 3  (X,Y) = (1425, 2095)  Position Error = 199.06
TrainID = 530  dbValue = 4.81081  nTestCell = 44  nTrainCell = 41  nDiff = 3  (X,Y) = (1525, 2255)  Position Error = 186.078
TrainID = 1938  dbValue = 4.84776  nTestCell = 44  nTrainCell = 41  nDiff = 3  (X,Y) = (1545, 2305)  Position Error = 207.183
TrainID = 476  dbValue = 4.84965  nTestCell = 44  nTrainCell = 41  nDiff = 3  (X,Y) = (1315, 2495)  Position Error = 221.416
TrainID = 2616  dbValue = 4.92164  nTestCell = 44  nTrainCell = 42  nDiff = 2  (X,Y) = (1575, 2305)  Position Error = 236.907
TrainID = 1415  dbValue = 4.97828  nTestCell = 44  nTrainCell = 41  nDiff = 3  (X,Y) = (1545, 2295)  Position Error = 205.973
TrainID = 1385  dbValue = 4.98492  nTestCell = 44  nTrainCell = 41  nDiff = 3  (X,Y) = (1565, 2215)  Position Error = 232.863
TrainID = 2843  dbValue = 5.02806  nTestCell = 44  nTrainCell = 41  nDiff = 3  (X,Y) = (1535, 2265)  Position Error = 195.256
TrainID = 2388  dbValue = 5.06967  nTestCell = 44  nTrainCell = 41  nDiff = 3  (X,Y) = (1495, 2165)  Position Error = 190.066
TrainID = 1309  dbValue = 5.07157  nTestCell = 44  nTrainCell = 42  nDiff = 2  (X,Y) = (1525, 2245)  Position Error = 187.417
TrainID = 2424  dbValue = 5.16281  nTestCell = 44  nTrainCell = 42  nDiff = 2  (X,Y) = (1555, 2255)  Position Error = 215.928
TrainID = 2799  dbValue = 5.17674  nTestCell = 44  nTrainCell = 42  nDiff = 2  (X,Y) = (1555, 2305)  Position Error = 217.083
TrainID = 1746  dbValue = 5.26387  nTestCell = 44  nTrainCell = 42  nDiff = 2  (X,Y) = (1535, 2215)  Position Error = 204.022
TrainID = 356  dbValue = 5.29465  nTestCell = 44  nTrainCell = 41  nDiff = 3  (X,Y) = (1565, 2265)  Position Error = 225.222
TrainID = 1708  dbValue = 5.30752  nTestCell = 44  nTrainCell = 41  nDiff = 3  (X,Y) = (1505, 2125)  Position Error = 222.991
TrainID = 2863  dbValue = 5.37634  nTestCell = 44  nTrainCell = 42  nDiff = 2  (X,Y) = (1555, 2305)  Position Error = 217.083
TrainID = 820  dbValue = 5.38987  nTestCell = 44  nTrainCell = 42  nDiff = 2  (X,Y) = (1545, 2245)  Position Error = 207.183
TrainID = 456  dbValue = 5.41529  nTestCell = 44  nTrainCell = 41  nDiff = 3  (X,Y) = (1495, 2075)  Position Error = 253.032
TrainID = 1380  dbValue = 5.7233  nTestCell = 44  nTrainCell = 41  nDiff = 3  (X,Y) = (1585, 2275)  Position Error = 245
TrainID = 2568  dbValue = 5.76941  nTestCell = 44  nTrainCell = 42  nDiff = 2  (X,Y) = (1595, 2285)  Position Error = 255.196
TrainID = 1657  dbValue = 5.79123  nTestCell = 44  nTrainCell = 42  nDiff = 2  (X,Y) = (1585, 2285)  Position Error = 245.204
TrainID = 2579  dbValue = 5.9537  nTestCell = 44  nTrainCell = 42  nDiff = 2  (X,Y) = (1575, 2225)  Position Error = 240.26
TrainID = 2364  dbValue = 5.97167  nTestCell = 44  nTrainCell = 42  nDiff = 2  (X,Y) = (1605, 2275)  Position Error = 265
TrainID = 1628  dbValue = 5.98295  nTestCell = 44  nTrainCell = 42  nDiff = 2  (X,Y) = (1595, 2285)  Position Error = 255.196
