trainID = 203  0.2092  2.3407  0.49  3.4002  1.7599  1.1209  2.5068  0.1912  1.011  1.8473  1.026  1.727  1.7335  5.814  1.3584  0.9042  2.675  2.8717  0.9047  5.3752  0.5737  0.6611  0.4898  3.0768  11.7601  1.0809  11.5929  3.2366  2.2184  6.1337  0.804  3.1226  2.5034  3.8591  0.461  5.2429  3.11  0.2429  1.6457  2.063  0.042  1.9949  0.467  
trainID = 226  1.1772  1.218  0.943  1.4608  1.724  0.5698  0.9918  0.027  0.435  1.2334  1.156  1.151  4.0349  0.1152  0.8652  1.6892  0.7728  1.9671  1.4145  3.6286  0.9249  1.0408  1.5673  0.7635  0.9931  3.1298  4.4732  0.3443  1.4657  0.8469  1.9784  0.9966  0.6706  1.0683  0.462  3.0674  0.448  0.0418  0.5451  0.3799  2.6203  0.8852  1.121  1.087  1.7638  
trainID = 231  3.53  3.2942  1.0348  0.8678  2.0989  0.348  0.9008  0.579  0.947  8.0672  0.5552  2.1154  3.5605  6.4438  4.2076  1.7868  1.6742  3.926  0.5907  1.3491  0.1251  29.3202  11.1707  0.6791  0.9616  5.766  1.5165  0.447  4.9302  1.5641  7.0717  1.719  4.6787  5.7446  0.6409  2.3107  1.4207  2.6496  3.5386  0.981  1.548  1.0076  36.7526  
trainID = 274  1.791  3.4634  1.135  1.7757  1.116  1.935  2.2948  0.4567  1.347  0.6641  0.806  1.38  1.1481  4.2489  0.586  2.7382  2.0783  0.9253  0.9571  1.5614  1.9551  4.5452  0.7791  1.3594  1.4928  2.9084  0.1502  0.3719  1.1566  0.954  0.542  0.7926  2.2444  1.3305  2.6512  2.098  0.9746  1.6641  1.5016  1.382  2.031  1.6373  0.751  
trainID = 309  1.8382  1.7269  2.0638  0.2595  1.2166  1.452  3.0057  0.369  1.132  5.1642  3.1701  1.5822  0.331  4.8409  4.958  0.9437  5.4966  3.6878  1.8661  0.8159  3.2098  18.8276  2.6943  10.7074  3.6678  6.7567  3.0132  0.988  3.2035  0.5229  4.3878  0.817  4.3597  3.9788  1.2509  3.872  4.7645  2.4967  1.5199  0.513  0.721  5.4937  34.4124  
trainID = 375  0.007  1.8577  0.244  0.5438  1.3971  0.1914  0.3426  2.819  0.501  3.0854  1.006  0.7  3.1746  3.4819  1.6304  0.6921  2.2075  1.6822  0.386  2.5805  2.2358  2.5181  1.5891  1.6841  9.4062  1.8018  2.323  2.7104  1.7973  4.5507  1.56  2.6901  2.7836  31.0624  2.9072  0.3213  3.2749  5.1364  0.3061  1.2007  1.006  0.735  1.9707  
trainID = 469  2.9117  2.8641  3.236  1.4367  1.3094  2.0525  1.0588  1.7102  0.636  0.206  1.492  2.044  4.1763  3.8286  0.2929  2.6558  3.8074  0.8732  0.5176  3.0082  0.2851  1.6041  0.2816  1.8952  10.0602  2.7167  2.632  0.5276  1.3265  0.4026  1.902  2.7888  1.1047  30.7134  4.1045  0.2769  1.4018  5.3306  3.0082  0.1915  1.7815  0.8298  0.3596  34.2  
trainID = 505  2.8657  0.7539  0.5678  1.3208  3.252  1.8163  1.8941  1.166  1.407  8.4935  1.253  3.066  3.8209  5.777  1.1311  1.141  1.3394  4.4512  0.8451  1.9025  0.0251  27.3888  16.1698  1.6043  1.4058  4.5426  1.0295  0.825  6.2729  0.6041  6.1082  1.543  5.7047  5.7387  1.3735  2.1165  6.7888  0.2243  3.0347  1.165  0.159  4.4384  35.3628  
trainID = 870  0.6361  1.0063  3.3768  0.7898  3.1512  0.09  0.969  0.39  1.539  5.2571  2.3081  3.8724  2.9  3.9768  3.9793  0.3196  2.3758  3.654  0.169  0.868  0.0206  21.0437  5.9244  7.9746  3.3324  8.629  0.9854  1.32  4.3504  1.6295  3.4908  0.81  3.8077  6.5008  0.2624  2.4846  4.5344  0.1795  4.9007  4.4189  2.6  3.9008  34.2314  
trainID = 931  1.2144  3.9916  3.7168  0.9068  1.5429  3.195  3.0842  1.744  1.497  8.1933  2.3847  3.2321  2.3272  9.5163  4.6371  0.843  4.4941  3.6338  1.2649  1.1272  4.2812  20.1065  4.4523  11.4095  1.5643  12.0454  3.4685  0.066  8.1774  0.0923  4.2808  0.061  5.0517  7.2759  2.3151  2.5768  9.2621  2.8754  3.9583  3.4635  0.6031  5.3489  35.5099  
trainID = 969  1.1066  2.3074  0.163  0.1377  1.2497  2.1955  0.1675  1.2254  1.0902  1.0355  1.6675  0.919  1.88  6.0983  1.004  1.5702  0.0954  0.0417  1.7396  0.9888  2.3391  2.0512  0.9559  1.3189  1.2014  1.8406  5.5446  0.8591  2.839  3.3031  0.706  1.661  3.6323  0.3735  0.9591  2.0513  3.2126  2.6011  0.3522  1.268  1.508  2.7264  1.701  
trainID = 992  1.2412  2.7785  1.0968  3.4588  3.899  1.6514  1.7971  0.757  0.957  6.9612  2.4153  1.9046  2.8446  5.2806  4.5883  0.022  2.7486  3.3776  1.8137  1.5428  1.5443  21.8801  8.4566  3.7746  0.7271  5.0258  0.2739  2.179  6.4696  1.296  0.7684  1.001  5.2717  4.2513  2.7662  3.4837  4.3342  3.6916  1.8688  0.88  0.408  0.8358  36.4971  
trainID = 1189  0.5051  1.2004  3.223  1.0792  3.2697  1.2367  2.7268  0.6889  0.483  1.9386  2.0022  1.822  3.2577  1.6923  1.2356  0.8544  4.6945  1.0443  1.2652  3.6966  5.0322  0.2877  3.9262  0.1067  18.7005  8.0225  1.7435  2.3992  5.757  0.0776  0.514  3.1583  1.3994  3.1446  0.336  3.7977  3.2188  0.2132  2.0322  4.0608  1.0269  0.7827  0.304  0.5239  1.9756  33.1632  
TrainID = 226  dbValue = 1.31688  nTestCell = 46  nTrainCell = 45  nDiff = 1  (X,Y) = (1035, 2025)  Position Error = 48.8365
TrainID = 274  dbValue = 1.57398  nTestCell = 46  nTrainCell = 43  nDiff = 3  (X,Y) = (1055, 1965)  Position Error = 31.3847
TrainID = 969  dbValue = 1.66717  nTestCell = 46  nTrainCell = 43  nDiff = 3  (X,Y) = (1095, 1965)  Position Error = 70.0357
TrainID = 203  dbValue = 2.45696  nTestCell = 46  nTrainCell = 43  nDiff = 3  (X,Y) = (1165, 2045)  Position Error = 154.742
TrainID = 375  dbValue = 2.65351  nTestCell = 46  nTrainCell = 43  nDiff = 3  (X,Y) = (1105, 2035)  Position Error = 98.0051
TrainID = 1189  dbValue = 3.12219  nTestCell = 46  nTrainCell = 46  nDiff = 0  (X,Y) = (1075, 2105)  Position Error = 137.058
TrainID = 469  dbValue = 3.40551  nTestCell = 46  nTrainCell = 44  nDiff = 2  (X,Y) = (1095, 2055)  Position Error = 104.139
TrainID = 309  dbValue = 3.90927  nTestCell = 46  nTrainCell = 43  nDiff = 3  (X,Y) = (1135, 2135)  Position Error = 191.951
TrainID = 992  dbValue = 3.92607  nTestCell = 46  nTrainCell = 43  nDiff = 3  (X,Y) = (1095, 2155)  Position Error = 190.906
TrainID = 870  dbValue = 3.92931  nTestCell = 46  nTrainCell = 43  nDiff = 3  (X,Y) = (1115, 2155)  Position Error = 199.01
TrainID = 231  dbValue = 4.05631  nTestCell = 46  nTrainCell = 43  nDiff = 3  (X,Y) = (1045, 2185)  Position Error = 208.866
TrainID = 505  dbValue = 4.23  nTestCell = 46  nTrainCell = 43  nDiff = 3  (X,Y) = (1045, 2155)  Position Error = 179.011
TrainID = 931  dbValue = 4.90215  nTestCell = 46  nTrainCell = 43  nDiff = 3  (X,Y) = (1125, 2225)  Position Error = 267.03
