trainID = 305  2.1741  0.8199  1.762  1.95  3.6327  0.853  0.65  1.5372  1.4559  0.4022  2.2559  0.127  0.1555  1.0208  4.2178  1.8575  3.4742  3.3036  1.4914  1.9068  0.2375  0.6387  0.8867  1.4795  1.6932  2.6394  0.5069  1.5543  0.025  0.4462  1.3342  3.4144  0.9953  0.3479  0.9249  0.8624  0.6916  1.0421  3.1113  0.3066  2.6237  0.54  0.8322  
trainID = 341  1.374  0.327  1.678  0.265  2.2604  0.183  0.742  2.7627  1.0225  0.1755  1.7797  2.8373  1.6827  1.8405  5.1684  1.5449  4.3039  2.2386  0.1733  1.0756  1.1032  2.401  2.4913  2.3059  4.7654  1.963  1.1412  1.9484  0.4966  3.3158  2.3237  0.4892  1.8708  2.2131  0.9658  0.2661  4.0659  0.29  5.3403  1.8129  0.691  1.3981  3.1576  
trainID = 362  1.8824  2.7388  1.613  2.7799  2.0844  1.1483  1.096  1.0849  6.9925  1.1284  5.9506  5.2891  0.4228  4.1047  0.2337  3.5636  2.2942  2.8636  0.3225  4.7796  1.5358  4.6934  9.9234  1.6031  18.1318  1.1998  2.4367  4.8778  5.2037  4.5242  6.3213  3.8523  2.6195  6.198  2.6359  0.7911  0.9825  0.893  6.7953  4.3702  1.154  2.888  2.1169  
trainID = 429  1.1503  1.0643  2.9131  1.67  0.3539  0.913  0.483  0.9713  0.5959  1.2826  5.116  2.5301  0.5221  1.813  3.4047  0.8733  6.2919  1.1816  0.2039  0.1088  0.2928  0.5168  2.1805  0.9805  8.0148  0.4656  1.1085  0.1843  2.771  0.6805  3.5542  3.519  0.1867  2.896  0.9303  1.3303  2.6651  2.9694  4.4633  0.1434  4.5367  1.443  0.4427  
trainID = 454  1.127  0.4663  0.136  2.8896  0.4274  0.615  0.733  0.7158  0.0825  0.0425  3.292  0.3534  2.4314  0.9958  3.3388  1.6263  2.9823  2.0616  0.986  0.7027  0.5979  0.9122  0.2466  0.9544  5.9738  0.7108  0.1575  2.1413  1.903  3.2345  0.7145  5.1003  0.7172  0.9096  0.0981  1.8362  2.012  1.9551  2.5943  3.0606  0.604  0.655  0.9528  
trainID = 507  2.1745  3.8714  0.981  1.475  4.5796  1.9887  1.6  0.4159  7.3385  0.7552  7.2373  4.2144  1.0585  2.4435  1.9594  3.1558  4.4849  3.0486  3.0144  2.1443  3.6714  6.3164  12.4056  3.9488  22.0335  2.4432  2.9415  4.7197  1.344  4.4392  5.1644  2.4619  1.3908  8.8001  0.1787  0.1777  3.4949  2.9332  4.0363  5.0097  0.315  2.0472  1.6803  
trainID = 527  1.0982  0.2336  2.226  1.325  0.8683  0.789  1.7133  0.4328  0.7786  1.0293  1.5058  0.888  1.3891  3.6871  0.5201  2.153  0.5892  2.1807  1.8942  0.4586  0.3364  1.472  1.99  3.1058  0.3003  0.503  1.3949  1.6972  0.4336  2.1242  0.9993  1.2879  0.5814  1.2545  0.0562  0.3684  0.3048  1.7554  1.2925  2.0361  1.847  0.6383  
trainID = 543  2.8036  1.9711  0.855  0.12  2.0381  1.2641  0.401  2.9756  0.5704  0.4812  4.9732  0.2158  0.2334  0.1117  2.0724  3.7067  4.2642  2.3496  2.0224  0.2224  3.3922  2.595  1.0292  1.6185  9.0192  0.5069  0.1303  1.555  1.0388  3.5523  6.1149  0.4773  0.6296  1.3145  2.1919  1.0353  1.0595  3.1149  2.7463  4.3611  0.491  0.697  2.5999  
trainID = 622  3.3945  2.9596  1.653  2.255  1.0815  1.422  0.8183  2.0907  1.5032  2.8733  1.7542  0.2134  0.2787  3.9056  0.9635  2.7303  1.4196  1.1824  1.3019  0.0169  0.2985  2.1463  4.4866  3.1726  2.3258  5.2811  1.5093  0.3314  0.9564  1.4463  0.2676  2.3364  0.3494  0.7749  0.5248  1.2836  0.7042  2.7003  1.0643  1.9216  0.821  0.8847  
trainID = 631  0.318  2.1152  1.2602  1.194  1.0525  0.2589  0.0182  1.8869  5.3993  2.6363  2.8531  4.3957  2.018  6.0331  2.0556  0.6661  0.3826  0.6388  2.7416  0.5632  6.4022  3.592  2.6545  0.8079  2.4682  2.708  0.9604  2.3157  4.482  3.1997  1.8493  1.9476  2.3557  1.6856  1.0477  0.1942  4.1933  0.0946  0.982  1.028  0.8636  
trainID = 945  4.2433  3.6911  1.104  5.0009  0.4711  0.431  2.16  3.2368  3.8804  0.3779  10.4225  4.4898  0.4676  1.874  0.5882  1.8421  4.7126  2.2976  2.1194  2.8482  4.5157  5.2703  10.9755  6.1746  17.956  1.4149  1.3798  4.3313  0.7343  4.9472  5.6826  2.4204  2.4952  6.262  1.5778  0.8204  0.8455  2.3097  4.2483  6.5172  0.605  0.094  2.8982  
trainID = 951  1.6032  4.5025  2.9974  0.702  0.6684  1.7499  0.2189  4.6476  1.325  8.4644  2.1868  1.7972  0.1692  3.1361  1.291  5.4987  1.9476  1.0524  1.1288  2.9454  3.4863  3.5861  1.5963  11.306  0.0633  0.4683  2.076  1.3852  2.449  1.7538  0.9118  2.3863  5.3673  0.6174  0.6935  2.1795  0.665  3.5553  1.1174  0.878  0.755  3.3889  
trainID = 1014  1.34  0.9716  0.427  1.23  1.4025  1.425  0.906  3.249  1.836  0.355  3.7144  0.1625  0.4044  2.5898  4.2024  1.3126  3.0447  0.3317  0.8555  0.2331  0.2319  1.0772  2.631  1.9824  8.2273  1.8464  0.8988  2.1652  3.467  3.5841  3.4341  4.7657  2.7868  3.8214  1.1688  0.2076  1.3706  1.3007  0.1285  3.2363  0.5925  0.203  0.375  0.3941  
trainID = 1118  1.6126  3.6076  0.297  1.906  0.7934  0.18  3.046  1.8104  5.3341  1.7292  11.4802  2.3213  1.3973  1.6416  0.2812  2.2833  6.0064  3.4706  3.0994  3.1356  3.0679  8.8425  10.928  2.1734  24.1682  1.2072  2.3655  4.4005  1.5316  5.3842  5.4648  2.0772  4.1959  7.4049  3.1238  0.4351  1.6946  1.5978  2.4029  3.5276  3.9818  0.84  3.2932  
trainID = 1159  0.6289  3.4674  0.767  2.8235  2.422  2.3359  1.108  3.2024  1.6648  2.3456  6.4961  0.2666  0.945  0.1626  3.2774  2.1093  4.5628  1.0901  3.4524  3.3799  2.1151  3.2525  2.6651  2.3742  11.6816  1.9504  2.3744  1.7918  1.166  0.4498  4.6242  3.4973  0.8354  1.5118  4.4693  1.339  1.0432  0.1552  0.4729  6.5003  0.9196  1.8803  1.425  1.055  
trainID = 1282  2.2081  1.082  2.149  2.032  0.9242  3.1895  2.967  1.3903  0.2254  2.433  9.4043  1.8952  1.9305  1.2966  2.4976  0.065  7.6084  2.3046  3.2634  0.2099  3.0667  2.906  3.6638  1.0026  11.1234  0.0275  1.71  2.6271  2.3264  3.5292  1.4971  1.1141  0.3006  5.3081  1.1819  1.4377  2.0831  0.6373  4.0433  3.0166  1.161  0.015  0.4961  
trainID = 1314  3.2316  3.5108  0.027  0.047  2.4169  1.047  2.174  3.4502  2.9329  0.7752  8.6871  3.7582  0.9547  2.6923  1.0786  3.2653  6.4497  0.6565  3.3244  0.4404  2.1626  2.7058  5.5735  4.333  13.2987  0.9303  1.2614  1.6497  0.8361  2.0167  2.8756  2.5183  1.1126  6.5766  1.1324  1.0358  0.6681  0.5847  3.7953  3.9221  0.44  2.121  3.6459  
trainID = 1331  3.2745  3.8497  1.276  3.0739  0.2508  1.2293  0.246  1.9102  1.7506  3.6989  11.2998  3.7404  0.4108  0.8635  4.0455  0.0887  5.2157  2.2846  3.0944  1.56  3.735  1.1991  4.3978  2.5137  13.6769  0.1045  0.0871  2.1392  1.4282  1.9538  3.744  1.6855  2.4875  5.2847  2.2384  0.5166  1.7619  0.069  2.9243  3.4748  0.171  0.595  1.2861  
trainID = 1399  2.3663  1.1574  0.211  2.7621  0.3572  0.04  0.135  4.6232  0.3923  0.4975  8.1967  3.4687  1.1069  1.7472  4.0205  1.9213  5.7658  0.9463  1.0804  2.5451  3.3123  1.8204  4.1134  0.0479  10.7073  1.095  0.36  1.895  0.0213  2.9391  5.3599  1.5569  0.7293  4.9352  0.8793  0.3674  1.5981  1.9935  5.1423  2.0341  1.9463  1.738  0.482  
trainID = 1522  0.0457  3.1171  1.802  3.501  2.8737  2.2017  2.409  1.2342  5.3341  1.6832  7.8813  3.4092  1.9417  1.2164  1.5391  1.9257  5.8504  2.0106  3.0804  2.7278  5.9824  4.976  3.4908  5.7389  12.4231  1.1435  0.8558  1.4679  0.7766  4.3182  6.7866  3.26  3.5111  5.3603  0.2909  0.7865  1.5374  1.7471  2.8043  3.0381  0.239  0.835  2.039  
trainID = 1527  0.9707  1.5793  2.8271  1.52  0.4603  2.5988  1.205  3.7366  1.6791  2.3613  7.8756  1.2046  0.7095  1.8744  3.777  3.0842  4.2199  1.4106  0.375  0.6401  1.1203  3.6529  2.6382  0.2023  10.2202  2.3702  0.3688  2.6477  1.904  0.8451  2.199  4.138  1.9962  0.6063  2.4648  1.4524  1.0892  0.9667  1.2883  4.2233  1.6063  1.469  0.696  2.7024  
trainID = 1564  0.5991  2.8416  2.6014  0.778  0.2586  0.704  2.482  4.3049  5.1538  0.0256  11.6201  2.6966  1.2713  1.717  1.5226  3.0351  7.1115  1.3386  2.9924  0.3799  0.6019  1.8551  5.632  2.5546  16.3793  1.6472  0.2131  4.8404  0.6888  2.8886  2.6801  0.6328  1.1873  5.2604  0.0201  1.131  0.32  0.3841  3.0323  3.5966  1.127  0.593  4.6289  
trainID = 1615  1.3398  3.8343  0.056  2.6666  0.0853  0.551  1.298  0.9559  3.5212  1.5342  8.9106  4.2586  4.0731  3.5116  2.4833  1.9677  5.7695  3.4746  2.3564  3.9703  5.1361  5.5008  11.9442  12.8985  14.2269  0.1793  1.3228  4.2076  2.7603  3.038  7.1577  2.8771  0.9393  8.119  0.2664  1.41  1.1049  3.2342  3.8823  3.8264  1.325  1.2736  0.8  
trainID = 1623  1.846  1.8094  0.973  1.563  0.9007  2.5526  2.6172  6.55  9.2101  3.9462  1.1079  1.7586  0.0586  7.2851  2.8286  2.8314  5.3276  5.7763  5.1204  6.1991  13.7523  0.5532  3.4052  6.4338  0.6323  3.421  2.46  2.0219  8.2887  9.6046  0.8807  6.5509  3.8419  3.5659  4.6798  4.3921  3.4893  4.608  4.2106  2.5937  1.9457  
trainID = 1710  1.1965  2.8015  1.388  1.216  0.4201  0.531  3.6652  0.11  1.9887  4.3735  1.9424  1.4311  1.3703  3.5748  0.9772  5.9275  2.1096  2.5124  0.4919  1.1299  2.7724  2.9756  3.2964  7.7789  2.2322  1.945  0.8787  0.0641  2.5026  3.0222  2.2682  2.3545  2.5042  0.9634  3.0566  0.5496  1.5093  4.5643  2.1515  0.982  0.446  0.576  
trainID = 1763  0.7131  5.8932  1.659  3.9638  3.2452  1.494  3.339  2.6647  0.6675  0.8032  9.8315  5.1283  2.3192  3.1954  2.8838  4.9968  6.7278  1.2246  3.4964  2.363  4.01  4.5518  10.2057  5.5286  15.5807  2.1243  2.2948  4.5394  2.3775  3.502  7.5017  2.2127  2.297  5.7178  0.8575  3.0182  2.8069  0.4129  7.1833  4.0396  1.7303  2.23  2.1783  
trainID = 1861  2.0929  2.5327  0.8  1.395  1.3998  1.021  1.3889  0.325  1.3572  3.7872  2.2673  1.1165  0.6835  2.0937  0.355  5.6525  1.3146  0.465  2.3596  0.2148  3.2893  2.0694  1.6798  3.5452  1.1856  2.2916  0.7128  0.0131  1.6924  2.8215  0.0791  1.7872  4.7887  0.5436  0.1166  0.064  1.831  2.5563  1.7912  0.022  1.3272  1.8771  
trainID = 1891  3.4233  0.835  3.4244  2.9747  0.1682  0.493  0.409  3.0807  2.4031  1.8791  8.3017  0.0821  2.2371  2.464  4.6633  0.1816  5.2983  1.3766  2.5134  0.2871  0.1216  1.4849  1.0716  10.4941  11.7702  0.485  1.654  2.2061  3.689  3.5095  3.1191  1.3665  0.9762  3.3557  4.0804  0.4118  0.9664  2.0295  0.816  0.759  2.3844  
trainID = 1902  0.4668  2.311  0.267  0.404  1.8699  0.051  0.263  1.0417  2.4698  0.8192  5.2508  1.3556  0.5202  1.1035  5.0434  0.3382  3.7448  1.0026  0.2118  5.6516  3.0961  2.4189  6.5472  7.1084  1.7453  0.1605  1.3861  0.9803  0.4848  0.3196  5.0889  2.2053  0.0664  0.8817  0.0949  2.2495  0.0403  1.7717  1.5791  0.6368  2.2285  0.398  2.3717  
trainID = 1917  0.242  1.546  0.379  0.589  1.9823  2.4619  3.3872  6.9208  5.1027  1.9498  1.2133  2.8138  0.0851  6.9311  1.5366  0.042  3.4424  3.8419  5.6863  9.434  14.1001  1.3003  0.5864  3.504  2.2682  3.382  1.695  2.3042  6.9556  5.4621  2.0942  6.8564  0.688  0.9122  0.7369  4.7799  4.4613  2.0153  1.614  1.2842  0.4019  
trainID = 1961  0.0488  2.6588  2.9632  1.336  0.9859  1.251  0.301  3.4579  2.4834  0.3984  7.5375  2.6878  0.9223  1.7386  2.2882  1.7065  2.5231  2.6216  2.3974  0.5391  1.2716  0.8242  2.1467  0.4242  9.2491  1.0048  1.5859  1.7816  0.4  2.6404  3.9069  0.7208  0.5824  4.3332  0.6619  0.4144  2.6244  0.5252  2.7933  1.5303  2.3591  1.419  1.4185  
trainID = 2039  0.2055  2.0386  1.725  1.057  0.9964  0.31  2.228  1.8892  2.3428  0.8292  6.7412  2.6367  0.7866  1.1488  3.35  1.5004  4.7997  1.9936  2.2174  0.622  0.4489  0.8661  3.1949  2.5198  11.1007  1.7039  0.0656  1.5772  3.1178  2.6296  2.4437  0.1162  0.1196  0.8985  0.8889  0.3676  0.9105  3.2749  3.2273  2.4565  0.217  1.193  1.6297  
trainID = 2203  1.1279  5.9975  1.932  2.6944  1.2093  0.084  0.511  2.9021  2.4849  0.4482  8.3629  0.4382  0.6264  3.3346  2.7671  3.8102  4.9458  0.2509  0.8396  2.4975  5.0001  4.8263  4.7865  0.64  13.605  1.3897  0.0504  3.6889  1.5231  5.9852  6.1926  1.8142  0.1978  4.2767  4.4727  1.1655  1.0159  3.1623  2.5463  3.5219  0.863  1.8042  1.1032  
trainID = 2357  1.2344  4.3241  3.4059  0.652  0.11  0.117  2.1934  1.4509  0.5264  7.6705  1.3271  0.7199  1.785  2.6754  0.7957  2.1326  1.5626  0.4007  3.437  1.9838  2.7991  5.0711  1.5024  9.9494  1.004  0.0228  1.0413  3.657  1.5091  1.8459  3.7212  0.3751  0.5991  5.6966  0.1771  1.2227  1.3176  1.3818  6.3393  3.4024  2.385  0.752  3.1604  
trainID = 2578  0.9645  5.9938  0.199  2.4727  0.8714  0.106  1.503  1.287  4.829  0.0151  10.3112  6.2818  1.0749  1.2747  2.0164  1.9515  8.0495  3.5116  3.0754  4.9509  6.7135  4.8603  18.2491  23.3703  15.9226  2.159  1.7721  4.376  1.3153  4.9202  7.5237  6.1672  0.1319  9.6522  1.7663  2.8023  0.576  3.0158  3.3863  2.833  1.043  0.767  0.9282  
trainID = 2619  0.5075  2.5987  0.957  0.38  1.863  0.786  0.028  0.0129  0.2203  3.0166  4.3649  2.3916  1.7242  0.336  2.786  0.1127  2.3365  0.7088  1.4104  0.026  1.5665  1.8602  1.474  1.4151  4.3602  2.3286  1.4565  0.4913  1.9445  1.8579  3.3503  1.3585  1.1423  2.6145  0.3736  0.12  0.1186  1.556  3.6243  0.8309  0.561  1.709  0.4404  
trainID = 2636  1.2565  1.7924  2.478  1.39  0.9283  0.658  1.445  1.7398  4.9974  0.9274  8.3344  4.4101  0.173  2.7161  0.5156  0.6057  3.9064  0.8856  1.9964  3.5238  4.9937  4.8116  10.2297  1.5088  20.4962  0.7853  0.4245  4.3739  2.6292  1.7856  4.5042  1.1602  3.4537  5.5186  3.4165  1.2278  1.2176  0.6064  3.1681  1.43  1.3519  2.5558  
trainID = 2650  0.0561  2.4109  1.385  2.8394  1.0897  1.378  2.8209  1.3415  2.6157  3.7566  3.8979  3.2755  1.1763  2.0665  0.4319  6.0198  0.6392  2.9784  1.7032  2.8417  2.6283  2.0512  3.5244  9.1205  2.5854  1.7049  3.9081  3.6075  4.5402  2.9179  2.2299  0.7853  4.9617  2.2316  0.3963  0.1459  0.6621  4.6143  0.9015  2.2027  0.098  0.906  
trainID = 2653  0.0581  1.0058  1.916  1.225  0.5134  0.731  2.833  1.6961  1.0422  0.6542  7.5789  0.8308  0.0755  1.1294  1.1256  0.3108  4.3761  1.9396  2.4424  2.4377  1.4606  2.2861  1.2092  2.5577  10.1396  1.1064  0.256  1.674  0.655  0.7404  3.1843  0.2975  3.1065  0.3347  2.7516  1.161  0.5936  0.2516  1.8178  3.7143  2.4213  0.333  2.2874  3.2231  
trainID = 2655  0.9238  1.1068  0.709  1.634  1.7789  1.3989  0.558  2.7001  1.7919  2.2835  5.8267  0.6795  0.7802  1.4711  3.958  2.7247  4.7468  0.6122  0.3082  0.7062  0.8099  4.2657  2.4212  3.5322  10.0245  0.2536  0.1348  1.7404  2.0022  3.3954  1.8256  3.8434  1.5783  4.2519  0.884  0.5942  0.1754  0.4962  5.3983  0.5774  0.493  1.117  2.517  
trainID = 2670  0.2116  3.4196  1.163  2.4208  0.7308  2.7844  1.47  2.6782  1.7932  2.1483  7.5416  1.2162  0.265  1.1415  2.9181  0.1822  5.7224  1.4206  0.2737  0.6052  3.6195  1.9629  2.9031  4.141  9.0482  0.9623  1.7031  0.519  1.1122  0.0524  3.6149  0.6589  1.2542  4.5755  0.6464  1.3432  2.2372  0.9296  3.5723  0.8741  2.278  1.3788  0.3563  
trainID = 2769  1.2475  3.4971  0.635  2.6507  0.8712  0.521  0.237  3.8253  2.3529  3.043  8.2735  0.5925  1.1886  1.1173  2.5175  0.5175  3.3094  0.4609  3.0394  1.488  3.0647  2.9551  3.6512  0.2586  9.1596  2.5489  2.3509  2.03  1.8126  4.1222  5.0455  0.7331  1.4498  4.9948  0.8443  0.6932  1.6136  1.1876  3.2653  2.9186  0.274  2.288  0.4781  
trainID = 2785  1.2951  5.3506  0.248  2.207  1.4888  0.157  1.1765  0.9304  0.5753  4.9364  3.3929  1.3534  0.7383  2.9277  1.4593  4.5622  1.4666  0.0868  2.1047  1.2864  3.044  0.0308  7.2314  0.4802  1.8297  1.1844  1.2415  0.3791  1.2067  7.7457  1.6636  0.9043  1.5432  0.9227  1.1183  0.4389  3.2406  3.2483  1.424  1.251  1.4284  1.1847  
trainID = 2797  1.041  2.3186  0.132  0.034  0.8625  0.0106  2.0822  3.2665  3.7229  2.2765  1.7154  4.7772  0.3006  6.6946  2.4906  1.7024  2.329  3.1069  2.183  2.4419  8.5222  3.089  0.1737  3.6486  2.5085  1.85  0.186  2.9436  6.9743  7.0353  3.2691  4.0728  4.0955  3.2163  0.6359  3.7207  2.0964  2.2134  1.411  1.6357  1.476  
trainID = 2835  2.7998  5.1248  3.2848  3.8854  1.1111  0.137  4.653  2.2819  3.2755  0.0586  7.9026  5.9798  0.0224  2.4455  3.6137  0.7525  5.7154  1.3606  2.3354  2.7776  2.605  4.2636  2.8024  1.1844  16.8344  0.4815  0.2928  3.3832  2.7322  2.5211  2.7301  0.2219  0.4542  4.8126  1.527  3.2321  0.9431  0.0783  4.0383  4.0099  0.461  0.1  2.5288  
trainID = 2873  1.0487  4.5629  2.15  1.206  0.9081  0.229  0.061  0.5161  2.0916  0.1364  7.8117  4.2296  1.0963  0.2545  4.7423  2.3455  1.647  0.4874  2.3914  1.765  2.1052  2.253  1.5687  8.1336  2.4236  0.169  0.966  1.2329  1.1233  4.0462  6.921  2.5518  0.2454  5.4357  0.7609  1.2649  2.7799  3.179  2.8843  3.8824  2.4395  2.8195  0.165  
trainID = 2882  1.5099  2.5821  0.424  0.883  2.777  0.36  1.642  1.1537  4.2354  2.0299  6.5937  5.8142  0.2327  0.2262  2.7378  2.1304  4.9535  5.1936  1.6224  2.5363  2.7117  6.303  7.113  10.2735  5.6113  0.2356  1.9772  0.0435  0.1686  3.4239  6.4294  6.0044  1.4239  5.3323  2.4265  1.3065  1.3913  1.634  3.7913  4.9704  3.5902  2.2418  1.9146  
trainID = 2935  1.0962  2.8121  0.909  2.132  0.3509  0.007  1.755  2.8722  5.3571  0.6512  8.729  3.4263  1.7049  2.0158  1.4948  3.3712  4.6854  2.0366  2.7334  3.1194  4.7705  1.8808  8.1695  6.6514  13.451  1.0381  1.2891  1.5864  0.4824  4.0128  4.7669  1.3307  1.5553  4.5928  3.5991  0.0816  2.0639  1.4187  3.9093  0.2486  2.013  2.2117  2.7605  
trainID = 2960  0.0813  3.097  2.208  1.091  0.3104  0.274  0.332  2.1059  1.344  1.627  6.6466  2.1927  2.2593  3.4238  1.6411  0.3371  5.0119  0.1002  0.7309  1.7246  0.5638  0.041  3.3888  0.4288  9.1955  0.6956  1.532  1.856  0.6679  0.522  2.9472  0.4944  0.308  4.8072  2.714  1.6407  2.0234  1.6548  5.2763  0.5276  0.3  2.728  0.4554  
trainID = 2979  0.7341  2.6259  2.5158  1.87  1.4978  0.152  0.681  0.6872  0.2127  0.1512  3.4755  1.606  0.7141  2.9782  2.4629  0.1033  5.3948  2.0486  0.8609  3.0165  0.5588  1.6086  4.669  2.4894  4.009  0.726  1.6446  0.7873  0.1694  1.022  2.545  0.4145  1.2802  1.3229  1.2717  0.7833  1.0515  0.6936  3.3703  2.3993  3.9944  0.537  2.6251  
TrainID = 527  dbValue = 1.22712  nTestCell = 44  nTrainCell = 42  nDiff = 2  (X,Y) = (1015, 1825)  Position Error = 48.0416
TrainID = 305  dbValue = 1.44608  nTestCell = 44  nTrainCell = 43  nDiff = 1  (X,Y) = (1035, 1805)  Position Error = 35.609
TrainID = 2619  dbValue = 1.46794  nTestCell = 44  nTrainCell = 43  nDiff = 1  (X,Y) = (1075, 1775)  Position Error = 62.0322
TrainID = 454  dbValue = 1.48947  nTestCell = 44  nTrainCell = 43  nDiff = 1  (X,Y) = (1035, 1725)  Position Error = 56.4624
TrainID = 1861  dbValue = 1.63588  nTestCell = 44  nTrainCell = 42  nDiff = 2  (X,Y) = (1065, 1795)  Position Error = 55.0273
TrainID = 622  dbValue = 1.65249  nTestCell = 44  nTrainCell = 42  nDiff = 2  (X,Y) = (1065, 1815)  Position Error = 64.405
TrainID = 2979  dbValue = 1.71538  nTestCell = 44  nTrainCell = 43  nDiff = 1  (X,Y) = (1085, 1785)  Position Error = 72.4431
TrainID = 1902  dbValue = 1.81502  nTestCell = 44  nTrainCell = 43  nDiff = 1  (X,Y) = (1145, 1795)  Position Error = 133.222
TrainID = 1014  dbValue = 1.81567  nTestCell = 44  nTrainCell = 44  nDiff = 0  (X,Y) = (1065, 1715)  Position Error = 80.9197
TrainID = 2653  dbValue = 1.85192  nTestCell = 44  nTrainCell = 44  nDiff = 0  (X,Y) = (1095, 1705)  Position Error = 109.124
TrainID = 429  dbValue = 1.85391  nTestCell = 44  nTrainCell = 43  nDiff = 1  (X,Y) = (1065, 1725)  Position Error = 73.5391
TrainID = 341  dbValue = 1.86631  nTestCell = 44  nTrainCell = 43  nDiff = 1  (X,Y) = (1075, 1755)  Position Error = 65.7875
TrainID = 2960  dbValue = 1.89087  nTestCell = 44  nTrainCell = 43  nDiff = 1  (X,Y) = (1095, 1715)  Position Error = 102.801
TrainID = 2785  dbValue = 1.91631  nTestCell = 44  nTrainCell = 42  nDiff = 2  (X,Y) = (1085, 1815)  Position Error = 81.4125
TrainID = 2039  dbValue = 1.96247  nTestCell = 44  nTrainCell = 43  nDiff = 1  (X,Y) = (1095, 1725)  Position Error = 97.0979
TrainID = 543  dbValue = 1.97494  nTestCell = 44  nTrainCell = 43  nDiff = 1  (X,Y) = (1085, 1745)  Position Error = 78.7909
TrainID = 1961  dbValue = 1.98754  nTestCell = 44  nTrainCell = 43  nDiff = 1  (X,Y) = (1115, 1735)  Position Error = 110.309
TrainID = 631  dbValue = 2.05657  nTestCell = 44  nTrainCell = 41  nDiff = 3  (X,Y) = (1085, 1835)  Position Error = 92.4554
TrainID = 2655  dbValue = 2.07047  nTestCell = 44  nTrainCell = 43  nDiff = 1  (X,Y) = (1065, 1705)  Position Error = 88.8144
TrainID = 2670  dbValue = 2.08952  nTestCell = 44  nTrainCell = 43  nDiff = 1  (X,Y) = (1115, 1745)  Position Error = 106.902
TrainID = 1710  dbValue = 2.10836  nTestCell = 44  nTrainCell = 42  nDiff = 2  (X,Y) = (1085, 1755)  Position Error = 75.2861
TrainID = 1527  dbValue = 2.20402  nTestCell = 44  nTrainCell = 44  nDiff = 0  (X,Y) = (1095, 1715)  Position Error = 102.801
TrainID = 2357  dbValue = 2.26597  nTestCell = 44  nTrainCell = 43  nDiff = 1  (X,Y) = (1105, 1715)  Position Error = 110.941
TrainID = 1399  dbValue = 2.28872  nTestCell = 44  nTrainCell = 43  nDiff = 1  (X,Y) = (1115, 1715)  Position Error = 119.365
TrainID = 2873  dbValue = 2.30305  nTestCell = 44  nTrainCell = 43  nDiff = 1  (X,Y) = (1125, 1795)  Position Error = 113.437
TrainID = 2769  dbValue = 2.30523  nTestCell = 44  nTrainCell = 43  nDiff = 1  (X,Y) = (1095, 1725)  Position Error = 97.0979
TrainID = 951  dbValue = 2.35043  nTestCell = 44  nTrainCell = 42  nDiff = 2  (X,Y) = (1125, 1705)  Position Error = 133.147
TrainID = 1282  dbValue = 2.4035  nTestCell = 44  nTrainCell = 43  nDiff = 1  (X,Y) = (1115, 1705)  Position Error = 124.852
TrainID = 1159  dbValue = 2.41039  nTestCell = 44  nTrainCell = 44  nDiff = 0  (X,Y) = (1105, 1705)  Position Error = 116.825
TrainID = 2650  dbValue = 2.41543  nTestCell = 44  nTrainCell = 42  nDiff = 2  (X,Y) = (1115, 1735)  Position Error = 110.309
TrainID = 1891  dbValue = 2.51821  nTestCell = 44  nTrainCell = 41  nDiff = 3  (X,Y) = (1065, 1645)  Position Error = 141.873
TrainID = 1331  dbValue = 2.57296  nTestCell = 44  nTrainCell = 43  nDiff = 1  (X,Y) = (1125, 1705)  Position Error = 133.147
TrainID = 2797  dbValue = 2.64055  nTestCell = 44  nTrainCell = 41  nDiff = 3  (X,Y) = (1145, 1865)  Position Error = 158.644
TrainID = 1564  dbValue = 2.68206  nTestCell = 44  nTrainCell = 43  nDiff = 1  (X,Y) = (1145, 1705)  Position Error = 150.36
TrainID = 1314  dbValue = 2.70037  nTestCell = 44  nTrainCell = 43  nDiff = 1  (X,Y) = (1145, 1735)  Position Error = 138.521
TrainID = 2203  dbValue = 2.81153  nTestCell = 44  nTrainCell = 43  nDiff = 1  (X,Y) = (1135, 1715)  Position Error = 136.85
TrainID = 2835  dbValue = 2.83152  nTestCell = 44  nTrainCell = 43  nDiff = 1  (X,Y) = (1145, 1705)  Position Error = 150.36
TrainID = 2935  dbValue = 2.91032  nTestCell = 44  nTrainCell = 43  nDiff = 1  (X,Y) = (1165, 1745)  Position Error = 155.332
TrainID = 1522  dbValue = 3.00448  nTestCell = 44  nTrainCell = 43  nDiff = 1  (X,Y) = (1145, 1745)  Position Error = 135.823
TrainID = 2636  dbValue = 3.00784  nTestCell = 44  nTrainCell = 42  nDiff = 2  (X,Y) = (1195, 1705)  Position Error = 195.724
TrainID = 2882  dbValue = 3.02223  nTestCell = 44  nTrainCell = 43  nDiff = 1  (X,Y) = (1155, 1775)  Position Error = 142.014
TrainID = 1917  dbValue = 3.0973  nTestCell = 44  nTrainCell = 41  nDiff = 3  (X,Y) = (1195, 1805)  Position Error = 184.141
TrainID = 362  dbValue = 3.44467  nTestCell = 44  nTrainCell = 43  nDiff = 1  (X,Y) = (1185, 1715)  Position Error = 182.833
TrainID = 945  dbValue = 3.50545  nTestCell = 44  nTrainCell = 43  nDiff = 1  (X,Y) = (1185, 1725)  Position Error = 179.689
TrainID = 1615  dbValue = 3.58252  nTestCell = 44  nTrainCell = 43  nDiff = 1  (X,Y) = (1205, 1755)  Position Error = 193.256
TrainID = 1118  dbValue = 3.71027  nTestCell = 44  nTrainCell = 43  nDiff = 1  (X,Y) = (1205, 1715)  Position Error = 201.762
TrainID = 507  dbValue = 3.71847  nTestCell = 44  nTrainCell = 43  nDiff = 1  (X,Y) = (1205, 1725)  Position Error = 198.917
TrainID = 1763  dbValue = 3.80257  nTestCell = 44  nTrainCell = 43  nDiff = 1  (X,Y) = (1185, 1735)  Position Error = 177.054
TrainID = 1623  dbValue = 3.9413  nTestCell = 44  nTrainCell = 41  nDiff = 3  (X,Y) = (1245, 1855)  Position Error = 244.761
TrainID = 2578  dbValue = 4.30211  nTestCell = 44  nTrainCell = 43  nDiff = 1  (X,Y) = (1235, 1745)  Position Error = 224.294
