trainID = 146  3.7105  2.074  3.93  32.7805  1.6408  7.8246  1.333  10.808  2.0518  1.7459  2.124  3.866  6.1008  2.7174  3.4957  3.0744  3.5846  3.0413  7.096  17.0766  14.5433  15.4806  3.1945  2.4047  4.5135  4.7684  4.4214  3.1859  6.3635  3.6611  7.9179  1.6058  3.5557  3.9654  2.7906  5.0644  5.1611  1.34  0.83  1.6578  3.792  
trainID = 358  3.14  0.3558  0.7066  3.4638  1.6992  0.4627  0.6509  0.3381  1.1038  2.1141  1.4603  1.7427  3.1204  3.6976  0.7744  0.731  3.1867  1.8688  3.7759  1.9061  1.9948  3.7631  1.157  0.5016  0.3  0.7389  0.3279  2.0506  1.6477  2.1328  4.0219  0.3854  0.4033  0.8419  0.7277  0.0772  2.6513  0.6975  2.153  
trainID = 361  0.3163  2.7036  0.047  31.0046  1.215  1.5674  2.3811  2.1209  4.1954  2.1367  0.9806  0.9654  0.9715  0.4415  3.1477  2.9104  2.6877  1.0571  0.5702  2.0509  3.3999  6.1151  0.3916  1.9372  0.2098  0.5144  1.8253  1.5171  2.6097  0.5551  0.4351  2.2608  2.3294  1.1818  0.1135  4.1754  3.3426  0.906  2.7897  0.9328  
trainID = 395  0.8872  1.3564  2.143  31.5564  0.0455  6.917  2.5677  5.9614  0.8376  0.0686  3.9812  0.3401  3.1792  1.8125  3.1187  2.5174  3.5163  3.4843  3.1046  7.2618  4.1247  10.6046  0.8191  2.403  2.8729  0.9  0.0744  4.1463  5.1612  5.1891  3.0065  3.7602  3.5885  3.0073  3.1306  1.6186  3.2314  4.2452  0.2467  2.6801  4.3669  1.393  
trainID = 440  0.4319  1.0556  1.804  35.5461  0.8182  0.6097  2.2979  2.8133  5.3485  1.0046  0.4727  2.3143  1.2402  1.753  0.9416  0.0852  5.2689  3.955  1.991  0.3486  5.9525  7.0561  1.8961  4.5083  0.2379  1.336  2.5482  1.8777  7.449  5.2013  2.1158  1.8557  2.0089  1.3998  1.7785  2.2313  2.6194  1.6606  0.627  0.276  1.9046  
trainID = 460  1.5387  2.4748  1.649  1  0.7281  0.4721  1.3128  1.11  0.56  0.7227  0.8271  2.9694  1.4405  0.945  1.0279  0.6664  0.7935  0.3703  1.0833  0.3637  3.2678  1.8616  0.3614  1.9282  1.8671  1.522  0.729  1.0306  1.6179  0.1922  0.175  1.6035  5.085  0.6338  0.9144  0.7045  0.215  1.7915  2.0041  2.2684  2.184  
trainID = 503  3.9511  1.6934  0.654  2.2325  1.0291  2.7055  0.1812  0.233  0.3123  0.8939  2.2756  1.4174  3.9919  0.7802  1.7027  1.3464  7.7585  3.4901  1.2265  3.7053  0.8754  1.1901  0.0447  4.9407  35.1168  0.6323  0.3447  6.9466  0.5313  0.5934  0.0529  3.5165  0.5026  1.1887  3.6777  0.723  1.5298  1.3184  2.1655  1.319  
trainID = 525  3.688  2.748  2.265  32.7419  0.1552  4.2297  6.0094  1.7144  2.9446  1.5121  1.2601  3.1329  2.732  3.0988  1.0277  0.9576  14.1982  10.4143  12.9047  3.8578  10.2194  2.1339  1.7451  4.2296  0.9552  36.6188  2.737  1.0341  9.6275  2.9467  1.8458  2.8626  7.4926  2.4191  1.3204  5.3381  2.6414  0.1406  0.802  0.462  4.8745  
trainID = 533  3.1151  3.0581  0.362  33.355  0.144  2.6935  5.4724  0.2984  3.5136  3.9035  0.013  2.4785  3.663  4.0234  1.2208  0.3891  10.3356  11.2767  11.2113  2.7536  7.0246  2.2798  3.7611  4.1821  1.2021  35.2362  2.6889  1.0384  7.6963  3.8556  2.8525  0.9346  2.9884  3.1441  1.4432  3.8449  1.6414  0.1877  1.348  0.496  2.1145  
trainID = 569  1  3.5227  0.0294  1.5543  2.1544  0.5376  1.4186  1.8121  0.3516  0.739  2.6594  1.3418  1.3833  4.045  2.725  1.3694  0.2425  0.9449  5.9415  0.8278  3.3013  2.6549  0.466  0.7709  0.3461  1.6184  1.0201  0.1042  1.1731  4.2428  4.2451  0.4182  1.3162  1.1887  1.7964  3.054  1.285  0.8255  1.107  
trainID = 575  0.3978  2.2663  0.287  34.9896  0.2894  0.2046  2.9809  0.8378  0.6388  1.0821  1.1591  1.2851  2.5429  1.7435  0.921  0.156  4.0246  1.6469  3.5736  2.0883  7.2489  4.5475  3.3761  3.4071  0.6474  0.722  1.0281  0.8795  4.8667  2.1999  1.1887  3.3677  3.2217  0.6899  0.7753  2.7079  2.0374  1.264  0.032  0.256  0.3211  
trainID = 577  2.763  2.6084  2.0424  2.5512  3.0272  0.8172  0.9819  0.2998  5.0161  0.057  0.1873  0.5972  1.2197  5.7216  5.6787  0.4845  1.9051  1.8515  4.5617  0.4221  0.1374  0.506  36.0594  0.6366  0.7719  3.7609  0.4902  1.9771  2.5262  2.6656  4.2154  0.6915  0.6279  0.847  1.0549  0.9982  1.7274  0.9172  0.018  
trainID = 578  30.7744  4.2652  5.031  3.2145  3.0398  3.0054  1.7798  1.2511  3.3569  0.723  0.7468  0.6676  1.1279  8.6759  15.2631  1.6647  1.6673  7.4468  7.0327  1.4301  0.0743  2.3199  36.557  4.1574  2.6688  4.7568  0.1194  2.3877  4.0825  5.2184  4.1539  3.8518  0.4374  0.3106  3.1164  0.2499  3.068  1.0888  0.849  
trainID = 599  32.3272  1.5385  2.73  2.3943  4.4701  2.1009  1.2974  3.3671  0.4642  4.6057  3.2199  1.2397  2.9664  4.3801  1.8264  2.5917  3.526  4.5239  0.0598  0.2094  3.1696  1.123  0.178  0.1494  1.4088  2.5047  7.3559  0.0688  1.6839  1.1839  2.5135  2.492  1.8641  1.7399  5.3025  0.4762  0.018  1.3417  2.111  
trainID = 626  1.5447  0.9203  2.174  32.9582  1.2843  3.0405  0.227  8.0773  1.5158  1.3705  1.0749  0.3639  1.3759  0.7019  0.1178  2.4029  3.2181  2.8977  2.6748  4.4349  2.1624  7.7079  3.3748  1.2154  5.0139  0.9165  3.876  0.2032  1.2587  0.1177  4.6331  2.8604  2.6226  3.5168  1.311  2.7304  3.8063  1.605  1.8614  0.9625  1.939  
trainID = 637  1.4482  2.618  1.496  1.347  0.7797  2.5461  4.1614  0.0311  2.4976  1.6118  2.3581  1.5619  0.415  2.1357  0.1535  1.5278  4.4369  3.8907  6.6567  2.7567  6.4463  1.3751  3.3851  1.8322  0.1766  36.6825  3.4598  0.6838  6.3538  0.9981  1.7627  1.8373  3.9543  0.8268  0.052  1.4882  2.2184  1.9902  0.285  0.683  1.7648  
trainID = 638  0.583  3.5876  0.65  2.2797  3.0231  0.2503  0.1061  1.7281  3.5311  1.757  1.5509  0.9754  0.5387  6.3454  1.2783  0.1348  3.2799  1.8156  2.4933  1.3341  1.6787  2.2331  3.521  1.567  3.9127  0.2837  0.6395  0.5053  1.828  3.3225  1.4007  1.5044  1.7475  1.6624  3.6339  1.621  3.1676  1.9753  1.494  
trainID = 650  1.437  2.355  0.6902  1.3953  0.3275  0.1218  0.1517  0.2149  0.2331  1.5791  0.5048  1.1379  2.8154  1.1175  0.8807  0.5445  3.072  1.6988  2.6088  0.9482  0.1144  3.9994  0.88  0.498  0.3299  1.378  1.4698  1.6395  3.1731  0.2214  2.2745  0.2341  0.5179  2.1044  1.7019  1.151  3.2305  1.4997  0.34  
trainID = 656  2.4003  1.1079  1.259  0.209  2.1072  1.3981  3.0214  1.1877  2.1143  1.7966  3.4701  1.9193  1.193  2.0818  0.1433  0.5192  1.0492  1.1177  3.502  0.4623  4.0318  1.9326  0.0141  0.5969  1.8055  33.0523  1.7207  4.1198  3.3277  2.3183  0.3416  0.8247  1.1992  2.2433  1.1825  2.8761  0.853  0.6517  0.9851  3.2532  1.3125  0.976  
trainID = 688  3.1455  1.4414  0.453  32.9144  0.8079  0.4193  3.3637  2.2626  1.7751  3.1729  0.3979  0.3075  3.2991  2.2782  0.1991  0.454  0.5312  1.4062  3.3371  0.2617  2.1909  3.1265  1.3851  1.025  1.4035  0.206  0.5654  1.2063  3.7603  2.4512  1.6823  0.1207  3.1525  1.3456  1.5605  1.7363  2.7664  0.497  1.879  0.342  2.5203  
trainID = 720  2.9239  1.268  0.49  1.127  3.7545  2.7528  0.1256  2.1966  1.5162  0.9451  3.9845  0.471  1.204  0.3564  1.0425  1.9467  2.1847  0.221  1.1237  4.0215  1.6124  0.8124  0.9279  1.0557  37.7944  1.4639  1.5381  2.0876  1.3946  1.7821  0.7521  2.2229  1.3605  0.4253  2.6017  1.3544  0.3203  1.282  1.6123  1.7639  0.134  
trainID = 737  4.5136  3.9031  1.345  3.4799  4.8627  4.5542  1.8607  1.6976  0.4757  0.7951  4.5257  0.293  4.4266  4.3374  0.0033  4.1835  14.8814  7.8411  5.3598  10.8689  2.9473  1.9831  3.0461  1.365  35.3801  1.5407  0.6383  9.9139  1.3156  2.0268  0.5403  6.3006  1.7175  1.2944  6.1749  2.6674  3.3263  2.648  0.258  3.1019  
trainID = 742  29.5328  2.3049  6.289  1.024  9.2098  4.3222  1.2811  4.6226  0.4009  4.0464  1.815  5.7147  2.8064  5.1722  7.9183  6.0933  11.0019  10.0427  3.1526  3.8242  4.593  3.4476  0.292  1.6924  5.9959  3.8282  11.6955  1.7391  10.3425  1.1214  3.3352  6.7703  2.9961  1.1738  6.7694  2.738  2.7424  0.449  37.6846  
trainID = 831  0.7356  0.2904  0.23  34.3979  1.5355  3.5769  0.702  0.9782  2.0849  1.1824  1.8489  2.5663  3.8026  1.1939  1.955  0.8414  1.418  1.0549  0.4076  5.4114  1.1309  5.2229  0.1059  0.6582  0.0439  1.053  0.5996  3.6225  0.1136  2.5856  0.1596  1.553  1.5543  0.3928  4.0781  1.7798  0.5666  0.7764  0.534  1.407  2.9848  
trainID = 835  1.3078  0.7931  0.191  34.0652  2.4414  5.6211  0.417  7.8405  0.4761  3.2763  3.3792  1.6104  3.4739  1.1276  2.0437  2.3365  1.2075  2.1906  3.0478  6.0402  1.1013  12.443  0.255  0.2322  3.0019  2.5795  2.1261  1.7884  1.7608  0.5517  6.0998  1.5718  4.1373  3.4162  0.8106  5.7944  2.1606  0.8715  2.1703  3.4557  0.246  
trainID = 894  3.8405  2.956  0.265  32.9766  0.8392  2.1756  2.4066  1.6376  2.2638  0.1238  0.1242  2.5386  1.0663  1.5974  0.4972  1.0338  12.8143  7.5564  10.4051  0.8072  8.3651  2.2626  1.5961  4.9123  1.3397  32.8161  3.6965  0.5777  7.6775  2.178  4.4784  1.2388  4.6431  1.5559  0.0939  6.403  0.5214  3.1664  0.345  0.222  0.4555  
trainID = 898  4.5379  3.619  0.337  32.2073  1.734  4.1475  4.169  1.0375  1.7528  0.621  2.1083  2.8461  0.375  1.2082  1.8087  0.7462  9.2232  9.1476  8.3264  1.9088  8.0102  1.4444  1.3001  4.4461  2.1321  33.9227  0.8571  0.585  8.0931  0.4469  3.7895  0.7024  5.0126  1.0911  0.7501  1.1545  0.4946  1.8644  0.701  1.588  0.2624  
trainID = 905  4.7348  6.9509  1.122  0.7017  2.9571  4.2585  0.543  1.2795  0.6691  2.0801  4.6315  1.362  2.6682  2.3228  0.173  0.8475  17.3023  9.5868  1.3764  7.7523  0.3523  1.1161  3.1589  1.7166  34.3702  0.8868  0.308  7.8685  2.534  1.4719  0.2969  3.7676  2.543  0.6422  6.3831  0.0947  1.8783  0.649  1.8386  0.6939  
trainID = 959  4.019  3.3257  0.092  32.8753  0.7584  7.5695  3.4534  7.2823  1.803  0.6602  1.9733  3.7805  4.5785  0.1615  1.5827  1.9993  3.3089  6.3317  4.3188  11.3004  8.5529  8.8713  2.2571  2.1246  3.3176  1.2348  3.4668  2.9977  5.0446  4.6898  7.931  2.8528  3.6933  6.0937  2.4565  1.5324  4.992  0.7732  0.351  0.8375  1.456  
trainID = 964  1.8357  1.7724  0.077  34.4895  0.4521  7.5179  2.0047  7.9465  3.7865  2.0593  0.2313  3.2382  3.2698  1.8374  1.7067  2.1496  4.248  3.4387  3.5719  13.8695  11.4328  12.9496  0.1253  0.5839  4.7601  4.2215  4.5289  3.5683  4.7379  3.4457  6.923  0.7414  0.6585  6.898  3.5145  3.2474  5.3902  1.485  3.0325  1.8091  0.81  
trainID = 1007  3.1551  2.5402  1.9424  33.1829  0.016  2.8199  4.936  0.1121  4.7706  2.5559  0.258  2.0562  3.6658  2.2881  1.1408  0.7646  9.6078  8.5697  10.6803  0.7342  6.9539  3.0465  2.4321  5.1867  1.4258  36.2813  0.982  1.7388  6.5205  5.2462  4.0837  1.0176  6.4386  0.8801  0.7809  4.2235  1.2244  1.1127  1.788  2.4956  2.4279  
trainID = 1038  2.776  2.4065  1.1469  0.91  3.7042  1.357  3.1624  1.8631  4.2706  0.734  1.8254  0.4638  2.8994  10.2262  6.2442  2.1423  3.5601  1.3219  6.2447  1.5881  0.3727  3.6424  36.6349  4.7443  0.0191  1.2548  7.8838  7.9012  7.3357  0.3858  8.1154  0.6954  2.6787  3.5021  0.3745  1.178  3.5438  0.4084  34.8487  
trainID = 1068  4.7028  2.5567  1.286  1.965  5.5954  5.5588  0.06  1.2057  2.0691  2.1281  4.4437  2.2139  4.8016  4.3265  1.8608  2.3283  31.4091  15.212  3.2933  11.0883  1.0147  4.3431  1.3016  1.0401  36.1648  2.5135  1.7354  9.424  2.1303  2.4012  5.1572  6.5076  1.6005  3.1916  6.29  1.9264  2.9051  1.533  0.307  2.0738  0.414  
trainID = 1172  1.0242  3.1698  0.253  33.9675  0.8466  0.2789  5.2769  1.6121  4.5448  2.5605  0.0939  0.0246  3.272  0.7199  0.9755  2.1817  5.1269  5.4758  5.2993  1.6233  7.5797  4.846  0.7465  4.811  1.8273  3.0638  3.319  5.3915  3.2407  0.8604  1.1009  4.6465  0.5643  0.2805  3.9139  0.6062  2.9524  1.718  1.337  2.4365  
TrainID = 650  dbValue = 1.29722  nTestCell = 42  nTrainCell = 39  nDiff = 3  (X,Y) = (1485, 1015)  Position Error = 61.2944
TrainID = 460  dbValue = 1.31737  nTestCell = 42  nTrainCell = 41  nDiff = 1  (X,Y) = (1465, 965)  Position Error = 9.84886
TrainID = 358  dbValue = 1.61212  nTestCell = 42  nTrainCell = 39  nDiff = 3  (X,Y) = (1505, 1035)  Position Error = 88.7525
TrainID = 569  dbValue = 1.68036  nTestCell = 42  nTrainCell = 39  nDiff = 3  (X,Y) = (1485, 1045)  Position Error = 88.8651
TrainID = 638  dbValue = 1.92156  nTestCell = 42  nTrainCell = 39  nDiff = 3  (X,Y) = (1505, 1045)  Position Error = 97.2471
TrainID = 831  dbValue = 2.36918  nTestCell = 42  nTrainCell = 41  nDiff = 1  (X,Y) = (1515, 945)  Position Error = 61.131
TrainID = 688  dbValue = 2.36953  nTestCell = 42  nTrainCell = 41  nDiff = 1  (X,Y) = (1465, 955)  Position Error = 10.8167
TrainID = 720  dbValue = 2.38913  nTestCell = 42  nTrainCell = 41  nDiff = 1  (X,Y) = (1425, 965)  Position Error = 31.257
TrainID = 656  dbValue = 2.4209  nTestCell = 42  nTrainCell = 42  nDiff = 0  (X,Y) = (1445, 985)  Position Error = 26.4008
TrainID = 361  dbValue = 2.52533  nTestCell = 42  nTrainCell = 40  nDiff = 2  (X,Y) = (1495, 925)  Position Error = 53.0754
TrainID = 575  dbValue = 2.63171  nTestCell = 42  nTrainCell = 41  nDiff = 1  (X,Y) = (1435, 905)  Position Error = 59.808
TrainID = 577  dbValue = 2.65186  nTestCell = 42  nTrainCell = 39  nDiff = 3  (X,Y) = (1415, 1055)  Position Error = 102.552
TrainID = 503  dbValue = 2.71977  nTestCell = 42  nTrainCell = 40  nDiff = 2  (X,Y) = (1385, 985)  Position Error = 74.9466
TrainID = 599  dbValue = 2.98778  nTestCell = 42  nTrainCell = 39  nDiff = 3  (X,Y) = (1585, 985)  Position Error = 131.214
TrainID = 637  dbValue = 2.99234  nTestCell = 42  nTrainCell = 41  nDiff = 1  (X,Y) = (1385, 945)  Position Error = 72.7805
TrainID = 626  dbValue = 3.07489  nTestCell = 42  nTrainCell = 41  nDiff = 1  (X,Y) = (1605, 925)  Position Error = 153.287
TrainID = 440  dbValue = 3.0888  nTestCell = 42  nTrainCell = 41  nDiff = 1  (X,Y) = (1425, 875)  Position Error = 91.4166
TrainID = 1172  dbValue = 3.33923  nTestCell = 42  nTrainCell = 40  nDiff = 2  (X,Y) = (1435, 885)  Position Error = 78.848
TrainID = 835  dbValue = 3.40149  nTestCell = 42  nTrainCell = 41  nDiff = 1  (X,Y) = (1595, 875)  Position Error = 163.453
TrainID = 905  dbValue = 3.64725  nTestCell = 42  nTrainCell = 40  nDiff = 2  (X,Y) = (1315, 965)  Position Error = 141.057
TrainID = 395  dbValue = 3.69589  nTestCell = 42  nTrainCell = 42  nDiff = 0  (X,Y) = (1615, 915)  Position Error = 165.52
TrainID = 898  dbValue = 4.15878  nTestCell = 42  nTrainCell = 41  nDiff = 1  (X,Y) = (1355, 915)  Position Error = 110.982
TrainID = 894  dbValue = 4.30415  nTestCell = 42  nTrainCell = 41  nDiff = 1  (X,Y) = (1355, 905)  Position Error = 115.486
TrainID = 959  dbValue = 4.30978  nTestCell = 42  nTrainCell = 41  nDiff = 1  (X,Y) = (1665, 915)  Position Error = 214.002
TrainID = 737  dbValue = 4.30986  nTestCell = 42  nTrainCell = 40  nDiff = 2  (X,Y) = (1315, 945)  Position Error = 141.905
TrainID = 964  dbValue = 4.49674  nTestCell = 42  nTrainCell = 41  nDiff = 1  (X,Y) = (1685, 905)  Position Error = 235.748
TrainID = 578  dbValue = 4.65723  nTestCell = 42  nTrainCell = 39  nDiff = 3  (X,Y) = (1345, 1075)  Position Error = 159.113
TrainID = 1007  dbValue = 4.68496  nTestCell = 42  nTrainCell = 41  nDiff = 1  (X,Y) = (1345, 915)  Position Error = 120.154
TrainID = 533  dbValue = 4.7132  nTestCell = 42  nTrainCell = 41  nDiff = 1  (X,Y) = (1345, 875)  Position Error = 140.417
TrainID = 1038  dbValue = 4.72735  nTestCell = 42  nTrainCell = 39  nDiff = 3  (X,Y) = (1465, 1145)  Position Error = 184.22
TrainID = 1068  dbValue = 4.92878  nTestCell = 42  nTrainCell = 41  nDiff = 1  (X,Y) = (1265, 925)  Position Error = 194.363
TrainID = 525  dbValue = 5.22046  nTestCell = 42  nTrainCell = 41  nDiff = 1  (X,Y) = (1315, 895)  Position Error = 155.682
TrainID = 146  dbValue = 5.37301  nTestCell = 42  nTrainCell = 41  nDiff = 1  (X,Y) = (1705, 895)  Position Error = 257.599
TrainID = 742  dbValue = 5.89696  nTestCell = 42  nTrainCell = 39  nDiff = 3  (X,Y) = (1735, 985)  Position Error = 280.03
