trainID = 303  2.5109  0.2426  0.563  0.364  0.5037  0.334  0.1421  0.348  1.499  1.9339  0.5768  0.44  0.2715  2.0574  2.089  2.3918  1.9078  2.1092  3.4656  0.4484  2.7349  0.7859  2.5027  1.2832  0.24  0.4831  1.1765  1.654  0.4373  0.2814  0.2484  1.341  2.837  1.0559  0.7507  0.4465  0.323  1.2684  1.6011  0.746  1.201  1.0103  0.5981  2.105  2.7976  2.7577  0.364  1.5374  
trainID = 304  2.6825  0.7042  0.139  0.093  0.3656  1.989  1.0619  1.43  2.6877  0.5535  0.2475  1.7353  3.146  0.3703  0.9634  0.7397  2.2529  0.8075  0.73  0.4976  0.152  0.7292  3.107  0.8533  4.0912  0.0048  0.2676  0.1471  0.201  3.2137  0.0236  0.4999  1.054  2.506  2.3198  1.923  2.6815  2.4267  0.455  0.0879  0.452  0.736  2.8937  0.2006  1.3005  4.5616  3.0937  1.783  1.2264  
trainID = 451  3.0968  0.8836  0.53  3.563  0.9427  0.434  0.5524  0.99  0.895  1.9791  1.8856  1.1121  0.6776  3.4253  0.6202  0.5029  2.4017  0.305  2.5372  3.0305  2.4938  0.3272  1.1247  1.6635  2.082  1.4769  0.7865  0.67  0.9437  2.6654  0.9866  2.4056  2.807  0.8388  0.1657  0.8971  2.5005  0.8608  0.5568  1.5091  1.9114  0.1369  2.5104  1.5876  2.5909  2.7627  1.247  1.0651  
trainID = 489  0.629  0.5924  1.787  4.2264  4.2514  1.373  5.7095  2.8938  0.7185  4.6758  2.0361  0.9545  0.7258  3.5416  0.396  1.584  3.9258  0.7596  0.402  23.139  10.0843  3.9967  2.2269  4.9368  7.6658  1.8526  0.5557  4.9268  0.0564  2.9688  0.7664  4.3204  1.9426  1.7516  3.9116  3.7951  0.1105  1.9815  2.5234  3.0773  1.6827  1.0896  3.9432  3.4037  1.012  2.4799  
trainID = 493  1.5681  1.6301  0.384  35.4892  0.3863  1.616  0.669  1.688  0.3719  2.3212  1.4667  1.7307  2.8081  1.4968  4.2515  0.823  1.055  1.7721  1.4429  1.9642  16.0258  8.4  3.4692  2.2009  4.6832  4.7882  0.585  3.2049  4.9986  0.6734  0.636  0.5544  3.8677  0.5421  0.0989  3.1152  2.711  2.2387  0.6989  1.8386  0.8913  2.3786  2.0617  4.0202  0.7677  0.184  0.1959  
trainID = 627  5.4967  0.6421  0.532  1.552  2.2653  2.146  1.9793  0.878  1.111  1.4951  0.6168  1.938  0.4082  1.3902  1.9892  0.016  0.0518  1.8849  0.023  2.0031  0.3711  0.9909  4.842  2.8591  1.9155  1.2818  0.2218  2.1429  1.278  1.5286  0.3455  2.0109  0.616  2.521  0.6435  2.0039  1.3974  0.4892  1.1953  0.5425  0.173  1.7212  0.2849  0.0172  1.091  1.9894  31.7148  
trainID = 662  4.7524  2.2856  0.122  0.408  0.5723  0.5582  1.0711  1.264  2.33  0.8652  0.4421  1.3238  0.5839  0.6563  2.0095  1.1178  2.3315  0.889  0.009  0.1297  1.1815  2.4668  2.275  3.992  1.669  1.9168  0.1854  2.145  0.153  0.2033  2.4737  2.4373  0.185  0.171  1.0911  3.099  0.7137  1.5714  0.8488  0.746  0.6361  0.9767  0.394  1.3867  1.591  3.4745  3.2237  0.783  0.8096  
trainID = 684  3.9727  1.5559  1.85  2.392  1.5594  1.211  1.7574  0.965  0.352  0.0889  1.7901  1.33  0.7708  0.232  0.4683  1.6638  2.4379  1.194  1.805  0.9451  3.8498  5.8154  4.8148  7.3921  1.0991  2.1593  0.6092  1.6374  1.7371  0.6566  0.834  0.898  1.4  3.4588  2.169  1.3354  0.699  3.5437  0.0459  0.286  0.8039  0.223  3.3016  0.132  3.0093  0.0934  1.7224  1.2636  
trainID = 706  4.856  0.2317  0.64  1.591  0.7365  1.946  0.2907  1.816  2.254  0.4312  1.0527  0.9447  1.4984  1.2521  0.7977  1.0598  1.2112  1.557  1.046  0.4811  0.073  2.1445  0.1942  3.1272  1.5175  0.0186  0.9451  1.0565  1.179  0.4889  0.4419  1.39  0.817  1.526  3.1568  1.7358  2.073  1.7587  3.1546  2.0052  2.0135  0.1053  0.783  2.7131  0.066  1.3601  0.5527  0.408  1.5418  
trainID = 819  1.423  3.0387  0.436  34.3612  2.1178  2.178  0.275  1.4399  0.8295  0.1811  2.1179  0.1561  0.6649  0.7186  4.5849  0.628  1.6863  0.5362  4.5414  11.1566  5.2055  4.8152  1.9348  4.655  3.5015  0.039  1.6458  1.4477  0.3842  0.934  0.3806  5.2304  0.4646  0.684  2.2079  2.1417  2.2584  2.7182  2.4767  0.3243  2.461  1.8751  5.5465  0.5627  1.4753  2.3097  
trainID = 855  1.4727  0.6447  0.078  33.7262  0.3394  0.26  0.72  2.6853  1.2589  2.1364  2.7353  1.5095  1.906  0.4263  3.9299  1.1345  0.754  1.4171  0.7904  0.0956  5.8543  4.0203  2.04  0.3425  3.7095  2.8245  1.367  0.3767  1.9079  1.306  3.082  0.6993  6.2341  1.9733  1.0358  3.9788  1.4981  2.0864  1.1129  0.414  1.8595  2.3279  3.7526  5.12  3.1347  1.79  0.4628  
trainID = 914  3.7862  2.9924  1.4354  1.075  0.5632  0.144  0.6183  2.3912  2.371  4.4632  0.0683  1.8179  2.3026  4.7676  1.4345  1.5858  3.3816  6.5907  0.5403  0.5789  0.8593  18.0371  7.3338  9.7772  1.6705  5.2842  3.0302  0.456  3.9205  1.3889  0.3499  1.527  0.7223  2.7366  0.5833  0.909  1.2861  0.127  3.646  2.434  2.936  0.1113  0.0477  1.736  2.221  33.1188  
trainID = 930  0.9647  0.9281  0.706  36.3082  3.518  0.442  0.105  2.193  0.9937  1.466  2.7032  0.6834  3.2323  1.4458  2.2578  1.0033  0.8375  1.1269  1.0416  8.5035  0.3655  3.4687  0.0816  7.0407  3.393  0.182  1.7401  4.2984  0.3798  3.3316  3.979  6.092  0.7555  2.2314  4.4256  2.4372  3.6312  2.949  4.3947  0.8371  3.8246  1.6073  3.7328  0.7637  1.4446  2.2708  
trainID = 984  1.948  0.164  0.958  33.1932  2.7554  0.128  0.278  2.7531  1.2316  5.3697  0.5258  1.9539  1.7336  1.3688  4.4441  0.7183  1.792  0.5689  0.9765  14.9594  4.1159  4.5192  1.5336  1.7336  5.9371  0.19  1.4989  3.7179  0.341  2.5953  1.0667  7.4063  0.812  0.1554  4.3984  3.6216  2.9803  1.0852  4.0757  1.9383  4.8728  0.327  4.036  1.7417  0.221  2.7396  
trainID = 991  0.9384  0.6842  0.278  3.827  2.1291  1.398  0.7914  0.29  2.299  0.5153  0.8256  0.1444  1.3703  1.8188  2.1786  0.3446  2.5631  0.814  1.489  1.9687  0.784  0.2345  4.0024  1.1538  4.5263  0.3988  1.389  1.5822  0.955  0.8592  2.0729  0.5066  0.154  1.406  3.6047  0.3769  1.9283  1.5423  0.8715  0.0199  1.337  0.532  0.0023  3.3241  0.36  4.3386  1.6267  0.413  1.0005  
trainID = 1031  5.7596  0.6419  0.629  1.437  0.683  0.755  0.6883  2.5083  1.395  3.0757  0.4986  1.9167  2.8702  2.9951  1.1532  0.0542  4.4492  3.0048  1.344  2.9495  0.211  1.3921  8.952  3.6312  7.4352  1.746  1.4701  2.0186  1.329  3.656  1.6085  0.9032  1.789  0.8058  0.7957  1.828  0.6821  1.0237  2.2119  1.1994  2.2751  1.272  0.6822  1.0351  0.923  4.8184  33.4148  
trainID = 1142  6.1427  1.2392  0.739  1.0874  3.0511  0.815  1.9372  0.688  2.114  1.4907  3.7744  0.8734  0.57  4.8603  0.1597  2.1683  0.1483  0.6615  1.734  0.3544  2.4369  8.4878  9.7008  4.7925  2.4851  0.4035  4.5371  1.577  3.5189  0.9989  34.7005  0.408  5.2844  6.0832  0.5292  1.5865  0.5938  1.1386  0.996  0.7058  0.6134  1.071  1.9188  0.4042  0.982  0.2909  
trainID = 1296  3.4732  1.4852  1.8036  1.178  2.5038  1.906  0.3832  0.782  1.728  0.1843  0.627  1.5036  1.8413  0.7011  0.4123  0.7668  1.1001  0.7161  2.054  0.5531  1.6689  2.263  3.1595  0.648  0.4268  1.3798  2.0783  2.5439  3.3865  1.8042  0.8201  0.149  1.1134  2.2508  3.238  2.5593  1.6246  1.5108  0.8715  0.122  1.6783  0.9437  0.089  1.569  1.8351  1.8177  1.307  3.3404  
trainID = 1330  1.8326  1.0538  1.925  1.023  0.6423  2.776  0.151  0.423  1.7122  0.2762  0.1131  0.4749  1.0503  0.1185  0.0066  0.146  1.4086  1.215  3.0259  1.1498  3.2737  5.163  6.1027  7.5092  1.9988  3.1258  0.3691  1.268  0.9589  2.6442  0.7668  0.137  0.551  1.7302  1.9632  2.3671  2.2596  0.4245  0.4333  0.882  2.4059  0.0569  1.4978  1.416  3.6552  2.4247  0.259  0.1411  
trainID = 1382  5.7813  1.9457  0.34  0.001  1.1494  1.964  1.1672  1.665  0.245  1.6943  2.4628  3.4323  0.1566  0.3346  0.6085  0.7475  1.3002  1.5999  0.2565  1.3761  1.9984  5.8567  8.0674  5.2199  0.6251  2.7984  1.7683  2.9602  1.0989  0.7174  1.3169  1.8056  2.3508  2.2396  1.2773  0.1095  0.8589  1.3131  2.063  0.3423  2.3787  3.5024  0.0684  2.7567  0.205  0.712  
trainID = 1507  2.1266  1.4902  0.761  33.3922  1.4223  3.8283  1.998  0.4727  2.2879  0.8516  0.8894  0.4942  2.9153  1.2078  1.6286  0.843  0.603  1.0136  2.7257  1.4611  5.2083  5.7516  1.2569  0.7462  1.6666  4.0892  0.066  2.1554  3.8476  1.7855  1.657  1.8042  3.1419  0.4698  1.1428  2.969  1.9133  0.1578  0.773  0.8886  0.305  0.4795  0.938  3.1185  0.4177  0.614  1.6285  
trainID = 1523  2.7583  1.2474  1.244  0.5153  1.3475  1.197  2.9111  0.302  0.106  0.3247  0.6568  0.7067  0.9198  0.6934  0.1192  2.0578  1.4268  0.44  3.6491  0.4727  2.259  0.8444  0.8983  2.4255  1.1445  3.023  0.7544  1.238  0.9489  0.7711  1.3828  0.099  0.788  2.9715  1.6021  1.2089  0.3645  1.9208  2.0331  0.128  0.3048  0.3344  0.7821  0.68  1.4609  0.7607  0.44  1.1438  
trainID = 1526  0.106  1.4495  0.772  33.6652  2.0064  2.161  1.837  5.1599  2.8122  0.6364  4.0201  0.9942  1.7181  1.5728  4.1792  0.119  0.026  3.0463  1.125  1.7729  19.4007  10.8189  3.8648  0.6227  3.8384  8.1285  0.026  1.1211  5.7255  0.854  1.3  1.6721  4.6299  1.6205  0.3625  1.0798  2.2788  3.1494  1.8961  0.1849  2.0881  0.0434  3.8187  5.7391  2.4777  0.541  1.4514  
trainID = 1783  2.3856  0.342  0.839  1.192  0.0587  2.444  0.5584  1.331  4.7486  3.8506  1.7794  0.8007  0.6496  1.2658  1.4094  0.5858  2.2288  2.6292  0.8184  0.2631  0.0805  4.3333  1.0802  7.9719  3.0282  3.3503  1.8793  2.005  1.7526  0.8065  0.2088  0.297  1.503  1.4127  0.6019  0.1332  1.8712  0.2448  0.1218  0.83  2.5239  0.5994  0.1544  0.256  1.3228  30.8648  
trainID = 1806  1.187  1.4695  1.924  35.2092  1.4787  3.5942  2.15  1.228  0.2574  2.3211  0.1782  0.4589  3.405  1.9538  1.6339  0.335  2.2165  1.433  0.4579  12.5287  10.6097  2.405  1.7732  0.5926  5.653  2.0049  0.7829  5.389  2.3629  1.355  1.806  3.8502  0.379  3.7779  1.6652  2.1454  3.788  0.49  1.9397  2.2292  1.5121  1.1204  4.4692  1.6147  0.558  1.5523  
trainID = 2114  0.399  1.0973  0.088  2.577  1.1525  0.677  0.7422  1.308  0.205  0.6033  0.5857  0.6633  1.2997  1.3154  1.0869  1.7178  0.9793  2.5113  0.677  0.1228  0.0048  1.6524  2.1217  3.938  2.5611  0.485  1.2492  3.8725  0.547  1.3895  0.1696  0.2702  1.439  0.645  2.9986  0.1599  1.7568  0.1231  2.2015  1.186  0.8361  2.5817  2.028  2.1717  0.954  1.5878  2.0917  2.3127  0.351  
trainID = 2231  0.137  1.1258  1.187  34.7642  1.8468  1.316  0.959  0.0938  0.2538  3.7901  1.814  1.5108  1.3873  0.4785  2.0749  0.225  2.3783  1.3018  1.6786  7.5858  4.0309  4.9627  0.1189  6.0787  1.4678  2.4746  0.245  0.8713  0.478  1.064  1.1595  5.2039  1.1033  2.9838  1.185  0.7584  1.7429  0.372  2.8815  0.9164  2.2423  0.125  2.9549  2.0487  1.586  0.3171  
trainID = 2392  2.3643  2.7841  0.758  3.015  0.279  0.214  1.6911  2.6003  1.464  0.8546  0.8589  1.6414  2.2144  2.1611  0.7855  1.3699  3.1329  0.139  1.579  0.372  0.6077  1.0906  1.1136  0.1939  1.1463  2.9592  0.7898  1.0117  2.773  0.4832  2.3683  1.8455  0.183  3.636  2.4726  1.8542  2.4433  0.2369  0.622  0.065  0.9572  0.443  0.8288  2.2821  1.2399  3.391  1.4677  3.567  2.1783  
trainID = 2406  4.7046  0.9001  0.49  1.575  0.571  3.53  1.0208  0.039  0.339  0.3222  1.0354  1.3778  1.1643  1.1436  2.0407  1.1526  0.686  1.932  2.4947  0.8531  3.2048  4.9765  4.0607  5.5827  0.2498  3.4405  2.083  0.296  0.3513  0.5105  2.2876  1.986  1.468  3.3314  0.812  1.9713  1.5078  2.0752  1.8281  1.8026  0.492  1.549  4.4932  0.249  0.9263  2.5827  1.6886  2.7089  
trainID = 2422  2.5944  0.8071  1.307  1.801  1.7158  2.294  0.0181  0.738  1.037  2.9431  2.4706  3.5277  2.0435  1.584  0.8369  1.8478  0.877  3.1508  0.368  1.4444  0.529  1.8819  12.6835  1.2371  15.05  2.3811  1.0225  0.3127  0.337  0.1433  0.758  2.2572  2.5247  0.6625  1.8536  3.4166  3.451  2.4665  0.3338  1.7494  0.803  0.913  0.0035  0.3472  1.114  3.0292  33.4108  
trainID = 2450  4.4125  1.1062  0.143  0.85  2.9642  1.956  0.423  0.72  2.462  2.3918  3.4985  1.212  2.8822  2.9069  1.6662  1.0169  0.9906  4.2704  2.329  0.6886  2.2683  8.1588  8.3321  6.1747  0.9936  0.0746  5.2119  0.865  0.3525  0.9902  34.6415  3.0734  3.7961  2.6479  1.6196  0.7466  0.1345  1.0772  0.028  1.5619  1.3916  0.396  2.5002  3.2337  1.037  0.0503  
trainID = 2472  5.4972  1.6094  1.9493  1.207  1.9625  0.3976  0.0684  1.901  1.003  4.2516  0.3972  0.4739  2.2777  4.4004  0.989  1.5231  2.2546  3.911  4.5373  1.8652  3.1588  7.5462  2.5157  7.5085  0.7318  0.7201  0.1098  3.0745  3.888  2.0677  0.9575  0.019  0.518  0.0516  0.695  2.6402  1.6796  1.4438  0.3  0.5827  0.176  0.8062  4.0061  1.4041  2.997  34.4748  
trainID = 2564  1.144  1.1686  0.64  0.6804  3.5282  3.9736  4.197  2.2158  2.2535  2.7959  0.8722  1.2519  4.0608  4.3222  0.257  1.032  0.4035  0.8036  0.2303  18.8011  12.2263  2.7643  2.9451  2.0824  3.6997  1.618  0.7368  4.5405  2.8843  2.1052  1.9161  4.0199  0.4249  1.3248  2.2383  1.9042  3.9762  0.611  1.214  2.258  1.46  0.062  2.7007  2.3957  1.294  0.6718  
trainID = 2634  4.9134  1.9838  1.654  0.319  0.8022  1.905  1.3944  0.136  2.6282  2.9008  1.6338  0.5414  2.5829  0.6557  0.2432  0.8798  2.7704  4.1445  1.202  4.2833  1.266  3.5343  7.4324  3.8509  2.9531  2.001  2.1025  1.7077  0.785  2.4238  1.2556  0.88  0.412  0.8469  2.9934  2.4564  0.9247  0.5867  1.3155  2.5866  0.8937  1.2264  0.9554  0.4902  0.938  2.1422  
trainID = 2661  1.304  0.1991  0.153  0.714  0.9008  2.082  1.4153  2.4013  3.068  1.8642  1.175  0.6429  0.5648  0.7962  0.1431  1.3148  3.3864  0.6797  0.122  1.31  1.8948  0.2803  11.6375  6.4889  23.533  1.3332  0.9304  0.6477  0.142  2.2148  0.6929  1.4512  0.84  0.74  1.4283  0.7907  0.9647  0.5203  1.5737  0.3707  0.929  1.24  1.3367  0.9061  1.448  5.5672  34.8718  
trainID = 2663  2.9719  0.1077  1.3078  31.5282  1.5567  0.74  2.9938  2.3012  0.1599  0.524  0.7898  2.6702  1.7885  0.223  1.7684  0.343  0.776  0.7404  1.5812  0.0183  2.8183  4.5031  1.9715  1.6848  0.9442  2.8511  0.67  0.01  4.0315  1.1917  1.002  2.499  4.1423  1.9075  1.7315  0.3297  0.5882  2.5813  2.5149  0.6259  0.1735  2.0415  1.054  3.5525  2.6447  1.124  1.1962  
trainID = 2673  0.261  0.2001  0.641  34.1422  0.3505  3.4979  0.251  3.3558  3.0083  0.9418  5.7871  0.0735  1.747  1.3758  0.5424  0.765  1.243  2.3632  0.7372  1.5299  14.5527  11.0274  2.3368  0.1038  5.828  4.2515  2.165  0.4298  2.0074  0.6297  3.5441  2.532  6.9612  2.1771  0.2024  3.1791  3.2014  2.287  1.8969  3.2926  1.5549  1.6555  2.6883  4.2275  1.9697  1.115  3.212  
trainID = 2720  4.4781  0.2581  0.592  0.5009  0.0165  3.647  1.7152  0.747  1.612  2.4479  1.3887  1.5785  0.4896  0.624  2.1784  0.7848  0.3315  1.0951  1.807  2.2538  0.038  3.4336  5.3569  6.0368  6.3269  1.1899  3.2009  2.2569  0.642  1.1979  2.8586  0.8644  0.138  1.355  2.3978  0.9024  2.3974  2.1224  3.0315  1.3388  1.4091  0.7525  0.8884  4.9091  0.022  1.5148  2.4487  0.386  0.7964  
trainID = 2803  3.275  0.9104  0.9477  2.599  0.3091  0.477  1.6337  0.221  0.499  1.6278  1.021  0.3746  0.9943  3.6883  1.9169  1.4376  1.7498  1.057  0.9236  0.1968  1.8465  0.8206  4.6094  4.5161  1.1929  2.1362  0.7994  0.196  0.8559  1.0117  0.4064  0.187  1.0357  2.1625  0.894  3.152  1.2353  1.5327  1.982  1.1802  0.4194  2.1752  1.906  0.011  2.6929  2.3617  1.267  0.0124  
trainID = 2842  2.1595  0.912  2.036  34.7132  0.7553  3.3438  1.945  2.7065  0.4787  1.4799  0.8337  0.9025  3.1639  2.5768  2.2015  2.993  2.4718  1.6905  0.1878  12.6393  13.4788  0.4886  2.678  1.114  4.5373  0.909  0.1146  2.2827  1.833  0.228  0.806  3.001  1.9401  0.6529  2.9589  1.2429  1.8478  1.6887  1.85  2.0954  1.6133  1.1412  3.8043  0.7457  0.81  3.2288  
trainID = 2930  0.165  1.3796  1.194  35.7332  0.1899  2.6833  0.145  5.3012  0.0192  2.3247  4.7769  0.5958  4.076  0.6308  1.581  1.085  1.087  1.9156  0.0146  0.2379  13.3342  5.3194  2.6617  2.4625  1.9322  6.643  0.677  1.546  5.0908  2.2011  3.2544  3.659  4.0883  1.6988  2.5744  3.3103  4.2204  3.6487  0.7915  5.1354  2.0173  0.1488  0.889  4.4968  0.2797  2.69  3.193  
TrainID = 1523  dbValue = 1.16267  nTestCell = 49  nTrainCell = 48  nDiff = 1  (X,Y) = (1355, 1765)  Position Error = 65.8559
TrainID = 303  dbValue = 1.22431  nTestCell = 49  nTrainCell = 48  nDiff = 1  (X,Y) = (1335, 1715)  Position Error = 24.0208
TrainID = 2114  dbValue = 1.2958  nTestCell = 49  nTrainCell = 49  nDiff = 0  (X,Y) = (1355, 1785)  Position Error = 81.8352
TrainID = 706  dbValue = 1.30696  nTestCell = 49  nTrainCell = 49  nDiff = 0  (X,Y) = (1345, 1745)  Position Error = 44.6878
TrainID = 304  dbValue = 1.35078  nTestCell = 49  nTrainCell = 49  nDiff = 0  (X,Y) = (1315, 1735)  Position Error = 19.4165
TrainID = 662  dbValue = 1.35758  nTestCell = 49  nTrainCell = 49  nDiff = 0  (X,Y) = (1335, 1715)  Position Error = 24.0208
TrainID = 991  dbValue = 1.38714  nTestCell = 49  nTrainCell = 49  nDiff = 0  (X,Y) = (1305, 1745)  Position Error = 29.6142
TrainID = 2803  dbValue = 1.4262  nTestCell = 49  nTrainCell = 48  nDiff = 1  (X,Y) = (1365, 1735)  Position Error = 57.2451
TrainID = 1296  dbValue = 1.49794  nTestCell = 49  nTrainCell = 48  nDiff = 1  (X,Y) = (1345, 1775)  Position Error = 68.0955
TrainID = 451  dbValue = 1.49872  nTestCell = 49  nTrainCell = 48  nDiff = 1  (X,Y) = (1335, 1745)  Position Error = 37.6431
TrainID = 2392  dbValue = 1.52101  nTestCell = 49  nTrainCell = 49  nDiff = 0  (X,Y) = (1325, 1735)  Position Error = 23.6008
TrainID = 1330  dbValue = 1.58976  nTestCell = 49  nTrainCell = 48  nDiff = 1  (X,Y) = (1395, 1765)  Position Error = 97.2471
TrainID = 684  dbValue = 1.73606  nTestCell = 49  nTrainCell = 48  nDiff = 1  (X,Y) = (1385, 1775)  Position Error = 94.6414
TrainID = 2406  dbValue = 1.78932  nTestCell = 49  nTrainCell = 48  nDiff = 1  (X,Y) = (1375, 1775)  Position Error = 87.046
TrainID = 1382  dbValue = 1.7965  nTestCell = 49  nTrainCell = 46  nDiff = 3  (X,Y) = (1405, 1725)  Position Error = 94.4299
TrainID = 2720  dbValue = 1.81141  nTestCell = 49  nTrainCell = 49  nDiff = 0  (X,Y) = (1385, 1785)  Position Error = 101.178
TrainID = 2634  dbValue = 1.88118  nTestCell = 49  nTrainCell = 46  nDiff = 3  (X,Y) = (1335, 1675)  Position Error = 47.5079
TrainID = 627  dbValue = 2.01292  nTestCell = 49  nTrainCell = 47  nDiff = 2  (X,Y) = (1325, 1695)  Position Error = 25.2389
TrainID = 1783  dbValue = 2.16117  nTestCell = 49  nTrainCell = 46  nDiff = 3  (X,Y) = (1305, 1685)  Position Error = 31.5753
TrainID = 2663  dbValue = 2.23989  nTestCell = 49  nTrainCell = 47  nDiff = 2  (X,Y) = (1345, 1785)  Position Error = 76.922
TrainID = 1507  dbValue = 2.37031  nTestCell = 49  nTrainCell = 47  nDiff = 2  (X,Y) = (1315, 1795)  Position Error = 79.1012
TrainID = 2231  dbValue = 2.50611  nTestCell = 49  nTrainCell = 46  nDiff = 3  (X,Y) = (1365, 1825)  Position Error = 121.643
TrainID = 2564  dbValue = 2.58056  nTestCell = 49  nTrainCell = 46  nDiff = 3  (X,Y) = (1265, 1845)  Position Error = 136.956
TrainID = 855  dbValue = 2.60279  nTestCell = 49  nTrainCell = 47  nDiff = 2  (X,Y) = (1325, 1805)  Position Error = 90.0944
TrainID = 1031  dbValue = 2.72165  nTestCell = 49  nTrainCell = 47  nDiff = 2  (X,Y) = (1315, 1665)  Position Error = 51.1566
TrainID = 2422  dbValue = 2.72507  nTestCell = 49  nTrainCell = 47  nDiff = 2  (X,Y) = (1285, 1675)  Position Error = 48.5489
TrainID = 2661  dbValue = 2.7449  nTestCell = 49  nTrainCell = 47  nDiff = 2  (X,Y) = (1265, 1725)  Position Error = 46.8722
TrainID = 2472  dbValue = 2.75107  nTestCell = 49  nTrainCell = 46  nDiff = 3  (X,Y) = (1305, 1665)  Position Error = 51.3517
TrainID = 2450  dbValue = 2.83146  nTestCell = 49  nTrainCell = 46  nDiff = 3  (X,Y) = (1415, 1685)  Position Error = 108.522
TrainID = 819  dbValue = 2.84241  nTestCell = 49  nTrainCell = 46  nDiff = 3  (X,Y) = (1325, 1845)  Position Error = 129.757
TrainID = 1142  dbValue = 2.84464  nTestCell = 49  nTrainCell = 46  nDiff = 3  (X,Y) = (1425, 1715)  Position Error = 114.004
TrainID = 2842  dbValue = 2.98438  nTestCell = 49  nTrainCell = 46  nDiff = 3  (X,Y) = (1285, 1805)  Position Error = 92.72
TrainID = 493  dbValue = 2.995  nTestCell = 49  nTrainCell = 47  nDiff = 2  (X,Y) = (1295, 1845)  Position Error = 129.988
TrainID = 930  dbValue = 3.04604  nTestCell = 49  nTrainCell = 46  nDiff = 3  (X,Y) = (1355, 1845)  Position Error = 136.297
TrainID = 1806  dbValue = 3.07055  nTestCell = 49  nTrainCell = 46  nDiff = 3  (X,Y) = (1295, 1825)  Position Error = 110.168
TrainID = 489  dbValue = 3.07355  nTestCell = 49  nTrainCell = 46  nDiff = 3  (X,Y) = (1275, 1865)  Position Error = 153.287
TrainID = 984  dbValue = 3.16263  nTestCell = 49  nTrainCell = 46  nDiff = 3  (X,Y) = (1315, 1855)  Position Error = 139.058
TrainID = 2673  dbValue = 3.23069  nTestCell = 49  nTrainCell = 47  nDiff = 2  (X,Y) = (1295, 1845)  Position Error = 129.988
TrainID = 914  dbValue = 3.24256  nTestCell = 49  nTrainCell = 46  nDiff = 3  (X,Y) = (1305, 1615)  Position Error = 101.178
TrainID = 2930  dbValue = 3.25743  nTestCell = 49  nTrainCell = 47  nDiff = 2  (X,Y) = (1315, 1855)  Position Error = 139.058
TrainID = 1526  dbValue = 3.35986  nTestCell = 49  nTrainCell = 47  nDiff = 2  (X,Y) = (1285, 1855)  Position Error = 141.411
