trainID = 335  0.9311  1.1469  0.629  2.9795  1.8282  1.4759  2.2844  3.2619  0.068  2.3192  0.04  1.6018  5.7739  4.1643  5.5109  2.6352  4.0376  1.2032  1.9889  0.6518  5.4648  2.5092  0.9257  0.7481  23.1283  9.7627  2.6246  1.0887  5.4851  4.7842  0.93  0.0083  3.8786  3.0067  3.045  0.548  5.0084  2.4422  1.5341  0.1053  1.5435  2.9809  3.1608  0.527  0.688  0.454  0.286  3.1889  1.685  
trainID = 448  0.0108  0.9367  0.31  5.2985  2.0818  1.5019  2.5984  0.202  2.219  2.1072  0.534  2.3128  2.0446  2.4635  2.9379  2.0508  2.1072  1.7621  1.9509  2.5312  4.6168  1.0293  0.4453  0.0157  6.9357  3.0438  3.1694  3.1876  5.4754  1.2509  2.114  1.8304  3.0718  1.3246  1.803  0.0039  2.4196  0.0104  0.8229  2.2519  0.4305  0.3989  1.621  1.3825  0.4622  2.3719  0.245  1.9913  0.239  
trainID = 496  0.6692  1.1848  0.489  0.8388  2.7696  0.9042  0.7362  0.4681  0.814  0.1327  0.859  2.0558  2.3737  1.1357  2.8966  0.8792  0.8536  1.8252  2.2281  1.1633  2.4098  1.5284  1.672  1.3897  5.2186  0.2831  2.2562  2.2787  1.9867  0.7041  0.456  1.7272  0.1181  2.3289  0.767  1.859  1.128  1.3508  1.6575  0.7715  0.6577  0.4689  0.651  0.396  0.7558  0.138  0.584  1.5409  0.215  
trainID = 618  0.4199  2.3824  0.275  0.2099  0.4448  2.6109  3.8844  1.0329  0.362  0.4694  1.482  1.6588  1.3765  1.2762  3.0831  0.5524  1.7683  2.2416  0.022  2.2217  3.5288  1.0244  2.677  0.3244  9.3651  2.7745  6.1865  1.8772  4.0878  1.4847  1.225  1.7656  1.4381  1.3416  0.197  0.875  3.159  2.0371  3.304  0.1535  1.1092  0.4038  0.877  1.4034  0.4436  1.6056  0.057  1.9019  0.586  
trainID = 677  2.8157  2.9086  0.887  1.6607  1.4697  0.6418  0.1975  0.3691  2.0423  0.147  0.9783  2.006  3.2038  0.1967  1.9793  3.6708  0.701  0.8014  0.6919  0.919  2.3168  1.6676  3.3626  3.5222  1.3314  7.4804  5.4878  13.5674  3.0691  1.4878  3.5959  0.291  0.5796  0.4529  2.9833  1.4398  2.34  0.2166  0.3966  0.3213  0.26  0.106  1.5907  0.348  0.132  1.4651  1.364  
trainID = 1352  0.1539  1.0012  2.499  2.9926  2.6922  0.5034  1.4884  1.9956  0.402  0.0553  0.294  2.5298  4.5274  2.6291  3.3898  1.4197  4.1066  1.7721  0.232  0.7705  4.8788  0.2237  0.0146  1.6369  23.2073  12.3925  0.9644  2.5565  6.5821  4.7231  0.238  1.0557  2.8309  0.2905  0.542  1.077  1.5216  2.1348  0.4837  0.887  3.7971  1.4662  0.102  3.0944  1.3012  0.04  0.702  3.0778  2.413  
trainID = 1661  0.9978  1.4049  1.8299  4.0054  2.8019  0.808  1.041  1.4195  0.814  1.9648  3.9369  0.4121  1.4952  0.8117  1.6674  2.996  0.537  2.0087  2.4641  0.1988  0.2649  1.7569  16.6316  2.8053  9.6653  1.6082  6.2967  0.8581  0.944  2.8054  2.915  2.1907  0.049  2.558  3.1966  0.8945  0.3209  1.7697  0.9883  1.3712  2.2047  0.779  0.4144  2.3015  0.627  1.936  35.5018  
trainID = 2122  0.1912  1.2016  0.12  2.2559  0.6685  1.2103  0.6328  1.4175  0.295  0.7694  0.055  1.6828  1.6576  2.5609  6.0467  0.9862  2.2176  2.1408  1.5613  1.2357  1.5407  0.9993  1.2845  0.2858  9.9937  3.4629  0.5252  2.1484  6.8935  2.886  0.127  1.4091  3.9433  0.1123  1.745  2.153  0.6884  0.3457  0.501  2.5621  0.8033  1.2755  2.2329  2.34  2.2452  1.1316  1.011  4.9341  
trainID = 2225  4.4725  0.831  0.5  0.7833  2.1716  1.1021  1.8344  0.3385  0.958  0.371  0.5069  0.01  0.7017  1.9544  1.5655  2.6026  0.0939  3.3028  0.5514  0.5579  1.4365  2.2604  3.4288  1.617  1.5457  8.2527  0.1375  6.8302  3.8924  2.8832  1.6197  1.251  0.1824  1.503  3.0148  0.349  0.8147  1.096  0.9234  2.4144  1.2561  1.5888  0.1214  1.602  2.1263  1.8839  3.3432  0.047  2.5495  0.276  
trainID = 2226  1.1533  1.2602  1.049  1.1747  3.382  1.9249  2.7994  0.9686  0.818  0.1282  1.349  0.9446  0.5372  1.8701  0.7482  0.0722  3.5223  0.0605  1.0292  1.0534  2.256  2.1736  0.7972  3.1604  0.711  1.7752  4.8091  3.1146  2.1045  2.6519  0.633  0.0325  1.2815  2.3436  3.609  0.473  1.9732  0.1632  0.7624  0.6677  0.02  0.1945  0.925  0.672  3.6217  1.325  0.329  0.7915  0.302  
trainID = 2467  0.7634  0.4164  0.041  2.1577  0.7339  0.253  3.8554  2.6371  0.816  0.0641  0.4687  0.0879  2.1867  7.2393  3.4315  1.8603  5.1959  3.3241  0.151  2.1524  5.0278  2.5774  0.1314  1.321  11.6026  9.7009  12.3997  2.8384  5.5676  3.4301  0.274  0.2569  2.5941  0.0525  1.756  1.5463  2.6408  2.1255  0.0017  1.8048  1.2877  0.001  0.963  0.584  3.1875  1.6677  1.683  2.3507  0.535  
trainID = 2486  0.6019  1.1303  0.565  3.5308  0.1506  1.7359  3.1404  3.2106  1.303  2.1202  0.809  1.3738  1.2149  4.2763  3.9469  0.1777  3.8333  4.8222  0.248  2.162  4.4178  0.1512  1.153  1.7467  11.9781  14.9203  9.4535  1.269  7.8842  4.3676  0.391  0.1855  2.4825  1.4523  0.9611  0.3835  4.1292  0.4307  0.3418  0.1324  0.1471  0.1117  3.4293  2.2745  2.5819  1.0895  0.317  2.2071  
trainID = 2605  0.7628  0.3655  0.824  2.3689  1.0907  0.1223  2.2594  2.5319  1.068  0.5489  1.327  0.2184  0.6821  3.3727  2.6409  1.3062  1.5064  4.7048  1.9156  0.5112  3.9683  0.8134  0.2377  0.9121  7.4494  2.4217  4.4538  0.7272  3.7736  2.2935  1.616  0.1795  1.142  1.0344  1.023  0.575  1.8027  0.1748  0.5732  1.6039  1.3787  0.8411  0.639  1.1685  0.1787  0.085  0.925  2.5127  0.059  
trainID = 2638  0.6302  1.5466  0.223  3.0569  0.892  2.4719  2.2004  2.1544  1.012  0.4435  0.045  2.1298  4.8378  4.2294  1.0588  0.3432  3.0799  5.7967  1.771  1.746  5.9398  1.4366  1.658  0.2968  8.8838  14.7476  15.9463  2.6258  5.4629  5.705  1.1417  3.2847  1.6997  0.152  0.224  3.5805  2.7154  1.5788  1.1808  0.7362  0.5505  0.374  0.534  1.2041  0.353  1.203  2.8357  0.58  
trainID = 2658  3.2825  0.2413  1.292  0.5045  2.1461  0.5671  1.8144  0.6492  3.0791  1.6585  0.91  0.8466  2.5185  1.455  3.9963  2.59  0.7688  4.6773  1.7419  1.16  2.0108  1.6919  2.12  1.3987  8.971  0.9714  11.8117  2.3469  5.4652  1.7612  0.076  1.7686  1.7348  34.3427  3.8558  0.917  2.1023  0.4944  0.2327  1.0149  1.9323  0.9071  0.4602  0.887  0.336  1.8461  2.469  
trainID = 2707  0.5666  1.6932  0.095  3.4797  2.3621  0.0776  0.6597  2.606  0.195  1.8923  2.838  1.2638  2.5845  3.2599  0.6418  0.4496  4.1627  2.6632  0.224  1.7222  2.1416  1.2538  1.6912  1.3777  2.8064  3.5471  7.6484  2.4461  4.4053  2.7198  0.154  0.7897  0.7316  0.1615  2.233  0.765  3.7896  0.9412  0.9565  1.4802  1.9228  1.9362  0.343  0.628  0.4523  0.179  1.898  2.2091  1.509  
trainID = 2891  1.7498  2.1535  0.247  3.0122  1.6956  1.189  3.7674  1.729  1.29  1.9325  0.336  1.7081  2.3586  2.9128  3.0173  1.9712  4.9787  3.6258  1.0101  2.3278  2.5327  1.608  1.836  1.2409  12.4969  4.9838  0.5438  0.3222  5.5612  2.2917  0.994  0.8878  2.7134  1.6404  1.584  0.883  3.8051  1.0588  0.4577  1.4644  1.32  1.0321  3.7947  1.0985  0.8855  0.516  1.317  3.0956  0.345  
TrainID = 496  dbValue = 1.27705  nTestCell = 50  nTrainCell = 49  nDiff = 1  (X,Y) = (1835, 1635)  Position Error = 49.679
TrainID = 2226  dbValue = 1.41874  nTestCell = 50  nTrainCell = 49  nDiff = 1  (X,Y) = (1785, 1645)  Position Error = 43.6807
TrainID = 2605  dbValue = 1.5243  nTestCell = 50  nTrainCell = 49  nDiff = 1  (X,Y) = (1805, 1655)  Position Error = 52.6118
TrainID = 2225  dbValue = 1.70913  nTestCell = 50  nTrainCell = 50  nDiff = 0  (X,Y) = (1855, 1645)  Position Error = 71.6101
TrainID = 618  dbValue = 1.73445  nTestCell = 50  nTrainCell = 49  nDiff = 1  (X,Y) = (1835, 1675)  Position Error = 81.4125
TrainID = 2707  dbValue = 1.76641  nTestCell = 50  nTrainCell = 49  nDiff = 1  (X,Y) = (1775, 1665)  Position Error = 65.7875
TrainID = 2122  dbValue = 1.84349  nTestCell = 50  nTrainCell = 48  nDiff = 2  (X,Y) = (1805, 1675)  Position Error = 72.4431
TrainID = 448  dbValue = 1.87604  nTestCell = 50  nTrainCell = 49  nDiff = 1  (X,Y) = (1795, 1675)  Position Error = 72.0278
TrainID = 677  dbValue = 1.90348  nTestCell = 50  nTrainCell = 47  nDiff = 3  (X,Y) = (1905, 1635)  Position Error = 112.641
TrainID = 2891  dbValue = 2.14944  nTestCell = 50  nTrainCell = 49  nDiff = 1  (X,Y) = (1805, 1695)  Position Error = 92.3472
TrainID = 2467  dbValue = 2.40296  nTestCell = 50  nTrainCell = 49  nDiff = 1  (X,Y) = (1765, 1715)  Position Error = 116.482
TrainID = 1352  dbValue = 2.44264  nTestCell = 50  nTrainCell = 49  nDiff = 1  (X,Y) = (1785, 1725)  Position Error = 122.589
TrainID = 2486  dbValue = 2.51546  nTestCell = 50  nTrainCell = 48  nDiff = 2  (X,Y) = (1765, 1725)  Position Error = 126.127
TrainID = 2638  dbValue = 2.63123  nTestCell = 50  nTrainCell = 48  nDiff = 2  (X,Y) = (1765, 1725)  Position Error = 126.127
TrainID = 2658  dbValue = 2.76223  nTestCell = 50  nTrainCell = 47  nDiff = 3  (X,Y) = (1875, 1655)  Position Error = 93.7443
TrainID = 335  dbValue = 2.77702  nTestCell = 50  nTrainCell = 49  nDiff = 1  (X,Y) = (1785, 1725)  Position Error = 122.589
TrainID = 1661  dbValue = 2.92063  nTestCell = 50  nTrainCell = 47  nDiff = 3  (X,Y) = (1835, 1715)  Position Error = 118.271
