trainID = 126  2.5524  6.2146  2.2284  0.0079  1.8031  2.7713  2.2096  2.8403  0.771  1.847  1.1756  2.0466  2.1537  3.0895  6.6499  3.6592  4.8307  4.3297  3.6726  0.0912  0.5895  2.2451  5.2883  4.4668  4.4918  1.4158  3.5897  6.3869  0.7227  5.0256  0.3656  1.0602  3.6811  3.6895  2.6319  0.3535  1.0355  0.12  
trainID = 146  35.3855  3.7186  3.0964  3.2114  11.8779  0.3331  3.1027  1.3905  7.9566  5.9858  4.2352  1.849  1.9357  0.7952  3.2051  3.5819  16.2512  12.6234  19.669  3.8041  3.1017  5.6241  6.1615  1.9126  0.2094  5.0387  6.8617  7.2584  1.0269  2.4829  3.9989  1.3874  3.039  3.067  1.183  0.8724  3.8863  3.08  
trainID = 155  0.0739  0.185  2.2494  3.5037  3.0548  1.4377  1.2618  2.4595  2.5186  4.1929  2.119  3.5027  5.3844  6.4709  2.9117  1.7709  0.0086  0.0413  2.6579  6.6572  2.5317  0.8147  0.2943  0.9517  14.8078  3.2948  9.7782  4.1176  2.0578  4.1197  4.7502  1.9663  2.585  2.6922  3.2531  0.3881  36.4715  
trainID = 162  35.425  2.9471  4.1583  3.5004  10.4656  2.4971  0.0635  1.8816  6.0349  3.7308  1.7306  2.868  3.8327  1.826  6.9435  3.5994  10.3181  11.0399  12.397  3.2415  4.0011  4.9907  4.2493  1.0263  1.4997  9.3549  4.7242  11.1499  3.0305  3.7547  7.882  3.1595  1.8939  3.3076  0.823  1.9153  6.4927  35.9273  
trainID = 177  34.858  0.388  5.76  1.6184  12.2884  4.5898  1.4997  3.6602  6.2534  5.5794  36.8624  3.8411  7.4783  4.6995  38.5026  6.3061  19.1422  5.0348  5.6766  6.2986  3.7764  2.2081  2.7317  5.3118  8.0567  13.1851  3.6705  2.8049  5.1985  0.2691  1.842  3.2551  1.339  0.1184  6.1326  35.3792  
trainID = 187  0.0652  2.5857  1.7835  0.1637  3.1716  0.2926  2.0026  0.4176  0.766  1.1558  0.242  3.2607  0.0341  0.9067  5.5094  0.3706  2.922  1.9548  0.2658  2.0237  0.0456  0.1266  0.8785  2.8175  0.3208  2.7949  1.077  1.3374  0.0152  0.0749  0.8787  0.824  1.3403  0.8418  1.41  2.4379  
trainID = 188  1.166  6.1524  1.2144  2.7459  1.614  1.7899  3.1166  0.1075  1.094  1.1168  0.44  0.7618  3.6945  4.7579  1.6708  2.5045  2.9871  1.5464  2.0975  0.3994  4.7604  2.8365  0.8932  6.2477  1.2128  1.6244  6.4331  0.1731  6.8412  1.1856  1.5118  2.5597  4.1503  0.9557  1.0174  2.6261  0.682  
trainID = 189  35.5159  2.0798  2.5871  1.8974  8.0163  2.2315  4.3852  0.8015  4.6681  4.3513  1.8867  0.54  0.7945  0.314  3.1326  0.1827  7.5662  3.4183  5.9144  1.7483  2.5076  5.4268  5.3201  1.1189  1.2668  4.3031  3.1385  3.6469  0.8954  3.1966  4.6503  1.605  0.762  3.7316  1.7139  2.0745  2.1929  1.422  
trainID = 293  35.8068  4.6866  4.1376  1.6178  9.0261  1.6566  2.3297  1.7403  4.2113  5.0908  3.158  2.541  0.5406  0.4389  5.7  0.5543  10.5307  9.0038  12.5848  3.9069  2.054  3.0505  2.7055  0.6622  0.2265  3.8883  6.6913  8.3768  2.0696  1.6756  3.5065  0.6905  0.2  3.0422  0.579  0.4878  2.7682  0.011  
trainID = 294  0.953  0.238  1.6732  0.4328  0.8161  2.1684  1.272  0.1085  2.9596  1.861  2.2103  0.5655  0.0684  0.4  3.0784  3.8865  1.7795  1.0678  0.8121  2.4171  0.2781  0.5831  2.7034  1.8446  2.5363  1.3131  2.0458  1.9487  0.2463  0.4878  0.0025  0.5692  1.9611  0.6614  1.7262  1.7075  1.9038  
trainID = 298  1.246  0.0456  0.1445  0.5342  8.6222  1.9011  1.2322  0.139  3.2554  1.9456  3.5169  2.213  2.5107  2.7409  7.516  3.6149  7.5615  6.2985  7.3552  1.26  3.7783  1.4577  1.9286  0.2249  2.5227  7.9403  5.4663  8.0859  4.3289  4.1664  6.297  2.6872  0.22  2.5219  0.1945  2.5697  4.3488  34.8218  
trainID = 324  0.868  0.4411  6.6646  0.8714  0.5272  1.7959  0.7623  1.6606  0.4238  1.532  1.001  3.2351  3.612  3.094  10.7902  2.983  3.431  6.1377  1.1888  1.4645  2.2509  3.5237  3.3651  4.2816  7.7125  0.2599  0.931  3.8366  0.1719  2.3213  0.0929  0.252  2.4667  3.6156  1.2655  0.2743  2.8372  
trainID = 330  0.1148  1.3797  3.5574  9.1357  2.1198  0.5269  0.5403  7.9569  2.8246  4.6392  1.2403  3.1957  2.9859  7.4578  4.8499  6.4295  7.8123  6.009  2.3645  5.7074  2.639  2.8827  3.9171  0.9935  9.8695  4.13  10.6131  3.7187  5.1773  8.9178  2.0041  0.089  5.0491  0.645  0.3964  1.8449  37.0277  
trainID = 336  5.7197  8.7223  3.5524  5.2809  1.6365  1.1937  32.7771  1.576  1.7493  2.6769  1.0675  11.9269  7.4476  0.6732  4.284  3.4947  2.1039  2.2105  1.966  8.3253  6.8776  3.344  7.8022  10.4337  10.4224  7.0997  0.8342  9.4794  6.1189  1.5186  4.9773  7.0755  3.0567  3.3634  2.6929  32.8065  
trainID = 340  5.1263  1.1786  3.6204  1.2459  1.5528  2.3863  3.4356  1.1274  0.023  1.6181  0.8677  0.7561  6.6031  1.7949  1.8646  2.7944  3.6153  3.5092  0.5138  5.0421  5.4423  3.4391  0.6233  5.4113  15.9209  8.2529  6.5725  2.5756  12.0494  0.5675  4.9281  3.4013  1.8007  2.5052  3.3461  0.8171  33.9067  
trainID = 358  0.535  1.722  4.0216  1.5854  0.6293  2.8476  2.0077  1.0716  2.9868  1.9991  2.9781  0.096  1.9817  0.6822  0.9382  2.7831  2.3613  0.0511  0.4125  1.2965  2.6918  2.6525  0.8915  2.2088  2.2376  1.6527  1.15  2.3072  0.4999  2.9491  0.4189  1.8065  1.1835  1.3664  0.2342  0.9489  1.531  1.441  
trainID = 361  33.6096  0.8628  3.1608  0.5027  3.1908  6.5803  3.4935  0.2471  5.056  0.8565  1.0763  1.501  1.7717  7.0675  0.8933  4.0843  1.2255  5.3198  10.3035  1.0012  1.2402  0.9008  0.8787  0.6835  4.4936  3.9345  3.7557  0.2244  0.3719  1.2566  1.1483  1.5167  2.15  1.2485  0.749  1.0873  3.1613  
trainID = 366  34.9659  2.4153  3.034  1.1864  10.6649  2.6663  2.0738  1.807  6.2899  4.4569  2.9665  1.1985  3.5617  0.5897  5.3122  3.2935  10.6858  16.0886  13.5117  2.942  2.467  6.0026  2.1019  1.3562  0.0725  6.4818  6.1165  8.2185  1.4601  3.5291  8.0932  1.0996  2.0208  2.7134  1.086  2.3644  3.4305  36.9182  
trainID = 376  3.0023  6.7103  1.6726  0.3987  1.2743  0.6706  1.8866  1.0196  0.671  2.5353  0.1662  2.1574  2.7972  12.0509  7.5367  2.9373  7.6233  0.389  1.7165  1.7808  0.7655  0.5043  2.5201  7.6237  0.9339  2.3495  2.458  1.2437  3.3944  3.5641  2.1656  4.035  5.2387  1.925  1.2364  2.2353  
trainID = 380  1.1556  4.2337  0.6899  0.8921  1.5068  0.3637  1.6076  2.1825  2.3036  1.3969  2.9735  0.6157  0.6068  1.0552  2.0846  2.7536  1.664  0.6208  0.9563  0.7544  0.2524  0.0708  1.0838  0.9425  0.1877  1.5314  1.2994  0.1021  0.1509  3.1766  1.5797  0.011  1.6151  1.1022  2.7895  4.2579  1.958  
trainID = 385  0.289  3.2684  6.3209  0.9424  0.5756  1.4384  0.2987  3.0626  2.6277  1.4458  2.2121  0.7793  0.9264  4.0584  5.2426  0.7323  4.1702  3.089  0.7462  1.5925  2.8815  3.7304  2.5246  3.2857  5.1276  1.1085  2.755  3.6502  0.9628  6.5863  1.7014  0.7893  3.3447  0.8434  1.6512  1.2191  1.3714  
trainID = 387  1.277  0.6645  1.4379  0.8302  3.168  0.3016  0.8853  2.2116  1.4243  1.5196  3.3904  1.276  2.5497  0.3755  5.3231  2.6977  2.366  4.87  6.3825  0.2702  5.5523  0.8284  1.5815  1.5714  2.1425  4.1237  1.3467  4.8631  2.2254  3.2986  2.8336  0.4341  3.1379  0.2891  2.4092  2.2292  3.0473  32.0236  
trainID = 392  4.0262  9.1628  0.457  1.2401  1.9638  0.6096  3.3336  2.1558  0.383  1.334  0.3822  4.3488  1.6079  9.1792  19.1658  5.189  3.782  7.6825  1.7072  4.7015  1.3247  3.7472  2.6329  5.7535  10.3033  4.4665  2.9765  0.3866  2.8099  4.5637  4.0444  3.561  1.2191  6.377  0.163  1.5193  3.3251  
trainID = 395  34.1614  2.0323  2.1888  0.6893  7.0313  1.5473  1.4254  3.2477  4.4307  3.0642  3.3303  1.472  1.3787  0.8635  3.6481  0.4095  6.4364  2.2048  14.793  1.4287  1.706  3.9835  1.4675  1.6375  2.1847  3.8643  6.2071  3.1007  0.9558  1.9345  3.1641  0.2154  1.206  2.1511  0.4037  0.9777  6.5954  0.681  
trainID = 440  38.1511  1.2596  5.3379  0.4195  3.8832  7.7334  2.3614  0.2608  1.7763  1.1252  1.4  0.2352  0.7051  1.2239  9.6487  3.7912  5.5051  1.174  7.8724  11.2445  1.2865  3.8113  0.8727  3.9413  0.6311  10.4255  6.5261  5.3164  1.1962  0.6238  0.327  1.812  3.6345  0.594  0.4335  0.47  1.9784  4.1331  
trainID = 444  5.1267  5.1954  1.6294  3.6819  0.7652  1.1775  2.5726  1.9106  0.192  0.0967  0.002  1.8747  10.2809  7.2842  1.1676  4.2239  6.9561  3.8826  0.8611  2.2149  7.4768  2.4316  5.1252  2.7646  11.7384  9.2974  16.4806  1.251  10.7828  2.3922  3.7649  4.8355  6.7515  3.9316  5.1856  0.0165  34.7802  
trainID = 447  0.039  0.3908  3.181  1.0498  7.3056  0.8876  2.3215  0.1666  0.777  2.8128  0.5735  0.071  0.0749  0.3888  4.2315  0.202  3.3304  1.0765  3.4224  1.8551  2.3981  1.6432  1.4722  0.1584  2.513  2.4618  2.8074  1.6628  1.4583  1.6079  4.6986  0.4433  1.228  0.6177  1.8131  0.4727  3.9247  0.228  
trainID = 460  1.605  1.3497  4.2561  0.5656  2.1799  1.8249  0.6341  0.0936  1.1212  1.3255  0.5728  0.6188  0.4723  3.5863  0.2065  4.5974  0.4617  5.1877  6.05  0.2482  1.2312  0.7565  2.1221  3.5394  4.5944  1.1326  3.3756  0.944  2.4523  0.439  0.9479  2.1077  1.8104  0.3026  2.1611  0.566  4.4125  
trainID = 472  3.7796  3.814  1.1404  2.5541  2.6295  4.5143  0.7408  0.7904  0.278  3.7107  0.5326  1.8247  7.7454  0.209  1.0753  4.567  3.403  0.8956  0.5395  5.1538  5.6637  3.8799  2.1854  3.3656  14.0085  9.8147  8.3819  1.8754  10.8711  0.1301  5.1383  4.1712  3.3557  4.0372  2.5495  0.8308  32.3398  
trainID = 503  0.1547  5.7573  0.8271  0.8887  2.6179  1.6691  0.1604  1.815  1.3024  2.4741  2.4269  0.564  3.0334  7.5947  7.0042  0.4011  5.6252  3.313  0.5805  0.7417  3.8301  0.7608  2.8535  9.9231  1.8561  3.794  0.7124  0.8838  0.5702  1.1552  5.0809  2.7484  3.6239  1.4754  0.4631  3.5475  
trainID = 513  4.6962  4.2574  3.4844  4.3099  0.6434  1.4438  3.8316  0.8563  2.121  4.0811  1.0061  2.0327  9.453  2.4992  2.8224  5.8446  3.9981  4.5634  3.4179  4.8501  7.5151  1.9688  1.3786  1.7451  21.9414  15.9113  13.0677  2.2103  12.8024  1.0286  8.4475  3.8395  2.7223  4.2504  2.3727  0.2189  33.6367  
trainID = 519  3.0912  4.0417  1.4524  1.7364  0.4252  1.3468  1.5186  2.3977  0.974  2.8503  0.4943  4.3127  7.2482  5.4374  0.8428  2.4718  3.5268  2.4061  2.3245  1.442  6.5656  2.4685  3.9501  6.5582  3.4276  4.7151  11.2059  1.6861  5.1641  0.0802  3.4431  0.691  3.5532  0.832  1.6995  0.3533  33.9485  
trainID = 522  33.3048  2.5037  7.757  1.8624  10.4776  6.2947  2.1028  2.8977  5.1937  6.4113  37.8494  1.4557  5.9989  3.8405  29.0672  6.7786  17.7095  4.0602  2.3709  7.0315  3.2543  3.7191  0.0694  6.0105  7.9768  13.6008  3.8733  4.28  7.384  0.7057  0.912  6.5437  0.4115  2.6844  5.0616  36.0553  
trainID = 525  35.3469  2.233  8.9579  4.131  2.7843  5.3295  2.8689  1.9936  0.9577  2.847  1.581  2.6744  0.1811  18.578  10.2505  16.4188  4.6832  12.1393  6.3223  1.1355  3.5326  0.1554  4.1301  3.5429  12.604  4.2715  5.0464  2.2031  4.8599  3.4919  1.2869  6.7413  0.616  2.2347  0.645  1.2404  7.103  
trainID = 533  35.96  1.9338  7.4217  3.594  1.3683  5.8985  5.2603  0.7205  1.6121  3.548  2.5056  2.8675  0.7496  14.7154  11.1129  14.7254  3.579  8.9445  6.4682  3.1515  3.4851  2.3127  4.082  1.4704  10.6728  5.1804  6.0531  0.2751  0.3557  4.2169  1.4097  5.2481  0.384  2.2818  1.191  1.2064  4.343  
trainID = 536  7.5006  6.3547  0.8634  3.0789  0.0929  3.8353  3.8396  0.3276  0.493  2.5354  1.0416  1.6717  10.6752  9.3627  1.7278  5.6243  3.5807  4.4184  2.9715  3.3839  6.9275  5.2898  5.2253  8.1501  6.2323  4.7317  11.7396  0.8367  10.5101  4.6767  4.6899  3.9046  5.875  4.0585  2.4032  0.4838  33.2228  
trainID = 540  5.229  9.9632  1.261  0.0912  2.8105  1.0461  3.7246  2.659  0.757  1.372  2.1035  4.0363  2.2297  7.0446  18.0404  5.6581  5.6289  5.6414  2.5696  3.7145  0.671  4.0559  2.0119  5.2113  11.755  2.8301  3.5808  4.5482  0.6556  2.5884  4.206  5.01  1.1785  7.3954  0.6344  0.5605  3.6006  
trainID = 545  0.0318  4.2362  2.0544  1.2216  0.7267  1.8919  2.3566  0.4491  0.776  2.8531  0.059  0.8702  6.6813  1.9924  0.4426  1.2647  1.66  3.3133  0.9465  1.9281  4.0049  5.5671  4.2254  3.1392  5.7416  5.9269  6.9664  1.5565  9.199  1.304  3.4042  3.1819  2.5585  2.2704  1.2854  0.1178  33.0449  
trainID = 565  3.2761  0.4471  2.2314  5.1982  1.1499  1.6649  1.5786  1.4836  0.8304  3.1074  2.583  1.5827  2.8175  3.6141  1.2328  0.53  0.0603  2.6254  2.1549  6.8875  5.564  1.8472  0.0678  2.0026  16.4079  0.1174  6.5188  5.7803  5.4891  6.0171  4.5653  3.8694  3.1228  2.8963  1.624  0.0459  36.704  
trainID = 567  3.598  4.7932  0.7001  0.0598  2.7576  1.3791  3.4786  1.238  1.514  0.9702  0.9886  0.2771  5.6085  7.8042  0.4352  2.8418  3.7804  2.8371  2.0075  1.6319  4.9644  6.3288  3.5179  5.4737  4.8119  2.0646  6.3583  1.9688  5.6969  1.6417  0.7323  4.4342  4.7731  0.9379  1.0991  2.9032  0.931  
trainID = 569  1.605  1.4449  4.6988  0.3241  1.0845  1.8473  2.7754  2.5456  3.739  0.854  1.954  4.1772  0.3049  0.2446  0.3348  2.5612  4.8835  1.0679  2.8648  1.7531  1.4374  3.9983  1.5443  0.6222  2.8549  1.3581  2.3449  3.0964  1.8326  1.6101  3.1723  0.4517  0.087  3.2141  3.8905  3.211  0.4174  1.403  0.395  
trainID = 575  37.5946  2.3672  4.9328  1.1025  1.9077  3.0237  0.2747  1.8926  2.8055  2.4279  2.832  0.2257  0.7257  1.2947  8.4044  1.4831  7.0877  2.9137  9.1688  8.7359  2.7665  2.7101  1.758  2.4212  1.6293  7.8432  3.5247  4.3893  2.7082  0.589  0.3829  0.8088  4.1111  0.012  0.8301  0.125  1.4464  2.5496  
trainID = 577  0.158  0.5306  6.7706  0.6728  1.9573  1.5677  0.3749  1.0333  0.9255  0.172  1.7051  2.2439  0.081  1.3418  5.5149  3.0296  2.7305  3.7714  0.3733  0.1875  0.5596  0.6046  0.7565  3.2807  6.7374  0.8346  1.2235  3.1857  0.0329  3.1426  0.658  2.0311  1.1784  3.149  1.1552  0.025  3.1457  0.694  
trainID = 578  2.1874  9.7592  1.3361  1.9699  0.6205  0.423  1.9846  0.7337  0.838  2.083  0.771  2.3143  2.2666  4.2961  15.0993  5.1788  2.4927  9.3667  2.8443  0.8205  0.7713  1.2093  2.7643  5.1776  7.7333  1.4442  0.8129  4.742  2.5857  3.0811  3.8183  0.9658  2.336  5.2105  0.4069  1.3656  1.1397  1.561  
trainID = 589  32.5442  0.8555  5.065  3.1644  11.5336  5.0685  0.2592  3.4656  5.6187  4.1291  37.1624  2.2899  8.3948  3.7957  22.7572  3.0837  10.2243  4.1464  7.4744  6.0865  3.4319  3.4101  0.2114  8.7831  6.2219  16.8685  2.9597  6.3926  8.5514  0.9391  0.599  4.8108  3.9651  0.0537  5.042  35.7607  
trainID = 594  0.11  1.2133  5.448  0.0615  0.0671  1.6338  3.1749  2.5136  1.5832  0.456  2.147  0.0259  2.5888  2.171  1.6187  8.0445  6.0675  3.0113  7.5886  1.4961  1.3505  0.9768  1.5445  0.5566  5.4501  6.9846  0.3706  1.6782  3.8723  0.651  5.5356  0.282  3.7029  5.3607  6.1018  1.6007  1.2014  3.3124  
trainID = 599  34.9322  0.5393  1.9982  0.5159  5.54  0.284  0.0594  2.6336  3.6264  4.4907  4.7377  0.407  1.8277  0.0003  1.9902  0.9224  2.7006  2.604  4.2482  0.4002  3.8666  2.2336  1.2437  1.1  0.4718  6.0311  3.2694  1.0244  1.4488  1.4407  2.5255  0.4609  3.7653  3.2084  0.6332  1.7204  3.5702  1.399  
trainID = 617  33.0593  2.0881  2.4727  3.3524  10.5312  1.8965  2.0975  1.9366  4.577  3.4393  3.9068  0.323  3.6507  0.2772  6.6207  2.1543  11.7515  8.9059  8.3723  3.2496  3.0455  4.8773  1.0351  0.2654  0.1903  6.8412  4.1953  8.6442  4.5793  3.544  5.2705  1.3547  1.833  2.3649  1.362  1.0569  6.0117  34.4602  
trainID = 625  35.3028  0.0732  0.2368  0.1793  5.4428  1.1011  0.3982  0.2922  3.9222  3.8024  2.2604  1.126  2.5057  2.854  3.6211  0.1144  6.4221  1.7447  7.6822  0.5561  1.5779  0.4341  1.5076  1.0367  1.2217  1.3843  4.076  1.5282  2.0528  0.7989  4.6714  0.9503  0.272  0.4495  2.318  0.9072  2.2269  
trainID = 626  35.5632  3.3621  1.6877  1.6514  9.1472  0.8691  2.7273  0.3414  4.4545  1.2609  0.8159  1.7645  1.2642  1.1617  3.0615  0.8393  3.6095  0.2425  11.8963  3.9844  1.9124  6.1245  2.3096  1.3672  2.7733  0.0661  3.0829  3.9736  0.2277  1.5498  3.5503  2.7142  0.705  1.7122  1.448  0.159  3.191  1.227  
trainID = 637  1.258  1.2981  7.2743  2.283  1.0388  4.8825  2.9686  3.0916  2.5287  0.53  1.701  0.6179  1.8002  0.3891  8.8167  3.7269  10.1708  3.5821  8.3662  5.5635  2.7755  1.1352  0.934  4.8529  3.1926  9.3303  2.3229  4.9633  1.1778  1.3216  0.246  0.0185  2.8914  0.193  4.0843  0.442  1.0194  3.9933  
trainID = 638  2.022  1.5098  4.0782  0.4013  1.9532  2.1346  1.4629  2.4616  0.5595  1.642  0.0331  0.6713  0.6  1.9656  1.4421  3.6489  2.4545  3.7355  1.6951  0.7245  2.3757  1.1225  0.1739  1.4039  3.2602  1.9643  2.6953  2.4875  0.6898  0.3279  1.5379  0.3443  0.363  1.5398  1.464  1.4652  4.2038  0.782  
trainID = 639  1.8592  1.2351  4.1824  3.6752  3.8307  1.2  1.3755  2.8548  2.8157  2.5818  1.947  1.356  4.7128  7.0617  3.1823  3.4115  1.4626  2.5328  3.771  6.9926  2.1377  1.9851  0.7018  0.1137  15.7811  0.3871  11.5436  6.0215  8.1794  8.9156  6.139  1.5922  2.1151  2.0332  3.863  4.5673  36.7238  
trainID = 649  1.8548  4.4055  0.2233  3.8409  1.8133  0.3151  0.569  0.1488  2.666  0.4013  0.6407  2.2337  2.7572  6.4055  1.1894  2.2051  2.9874  1.9199  0.6866  4.064  1.3205  2.1602  2.4688  5.2446  3.0629  0.7849  4.7676  1.9574  5.216  1.2526  0.1182  2.311  3.9803  1.539  1.5569  2.4797  0.793  
trainID = 650  1.168  0.2772  4.038  0.4831  1.3974  2.5067  1.2051  0.9484  4.3237  1.4641  1.013  0.5088  1.6767  3.2623  0.7169  2.9696  2.2466  3.6187  1.5796  1.5578  0.8114  2.8888  0.8951  2.1789  4.3545  2.7946  1.5611  3.8326  2.8541  1.2017  0.2676  1.9211  0.079  0.3922  0.994  1.5281  3.7282  0.372  
trainID = 656  2.396  0.0294  6.1263  1.143  0.1178  4.4992  3.1534  4.2036  2.1713  1.078  1.563  3.5996  1.79  0.6195  5.429  0.9539  7.0161  1.2877  5.9517  6.121  0.6237  0.1001  0.6949  3.1138  1.611  6.3042  3.6431  2.859  1.4842  1.4335  1.1705  1.216  4.2793  1.1724  1.4424  1.1421  1.5508  3.541  0.264  
trainID = 657  1.3751  0.1917  0.7103  3.3635  4.5869  0.4679  0.0114  3.0137  3.5336  0.054  2.2925  2.061  6.1987  1.9571  7.6001  1.9057  2.7241  2.7712  2.144  2.6255  5.6575  2.3097  1.4124  1.8212  1.7907  11.9187  0.4229  5.4135  4.1373  2.3317  2.8667  2.2009  2.2708  2.1244  0.9345  3.0249  2.7468  34.1928  
trainID = 659  2.253  0.1848  2.7714  2.3189  0.581  0.4759  0.8508  4.2289  2.0183  2.3465  0.3798  1.5797  4.881  3.7533  0.9869  2.4595  1.4851  1.1437  0.6665  2.3889  1.9859  0.4927  0.5198  1.3882  7.886  1.6657  1.8028  1.1028  4.3985  1.4035  5.021  2.675  0.2728  0.7616  1.3234  3.0147  34.4518  
trainID = 674  1.1329  0.8485  5.2134  4.4589  3.0521  0.0691  1.9086  2.952  2.5104  5.6625  2.009  4.7907  2.4202  7.1927  4.1422  4.5016  4.7082  4.8205  1.8532  5.6471  1.7484  2.3627  1.1891  0.2493  11.8009  1.5801  6.718  4.389  6.7018  6.8096  3.1858  1.5173  4.0602  0.8313  0.8611  2.8933  35.271  
trainID = 679  0.3547  7.5124  1.3064  1.0862  1.4866  0.8346  2.5126  0.314  0.765  1.3878  2.3437  2.3715  1.5043  10.6924  1.8327  3.8592  5.539  5.2276  2.4365  2.7705  3.5898  1.2987  4.3129  3.9952  0.998  0.2154  4.3675  0.731  3.7649  0.3535  2.5743  2.3699  4.4553  0.092  0.8024  0.6742  
trainID = 688  35.5194  1.2699  4.3089  1.4853  3.3325  0.6098  4.5297  1.1314  3.7831  3.1841  0.7604  1.8458  0.6847  4.911  1.2424  6.8512  0.5637  4.1108  7.3149  0.7755  0.328  2.5141  0.8277  1.3025  6.7368  3.776  4.8829  0.7802  0.5198  0.2728  1.594  3.1395  0.741  2.5911  1.722  1.3604  4.7488  
trainID = 700  3.1982  3.5641  2.8044  2.8966  0.9343  0.5357  1.6386  2.531  0.237  6.2265  0.6128  2.2787  1.2214  2.7017  1.6228  1.5307  0.6994  0.1337  1.3334  4.0913  2.4547  0.7495  2.0438  1.6174  9.2965  0.7621  0.7677  3.1136  5.7389  4.1291  3.1154  3.0912  0.3359  1.9127  1.8544  0.4151  35.4056  
trainID = 720  0.9508  8.4827  0.8744  1.1955  4.5815  2.873  1.6786  0.1061  0.356  0.3138  2.0031  0.0962  6.3265  2.0209  3.7351  1.9491  5.9414  5.8008  0.2028  0.2309  0.0549  0.0708  4.0469  5.0641  2.7194  4.9827  0.0926  0.4098  0.2877  0.4588  4.0049  0.671  2.4144  1.125  0.0901  3.9924  0.578  
trainID = 727  0.905  0.3349  5.796  0.312  0.1114  1.2339  2.4431  0.7529  1.9572  1.3044  4.3827  2.3169  0.8325  0.2921  0.2621  1.5219  0.1443  1.6514  1.4639  0.9485  0.3825  1.1697  2.3202  0.2767  1.7575  1.6051  1.782  0.319  0.0428  3.8489  0.2351  0.0508  2.7987  1.5758  0.6445  0.3754  0.1888  
trainID = 737  1.4021  9.5909  2.6758  2.9306  4.0825  0.8811  1.5286  0.4351  0.408  2.969  2.9088  5.9841  1.142  8.5633  14.7176  11.3552  6.1852  12.7888  7.1357  1.3735  2.3491  0.2544  2.9338  1.8705  12.8904  2.6404  5.2274  0.1192  3.6679  0.6447  1.2609  7.5781  0.642  5.4204  2.491  1.9604  5.3304  
trainID = 742  32.1378  0.2271  1.5608  0.8544  10.2797  1.9373  0.0757  3.8891  3.6897  3.9314  3.3328  4.068  1.6677  0.7924  8.0821  2.5792  10.1765  8.1228  7.341  4.4338  5.29  4.5582  3.0855  3.4871  0.8517  10.3707  4.9397  9.683  1.5113  2.2624  6.8038  1.5929  0.8516  4.6753  2.895  1.04  2.6775  36.9726  
trainID = 752  2.604  0.7725  5.0854  0.7737  2.1177  0.0164  0.3104  0.7953  0.5792  0.255  2.7395  0.4439  1.1968  1.4833  2.9154  0.2116  0.1087  1.0078  0.1258  3.0715  1.3034  2.1852  0.7419  2.5628  1.6873  4.0442  0.6937  6.055  1.984  2.0816  2.4477  0.833  2.7492  1.5435  1.5316  2.1616  0.4016  
trainID = 766  4.1336  7.6677  0.2477  0.6632  1.428  1.2957  2.6846  1.3206  0.937  1.491  0.3397  2.4976  0.6857  4.4378  15.2309  4.8269  3.0867  7.1339  1.3135  0.3985  0.9101  3.2794  1.519  6.4338  6.9811  0.0952  0.9002  4.1506  1.1425  6.3194  1.9367  2.7273  2.8882  4.1219  0.3036  0.7344  0.181  
trainID = 771  0.778  1.3115  2.2865  1.0334  2.2822  1.4753  2.157  0.1063  2.6767  2.6967  2.2586  3.0991  2.9427  0.5585  3.7923  0.5789  1.7046  1.2524  2.1876  1.8728  0.3686  2.2314  2.2054  0.9936  3.342  5.353  1.2863  0.4308  3.2176  4.1137  4.5435  2.4206  0.398  1.845  1.5318  1.8249  3.3252  32.2782  
trainID = 787  33.7162  2.9264  5.446  3.5254  12.0216  4.5807  1.1306  3.5582  4.2657  5.8479  38.0734  3.3706  6.4983  2.0421  21.3922  11.1555  17.7972  2.4321  2.1949  4.72  1.1745  5.8421  0.4077  6.0424  6.1214  11.8106  2.3894  2.9523  8.3398  1.9535  1.91  5.3724  0.4394  1.1236  6.9028  33.8337  
trainID = 813  1.7449  1.3419  0.4929  1.8844  1.8409  0.6313  0.9207  1.185  0.271  4.0931  0.447  2.2977  1.1557  0.0088  0.6416  0.4222  0.2409  1.0805  0.1195  2.5201  1.2114  0.8623  0.3195  4.57  6.9887  0.2549  1.8504  2.3022  5.3186  0.1142  0.9242  2.4126  1.571  3.0277  2.0852  3.1185  33.1457  
trainID = 831  37.0029  0.5423  1.1513  1.1764  2.0481  4.4698  2.5392  1.1154  1.5243  3.6876  2.7117  3.6017  0.2973  5.7978  1.2187  3.1065  4.586  3.0508  9.4113  0.7155  1.3552  1.0667  0.7935  1.1137  2.8629  3.9104  3.041  0.8935  1.0784  1.4656  4.1116  3.183  1.4588  1.3177  0.377  0.2954  5.2133  
trainID = 834  3.6653  0.9785  1.5774  0.5182  0.1747  1.4319  1.5466  2.2191  2.114  3.0718  2.148  1.9937  7.208  2.1369  1.6977  2.5132  1.3292  5.1677  0.3205  3.5341  7.9298  0.3097  0.9481  2.8478  25.8842  7.0001  2.2632  2.3853  14.1664  0.2685  6.8946  2.0388  0.5281  3.2977  2.1048  1.0467  34.2307  
trainID = 835  36.6702  4.5192  0.8929  1.4614  8.9104  1.9088  4.6331  2.6457  5.701  3.3589  0.3902  0.397  1.1978  3.1723  2.3544  0.4663  5.2148  0.8186  16.6314  0.3546  0.4648  4.1125  3.9726  0.3827  4.7649  0.436  3.7523  5.4403  1.0609  3.0645  3.4497  2.2138  3.769  0.0665  1.0285  0.4679  5.6842  0.466  
trainID = 837  3.5262  6.0979  1.1527  0.2464  0.1301  0.2145  0.5645  0.2651  1.537  1.9346  2.9175  1.5828  2.8713  6.5741  4.5354  2.6862  5.2195  1.8665  1.3055  0.7564  2.4257  2.0058  4.2204  4.8116  0.3688  0.793  5.4018  2.1286  2.5504  0.3725  2.6697  1.9395  4.9524  1.494  0.0989  1.9603  
trainID = 863  3.5261  7.164  0.0419  1.5206  3.4944  0.5564  3.7986  0.1834  0.081  3.455  0.4068  4.1831  0.3733  5.7866  13.4294  3.6611  3.6664  8.0391  1.8196  3.5165  0.8093  3.5882  3.245  4.674  10.637  0.7774  4.1054  2.5993  1.4939  2.0207  2.0524  3.9339  4.1823  4.5971  0.8417  0.5784  3.3161  
trainID = 874  2.9534  8.6518  1.9244  1.3007  2.0858  2.4049  1.7746  0.3999  0.156  1.477  0.7223  0.4667  1.2719  2.3737  5.9384  1.0637  3.2187  2.0679  4.8193  0.352  1.2761  4.4992  2.0805  3.8286  4.5874  3.4163  1.8592  8.4618  0.7194  5.5411  0.4754  0.1603  4.5166  5.6526  0.5646  0.3564  3.058  
trainID = 878  34.6814  3.478  0.58  1.6274  6.0851  0.8138  2.6593  0.3913  3.3358  4.5197  0.6653  0.713  2.1827  1.69  4.0107  0.4194  6.0941  5.3746  4.9348  1.3898  2.2809  3.2318  3.838  0.1646  2.5601  4.4474  5.8188  4.4869  1.1748  2.3392  4.2541  0.0232  0.918  1.4854  0.092  0.4724  3.5538  1.363  
trainID = 879  5.0061  5.7135  1.7804  1.4897  0.3683  3.4643  3.2256  0.4849  0.633  3.1142  1.6269  0.5471  6.6728  8.4762  0.3152  3.646  4.6125  3.0724  1.4195  0.4092  3.4276  3.2571  3.374  6.4656  6.8352  5.2838  10.3788  1.026  8.4179  0.5035  1.8848  3.8683  4.1169  2.377  0.4394  0.4815  
trainID = 894  35.5816  2.917  6.9038  0.5282  2.7075  4.6487  1.4806  0.8577  1.552  0.9513  0.449  0.0796  2.1439  0.1049  17.1941  7.3926  13.9192  1.6326  10.285  6.451  0.9865  4.2153  0.2291  5.0896  3.0865  10.654  3.5028  7.679  0.5793  2.0104  0.4831  0.1274  7.8062  1.504  5.2605  0.188  1.9244  2.684  
trainID = 898  34.8123  0.3438  8.8757  2.2906  2.1074  4.1377  1.9778  1.3748  1.2445  0.26  1.473  0.3096  3.4554  1.8849  13.603  8.9838  11.8405  2.7342  9.9301  5.6328  0.6905  3.7491  3.2427  2.2502  1.9238  11.0696  1.7717  6.9901  0.0429  2.3799  2.1639  0.7836  2.5577  1.5308  3.9585  0.544  0.1144  2.4909  
trainID = 900  4.3554  7.1884  2.1194  1.9017  0.529  4.1023  1.9936  2.3375  0.023  2.083  0.098  1.8017  9.4678  8.2296  2.1988  3.9056  5.3431  4.494  1.1785  2.0911  5.5195  7.3405  5.4779  6.3487  9.092  8.1542  10.5073  0.456  9.3202  1.4938  3.7115  6.4752  4.6395  5.3986  3.6528  0.3358  31.4759  
trainID = 905  2.7795  7.6853  2.3801  1.6129  3.6644  0.6877  2.8136  0.5409  1.477  1.976  1.1504  3.9695  1.3117  5.2273  17.1385  13.1009  2.2018  9.6722  3.8361  0.5065  2.4619  0.606  0.5063  2.2008  10.845  3.8588  4.6725  0.9564  1.1349  1.4702  0.6087  7.7863  2.1201  3.9724  0.492  0.1362  2.9224  
trainID = 939  0.5148  0.0818  1.0414  4.8589  2.5941  1.1495  0.8192  2.3373  2.7154  4.0072  1.637  1.4347  0.5113  6.3243  3.1783  0.1663  0.7264  2.1345  0.0686  4.046  3.487  0.4951  0.7879  3.1319  9.9329  1.1163  3.0221  3.8046  2.3402  5.2174  3.5609  0.302  2.0367  1.8475  2.8208  1.8278  35.7182  
trainID = 950  32.4009  2.7513  2.8346  0.7543  11.1147  2.5695  3.8264  2.4971  5.8867  5.3642  1.9402  0.445  4.1097  0.7248  4.365  0.1866  14.7766  15.5796  18.8131  4.8016  3.391  4.9781  3.1326  1.883  0.4847  5.6987  5.4324  9.8638  2.5676  3.5065  5.913  1.0457  1.274  3.615  0.7056  0.0438  4.6113  34.6441  
trainID = 959  35.4803  1.3194  2.8413  1.575  8.3522  0.5819  2.017  1.2398  7.8711  4.4635  1.6793  0.064  0.8606  1.0709  6.4955  0.8047  10.475  6.633  13.0597  2.8667  2.8216  4.4282  2.6279  0.958  0.0212  3.7198  7.8904  7.2715  0.2201  2.6205  6.1272  1.0533  0.493  2.8979  0.9302  2.0534  3.066  0.744  
trainID = 964  37.0945  1.6257  2.7897  0.1263  9.0164  1.4016  3.4161  0.9648  7.3288  3.1548  3.3552  0.06  1.0109  0.1318  3.6025  0.0578  13.0441  9.5129  17.138  0.4843  0.1131  5.8707  5.6146  2.0201  0.5918  3.4131  6.6463  6.2635  1.8913  0.4143  6.9315  2.1113  1.222  3.2961  1.328  1.3301  4.0376  0.098  
trainID = 972  2.3563  3.7206  3.0964  2.0216  1.1908  2.5153  0.669  1.6162  0.399  3.7689  1.532  3.7397  6.2919  2.1618  3.1447  3.3136  0.1202  0.1623  3.4937  5.696  2.8741  0.4953  2.0183  0.0528  19.0244  2.0132  2.8641  2.2139  8.5913  2.7817  6.0972  2.2921  1.8634  3.5998  2.5679  0.2252  36.4058  
trainID = 973  1.03  0.6205  7.3932  2.6235  0.2573  1.931  0.4519  1.42  2.0984  1.2937  1.848  0.2743  4.3646  0.3263  3.3451  9.6677  6.0634  4.1139  3.0398  2.9017  2.1745  0.0526  1.9443  1.0028  3.6606  7.1108  0.9747  2.4558  2.3551  1.6149  3.1969  0.0397  2.014  1.3577  2.5911  0.011  1.9147  2.4159  
trainID = 990  5.0073  8.055  0.1161  0.4773  1.1197  0.1424  3.8776  1.0502  0.06  1.6315  0.704  0.165  2.3711  7.614  1.9471  1.5943  4.3062  5.4617  0.7797  3.7133  2.1698  1.8885  2.5258  4.8217  0.8443  5.0598  5.5508  1.1137  4.4833  0.4593  1.0113  1.6979  1.2872  0.8381  0.2624  2.2401  0.887  
trainID = 1006  1.01  2.1576  3.1739  1.3264  1.3289  0.9498  1.7191  0.1816  3.4165  1.3591  3.4013  0.088  1.4667  1.1325  4.5398  1.1361  0.0548  1.0791  2.2021  4.1536  2.246  0.9599  0.0054  1.9813  1.0815  4.1835  2.9549  0.7632  2.357  0.952  4.2104  3.1488  0.765  1.9272  1.5104  1.3091  3.4385  35.7518  
trainID = 1007  35.7879  2.0618  7.5481  3.0576  0.9578  7.1555  3.9127  0.9915  2.0344  3.5508  3.123  0.7703  2.7875  1.9033  13.9876  8.4059  14.1944  1.5596  8.8738  7.2349  1.8225  4.4897  2.5364  2.3751  0.77  9.497  6.571  7.2843  0.3581  3.8059  1.9529  0.7474  5.6267  0.801  3.2068  1.631  0.7932  4.6564  
trainID = 1010  4.4314  3.7022  0.216  0.8222  2.0655  1.5169  1.4347  0.0778  0.584  3.2706  1.357  1.7437  7.2019  0.5481  0.2143  5.17  3.294  1.715  1.5825  5.8301  8.4855  2.6645  2.2532  0.0406  20.2122  6.6002  4.6771  1.5614  11.9724  2.3902  5.3089  4.2898  1.2276  2.6295  4.4367  0.1539  34.9666  
trainID = 1038  0.171  0.3287  5.8751  2.7884  2.6343  1.0279  1.8056  2.5966  0.18  0.619  3.3432  2.1105  1.7607  5.8464  6.0804  1.3718  4.3855  3.2418  2.0563  0.9785  1.0697  2.5318  3.3512  2.5279  4.2313  6.559  4.7006  7.9952  3.0185  7.0426  0.6619  1.2755  5.5275  2.4686  1.335  1.8414  1.8201  34.1367  
trainID = 1055  3.2942  7.6011  0.4695  0.9863  2.9142  0.0344  1.8786  0.7789  0.231  2.0967  3.2002  0.7358  2.7849  11.1821  4.6785  4.0455  7.8033  4.4356  1.2125  1.0973  2.6006  2.917  4.4628  6.4161  0.9393  2.5791  3.4851  0.9941  5.165  0.8523  2.0464  2.9884  3.1338  0.035  0.1711  1.6554  
trainID = 1058  2.6216  5.8783  1.5634  0.4132  0.9662  0.4621  4.6216  2.1416  2.075  2.7139  0.015  3.8627  9.6283  7.1052  0.8085  6.4705  1.788  2.5508  0.0409  2.8373  5.795  6.4453  3.5416  4.964  13.591  11.3559  17.1337  0.855  11.5511  1.0657  4.432  5.6129  5.3503  1.3279  2.2052  3.2781  32.9907  
trainID = 1068  0.1128  10.3236  3.6804  1.1299  3.5906  3.4259  2.8616  0.3531  2.0989  1.771  3.2838  5.9732  2.9995  2.0515  31.2453  18.7261  4.1187  13.0082  5.2031  3.7335  0.6046  0.0705  3.9066  4.2442  12.4005  3.4551  5.6018  4.4977  3.8749  0.5277  3.1581  7.6932  0.099  4.9992  1.376  2.0094  4.3023  1.126  
trainID = 1102  2.5603  7.1436  0.217  0.3355  1.102  0.3548  4.0126  0.0191  2.129  2.4556  0.3042  0.5821  7.5328  8.2456  0.111  5.1175  4.7519  1.0677  0.087  0.7364  6.7544  3.5316  4.7527  5.3814  6.0775  2.5436  8.4668  0.9625  6.6848  0.0736  0.598  3.7492  3.0153  1.9394  3.4251  0.2408  0.42  
trainID = 1124  4.9305  4.3351  0.1667  2.9369  0.6988  2.9663  3.9296  0.7388  0.417  3.6822  0.672  0.0555  11.475  6.6338  0.2169  4.1322  2.361  3.4939  1.6289  2.5234  6.1911  2.4905  2.6754  3.8907  15.3507  14.8379  18.9373  0.1416  11.7223  2.3443  4.266  5.4849  1.1957  5.6467  4.2089  1.6586  32.2417  
trainID = 1166  34.6561  3.9795  1.957  1.7214  7.9585  0.0923  1.8167  4.5246  3.6614  5.8985  3.7766  0.762  3.3017  0.6709  5.2594  1.2776  8.1456  9.9537  11.0504  3.9006  4.7391  3.8933  3.816  1.0793  0.3064  5.8292  4.5048  8.7514  2.906  2.4704  5.5105  1.8625  1.07  2.8585  0.051  1.3524  4.5138  31.7529  
trainID = 1172  36.5725  2.9244  5.0071  3.3985  2.682  6.9297  3.9173  0.8274  4.1152  3.157  0.7979  2.6222  1.043  9.5067  5.312  8.8134  0.7979  9.4996  9.0344  0.1369  4.114  2.9379  4.4569  0.8102  8.368  4.5655  4.061  0.4414  2.0138  1.6371  0.247  5.3171  2.6316  0.8583  1.561  0.3654  4.665  
trainID = 1196  6.2116  7.9632  3.2364  1.3125  1.0958  1.077  5.9456  1.4708  0.646  0.385  2.7873  1.3141  1.0236  7.4209  7.2089  1.8068  3.926  5.8936  4.1188  2.5325  4.8798  3.3636  4.2827  3.0715  4.8535  7.4483  6.0957  9.3927  0.2401  7.3883  0.5665  2.5212  5.7307  4.1073  2.1733  2.0451  1.6046  34.1343  
TrainID = 727  dbValue = 1.3065  nTestCell = 39  nTrainCell = 37  nDiff = 2  (X,Y) = (1475, 1045)  Position Error = 46.0977
TrainID = 187  dbValue = 1.30876  nTestCell = 39  nTrainCell = 36  nDiff = 3  (X,Y) = (1495, 1015)  Position Error = 11.1803
TrainID = 294  dbValue = 1.38614  nTestCell = 39  nTrainCell = 37  nDiff = 2  (X,Y) = (1525, 1015)  Position Error = 20.6155
TrainID = 380  dbValue = 1.41968  nTestCell = 39  nTrainCell = 37  nDiff = 2  (X,Y) = (1505, 1035)  Position Error = 25
TrainID = 358  dbValue = 1.60943  nTestCell = 39  nTrainCell = 38  nDiff = 1  (X,Y) = (1505, 1035)  Position Error = 25
TrainID = 752  dbValue = 1.66544  nTestCell = 39  nTrainCell = 37  nDiff = 2  (X,Y) = (1495, 1085)  Position Error = 75.6637
TrainID = 638  dbValue = 1.66833  nTestCell = 39  nTrainCell = 38  nDiff = 1  (X,Y) = (1505, 1045)  Position Error = 35
TrainID = 447  dbValue = 1.73071  nTestCell = 39  nTrainCell = 38  nDiff = 1  (X,Y) = (1575, 995)  Position Error = 71.5891
TrainID = 577  dbValue = 1.77727  nTestCell = 39  nTrainCell = 38  nDiff = 1  (X,Y) = (1415, 1055)  Position Error = 100.623
TrainID = 650  dbValue = 1.83202  nTestCell = 39  nTrainCell = 38  nDiff = 1  (X,Y) = (1485, 1015)  Position Error = 20.6155
TrainID = 460  dbValue = 1.88791  nTestCell = 39  nTrainCell = 37  nDiff = 2  (X,Y) = (1465, 965)  Position Error = 60.208
TrainID = 569  dbValue = 2.00015  nTestCell = 39  nTrainCell = 39  nDiff = 0  (X,Y) = (1485, 1045)  Position Error = 40.3113
TrainID = 720  dbValue = 2.18332  nTestCell = 39  nTrainCell = 37  nDiff = 2  (X,Y) = (1425, 965)  Position Error = 91.7878
TrainID = 649  dbValue = 2.22544  nTestCell = 39  nTrainCell = 37  nDiff = 2  (X,Y) = (1455, 1115)  Position Error = 116.297
TrainID = 837  dbValue = 2.33827  nTestCell = 39  nTrainCell = 36  nDiff = 3  (X,Y) = (1415, 1075)  Position Error = 111.018
TrainID = 188  dbValue = 2.34293  nTestCell = 39  nTrainCell = 37  nDiff = 2  (X,Y) = (1435, 1105)  Position Error = 118.004
TrainID = 990  dbValue = 2.36039  nTestCell = 39  nTrainCell = 37  nDiff = 2  (X,Y) = (1425, 1105)  Position Error = 124.197
TrainID = 385  dbValue = 2.36085  nTestCell = 39  nTrainCell = 37  nDiff = 2  (X,Y) = (1455, 1105)  Position Error = 107.355
TrainID = 973  dbValue = 2.41977  nTestCell = 39  nTrainCell = 38  nDiff = 1  (X,Y) = (1375, 1025)  Position Error = 130.863
TrainID = 656  dbValue = 2.4845  nTestCell = 39  nTrainCell = 39  nDiff = 0  (X,Y) = (1445, 985)  Position Error = 65
TrainID = 324  dbValue = 2.48494  nTestCell = 39  nTrainCell = 37  nDiff = 2  (X,Y) = (1375, 1065)  Position Error = 141.156
TrainID = 679  dbValue = 2.52035  nTestCell = 39  nTrainCell = 36  nDiff = 3  (X,Y) = (1395, 1095)  Position Error = 139.014
TrainID = 813  dbValue = 2.52479  nTestCell = 39  nTrainCell = 37  nDiff = 2  (X,Y) = (1555, 1105)  Position Error = 107.355
TrainID = 503  dbValue = 2.56194  nTestCell = 39  nTrainCell = 36  nDiff = 3  (X,Y) = (1385, 985)  Position Error = 122.577
TrainID = 874  dbValue = 2.60748  nTestCell = 39  nTrainCell = 37  nDiff = 2  (X,Y) = (1445, 1125)  Position Error = 129.711
TrainID = 594  dbValue = 2.67246  nTestCell = 39  nTrainCell = 38  nDiff = 1  (X,Y) = (1375, 1065)  Position Error = 141.156
TrainID = 126  dbValue = 2.68694  nTestCell = 39  nTrainCell = 38  nDiff = 1  (X,Y) = (1425, 1115)  Position Error = 132.004
TrainID = 1006  dbValue = 2.77428  nTestCell = 39  nTrainCell = 38  nDiff = 1  (X,Y) = (1575, 1045)  Position Error = 78.2624
TrainID = 376  dbValue = 2.81083  nTestCell = 39  nTrainCell = 36  nDiff = 3  (X,Y) = (1355, 1055)  Position Error = 156.605
TrainID = 1055  dbValue = 2.83061  nTestCell = 39  nTrainCell = 36  nDiff = 3  (X,Y) = (1375, 1095)  Position Error = 155.322
TrainID = 771  dbValue = 2.86212  nTestCell = 39  nTrainCell = 38  nDiff = 1  (X,Y) = (1545, 1055)  Position Error = 60.208
TrainID = 766  dbValue = 2.87688  nTestCell = 39  nTrainCell = 37  nDiff = 2  (X,Y) = (1345, 1085)  Position Error = 176.706
TrainID = 625  dbValue = 2.89328  nTestCell = 39  nTrainCell = 37  nDiff = 2  (X,Y) = (1585, 965)  Position Error = 91.7878
TrainID = 567  dbValue = 2.90105  nTestCell = 39  nTrainCell = 37  nDiff = 2  (X,Y) = (1425, 1135)  Position Error = 148.408
TrainID = 1102  dbValue = 2.90493  nTestCell = 39  nTrainCell = 37  nDiff = 2  (X,Y) = (1415, 1165)  Position Error = 179.234
TrainID = 659  dbValue = 2.91676  nTestCell = 39  nTrainCell = 37  nDiff = 2  (X,Y) = (1585, 1085)  Position Error = 109.659
TrainID = 599  dbValue = 2.99661  nTestCell = 39  nTrainCell = 38  nDiff = 1  (X,Y) = (1585, 985)  Position Error = 83.8153
TrainID = 578  dbValue = 3.01345  nTestCell = 39  nTrainCell = 38  nDiff = 1  (X,Y) = (1345, 1075)  Position Error = 172.699
TrainID = 637  dbValue = 3.07321  nTestCell = 39  nTrainCell = 38  nDiff = 1  (X,Y) = (1385, 945)  Position Error = 136.473
TrainID = 387  dbValue = 3.08312  nTestCell = 39  nTrainCell = 38  nDiff = 1  (X,Y) = (1595, 1025)  Position Error = 91.2414
TrainID = 700  dbValue = 3.17827  nTestCell = 39  nTrainCell = 37  nDiff = 2  (X,Y) = (1585, 1105)  Position Error = 124.197
TrainID = 361  dbValue = 3.2596  nTestCell = 39  nTrainCell = 37  nDiff = 2  (X,Y) = (1495, 925)  Position Error = 85.5862
TrainID = 879  dbValue = 3.28376  nTestCell = 39  nTrainCell = 36  nDiff = 3  (X,Y) = (1425, 1185)  Position Error = 192.419
TrainID = 939  dbValue = 3.29179  nTestCell = 39  nTrainCell = 37  nDiff = 2  (X,Y) = (1635, 1095)  Position Error = 155.322
TrainID = 863  dbValue = 3.3015  nTestCell = 39  nTrainCell = 37  nDiff = 2  (X,Y) = (1325, 1095)  Position Error = 199.06
TrainID = 831  dbValue = 3.33222  nTestCell = 39  nTrainCell = 37  nDiff = 2  (X,Y) = (1515, 945)  Position Error = 65.7647
TrainID = 626  dbValue = 3.36312  nTestCell = 39  nTrainCell = 38  nDiff = 1  (X,Y) = (1605, 925)  Position Error = 131.244
TrainID = 878  dbValue = 3.37238  nTestCell = 39  nTrainCell = 38  nDiff = 1  (X,Y) = (1625, 955)  Position Error = 132.004
TrainID = 688  dbValue = 3.40681  nTestCell = 39  nTrainCell = 37  nDiff = 2  (X,Y) = (1465, 955)  Position Error = 68.0074
TrainID = 545  dbValue = 3.49323  nTestCell = 39  nTrainCell = 37  nDiff = 2  (X,Y) = (1505, 1175)  Position Error = 165
TrainID = 905  dbValue = 3.52657  nTestCell = 39  nTrainCell = 37  nDiff = 2  (X,Y) = (1315, 965)  Position Error = 195.256
TrainID = 657  dbValue = 3.60962  nTestCell = 39  nTrainCell = 38  nDiff = 1  (X,Y) = (1665, 1085)  Position Error = 176.706
TrainID = 395  dbValue = 3.63735  nTestCell = 39  nTrainCell = 38  nDiff = 1  (X,Y) = (1615, 915)  Position Error = 145.344
TrainID = 189  dbValue = 3.71065  nTestCell = 39  nTrainCell = 38  nDiff = 1  (X,Y) = (1615, 955)  Position Error = 122.984
TrainID = 1038  dbValue = 3.71832  nTestCell = 39  nTrainCell = 38  nDiff = 1  (X,Y) = (1465, 1145)  Position Error = 140.801
TrainID = 575  dbValue = 3.73174  nTestCell = 39  nTrainCell = 38  nDiff = 1  (X,Y) = (1435, 905)  Position Error = 126.194
TrainID = 519  dbValue = 3.80224  nTestCell = 39  nTrainCell = 37  nDiff = 2  (X,Y) = (1455, 1175)  Position Error = 172.409
TrainID = 392  dbValue = 3.82664  nTestCell = 39  nTrainCell = 37  nDiff = 2  (X,Y) = (1295, 1065)  Position Error = 217.083
TrainID = 835  dbValue = 3.8499  nTestCell = 39  nTrainCell = 38  nDiff = 1  (X,Y) = (1595, 875)  Position Error = 162.25
TrainID = 540  dbValue = 3.94795  nTestCell = 39  nTrainCell = 37  nDiff = 2  (X,Y) = (1295, 1075)  Position Error = 219.829
TrainID = 972  dbValue = 3.97272  nTestCell = 39  nTrainCell = 37  nDiff = 2  (X,Y) = (1615, 1185)  Position Error = 206.7
TrainID = 155  dbValue = 3.98207  nTestCell = 39  nTrainCell = 37  nDiff = 2  (X,Y) = (1665, 1125)  Position Error = 197.041
TrainID = 565  dbValue = 3.99178  nTestCell = 39  nTrainCell = 37  nDiff = 2  (X,Y) = (1665, 1145)  Position Error = 209.344
TrainID = 440  dbValue = 4.02952  nTestCell = 39  nTrainCell = 38  nDiff = 1  (X,Y) = (1425, 875)  Position Error = 156.924
TrainID = 298  dbValue = 4.13722  nTestCell = 39  nTrainCell = 38  nDiff = 1  (X,Y) = (1705, 1035)  Position Error = 201.556
TrainID = 959  dbValue = 4.2025  nTestCell = 39  nTrainCell = 38  nDiff = 1  (X,Y) = (1665, 915)  Position Error = 186.078
TrainID = 737  dbValue = 4.22538  nTestCell = 39  nTrainCell = 37  nDiff = 2  (X,Y) = (1315, 945)  Position Error = 200.811
TrainID = 293  dbValue = 4.26179  nTestCell = 39  nTrainCell = 38  nDiff = 1  (X,Y) = (1675, 925)  Position Error = 190.066
TrainID = 834  dbValue = 4.31057  nTestCell = 39  nTrainCell = 37  nDiff = 2  (X,Y) = (1575, 1255)  Position Error = 254.804
TrainID = 340  dbValue = 4.33069  nTestCell = 39  nTrainCell = 37  nDiff = 2  (X,Y) = (1545, 1215)  Position Error = 208.866
TrainID = 1010  dbValue = 4.34184  nTestCell = 39  nTrainCell = 37  nDiff = 2  (X,Y) = (1565, 1225)  Position Error = 223.215
TrainID = 898  dbValue = 4.35595  nTestCell = 39  nTrainCell = 38  nDiff = 1  (X,Y) = (1355, 915)  Position Error = 177.553
TrainID = 674  dbValue = 4.38007  nTestCell = 39  nTrainCell = 37  nDiff = 2  (X,Y) = (1695, 1075)  Position Error = 200.811
TrainID = 472  dbValue = 4.3918  nTestCell = 39  nTrainCell = 37  nDiff = 2  (X,Y) = (1525, 1215)  Position Error = 205.973
TrainID = 964  dbValue = 4.43446  nTestCell = 39  nTrainCell = 38  nDiff = 1  (X,Y) = (1685, 905)  Position Error = 208.387
TrainID = 1172  dbValue = 4.49044  nTestCell = 39  nTrainCell = 37  nDiff = 2  (X,Y) = (1435, 885)  Position Error = 143.265
TrainID = 1196  dbValue = 4.50725  nTestCell = 39  nTrainCell = 38  nDiff = 1  (X,Y) = (1435, 1225)  Position Error = 226.108
TrainID = 894  dbValue = 4.62606  nTestCell = 39  nTrainCell = 38  nDiff = 1  (X,Y) = (1355, 905)  Position Error = 183.098
TrainID = 639  dbValue = 4.72543  nTestCell = 39  nTrainCell = 37  nDiff = 2  (X,Y) = (1715, 1145)  Position Error = 249.65
TrainID = 1068  dbValue = 4.83257  nTestCell = 39  nTrainCell = 38  nDiff = 1  (X,Y) = (1265, 925)  Position Error = 254.608
TrainID = 330  dbValue = 4.88547  nTestCell = 39  nTrainCell = 37  nDiff = 2  (X,Y) = (1725, 1035)  Position Error = 221.416
TrainID = 1007  dbValue = 4.96905  nTestCell = 39  nTrainCell = 38  nDiff = 1  (X,Y) = (1345, 915)  Position Error = 186.078
TrainID = 900  dbValue = 4.9957  nTestCell = 39  nTrainCell = 37  nDiff = 2  (X,Y) = (1425, 1235)  Position Error = 238.799
TrainID = 1058  dbValue = 5.13674  nTestCell = 39  nTrainCell = 37  nDiff = 2  (X,Y) = (1465, 1255)  Position Error = 248.244
TrainID = 444  dbValue = 5.1379  nTestCell = 39  nTrainCell = 37  nDiff = 2  (X,Y) = (1465, 1235)  Position Error = 228.528
TrainID = 533  dbValue = 5.14338  nTestCell = 39  nTrainCell = 37  nDiff = 2  (X,Y) = (1345, 875)  Position Error = 209.344
TrainID = 1124  dbValue = 5.1697  nTestCell = 39  nTrainCell = 37  nDiff = 2  (X,Y) = (1485, 1265)  Position Error = 255.783
TrainID = 536  dbValue = 5.19829  nTestCell = 39  nTrainCell = 37  nDiff = 2  (X,Y) = (1415, 1235)  Position Error = 242.332
TrainID = 1166  dbValue = 5.30611  nTestCell = 39  nTrainCell = 38  nDiff = 1  (X,Y) = (1695, 945)  Position Error = 200.811
TrainID = 146  dbValue = 5.37369  nTestCell = 39  nTrainCell = 38  nDiff = 1  (X,Y) = (1705, 895)  Position Error = 230.705
TrainID = 617  dbValue = 5.41037  nTestCell = 39  nTrainCell = 38  nDiff = 1  (X,Y) = (1705, 965)  Position Error = 205
TrainID = 525  dbValue = 5.54376  nTestCell = 39  nTrainCell = 37  nDiff = 2  (X,Y) = (1315, 895)  Position Error = 222.092
TrainID = 513  dbValue = 5.54784  nTestCell = 39  nTrainCell = 37  nDiff = 2  (X,Y) = (1525, 1265)  Position Error = 255.783
TrainID = 742  dbValue = 5.59809  nTestCell = 39  nTrainCell = 38  nDiff = 1  (X,Y) = (1735, 985)  Position Error = 231.355
TrainID = 366  dbValue = 5.92744  nTestCell = 39  nTrainCell = 38  nDiff = 1  (X,Y) = (1715, 925)  Position Error = 226.55
TrainID = 950  dbValue = 6.01402  nTestCell = 39  nTrainCell = 38  nDiff = 1  (X,Y) = (1725, 925)  Position Error = 235.85
TrainID = 162  dbValue = 6.25483  nTestCell = 39  nTrainCell = 38  nDiff = 1  (X,Y) = (1745, 955)  Position Error = 246.221
TrainID = 336  dbValue = 6.28576  nTestCell = 39  nTrainCell = 36  nDiff = 3  (X,Y) = (1395, 1265)  Position Error = 277.714
TrainID = 787  dbValue = 7.86974  nTestCell = 39  nTrainCell = 36  nDiff = 3  (X,Y) = (1765, 915)  Position Error = 276.812
TrainID = 589  dbValue = 7.92  nTestCell = 39  nTrainCell = 36  nDiff = 3  (X,Y) = (1805, 965)  Position Error = 303.356
TrainID = 522  dbValue = 8.26418  nTestCell = 39  nTrainCell = 36  nDiff = 3  (X,Y) = (1795, 915)  Position Error = 305.164
TrainID = 177  dbValue = 8.48935  nTestCell = 39  nTrainCell = 36  nDiff = 3  (X,Y) = (1775, 885)  Position Error = 297.532
