trainID = 154  2.03  1.8914  3.584  3.5522  0.8017  2.2064  5.2774  3.3809  0.8807  1.581  1.9952  1.4459  2.3747  6.6101  3.7485  2.7608  0.8729  2.8553  3.5008  2.078  0.8537  2.6064  4.8917  0.053  2.486  0.9845  1.9977  2.2973  0.6455  1.7762  3.3027  1.2261  2.4892  3.2878  1.2278  0.535  2.5681  1.0432  3.5612  4.2215  0.746  1.7333  2.2991  0.519  
trainID = 216  1.5604  2.5877  2.1363  1.818  1.238  6.3349  3.2489  2.6294  0.2514  0.1819  3.4789  1.7532  2.4312  3.2676  0.3622  2.8685  16.9948  9.8511  15.126  3.9264  6.6995  0.2574  0.037  1.7247  0.9784  1.9893  1.036  0.344  1.505  2.6467  3.8893  2.5551  5.8841  0.2806  0.7935  0.8072  0.5461  1.4636  2.095  2.8782  3.8648  0.223  2.6823  0.979  2.4513  4.2997  
trainID = 244  1.832  2.639  0.4871  6.4952  2.3398  4.4463  5.2654  4.6229  1.7295  0.052  3.4144  0.7584  0.2167  12.9812  5.3751  3.4265  0.6527  0.0284  7.9244  1.935  2.5561  4.9422  2.2627  0.842  0.503  3.9228  4.104  4.6968  5.4251  1.4707  3.258  0.9941  4.4564  1.5365  0.3948  1.3876  3.351  2.4057  4.3369  3.8363  2.038  0.3234  0.0698  0.567  
trainID = 280  3.0792  0.1816  0.96  0.365  1.6339  1.7021  2.0168  1.1191  3.7817  1.8606  1.8529  1.0711  0.2  1.2291  0.4259  2.3223  4.1111  1.1236  0.7438  0.3834  1.6262  3.6924  1.663  0.0178  0.3986  1.6268  1.1811  2.0712  1.0857  0.092  2.088  2.3744  0.3945  1.9842  1.1831  4.1203  1.9516  0.6923  2.306  0.4235  0.6229  1.4631  0.3079  1.241  0.7233  2.8393  
trainID = 489  2.2992  1.6848  0.696  3.9348  4.8116  0.119  2.7278  0.8256  0.3999  1.6919  1.1984  1.201  0.9053  1.6408  0.6419  11.7056  13.816  3.6041  3.253  1.0894  3.7029  2.5456  1.1342  1.7136  1.8619  1.9848  2.3004  0.4837  3.1169  4.1563  1.0007  0.1143  2.0314  0.6634  1.9864  1.8649  1.7017  0.355  2.7277  2.2026  1.4746  2.3767  2.006  0.5273  2.0773  
trainID = 493  1.3601  2.7225  1.475  2.433  0.0867  2.2897  1.4837  0.4813  0.5202  2.2535  2.4629  1.9083  2.42  1.2484  2.3241  0.9203  4.5924  12.1317  4.1316  3.227  1.343  0.8253  1.278  3.7834  1.7854  1.1321  0.348  2.0884  0.9364  0.6322  2.5036  0.2043  1.1984  0.3178  0.6192  1.3016  0.3211  0.2738  3.104  1.7635  1.5067  2.4467  2.4537  0.63  1.7233  4.3613  
trainID = 802  34.0481  2.319  1.3761  0.7089  4.0122  0.4133  3.6755  1.4218  0.811  2.9763  0.662  0.5827  1.0572  3.063  0.5989  1.682  1.8979  1.3932  3.5031  1.8022  2.6044  3.3228  0.0992  0.8451  0.384  0.602  2.4492  0.5742  3.2351  3.078  0.7948  2.5739  1.4414  3.6337  3.5321  0.5994  2.406  1.4391  1.0953  2.1414  1.8463  0.832  0.1174  3.1801  
trainID = 819  4.3512  1.9463  1.527  1.305  0.3348  2.7473  1.0186  0.1699  1.3666  0.1103  0.2475  2.2417  0.969  1.3342  0.345  3.4975  0.2768  8.9372  2.7856  2.9609  1.3712  0.4614  0.654  1.0673  1.7655  2.1897  0.05  1.9146  0.4263  0.7097  1.7207  0.703  1.7677  0.3375  1.4001  1.9397  0.8881  1.2818  1.73  1.753  1.4243  2.2601  3.98  0.835  0.064  2.2475  
trainID = 855  1.4555  0.4477  1.169  0.67  0.9106  3.1767  1.2989  0.7873  2.72  1.3514  0.5398  1.5867  2.7315  1.6034  1.6716  1.1395  5.5791  7.752  5.5608  1.3686  2.3167  1.1384  2.06  0.2018  1.3053  3.1115  2.098  2.2333  1.43  0.799  1.3689  1.0679  2.4113  0.1655  0.2052  0.951  0.6471  2.1132  0.472  3.9454  1.5574  4.1376  3.5535  1.737  3.3293  4.0944  
trainID = 889  3.074  3.5438  0.1726  5.1112  2.6275  3.6995  5.1244  1.4556  0.9302  1.07  2.1573  0.8756  2.1517  9.5019  3.6876  4.7078  0.7215  2.1242  10.3422  0.159  0.7341  3.5278  5.1678  0.186  2.4916  5.2632  3.3983  4.978  3.5478  2.4944  3.9965  0.2554  7.2412  0.7328  0.0225  0.214  0.1372  1.1994  2.2395  1.3631  1.8546  1.2058  1.1097  0.609  
trainID = 920  0.4734  0.8775  0.451  1.175  0.3833  2.2549  2.3217  0.3315  0.0174  1.4178  0.4188  1.36  1.762  0.0581  0.5102  1.0702  0.4073  1.6479  1.3183  0.9087  2.0516  2.2307  3.0547  1.5908  0.3196  3.586  0.92  0.4  1.4732  0.5453  2.0057  0.1086  0.9784  0.3579  1.8791  1.9583  1.9301  1.6022  1.951  1.4334  3.2475  0.915  1.4536  1.117  1.3033  4.2462  
trainID = 930  1.9635  0.1643  0.385  3.252  0.4183  2.9115  0.6285  0.7552  1.8939  2.6777  2.4119  0.0854  2.6003  2.183  0.2457  0.0023  2.9299  4.0972  4.1321  0.9445  1.0145  0.5699  0.511  1.1616  1.0852  1.4257  2.3476  2.445  1.2879  0.4188  0.1733  1.5147  1.4722  1.7103  1.6309  3.8577  2.0495  1.0374  0.627  1.2493  0.0607  1.9923  2.1663  0.634  0.0947  2.2864  
trainID = 984  4.8762  0.9284  0.133  0.137  0.9784  3.1494  4.5322  2.4738  0.7434  1.179  2.3349  2.1009  2.3153  1.2285  1.4501  2.0204  3.526  7.8476  3.0816  2.5597  4.2926  1.9742  0.503  0.9204  0.5047  2.1465  1.6113  2.6007  2.6022  1.9863  2.2493  1.4875  0.2878  1.0594  0.2329  3.5387  0.7259  0.6024  0.8869  3.5661  0.9875  0.712  2.4695  0.344  1.3183  1.8176  
TrainID = 920  dbValue = 1.344  nTestCell = 47  nTrainCell = 46  nDiff = 1  (X,Y) = (1405, 1865)  Position Error = 53.0754
TrainID = 280  dbValue = 1.48551  nTestCell = 47  nTrainCell = 46  nDiff = 1  (X,Y) = (1385, 1865)  Position Error = 40.7063
TrainID = 930  dbValue = 1.511  nTestCell = 47  nTrainCell = 46  nDiff = 1  (X,Y) = (1355, 1845)  Position Error = 19.4165
TrainID = 819  dbValue = 1.59597  nTestCell = 47  nTrainCell = 46  nDiff = 1  (X,Y) = (1325, 1845)  Position Error = 44.0114
TrainID = 984  dbValue = 1.93529  nTestCell = 47  nTrainCell = 46  nDiff = 1  (X,Y) = (1315, 1855)  Position Error = 57.2451
TrainID = 493  dbValue = 1.94247  nTestCell = 47  nTrainCell = 46  nDiff = 1  (X,Y) = (1295, 1845)  Position Error = 72.7805
TrainID = 855  dbValue = 1.99937  nTestCell = 47  nTrainCell = 46  nDiff = 1  (X,Y) = (1325, 1805)  Position Error = 47.5079
TrainID = 154  dbValue = 2.29045  nTestCell = 47  nTrainCell = 44  nDiff = 3  (X,Y) = (1375, 1915)  Position Error = 86.4696
TrainID = 489  dbValue = 2.31903  nTestCell = 47  nTrainCell = 45  nDiff = 2  (X,Y) = (1275, 1865)  Position Error = 97.8621
TrainID = 802  dbValue = 2.51889  nTestCell = 47  nTrainCell = 44  nDiff = 3  (X,Y) = (1435, 1885)  Position Error = 88.8651
TrainID = 889  dbValue = 2.6638  nTestCell = 47  nTrainCell = 44  nDiff = 3  (X,Y) = (1375, 1985)  Position Error = 156.259
TrainID = 244  dbValue = 2.87052  nTestCell = 47  nTrainCell = 44  nDiff = 3  (X,Y) = (1365, 1985)  Position Error = 156.003
TrainID = 216  dbValue = 2.93386  nTestCell = 47  nTrainCell = 46  nDiff = 1  (X,Y) = (1275, 1755)  Position Error = 117.29
