trainID = 368  0.9058  2.8223  1.683  1.5862  1.2656  0.1952  4.2184  0.3649  2.2396  2.8006  2.371  2.4257  7.6941  3.0514  0.1715  1.2723  2.9281  6.2419  1.599  0.967  4.6026  0.8432  2.8659  1.385  5.4589  2.3389  2.884  2.8447  0.8889  4.1567  0.86  2.7379  0.6682  1.0587  2.608  0.2968  0.4849  1.8657  0.5122  2.2495  0.339  1.1529  
trainID = 377  2.0557  0.1883  0.375  4.3163  1.0467  2.6543  0.69  0.9409  0.198  0.4703  1.684  5.565  2.6482  1.7349  3.0264  2.9144  0.0678  0.9115  1.088  2.1407  1.9867  0.8121  2.1569  2.3051  0.5557  2.6699  1.4572  2.9441  2.8297  5.6522  0.5876  6.7498  2.6474  3.0195  0.129  0.2558  1.2294  1.0774  1.2578  2.7217  2.1742  2.5986  31.505  
trainID = 456  0.5477  3.6963  0.178  3.0301  3.8644  0.3964  1.09  0.6173  1.222  0.8546  1.5428  3.319  0.1025  7.9217  3.9515  1.9952  5.2801  2.1879  3.3068  2.6509  0.6637  2.059  4.3739  0.823  3.6297  0.0568  4.1664  6.3748  9.6103  5.0069  0.7466  6.2131  0.0628  0.2227  3.74  3.4659  0.1813  0.9353  0.3014  3.2558  2.9864  1.3266  34.3966  1.16  
trainID = 489  0.6342  2.4275  4.1022  2.277  5.015  2.3862  3.954  1.7602  0.37  3.449  0.8375  2.0043  1.6848  0.3013  12.8191  7.7536  1.7364  1.315  5.5452  1.7286  6.6762  1.7151  0.5436  0.1229  1.9934  7.3497  2.0578  6.5788  5.6469  4.9449  8.887  1.9724  5.3563  3.4532  2.7364  1.003  3.6824  7.5484  2.9204  0.0457  4.0495  0.269  1.5851  
trainID = 493  3.3873  0.0944  2.4995  0.9321  4.7096  0.5326  3.183  2.4701  1.589  0.81  2.9912  2.6876  0.1226  7.4145  11.1348  8.2811  1.7104  1.5686  8.4228  0.461  9.3254  1.6433  0.1862  2.2099  1.7814  7.8024  0.4269  4.9261  6.4433  6.029  6.5378  3.255  6.0411  1.2672  1.3085  2.456  2.7182  6.8525  1.9483  0.0313  1.4135  1.465  3.8691  
trainID = 508  0.7111  2.7253  0.118  0.9545  2.1993  1.2931  4.4782  0.0524  0.339  0.7697  0.3356  2.6481  3.8461  0.9268  3.8337  1.4176  4.048  1.8734  0.583  2.8575  0.1983  0.0177  5.0509  0.343  1.8495  0.293  3.7783  0.8282  0.8741  0.6517  0.0699  0.0485  1.144  2.2536  0.032  0.8828  1.6915  0.5268  0.6979  1.948  3.6168  0.2366  0.136  
trainID = 516  5.0619  1.1664  0.342  3.9513  2.2557  1.1995  33.6215  1.583  0.781  1.4313  3.8768  2.6984  3.8782  2.2655  2.5041  1.2018  0.242  1.0471  4.6569  2.6451  1.6529  1.155  2.0862  1.0605  0.9793  2.9224  3.498  0.5845  2.4502  2.9886  4.3899  4.495  1.0961  2.4705  0.7844  1.8977  2.1137  1.3575  1.9033  2.4253  0.385  1.1  
trainID = 546  1.0815  3.2382  1.006  1.6384  3.1322  1.9124  1.375  0.4254  0.239  1.5888  2.858  1.2544  0.9252  3.2473  3.4284  1.8022  3.073  0.0567  1.352  0.2172  3.9887  2.5414  3.0679  0.768  0.7248  0.1809  1.9155  8.9513  9.0992  8.9743  0.87  6.3671  2.9536  2.0951  0.047  2.5569  1.1551  2.4235  1.6024  0.176  2.9338  3.8667  33.8094  
trainID = 550  1.5011  0.6516  1.534  2.6163  2.736  2.0669  1.968  1.1017  0.766  2.144  0.5497  0.975  2.0799  3.4839  1.9261  1.9572  1.8118  3.1491  1.8248  1.358  1.567  0.6493  2.2648  2.0669  3.272  1.9654  1.2424  1.2082  4.4301  5.6266  5.0486  0.6091  3.6027  1.9915  1.6004  1.3121  3.2106  0.3666  3.157  0.1115  3.7304  2.5175  0.9029  32.3247  0.215  
trainID = 553  0.3563  2.8861  1.9045  1.0938  4.7406  0.319  1.336  1.4047  2.1098  1.1345  1.6379  1.0474  1.9571  5.7909  3.9069  2.6263  3.4191  1.974  4.0986  0.1657  0.8171  32.2563  3.4727  1.3468  2.0353  4.6058  3.6105  2.5566  0.3953  3.4708  4.9425  0.4675  0.164  3.0409  2.5933  0.2657  2.1708  0.2362  3.0596  1.3955  33.6872  1.306  
trainID = 632  3.1065  1.7747  2.214  0.4653  0.674  0.2251  4.6575  0.5964  1.838  0.151  4.3111  0.6326  1.1719  8.631  5.933  1.3028  2.2378  1.9206  6.0496  0.774  3.6082  3.3303  1.3972  2.0359  1.277  5.0013  0.5516  1.7885  6.0018  1.8344  4.0414  0.6254  4.6774  0.3179  3.1618  0.69  0.61  4.0979  1.2661  1.32  0.5858  2.3293  0.0399  
trainID = 664  3.8938  1.5704  2.6306  2.5681  0.8852  0.801  2.179  0.478  0.688  1.638  3.5015  2.3398  0.8575  2.8338  5.1887  1.4471  1.1684  2.6095  2.7518  0.848  6.8434  0.8934  4.4887  1.4245  1.113  0.086  1.2969  4.8899  3.3215  5.1502  3.5715  2.7629  0.9632  3.9871  0.8509  1.547  1.1934  8.1885  0.5714  2.2674  2.0235  0.644  2.4008  
trainID = 696  0.4809  0.7175  1.7836  2.0503  1.4151  1.5902  2.269  0.073  1.7803  2.586  1.6383  1.2717  1.6623  4.4881  7.8886  4.8817  2.1143  0.5657  2.8246  0.162  4.4825  0.771  0.664  1.3399  0.8  4.5608  2.5117  5.6079  4.3025  4.0445  5.6552  1.5921  3.8843  2.3937  2.2525  0.962  4.3109  7.1932  2.1584  1.3663  2.3675  0.402  0.3321  
trainID = 697  0.0758  1.5892  0.793  3.8993  4.3913  2.7013  2.649  1.0821  0.727  1.6889  2.436  3.894  0.1538  1.9652  4.2209  0.1088  2.6374  3.1749  1.26  3.0793  1.9299  0.5188  2.9189  0.662  1.357  0.8243  4.6007  3.087  6.006  4.4368  1.5662  2.2466  0.1911  0.9231  1.1371  1.0926  2.2725  0.6949  0.9198  1.4548  2.6705  1.6833  33.288  
trainID = 705  0.4284  0.7033  0.282  1.0958  4.3461  0.7049  2.276  0.4891  0.226  1.7021  1.6476  2.4217  2.4393  4.5632  4.5937  0.1774  5.2406  1.264  1.049  1.1333  1.1597  0.676  2.5989  2.168  3.421  0.5992  5.2101  1.473  4.6912  2.7799  0.4086  3.1716  0.722  2.8436  0.896  2.6181  1.5439  0.3682  2.6378  1.0603  4.0565  1.8619  32.8525  
trainID = 726  0.4111  1.7291  1.0685  1.5716  0.7169  0.4088  0.731  1.3638  0.619  3.028  0.507  3.9747  1.2483  0.0049  8.5417  0.9348  3.8599  0.3223  1.0185  1.6189  3.191  2.6326  1.5629  0.8611  0.623  1.7816  3.5022  2.4064  6.1691  4.1701  5.1717  2.0597  3.0236  2.536  1.7124  0.453  3.3324  4.817  3.125  2.7947  0.0961  2.051  1.0521  
trainID = 770  4.3328  1.5006  0.409  3.8273  2.767  0.1319  1.201  2.2044  1.4873  2.1639  7.0367  2.0014  4.755  3.6933  1.2329  2.8103  1.6473  0.7706  5.4959  2.6894  2.3989  0.591  0.3318  1.5082  4.232  3.7033  21.0902  7.0458  2.215  7.1472  8.2049  6.5668  2.5315  5.008  3.9055  2.2426  5.3698  3.648  4.7712  3.2543  32.4119  2.409  
trainID = 791  2.3499  1.9999  1.9367  4.3103  0.0922  0.2341  2.326  0.0868  0.197  0.875  1.4434  1.103  1.8721  4.8638  3.3235  2.0035  2.0563  2.3799  0.5382  0.621  3.3511  0.3982  3.4102  0.1622  0.287  0.4083  4.6972  0.8596  1.7077  2.6347  1.2959  0.3796  0.0682  1.6365  0.6628  1.9141  2.0942  5.9736  0.9843  2.0129  0.2539  0.6265  1.9703  0.922  0.802  
trainID = 802  4.6767  1.6752  0.029  0.8641  0.5139  1.3643  4.8349  2.4145  0.169  1.631  1.1601  0.6937  2.0201  11.408  2.6789  2.2516  0.1234  3.2775  7.4459  1.7874  2.2192  3.3295  0.4732  2.2459  0.909  4.4168  1.6333  0.8126  3.5696  4.0358  4.2817  1.1944  3.709  1.9438  0.4353  1.758  0.4844  4.2505  2.2536  0.5761  1.2115  0.3757  2.6879  0.728  
trainID = 819  3.6354  0.3632  5.0018  0.2809  2.8228  2.6758  5.3984  2.8035  0.138  3.077  0.7085  2.4546  12.2837  7.9403  6.9351  1.4443  1.5968  9.7095  0.163  4.4747  5.1942  0.8714  1.9119  1.6076  6.4397  0.3494  4.1432  7.3506  6.5983  6.5181  1.2357  5.403  0.7002  2.3165  1.082  2.7077  6.7701  2.1349  1.5576  1.2085  0.1943  1.7553  
trainID = 827  2.4108  4.4365  1.5741  0.4208  0.8862  1.5743  1.12  0.8706  0.345  1.9262  2.216  3.377  0.1321  0.7116  0.9304  1.3959  2.9888  1.6373  0.774  0.4873  0.9241  2.9608  1.6729  1.016  2.6009  2.3464  0.9321  0.5619  1.8255  1.9187  0.4415  0.0907  2.0108  1.7137  1.033  0.129  1.226  0.274  0.4943  1.9879  1.693  1.3216  
trainID = 855  2.39  0.7926  2.6843  0.3365  1.4694  1.4347  5.1061  2.1485  1.9005  1.111  3.3462  2.0351  2.1824  17.586  6.7551  9.7103  0.148  2.5423  10.3865  1.243  5.7438  4.734  1.7932  0.2361  1.9263  5.436  1.8581  3.7914  5.5797  7.2419  6.6901  2.841  8.2937  2.2354  3.1479  0.176  4.9001  6.9032  0.2574  1.1311  3.7805  3.071  3.6022  
trainID = 889  0.2432  2.2115  1.128  2.1767  0.4899  2.3383  4.1903  1.492  1.901  0.552  0.4145  0.5121  1.1088  2.505  2.6907  0.5583  0.7951  1.8986  1.0941  0.658  4.8079  0.0991  3.8495  1.6759  2.1846  1.6028  2.3392  2.5555  3.0998  2.3362  2.8591  2.8912  0.1015  0.8555  1.0122  0.862  1.0919  4.1464  2.1555  1.0593  0.1889  1.4641  0.6175  0.8  
trainID = 893  1.3231  2.2811  3.0247  0.4661  2.4687  1.0472  4.4364  2.8875  0.612  2.2746  0.4676  0.2935  1.532  4.9169  0.7457  2.8882  1.3649  1.0273  0.63  2.6466  1.027  1.2919  2.1589  1.292  1.7837  2.3226  0.8494  3.9117  1.0706  1.9931  3.9439  1.4055  3.2837  0.2734  0.713  2.9788  5.8803  0.9724  1.0292  1.7625  0.526  2.4436  
trainID = 912  1.4736  1.0547  1.8262  2.624  1.6537  2.0857  1.278  2.2066  0.964  1.151  2.6487  3.2661  1.2658  2.3021  1.5936  0.768  2.9371  0.4945  1.3613  1.6146  3.1878  0.1694  0.1241  2.2429  0.801  1.3674  0.442  1.5395  2.5458  1.3441  4.027  2.9784  2.759  2.6524  3.6423  1.1513  2.0892  3.5037  1.317  2.546  1.0635  0.045  1.4429  
trainID = 920  3.6839  0.1292  1.6615  0.1193  4.2068  1.3683  5.2271  0.7982  0.931  1.8009  0.1467  0.0273  11.5996  2.6448  5.4678  0.6079  1.826  7.0174  2.2377  3.9512  3.7483  2.2677  2.7819  0.093  5.3928  0.5138  0.4168  6.539  3.8522  7.2135  4.5149  5.3844  0.3418  2.6369  1.303  2.3881  2.0983  3.48  0.9688  3.1605  1.045  3.754  
trainID = 930  2.8823  0.5274  3.3547  0.3044  2.2955  0.1084  3.234  0.4764  1.7693  3.9258  0.1178  1.0452  14.9368  3.1003  8.2816  0.5721  0.7889  9.818  0.306  4.3804  2.3435  0.1074  0.4857  2.752  5.5781  0.6403  2.5958  5.1329  6.3028  5.1453  1.0049  3.485  0.4612  2.0721  1.275  2.204  5.4065  2.4027  0.2561  1.4095  0.1636  1.7942  
trainID = 957  3.3208  0.1387  1.2809  5.3643  1.25  3.0713  33.9485  2.5067  0.3375  1.9593  6.8971  0.4784  3.5148  4.1701  0.5866  0.2562  0.042  3.3072  3.585  4.7477  1.2309  0.759  0.2446  3.1562  0.5456  2.653  8.5548  2.5711  0.4101  3.3174  5.0715  2.9581  0.676  1.1247  0.9394  1.6617  2.6424  2.857  2.8286  1.3618  2.059  1.537  
trainID = 960  0.7177  3.6851  1.3507  3.0082  1.7543  1.8414  3.161  0.7665  0.389  0.374  0.8375  1.2453  2.4316  1.4373  4.9314  5.1329  0.4238  3.4075  2.4274  0.781  2.6129  0.8081  32.6803  3.9884  2.6486  4.887  5.4278  6.3222  3.7916  2.1963  4.6623  0.0228  3.7487  1.066  2.7515  5.1476  0.8377  3.124  0.5741  2.432  0.9999  35.0594  
trainID = 984  2.3222  0.7653  0.549  2.9246  4.9328  1.6071  3.311  2.6627  1.4843  2.9713  1.8136  3.0633  8.4809  6.8507  7.2311  1.0431  4.5182  7.2739  0.314  4.6216  2.924  0.8282  0.2506  2.2937  4.2638  0.9272  4.6718  5.1601  5.1184  5.7962  2.8687  3.804  2.3142  1.6371  1.5349  4.5208  4.3583  3.683  0.0471  2.3875  1.06  1.3254  
trainID = 1044  1.7681  2.1797  1.5798  1.3042  0.9616  0.3598  1.947  0.6849  0.058  1.7898  1.9115  0.3293  2.0327  3.8332  0.5414  1.8751  0.9335  2.2154  0.296  1.3453  1.1457  3.6074  2.5749  0.172  2.043  0.1519  2.8036  4.4096  1.2167  3.2122  1.085  1.4621  1.4117  0.9617  1.2977  2.3018  6.2055  1.3005  0.7998  0.8171  1.4987  0.135  
trainID = 1143  0.2376  0.5767  0.091  3.1059  0.3832  0.5972  35.5945  0.495  0.2456  0.7264  0.0297  6.2876  3.0362  0.8963  3.6061  1.0098  1.3678  0.005  3.3609  0.1735  3.3291  2.2229  0.797  0.0649  1.9775  1.1202  3.5004  0.3847  2.1371  1.4222  1.0736  3.0687  0.3359  1.5518  2.2791  5.7395  1.1404  1.5209  1.2435  0.7  1.6555  0.302  
trainID = 1156  2.2087  0.591  2.7445  2.3195  2.4661  0.3201  3.069  0.6617  0.679  0.117  0.4024  0.3766  1.1555  0.5396  3.6402  0.6201  1.6587  2.1348  2.9998  0.275  1.4975  0.0617  2.5597  1.8379  2.0511  2.1385  3.1938  1.7841  3.5213  1.8781  1.7761  5.2119  0.0468  2.0142  0.0616  3.21  3.3914  5.7501  0.3547  1.2204  2.4265  0.125  1.8733  
trainID = 1163  0.5031  0.0245  2.7236  3.0032  1.9308  0.3564  2.411  0.9925  2.45  1.144  4.8932  3.0301  1.7469  3.8167  7.5168  0.6179  0.8988  0.6049  0.909  2.535  4.8346  0.3464  1.5191  0.9459  2.9015  1.9868  0.9179  0.2387  4.4289  1.7942  5.0263  2.4044  0.362  2.7889  1.6288  0.337  1.3397  4.5812  0.4659  1.9491  0.7808  0.633  0.7053  
trainID = 1184  0.6483  3.2959  2.1009  2.9227  2.1587  1.0788  4.2262  2.339  2.105  2.034  0.5899  2.2766  0.9201  2.0155  2.347  1.244  1.1604  1.4127  0.524  2.2054  1.6923  0.7836  3.5229  0.658  0.8645  0.9508  0.4102  1.402  3.967  1.667  1.8251  2.7565  3.0304  1.984  0.496  1.1842  1.1938  0.574  0.1216  1.9649  3.5196  3.1647  1.308  
trainID = 1188  0.0009  3.986  2.6378  3.9323  2.3771  0.5571  3.38  0.9136  1.306  1.8623  0.9074  4.03  0.4488  0.5088  1.0469  1.5726  4.246  3.992  2.9547  2.0575  0.6985  0.5559  2.3499  0.419  1.6482  0.9376  2.6377  2.7675  1.7281  1.9147  1.4999  1.257  2.9434  0.807  1.2136  0.1338  0.1509  0.0396  0.7773  1.4156  1.7971  0.1179  33.9842  
trainID = 1193  2.6357  2.1805  1.314  3.1551  2.3524  1.6553  35.2105  2.7762  2.888  4.115  5.0129  0.7083  5.3265  2.0563  0.8946  0.4195  0.481  0.4354  3.3433  1.2058  2.2079  0.258  0.5371  0.0223  2.2054  7.5235  19.446  0.7381  2.1362  8.0897  4.6375  4.7654  1.9417  4.128  3.1299  3.1795  1.8483  2.6546  0.109  2.2739  32.4278  0.081  
trainID = 1229  4.3894  4.8406  0.505  5.3643  2.4517  1.7928  34.0465  3.6317  1.1868  0.3024  7.872  0.2484  4.3216  3.7918  1.1377  1.2459  0.071  1.0819  4.6249  3.7415  2.9109  2.6292  3.1111  1.947  0.5379  2.501  16.4084  6.2868  1.7178  6.8251  6.27  3.8254  4.2885  1.1358  1.0622  4.356  3.9179  1.7972  4.973  1.0062  32.9086  1.979  
trainID = 1241  3.1199  2.5263  0.117  0.7695  1.1994  0.7646  5.2389  1.1951  1.7271  0.7995  2.2851  0.1613  1.5338  2.733  2.7373  0.8854  1.419  2.0963  0.78  2.5757  0.5893  1.6221  2.2639  1.121  5.717  0.019  0.6517  1.2608  0.3193  5.7854  2.3033  2.1835  0.87  1.4658  1.391  0.8703  2.894  2.7127  1.6879  1.6504  1.4535  1.37  1.036  
trainID = 1272  0.4445  0.3619  0.555  6.1713  0.3519  1.1795  3.628  0.6922  2.38  0.2874  1.1293  0.1813  3.2236  1.176  0.5893  1.1182  4.3675  1.2218  1.273  0.305  3.2206  1.007  4.2759  0.538  2.8866  1.7392  2.7227  1.293  0.6261  0.5008  0.9995  1.1215  1.82  1.1846  0.091  1.0766  0.7616  1.0642  2.8224  1.5281  1.6095  2.6552  1.18  
trainID = 1295  2.0489  2.3798  1.0285  1.0634  0.5951  1.5195  3.595  0.163  0.826  1.8626  1.4189  0.7172  5.5957  2.7895  0.1631  2.8671  2.7073  3.2915  2.9675  0.9226  1.407  0.3385  2.0789  1.386  4.3996  1.0034  4.313  2.3478  1.9746  0.6876  0.6303  1.5261  1.7074  0.7181  1.8167  1.6545  1.2834  1.5053  0.9482  0.8165  0.3926  0.747  0.881  
trainID = 1337  4.2124  0.9455  1.0057  0.321  0.9846  0.6033  3.224  0.1874  0.433  1.3913  0.5296  0.2833  11.2288  2.3105  3.7615  1.625  1.423  9.1141  0.73  3.3863  0.5543  2.5154  3.5479  0.006  4.9459  0.4299  1.792  7.185  6.1785  4.3721  1.4108  3.0522  0.8204  1.7362  0.145  0.9631  4.2966  1.8361  1.8985  0.1775  0.076  1.0526  
trainID = 1339  2.4693  2.1268  0.079  6.6043  4.0024  5.8133  34.7465  1.9974  0.0601  1.4907  5.3735  1.7949  4.6251  1.896  1.6724  0.8459  2.1825  1.813  5.3309  1.1283  2.7019  0.327  1.4739  1.9871  2.1667  12.1905  19.784  5.6402  1.4115  7.4547  3.2118  1.5937  0.229  3.1513  2.722  2.018  1.7774  2.0965  5.7846  3.5225  34.9577  2.757  
trainID = 1343  3.1159  1.2089  1.676  4.2053  4.3401  4.9683  36.1145  2.849  0.3113  4.666  8.0148  3.2907  6.8738  3.4681  0.0451  1.8415  0.743  0.139  6.7799  0.7154  2.1629  0.525  1.0743  1.9549  2.4299  2.5434  20.5581  14.1469  2.4107  5.6579  4.4026  4.1282  3.2292  1.6761  4.6105  3.5733  2.9371  3.2372  5.5953  2.4771  32.9694  2.847  
trainID = 1344  2.8624  1.7991  1.628  5.7593  1.4888  1.3971  34.4605  0.72  1.7454  0.1208  2.594  5.2189  1.943  6.0048  0.5096  2.93  0.0112  0.513  0.1352  5.7569  0.9431  2.3099  0.054  0.9021  0.3836  2.9364  9.9912  19.1802  3.5012  1.7446  6.6727  3.8384  4.1828  0.003  5.34  3.7133  3.1981  2.3089  2.7152  4.7921  2.3387  35.3498  0.308  
trainID = 1354  0.9795  2.8928  0.653  2.1106  0.3451  2.1745  5.3655  1.928  1.016  1.2736  0.7065  2.4809  0.9905  1.9255  0.8613  2.4722  0.5414  2.9876  0.481  0.9305  2.3875  0.6892  2.7779  0.889  0.4696  1.9437  2.3861  0.5887  1.0427  0.4355  1.5373  2.1837  2.1749  1.9073  1.849  0.3007  0.0912  0.6392  0.9131  1.0482  2.451  0.8732  
trainID = 1392  0.3631  0.3035  1.259  4.1603  3.1072  3.3643  34.8215  1.497  0.1773  0.7946  1.2696  5.7429  2.3459  1.1647  4.4169  0.6194  0.4796  2.076  5.706  3.8081  0.8491  3.9379  1.8548  0.8746  4.5742  3.0482  0.0329  0.2563  1.5712  3.1653  3.2074  3.3061  1.0851  0.726  1.1637  4.3127  1.3674  2.8938  2.6409  2.3574  0.6264  1.549  
trainID = 1394  1.0631  3.697  2.229  3.2828  1.6926  2.8663  2.704  1.5171  0.966  2.2262  3.234  3.03  2.3785  2.1445  5.95  0.8232  2.0564  2.0667  1.5341  0.3164  2.13  1.2527  3.8839  1.436  1.7451  0.5757  4.3877  9.2263  10.7248  10.4765  0.6072  8.1397  3.344  3.1509  0.009  2.4185  6.5526  1.5667  0.8043  4.8076  5.1448  1.8779  31.5703  0.312  
trainID = 1416  1.7312  0.9513  3.254  1.1019  2.6224  1.4955  2.609  0.7955  1.612  2.005  2.3777  1.4551  1.0391  3.9948  6.8007  4.9054  0.6339  0.3961  4.8757  1.133  4.2725  3.0391  1.874  3.0839  0.488  4.9857  1.1906  3.51  4.9585  4.448  5.527  3.6889  5.057  1.1405  3.1683  0.197  5.6835  5.5789  1.7334  1.1393  0.6526  0.2136  0.3289  1.272  
trainID = 1420  1.7938  2.131  1.5953  3.9693  1.8245  0.0761  1.726  2.5567  0.063  1.2164  0.0409  0.8968  2.0829  0.2468  0.0158  2.8796  0.7285  0.4139  0.454  1.0566  1.2014  1.0907  0.2233  1.9817  2.8854  1.3741  0.7271  1.6348  1.1293  1.3826  3.4355  2.2817  1.6463  2.2173  2.1053  1.655  1.1076  1.3428  0.297  0.7956  0.05  0.4937  1.383  1.392  
trainID = 1429  2.8026  1.0154  0.726  6.6863  1.9276  2.6073  34.0525  2.6767  0.4291  4.317  3.2576  1.8784  4.4578  1.5775  2.51  1.0426  0.157  1.2956  2.6632  3.7984  2.1959  0.376  0.6099  1.9244  2.0007  4.0354  9.859  1.2724  0.1074  4.4841  3.2715  2.3495  3.1021  1.6452  0.4907  2.9815  1.9529  2.3347  3.3928  0.2392  32.075  0.613  
trainID = 1436  0.6939  6.1487  0.499  3.8923  3.1272  4.0473  3.019  0.6125  0.185  3.4419  3.632  3.415  0.7197  5.9667  6.0642  0.046  3.2932  1.8374  0.477  1.4261  4.9459  34.7183  2.6339  0.8265  3.9789  30.5683  15.5018  0.238  0.9574  10.1115  0.6293  3.8027  1.591  3.1651  4.9483  0.2707  3.9576  3.972  6.07  4.0783  33.8295  1.722  
trainID = 1437  0.0421  1.5891  0.687  1.8664  2.5773  1.7631  3.234  0.1424  0.647  4.0943  2.13  2.5757  2.1257  2.5978  2.3666  2.0275  3.3606  0.315  0.996  0.1414  3.2396  1.9878  2.4819  0.793  1.8799  0.717  0.4593  6.4426  4.9461  5.5641  1.1759  4.7266  3.1176  3.4692  2.036  2.6399  3.9575  1.6952  0.1144  3.3174  3.7156  1.689  33.9226  
trainID = 1440  3.1498  2.1889  0.76  5.1633  5.4063  2.3973  0.999  1.0086  0.446  1.924  0.0344  1.0209  5.3631  4.0724  3.6565  0.8641  3.2507  0.1768  1.416  0.2034  3.5837  2.1384  3.6049  0.347  0.5042  1.8631  2.742  6.703  9.6774  6.6028  0.7962  5.7194  2.9915  4.0364  0.546  2.8672  2.8909  0.861  0.0451  4.4427  4.5791  3.3283  30.9785  0.497  
trainID = 1444  1.2751  1.2362  1.126  3.6883  1.7304  1.2553  0.949  0.1431  0.702  1.4693  1.061  0.7163  2.6978  2.0342  2.5757  0.8202  1.2498  2.0625  1.011  0.3021  1.9747  4.6724  3.0409  0.276  1.6335  3.1352  1.0755  4.3296  5.3608  2.3384  1.2733  4.9009  1.8389  2.8294  1.8244  0.149  2.6626  1.7799  2.4101  0.3588  2.3555  0.8415  31.8057  0.56  
trainID = 1473  0.8279  7.0002  0.486  2.9908  1.5509  1.3474  3.363  1.6272  1.5256  3.7518  1.93  2.826  3.9572  9.3916  2.8352  0.9772  4.1518  0.3561  3.9004  0.802  0.1129  32.8623  2.2982  0.5437  5.0906  3.9426  0.4032  2.217  3.0017  1.4063  2.9155  3.6227  0.651  0.5271  0.0526  1.9277  4.4841  2.1543  2.7235  0.8296  32.0324  1.353  
trainID = 1480  0.3893  2.7534  0.627  1.9979  1.7711  1.3257  2.111  0.978  1.163  0.4708  0.2367  3.096  3.3217  1.5782  0.2305  1.0798  1.8607  1.1665  1.378  0.5446  1.3691  2.8749  3.0519  1.037  2.6297  1.5143  3.2966  0.3118  0.5917  2.5836  0.1183  2.3354  2.3423  1.4915  0.441  0.325  1.7067  1.2849  1.2711  0.7904  1.0399  0.5805  2.419  
trainID = 1483  0.249  3.3437  4.8811  3.9103  2.7573  1.0043  3.497  0.8753  1.25  0.945  0.5613  1.5044  0.775  9.5307  5.5956  1.0028  1.6234  3.5865  4.5492  2.6015  1.9129  4.7038  1.9364  3.1359  0.106  5.0631  1.4405  2.2273  2.9865  2.5515  4.8599  1.2119  2.1233  0.6949  0.3437  1.639  0.2864  4.4932  2.96  1.9884  0.5436  1.2647  0.2975  1.567  
trainID = 1484  1.6731  0.9965  1.434  2.9838  1.9107  2.2173  3.844  1.3538  1.076  0.747  1.3161  1.1755  1.0059  1.3814  0.5864  2.675  3.8526  1.7223  1.1221  0.593  1.6014  1.9619  2.4377  1.6369  1.6482  0.1113  1.8137  0.6534  1.7214  3.1272  0.7899  1.7843  2.7001  3.7966  1.8378  2.0038  0.3595  1.1831  0.2535  1.6473  3.4157  3.501  1.6935  
trainID = 1503  4.3549  2.0149  2.2789  2.0229  2.6177  1.3169  5.5551  1.9339  2.2278  0.216  0.3724  1.2059  0.7673  7.1503  0.8465  6.4039  1.2626  0.7732  5.5706  0.707  3.1716  5.3007  0.6844  0.8829  0.035  4.7251  0.1886  2.2503  4.6653  5.6225  4.1058  4.4649  3.8837  1.0462  0.5701  1.1549  0.1589  6.1439  1.2838  1.3545  1.7265  0.513  1.3029  
trainID = 1504  1.5124  1.9735  1.7645  1.612  0.2541  0.7247  1.718  2.4416  1.107  0.2891  0.5306  3.266  8.3664  4.1179  1.8457  0.5538  0.4369  6.7546  0.153  5.7826  4.1024  1.541  4.5699  0.602  4.18  1.2174  2.0384  3.6896  2.2926  3.5352  0.4684  3.9463  1.8341  1.9964  0.732  4.2508  4.8285  0.7063  1.5697  1.4925  0.117  3.3714  
trainID = 1507  5.548  1.8216  3.9691  1.5094  3.4731  0.4254  3.472  0.1528  0.077  1.262  3.7497  3.9704  0.6257  18.232  8.4864  13.0072  0.2557  4.5852  9.1218  0.19  3.9651  2.7943  1.2983  1.1889  3.0312  8.5282  0.585  5.97  6.5895  6.8267  8.9343  4.7269  6.9911  0.6809  2.5211  2.021  4.3244  8.7516  3.072  0.8704  1.0635  0.667  2.4365  
trainID = 1526  0.0846  2.3459  5.4571  1.6213  1.9847  1.6226  3.107  2.3978  0.885  1.891  1.717  2.3697  0.3139  4.0396  13.5537  7.8855  0.1322  2.4134  5.0825  0.15  4.9994  0.9164  0.3668  1.5459  2.8991  7.0402  1.7357  4.4647  8.4787  6.4612  5.6271  2.0578  7.6948  2.464  0.0954  1.274  6.8531  9.2745  0.1913  1.7502  3.1235  0.74  2.6136  0.452  
trainID = 1568  0.0892  4.1897  1.28  2.7611  1.6503  3.2353  0.873  0.2613  1.309  2.2856  1.871  0.8446  4.796  4.5649  4.4203  1.6959  2.274  3.5811  1.5659  3.8039  3.3389  32.3073  2.7426  1.2126  4.7423  5.229  6.3735  0.5779  1.9143  1.2897  0.5575  1.7656  0.953  3.3073  1.173  0.3404  2.2298  0.2971  2.4503  1.4945  34.7731  0.386  
trainID = 1601  4.0797  0.4544  2.222  3.2442  4.618  2.7953  36.6955  3.1906  0.5885  3.379  8.5391  1.055  7.017  0.9042  0.5468  1.1251  2.461  1.0605  7.1619  2.7814  2.4959  1.343  1.7091  2.2983  3.9147  5.9161  20.2296  12.121  2.1675  8.7147  3.7478  5.5214  3.4177  4.521  3.9483  1.9691  4.2654  2.2709  4.4805  4.3455  33.6178  0.778  
trainID = 1651  2.5293  1.045  2.1394  2.2385  0.8431  0.8519  0.934  0.4295  1.115  0.774  0.8532  2.1486  0.4162  6.6125  0.6338  4.9505  0.6197  0.4859  4.5238  0.569  3.4533  1.4273  2.9734  2.4119  0.732  2.4416  0.7497  1.1143  6.8898  5.7635  5.7299  4.3629  3.5182  1.1652  2.2914  0.322  1.422  2.6367  3.221  1.4468  1.2005  1.595  0.8505  
trainID = 1671  3.0197  1.4981  1.751  4.8493  2.9023  1.1885  35.9895  1.1111  1.6709  0.04  7.8175  2.3591  3.5632  4.1853  1.5012  2.299  0.496  2.8365  4.1211  4.0756  2.4749  1.413  1.9509  2.9117  1.6379  2.9166  15.8874  7.4861  0.4904  5.729  5.2906  5.5496  1.9473  0.7755  3.3917  2.5074  4.0215  0.9418  2.8325  0.0453  32.0288  0.842  
trainID = 1689  0.891  1.3513  1.2  3.7713  0.6427  1.5937  1.73  0.3196  1.75  2.924  0.4969  0.675  2.3121  4.6923  4.741  0.4893  2.2224  0.3471  3.5905  0.635  2.1846  0.5422  0.7725  0.7023  2.0574  0.0966  4.4065  0.4429  4.4346  2.3302  1.7528  1.151  0.4573  1.9552  0.9468  0.126  3.0596  3.4645  1.2798  2.7  1.072  0.39  1.1365  
trainID = 1693  1.4967  0.2381  1.6616  3.5293  0.8631  2.3083  4.067  0.0727  1.254  3.047  0.998  0.7032  1.3265  0.8131  1.6636  1.453  2.9758  0.4408  0.2874  1.301  2.5053  3.0703  2.2358  1.3109  3.4842  1.9692  1.9465  0.8418  2.4631  2.3905  4.6494  1.2722  0.8876  4.3802  1.5934  0.353  4.2903  6.3655  0.1616  0.1782  0.0798  1.275  1.5669  
trainID = 1708  1.3915  3.0667  0.99  4.3393  1.5381  1.8095  1.47  0.4407  1.91  2.3507  4.321  3.845  0.4269  4.7166  5.7618  1.7672  2.3428  2.8404  1.611  0.2406  3.9066  0.6941  1.9449  1.908  4.0842  2.0413  3.9559  10.9087  10.6088  10.8227  0.9392  6.5505  2.4244  1.9784  1.581  3.8975  3.9506  0.526  2.6637  3.0478  5.0041  3.0493  35.2726  0.114  
trainID = 1716  3.4653  1.8543  0.621  4.5103  2.0871  3.0323  34.0185  1.3536  1.9148  3.441  5.5558  2.0002  4.6828  3.0247  0.7371  3.1216  0.737  1.3388  6.7569  2.1214  1.9229  1.271  0.656  3.9601  3.291  6.497  22.3133  10.8447  2.9989  8.1089  5.7474  5.4041  1.7442  2.6257  3.6896  4.3514  0.7854  1.7266  5.6528  2.4874  33.5361  2.401  
trainID = 1806  3.8473  0.2089  2.4996  2.2206  3.4378  0.0643  2.726  0.1475  1.101  2.5468  2.6777  2.5447  10.9116  13.3445  9.3453  1.2827  5.6592  7.558  1.8809  5.3376  1.2529  2.8501  1.4909  0.579  7.8199  0.4942  8.6051  7.8933  6.5946  4.9885  4.4439  5.94  2.6051  0.997  3.267  3.9228  10.7432  2.8896  0.4803  2.2605  0.723  2.5127  
trainID = 1827  2.33  0.0879  0.429  1.4077  3.4371  1.2335  3.737  1.1842  2.1771  3.7269  1.1685  0.738  11.7698  0.693  6.0762  1.3752  0.3708  8.1008  0.298  3.8434  4.159  0.319  1.6899  1.07  5.8734  2.2009  0.3704  6.1393  5.4521  4.0007  2.407  5.8889  0.4089  2.0417  1.056  1.7627  5.7269  4.388  1.3537  3.3975  0.879  3.4575  
trainID = 1832  0.9062  3.1541  1.478  0.5421  3.4501  0.2977  2.104  1.9424  0.307  1.3352  0.9629  0.3551  3.1446  2.9101  2.4568  1.8832  4.0914  1.8148  1.081  0.8445  0.3276  1.8979  0.8429  0.444  3.8583  0.4375  3.2498  3.2667  3.0717  0.4853  0.5382  0.65  0.5759  2.0436  0.92  3.8052  4.3953  0.8991  0.81  1.9138  5.3941  0.2791  33.5744  
trainID = 1862  3.7551  1.3806  3.1728  0.4081  1.0628  0.5546  3.274  2.5574  2.0534  2.846  2.3108  0.4823  2.0792  8.3773  0.363  2.8082  1.7951  1.517  7.6261  0.037  4.1886  4.4214  2.102  1.8259  0.959  5.6425  3.1173  0.3001  4.9903  5.5965  6.168  2.2728  4.9036  0.0908  0.4836  1.207  2.4198  3.3083  0.8669  1.0041  0.7438  0.104  4.5847  
trainID = 1864  3.1988  3.0652  2.1345  2.1157  1.2272  0.0626  35.1745  2.6114  0.4545  1.515  6.0492  0.564  3.3619  1.4587  0.1052  1.3124  0.595  1.8274  3.0473  0.1231  2.3029  1.8048  1.833  3.1825  0.7171  0.7759  1.4219  1.1327  4.0059  3.6071  0.7546  2.0482  1.011  0.4474  1.7395  0.9397  1.3581  2.5583  3.1594  1.8516  0.943  1.045  
trainID = 1884  1.523  1.8595  0.411  0.5067  0.7791  1.2779  2.823  2.1554  3.2636  0.9679  0.6908  0.6022  6.9587  3.0593  0.8855  0.9703  5.0232  4.207  1.8433  2.2947  1.8339  0.507  1.4079  0.048  4.9344  1.9436  4.0373  4.0892  2.3209  3.4695  0.6308  4.2656  2.0413  0.6483  1.484  2.0776  2.903  2.3228  1.9718  0.342  0.7207  1.986  0.75  
trainID = 1896  1.4593  1.7332  2.5631  4.5713  0.296  1.8202  0.34  0.9963  0.553  0.7312  0.5947  2.0589  3.8915  2.2426  1.0888  3.2524  0.9134  1.3511  0.205  2.3997  0.3811  2.7945  0.0123  1.095  0.3304  0.8213  1.5248  0.1186  0.8287  2.3342  1.4975  1.6463  3.7063  1.8734  2.83  1.2624  2.943  2.8839  2.6296  0.8247  0.9494  0.7615  0.552  
trainID = 1897  3.3684  4.561  1.789  3.4723  5.1197  3.0973  35.9155  0.242  0.6112  1.1985  2.6088  2.4041  4.0932  4.5024  0.7948  2.8571  1.5261  2.3081  0.3099  1.7763  1.9684  2.0279  0.565  3.9181  1.26  4.0559  17.8662  29.407  9.9458  0.9179  7.3267  4.8062  2.5399  1.9181  3.5565  4.8882  2.5602  1.2741  1.674  4.4656  2.1907  35.9369  
trainID = 1905  2.6648  5.0139  2.486  2.701  4.5884  1.8674  1.979  0.3466  1.207  2.5076  2.401  4.329  2.6867  6.6349  5.182  1.5613  2.2911  0.2008  1.065  0.0475  2.1971  33.2543  6.4041  2.1839  3.6155  25.5367  13.7947  2.599  0.6826  7.3786  3.0647  2.4555  1.163  3.3261  2.2137  0.0045  2.9265  4.8183  4.7249  2.8278  33.5071  1.556  
trainID = 1906  1.8233  2.0185  3.3031  1.1781  1.4734  0.6472  3.53  0.8332  2.0219  0.365  0.6768  0.8325  1.9275  10.6271  2.6052  3.0509  0.1913  2.0796  7.0713  0.499  3.256  0.4298  0.5267  1.5429  0.388  5.5556  2.959  0.1863  2.0421  3.3427  4.1651  2.3468  6.5623  4.2583  0.2505  1.658  0.2231  5.2985  0.916  0.7296  0.9726  2.4231  1.2234  
trainID = 1977  2.8808  2.7527  1.4262  0.3223  2.2706  2.1863  3.655  0.3362  0.639  0.1764  2.005  0.7688  5.0971  4.2138  0.4106  1.5087  1.5508  0.433  0.697  1.743  2.8707  0.4736  3.1699  0.12  6.2222  0.4849  1.9904  3.5145  0.1462  1.0545  3.4128  1.1313  0.5902  0.047  0.358  2.7544  1.5091  2.473  2.1334  0.5171  0.957  2.2403  1.002  
trainID = 2002  1.6001  3.7292  0.391  2.6985  3.2048  0.261  3.444  1.0242  0.76  1.2409  1.3119  0.477  1.9238  5.5382  3.5718  1.8995  3.6461  0.1786  0.305  0.1077  0.13  1.145  2.7849  2.0897  1.4404  0.5197  4.4342  2.0193  0.6892  2.633  1.5379  1.5081  0.29  2.0053  1.281  0.3324  2.8362  2.4369  1.7224  1.0092  1.536  0.153  33.5848  
trainID = 2019  1.0184  2.095  2.5784  2.4886  1.8895  0.3962  3.687  0.8659  1.6323  0.55  1.4402  0.0628  1.6915  0.5278  0.267  2.6849  1.7978  1.6392  0.414  2.6346  0.9667  1.9309  2.5289  1.8118  3.9291  3.6685  0.7124  1.3467  1.9086  1.4602  0.3514  2.222  3.243  1.54  0.961  1.0014  3.3644  0.7889  0.1366  0.7509  0.593  0.7675  0.182  
trainID = 2027  1.8938  3.7239  0.253  0.8333  2.5061  4.1783  35.7075  2.7311  0.0954  0.2807  3.7314  4.2951  5.0904  3.2533  3.915  1.5222  0.519  0.9347  3.6485  1.79  0.7558  1.187  1.7635  1.7518  4.3558  8.5582  16.9397  5.3664  0.1103  5.4712  5.3805  2.9881  0.357  4.1305  4.3111  1.0496  0.8231  5.39  4.3649  2.8  34.4578  0.912  
trainID = 2028  1.6058  4.0012  0.242  1.3057  1.3502  3.3463  4.065  0.2771  0.109  1.9246  1.6602  3.473  2.0132  9.2456  3.946  0.506  4.459  5.1056  1.212  0.3101  0.912  33.8083  1.4785  1.8023  1.6231  2.2009  0.0996  0.6034  1.7355  0.7047  2.3574  0.2677  1.849  1.7792  2.3104  0.1499  0.821  3.9075  0.7594  2.7547  35.5273  0.355  
trainID = 2055  1.1205  0.2719  0.206  0.6477  0.3863  1.391  2.966  2.1049  3.328  0.6709  0.8621  0.3321  1.712  1.1993  3.0779  0.0875  1.0545  4.6321  1.059  3.2791  1.3709  1.7573  1.2609  0.434  2.7833  0.6649  0.744  2.2015  4.2198  1.8868  0.0402  0.8004  1.4494  0.0523  0.325  2.3667  2.3372  3.476  0.7396  0.6043  0.838  1.4611  
trainID = 2084  4.0973  2.1927  1.842  4.9853  2.0474  2.9923  35.2945  1.8557  0.866  2.2947  5.4485  3.2015  6.5178  1.7734  0.2356  2.1063  0.098  1.6754  5.6969  0.9376  0.5638  0.593  1.0173  3.5345  3.5742  6.6882  21.5654  3.9905  2.0803  7.185  3.7175  6.1092  0.039  2.1485  3.689  3.8119  4.719  2.441  4.7965  5.3223  31.5069  1.509  
trainID = 2089  2.6369  0.8547  0.475  2.3288  2.5841  0.32  2.984  1.1733  0.619  3.5342  2.162  2.3191  1.8993  1.3737  4.8297  0.9569  1.0218  1.3302  2.6806  1.9664  5.2019  1.4708  0.0994  0.49  0.2402  3.1966  0.7763  5.2824  6.6488  5.9241  0.3327  5.5209  1.0705  2.4887  0.87  2.6205  1.2709  3.1843  0.348  4.042  3.3535  0.8149  30.7722  0.009  
trainID = 2093  2.5345  0.7034  1.8548  3.8793  2.5283  2.2013  0.924  0.0789  0.03  0.338  0.7411  0.7334  1.8348  3.7867  2.0313  0.1046  2.3806  1.3624  1.4048  0.196  3.5811  4.4419  2.1508  0.5591  0.761  1.5336  0.5005  1.8577  3.7318  1.0513  0.5508  0.8868  1.9892  1.8767  4.2075  0.361  1.8036  0.0121  0.4845  1.0642  3.0411  2.2653  1.6884  
trainID = 2120  1.1183  2.1896  0.436  0.3517  2.1696  1.5799  3.747  0.3219  1.023  0.765  0.9233  1.2539  1.8606  1.0765  1.9743  1.4064  2.0013  1.117  1.3287  0.489  0.673  0.2945  1.3  1.6659  0.78  1.5884  1.571  3.5798  1.2759  1.9516  0.8614  0.995  1.8112  1.2695  3.3359  0.943  0.8452  0.3204  1.6918  0.0362  1.8715  2.4046  0.1187  0.545  
trainID = 2129  3.8207  1.1589  1.43  2.1364  0.6757  3.7713  35.1405  1.485  0.8169  0.3522  1.0661  5.5079  4.8791  3.5126  0.1085  0.9096  0.827  0.766  0.697  2.7168  3.8274  0.7176  0.249  1.5284  3.7407  2.448  3.199  0.6405  3.1474  2.9446  0.938  3.2826  0.9022  0.358  1.9312  5.2559  2.3458  1.6909  0.1729  2.5205  0.1297  0.794  
trainID = 2130  0.7798  2.8077  2.8524  1.957  0.5994  0.5503  4.1392  1.0099  1.581  1.4221  0.7545  2.051  3.3474  1.1245  1.2136  1.2112  1.9783  2.1681  0.604  2.3213  1.3149  1.0377  2.6849  0.646  1.8131  0.5576  2.3579  1.1196  2.77  0.1519  1.7209  1.4171  0.5455  0.2384  0.624  0.3157  4.0645  2.075  2.5938  2.3646  2.8542  0.2804  0.54  
trainID = 2167  0.0984  3.5501  1.9983  0.3921  0.5838  0.281  2.732  0.1233  2.5  0.6957  0.1452  3.668  3.1336  3.713  1.5711  2.3006  4.0648  3.7238  0.36  0.5295  0.005  2.0832  3.9129  1.405  4.1018  0.7827  3.6783  3.1431  0.7737  0.5794  0.009  0.2057  1.5581  0.102  3.213  0.5916  0.5787  0.4728  2.8656  0.5117  1.593  0.7551  33.7827  
trainID = 2184  1.9869  1.3256  2.942  2.1021  0.2402  0.6292  4.6193  0.6795  0.63  1.843  0.7236  1.7975  0.0073  0.241  0.4694  1.1024  0.1993  0.4801  0.5977  0.623  2.6737  1.3154  2.3033  0.1613  0.83  0.4  1.2431  2.8853  5.0378  0.541  0.2084  1.1888  1.4184  1.4542  0.4191  1.369  0.9227  3.2807  1.3626  1.604  0.2491  0.4627  0.6339  0.302  0.521  
trainID = 2191  0.7976  0.7306  3.043  1.5754  1.4182  1.7626  3.375  1.0336  0.335  0.517  2.567  1.3291  0.9607  8.7137  3.7947  3.0681  0.6152  0.4374  5.8461  0.627  3.2615  2.0652  0.2881  0.4867  3.458  4.4573  2.7436  2.1499  3.4568  5.142  4.9222  2.9192  3.3876  1.5893  1.5955  0.232  3.1824  6.8582  1.872  0.793  0.4485  0.3015  3.901  
trainID = 2231  4.9815  0.7201  1.0306  0.5848  1.4681  1.9534  5.1583  0.2935  0.541  2.385  0.0571  0.4082  15.8545  1.2961  6.7876  0.3716  0.1731  11.7432  2.3506  5.8755  5.7706  0.0092  1.7819  2.3865  6.4662  0.9881  1.8434  8.3735  7.9816  7.0336  3.5819  4.9982  1.2923  4.1424  3.241  2.5579  6.9888  3.885  1.034  1.4029  0.305  3.7479  
trainID = 2244  1.8987  3.0975  0.92  3.9443  3.2181  0.6935  2.182  1.8603  0.391  1.5023  1.938  0.3642  2.6919  0.9648  2.2613  0.0873  2.6788  1.9438  0.766  1.5182  0.8308  2.3146  2.7959  3.4809  1.0712  2.8155  1.7347  1.0775  4.269  2.7052  1.8264  4.2155  4.3526  2.6901  0.531  2.6194  0.8949  1.755  3.9422  2.577  2.2521  2.4786  32.8304  0.132  
trainID = 2247  0.0983  5.0843  1.6274  3.3482  1.5625  1.2677  0.793  1.5985  3.8913  0.8268  1.1959  3.004  5.1234  7.9722  2.7695  1.2694  5.0878  4.4698  0.963  2.3504  1.4101  33.5833  3.002  2.0319  3.844  2.0518  1.9164  3.0336  0.7255  0.7428  1.1618  0.1073  2.515  2.0791  0.6308  0.7363  1.9069  0.2169  0.8313  0.473  34.3973  0.432  
trainID = 2343  3.628  2.758  0.486  4.0763  0.5554  2.4983  36.0175  0.637  2.159  1.7647  3.746  8.0721  1.6194  4.9321  2.7723  1.047  0.7385  0.024  2.0516  2.6825  2.9475  2.7939  0.085  2.5666  0.164  1.2609  1.4852  10.3852  4.3722  0.0698  2.7718  7.6295  1.4941  0.469  1.9936  0.6362  1.7918  1.5621  1.9775  3.4223  1.7644  1.566  1.801  
trainID = 2356  0.7343  1.3861  0.849  2.6375  0.7464  0.1526  2.632  0.878  0.257  1.5693  0.1806  0.2917  3.9515  0.5495  2.3723  1.9594  0.0418  1.0031  0.096  2.463  0.9373  2.9461  1.0579  1.988  0.1778  1.9104  2.5091  0.612  2.0861  0.3105  1.1377  3.1735  3.2027  2.345  0.217  0.7224  1.594  0.654  1.4517  2.8716  0.3992  1.4277  1.024  
trainID = 2362  3.0664  0.621  2.2641  2.1442  3.3476  0.7148  0.336  2.3291  0.541  0.104  2.286  4.0342  1.1004  6.1858  3.683  1.4058  2.0947  0.859  1.8365  1.6208  4.5189  3.0369  2.2654  2.7719  1.353  0.1615  3.7455  0.1421  1.8379  1.7363  3.0344  2.4573  0.9214  3.5939  0.1183  0.826  3.3717  4.0786  0.4984  3.1665  0.2723  2.8445  0.8951  
trainID = 2371  1.3895  1.5209  4.0783  3.2871  0.6717  0.3445  0.719  3.4338  0.933  0.046  1.2278  0.4514  0.5996  3.8719  5.8285  1.0128  0.8629  1.8183  0.7966  0.197  3.6212  0.3751  2.0977  0.0311  0.825  1.3692  2.4244  1.7599  3.2103  3.5768  4.4233  1.4121  0.0708  3.4024  1.4768  1.7207  1.5071  4.4113  1.9941  2.3928  0.3496  0.3603  1.3102  
trainID = 2388  3.5765  4.0598  0.261  4.4373  4.0464  2.3423  2.833  2.5979  2.832  4.0426  2.572  2.163  3.1415  4.1796  6.3271  0.382  2.4089  2.7237  1.105  0.6838  2.0781  2.4644  4.0839  0.54  1.8451  0.0605  3.5771  16.6602  14.8854  16.4377  1.6397  5.0277  1.9743  1.8148  0.231  3.9652  5.2781  1.9494  1.0337  4.5862  5.2405  4.9871  34.0156  0.63  
trainID = 2402  3.4043  3.3213  3.4594  2.7393  0.3282  0.2302  3.153  2.6976  2.094  1.7837  0.2379  0.966  3.1676  3.4112  2.1286  3.3263  2.7944  5.1583  1.845  1.833  0.5637  0.0768  1.5169  1.33  3.7378  0.9011  3.1083  1.1207  0.3035  1.1499  0.3129  0.7038  3.0176  0.1739  1.453  0.8026  2.6055  0.442  1.9164  1.6606  4.0509  0.3285  1.099  0.377  
trainID = 2477  1.3529  0.665  1.3233  3.0026  1.5379  3.4233  2.12  1.3548  0.067  1.9897  0.5671  2.027  5.9991  4.2315  0.9998  2.4351  0.2599  0.4536  1.064  4.9741  2.1281  2.3388  1.9459  0.418  2.2664  3.6505  1.2577  0.9632  0.1687  3.2706  0.5686  0.2779  3.2148  3.4901  0.51  2.5844  2.2244  0.8561  2.9357  0.367  2.3971  1.2363  
trainID = 2508  1.1619  2.5287  2.5081  1.4076  2.7549  1.9446  1.963  1.4863  2.1232  0.537  3.425  1.1635  1.5596  5.7029  2.7089  0.2716  0.6465  1.1714  5.6851  0.853  3.3265  2.9988  1.6685  3.0169  0.353  1.5245  0.5322  1.4591  3.8111  3.2673  3.4249  2.8371  2.5348  0.2293  0.1801  2.238  2.4624  5.7614  0.6182  0.1489  0.8955  0.2094  0.4061  1.703  
trainID = 2513  4.4216  2.8627  1.614  0.326  2.0123  1.2592  6.3958  0.5056  1.665  0.161  1.252  0.7599  0.0588  8.9658  5.1655  0.9732  3.4553  2.6313  6.4884  1.083  1.8222  0.0977  1.3358  2.9889  1.343  7.472  0.503  2.9206  4.273  3.3908  4.44  3.2305  5.315  1.8621  0.4668  2.529  2.4966  4.4538  2.0398  0.4521  0.9755  1.7161  2.1896  
trainID = 2564  0.8783  1.7495  2.5672  0.3971  2.1067  2.0888  0.619  2.5408  0.509  2.897  5.1668  2.0483  1.8565  4.6392  14.9611  8.986  2.4546  4.1694  9.5113  1.494  5.3837  2.1014  3.3715  0.7407  3.1431  7.6502  0.5401  6.152  7.3202  6.8358  4.8003  4.5649  6.6657  2.6339  1.5262  0.565  3.7514  7.7711  3.948  1.2882  3.0415  0.013  4.7368  
trainID = 2580  0.6433  5.4397  2.6722  0.1142  1.5726  0.3686  3.531  0.0013  1.9735  1.483  3.987  2.865  2.7832  9.837  3.5921  1.0225  7.3187  1.8823  0.403  0.3823  1.5935  33.0443  3.5352  1.4724  4.3919  8.1663  3.6075  2.8813  1.9365  3.8222  2.8937  0.1632  0.355  3.741  2.8114  0.3631  5.0874  1.9771  3.3041  2.13  34.6838  1.647  
trainID = 2592  5.7894  2.3408  1.8401  0.7781  2.6811  1.2644  4.1251  1.1824  2.2115  0.88  2.2412  1.5164  0.0866  10.1737  3.8713  7.031  2.5066  0.2401  8.1216  0.464  5.2427  5.0508  0.0333  1.3182  0.275  4.7444  1.4266  0.1594  7.9776  7.0995  6.1792  2.471  6.4365  0.253  2.544  0.077  2.2769  5.0838  2.7922  2.6353  1.8885  2.4325  2.9313  
trainID = 2610  2.9173  0.7723  0.522  3.3198  2.6482  0.6687  1.955  1.5646  0.751  0.467  0.4527  1.1948  0.0031  6.3445  7.708  0.5405  1.5502  3.9823  0.3561  2.3734  0.3148  3.9804  1.0469  0.878  2.1463  3.8715  0.121  4.9355  3.62  4.2223  1.4241  0.2764  3.4139  1.5596  2.649  3.5447  5.3657  1.4006  0.3575  0.5245  0.1981  1.7423  
trainID = 2612  3.0316  1.4674  3.515  4.2403  3.3987  0.3514  35.0185  0.3982  0.3074  2.73  3.8267  2.13  5.6982  2.3697  0.2309  0.5395  0.374  0.1604  2.6865  2.1851  1.2309  0.275  0.3279  1.084  1.7868  7.1957  17.4982  0.3872  1.2364  4.546  2.0731  4.3147  1.9402  0.0808  6.1484  1.944  0.9126  2.1745  4.1196  2.4711  33.1615  2.75  
trainID = 2644  0.5977  2.7047  1.151  0.4807  1.1914  0.6071  3.469  1.3496  0.74  0.2651  1.1078  2.2597  1.2908  1.9251  0.633  0.3459  1.624  0.6563  0.819  2.0219  0.6897  0.064  2.0849  1.368  1.4353  1.2831  4.3992  2.0357  1.2897  1.9718  0.9446  0.8032  0.6  1.4  0.078  0.562  0.002  1.8234  1.8291  0.5487  0.926  0.3643  1.64  
trainID = 2659  0.2506  1.2151  1.86  3.2408  0.1387  0.0683  3.265  0.2101  0.881  0.082  1.945  0.9953  1.2986  5.2218  0.0001  0.4052  3.5744  1.95  0.833  0.2776  0.2472  0.7366  3.8959  2.5522  5.2284  0.9954  0.92  1.2362  1.6167  0.4231  1.5757  0.4197  0.6644  0.6565  1.1155  0.7029  0.8972  0.3675  0.4675  2.6655  2.1965  1.2292  0.523  
trainID = 2673  1.7195  2.542  3.8789  3.3883  2.9054  1.5937  3.304  1.239  1.531  0.622  2.4001  1.9819  0.5569  8.8876  13.7622  9.4135  0.3867  0.4238  8.9595  2.289  6.5503  4.6345  1.1169  0.6982  1.305  4.7089  2.2923  5.0296  6.3794  5.5386  6.4895  2.057  4.5871  1.9308  0.7828  1.0666  5.0557  7.5756  1.3217  0.2386  2.6155  0.166  0.853  
trainID = 2703  1.5476  1.547  1.498  5.3983  2.9693  1.7438  34.1025  2.5613  4.327  2.903  3.7126  1.9194  4.2667  1.6387  1.413  0.8349  1.108  0.1833  3.4064  3.9248  3.2909  0.426  2.1346  0.2016  3.9705  5.1844  8.0799  5.9459  0.3889  5.784  2.6136  2.1427  0.719  2.3814  4.0563  0.0255  0.9672  2.3895  3.9891  2.6354  32.0399  1.459  
trainID = 2706  2.1528  0.4027  0.718  2.6303  0.0904  2.6003  0.728  1.7165  1.054  0.5515  2.281  0.1437  3.5116  2.4621  5.7515  1.7063  2.0714  3.0643  0.481  1.8616  1.7912  4.5232  2.9319  0.085  0.7409  1.2748  0.149  3.8329  5.406  3.9381  1.9586  7.3488  3.8515  5.5457  0.71  4.2911  1.3833  0.5257  0.0723  1.2514  2.0226  0.4349  31.8862  
trainID = 2792  4.2111  1.2429  0.587  2.7187  3.0661  2.2523  34.9475  0.7547  2.3203  1.5057  7.8112  2.4608  4.4811  1.6914  0.0843  2.2827  1.29  2.4901  5.2699  2.7019  0.8909  0.973  1.7178  3.5458  1.0184  1.3047  14.012  1.1249  2.1965  6.6953  6.2252  3.3444  1.9902  3.3672  2.4003  2.2276  1.7184  3.5664  5.1792  1.7007  31.4132  0.387  
trainID = 2795  0.732  1.5404  0.736  0.8213  2.3287  0.2584  0.547  0.329  1.979  0.6121  1.1302  2.4603  0.924  2.5682  1.0882  2.8682  0.4857  0.634  1.58  1.4142  1.0206  2.3071  2.7869  1.8341  0.9938  1.0342  1.8877  0.7223  2.9114  1.8163  1.3025  2.3439  3.3362  1.6873  1.3657  1.6672  4.5201  0.3287  3.0774  0.4792  1.7723  0.2624  
trainID = 2809  1.6121  6.3647  0.854  1.2823  1.6066  0.2921  4.4439  2.7742  0.806  1.8404  4.392  3.123  2.7423  10.6891  5.2529  0.2432  4.5305  3.3257  0.919  0.4087  0.6496  34.1423  2.4014  2.3714  3.7657  10.4801  2.2721  5.2547  2.8572  3.207  1.2862  2.2736  0.089  4.576  2.5214  0.5365  3.0437  1.7251  5.0562  0.4344  34.6463  0.568  
trainID = 2842  2.3688  0.0124  3.3408  1.5651  3.8814  0.1768  2.103  0.4201  2.227  2.2915  2.9352  2.2746  10.801  16.2136  11.2617  2.1875  5.1378  8.6737  1.033  6.0059  4.3592  2.3202  2.6179  0.421  8.6691  1.8249  5.4801  6.5996  7.4971  6.9287  2.2652  6.0297  2.4713  2.2937  0.298  4.0773  7.6178  2.8688  0.1846  1.3915  2.091  0.8362  
trainID = 2848  2.2396  3.6642  0.004  1.1247  4.0068  1.2623  5.2788  1.0491  0.285  3.3876  0.7324  3.928  4.6019  6.861  3.6318  0.8568  5.0596  1.6652  1.7555  0.2121  2.0117  33.1393  3.1491  0.0373  6.0332  11.6147  5.1311  1.4758  1.0638  3.7078  2.3947  0.9192  1.081  4.557  3.2971  0.0134  2.8054  3.0644  3.795  0.1538  33.3422  0.765  
trainID = 2859  2.7015  1.4878  3.7969  0.1787  2.6222  1.1896  5.0768  3.0654  1.585  1.138  1.8452  1.2154  1.5162  11.0948  1.978  5.3997  1.5174  0.2578  7.654  0.563  3.1595  3.2687  0.9916  1.3929  2.208  5.7892  2.3  3.6299  8.0592  5.0517  8.5819  2.146  3.4912  3.6019  2.1053  1.7204  2.9579  8.6334  1.4588  1.7112  0.5307  0.7706  4.0662  0.836  
trainID = 2874  2.8497  2.766  0.8758  3.3288  0.1299  2.5963  4.1816  1.374  1.691  0.4498  1.0712  3.995  4.4484  4.4657  1.0658  1.7004  4.5793  2.6931  3.1975  0.0183  0.5895  1.1121  4.4749  1.062  5.0233  1.8542  3.6931  1.2981  3.3353  1.1327  0.4863  0.9066  0.6694  0.6482  0.243  2.8419  0.8446  0.019  3.3592  3.5968  2.5354  1.0036  33.8019  0.356  
trainID = 2896  0.9998  1.6331  0.239  0.9729  4.8174  3.5983  0.618  3.4731  0.623  3.3164  0.4217  3.506  4.0429  1.017  3.4362  1.4482  3.1484  3.2956  0.277  0.2859  0.0342  2.5276  0.5465  0.82  0.7244  1.0886  2.3049  4.5633  8.0355  4.1157  2.1345  4.8533  5.4602  1.8023  1.9541  0.2163  1.5601  3.4665  1.0289  2.1062  3.1494  2.8616  32.0734  
trainID = 2911  0.9432  1.6859  0  0.6741  2.2543  0.6336  2.927  1.6909  0.49  0.333  0.2649  1.8706  1.3827  2  8.2836  2.7252  1.4677  0.7441  4.2223  3.493  4.3737  0.7118  3.4058  0.3175  1.9414  2.1412  3.6102  4.4199  5.702  4.3995  4.119  1.1209  2.3515  5.0803  0.3309  0.466  3.5247  6.348  1.655  3.4741  0.9864  0.4587  0.2448  
trainID = 2930  0.2259  0.4855  2.496  2.3781  2.3831  0.7353  4.049  0.2004  1.851  0.778  2.8477  1.2593  1.8489  10.1061  8.0542  9.0886  1.972  4.3196  6.568  0.801  4.5745  1.5511  2.6883  0.4085  2.432  7.5818  1.5836  2.2528  6.2482  4.5196  5.1278  3.1624  2.7443  2.3932  0.9462  3.622  4.4246  9.0823  3.121  0.5079  0.9255  1.409  0.872  
trainID = 2938  0.6827  2.5756  0.032  3.3189  0.3169  0.2578  2.811  1.0997  1.327  0.478  1.3706  0.7559  2.4862  3.7817  4.2742  0.5819  0.1078  3.7185  2.9309  1.351  1.2091  1.7238  1.736  3.7419  1.465  4.1619  0.0624  3.1453  4.5244  0.1361  5.276  2.2649  0.0601  0.7365  0.1497  0.45  1.1469  0.4552  0.4092  2.4866  1.2525  0.6189  0.7231  0.63  
trainID = 2965  3.1071  1.4232  3.7801  1.4884  3.6754  0.6763  3.888  0.6958  2.3343  1.2774  0.3203  0.8633  13.3819  2.2152  4.1698  1.0016  0.9638  7.7775  0.163  3.5309  5.6318  0.7957  0.1287  0.201  6.3508  1.1953  1.0403  5.7683  5.1204  5.4919  0.8557  6.2572  1.4629  1.4088  0.263  2.2212  5.6904  1.7197  0.9709  3.9575  0.36  3.6893  0.543  
TrainID = 2644  dbValue = 1.24145  nTestCell = 45  nTrainCell = 43  nDiff = 2  (X,Y) = (1435, 2025)  Position Error = 49.7695
TrainID = 2184  dbValue = 1.24504  nTestCell = 45  nTrainCell = 45  nDiff = 0  (X,Y) = (1365, 1995)  Position Error = 26.4008
TrainID = 2120  dbValue = 1.33778  nTestCell = 45  nTrainCell = 44  nDiff = 1  (X,Y) = (1455, 1995)  Position Error = 66.9104
TrainID = 1420  dbValue = 1.35457  nTestCell = 45  nTrainCell = 44  nDiff = 1  (X,Y) = (1395, 2015)  Position Error = 10.8167
TrainID = 2659  dbValue = 1.37315  nTestCell = 45  nTrainCell = 43  nDiff = 2  (X,Y) = (1445, 1995)  Position Error = 57.0701
TrainID = 2356  dbValue = 1.38388  nTestCell = 45  nTrainCell = 43  nDiff = 2  (X,Y) = (1385, 2075)  Position Error = 69.1158
TrainID = 827  dbValue = 1.41404  nTestCell = 45  nTrainCell = 42  nDiff = 3  (X,Y) = (1395, 2045)  Position Error = 39.4588
TrainID = 508  dbValue = 1.46929  nTestCell = 45  nTrainCell = 43  nDiff = 2  (X,Y) = (1455, 2005)  Position Error = 66.0076
TrainID = 1480  dbValue = 1.47643  nTestCell = 45  nTrainCell = 43  nDiff = 2  (X,Y) = (1435, 2005)  Position Error = 46.0109
TrainID = 2055  dbValue = 1.48101  nTestCell = 45  nTrainCell = 42  nDiff = 3  (X,Y) = (1375, 1945)  Position Error = 62.5859
TrainID = 1354  dbValue = 1.49273  nTestCell = 45  nTrainCell = 42  nDiff = 3  (X,Y) = (1425, 2045)  Position Error = 53.0754
TrainID = 2795  dbValue = 1.53558  nTestCell = 45  nTrainCell = 42  nDiff = 3  (X,Y) = (1335, 1995)  Position Error = 55.109
TrainID = 2019  dbValue = 1.54714  nTestCell = 45  nTrainCell = 43  nDiff = 2  (X,Y) = (1375, 1985)  Position Error = 25.2389
TrainID = 1272  dbValue = 1.56653  nTestCell = 45  nTrainCell = 43  nDiff = 2  (X,Y) = (1425, 1975)  Position Error = 47.5079
TrainID = 1896  dbValue = 1.57355  nTestCell = 45  nTrainCell = 43  nDiff = 2  (X,Y) = (1355, 2035)  Position Error = 44.6878
TrainID = 2130  dbValue = 1.59443  nTestCell = 45  nTrainCell = 43  nDiff = 2  (X,Y) = (1405, 1985)  Position Error = 26.4008
TrainID = 2093  dbValue = 1.62903  nTestCell = 45  nTrainCell = 43  nDiff = 2  (X,Y) = (1385, 2085)  Position Error = 79.1012
TrainID = 1044  dbValue = 1.63238  nTestCell = 45  nTrainCell = 42  nDiff = 3  (X,Y) = (1355, 1965)  Position Error = 53.2635
TrainID = 791  dbValue = 1.64724  nTestCell = 45  nTrainCell = 45  nDiff = 0  (X,Y) = (1325, 2015)  Position Error = 64.6297
TrainID = 2938  dbValue = 1.65509  nTestCell = 45  nTrainCell = 44  nDiff = 1  (X,Y) = (1435, 1935)  Position Error = 84.5991
TrainID = 889  dbValue = 1.67304  nTestCell = 45  nTrainCell = 44  nDiff = 1  (X,Y) = (1375, 1985)  Position Error = 25.2389
TrainID = 1295  dbValue = 1.69967  nTestCell = 45  nTrainCell = 43  nDiff = 2  (X,Y) = (1445, 1945)  Position Error = 82.807
TrainID = 1689  dbValue = 1.71713  nTestCell = 45  nTrainCell = 43  nDiff = 2  (X,Y) = (1325, 2005)  Position Error = 64.0078
TrainID = 1977  dbValue = 1.72665  nTestCell = 45  nTrainCell = 43  nDiff = 2  (X,Y) = (1445, 1945)  Position Error = 82.807
TrainID = 1484  dbValue = 1.75223  nTestCell = 45  nTrainCell = 43  nDiff = 2  (X,Y) = (1385, 2065)  Position Error = 59.1354
TrainID = 1241  dbValue = 1.76517  nTestCell = 45  nTrainCell = 43  nDiff = 2  (X,Y) = (1375, 1945)  Position Error = 62.5859
TrainID = 1184  dbValue = 1.78247  nTestCell = 45  nTrainCell = 43  nDiff = 2  (X,Y) = (1415, 2065)  Position Error = 64.4748
TrainID = 1156  dbValue = 1.78988  nTestCell = 45  nTrainCell = 43  nDiff = 2  (X,Y) = (1335, 1945)  Position Error = 81.4678
TrainID = 2371  dbValue = 1.79565  nTestCell = 45  nTrainCell = 43  nDiff = 2  (X,Y) = (1295, 2005)  Position Error = 94.0053
TrainID = 912  dbValue = 1.80351  nTestCell = 45  nTrainCell = 43  nDiff = 2  (X,Y) = (1335, 2005)  Position Error = 54.0093
TrainID = 2402  dbValue = 1.83708  nTestCell = 45  nTrainCell = 44  nDiff = 1  (X,Y) = (1455, 1975)  Position Error = 72.9178
TrainID = 1693  dbValue = 1.85514  nTestCell = 45  nTrainCell = 43  nDiff = 2  (X,Y) = (1345, 1985)  Position Error = 48.7545
TrainID = 2477  dbValue = 1.879  nTestCell = 45  nTrainCell = 42  nDiff = 3  (X,Y) = (1345, 2045)  Position Error = 58.7963
TrainID = 893  dbValue = 1.91065  nTestCell = 45  nTrainCell = 42  nDiff = 3  (X,Y) = (1335, 1955)  Position Error = 74.2765
TrainID = 1163  dbValue = 1.97732  nTestCell = 45  nTrainCell = 43  nDiff = 2  (X,Y) = (1315, 1985)  Position Error = 76.922
TrainID = 2508  dbValue = 1.98204  nTestCell = 45  nTrainCell = 44  nDiff = 1  (X,Y) = (1375, 1935)  Position Error = 72.3671
TrainID = 2362  dbValue = 2.05168  nTestCell = 45  nTrainCell = 43  nDiff = 2  (X,Y) = (1305, 2015)  Position Error = 84.4808
TrainID = 1884  dbValue = 2.06599  nTestCell = 45  nTrainCell = 43  nDiff = 2  (X,Y) = (1435, 1925)  Position Error = 93.1504
TrainID = 2610  dbValue = 2.08773  nTestCell = 45  nTrainCell = 42  nDiff = 3  (X,Y) = (1295, 1995)  Position Error = 94.6414
TrainID = 368  dbValue = 2.14062  nTestCell = 45  nTrainCell = 42  nDiff = 3  (X,Y) = (1475, 1915)  Position Error = 125.208
TrainID = 1651  dbValue = 2.14958  nTestCell = 45  nTrainCell = 43  nDiff = 2  (X,Y) = (1385, 1895)  Position Error = 111.072
TrainID = 726  dbValue = 2.15822  nTestCell = 45  nTrainCell = 43  nDiff = 2  (X,Y) = (1315, 1945)  Position Error = 95.901
TrainID = 1906  dbValue = 2.27933  nTestCell = 45  nTrainCell = 43  nDiff = 2  (X,Y) = (1395, 1895)  Position Error = 111.162
TrainID = 802  dbValue = 2.28532  nTestCell = 45  nTrainCell = 44  nDiff = 1  (X,Y) = (1435, 1885)  Position Error = 129.449
TrainID = 1337  dbValue = 2.3022  nTestCell = 45  nTrainCell = 42  nDiff = 3  (X,Y) = (1375, 1875)  Position Error = 131.746
TrainID = 632  dbValue = 2.30828  nTestCell = 45  nTrainCell = 43  nDiff = 2  (X,Y) = (1435, 1885)  Position Error = 129.449
TrainID = 2911  dbValue = 2.30859  nTestCell = 45  nTrainCell = 43  nDiff = 2  (X,Y) = (1305, 1945)  Position Error = 103.812
TrainID = 1504  dbValue = 2.34015  nTestCell = 45  nTrainCell = 42  nDiff = 3  (X,Y) = (1365, 1885)  Position Error = 123.357
TrainID = 664  dbValue = 2.35715  nTestCell = 45  nTrainCell = 43  nDiff = 2  (X,Y) = (1295, 1965)  Position Error = 102.552
TrainID = 1143  dbValue = 2.3665  nTestCell = 45  nTrainCell = 42  nDiff = 3  (X,Y) = (1305, 2025)  Position Error = 86.122
TrainID = 1483  dbValue = 2.37229  nTestCell = 45  nTrainCell = 44  nDiff = 1  (X,Y) = (1455, 1915)  Position Error = 112.414
TrainID = 2191  dbValue = 2.37345  nTestCell = 45  nTrainCell = 43  nDiff = 2  (X,Y) = (1355, 1895)  Position Error = 116.09
TrainID = 2167  dbValue = 2.39229  nTestCell = 45  nTrainCell = 43  nDiff = 2  (X,Y) = (1485, 2005)  Position Error = 96.0052
TrainID = 1188  dbValue = 2.43052  nTestCell = 45  nTrainCell = 43  nDiff = 2  (X,Y) = (1445, 2045)  Position Error = 68.2422
TrainID = 1503  dbValue = 2.438  nTestCell = 45  nTrainCell = 43  nDiff = 2  (X,Y) = (1385, 1865)  Position Error = 141.057
TrainID = 2002  dbValue = 2.4519  nTestCell = 45  nTrainCell = 43  nDiff = 2  (X,Y) = (1485, 2015)  Position Error = 96.421
TrainID = 696  dbValue = 2.46973  nTestCell = 45  nTrainCell = 43  nDiff = 2  (X,Y) = (1305, 1905)  Position Error = 131.366
TrainID = 1832  dbValue = 2.52887  nTestCell = 45  nTrainCell = 43  nDiff = 2  (X,Y) = (1485, 2025)  Position Error = 97.8621
TrainID = 1444  dbValue = 2.53482  nTestCell = 45  nTrainCell = 44  nDiff = 1  (X,Y) = (1415, 2105)  Position Error = 102.357
TrainID = 1862  dbValue = 2.5526  nTestCell = 45  nTrainCell = 43  nDiff = 2  (X,Y) = (1385, 1865)  Position Error = 141.057
TrainID = 2513  dbValue = 2.56675  nTestCell = 45  nTrainCell = 43  nDiff = 2  (X,Y) = (1445, 1895)  Position Error = 124.326
TrainID = 1416  dbValue = 2.56865  nTestCell = 45  nTrainCell = 44  nDiff = 1  (X,Y) = (1325, 1905)  Position Error = 119.57
TrainID = 1864  dbValue = 2.58674  nTestCell = 45  nTrainCell = 42  nDiff = 3  (X,Y) = (1345, 2095)  Position Error = 99.2824
TrainID = 377  dbValue = 2.65207  nTestCell = 45  nTrainCell = 43  nDiff = 2  (X,Y) = (1415, 2105)  Position Error = 102.357
TrainID = 550  dbValue = 2.69321  nTestCell = 45  nTrainCell = 45  nDiff = 0  (X,Y) = (1425, 2095)  Position Error = 96.0052
TrainID = 705  dbValue = 2.71166  nTestCell = 45  nTrainCell = 43  nDiff = 2  (X,Y) = (1485, 2015)  Position Error = 96.421
TrainID = 2129  dbValue = 2.7272  nTestCell = 45  nTrainCell = 42  nDiff = 3  (X,Y) = (1325, 2065)  Position Error = 87.046
TrainID = 2965  dbValue = 2.74086  nTestCell = 45  nTrainCell = 43  nDiff = 2  (X,Y) = (1385, 1835)  Position Error = 171.047
TrainID = 930  dbValue = 2.7439  nTestCell = 45  nTrainCell = 42  nDiff = 3  (X,Y) = (1355, 1845)  Position Error = 164.551
TrainID = 2244  dbValue = 2.7526  nTestCell = 45  nTrainCell = 44  nDiff = 1  (X,Y) = (1405, 2095)  Position Error = 90.4268
TrainID = 697  dbValue = 2.76765  nTestCell = 45  nTrainCell = 43  nDiff = 2  (X,Y) = (1445, 2065)  Position Error = 81.3449
TrainID = 2874  dbValue = 2.78102  nTestCell = 45  nTrainCell = 44  nDiff = 1  (X,Y) = (1485, 2005)  Position Error = 96.0052
TrainID = 1827  dbValue = 2.81492  nTestCell = 45  nTrainCell = 42  nDiff = 3  (X,Y) = (1375, 1845)  Position Error = 161.608
TrainID = 2089  dbValue = 2.81996  nTestCell = 45  nTrainCell = 44  nDiff = 1  (X,Y) = (1425, 2105)  Position Error = 105.342
TrainID = 2706  dbValue = 2.83568  nTestCell = 45  nTrainCell = 43  nDiff = 2  (X,Y) = (1415, 2105)  Position Error = 102.357
TrainID = 920  dbValue = 2.8416  nTestCell = 45  nTrainCell = 42  nDiff = 3  (X,Y) = (1405, 1865)  Position Error = 141.905
TrainID = 516  dbValue = 2.86204  nTestCell = 45  nTrainCell = 42  nDiff = 3  (X,Y) = (1365, 2105)  Position Error = 101.868
TrainID = 1392  dbValue = 2.92565  nTestCell = 45  nTrainCell = 42  nDiff = 3  (X,Y) = (1325, 2075)  Position Error = 94.1116
TrainID = 2896  dbValue = 2.99064  nTestCell = 45  nTrainCell = 43  nDiff = 2  (X,Y) = (1425, 2115)  Position Error = 114.791
TrainID = 1437  dbValue = 3.00854  nTestCell = 45  nTrainCell = 43  nDiff = 2  (X,Y) = (1455, 2075)  Position Error = 95.483
TrainID = 2592  dbValue = 3.03893  nTestCell = 45  nTrainCell = 43  nDiff = 2  (X,Y) = (1405, 1845)  Position Error = 161.793
TrainID = 2859  dbValue = 3.05331  nTestCell = 45  nTrainCell = 44  nDiff = 1  (X,Y) = (1355, 1855)  Position Error = 154.78
TrainID = 957  dbValue = 3.0934  nTestCell = 45  nTrainCell = 42  nDiff = 3  (X,Y) = (1365, 2135)  Position Error = 131.214
TrainID = 984  dbValue = 3.10752  nTestCell = 45  nTrainCell = 42  nDiff = 3  (X,Y) = (1315, 1855)  Position Error = 168.158
TrainID = 2930  dbValue = 3.13084  nTestCell = 45  nTrainCell = 43  nDiff = 2  (X,Y) = (1315, 1855)  Position Error = 168.158
TrainID = 546  dbValue = 3.13767  nTestCell = 45  nTrainCell = 43  nDiff = 2  (X,Y) = (1485, 2105)  Position Error = 137.902
TrainID = 2343  dbValue = 3.19245  nTestCell = 45  nTrainCell = 43  nDiff = 2  (X,Y) = (1355, 2135)  Position Error = 133.405
TrainID = 1526  dbValue = 3.23122  nTestCell = 45  nTrainCell = 44  nDiff = 1  (X,Y) = (1285, 1855)  Position Error = 183.349
TrainID = 456  dbValue = 3.26169  nTestCell = 45  nTrainCell = 44  nDiff = 1  (X,Y) = (1495, 2075)  Position Error = 126.479
TrainID = 1440  dbValue = 3.31471  nTestCell = 45  nTrainCell = 44  nDiff = 1  (X,Y) = (1445, 2135)  Position Error = 140.631
TrainID = 489  dbValue = 3.33114  nTestCell = 45  nTrainCell = 43  nDiff = 2  (X,Y) = (1275, 1865)  Position Error = 181.32
TrainID = 2673  dbValue = 3.36694  nTestCell = 45  nTrainCell = 43  nDiff = 2  (X,Y) = (1295, 1845)  Position Error = 186.432
TrainID = 493  dbValue = 3.37069  nTestCell = 45  nTrainCell = 43  nDiff = 2  (X,Y) = (1295, 1845)  Position Error = 186.432
TrainID = 819  dbValue = 3.37994  nTestCell = 45  nTrainCell = 42  nDiff = 3  (X,Y) = (1325, 1845)  Position Error = 173.254
TrainID = 2231  dbValue = 3.4249  nTestCell = 45  nTrainCell = 42  nDiff = 3  (X,Y) = (1365, 1825)  Position Error = 182.584
TrainID = 2028  dbValue = 3.52296  nTestCell = 45  nTrainCell = 42  nDiff = 3  (X,Y) = (1525, 1995)  Position Error = 136.444
TrainID = 553  dbValue = 3.61442  nTestCell = 45  nTrainCell = 42  nDiff = 3  (X,Y) = (1515, 2035)  Position Error = 129.294
TrainID = 2247  dbValue = 3.6222  nTestCell = 45  nTrainCell = 42  nDiff = 3  (X,Y) = (1525, 1985)  Position Error = 137.612
TrainID = 1394  dbValue = 3.68005  nTestCell = 45  nTrainCell = 44  nDiff = 1  (X,Y) = (1465, 2135)  Position Error = 149.723
TrainID = 2564  dbValue = 3.72524  nTestCell = 45  nTrainCell = 43  nDiff = 2  (X,Y) = (1265, 1845)  Position Error = 203.217
TrainID = 1568  dbValue = 3.73352  nTestCell = 45  nTrainCell = 42  nDiff = 3  (X,Y) = (1525, 2045)  Position Error = 141.481
TrainID = 855  dbValue = 3.73671  nTestCell = 45  nTrainCell = 43  nDiff = 2  (X,Y) = (1325, 1805)  Position Error = 210.943
TrainID = 1473  dbValue = 3.82739  nTestCell = 45  nTrainCell = 42  nDiff = 3  (X,Y) = (1545, 1995)  Position Error = 156.387
TrainID = 1429  dbValue = 3.8379  nTestCell = 45  nTrainCell = 42  nDiff = 3  (X,Y) = (1405, 2135)  Position Error = 129.988
TrainID = 1708  dbValue = 3.84214  nTestCell = 45  nTrainCell = 44  nDiff = 1  (X,Y) = (1505, 2125)  Position Error = 166.184
TrainID = 1806  dbValue = 3.8737  nTestCell = 45  nTrainCell = 42  nDiff = 3  (X,Y) = (1295, 1825)  Position Error = 203.953
TrainID = 2842  dbValue = 3.90604  nTestCell = 45  nTrainCell = 42  nDiff = 3  (X,Y) = (1285, 1805)  Position Error = 226.312
TrainID = 960  dbValue = 3.94983  nTestCell = 45  nTrainCell = 42  nDiff = 3  (X,Y) = (1515, 2065)  Position Error = 139.129
TrainID = 1507  dbValue = 3.99471  nTestCell = 45  nTrainCell = 43  nDiff = 2  (X,Y) = (1315, 1795)  Position Error = 223.6
TrainID = 2703  dbValue = 4.09121  nTestCell = 45  nTrainCell = 42  nDiff = 3  (X,Y) = (1435, 2135)  Position Error = 136.956
TrainID = 2612  dbValue = 4.10281  nTestCell = 45  nTrainCell = 42  nDiff = 3  (X,Y) = (1425, 2165)  Position Error = 163.025
TrainID = 2848  dbValue = 4.17044  nTestCell = 45  nTrainCell = 42  nDiff = 3  (X,Y) = (1545, 2065)  Position Error = 166.784
TrainID = 2580  dbValue = 4.1781  nTestCell = 45  nTrainCell = 42  nDiff = 3  (X,Y) = (1555, 2045)  Position Error = 170.52
TrainID = 2792  dbValue = 4.31354  nTestCell = 45  nTrainCell = 42  nDiff = 3  (X,Y) = (1375, 2165)  Position Error = 159.615
TrainID = 2809  dbValue = 4.32525  nTestCell = 45  nTrainCell = 42  nDiff = 3  (X,Y) = (1565, 2045)  Position Error = 180.269
TrainID = 1193  dbValue = 4.34541  nTestCell = 45  nTrainCell = 42  nDiff = 3  (X,Y) = (1425, 2165)  Position Error = 163.025
TrainID = 770  dbValue = 4.35107  nTestCell = 45  nTrainCell = 42  nDiff = 3  (X,Y) = (1395, 2195)  Position Error = 189.095
TrainID = 2388  dbValue = 4.3573  nTestCell = 45  nTrainCell = 44  nDiff = 1  (X,Y) = (1495, 2165)  Position Error = 191.094
TrainID = 1344  dbValue = 4.51873  nTestCell = 45  nTrainCell = 43  nDiff = 2  (X,Y) = (1435, 2165)  Position Error = 165.52
TrainID = 1671  dbValue = 4.53207  nTestCell = 45  nTrainCell = 42  nDiff = 3  (X,Y) = (1375, 2185)  Position Error = 179.547
TrainID = 2027  dbValue = 4.62207  nTestCell = 45  nTrainCell = 42  nDiff = 3  (X,Y) = (1445, 2165)  Position Error = 168.573
TrainID = 1229  dbValue = 4.73912  nTestCell = 45  nTrainCell = 42  nDiff = 3  (X,Y) = (1365, 2185)  Position Error = 180.602
TrainID = 1339  dbValue = 4.88122  nTestCell = 45  nTrainCell = 42  nDiff = 3  (X,Y) = (1455, 2165)  Position Error = 172.154
TrainID = 2084  dbValue = 4.92288  nTestCell = 45  nTrainCell = 42  nDiff = 3  (X,Y) = (1415, 2195)  Position Error = 190.78
TrainID = 1905  dbValue = 5.04751  nTestCell = 45  nTrainCell = 42  nDiff = 3  (X,Y) = (1535, 2135)  Position Error = 194.826
TrainID = 1716  dbValue = 5.19976  nTestCell = 45  nTrainCell = 42  nDiff = 3  (X,Y) = (1415, 2215)  Position Error = 210.611
TrainID = 1343  dbValue = 5.25032  nTestCell = 45  nTrainCell = 42  nDiff = 3  (X,Y) = (1395, 2225)  Position Error = 219.082
TrainID = 1436  dbValue = 5.3586  nTestCell = 45  nTrainCell = 42  nDiff = 3  (X,Y) = (1535, 2155)  Position Error = 208.607
TrainID = 1897  dbValue = 5.41964  nTestCell = 45  nTrainCell = 42  nDiff = 3  (X,Y) = (1495, 2175)  Position Error = 199.492
TrainID = 1601  dbValue = 5.42173  nTestCell = 45  nTrainCell = 42  nDiff = 3  (X,Y) = (1405, 2215)  Position Error = 209.612
