trainID = 124  4.846  5.3741  1.754  4.6802  2.8931  1.5729  2.154  2.527  3.7836  0.4721  2.7862  1.905  1.9697  3.6201  0.746  8.0516  4.4999  6.8778  0.4588  1.3569  1.6963  0.621  2.9054  1.9638  5.1208  2.9694  9.2863  6.9709  2.1061  5.7593  3.0063  0.447  4.6167  1.8109  2.6025  1.9736  2.4207  2.7281  0.2082  1.0057  2.8322  1.936  0.9055  
trainID = 157  3.4279  0.5959  2.482  1.6845  2.2714  0.9595  2.5434  2.029  1.8226  2.022  35.9931  3.2903  6.2855  3.4431  4.2979  4.1981  0.3455  0.0153  4.3789  0.5721  0.5153  1.0618  1.0533  3.6451  2.257  9.2154  0.4415  4.9584  4.215  1.863  0.1009  0.4064  3.6991  1.0788  4.6167  0.3904  1.0301  1.7779  1.38  1.025  0.0616  
trainID = 212  4.1684  0.6244  1.74  1.2488  5.2357  4.6996  1.806  4.9528  0.8908  1.462  0.274  0.829  0.232  2.7695  2.3277  4.9488  3.356  2.2192  4.7347  2.0432  3.5378  2.61  0.6417  1.534  1.1566  8.0108  4.8014  6.6464  1.631  7.027  1.3918  2.9684  3.1513  0.0933  3.9324  1.6819  2.1879  4.2982  1.128  1.6004  3.1901  0.755  0.6947  
trainID = 228  2.2108  3.2408  0.674  0.5464  0.8268  0.8128  0.741  1.7162  1.7496  1.626  2.0331  1.4143  0.498  3.7488  1.2191  2.5809  2.5778  2.3655  2.1059  0.0949  1.5842  0.7743  0.2327  1.1772  1.1824  5.1031  4.1205  2.1554  0.262  6.6894  0.1172  2.3262  0.483  0.3504  3.4045  0.9415  0.202  0.2059  0.735  3.217  0.933  1.514  0.0415  
trainID = 295  1.9082  4.0276  0.8517  5.1845  0.8397  2.1674  3.4006  1.5915  1.304  1.8675  0.516  1.634  2.5569  3.0985  1.5047  6.0142  1.9081  3.321  1.9141  1.3128  2.6906  0.397  1.2104  0.6637  3.7038  2.6619  7.2468  9.1492  2.26  4.9191  3.5807  2.007  1.2392  4.4191  0.947  1.2418  1.0468  0.3443  0.0327  0.3455  1.418  1.198  1.402  
trainID = 360  4.3281  4.5382  3.035  6.7809  4.5939  5.3356  0.469  2.1568  2.3146  2.7347  3.1022  1.187  7.0638  5.746  0.5987  8.7037  7.3089  7.8863  2.2271  1.3369  6.4478  1.516  5.1541  2.4206  4.0913  14.1767  16.9068  8.7147  1.779  12.7078  5.0097  0.232  5.604  2.8655  5.8607  2.8008  0.4034  2.2739  4.7591  3.4395  1.712  1.484  1.1861  
trainID = 372  4.9151  4.5969  0.6819  4.0885  1.9673  3.565  0.303  1.8094  0.3724  0.8467  0.728  1.4372  2.3052  3.1467  0.7101  3.1447  3.9918  4.2016  0.9993  0.7806  1.9088  0.497  0.8238  1.478  0.3633  5.7459  8.2979  5.4641  0.1664  5.3568  3.1012  1.775  0.3518  4.0884  1.918  0.1245  0.89  1.8459  1.4736  3.6764  0.225  0.51  0.5163  
trainID = 373  1.7452  1.606  0.045  5.3134  3.7895  1.1346  5.5724  1.241  1.6494  37.2985  0.3457  1.023  0.314  0.578  1.4062  1.8345  10.5812  8.9997  10.2669  0.2309  1.8024  5.4563  1.5914  1.2184  0.7598  3.5921  2.0059  5.3603  0.1915  4.0013  1.8773  2.655  4.5328  1.9633  0.4181  2.1809  2.7119  2.7273  3.8775  3.4183  35.3578  
trainID = 386  4.4187  3.5422  2.1008  2.1839  0.5818  1.9374  1.956  2.3313  3.1156  0.3845  0.822  1.351  1.4229  3.3319  0.5038  5.5051  6.2647  4.2685  0.9238  1.4579  2.7325  5.5274  0.5391  1.4986  0.817  9.3653  7.1456  2.787  7.7907  2.2142  2.3745  3.5402  3.1726  3.3463  1.2417  1.1863  2.4883  0.1368  0.0993  0.97  2.2532  0.6816  
trainID = 404  3.2735  1.3606  0.818  4.465  2.958  0.2733  3.4871  1.2551  0.4421  1.1846  0.834  0.612  0.5236  1.578  1.432  0.4496  2.4619  1.2125  1.5916  1.8182  0.4597  1.9574  3.8131  0.5711  1.8042  1.4102  3.6382  1.3772  2.158  0.9737  1.506  1.5839  0.9722  2.8585  2.5129  1.0482  1.2818  0.7212  1.5707  2.012  0.261  0.0926  
trainID = 488  5.918  5.65  0.246  4.2915  3.273  1.2347  1.563  3.321  0.9989  1.085  0.0763  0.668  0.605  5.2155  6.114  2.6687  7.6853  6.9262  4.295  2.3181  1.2779  5.3513  0.362  2.9362  1.9087  2.8817  9.4862  9.905  5.6217  1.1392  7.3771  4.4595  0.145  3.5778  2.9369  5.3422  1.0232  1.4229  2.8206  2.5557  1.1262  1.265  0.918  1.494  
trainID = 504  1.8732  1.3313  0.71  2.0961  2.3997  2.1521  4.6578  0.3354  0.7897  2.875  1.1772  0.122  1.214  2.6625  0.0892  2.4977  0.4908  0.7838  0.2466  0.2548  4.9505  1.7568  1.3997  1.9955  0.705  4.323  2.1344  3.4781  0.9659  3.7082  0.9282  4.2738  1.0262  0.1404  2.2296  0.8388  2.1947  0.3994  0.4816  0.6659  0.452  1.747  3.4718  
trainID = 515  1.0605  1.6639  1.091  1.5426  1.1662  1.1071  4.1711  1.6154  1.4701  34.7927  0.1073  0.373  1.0368  1.6584  0.93  0.0936  6.348  5.5677  4.0288  0.4459  0.4284  4.1933  1.3898  2.0551  1.4529  2.3643  0.2073  1.884  2.7529  2.9217  1.6471  0.063  1.6659  0.7848  0.5885  1.9349  2.0435  0.677  0.169  3.299  1.647  0.6  1.4261  
trainID = 584  1.6094  2.3154  0.172  4.4693  0.6361  2.5079  1.56  3.8809  0.1815  1.2256  0.178  1.6339  1.3878  2.4022  2.8939  2.2735  2.6044  2.9058  0.0678  1.1563  0.8353  2.6737  0.5366  2.897  5.1131  6.3714  5.921  3.1643  1.3497  0.2377  1.178  0.0577  0.2876  0.2425  1.251  0.6481  1.6913  2.5915  0.8496  0.156  0.804  0.9995  
trainID = 602  1.4671  3.6454  1.484  0.2852  2.2324  4.0873  1.204  0.9208  1.3605  0.954  0.968  0.181  2.8841  1.7787  1.3609  3.0179  3.3004  3.4836  1.4769  3.2455  2.0068  0.264  1.9777  0.3581  2.5483  7.1905  4.0398  2.7264  0.4894  6.5371  1.0213  0.249  1.6767  3.6011  5.3098  1.8889  2.3161  2.1217  1.3976  2.2101  1.576  0.723  0.0431  
trainID = 610  1.4348  3.1965  0.9  4.3586  3.2584  2.2657  2.5031  0.0491  0.3799  37.0509  0.0125  1.462  1.0841  3.9801  3.0345  0.8926  1.7678  0.67  4.2047  3.4007  1.6072  1.4761  1.8076  1.4845  3.0593  0.112  0.0393  6.3356  2.1944  5.5533  1.54  1.126  0.8092  0.1384  1.3334  1.7009  3.6683  0.6517  2.4575  2.3393  0.772  1.104  1.0354  
trainID = 648  2.7529  1.5112  1.723  5.4725  4.2414  3.0569  3.3747  2.0999  1.0581  35.7901  34.2051  3.2875  1.7735  3.3402  1.7248  1.4487  1.6716  2.9136  2.7944  4.3757  0.5426  1.7239  0.0442  3.6655  0.2888  6.5928  0.4705  5.42  5.7729  4.8664  1.5874  1.2265  3.0092  1.7769  4.5767  1.6631  0.6071  2.1113  1.31  2.2474  0.9505  
trainID = 660  1.1722  0.6733  0.277  4.0033  2.6081  0.5894  5.166  1.0774  0.0809  35.9537  0.5684  1.028  1.484  0.6035  0.223  2.1388  8.1042  6.7569  10.0546  3.2746  4.5442  4.9932  3.4218  4.3901  1.4953  4.2142  1.2728  5.1569  2.6737  1.8957  0.5303  2.7998  3.242  1.7567  2.1056  2.1509  1.2154  0.0268  3.6125  2.5681  35.0008  
trainID = 687  4.6767  2.8159  0.305  1.8293  2.2851  0.3236  3.9817  1.572  0.9538  1.771  0.1323  2.465  1.6084  1.1878  1.105  4.4424  0.208  0.5993  0.8162  0.3984  2.4709  0.5293  0.6646  1.947  0.3654  1.6669  0.5995  6.3832  1.0426  3.2937  5.1595  2.162  0.5619  1.4932  1.8681  2.4619  3.2646  1.9516  0.0375  0.556  0.135  1.648  0.0276  
trainID = 737  0.0639  4.9237  1.869  6.3986  5.2475  0.7594  7.8045  1.26  1.7188  36.256  34.7951  1.5974  1.3029  4.6742  21.2196  6.3466  6.1984  1.562  0.4724  9.0428  2.5132  2.1392  3.8923  1.1508  2.8141  9.3538  1.6571  3.4401  2.7372  1.364  2.0704  3.1226  0.6615  1.402  3.8597  0.0493  3.1465  1.6088  0.547  0.138  0.8341  
trainID = 775  4.9552  4.2911  1.207  1.5431  1.4765  4.2966  1.469  2.0073  2.2026  0.6851  0.68  0.779  6.8723  3.7358  3.8231  6.6398  5.9808  5.7695  1.5113  0.4295  7.101  0.887  2.8547  0.4231  1.3216  10.2878  15.1765  5.7499  1.3552  9.8815  5.7711  1.123  3.6312  2.4828  4.1567  2.3147  0.8827  2.0333  2.3763  1.4238  1.275  1.429  0.58  
trainID = 783  2.6271  0.4252  0.221  3.5243  4.1959  2.0899  4.8908  0.2602  1.9807  36.1655  0.063  1.48  0.908  2.3171  3.4756  1.7291  1.9797  1.0853  3.2459  2.7258  1.1902  1.6945  0.4608  3.9211  0.7115  0.9484  1.2289  6.4111  1.5184  6.0127  0.738  1.76  0.4068  1.3141  2.5543  1.2683  3.0085  0.316  1.3349  0.6287  1.078  0.212  0.0953  
trainID = 788  3.6351  1.3891  1.831  0.7513  0.7329  0.7656  1.106  0.8413  1.2158  0.3439  0.135  1.67  1.8155  0.0293  1.5599  3.0556  1.3277  3.7002  0.5078  2.6401  2.5616  1.458  1.6444  1.8973  3.7669  5.7066  2.4981  2.2455  3.4175  1.4612  3.6396  3.4164  2.1457  1.4338  0.6281  0.4991  0.6311  1.2978  1.2441  0.832  1.796  3.0262  
trainID = 797  4.2978  1.1781  1.122  3.8826  2.6021  2.1617  2.9586  0.292  0.6779  1.3196  0.322  1.449  2.5023  2.4562  3.4291  1.372  0.1343  0.9241  0.0601  1.3904  0.0267  0.9633  2.2528  1.7668  4.9674  4.5391  3.3016  1.3763  3.1921  1.3271  2.7092  1.8736  0.5592  3.2935  2.2229  1.2561  1.3507  1.318  1.254  0.1  2.1258  2.6439  
trainID = 846  4.228  1.4124  1.254  0.3591  3.1384  1.6834  2.2895  2.0612  1.229  0.447  0.866  0.037  2.052  4.9507  1.5807  3.1245  6.5816  2.8506  3.6206  0.6991  2.4982  4.2867  0.9698  2.6817  0.4248  8.012  5.2801  6.9418  0.3912  5.5364  0.1961  4.2179  1.9504  1.4289  3.9358  2.0829  1.562  0.8574  0.19  1.0744  0.71  1.644  1.5327  
trainID = 847  0.2982  3.4537  1.7601  6.245  3.5065  0.9378  4.6814  1.9276  2.2541  35.2871  0.5018  1.4241  0.724  1.3742  0.4657  1.0728  10.3016  6.106  14.9469  0.2636  1.5125  7.5138  1.0768  3.4861  2.3089  1.5897  1.2827  3.2635  0.8423  1.6806  1.8967  2.087  5.008  1.2606  1.3191  1.8489  2.4097  0.3992  1.5233  0.3437  34.1608  
trainID = 861  1.2164  0.4793  1.3311  0.3682  2.5591  1.5072  4.0628  2.2527  0.1514  4.4375  1.729  0.466  1.9233  1.3805  1.8723  0.8594  0.0311  2.5276  0.2018  0.2706  2.2914  0.594  1.5138  2.1276  1.567  5.3492  4.7034  1.9009  3.7599  1.1297  2.6786  0.049  3.2364  1.522  1.8696  2.8169  0.5461  1.2871  0.179  0.0619  0.735  0.145  2.4003  
trainID = 882  0.5966  4.4447  1.801  8.2454  4.0198  1.046  7.182  3.2364  5.7715  35.1043  1.1512  1.561  0.818  1.9038  1.6747  0.4788  17.1919  16.979  17.7197  4.9795  2.6409  9.7795  3.0465  1.9111  1.7133  1.9378  2.122  4.9408  2.3119  2.9941  1.6359  2.4948  2.124  0.0487  0.1922  3.2319  2.1749  3.8673  0.6099  4.5328  3.442  2.715  0.6249  
trainID = 891  7.3756  5.0835  3.829  8.3501  3.9503  6.3466  0.581  5.2454  4.0646  0.1707  0.573  1.5532  9.1391  8.7361  1.7049  8.6003  7.8067  7.9766  2.4211  2.926  7.2254  3.656  6.6006  0.8678  2.4475  22.3635  26.0393  20.3751  1.7215  12.9549  7.5373  1.588  4.3734  4.9819  8.1933  2.9583  1.4466  2.8348  5.4821  3.0015  2.3615  2.45  0.9295  
trainID = 905  1.2575  2.9013  0.765  10.5802  7.1531  1.0551  6.4868  0.8419  1.5254  36.1502  35.7881  3.3558  3.3175  4.5045  17.8836  3.9257  7.9441  5.5454  2.6442  5.7432  3.5231  5.2981  1.4143  1.2767  2.4838  11.3992  0.4387  3.995  3.5744  3.897  1.2449  3.7748  2.0502  3.2699  4.133  0.2575  0.3844  3.0568  1.452  2.2346  1.5739  
trainID = 947  4.4833  3.2735  0.607  0.9076  1.2502  1.7199  2.9044  2.1411  1.124  2.005  0.913  1.024  1.8797  3.0626  0.0378  1.9704  2.8192  2.2014  0.3848  0.8079  0.4216  0.258  2.6178  1.618  2.3361  1.0935  4.6145  1.4822  3.7221  2.4324  0.0624  0.604  0.8503  0.7776  2.0975  0.6605  0.1993  2.6874  2.2175  0.6077  0.007  0.884  1.5245  
trainID = 1015  0.3842  0.4331  1.018  6.1192  1.3131  0.1134  5.5355  1.1278  2.4694  33.3718  0.9268  0.922  1.368  0.0784  2.4407  0.9835  7.2067  5.2894  7.9734  0.7563  0.5218  4.8306  0.1667  3.0951  0.5988  2.7386  1.1297  4.3272  0.7841  1.0377  0.3313  1.457  3.8024  0.3207  0.532  4.5679  4.3692  2.4813  0.8899  0.2462  1.794  0.587  2.9221  
trainID = 1042  0.6422  2.0436  0.383  8.5772  1.4401  0.1647  3.0261  1.6227  2.5421  36.0365  1.1092  1.07  0.404  0.1641  1.7086  1.8707  15.5262  10.5103  17.078  1.5526  0.148  7.0413  1.7155  1.2697  1.1433  4.9662  1.3744  4.5442  3.4802  2.5141  1.2998  0.299  4.1838  0.0363  1.0889  1.8809  3.6004  2.9333  2.4435  1.4433  34.2828  
trainID = 1068  1.1661  2.8987  2.434  7.9135  4.5148  0.2452  6.0038  0.7681  4.2636  36.338  35.9931  1.2224  1.3138  2.8167  14.7078  10.1811  13.5693  3.6285  0.6918  7.1102  1.7285  3.3381  1.1673  2.1236  0.4404  9.8437  0.8424  3.0657  1.8797  1.157  2.1874  1.2254  2.0907  6.4499  3.1425  0.1644  2.4055  2.03  0.568  0.089  0.194  
trainID = 1074  2.4242  0.5501  0.548  3.7878  1.6878  0.9946  3.3072  1.0619  1.0575  35.464  2.0209  1.8883  0.804  2.6924  1.4168  3.8896  2.0637  2.6169  4.5861  0.1866  0.5618  2.9842  1.4619  0.8559  0.8467  0.4792  0.9154  3.1187  0.2632  1.9777  1.0242  1.375  0.558  0.9184  3.197  3.6829  3.5768  0.2871  1.2614  0.4618  2.034  3.0365  2.1358  
trainID = 1144  2.2422  2.7852  0.036  1.0429  1.2459  2.3024  2.2901  0.3295  0.3551  1.6858  0.589  0.739  2.2083  0.3255  1.1971  0.4786  0.4205  0.9145  0.7231  1.6205  1.2396  1.8885  0.7127  0.4072  6.2343  3.1211  1.9657  2.2479  1.777  2.4076  1.459  3.2199  0.1798  1.1268  3.3799  0.7512  1.4773  1.8935  0.4527  1.151  1.143  0.7541  
trainID = 1195  0.1143  0.3342  2.1227  3.5682  2.1904  2.7352  5.9654  1.1242  1.338  34.26  0.9467  0.67  1.6602  0.2168  0.4221  0.075  6.4925  7.8088  9.9754  4.0034  0.5135  5.3144  0.4165  3.1251  1.4903  3.817  0.0429  3.3184  2.7586  0.6681  0.9136  2.6286  3.1077  2.0044  0.6685  2.7399  4.287  0.7233  1.2895  1.137  0.988  0.894  0.5162  
trainID = 1199  2.3576  1.6365  0.184  0.1984  1.0238  2.6905  3.082  1.3828  2.0186  0.1555  0.119  0.816  0.6311  1.9576  0.0569  1.3489  0.2723  0.0648  0.6244  1.8004  0.8016  1.5488  2.5203  0.2599  0.4362  3.0166  0.1828  0.1807  1.7642  1.2524  3.0107  1.2528  0.0214  3.5315  0.6252  0.0005  1.2963  1.7373  0.8012  0.303  1.854  1.0931  
TrainID = 1199  dbValue = 1.18837  nTestCell = 44  nTrainCell = 42  nDiff = 2  (X,Y) = (1165, 1065)  Position Error = 54.3783
TrainID = 1144  dbValue = 1.4886  nTestCell = 44  nTrainCell = 42  nDiff = 2  (X,Y) = (1105, 1005)  Position Error = 34.0147
TrainID = 404  dbValue = 1.58606  nTestCell = 44  nTrainCell = 42  nDiff = 2  (X,Y) = (1185, 1035)  Position Error = 66.0076
TrainID = 947  dbValue = 1.61146  nTestCell = 44  nTrainCell = 43  nDiff = 1  (X,Y) = (1095, 1085)  Position Error = 54.5619
TrainID = 228  dbValue = 1.64035  nTestCell = 44  nTrainCell = 43  nDiff = 1  (X,Y) = (1115, 1115)  Position Error = 79.1012
TrainID = 861  dbValue = 1.67654  nTestCell = 44  nTrainCell = 43  nDiff = 1  (X,Y) = (1095, 995)  Position Error = 47.5079
TrainID = 504  dbValue = 1.69827  nTestCell = 44  nTrainCell = 43  nDiff = 1  (X,Y) = (1185, 1065)  Position Error = 72.0902
TrainID = 687  dbValue = 1.71551  nTestCell = 44  nTrainCell = 43  nDiff = 1  (X,Y) = (1215, 1065)  Position Error = 100.285
TrainID = 584  dbValue = 1.80758  nTestCell = 44  nTrainCell = 42  nDiff = 2  (X,Y) = (1055, 1065)  Position Error = 70.2638
TrainID = 788  dbValue = 1.81667  nTestCell = 44  nTrainCell = 42  nDiff = 2  (X,Y) = (1135, 1125)  Position Error = 90.4268
TrainID = 797  dbValue = 1.87981  nTestCell = 44  nTrainCell = 42  nDiff = 2  (X,Y) = (1195, 1095)  Position Error = 96.2133
TrainID = 602  dbValue = 2.13047  nTestCell = 44  nTrainCell = 43  nDiff = 1  (X,Y) = (1145, 1145)  Position Error = 112.058
TrainID = 372  dbValue = 2.21371  nTestCell = 44  nTrainCell = 43  nDiff = 1  (X,Y) = (1075, 1145)  Position Error = 117.546
TrainID = 295  dbValue = 2.34994  nTestCell = 44  nTrainCell = 43  nDiff = 1  (X,Y) = (1045, 1115)  Position Error = 108.245
TrainID = 846  dbValue = 2.39233  nTestCell = 44  nTrainCell = 43  nDiff = 1  (X,Y) = (1185, 1155)  Position Error = 136.077
TrainID = 515  dbValue = 2.47594  nTestCell = 44  nTrainCell = 43  nDiff = 1  (X,Y) = (1175, 955)  Position Error = 98.4733
TrainID = 1074  dbValue = 2.55958  nTestCell = 44  nTrainCell = 43  nDiff = 1  (X,Y) = (1185, 1005)  Position Error = 72.9178
TrainID = 386  dbValue = 2.62648  nTestCell = 44  nTrainCell = 42  nDiff = 2  (X,Y) = (1055, 1135)  Position Error = 117.886
TrainID = 783  dbValue = 2.65587  nTestCell = 44  nTrainCell = 43  nDiff = 1  (X,Y) = (1225, 1055)  Position Error = 107.689
TrainID = 212  dbValue = 2.67983  nTestCell = 44  nTrainCell = 43  nDiff = 1  (X,Y) = (1195, 1155)  Position Error = 141.198
TrainID = 610  dbValue = 2.75003  nTestCell = 44  nTrainCell = 43  nDiff = 1  (X,Y) = (1235, 1005)  Position Error = 120.071
TrainID = 1015  dbValue = 2.86888  nTestCell = 44  nTrainCell = 43  nDiff = 1  (X,Y) = (1195, 955)  Position Error = 111.072
TrainID = 124  dbValue = 2.9819  nTestCell = 44  nTrainCell = 43  nDiff = 1  (X,Y) = (1045, 1145)  Position Error = 131.746
TrainID = 1195  dbValue = 3.00898  nTestCell = 44  nTrainCell = 43  nDiff = 1  (X,Y) = (1185, 935)  Position Error = 120.652
TrainID = 157  dbValue = 3.10855  nTestCell = 44  nTrainCell = 41  nDiff = 3  (X,Y) = (1245, 1115)  Position Error = 148.718
TrainID = 488  dbValue = 3.21562  nTestCell = 44  nTrainCell = 44  nDiff = 0  (X,Y) = (1075, 1215)  Position Error = 184.329
TrainID = 775  dbValue = 3.36913  nTestCell = 44  nTrainCell = 43  nDiff = 1  (X,Y) = (1065, 1215)  Position Error = 186.968
TrainID = 648  dbValue = 4.12365  nTestCell = 44  nTrainCell = 41  nDiff = 3  (X,Y) = (1255, 1035)  Position Error = 136.004
TrainID = 847  dbValue = 4.25234  nTestCell = 44  nTrainCell = 41  nDiff = 3  (X,Y) = (1195, 905)  Position Error = 151.45
TrainID = 660  dbValue = 4.26595  nTestCell = 44  nTrainCell = 41  nDiff = 3  (X,Y) = (1185, 915)  Position Error = 137.83
TrainID = 373  dbValue = 4.45548  nTestCell = 44  nTrainCell = 41  nDiff = 3  (X,Y) = (1205, 905)  Position Error = 156.707
TrainID = 360  dbValue = 4.48821  nTestCell = 44  nTrainCell = 43  nDiff = 1  (X,Y) = (1045, 1255)  Position Error = 231.164
TrainID = 882  dbValue = 4.58134  nTestCell = 44  nTrainCell = 43  nDiff = 1  (X,Y) = (1245, 885)  Position Error = 196.665
TrainID = 1042  dbValue = 4.61368  nTestCell = 44  nTrainCell = 41  nDiff = 3  (X,Y) = (1225, 895)  Position Error = 176.4
TrainID = 737  dbValue = 4.92718  nTestCell = 44  nTrainCell = 41  nDiff = 3  (X,Y) = (1315, 945)  Position Error = 216.095
TrainID = 1068  dbValue = 4.9735  nTestCell = 44  nTrainCell = 41  nDiff = 3  (X,Y) = (1265, 925)  Position Error = 183.404
TrainID = 905  dbValue = 5.36831  nTestCell = 44  nTrainCell = 41  nDiff = 3  (X,Y) = (1315, 965)  Position Error = 208.463
TrainID = 891  dbValue = 5.7866  nTestCell = 44  nTrainCell = 43  nDiff = 1  (X,Y) = (1015, 1295)  Position Error = 279.1
