trainID = 146  34.0205  5.8706  2.8724  1.164  6.8541  1.0327  3.1475  1.9378  5.2794  2.1407  1.9073  0.659  0.901  0.4464  4.5702  4.5932  11.3745  9.1133  17.4544  2.7003  0.1151  5.6626  4.9308  1.4003  2.6208  0.2501  3.2813  2.7847  0.5401  0.6241  0.4488  1.543  3.2751  0.2514  1.0977  2.753  0.5223  3.3747  0.045  0.1146  31.9819  
trainID = 155  2.0781  0.409  0.202  1.5201  4.4206  1.3929  0.7145  0.2177  1.3265  1.865  0.389  0.666  6.626  1.3044  3.923  3.1058  3.5015  2.1733  1.5541  3.4404  2.4932  0.416  0.218  3.3631  10.0192  0.2856  5.3045  2.5506  1.0492  0.5696  2.1994  2.9785  1.2706  4.4605  2.2523  0.0403  0.5005  4.1705  3.3836  1.4962  0.128  1.4096  
trainID = 162  34.06  5.0991  3.9343  1.453  5.4418  3.8629  0.1083  2.4289  3.3577  0.1143  0.5973  0.36  0.996  3.0676  0.8318  4.6107  5.4414  7.5298  10.1824  2.1377  0.7843  5.0292  3.0186  0.514  3.9111  4.5663  1.1438  6.6762  1.4635  0.6477  4.3319  2.048  0.7883  2.6462  2.8698  2.1799  0.7629  3.0147  2.8327  2.721  2.1862  1.039  0.8654  
trainID = 177  33.493  2.54  5.536  0.429  7.2646  5.9556  1.5445  4.2075  3.5762  1.7343  34.5345  5.0827  0.297  5.7108  33.6259  2.796  16.9276  3.931  2.4598  6.3371  2.5457  1.6958  5.1431  0.5232  4.4763  8.7114  2.1035  0.3021  1.6484  0.328  3.5441  3.1676  0.0206  1.556  0.7104  3.5307  0.799  2.3609  4.0702  0.43  0.3173  
trainID = 189  34.1509  4.2318  2.8111  0.15  2.9925  0.8657  4.43  1.3488  1.9909  0.5062  0.4412  1.968  2.0422  1.5556  4.6427  0.8286  2.6895  0.0918  3.6998  0.6445  0.7092  5.4653  4.0894  1.6312  1.1446  0.4855  0.4419  0.8268  0.6716  0.0896  1.1002  0.659  1.7855  0.6398  1.3153  1.048  1.1869  0.4778  2.9919  1.5788  33.6399  
trainID = 293  34.4418  6.8386  3.9136  3.6652  4.0023  3.0224  2.3745  2.2876  1.5341  1.2457  0.8301  0.033  2.2961  0.8027  2.0753  1.5656  5.654  5.4937  10.3702  2.8031  1.1628  3.089  1.4748  0.1499  2.1849  0.9003  3.1109  3.9031  0.5026  1.4314  0.0436  0.53  2.2659  2.018  0.4008  0.486  0.4975  2.7707  1.4052  1.0035  35.0729  
trainID = 298  2.611  2.1976  0.3685  2.5816  3.5984  3.2669  1.277  0.4083  0.5782  1.8995  1.189  0.295  0.326  3.9825  0.2593  4.6262  2.6848  2.7884  5.1406  0.1562  0.5615  1.4962  0.6979  0.7372  4.9341  3.1517  1.8859  3.6122  2.7619  1.0594  2.7469  2.9402  2.3579  2.7375  2.3975  0.506  0.0228  1.9972  3.4871  0.5771  3.0172  2.03  0.2401  
trainID = 330  2.2668  1.1557  1.51  4.1119  3.4856  0.4821  1.0876  5.2797  1.0205  2.3113  3.7483  0.359  4.2275  0.3175  5.8612  1.5528  4.3022  3.7944  1.2607  2.4906  2.6775  1.652  3.4048  1.4179  5.0809  0.5496  6.1394  2.1517  2.0703  5.3677  3.3993  1.802  2.8182  1.7144  0.197  2.5044  2.8367  0.521  1.9268  3.3802  3.2627  1.9658  
trainID = 340  2.9743  1.4026  1.573  6.2697  2.9186  2.3415  2.8883  1.5498  3.8221  0.7098  3.3757  2.0806  7.8447  9.5702  2.8759  7.6711  7.1254  5.7238  0.59  1.8253  5.4038  4.6698  0.111  2.9999  11.1323  11.8333  11.0462  1.0086  8.9424  4.1176  1.521  4.2523  3.6146  4.6384  3.6873  4.3454  0.3135  4.2635  2.9546  2.9442  1.408  1.1552  
trainID = 348  2.2747  0.5077  0.357  1.6913  5.7582  1.5231  1.7532  0.9742  1.2256  36.5145  3.2364  0.9  4.5911  1.6989  3.4235  2.3312  2.6666  3.8234  3.2881  0.6499  0.5364  1.7162  9.3919  1.0951  8.7633  2.8988  1.8584  6.3602  1.979  4.3303  0.2171  5.5957  2.4547  2.6293  0.3362  4.8029  0.9435  1.3932  2.0152  1.169  
trainID = 366  33.6009  4.5673  2.81  0.861  5.6411  4.0321  2.1186  2.3543  3.6127  0.6118  0.6386  3.7065  0.725  1.8313  2.4631  4.3048  5.8091  12.5785  11.2971  1.8382  0.7498  6.0411  0.8712  0.8439  2.4839  1.6932  2.5361  3.7448  0.1069  0.4221  4.5431  0.51  0.1675  1.8659  1.3893  2.3068  0.1687  3.2777  1.447  0.3412  3.8972  0.657  1.8563  
trainID = 387  0.088  1.4875  1.6619  1.2172  1.8558  1.0642  0.9301  2.7589  1.2529  2.3255  1.0625  1.232  0.287  0.8661  2.4522  1.6864  2.5107  1.3599  4.1679  1.374  2.3355  0.7899  0.3508  2.0837  0.2689  0.6649  2.2337  0.3894  0.6584  0.1916  0.7165  0.888  1.5524  3.408  0.1444  3.4239  2.2556  0.2175  3.1466  0.7244  2.5182  2.045  3.0383  
trainID = 395  32.7964  4.1843  1.9648  2.7367  2.0075  0.1815  1.4702  3.795  1.7535  0.7809  1.0024  1.036  1.458  0.3781  4.1272  0.6018  1.5597  1.3053  12.5784  0.3249  4.9228  4.022  0.2368  1.1252  4.5961  0.9243  2.6267  1.373  2.5228  1.1725  0.386  0.107  2.7811  1.1047  0.0743  0.92  0.3936  1.788  1.8951  2.8237  34.3809  
trainID = 402  2.8913  1.1196  0.614  7.1456  7.4837  0.3241  2.3784  3.9153  1.2782  35.3315  5.8956  0.3406  7.8621  6.6398  0.0541  2.196  1.8544  2.4521  1.6447  2.8329  2.7698  4.4821  6.7373  1.5579  9.9307  2.4979  4.426  5.1473  2.1946  0.6189  2.904  2.4022  0.205  3.8745  0.3351  4.3537  0.3966  0.6803  0.759  0.7653  
trainID = 447  1.404  2.5428  3.405  3.0972  2.2818  0.4782  2.3663  0.3807  1.9002  1.0323  1.7544  2.579  2.7618  0.8528  3.5438  0.8093  1.5463  2.4336  1.2078  0.7513  0.8187  1.6817  0.2415  0.3539  0.1016  2.3268  0.773  2.8109  3.0253  1.4991  1.1485  1.546  0.3027  0.2494  0.1536  0.942  3.1624  0.3786  1.3901  0.153  34.8339  
trainID = 472  1.6276  4.038  0.907  7.5779  3.9953  4.4695  0.1935  1.8868  3.5671  1.3828  3.0406  1.012  8.987  7.9843  2.0866  9.4437  6.9131  3.1102  1.6433  1.937  5.6252  5.1106  2.6977  0.9542  9.2199  13.3951  12.8556  0.3084  7.7641  3.6802  2.406  4.5696  3.219  4.8486  4.4572  5.9004  1.8455  3.4669  4.6025  0.3392  0.6  2.7221  
trainID = 513  2.5442  4.4814  1.437  9.3337  2.0092  1.399  3.2843  3.5335  5.9661  1.7532  3.5141  0.804  10.6946  10.2745  3.8337  10.7213  7.5082  6.778  2.3141  1.6333  7.4766  3.1995  1.8909  0.6663  17.1528  19.4917  17.5414  0.6433  9.6954  2.5215  0.807  4.9659  4.1008  8.1578  4.1255  5.267  2.0587  3.2901  3.9906  2.9622  2.4877  1.4252  
trainID = 522  31.9398  4.6557  7.533  0.185  5.4538  7.6605  2.1476  3.445  2.5165  2.5662  35.5215  2.6973  1.7764  4.8518  24.1905  3.2685  15.4949  2.9564  0.8459  7.07  2.0236  3.2068  2.4808  1.2219  4.3964  9.1271  2.3063  1.173  3.8339  1.318  2.6871  5.6814  0.416  0.626  3.999  1.7802  1.767  1.2899  4.0692  1.507  0.9934  
trainID = 565  1.1241  0.6711  0.184  0.1744  2.5157  1.6201  1.0313  1.1936  3.0147  0.7795  0.075  1.254  4.0591  4.1612  2.2441  4.3467  3.4498  0.4108  1.0511  3.6707  5.5255  0.6165  0.4445  0.4088  11.6193  3.463  2.0451  4.2133  2.3821  2.467  0.163  4.2081  0.7232  4.2756  4.1554  0.5781  0.7046  2.5414  3.7258  1.4892  2.055  1.6421  
trainID = 589  31.1792  3.0075  4.841  1.117  6.5098  6.4343  0.304  4.0129  2.9415  0.284  34.8345  3.5315  0.6195  4.807  17.8805  0.4264  8.0097  3.0426  4.2576  6.125  2.2012  2.8978  2.6228  3.9945  2.6415  12.3948  1.3927  3.2856  5.0013  1.774  0.058  3.053  0.6494  0.313  2.2661  1.7734  0.9711  1.2703  1.6762  0.549  0.6988  
trainID = 599  33.5672  2.6913  2.2222  2.5633  0.5162  1.0818  0.1042  3.1809  0.9492  0.6456  2.4098  2.915  1.009  1.2419  5.7851  0.0889  2.1761  0.9061  2.0336  0.7036  0.6498  2.2721  0.013  1.6123  1.9396  1.2425  0.311  3.4493  0.1182  1.6663  1.0246  2.4072  0.8361  3.5509  0.1712  4.0513  0.6637  1.5585  0.803  0.2015  33.6629  
trainID = 617  31.6943  4.2401  2.2487  1.305  5.5074  3.2623  2.1423  1.3893  1.8998  0.4058  1.5789  2.185  0.814  1.5188  1.1546  3.1656  6.8748  5.3958  6.1577  2.1458  0.1713  4.9158  0.1956  0.2469  2.6017  2.0526  0.6149  4.1705  3.0123  0.437  1.7204  3.1385  0.1846  2.4582  1.065  2.119  0.1798  3.5537  1.9743  2.24  4.1282  0.83  0.6017  
trainID = 625  33.9378  2.0788  0.0128  2.2267  0.419  0.2647  0.443  0.8395  1.245  0.0427  0.0675  1.382  0.331  1.6124  4.1542  0.8969  1.5454  1.7654  5.4676  0.5477  1.6389  0.4726  0.2769  0.5244  3.6331  3.4043  0.4956  2.9455  0.4858  2.3081  1.1213  0.319  1.3964  0.2503  0.6606  0.558  2.0952  4.5097  1.8246  1.5448  
trainID = 626  34.1982  5.5141  1.9117  0.396  4.1234  0.4967  2.7721  0.8887  1.7773  2.5842  1.512  4.2725  1.5725  0.0799  4.7138  0.172  1.2672  3.2676  9.6817  2.8806  1.3044  6.163  1.0789  0.8549  0.3619  4.8547  0.4975  0.5001  1.7947  1.5572  0.0002  2.018  0.1407  1.2083  3.0039  0.419  0.8325  3.6397  1.0764  0.5807  33.8349  
trainID = 639  0.2928  1.0111  2.135  1.3486  5.1965  1.1552  0.8282  0.1776  1.0294  0.2539  0.561  1.4807  5.9544  0.7136  4.1936  1.4652  4.9727  0.3182  2.6672  3.7758  2.0992  0.7544  1.2141  2.2977  10.9925  3.9675  7.0699  4.4545  5.0724  5.3655  2.5693  4.5846  0.7647  5.8493  1.8782  0.4296  0.1585  4.7804  0.7956  0.2869  1.589  1.6619  
trainID = 657  0.7769  0.4157  1.3371  1.6603  5.9527  0.4231  0.5359  0.3365  0.3115  0.0354  0.447  3.362  3.1987  0.1752  2.917  2.1526  0.7389  0.0706  1.5217  2.4407  2.2712  2.6431  1.3089  4.2021  7.1301  3.1575  0.9398  2.5703  0.7753  0.6834  0.989  2.4747  0.6006  1.9112  2.5568  0.4203  1.2572  3.9423  1.0249  3.9062  1.191  0.8691  
trainID = 659  0.101  0.4088  0.724  2.7049  0.7848  0.5207  0.3035  1.5517  1.8268  0.0186  2.8878  1.257  6.1226  4.022  0.0244  2.4172  2.025  1.0709  0.4373  0.8279  1.9474  1.7234  1.0321  1.0232  3.0974  5.2461  2.6709  0.4642  1.2915  2.1466  0.092  3.0069  2.0628  4.7313  2.961  2.8175  1.4301  2.2408  0.757  0.8515  1.24  0.6101  
trainID = 674  1.0191  0.6245  3.166  0.5649  4.4179  0.0243  1.3613  0.2748  1.3347  3.3346  0.499  1.954  3.6618  0.5826  5.1535  0.3751  1.1981  2.6059  0.7494  2.4303  1.7099  1.132  0.6768  2.6607  7.0123  2.0003  2.2443  2.822  3.5948  3.2595  1.311  2.7817  1.577  2.8961  1.8033  1.5155  1.3604  1.7785  0.8784  0.1321  3.4377  0.2091  
trainID = 700  1.0462  3.7881  0.757  2.1272  2.3001  0.5805  1.0913  0.1462  4.0821  3.8986  3.1208  0.558  2.463  5.0736  2.6341  6.4074  4.2095  2.3483  0.2296  0.8745  2.4162  1.9802  2.5561  0.794  4.5079  4.3425  5.2414  1.5466  2.6319  0.579  0.962  3.8416  1.4554  2.8257  3.3772  2.8806  0.279  2.7718  4.1868  6.2952  0.352  0.3437  
trainID = 715  1.0735  3.1297  1.624  5.2509  5.6082  1.9223  0.5571  0.6155  1.4786  36.5135  4.1938  1.6278  6.1121  5.2347  2.5269  2.1945  1.9887  3.5394  1.0771  0.5192  0.7192  4.3621  6.6994  1.8932  9.0116  4.1782  3.2169  6.5918  4.1642  1.9143  3.3226  5.2804  1.081  4.7632  0.2443  0.8766  0.1625  2.6502  2.0461  1.6877  
trainID = 742  30.7728  1.9249  1.3368  1.193  5.2559  3.3031  0.1205  4.4364  1.0125  0.0863  1.0049  1.56  1.169  2.034  0.3068  3.5905  5.2998  4.6127  5.1264  3.33  2.0732  4.5967  1.8548  2.9748  3.2631  5.5821  1.3593  5.2093  0.0557  0.8446  3.2537  1.872  2.0436  1.0158  1.3032  1.1376  2.1306  0.7033  1.9574  1.0942  3.8852  1.9757  1.9107  
trainID = 771  0.587  0.8405  2.5105  1.014  2.7416  0.1095  2.2018  0.441  0.0005  1.1484  0.0693  5.6071  0.106  1.8001  3.983  1.5902  3.1721  4.7625  0.027  0.769  2.8482  2.1929  0.9747  0.4813  0.9306  0.5644  2.2941  4.9045  1.6506  1.0067  0.9934  0.86  1.0758  0.0325  2.1309  0.684  4.3897  0.6599  2.7423  0.4465  3.8312  0.505  2.7837  
trainID = 787  32.3512  5.0784  5.222  1.478  6.9978  5.9465  1.1754  4.1055  1.5885  2.0028  35.7455  4.6122  1.277  3.0534  16.5155  7.6454  15.5826  1.3283  1.0219  4.7585  0.0562  5.3298  2.8191  1.2538  2.541  7.3369  0.8224  0.1547  4.7897  2.1904  1.922  3.8211  1.6638  1.624  2.8277  1.7523  2.041  3.1311  4.3052  2.627  1.2282  
trainID = 813  0.4071  1.5659  2.5403  3.1394  3.2067  0.6761  0.3734  1.4922  3.5741  1.7652  2.061  0.539  2.3973  7.7841  0.3697  5.2989  3.2692  3.2951  1.2233  0.6967  1.1729  2.093  0.1928  2.1586  2.2001  3.8353  6.3241  0.7352  2.2116  3.4359  0.301  1.2272  3.4012  0.6345  2.6986  4.1157  0.836  3.0026  0.6532  2.3892  0.879  1.9162  
trainID = 834  1.5133  1.2025  0.47  5.542  1.5405  1.3871  0.9993  0.4581  5.9591  0.7439  0.36  0.843  8.4496  9.9122  2.709  7.3899  4.8393  7.3823  1.4243  0.3173  7.8913  1.5404  1.4604  0.4364  21.0956  10.5805  6.7369  0.8183  11.0594  3.2816  1.29  8.1984  2.7866  6.6049  2.3248  3.0728  1.106  3.0222  4.8184  2.5902  1.465  0.8312  
trainID = 869  2.727  0.9212  4.3044  2.9595  0.4999  0.832  4.8301  2.2389  2.8056  0.056  5.724  4.2235  2.9704  5.8634  5.4874  2.9594  0.4014  3.5002  7.1519  2.7522  0.6959  1.6638  16.482  5.0999  7.1606  2.2086  7.9481  2.9616  1.649  5.6351  0.5429  5.9059  5.0919  0.6593  1.7888  3.8971  4.6927  0.5505  2.1411  1.1633  
trainID = 878  33.3164  5.63  0.356  0.42  1.0613  2.1796  2.7041  0.156  0.6586  0.6746  1.6626  1.795  0.654  0.4484  3.7646  0.5919  1.2174  1.8645  2.7202  0.286  0.9359  3.2703  2.6073  0.3477  0.1487  0.3412  2.2384  0.0132  0.3922  0.7678  0.704  1.328  0.1895  0.6431  0.3129  0.632  1.0593  2.2837  1.3898  0.2179  33.6989  
trainID = 939  1.6372  0.3058  1.006  0.1649  3.9599  1.1943  0.2719  0.3399  1.1297  1.6793  0.871  1.402  0.7303  1.451  4.1896  4.7104  4.2365  0.0801  1.1724  0.8292  3.4485  0.7356  1.3002  0.7205  5.1443  4.6967  1.4516  2.2376  0.7668  1.6673  1.321  1.06  0.9936  3.2712  0.588  0.508  0.3442  3.7382  1.9439  1.6402  0.215  0.6563  
trainID = 950  31.0359  4.9033  2.6106  1.2931  6.0909  3.9353  3.8712  3.0444  3.2095  1.5191  0.3877  2.063  1.273  1.9664  3.4103  0.8247  9.8999  12.0695  16.5985  3.6978  0.1742  5.0166  1.9019  1.3707  2.8961  0.9101  1.852  5.3901  1.0006  0.3995  2.3629  2.9315  1.9603  1.3237  0.756  0.988  1.0703  1.4861  0.9612  0.8396  4.1032  0.052  0.4178  
trainID = 959  34.1153  3.4714  2.6173  3.6224  3.3284  0.7839  2.0618  1.7871  5.1939  0.6184  0.6486  2.572  1.9761  0.1707  1.2798  1.816  5.5983  3.1229  10.8451  1.7629  0.3952  4.4667  1.3972  0.4457  2.4326  1.0688  4.31  2.7978  1.7871  0.4865  2.5771  1.645  3.2151  0.8419  0.7636  0.779  0.3532  1.2615  1.136  0.7057  34.3179  
trainID = 964  35.7295  3.7777  2.5657  2.1737  3.9926  2.7674  3.4609  0.4175  4.6516  0.6903  1.0273  2.448  1.8258  1.1098  4.1728  1.0691  8.1674  6.0028  14.9234  0.6195  3.1037  5.9092  4.3839  1.5078  3.0032  1.3755  3.0659  1.7898  0.3243  3.5213  3.3814  0.351  0.0124  3.6187  1.8216  0.936  0.7514  3.5197  2.2475  0.2659  34.9639  
trainID = 972  0.2043  3.9446  1.049  3.0022  2.5566  2.4705  0.1217  1.061  3.4461  1.441  0.976  0.903  7.5335  5.6135  4.156  8.1903  3.6303  2.0523  2.3899  2.4792  2.8356  0.7354  2.5306  2.4642  14.2358  5.5936  1.6096  0.6469  5.4843  0.7684  1.359  4.0619  2.2548  5.8075  2.5781  0.6813  1.4081  3.4853  3.5465  2.9572  1.328  1.3439  
trainID = 1006  0.355  4.3096  3.3979  0.721  3.6949  2.3156  1.6743  0.3657  0.7393  2.486  1.0734  2.596  1.37  0.1091  3.2355  0.1248  4.8219  4.5892  0.0125  3.0498  0.9708  0.9984  1.2253  2.4936  1.3299  0.6051  0.6255  5.2369  0.79  2.155  0.6603  0.735  2.3087  1.7256  2.8591  1.051  0.6175  0.6813  2.2265  0.3332  5.4212  1.063  0.6899  
trainID = 1010  2.2794  3.9262  2.2634  5.846  3.4313  1.4721  0.8874  2.5994  4.4291  0.9427  1.151  1.093  8.4435  8.3234  1.2256  10.0467  6.8041  3.9296  2.6863  2.6133  8.447  3.8952  2.7655  2.3708  15.4236  10.1806  9.1508  0.0056  8.8654  1.1599  0.407  3.4142  3.2107  5.0192  4.5758  3.7723  0.4378  5.3541  3.9256  2.6332  1.766  0.0953  
trainID = 1038  1.536  1.8233  6.0991  0.741  7.6581  0.3379  1.7608  2.0493  2.8572  3.2261  1.0153  4.6185  1.076  7.088  13.8557  0.3605  9.2622  6.7519  4.2709  2.0823  2.1471  2.4933  4.5819  3.0402  1.8199  1.7704  8.281  12.4689  1.4515  3.9356  4.212  0.9858  5.8135  5.0133  0.8567  2.7588  1.9516  3.4922  0.807  0.9252  
trainID = 1166  33.2911  6.1315  1.733  0.326  2.9347  1.4581  1.8615  5.0719  0.9842  2.0534  1.4487  1.746  0.465  1.9125  2.5159  2.2889  3.2689  6.4436  8.8358  2.7968  1.5223  3.9318  2.5853  0.567  2.7178  1.0406  0.9244  4.2777  1.339  0.6366  1.9604  1.65  2.8861  1.1958  1.5728  0.784  0.3138  2.1407  0.435  0.7421  4.5152  1.052  3.309  
TrainID = 387  dbValue = 1.52759  nTestCell = 43  nTrainCell = 43  nDiff = 0  (X,Y) = (1595, 1025)  Position Error = 28.2312
TrainID = 939  dbValue = 1.66215  nTestCell = 43  nTrainCell = 42  nDiff = 1  (X,Y) = (1635, 1095)  Position Error = 100.285
TrainID = 771  dbValue = 1.68521  nTestCell = 43  nTrainCell = 43  nDiff = 0  (X,Y) = (1545, 1055)  Position Error = 82.807
TrainID = 659  dbValue = 1.74954  nTestCell = 43  nTrainCell = 42  nDiff = 1  (X,Y) = (1585, 1085)  Position Error = 88.5268
TrainID = 657  dbValue = 1.80082  nTestCell = 43  nTrainCell = 42  nDiff = 1  (X,Y) = (1665, 1085)  Position Error = 104.293
TrainID = 1006  dbValue = 1.81033  nTestCell = 43  nTrainCell = 43  nDiff = 0  (X,Y) = (1575, 1045)  Position Error = 55.4707
TrainID = 674  dbValue = 1.95536  nTestCell = 43  nTrainCell = 42  nDiff = 1  (X,Y) = (1695, 1075)  Position Error = 117.034
TrainID = 298  dbValue = 2.00443  nTestCell = 43  nTrainCell = 43  nDiff = 0  (X,Y) = (1705, 1035)  Position Error = 105.342
TrainID = 155  dbValue = 2.17593  nTestCell = 43  nTrainCell = 42  nDiff = 1  (X,Y) = (1665, 1125)  Position Error = 139.129
TrainID = 813  dbValue = 2.19259  nTestCell = 43  nTrainCell = 42  nDiff = 1  (X,Y) = (1555, 1105)  Position Error = 117.631
TrainID = 625  dbValue = 2.24363  nTestCell = 43  nTrainCell = 40  nDiff = 3  (X,Y) = (1585, 965)  Position Error = 39.9625
TrainID = 565  dbValue = 2.29709  nTestCell = 43  nTrainCell = 42  nDiff = 1  (X,Y) = (1665, 1145)  Position Error = 157.471
TrainID = 447  dbValue = 2.31759  nTestCell = 43  nTrainCell = 41  nDiff = 2  (X,Y) = (1575, 995)  Position Error = 31.257
TrainID = 700  dbValue = 2.47388  nTestCell = 43  nTrainCell = 42  nDiff = 1  (X,Y) = (1585, 1105)  Position Error = 108.06
TrainID = 330  dbValue = 2.55871  nTestCell = 43  nTrainCell = 42  nDiff = 1  (X,Y) = (1725, 1035)  Position Error = 124.326
TrainID = 639  dbValue = 2.57539  nTestCell = 43  nTrainCell = 42  nDiff = 1  (X,Y) = (1715, 1145)  Position Error = 182.2
TrainID = 878  dbValue = 2.82154  nTestCell = 43  nTrainCell = 41  nDiff = 2  (X,Y) = (1625, 955)  Position Error = 47.927
TrainID = 617  dbValue = 2.96972  nTestCell = 43  nTrainCell = 43  nDiff = 0  (X,Y) = (1705, 965)  Position Error = 104.676
TrainID = 972  dbValue = 2.97469  nTestCell = 43  nTrainCell = 42  nDiff = 1  (X,Y) = (1615, 1185)  Position Error = 186.218
TrainID = 742  dbValue = 3.01332  nTestCell = 43  nTrainCell = 43  nDiff = 0  (X,Y) = (1735, 985)  Position Error = 129.757
TrainID = 1166  dbValue = 3.01551  nTestCell = 43  nTrainCell = 43  nDiff = 0  (X,Y) = (1695, 945)  Position Error = 104.101
TrainID = 599  dbValue = 3.14624  nTestCell = 43  nTrainCell = 41  nDiff = 2  (X,Y) = (1585, 985)  Position Error = 25.2389
TrainID = 189  dbValue = 3.26976  nTestCell = 43  nTrainCell = 41  nDiff = 2  (X,Y) = (1615, 955)  Position Error = 44.911
TrainID = 366  dbValue = 3.42611  nTestCell = 43  nTrainCell = 43  nDiff = 0  (X,Y) = (1715, 925)  Position Error = 131.746
TrainID = 348  dbValue = 3.49187  nTestCell = 43  nTrainCell = 40  nDiff = 3  (X,Y) = (1745, 1105)  Position Error = 174.806
TrainID = 162  dbValue = 3.52688  nTestCell = 43  nTrainCell = 43  nDiff = 0  (X,Y) = (1745, 955)  Position Error = 145.798
TrainID = 869  dbValue = 3.52866  nTestCell = 43  nTrainCell = 40  nDiff = 3  (X,Y) = (1665, 1205)  Position Error = 214.283
TrainID = 395  dbValue = 3.56632  nTestCell = 43  nTrainCell = 41  nDiff = 2  (X,Y) = (1615, 915)  Position Error = 84.4808
TrainID = 950  dbValue = 3.57834  nTestCell = 43  nTrainCell = 43  nDiff = 0  (X,Y) = (1725, 925)  Position Error = 140.132
TrainID = 626  dbValue = 3.65375  nTestCell = 43  nTrainCell = 41  nDiff = 2  (X,Y) = (1605, 925)  Position Error = 74.0068
TrainID = 1038  dbValue = 3.6819  nTestCell = 43  nTrainCell = 40  nDiff = 3  (X,Y) = (1465, 1145)  Position Error = 202.97
TrainID = 959  dbValue = 3.77014  nTestCell = 43  nTrainCell = 41  nDiff = 2  (X,Y) = (1665, 915)  Position Error = 102.65
TrainID = 402  dbValue = 3.78231  nTestCell = 43  nTrainCell = 40  nDiff = 3  (X,Y) = (1775, 1015)  Position Error = 169.756
TrainID = 715  dbValue = 3.79132  nTestCell = 43  nTrainCell = 40  nDiff = 3  (X,Y) = (1795, 1055)  Position Error = 197.122
TrainID = 293  dbValue = 3.89399  nTestCell = 43  nTrainCell = 41  nDiff = 2  (X,Y) = (1675, 925)  Position Error = 101.178
TrainID = 834  dbValue = 3.96319  nTestCell = 43  nTrainCell = 42  nDiff = 1  (X,Y) = (1575, 1255)  Position Error = 257.87
TrainID = 1010  dbValue = 4.07784  nTestCell = 43  nTrainCell = 42  nDiff = 1  (X,Y) = (1565, 1225)  Position Error = 229.689
TrainID = 340  dbValue = 4.08322  nTestCell = 43  nTrainCell = 42  nDiff = 1  (X,Y) = (1545, 1215)  Position Error = 224.448
TrainID = 472  dbValue = 4.19979  nTestCell = 43  nTrainCell = 42  nDiff = 1  (X,Y) = (1525, 1215)  Position Error = 230.688
TrainID = 964  dbValue = 4.42553  nTestCell = 43  nTrainCell = 41  nDiff = 2  (X,Y) = (1685, 905)  Position Error = 122.788
TrainID = 146  dbValue = 4.52821  nTestCell = 43  nTrainCell = 41  nDiff = 2  (X,Y) = (1705, 895)  Position Error = 143.586
TrainID = 589  dbValue = 4.77195  nTestCell = 43  nTrainCell = 41  nDiff = 2  (X,Y) = (1805, 965)  Position Error = 201.884
TrainID = 787  dbValue = 5.164  nTestCell = 43  nTrainCell = 41  nDiff = 2  (X,Y) = (1765, 915)  Position Error = 179.825
TrainID = 513  dbValue = 5.18417  nTestCell = 43  nTrainCell = 42  nDiff = 1  (X,Y) = (1525, 1265)  Position Error = 278.059
TrainID = 522  dbValue = 5.43123  nTestCell = 43  nTrainCell = 41  nDiff = 2  (X,Y) = (1795, 915)  Position Error = 206.826
TrainID = 177  dbValue = 5.5114  nTestCell = 43  nTrainCell = 41  nDiff = 2  (X,Y) = (1775, 885)  Position Error = 203.855
