trainID = 353  2.734  2.8316  0.5213  2.932  0.5722  1.6979  34.908  0.6635  6.1831  3.554  4.1099  4.7316  0.3658  3.3518  3.4016  6.0204  1.7498  3.335  3.894  6.5755  6.9456  6.8303  8.7909  6.0029  4.2869  3.9691  1.9944  1.1452  1.2654  4.0072  3.5851  6.0494  0.7377  4.1793  2.9976  1.5726  3.3356  2.3407  1.887  1.3205  0.611  1.236  2.5662  2.763  
trainID = 411  0.3253  0.8424  1.623  0.693  0.3069  0.257  1.3851  0.5529  1.586  0.9388  1.7317  0.3067  0.3996  0.6053  2.2625  1.2657  0.9558  2.826  1.2363  0.6465  0.6575  5.5804  4.0025  3.427  0.26  1.0621  3.4098  0.182  0.4965  0.3671  30.1151  0.331  3.0798  2.2364  2.2547  1.3984  1.6749  0.2662  4.6069  3.1215  3.7921  0.5  2.2393  1.33  0.641  0.7031  
trainID = 427  0.5936  1.4959  2.2403  3.0327  2.5967  0.362  0.2196  0.832  0.79  1.261  3.4076  3.0041  0.6448  2.8679  2.638  0.8117  0.5225  4.2165  0.2792  0.0194  1.3789  0.1115  3.5215  7.9253  1.9214  6.0476  1.204  1.32  2.2752  0.3968  32.0479  4.9048  2.1549  6.4327  1.464  2.2998  2.9727  0.3123  3.7999  0.7319  4.9174  2.672  4.4235  36.2864  
trainID = 566  4.0263  0.2317  1.0163  4.2439  0.2176  0.889  1.1724  1.4194  2.434  3.0151  0.428  1.2263  0.8947  0.5187  3.6767  0.3887  0.8268  6.5352  1.53  1.3272  1.4607  2.8627  3.5366  4.1804  0.4396  2.2394  1.8284  2.6703  0.6749  3.1808  33.7574  0.0974  0.1076  3.7224  1.7155  3.2819  1.7948  0.7658  2.7949  0.1879  4.1607  0.982  1.8786  0.184  2.801  3.6832  
trainID = 601  2.01  2.1677  1.9053  1.438  0.3255  1.6448  34.935  0.4372  7.9133  2.9913  6.3664  1.6555  0.5389  2.8412  7.5034  7.145  6.2049  2.3775  1.4243  9.9538  6.6748  7.7777  6.13  2.3082  10.9364  5.0657  2.1938  3.5829  0.9268  1.1703  6.2611  8.2055  0.1368  6.6897  2.78  1.416  2.3182  0.5823  0.402  2.0379  0.029  0.855  2.5003  0.743  
trainID = 614  1.0172  4.2315  0.1203  1.244  0.6594  0.575  0.1757  0.037  0.165  0.0228  1.7412  0.3388  2.9424  0.7561  0.9653  0.8869  1.8432  2.972  1.1841  0.1105  0.0947  5.5073  8.4576  4.3524  1.9125  3.0451  5.2956  1.043  1.7633  4.5415  32.9757  1.6942  2.1317  5.0297  3.7625  1.9497  2.084  0.2387  2.6368  0.2954  3.4023  2.7513  0.806  0.467  2.496  1.2597  
trainID = 689  2.6425  0.1523  2.0883  1.003  0.2795  0.117  0.4785  0.856  0.906  1.0168  0.0434  1.1173  1.5931  0.5022  0.8748  1.9815  0.7684  3.7782  0.7643  0.7722  1.3068  2.8758  3.1347  1.0905  0.8165  0.8185  0.8802  3.4386  1.0774  3.4024  34.2701  1.3484  0.3406  2.0159  3.9417  0.1657  0.3261  0.2374  2.2586  0.6331  3.0199  2.9088  2.7104  1.398  1.8718  1.6327  
trainID = 728  3.2539  1.1962  2.2393  2.219  0.8618  0.776  32.375  2.2922  1.3066  0.1751  1.7891  2.055  1.1512  1.6146  3.3339  4.8794  2.9412  2.4448  0.797  1.2288  2.5268  4.2887  0.3668  4.7296  3.0129  2.091  2.081  0.564  0.99  1.6578  0.6079  0.7946  0.6227  1.4745  0.751  0.6937  3.7509  1.1602  1.9327  1.639  2.2745  1.511  0.236  0.0286  
trainID = 748  4.6392  2.5577  1.8603  0.502  0.9353  1.935  2.5593  0.9539  0.232  2.0792  4.8862  0.022  2.5525  0.685  2.6  2.4317  2.3717  3.4159  0.8141  1.9559  0.8889  3.8044  15.9551  28.0972  1.059  2.2986  3.2585  1.495  0.5549  4.2365  33.4571  0.038  1.7715  6.2267  1.6077  1.0637  1.2895  2.383  2.3194  0.0815  5.9508  2.1957  5.2849  34.8174  
trainID = 764  0.0784  0.3349  0.8331  2.8861  1.1897  0.464  1.2438  1.836  0.273  3.255  2.4908  1.5319  4.0286  0.6324  1.1671  1.3582  2.2725  6.4216  3.2357  3.326  0.5856  3.5699  0.901  2.4277  0.1247  4.383  3.6301  2.063  1.3866  3.089  1.497  2.9331  1.2293  2.0711  0.3143  2.7572  2.5107  1.2224  3.6289  1.465  2.9275  0.035  3.0963  34.9934  
trainID = 799  1.2158  3.4789  0.7013  1.282  1.3929  0.438  1.9849  1.123  1.672  0.5465  0.2456  0.8439  0.6094  1.146  1.1791  0.5737  0.9605  4.7584  0.7804  0.9884  0.3464  1.7852  1.086  2.0069  1.8381  2.2897  2.5298  1.962  0.8662  0.085  32.325  2.3433  1.5095  1.8775  0.4918  3.3003  3.0929  1.545  1.6549  0.1167  5.7348  1.116  0.211  36.0804  
trainID = 814  0.4106  2.2661  2.3393  0.427  2.9969  0.582  3.1235  0.9446  0.781  0.2815  0.364  1.177  0.476  1.2277  1.3387  1.1828  1.2411  5.702  0.1917  0.2269  0.2233  1.045  0.7395  1.6984  0.5233  0.7775  1.019  1.476  0.6602  0.0064  2.2664  0.8103  2.3484  1.2828  1.0655  4.9057  2.643  1.8716  0.2022  3.5826  1.045  0.7012  0.314  0.656  0.0557  
trainID = 829  1.1059  0.5787  0.8015  2.5931  0.1737  0.797  0.6087  1.618  1.3879  1.0905  0.6874  2.3799  0.2734  1.6469  0.1797  0.4655  0.1839  4.8334  0.4446  1.69  0.3864  0.3839  1.118  7.8531  0.2714  3.6189  1.4125  0.34  0.3453  1.7958  33.721  2.4832  0.2702  1.0137  0.3598  3.8484  2.7246  2.39  2.7549  0.7547  4.8204  1.478  3.4881  35.7014  0.141  
trainID = 1096  1.4658  1.806  0.649  0.164  0.5181  0.29  1.6645  1.439  1.197  1.3514  0.9605  1.1312  0.0554  0.9138  0.0848  0.2617  0.4028  2.48  0.5325  1.3278  0.1061  0.8604  1.4049  0.5304  0.9469  3.0444  0.7312  1.441  0.9555  0.6174  1.7811  1.1804  0.3854  1.9961  1.7953  0.1511  1.4373  3.0949  0.289  4.0493  1.394  0.3465  0.708  2.0654  3.046  
trainID = 1127  0.7246  0.4421  0.8761  3.6146  1.296  0.52  32.65  0.163  2.5856  0.1585  1.2007  1.5221  1.2438  0.5537  1.8258  7.0779  3.0855  1.0248  0.0751  1.8404  3.5418  2.2332  3.0371  1.3719  0.2767  1.96  1.3672  0.0116  0.4408  0.6247  0.3659  4.3118  0.5727  1.8969  1.155  0.833  0.9217  0.5927  4.1645  2.0263  4.5494  0.632  0.7329  0.093  
trainID = 1178  0.8956  0.1755  0.5513  2.617  3.2492  1.5992  0.6159  3.352  0.834  1.0438  0.4176  1.0664  1.5631  0.7664  0.4798  3.0514  0.117  3.3879  2.7246  1.6935  0.7453  2.153  2.4938  0.4987  1.7452  3.1808  0.1024  2.6842  1.5736  0.03  2.2171  0.1975  1.0496  0.7554  2.7901  2.1132  2.273  3.8049  0.3506  4.3421  0.968  1.5557  0.865  0.947  1.7953  
trainID = 1185  2.1948  1.9112  0.4503  0.665  1.7593  1.742  0.0607  0.226  2.1539  0.7916  3.3767  0.3456  0.8476  0.7049  2.0264  0.4587  0.5608  4.0013  0.3915  1.4706  0.6305  8.5819  6.209  9.0997  1.3475  1.9179  4.8283  2.1526  1.1822  2.7421  31.3118  1.715  0.5692  3.081  2.5087  1.7709  0.1382  2.27  4.3099  1.2742  5.5531  0.437  2.8363  3.0348  1.515  1.6736  
TrainID = 1096  dbValue = 1.17896  nTestCell = 47  nTrainCell = 45  nDiff = 2  (X,Y) = (1405, 2565)  Position Error = 8.06226
TrainID = 814  dbValue = 1.31554  nTestCell = 47  nTrainCell = 45  nDiff = 2  (X,Y) = (1415, 2565)  Position Error = 15.6525
TrainID = 1178  dbValue = 1.58739  nTestCell = 47  nTrainCell = 45  nDiff = 2  (X,Y) = (1415, 2535)  Position Error = 39.5601
TrainID = 411  dbValue = 2.14091  nTestCell = 47  nTrainCell = 46  nDiff = 1  (X,Y) = (1345, 2585)  Position Error = 57.4891
TrainID = 689  dbValue = 2.16643  nTestCell = 47  nTrainCell = 46  nDiff = 1  (X,Y) = (1385, 2595)  Position Error = 28.0179
TrainID = 1127  dbValue = 2.27712  nTestCell = 47  nTrainCell = 44  nDiff = 3  (X,Y) = (1445, 2575)  Position Error = 44.1022
TrainID = 728  dbValue = 2.47082  nTestCell = 47  nTrainCell = 44  nDiff = 3  (X,Y) = (1445, 2525)  Position Error = 64.3817
TrainID = 566  dbValue = 2.63058  nTestCell = 47  nTrainCell = 46  nDiff = 1  (X,Y) = (1365, 2565)  Position Error = 36.6742
TrainID = 614  dbValue = 2.65178  nTestCell = 47  nTrainCell = 46  nDiff = 1  (X,Y) = (1335, 2585)  Position Error = 67.2681
TrainID = 764  dbValue = 2.76592  nTestCell = 47  nTrainCell = 44  nDiff = 3  (X,Y) = (1455, 2495)  Position Error = 94.0479
TrainID = 1185  dbValue = 2.80064  nTestCell = 47  nTrainCell = 46  nDiff = 1  (X,Y) = (1325, 2605)  Position Error = 82.8553
TrainID = 799  dbValue = 3.00262  nTestCell = 47  nTrainCell = 44  nDiff = 3  (X,Y) = (1365, 2545)  Position Error = 45
TrainID = 829  dbValue = 3.04476  nTestCell = 47  nTrainCell = 45  nDiff = 2  (X,Y) = (1345, 2535)  Position Error = 67.1193
TrainID = 427  dbValue = 3.71268  nTestCell = 47  nTrainCell = 44  nDiff = 3  (X,Y) = (1345, 2525)  Position Error = 73.1095
TrainID = 353  dbValue = 3.9671  nTestCell = 47  nTrainCell = 44  nDiff = 3  (X,Y) = (1575, 2595)  Position Error = 175.514
TrainID = 601  dbValue = 4.17051  nTestCell = 47  nTrainCell = 44  nDiff = 3  (X,Y) = (1615, 2545)  Position Error = 215.697
TrainID = 748  dbValue = 4.54827  nTestCell = 47  nTrainCell = 44  nDiff = 3  (X,Y) = (1265, 2605)  Position Error = 139.946
