trainID = 331  0.905  0.3782  0.083  2.258  2.0263  0.7279  2.476  2.6198  3.9219  1.0337  1.9298  2.8091  0.5854  0.9921  0.6729  3.8332  1.3586  0.231  0.497  0.9147  2.1373  3.6264  6.0516  19.4052  15.9644  1.6521  0.2575  3.1657  0.2878  0.6769  0.7687  2.3406  1.8821  1.8527  1.9854  4.2676  3.9894  0.93  0.6901  0.9675  0.451  5.592  0.26  3.146  2.649  0.0717  32.3797  
trainID = 414  1.7283  0.377  1.557  1.769  0.5526  1.485  3.1284  3.8508  5.0581  7.5538  2.4569  1.1649  0.6923  3.6793  2.8371  34.7249  0.9677  1.207  0.665  1.6835  4.0016  0.4009  5.0969  5.5552  21.7245  0.6435  0.3387  5.4108  0.2905  0.7494  1.3443  0.4739  5.4352  2.5802  0.7374  0.5228  1.5557  1.597  0.2077  1.1673  0.3574  5.4582  2.5502  3.272  2.47  0.1267  0.489  
trainID = 435  0.4058  1.3392  0.302  0.625  1.8129  1.147  1.106  2.2411  3.2595  3.6107  6.5302  0.8086  1.1024  1.4322  2.72  1.2169  1.7518  1.7883  1.052  1.2906  0.9201  1.0632  1.0663  2.8593  5.5839  15.3995  1.4925  0.5866  3.82  2.694  1.3138  0.1237  0.2245  4.0682  2.3915  1.1974  2.2273  0.6227  0.205  1.1263  1.9498  1.8156  4.798  2.9313  4.0211  3.9445  3.3216  2.778  
trainID = 524  2.125  2.7333  2.366  0.422  1.4267  2.8466  0.61  5.6812  3.2389  1.2084  2.5489  1.2698  1.1914  1.186  2.319  2.4922  2.1079  0.715  0.216  1.931  1.9916  2.9141  1.267  7.2978  19.6082  3.6708  3.0643  5.3249  0.6622  3.0708  3.2516  4.8492  4.362  3.6484  1.9365  6.8468  4.6769  0.927  3.3421  0.5669  3.502  4.711  0.8513  5.7721  5.1403  2.3398  35.236  
trainID = 747  3.479  0.8231  0.638  0.218  0.9204  1.6355  35.6175  0.2298  0.2776  3.042  2.5852  4.7891  0.4444  0.0817  1.5313  1.5267  0.4  1.7836  0.5816  3.8918  0.507  0.433  0.1077  0.9421  5.7109  2.327  4.8758  4.9264  1.572  0.5663  0.0121  1.3471  0.4389  2.0746  2.4565  0.7552  0.8622  1.8858  1.7389  2.4858  1.303  0.5412  1.0559  0.032  1.58  0.1584  1.055  
trainID = 868  0.442  0.6558  0.716  2.677  3.0861  0.8803  3.4714  1.6923  3.4241  1.033  1.3458  2.0994  2.8301  1.064  1.2164  4.2202  3.6107  0.6113  0.018  0.718  0.7231  3.3605  5.4225  19.3376  15.0778  4.8742  3.2006  4.3096  0.659  0.9254  3.0306  3.4282  1.8813  2.1417  1.9453  3.8866  4.9564  0.742  0.2601  1.1955  4.1038  4.03  0.218  4.5586  5.1657  0.3213  35.5112  
trainID = 875  0.893  2.7279  0.634  0.025  3.5308  3.0126  3.095  5.569  3.528  1.8933  0.2661  3.3957  1.4169  2.06  1.3644  0.7235  3.3751  0.845  2.0885  0.8701  0.2617  4.3313  1.5965  11.0592  23.0892  2.705  1.6678  8.5304  1.3019  0.7195  0.7478  4.3313  4.2335  0.7449  1.5457  4.4687  3.2689  1.499  3.8671  0.5659  2.2841  4.8564  1.4243  5.2567  4.823  0.3044  34.3915  
trainID = 1033  2.7831  0.7163  2.446  0.629  1.5822  2.0617  2.485  0.6205  0.124  2.924  2.0463  1.3127  0.6009  1.3088  0.4684  0.6973  3.202  2.0946  0.4635  1.082  0.5247  0.284  1.1139  1.4471  3.1129  1.8306  4.4371  3.4132  5.0224  2.5426  2.747  2.0504  1.7578  2.0324  2.9585  0.6701  0.0266  0.2775  3.0257  1.0101  0.195  1.5525  0.8728  0.0064  2.045  2.0515  2.625  3.218  2.5874  0.513  
trainID = 1052  1.2601  1.634  0.421  0.329  0.1535  2.24  0.416  0.9535  1.0023  4.4817  3.9572  1.6259  1.8276  1.7501  1.3343  0.8373  3.899  1.6835  0.099  1.2083  1.442  1.3797  1.1234  0.8373  3.0136  3.7023  0.1959  3.7607  3.9484  1.3221  3.3562  0.9452  1.0381  0.5318  3.4046  1.0835  0.1768  1.7252  2.2791  1.149  1.817  3.4255  1.2666  1.3159  1.812  1.5307  2.902  3.175  1.8422  0.427  
trainID = 1131  2.552  1.5889  0.956  0.692  0.8397  0.3816  2.725  3.5333  3.4882  0.2863  1.0817  0.9752  0.2019  2.382  0.943  1.1212  1.9817  2.766  0.841  3.2269  1.592  4.2132  6.4467  21.6566  11.0962  5.2162  3.6531  2.7194  0.1643  0.1586  2.8736  1.4467  1.5641  2.5334  2.0789  4.4006  3.8332  0.54  1.3665  1.7897  1.3612  3.506  0.1095  1.857  1.887  0.3586  35.9982  
trainID = 1219  1.2351  2.1087  0.219  0.602  0.6996  0.284  1.957  0.585  1.5419  4.4887  1.4912  1.6589  0.4299  0.525  0.7824  1.0628  0.188  0.7914  1.5702  2.2373  0.553  1.577  0.819  0.5549  5.205  3.4675  2.3035  6.6739  4.6523  0.424  0.0768  1.9727  1.9018  1.1295  0.3753  1.3367  1.6808  1.0672  1.9227  1.4621  0.995  1.9615  0.0159  0.0827  1.974  1.3495  2.726  3.447  0.4151  1.502  
trainID = 1348  1.691  1.0372  3.2307  0.177  1.5151  0.6409  2.067  1.9542  3.9396  1.4763  0.2411  0.7717  1.9773  0.519  0.3176  1.4662  1.3495  2.296  1.204  0.8988  2.3593  5.194  8.9891  21.349  10.9568  1.5735  0.9065  2.8173  0.2894  1.5268  3.0006  1.3052  2.3757  1.6555  1.5941  2.9252  5.8333  3.0278  0.1943  1.0746  1.292  3.006  2.2682  1.454  3.058  1.2369  33.1583  
trainID = 1349  0.627  0.4003  0.473  1.222  1.7695  0.544  2.473  3.176  3.9853  0.7537  0.9205  3.805  0.4259  1.9696  1.4822  3.0692  2.0768  0.559  1.984  0.2342  0.2147  4.8578  0.8348  15.7759  17.0232  3.1908  2.6002  5.1231  1.8303  0.7121  1.7062  3.0619  3.2377  3.6348  2.4399  5.1016  8.0053  2.4478  2.152  1.6485  3.1359  1.748  0.4024  3.022  4.8514  1.3427  33.6696  
trainID = 1353  2.264  1.6983  0.292  0.505  5.6248  0.3482  1.378  2.4332  1.5317  2.1746  0.569  0.4017  2.2868  0.21  1.1216  3.6792  1.9057  1.34  0.215  0.694  2.6062  4.1669  0.4947  14.7962  13.9756  2.5591  3.5004  3.1622  0.7406  0.2791  2.9076  4.6098  2.3118  2.7582  2.2035  0.2465  5.3024  2.3862  0.521  1.4432  2.4517  5.1364  0.2027  6.4476  2.743  0.3737  34.5621  
trainID = 1376  1.0887  0.2149  2.16  2.003  0.8144  0.116  1.6985  0.6749  2.786  3.6988  1.2797  1.358  0.588  0.8396  1.3146  1.692  1.106  2.3522  1.0011  1.258  0.638  0.962  0.7728  0.1141  1.5389  7.7557  13.4379  1.8035  2.957  5.4416  1.681  1.8081  1.1451  1.5736  4.0996  3.3782  1.711  1.6904  1.3381  2.086  0.1484  0.4721  0.5804  2.476  3.6846  3.14  4.8236  0.0473  
trainID = 1445  0.839  0.2831  0.538  1.273  0.3073  0.6689  2.392  1.1485  4.2702  2.1439  1.7012  0.5508  1.9908  1.3327  1.9732  2.9932  2.2783  2.714  1.381  1.3238  0.0096  5.6718  9.2354  23.5972  6.1917  3.1222  0.0015  0.5173  1.9799  2.1518  3.0786  0.6752  0.361  0.4458  2.7894  0.2593  1.8786  1.918  0.2171  1.1448  2.4134  1.887  0.9469  0.885  3.475  1.7356  34.1533  
trainID = 1532  2.319  0.3346  0.106  1.709  1.6971  0.0957  2.116  5.3162  2.4904  0.6274  0.2529  1.2171  0.8938  0.019  1.1012  1.9462  0.6857  1.803  0.14  0.489  2.5337  3.0578  4.9026  17.7557  10.1271  1.2099  1.4147  3.5217  1.8132  0.3305  3.0406  2.0231  2.9067  2.4911  1.8999  4.3673  4.0007  1.188  1.6939  2.6889  1.0437  0.814  0.9534  4.3852  3.7246  1.8397  36.0412  
trainID = 1543  4.153  1.5294  0.692  3.1484  1.4316  2.8992  35.504  0.509  1.4535  5.2831  0.3137  4.1962  1.8228  4.9822  2.7785  0.2454  0.699  0.1045  4.3618  0.3564  0.611  2.39  1.0069  1.4785  4.671  0.1203  6.8824  2.5397  3.6943  1.3146  0.4055  0.4771  1.3228  0.2024  2.2884  0.2841  2.1513  1.7024  0.6179  2.8367  0.521  2.0195  0.6212  2.771  1.595  0.2767  0.205  
trainID = 1649  0.0278  0.3655  0.336  1.6253  0.1619  1.6586  0.345  1.207  0.1911  2.683  6.9969  0.4654  1.7142  1.621  1.4715  0.8888  1.006  2.4779  0.4758  1.7294  2.799  0.057  1.1228  1.2369  2.2048  3.3862  2.6677  7.8769  2.1748  1.5232  1.6047  0.4528  0.8385  2.9248  2.0902  1.7421  0.4202  0.4309  1.6583  1.4841  1.494  0.9535  0.936  1.3353  4.521  0.6963  2.625  2.821  0.8443  
trainID = 1668  3.2536  1.1256  0.686  1.6082  0.4435  1.003  34.5525  0.5381  2.3575  2.219  2.3403  3.0713  1.6418  0.3524  0.2769  1.0402  0.504  0.365  0.6375  3.1849  2.172  0.307  1.8475  1.5819  3.162  4.4396  4.6448  6.4616  3.1203  0.4465  0.2573  2.231  4.4398  0.2387  2.264  0.7104  3.6255  0.2412  2.8167  1.079  0.306  1.0315  0.2757  2.147  1.518  0.9997  0.297  
trainID = 1680  1.2852  0.5044  0.532  1.8067  2.7176  2.1316  0.378  0.7849  1.9144  4.8348  3.0912  1.0216  2.6079  0.6187  1.9836  0.9165  1.771  1.3333  1.0867  2.6785  0.365  0.348  1.3997  2.7925  1.6145  3.2828  3.8808  5.684  2.0253  1.259  1.1893  1.3782  0.2872  0.8576  3.1714  2.4539  0.0532  0.382  1.8403  1.2897  0.841  0.9145  0.9474  1.7852  1.913  2.1922  0.652  2.094  0.7101  1.194  
trainID = 1790  0.4298  0.9398  0.514  0.491  0.5945  1.6719  1.7821  3.7346  3.8222  5.2977  0.8881  1.7922  1.5696  1.1156  1.8508  0.211  1.4974  0.5788  2.9587  1.184  1.6326  0.8103  1.2278  2.7128  4.9573  0.2798  10.4737  1.6393  0.2465  4.9626  1.0289  1.3132  0.4723  2.2113  1.9885  1.585  1.1317  2.3234  1.1547  0.615  1.3964  2.9624  0.748  1.445  1.6658  2.435  1.07  0.1322  0.807  
trainID = 1903  1.2999  2.1275  0.106  0.087  1.2523  0.308  0.952  0.1412  1.4422  3.051  6.9788  0.525  0.6504  0.1563  2.6364  0.502  2.422  0.8489  3.8302  1.722  0.836  1.4365  0.9862  2.2099  1.922  3.0469  7.3201  13.743  0.771  4.4384  4.082  0.3868  0.7108  0.1771  1.2723  2.5099  1.4433  0.7426  2.9727  0.7768  1.983  0.6908  1.0351  1.504  4.022  4.3629  1.811  4.5383  1.8345  0.447  
trainID = 2042  2.2945  1.1705  0.332  0.485  2.3024  1.238  1.891  0.9966  1.4468  4.0192  2.1526  0.7252  2.3164  0.2538  0.6287  1.6232  0.25  2.6473  2.1292  2.5434  2.394  0.494  1.4626  1.5562  1.6595  1.5643  1.144  3.4959  2.507  0.0405  5.4144  0.3434  2.6758  0.1121  0.9484  0.5352  0.7569  0.6448  3.1825  1.693  0.185  1.3355  2.78  0.4622  4.474  0.1542  3.28  3.203  1.0411  0.968  
trainID = 2062  3.8  1.4691  0.227  3.6661  0.7173  0.722  36.4749  3.4491  2.9145  3.063  1.4068  2.0856  3.0798  3.0546  2.0116  1.1928  1.4457  0.869  1.7432  2.6963  0.476  1.019  0.8331  1.6701  4.7654  1.2844  5.6402  5.1313  4.7088  2.0641  0.6613  0.2402  3.0458  0.1035  0.5151  2.4971  2.8314  2.0951  0.3495  0.3849  1.312  1.0445  1.523  0.492  3.134  2.1642  1.054  
trainID = 2110  2.4079  1.0597  0.812  1.0035  0.3746  1.7428  1.851  1.9466  3.2637  3.7472  8.4805  1.2043  0.7961  1.8806  2.5046  0.9498  1.5699  1.4016  2.026  2.4977  3.7004  1.7298  3.0991  4.1301  16.6556  0.0707  0.1955  4.3505  1.6943  0.1441  0.1934  1.2256  4.1564  2.8322  1.0817  2.165  0.6522  0.272  0.3504  0.7851  1.3914  2.027  4.7148  4.909  5.123  1.8529  0.384  
trainID = 2205  0.7827  0.1733  0.886  0.47  0.0561  1.6204  0.582  0.9389  0.4817  4.8454  2.5034  0.6627  1.5652  1.3445  1.2479  1.4427  0.412  2.7521  0.0638  1.5505  0.373  1.6444  1.8077  1.1148  0.8034  0.026  1.4916  6.0117  1.4299  0.6025  2.4053  1.5202  1.2488  1.3757  0.9993  1.5924  0.651  1.6235  1.0283  1.1611  0.754  1.8465  0.6314  0.6964  3.514  2.1995  3.064  5.2542  1.8916  0.061  
trainID = 2252  0.7835  0.8837  0.25  1.795  2.874  0.2464  4.03  6.4596  3.0293  1.4226  0.1255  1.1224  0.2547  0.513  0.9205  1.0282  2.0144  0.42  0.687  0.9276  1.1081  3.3888  2.3123  12.033  18.2582  3.0271  1.5183  5.0713  1.3129  0.7139  2.9736  2.5538  2.3552  0.2239  1.0224  3.2269  3.8647  3.4234  2.2371  0.2131  0.3509  5.4403  0.0565  2.57  3.175  2.2692  35.727  
trainID = 2375  0.0093  0.8353  0.204  2.179  0.3201  3.0294  0.564  3.0791  0.1751  4.6632  2.4422  0.5421  2.166  0.7249  1.3924  2.8976  1.492  0.7404  1.6142  1.4311  2.715  2.07  1.333  1.0725  4.4496  3.9811  12.9761  11.7  3.0197  1.156  1.7172  0.5782  1.5208  1.0284  0.0889  0.8187  0.6017  0.5475  3.5978  3.2852  0.08  0.3635  1.2561  2.4579  2.397  2.0163  1.323  1.898  1.358  0.44  
trainID = 2418  0.2596  0.7902  2.066  0.569  1.4948  2.0504  2.122  0.0669  1.4862  4.5447  3.327  2.2508  0.9535  0.7493  1.9181  1.279  1.107  0.9955  1.2582  0.1767  1.0541  0.762  2.4581  0.7392  4.3804  2.1133  11.2963  14.7094  3.7271  0.2062  3.5406  1.2151  1.1448  0.4056  0.9591  2.7112  1.3071  0.1177  1.2412  2.9622  2.2526  0.3311  2.1239  0.9344  2.306  0.8955  3.711  3.9691  0.7435  0.474  
trainID = 2525  1.726  0.2095  0.113  0.218  1.105  2.5502  1.589  0.9949  0.8768  6.4456  3.9413  0.9532  0.6238  0.4844  0.9568  0.8504  1.005  1.5015  1.5764  2.3169  0.557  0.323  1.9658  1.2654  2.3666  2.9809  9.043  0.941  3.6345  2.1893  1.5936  2.9055  0.9137  1.1263  1.2913  1.4604  1.3208  0.4029  1.4685  0.1616  0.37  1.1495  0.6707  2.697  2.656  1.4359  0.254  
trainID = 2585  0.2871  1.5256  2.273  2.7034  0.3039  0.46  2.3203  1.881  2.048  4.1267  1.863  0.7441  1.8629  1.9196  1.0473  1.74  0.7578  0.2067  3.0425  0.385  1.6237  0.1467  0.4066  1.4085  1.0257  9.2589  7.3544  2.6249  3.1148  2.1569  0.4257  3.4078  2.0084  0.1745  2.5651  0.1542  0.4809  2.2922  2.0842  0.375  0.7485  0.8464  0.5819  3.328  0.4745  2.406  2.986  3.3114  
trainID = 2613  0.2918  0.2788  1.966  1.8115  0.0277  1.247  1.017  2.6653  1.4969  5.3099  5.7321  1.2958  2.8742  0.8741  3.2043  0.8196  0.047  0.9277  0.836  0.3209  0.262  1.28  2.3679  1.2024  1.432  0.9678  3.7708  6.8206  2.4149  0.9543  2.4899  0.1456  0.3123  0.9735  0.4294  2.98  1.1205  0.6301  0.6441  2.1096  0.28  0.0201  0.1312  0.0468  3.841  1.727  2.399  1.064  0.4786  0.384  
trainID = 2789  0.26  2.8702  0.48  0.165  0.8797  4.606  2.371  2.3929  3.8756  0.0093  0.9305  2.1428  1.611  0.706  0.8689  3.1832  1.8344  0.891  1.025  0.3327  2.0611  1.781  1.0248  13.9275  20.2824  3.8839  1.0727  5.6332  0.8624  0.7277  3.3116  6.1887  2.44  0.4354  3.2052  2.8082  4.9414  2.8037  0.9799  0.8176  2.0019  4.224  1.5561  4.2214  3.7245  2.7051  35.9089  
trainID = 2802  1.8156  0.6773  2.9287  0.341  0.6778  1.239  34.4321  0.4787  1.3375  2.32  0.0892  0.4905  3.0095  2.1796  0.7288  0.1375  1.257  0.0435  1.9177  2.0943  2.698  0.261  2.163  2.4987  5.047  0.0499  6.5149  0.1697  1.4765  5.1845  0.4916  3.9865  3.5118  1.6693  4.5894  0.8902  3.4121  2.2392  0.6756  1.5401  1.047  5.2215  0.4358  0.129  3.877  0.5614  1.292  
trainID = 2917  0.6471  2.1069  0.491  1.672  0.8923  0.825  0.9957  2.3344  5.182  5.2992  0.0914  2.5345  1.1277  4.3525  0.1434  1.181  2.014  1.6432  2.5155  0.764  0.04  2.7732  1.011  0.469  0.3066  0.8018  7.4759  2.3258  1.5478  3.5819  0.0268  0.0031  0.966  2.7773  0.2252  1.5768  0.1737  3.5234  1.14  0.054  1.7615  0.6067  0.1476  2.887  2.8376  2.348  3.8203  1.3139  0.322  
trainID = 2989  0.4839  0.2313  1.451  0.301  2.2691  0.565  1.5627  0.5856  3.1863  0.1869  3.4798  0.1701  1.8738  0.2202  0.1828  0.774  0.3098  1.3092  1.6221  1.46  0.846  0.678  2.103  2.0546  5.3504  17.0747  5.7799  3.4818  1.147  3.8036  0.2236  2.1798  0.1034  0.2155  2.9221  1.4118  0.4141  3.7958  2.6671  1.325  1.2315  0.3759  1.6325  5.189  0.0586  2.456  3.191  0.6839  0.836  
TrainID = 2205  dbValue = 1.46409  nTestCell = 50  nTrainCell = 50  nDiff = 0  (X,Y) = (1905, 2165)  Position Error = 33.3017
TrainID = 2613  dbValue = 1.53446  nTestCell = 50  nTrainCell = 50  nDiff = 0  (X,Y) = (1895, 2175)  Position Error = 47.4236
TrainID = 1219  dbValue = 1.56165  nTestCell = 50  nTrainCell = 50  nDiff = 0  (X,Y) = (1965, 2155)  Position Error = 40.8534
TrainID = 2042  dbValue = 1.63907  nTestCell = 50  nTrainCell = 50  nDiff = 0  (X,Y) = (1915, 2155)  Position Error = 19.2094
TrainID = 2525  dbValue = 1.64217  nTestCell = 50  nTrainCell = 47  nDiff = 3  (X,Y) = (1905, 2115)  Position Error = 33.3017
TrainID = 1680  dbValue = 1.65593  nTestCell = 50  nTrainCell = 50  nDiff = 0  (X,Y) = (1895, 2125)  Position Error = 35.3412
TrainID = 1649  dbValue = 1.68103  nTestCell = 50  nTrainCell = 49  nDiff = 1  (X,Y) = (1905, 2165)  Position Error = 33.3017
TrainID = 2917  dbValue = 1.70728  nTestCell = 50  nTrainCell = 49  nDiff = 1  (X,Y) = (1885, 2165)  Position Error = 48.8774
TrainID = 1033  dbValue = 1.71199  nTestCell = 50  nTrainCell = 50  nDiff = 0  (X,Y) = (1905, 2135)  Position Error = 22.561
TrainID = 1052  dbValue = 1.74084  nTestCell = 50  nTrainCell = 50  nDiff = 0  (X,Y) = (1905, 2145)  Position Error = 22.561
TrainID = 1790  dbValue = 1.80311  nTestCell = 50  nTrainCell = 49  nDiff = 1  (X,Y) = (1875, 2175)  Position Error = 62.6817
TrainID = 2585  dbValue = 1.85979  nTestCell = 50  nTrainCell = 48  nDiff = 2  (X,Y) = (1925, 2185)  Position Error = 45.0444
TrainID = 2989  dbValue = 1.94809  nTestCell = 50  nTrainCell = 49  nDiff = 1  (X,Y) = (1975, 2195)  Position Error = 73
TrainID = 2375  dbValue = 2.04697  nTestCell = 50  nTrainCell = 50  nDiff = 0  (X,Y) = (1945, 2195)  Position Error = 57.8705
TrainID = 1376  dbValue = 2.06978  nTestCell = 50  nTrainCell = 48  nDiff = 2  (X,Y) = (1905, 2205)  Position Error = 68.6222
TrainID = 2418  dbValue = 2.08513  nTestCell = 50  nTrainCell = 50  nDiff = 0  (X,Y) = (1915, 2225)  Position Error = 85.8429
TrainID = 1903  dbValue = 2.10104  nTestCell = 50  nTrainCell = 50  nDiff = 0  (X,Y) = (1895, 2205)  Position Error = 72.45
TrainID = 747  dbValue = 2.26058  nTestCell = 50  nTrainCell = 47  nDiff = 3  (X,Y) = (1965, 2105)  Position Error = 51.6624
TrainID = 435  dbValue = 2.2935  nTestCell = 50  nTrainCell = 48  nDiff = 2  (X,Y) = (1885, 2225)  Position Error = 94.8103
TrainID = 2110  dbValue = 2.37035  nTestCell = 50  nTrainCell = 47  nDiff = 3  (X,Y) = (1865, 2235)  Position Error = 113.442
TrainID = 1668  dbValue = 2.42262  nTestCell = 50  nTrainCell = 47  nDiff = 3  (X,Y) = (1965, 2125)  Position Error = 40.8534
TrainID = 2802  dbValue = 2.54953  nTestCell = 50  nTrainCell = 47  nDiff = 3  (X,Y) = (1945, 2065)  Position Error = 77.1298
TrainID = 1543  dbValue = 2.58448  nTestCell = 50  nTrainCell = 47  nDiff = 3  (X,Y) = (1975, 2095)  Position Error = 65.7951
TrainID = 2062  dbValue = 2.70486  nTestCell = 50  nTrainCell = 47  nDiff = 3  (X,Y) = (1955, 2095)  Position Error = 53
TrainID = 1445  dbValue = 3.03926  nTestCell = 50  nTrainCell = 47  nDiff = 3  (X,Y) = (2005, 2185)  Position Error = 90.05
TrainID = 1532  dbValue = 3.13039  nTestCell = 50  nTrainCell = 47  nDiff = 3  (X,Y) = (1975, 2225)  Position Error = 97.6166
TrainID = 331  dbValue = 3.1426  nTestCell = 50  nTrainCell = 47  nDiff = 3  (X,Y) = (1965, 2225)  Position Error = 93.1075
TrainID = 2252  dbValue = 3.19605  nTestCell = 50  nTrainCell = 47  nDiff = 3  (X,Y) = (1955, 2245)  Position Error = 108.669
TrainID = 414  dbValue = 3.22757  nTestCell = 50  nTrainCell = 47  nDiff = 3  (X,Y) = (1845, 2245)  Position Error = 133.225
TrainID = 1348  dbValue = 3.2594  nTestCell = 50  nTrainCell = 47  nDiff = 3  (X,Y) = (1985, 2205)  Position Error = 87.1149
TrainID = 1353  dbValue = 3.26726  nTestCell = 50  nTrainCell = 47  nDiff = 3  (X,Y) = (1985, 2255)  Position Error = 128.798
TrainID = 1131  dbValue = 3.34009  nTestCell = 50  nTrainCell = 47  nDiff = 3  (X,Y) = (1985, 2205)  Position Error = 87.1149
TrainID = 2789  dbValue = 3.5099  nTestCell = 50  nTrainCell = 47  nDiff = 3  (X,Y) = (1955, 2255)  Position Error = 118.36
TrainID = 1349  dbValue = 3.52597  nTestCell = 50  nTrainCell = 47  nDiff = 3  (X,Y) = (1985, 2255)  Position Error = 128.798
TrainID = 868  dbValue = 3.63997  nTestCell = 50  nTrainCell = 47  nDiff = 3  (X,Y) = (1985, 2235)  Position Error = 111.306
TrainID = 875  dbValue = 3.72744  nTestCell = 50  nTrainCell = 47  nDiff = 3  (X,Y) = (1935, 2295)  Position Error = 155.206
TrainID = 524  dbValue = 3.81844  nTestCell = 50  nTrainCell = 47  nDiff = 3  (X,Y) = (1995, 2305)  Position Error = 178.463
