trainID = 129  0.154  0.6162  1.3574  1.093  0.7723  0.8134  0.3697  0.0073  0.082  1.0644  1.6177  2.2226  1.7356  1.2275  2.3051  0.4874  1.9563  1.6947  2.794  0.4662  0.8171  0.8665  2.9146  1.8773  1.3216  2.1193  0.2985  1.081  2.4949  0.8091  0.6497  0.265  1.0044  0.4915  2.4992  2.9242  0.7694  2.9128  2.4642  2.9207  0.555  3.232  2.0911  
trainID = 141  1.9986  4.3123  0.333  6.7844  0.9084  4.4083  1.7111  1.0909  0.0505  2.892  0.4185  3.0376  0.544  2.5244  2.2131  1.7474  2.8251  3.4301  3.8663  0.992  1.0699  5.089  2.5656  2.3942  0.317  3.6051  4.3424  3.806  0.6209  2.7252  2.7514  3.2865  1.0767  3.5798  0.4817  2.8214  1.2207  0.0237  2.9337  0.7406  0.456  3.671  1.5998  
trainID = 142  2.8229  2.499  1.126  5.7005  1.7821  1.2824  5.4553  0.5146  0.6453  1.4436  0.5795  1.3859  1.8464  5.5345  1.5794  6.1742  3.1097  5.5752  0.7774  0.9956  2.0731  5.8689  2.3063  3.0826  2.2748  3.4912  7.1208  0.4045  2.265  3.0442  1.559  0.8571  1.3579  5.3523  2.1702  4.8778  0.4869  1.0357  0.8703  0.428  2.728  0.9565  
trainID = 171  3.0172  3.9592  0.457  7.8842  1.5028  2.7777  5.5103  2.1063  3.3064  1.4591  1.9286  0.912  6.795  8.3359  0.6895  6.0037  7.3793  8.7369  5.476  3.0075  8.8622  6.6772  4.2242  2.8847  17.6152  15.5381  6.4211  0.4563  8.0108  7.2981  1.484  3.1767  5.6678  0.7015  4.9273  3.1067  2.9163  1.7708  2.5731  0.227  3.218  0.5292  
trainID = 175  32.4054  1.469  2.1031  0.8478  1.4967  1.5933  2.1093  0.2675  0.4233  0.7101  2.7483  0.198  1.9039  2.3616  1.3952  3.2437  0.6247  0.7152  3.1215  3.1376  2.3274  0.9108  2.4047  4.1335  0.4448  1.4204  0.2207  6.097  4.1832  0.1729  0.8764  1.5756  1.1778  2.375  3.792  0.042  3.021  1.5494  0.524  0.9305  1.8473  2.2619  0.9612  3.004  1.3589  
trainID = 211  0.1927  5.5272  0.09  5.3277  1.8171  1.7531  2.9433  0.5538  1.1523  1.397  1.3284  0.5046  0.709  1.2076  2.8065  0.0859  2.1344  5.0897  3.496  0.043  1.1353  1.7426  4.4092  3.9162  0.2699  0.4888  4.0537  4.4505  0.5508  3.782  1.9288  2.418  0.256  2.0807  2.3716  1.0925  0.2596  0.8578  1.6187  1.0564  0.9503  2.915  0.5134  
trainID = 221  35.3159  0.982  1.8514  3.4987  2.3923  4.4925  0.8465  2.169  1.6701  2.6756  2.5592  36.083  0.1022  0.7233  2.3093  11.2686  4.4627  6.7447  1.4726  1.0294  5.5426  0.5057  0.9369  0.7179  3.0024  2.5332  5.1983  0.4549  0.2458  2.3987  1.814  4.8905  3.8144  2.3415  0.789  2.9425  0.5761  0.8017  1.2199  1.286  1.3  0.5733  
trainID = 258  1.383  5.3255  0.278  5.8653  0.4995  1.9878  2.6943  3.1017  1.9054  1.102  1.0622  2.6746  2.6054  3.5702  5.567  0.479  4.4804  6.9096  4.176  1.365  0.4957  5.9706  5.0271  0.3773  3.9693  1.2665  7.1396  8.5386  1.0654  2.5118  7.0455  4.7901  0.0959  2.1469  2.4193  4.6141  1.2185  1.8892  4.5404  3.348  0.777  3.201  0.7609  
trainID = 286  0.115  3.9099  2.8016  1.6  1.0448  1.2981  2.256  2.6583  0.8577  1.3724  0.7413  4.3786  2.813  0.5634  0.0295  0.4059  0.4348  1.8275  2.046  1.7845  1.1704  1.882  0.5957  1.601  0.0862  0.0398  0.2107  1.3304  1.5709  0.116  0.4246  2.601  0.0759  0.4679  0.9929  1.0427  2.2851  0.3427  2.0761  0.4618  1.734  4.226  2.1976  
trainID = 300  38.1261  1.313  6.0315  0.5597  2.8623  1.1474  3.6172  3.3643  0.0834  0.7564  1.9021  31.8481  2.1473  0.1433  1.168  2.6276  2.7774  0.551  5.6568  6.9226  13.5871  1.1551  3.6775  5.988  0.4805  1.8419  2.4421  13.9687  3.178  1.4642  3.7852  4.0668  3.2169  0.759  6.9817  0.6477  5.1653  0.145  0.7659  1.7479  1.5014  3.3095  35.0839  
trainID = 311  0.225  1.411  2.128  1.097  1.6837  1.6862  0.2855  0.683  1.7457  0.6027  35.4964  32.0314  0.4624  2.0608  1.0685  4.2704  0.9887  3.3608  1.2109  0.339  0.3576  0.3584  0.2735  3.9578  2.1803  3.3037  6.6365  0.3886  1.4675  2.5943  5.5382  2.5054  0.4955  2.5632  0.648  5.3653  1.8628  0.1546  3.2244  0.522  3.69  0.8583  
trainID = 320  34.8534  1.45  2.7414  2.1717  2.7757  4.6711  0.5818  1.3178  4.2216  1.9884  3.2784  31.4627  1.9826  0.3716  0.44  0.1885  0.9626  2.8569  13.5736  3.0316  27.3692  0.5761  2.5487  6.7635  0.8421  0.6088  0.1268  9.2301  3.1267  5.7161  1.2315  1.4667  0.8698  1.812  6.5037  4.2856  5.7135  0.006  1.9631  2.3409  2.7203  3.8939  33.4429  
trainID = 338  0.555  0.0123  1.231  4.4636  1.8297  2.7254  2.8303  0.3348  0.7322  3.2115  4.3756  0.262  1.5869  1.1228  1.1881  1.517  3.7549  4.6246  2.1232  2.4791  3.0334  2.2882  1.474  0.5291  2.9658  1.2071  4.1115  2.9929  3.2264  2.5717  2.292  0.6461  1.8752  2.033  0.2  0.3409  1.8221  1.7773  0.7462  0.188  1.569  0.8595  
trainID = 369  36.9246  0.106  3.0265  3.833  0.146  3.9215  0.2372  0.9988  1.2209  2.2472  0.8483  31.2338  1.8933  1.6806  0.443  1.0406  1.3511  2.7313  13.633  2.1917  21.9494  1.2909  2.0269  7.9366  1.594  0.9049  0.886  9.6144  4.6546  2.6534  0.5495  4.4173  1.0676  1.609  5.5403  1.8727  6.2879  1.3366  3.4706  2.2089  2.3053  5.6016  35.4309  
trainID = 389  1.1103  0.8612  0.056  1.3481  0.1377  1.9187  2.3135  1.3299  0.9636  32.8922  2.0735  1.8676  0.26  1.1139  1.8389  3.1181  1.2356  2.7553  1.7733  0.1092  2.4584  0.0596  2.0412  2.7299  1.3281  1.6177  1.4874  2.8662  2.6384  0.8091  3.0978  3.4323  0.6354  0.1333  0.4932  0.395  3.0055  0.201  1.3183  2.2002  0.484  3.003  0.4833  
trainID = 399  33.6401  2.274  0.7  6.952  0.4  6.6414  2.8306  1.5632  0.7526  0.307  5.606  33.4551  33.8434  1.2537  1.6016  3.6721  20.5689  10.2411  4.4424  3.8153  2.013  4.5862  0.5648  0.1283  1.7928  6.7248  2.5037  8.2401  0.9688  0.1318  0.9386  3.9583  3.4426  2.3266  3.303  0.784  3.5484  0.5977  1.1046  3.2541  0.021  3.21  3.2818  
trainID = 426  36.586  1.26  3.5982  0.8286  1.352  3.1018  0.8023  0.214  1.3619  0.3947  2.7319  31.3934  1.6448  1.8366  1.75  0.5021  0.3893  0.7621  7.1532  5.0059  8.2568  1.833  1.6761  4.4356  1.2181  0.7529  1.9988  3.3246  1.7004  3.7658  2.1103  0.4465  1.3382  4.0401  6.8117  1.8819  4.855  0.812  2.5898  1.6789  1.7843  2.8135  0.385  3.754  0.7038  
trainID = 492  1.5428  1.0998  1.607  4.8907  0.1135  1.5623  0.7329  0.3424  1.3894  4.0233  1.9266  1.5948  0.3726  0.9418  0.0203  2.6125  6.3786  6.1463  1.2343  2.0631  2.6105  3.9637  1.6349  1.6803  0.5659  2.2745  4.7892  0.1319  2.5034  1.816  1.597  0.4271  1.9378  3.9897  2.8057  0.3661  3.2098  3.5001  1.7982  1.4049  2.007  1.0009  
trainID = 554  1.8329  4.7841  0.315  4.8187  0.1024  1.3733  3.5443  4.7673  2.2574  2.3696  1.3296  0.029  2.7996  6.6823  0.3453  5.3687  8.6378  4.1895  0.4496  0.8549  4.6295  6.3054  1.829  1.7464  0.2521  7.3299  8.0961  0.8967  4.7802  4.3528  3.036  3.0719  2.0129  0.2869  5.317  2.1835  2.1631  3.092  2.8296  0.272  3.419  1.285  
trainID = 579  36.1512  3.14  4.7924  2.031  1.21  6.4489  0.1812  2.8799  4.8183  3.3269  5.5884  32.3478  1.697  1.3756  0.513  2.4358  0.3784  1.1885  9.6804  1.2925  25.3349  0.5384  4.0297  8.5081  2.8991  1.8909  1.1862  9.8518  4.4972  2.1831  3.2326  3.6303  0.5551  1.911  8.8277  0.2859  5.7816  1.501  1.5569  2.3399  0.8893  5.295  35.7419  
trainID = 580  32.0549  0.589  2.7573  3.312  1.176  2.3137  0.9707  1.436  1.1355  0.5016  0.6135  33.0587  32.4634  1.1668  0.3966  2.9817  6.3885  1.0651  6.7826  0.9612  1.0903  2.615  2.1884  0.7895  0.103  2.4853  3.3367  4.8281  0.6473  1.1199  0.376  1.972  3.6903  1.1067  2.9954  1.611  1.9194  1.4964  0.8095  1.5361  0.121  4.453  0.0072  
trainID = 581  33.5103  0.066  3.1032  1.5625  0.328  0.1663  1.1623  4.4671  0.5754  0.6977  1.9419  34.7152  0.4224  4.0026  1.635  0.6615  1.036  1.5147  8.9298  2.6499  6.7553  2.0583  1.6228  1.3853  0.6248  1.3024  0.3664  4.5438  3.436  2.1626  1.5937  0.1116  0.3861  2.285  5.3881  1.9687  4.147  1.1362  1.8701  1.6449  1.1513  1.3343  0.307  3.26  2.2627  
trainID = 586  30.0887  0.498  0.8163  4.06  1.6917  2.393  3.145  0.3874  0.2192  2.688  2.8634  33.8549  32.2714  2.6937  1.4535  1.2533  15.3615  4.6863  4.8046  2.088  2.2321  3.9896  1.2161  1.2739  1.9728  0.7524  5.4121  8.2699  2.4339  0.5587  1.9459  1.571  2.716  2.9863  2.2685  0.788  4.7179  0.7715  0.1119  3.0997  1.1476  3.776  0.7833  
trainID = 597  37.1917  0.148  5.8094  0.7468  0.515  1.3606  0.5411  0.3859  1.2644  1.4103  1.6245  33.6143  2.4426  0.8416  0.101  2.9252  2.3775  2.0902  6.0871  6.9559  15.6996  0.7098  6.2865  5.4826  0.2496  0.2992  1.7509  12.3521  1.9208  0.5734  0.0795  3.3731  0.6278  1.077  4.6081  1.8503  7.7069  1.728  1.5931  0.6345  1.0153  2.7428  34.8739  
trainID = 634  35.0688  0.52  3.6242  0.1591  4.0124  0.012  2.9834  0.2686  0.2424  0.3144  0.0881  1.5461  2.2566  0.787  1.9529  1.7013  3.4037  2.914  1.3527  4.9534  1.3652  3.4836  3.1351  0.7897  0.2639  0.0022  11.1996  5.0346  3.4372  1.1198  2.8259  3.7861  1.523  4.4468  1.666  6.1204  0.333  1.0831  0.5646  1.0873  0.0088  35.7479  
trainID = 666  36.3554  1.209  4.398  3.2851  2.1993  2.9695  1.1079  0.054  1.6797  3.3142  4.2831  34.172  1.8205  4.4456  2.69  1.061  0.6956  0.2402  13.6809  10.4041  11.6385  1.279  1.6311  5.2734  1.6561  0.2722  1.4888  7.3529  3.238  3.589  0.2251  4.732  0.0304  1.445  5.5758  0.3362  5.9358  1.542  1.0765  0.9794  1.0569  4.563  0.205  0.318  1.134  
trainID = 675  0.2969  2.6178  1.077  3.08  0.9273  2.975  1.8486  2.1748  0.1464  0.01  1.8135  0.0982  0.187  0.4778  2.7832  1.6478  0.8913  4.3108  0.371  3.326  0.0353  0.6881  4.4143  0.1205  0.9498  4.0934  2.7081  2.3607  1.3361  1.0078  3.4452  2.727  0.8164  2.2463  3.7204  0.86  1.6885  0.4733  0.7929  1.3785  0.934  0.64  0.2552  
trainID = 729  0.223  1.4186  1.6313  0.052  5.1067  1.5974  1.8357  0.5668  2.3701  0.6305  1.0142  0.1818  0.554  2.6367  2.1818  2.3398  0.9006  2.1488  1.711  0.2661  1.0441  0.8106  0.1625  1.4949  0.9865  5.4714  0.7962  5.6014  0.0177  4.2595  0.7029  1.333  0.7892  1.8774  2.2982  0.321  0.4472  1.1925  2.5907  2.3582  1.862  1.379  0.1556  
trainID = 774  34.868  1.353  2.9898  2.6313  1.8  5.9905  0.6306  3.5802  2.2099  3.6168  1.8721  33.0275  0.7243  2.5906  0.311  0.1622  0.042  0.562  10.5422  1.6211  21.7402  0.6718  5.0143  5.7733  0.5598  0.0551  0.9698  10.374  4.987  1.6654  3.0252  2.3771  0.4505  2.712  7.0437  1.0553  6.2713  2.537  0.1526  0.7454  3.9653  2.9119  34.3209  
trainID = 793  1.525  0.677  1.2999  1.3072  1.458  1.412  5.4401  0.8482  0.7765  1.199  0.442  31.6763  1.3138  0.5941  0.4635  2.7714  0.5093  2.1482  0.8719  1.7468  3.2044  0.1357  2.1649  1.7348  0.0301  3.7336  5.9469  0.8855  0.3117  0.9044  3.114  1.8793  0.0873  0.0164  0.291  4.577  2.5127  1.0193  1.9745  0.6719  3.331  1.8947  
trainID = 823  38.4225  3.49  4.1558  2.448  0.497  5.9844  2.1776  2.1645  1.5811  3.8145  4.663  34.0837  1.1112  0.5996  0.291  4.121  1.575  1.119  13.7524  4.9394  28.4646  2.3695  3.252  7.8962  0.7284  0.5236  0.7082  8.1598  5.2981  3.0697  2.2497  4.2472  0.9019  2.162  7.8947  0.5702  6.1055  0.941  1.1856  1.106  0.6168  3.7623  35.4469  
trainID = 849  36.8399  2.3861  1.832  1.4346  1.0142  1.2318  1.0664  1.3971  1.3684  0.1808  4.1666  1.3336  0.072  2.4902  3.3739  0.2875  3.0173  0.5006  1.6182  0.3939  1.928  2.5046  0.0747  0.5524  0.5111  10.1049  0.8071  3.0437  0.4083  2.9556  0.8225  3.5209  5.0232  0.2986  4.0122  0.606  0.6265  1.7389  0.7458  0.1749  2.514  2.897  1.3715  
trainID = 865  35.8146  1.087  3.2482  1.5281  0.574  2.3512  1.4393  2.2828  1.0396  0.0506  1.1637  32.0181  1.612  3.5486  0.111  0.1868  0.9399  1.1621  7.5364  2.4485  3.0261  0.492  2.7335  1.1199  1.2253  0.63  1.3077  4.8005  1.2506  2.2723  1.517  2.0402  0.0985  0.289  4.4818  0.2355  5.5664  0.008  0.8917  0.6367  0.8526  2.0584  0.7003  3.454  0.94  
trainID = 921  33.1003  0.303  0.7649  1.9895  1.217  2.6939  0.8562  0.1301  1.134  0.1026  0.4374  31.4814  2.3672  2.3436  1.037  1.1593  1.3624  3.2168  6.7427  2.2379  3.4663  2.1366  1.9822  0.8257  2.9044  0.7249  3.5318  5.929  0.3107  3.0369  1.6434  1.0521  0.1533  2.722  1.6461  1.2432  3.2428  0.834  2.5592  0.2203  0.1513  0.4725  1.2629  2.121  0.6827  
trainID = 924  37.6472  1.408  4.6809  1.296  1.6968  2.5015  0.5709  0.1525  1.1599  3.7835  1.1917  33.5956  2.1753  1.8926  0.428  3.8995  0.3422  1.2437  10.4688  5.041  7.5974  0.1674  1.9216  4.247  1.373  2.8329  1.3056  10.4522  3.4035  0.3628  0.5489  2.6058  1.757  1.259  8.7117  0.6928  5.5923  0.607  3.4306  2.5379  0.6574  3.5471  33.5799  
trainID = 977  35.6617  2.812  4.1989  3.787  2.5237  7.1286  4.9238  1.1636  0.1496  1.8645  4.2245  36.3202  33.9184  2.9978  1.4621  4.1088  23.3833  11.9257  6.1349  2.5178  1.9315  7.2864  1.2996  2.3049  2.3698  5.9838  3.9303  8.1536  1.2867  0.8842  0.1154  2.624  6.3597  2.6703  3.791  1.995  4.9954  2.3874  1.8643  3.2368  0.181  1.694  1.5749  
trainID = 988  0.219  0.176  0.4603  0.4895  0.16  0.3171  1.6315  1.7867  0.4077  2.8803  1.3261  33.3402  0.0002  2.1756  0.659  0.1633  0.4393  0.4235  3.1014  2.9312  2.6848  1.9877  2.177  0.4694  2.1295  0.9779  0.0336  4.1245  3.2383  2.8875  2.1569  1.4384  2.1451  2.846  3.2589  0.8649  5.2816  0.525  1.3071  1.1277  0.4316  1.5075  0.033  3.524  2.3851  
trainID = 1018  34.2708  3.76  5.3478  0.0212  0.719  5.1145  0.7242  0.4414  1.0115  4.6643  2.599  32.7485  1.6473  2.9186  2.298  2.3554  0.3375  0.4815  11.6502  5.9263  15.9637  1.5727  1.0018  5.0492  2.1339  1.073  1.8248  8.4411  3.3891  1.9114  2.3706  3.8946  0.0429  4.021  6.7667  2.2308  3.9313  1.227  1.609  2.3329  2.1323  4.5279  33.3829  
trainID = 1045  2.3069  2.1654  1.6699  6.3901  1.4748  2.4902  1.7813  3.7057  1.4254  2.4369  0.8906  1.4292  2.976  4.0257  0.5427  3.7167  8.6181  5.4702  1.5446  0.6957  3.1121  2.0831  2.3451  3.0375  3.9268  5.4232  6.1205  0.161  2.7423  2.4474  4.4131  1.6784  4.0386  0.1822  3.1341  3.2897  4.0343  3.9765  1.6992  0.9952  2.818  0.5078  
trainID = 1048  34.6937  0.063  1.7688  0.404  0.685  0.1482  1.3004  0.5259  0.1843  0.1353  0.8268  32.0071  0.2734  0.8916  0.225  0.8667  1.3887  1.4361  3.8806  3.5194  4.5181  1.68  1.4422  2.2674  1.0513  1.6109  1.0828  1.058  3.9133  3.1006  0.9891  0.8845  0.6524  1.829  2.1112  1.3489  4.791  0.907  4.2777  0.5179  0.5304  0.464  0.482  3.15  1.0138  
trainID = 1049  0.517  0.468  0.2794  2.5345  0.657  4.1254  1.697  0.5215  4.5723  2.4461  1.2182  2.4891  0.0393  2.1355  2.1281  5.53  1.2006  3.9449  3.3214  3.8324  5.066  0.7817  2.4782  3.5794  3.25  0.769  2.6366  3.0705  9.6506  0.1727  2.3691  3.9753  0.189  2.2723  4.3564  2.6292  3.7169  2.5648  0.5072  0.2464  1.6143  1.433  3.815  2.9254  
trainID = 1053  1.4673  0.3738  0.707  0.679  1.0238  1.7319  1.5254  0.6735  0.9612  0.126  1.4053  1.8976  1.19  0.8238  0.6844  1.7539  3.754  2.4119  0.0124  2.5665  0.1437  0.2397  1.6259  1.2403  0.9997  1.2105  2.5112  2.3619  3.2571  0.9695  1.5012  2.701  2.7523  2.2093  0.4684  0.523  3.4168  1.3099  0.818  2.0064  2.615  2.735  0.8354  
trainID = 1063  35.6354  3.955  0.3034  0.83  1.3275  7.2622  0.2119  0.7107  0.6861  2.096  32.4358  3.6358  1.2646  0.231  2.679  3.2388  0.5835  5.0118  3.3357  12.3368  0.2205  3.3104  3.9415  0.4129  1.2079  0.8124  13.6036  3.4492  1.0216  3.8056  2.6009  0.7785  0.633  5.9124  2.2788  7.3831  0.419  0.1086  0.541  0.4366  3.8023  34.9569  
trainID = 1072  3.7193  4.2033  1.206  6.9071  1.8322  3.4603  2.5793  2.7862  2.5684  1.0734  0.6056  0.933  5.8362  5.8928  1.4063  6.7909  7.4096  8.0499  2.607  1.3197  7.8528  4.1484  0.5859  0.2795  11.9172  12.2674  10.9708  0.1431  5.8552  6.3198  1.325  3.5316  2.7578  2.0119  6.1287  3.1244  4.7557  1.7635  1.7419  0.26  3.858  0.707  
trainID = 1086  0.212  4.0112  0.5567  0.107  0.7016  0.0704  2.4463  0.2165  0.7328  1.1204  33.1913  0.9506  2.1146  1.405  0.0402  1.5665  1.2567  4.3063  2.1135  1.3766  1.7906  1.6456  3.0113  0.6797  0.5946  1.0552  2.4954  0.2243  1.3309  0.5544  1.8009  1.2766  3.089  2.6431  0.0584  0.8668  2.7527  1.1054  1.2949  0.2954  1.9969  0.774  2.26  0.9964  
trainID = 1090  38.2018  2.366  6.4256  3.785  0.399  4.8722  0.9283  0.4299  0.7993  2.8208  1.8899  33.0767  2.7391  3.9736  1.295  2.4922  1.4457  1.6641  14.1922  2.0477  27.3182  1.0957  1.2357  6.8753  0.5275  1.3159  0.6888  10.8173  3.4288  1.8685  2.2842  4.7956  2.3005  2.317  7.6567  0.4879  3.5242  0.553  3.3599  2.9979  2.2963  2.8243  
trainID = 1106  0.688  0.236  3.8193  1.4463  2.7522  0.8109  1.8803  3.3993  0.6071  0.7985  1.62  1.2736  2.2456  2.6745  0.8881  0.6382  1.3908  0.9208  0.3007  3.3142  2.0189  1.2992  0.3671  2.959  1.0041  1.0377  3.0037  2.6136  3.0604  0.9589  3.2153  1.1388  1.237  2.4166  1.5884  2.9143  1.8131  0.0184  1.9413  0.4534  1.7505  0.8648  3.317  1.4264  
trainID = 1117  35.386  2.728  2.8269  4.514  1.6763  6.0938  0.7085  0.7231  0.8454  1.416  3.5121  34.6889  33.6254  0.0365  1.5903  3.0979  25.4877  2.9145  10.5789  2.4701  1.015  6.3164  2.1724  1.8745  3.7148  6.9654  4.8059  6.7858  0.7759  0.3947  0.3149  3.5595  4.8893  1.9063  3.8607  2.509  3.9321  1.8715  0.3408  3.8792  0.647  1.087  1.4418  
trainID = 1132  35.9275  0.124  4.6096  1.7485  1.168  7.3571  3.1037  1.9625  0.351  3.0748  3.4722  32.5191  2.851  4.6976  0.101  0.9791  0.1915  1.4731  10.1243  13.1375  26.7651  1.6411  3.6612  6.9003  1.1393  0.4712  0.6257  10.8022  2.578  3.0991  2.5554  3.8449  3.15  3.9549  7.2997  1.9164  4.2715  0.3709  0.9164  2.0523  6.2211  34.5509  
trainID = 1133  0.047  0.336  1.204  2.6983  1.7507  0.0318  0.3011  1.1632  0.6019  1.7637  1.5527  0.6649  4.3556  1.257  0.949  0.1415  0.092  4.3475  0.529  1.3669  3.2219  1.109  0.2181  1.6981  0.1716  0.5313  2.2582  0.5094  0.676  0.5767  0.2559  1.4974  1.001  0.4838  0.1877  1.6204  1.0453  0.209  0.823  1.4053  2.8727  0.892  3.862  0.2218  
trainID = 1148  1.7834  0.807  1.655  0.3872  1.5281  1.5229  1.8521  0.0665  0.2873  31.4915  0.0977  0.7596  0.103  2.0739  0.4166  0.2821  4.0486  1.5668  1.544  0.0327  0.7376  2.6555  4.4322  1.1826  0.1748  1.1034  2.6193  4.4077  2.1204  0.1819  2.9861  4.8124  2.0934  0.7244  1.1706  2.0533  0.0127  0.107  0.7581  2.6258  1.7774  5.6782  0.0652  
trainID = 1183  0.3453  1.2438  0.181  4.3552  1.8164  2.1959  3.5063  0.4983  2.1634  0.4884  1.5226  1.864  3.4673  5.0069  2.3257  2.6034  5.5562  4.9494  2.029  2.0763  4.3249  5.7397  4.7079  2.4421  3.9139  4.1829  3.1932  0.4536  5.1867  3.3483  2.59  0.5211  2.4291  1.5638  2.7242  1.9556  2.5493  2.9557  1.3208  0.925  4.3687  1.1738  
trainID = 1194  2.5797  0.3563  0.774  1.5503  3.7003  1.6729  1.0732  0.5225  1.2329  0.57  2.1188  2.0776  1.473  1.4628  3.1209  2.5794  2.5825  3.3199  1.4913  1.5786  1.9827  2.8677  2.431  1.0301  1.8268  0.3762  2.0156  3.265  1.6058  0.2585  1.3219  4.9413  0.285  0.5886  0.917  1.6894  0.297  0.3069  1.3186  0.3176  0.653  3.416  0.5367  
TrainID = 1133  dbValue = 1.19321  nTestCell = 45  nTrainCell = 44  nDiff = 1  (X,Y) = (1685, 1895)  Position Error = 16.9706
TrainID = 129  dbValue = 1.40037  nTestCell = 45  nTrainCell = 43  nDiff = 2  (X,Y) = (1655, 1955)  Position Error = 51.264
TrainID = 286  dbValue = 1.40627  nTestCell = 45  nTrainCell = 43  nDiff = 2  (X,Y) = (1675, 1965)  Position Error = 58.0345
TrainID = 1053  dbValue = 1.49349  nTestCell = 45  nTrainCell = 43  nDiff = 2  (X,Y) = (1725, 1935)  Position Error = 59.0593
TrainID = 729  dbValue = 1.56555  nTestCell = 45  nTrainCell = 43  nDiff = 2  (X,Y) = (1595, 1925)  Position Error = 80.05
TrainID = 675  dbValue = 1.59889  nTestCell = 45  nTrainCell = 43  nDiff = 2  (X,Y) = (1605, 1935)  Position Error = 73.5391
TrainID = 1194  dbValue = 1.62989  nTestCell = 45  nTrainCell = 43  nDiff = 2  (X,Y) = (1735, 1955)  Position Error = 78.4092
TrainID = 1106  dbValue = 1.6846  nTestCell = 45  nTrainCell = 44  nDiff = 1  (X,Y) = (1625, 1935)  Position Error = 55.5698
TrainID = 211  dbValue = 1.89017  nTestCell = 45  nTrainCell = 43  nDiff = 2  (X,Y) = (1615, 1995)  Position Error = 105.394
TrainID = 338  dbValue = 1.89784  nTestCell = 45  nTrainCell = 42  nDiff = 3  (X,Y) = (1705, 1965)  Position Error = 66.242
TrainID = 492  dbValue = 2.06213  nTestCell = 45  nTrainCell = 42  nDiff = 3  (X,Y) = (1615, 1975)  Position Error = 89.3756
TrainID = 1086  dbValue = 2.11565  nTestCell = 45  nTrainCell = 44  nDiff = 1  (X,Y) = (1695, 1885)  Position Error = 31.1127
TrainID = 389  dbValue = 2.23244  nTestCell = 45  nTrainCell = 43  nDiff = 2  (X,Y) = (1735, 1925)  Position Error = 64.56
TrainID = 1148  dbValue = 2.25084  nTestCell = 45  nTrainCell = 43  nDiff = 2  (X,Y) = (1735, 1915)  Position Error = 62.514
TrainID = 141  dbValue = 2.26201  nTestCell = 45  nTrainCell = 43  nDiff = 2  (X,Y) = (1625, 2025)  Position Error = 127.389
TrainID = 988  dbValue = 2.28069  nTestCell = 45  nTrainCell = 45  nDiff = 0  (X,Y) = (1715, 1895)  Position Error = 43.6807
TrainID = 793  dbValue = 2.35479  nTestCell = 45  nTrainCell = 42  nDiff = 3  (X,Y) = (1765, 1905)  Position Error = 92.0217
TrainID = 1049  dbValue = 2.44833  nTestCell = 45  nTrainCell = 44  nDiff = 1  (X,Y) = (1555, 1985)  Position Error = 141.45
TrainID = 175  dbValue = 2.45528  nTestCell = 45  nTrainCell = 45  nDiff = 0  (X,Y) = (1665, 1855)  Position Error = 52.6118
TrainID = 142  dbValue = 2.51049  nTestCell = 45  nTrainCell = 42  nDiff = 3  (X,Y) = (1575, 1985)  Position Error = 125.252
TrainID = 849  dbValue = 2.63366  nTestCell = 45  nTrainCell = 43  nDiff = 2  (X,Y) = (1625, 1845)  Position Error = 78.4092
TrainID = 1183  dbValue = 2.63726  nTestCell = 45  nTrainCell = 42  nDiff = 3  (X,Y) = (1605, 2035)  Position Error = 144.941
TrainID = 1045  dbValue = 2.80767  nTestCell = 45  nTrainCell = 42  nDiff = 3  (X,Y) = (1595, 2025)  Position Error = 141.45
TrainID = 1048  dbValue = 2.90883  nTestCell = 45  nTrainCell = 45  nDiff = 0  (X,Y) = (1735, 1865)  Position Error = 74.8866
TrainID = 554  dbValue = 3.00091  nTestCell = 45  nTrainCell = 42  nDiff = 3  (X,Y) = (1575, 2045)  Position Error = 169.257
TrainID = 258  dbValue = 3.02885  nTestCell = 45  nTrainCell = 43  nDiff = 2  (X,Y) = (1565, 2035)  Position Error = 167.475
TrainID = 921  dbValue = 3.10072  nTestCell = 45  nTrainCell = 45  nDiff = 0  (X,Y) = (1695, 1855)  Position Error = 56.4624
TrainID = 865  dbValue = 3.17268  nTestCell = 45  nTrainCell = 45  nDiff = 0  (X,Y) = (1685, 1845)  Position Error = 63.1506
TrainID = 311  dbValue = 3.37579  nTestCell = 45  nTrainCell = 42  nDiff = 3  (X,Y) = (1765, 1895)  Position Error = 92.7793
TrainID = 581  dbValue = 3.47227  nTestCell = 45  nTrainCell = 45  nDiff = 0  (X,Y) = (1735, 1855)  Position Error = 80.9197
TrainID = 426  dbValue = 3.72524  nTestCell = 45  nTrainCell = 45  nDiff = 0  (X,Y) = (1745, 1845)  Position Error = 95.0158
TrainID = 634  dbValue = 3.7425  nTestCell = 45  nTrainCell = 42  nDiff = 3  (X,Y) = (1615, 1815)  Position Error = 108.757
TrainID = 1072  dbValue = 3.89267  nTestCell = 45  nTrainCell = 42  nDiff = 3  (X,Y) = (1565, 2115)  Position Error = 234.367
TrainID = 221  dbValue = 3.9651  nTestCell = 45  nTrainCell = 42  nDiff = 3  (X,Y) = (1775, 1835)  Position Error = 124.852
TrainID = 580  dbValue = 4.03308  nTestCell = 45  nTrainCell = 43  nDiff = 2  (X,Y) = (1755, 1865)  Position Error = 92.1303
TrainID = 666  dbValue = 4.36976  nTestCell = 45  nTrainCell = 45  nDiff = 0  (X,Y) = (1745, 1785)  Position Error = 141.662
TrainID = 171  dbValue = 4.51264  nTestCell = 45  nTrainCell = 42  nDiff = 3  (X,Y) = (1565, 2135)  Position Error = 252.286
TrainID = 586  dbValue = 4.7003  nTestCell = 45  nTrainCell = 43  nDiff = 2  (X,Y) = (1815, 1855)  Position Error = 151.222
TrainID = 924  dbValue = 4.98527  nTestCell = 45  nTrainCell = 43  nDiff = 2  (X,Y) = (1675, 1785)  Position Error = 122.016
TrainID = 1063  dbValue = 4.9859  nTestCell = 45  nTrainCell = 42  nDiff = 3  (X,Y) = (1625, 1765)  Position Error = 149.893
TrainID = 597  dbValue = 5.01553  nTestCell = 45  nTrainCell = 43  nDiff = 2  (X,Y) = (1625, 1745)  Position Error = 168.962
TrainID = 1090  dbValue = 5.1527  nTestCell = 45  nTrainCell = 42  nDiff = 3  (X,Y) = (1715, 1735)  Position Error = 177.054
TrainID = 300  dbValue = 5.31546  nTestCell = 45  nTrainCell = 43  nDiff = 2  (X,Y) = (1615, 1755)  Position Error = 162.69
TrainID = 1018  dbValue = 5.34576  nTestCell = 45  nTrainCell = 43  nDiff = 2  (X,Y) = (1695, 1755)  Position Error = 153.584
TrainID = 774  dbValue = 5.36056  nTestCell = 45  nTrainCell = 43  nDiff = 2  (X,Y) = (1685, 1735)  Position Error = 172.418
TrainID = 399  dbValue = 5.39501  nTestCell = 45  nTrainCell = 43  nDiff = 2  (X,Y) = (1845, 1825)  Position Error = 190.547
TrainID = 369  dbValue = 5.4632  nTestCell = 45  nTrainCell = 43  nDiff = 2  (X,Y) = (1715, 1745)  Position Error = 167.356
TrainID = 320  dbValue = 5.53673  nTestCell = 45  nTrainCell = 43  nDiff = 2  (X,Y) = (1715, 1735)  Position Error = 177.054
TrainID = 1117  dbValue = 5.58093  nTestCell = 45  nTrainCell = 43  nDiff = 2  (X,Y) = (1795, 1785)  Position Error = 172.534
TrainID = 579  dbValue = 5.90569  nTestCell = 45  nTrainCell = 43  nDiff = 2  (X,Y) = (1695, 1725)  Position Error = 183.325
TrainID = 823  dbValue = 6.01513  nTestCell = 45  nTrainCell = 43  nDiff = 2  (X,Y) = (1715, 1725)  Position Error = 186.783
TrainID = 977  dbValue = 6.04946  nTestCell = 45  nTrainCell = 43  nDiff = 2  (X,Y) = (1835, 1795)  Position Error = 196.947
TrainID = 1132  dbValue = 6.13716  nTestCell = 45  nTrainCell = 42  nDiff = 3  (X,Y) = (1685, 1705)  Position Error = 202.356
