trainID = 318  2.868  2.1128  2.4237  1.894  3.1418  0.8323  1.0576  0.2047  0.2339  1.6272  0.3809  2.5945  0.8089  3.6165  1.7244  1.3944  3.6529  0.201  4.1958  1.1496  1.6992  4.2523  1.4568  1.1885  0.7484  2.5772  3.2167  2.133  0.3173  3.9661  2.5642  0.004  0.2406  2.0334  1.7438  0.396  2.8282  1.7285  3.8616  3.3797  3.3272  1.06  3.0827  
trainID = 362  32.8144  4.1138  7.7382  3.3186  3.1571  0.2491  3.3442  3.8131  3.4347  1.4628  4.4415  0.292  0.105  2.4523  2.1021  1.7638  12.9183  6.6488  26.0667  2.4712  1.8157  10.0873  6.6294  0.347  1.8662  7.3752  8.9577  3.3299  1.0303  6.2052  1.5637  0.122  4.7892  2.3681  3.1631  4.066  3.4499  4.6977  1.5296  4.2196  36.1349  
trainID = 375  0.1775  1.4739  0.76  3.7787  0.7639  1.4909  1.4554  3.8827  3.8818  1.5332  1.407  2.2169  1.3232  4.0001  0.9557  0.5081  4.4633  3.5151  1.9261  1.1706  4.5855  5.3871  5.2547  0.1686  5.6762  2.5723  4.1849  3.3959  1.6765  1.0318  0.089  4.0024  0.2151  3.5688  2.4145  1.2448  3.1467  0.5487  2.0565  2.2412  0.854  2.479  
trainID = 421  1.0194  0.9563  0.3  2.8687  0.9147  1.5967  2.6988  1.4646  1.3345  0.6613  1.022  1.2209  2.0398  0.0746  2.2646  4.7893  0.2376  3.1052  0.5827  0.8769  2.6072  1.0547  1.803  1.7948  3.1416  3.0384  2.2733  4.0132  2.3656  0.7216  0.822  1.7142  1.7158  2.4002  1.7129  2.9871  0.1373  0.145  1.1184  1.7672  0.9874  0.7104  0.228  
trainID = 437  1.065  0.5343  0.915  0.958  1.0687  1.5962  2.1101  1.945  0.1568  3.1473  0.4465  1.244  0.1858  5.0198  1.3613  3.005  2.6504  2.4438  1.0942  0.0734  0.14  3.7981  1.3229  3.3332  0.8444  6.0898  3.9694  5.7947  1.3683  4.5659  1.9963  1.917  0.3284  0.5491  1.7762  2.5274  0.222  1.5937  0.01  1.1681  5.1422  2.757  2.1376  1.476  
trainID = 446  0.7914  1.5372  0.19  1.635  1.2448  1.8587  1.2877  0.7246  4.0538  0.1463  1.047  3.6999  0.9452  0.4812  1.6661  0.1067  1.5838  1.3264  1.472  1.1744  2.7689  0.6432  5.3413  1.8612  4.4379  0.8306  5.3733  0.8151  1.5486  1.717  0.246  2.6126  0.2442  2.2711  0.008  0.4171  1.2418  0.271  0.5863  1.7142  0.4747  1.185  
trainID = 465  1.1806  1.0649  0.007  1.8097  0.0208  0.664  2.4038  2.7209  4.0768  1.8136  0.49  2.5719  0.0631  2.7076  0.1868  0.8443  2.3945  0.8509  0.8216  3.4631  1.5562  2.5893  1.737  1.5638  5.8461  1.5951  3.8757  4.2525  2.9811  0.9772  0.742  3.2444  0.7327  2.428  2.1913  2.7403  2.2854  1.2599  0.4768  1.9612  0.924  1.0071  0.16  
trainID = 467  1.164  0.5402  1.1674  0.893  4.0109  1.5068  0.0489  1.2731  0.8719  1.8434  2.8288  2.6651  0.9834  3.9002  3.6063  1.7946  0.3264  4.5768  0.154  0.7395  0.1099  1.0297  2.7183  4.3175  0.9584  6.2175  0.9186  4.1359  2.5771  5.4247  1.058  1.522  0.2656  0.556  0.148  0.876  2.429  0.2248  2.5429  1.1309  0.6538  0.55  3.0399  
trainID = 469  2.7272  0.4675  2.232  5.7592  1.9426  0.3702  2.8568  2.7739  5.0188  1.7582  1.091  0.8729  2.3249  3.6534  2.2932  3.856  6.0632  0.9597  1.0225  1.5983  2.6348  1.2649  3.9472  0.3797  6.3302  3.4872  3.8759  1.2131  1.2057  5.1799  3.551  4.1011  1.894  4.7661  2.3701  0.6283  3.3409  2.1534  1.0473  1.4657  0.7108  4.0901  0.209  
trainID = 483  34.3665  3.3621  1.9173  3.1785  2.0397  1.7599  1.8188  2.5357  0.8149  1.0133  0.9285  1.85  0.4358  4.2956  0.1803  3.1447  7.0981  1.9833  5.9981  2.2043  0.8836  3.3041  2.4451  3.0008  1.4973  6.899  4.7358  0.9872  0.4628  5.4916  1.4872  0.013  3.4585  2.1401  2.5542  0.8399  0.233  3.3147  2.8483  1.8204  34.2859  
trainID = 489  32.9559  0.2202  4.1338  0.577  2.8681  2.8332  1.2801  0.9415  4.4406  0.8027  32.4256  1.4731  3.107  0.0495  9.7377  0.7989  7.7523  3.0934  4.9425  3.5712  2.8365  1.8068  2.3572  2.4583  5.2412  7.3597  4.891  1.0122  0.7466  1.5685  0.9948  2.0305  0.2004  0.191  5.1478  0.3881  3.166  3.7057  4.9232  0.112  0.4692  
trainID = 493  33.9936  4.0603  6.7692  0.127  6.8896  5.3551  0.3226  2.2676  4.1352  1.0509  35.0646  0.6806  2.4237  1.6117  16.8509  0.8854  8.2798  3.1194  4.6889  6.4488  3.5663  0.526  2.5692  2.911  7.7259  9.0124  4.0946  2.0963  1.6026  0.2859  1.6796  4.2165  1.6283  3.268  6.112  1.084  2.1939  3.6287  2.2872  1.308  2.7532  
trainID = 507  30.3192  3.4448  8.0842  1.435  4.4438  1.3238  4.8255  2.1519  1.709  1.055  2.2508  0.477  2.7969  5.0876  0.0335  0.1408  15.4005  4.3031  29.9684  3.7146  1.3109  9.9292  2.7697  0.432  0.7093  8.7656  7.729  5.932  1.7843  7.174  0.9487  1.496  4.2552  5.3057  1.1229  1.307  4.0894  3.2287  2.3704  3.783  35.5699  
trainID = 616  1.6706  2.3889  1.274  1.4272  4.5173  1.2012  0.0003  1.7157  2.8947  34.8726  0.1619  0.089  1.1068  1.3466  1.1275  2.322  1.8578  5.278  1.9136  0.4873  4.1744  1.2123  6.0248  2.6083  8.1295  3.5719  0.4937  1.3323  0.055  3.0354  1.7373  5.0952  0.6773  2.5787  0.1132  1.3667  3.0978  0.8366  0.6337  1.3434  0.417  
trainID = 631  32.7836  1.9764  0.4868  2.172  0.9066  0.1389  1.1307  2.5615  0.7273  4.1188  0.7026  0.516  0.8836  6.8493  2.9991  3.7156  2.4317  1.8497  4.3429  1.3831  3.4445  2.7413  0.4653  2.5555  0.0269  8.0278  4.4889  0.9205  0.7501  5.3107  1.4985  0.022  3.0566  1.8644  4.2503  1.464  1.0149  2.5617  3.3896  1.2391  37.9339  
trainID = 633  33.261  2.7022  6.6702  0.493  8.5434  1.946  2.4255  1.053  3.932  0.9587  0.4804  2.1263  2.6829  2.2774  0.5957  0.5137  15.1502  9.8711  14.7644  2.4368  1.3312  6.9795  4.3467  1.1063  3.8406  4.644  7.7656  5.3686  0.6437  4.531  3.8012  0.769  3.7532  3.1795  2.4521  0.531  0.6429  2.8287  4.3786  2.688  1.1897  2.968  1.7053  
trainID = 686  1.723  1.8982  2.8767  0.059  3.1449  0.9208  0.1958  0.7103  0.902  2.5575  0.5578  0.082  4.0029  1.3271  3.0601  0.7377  5.0418  0.1445  1.6943  0.2497  3.2229  1.2034  0.43  3.7699  0.4804  0.4103  3.8422  4.7165  1.5873  4.3767  0.2499  0.6033  3.1998  2.0369  2.57  0.3127  3.7036  1.8966  4.0406  0.8048  2.1482  0.719  1.3762  1.031  
trainID = 792  2.554  2.4849  2.0135  1.624  0.6869  0.3389  1.3783  1.2643  0.9333  0.8515  1.4083  1.581  2.5559  0.3857  1.6344  0.6688  4.1298  3.7179  1.9757  2.534  1.7546  0.2677  0.5956  0.9281  1.9035  1.8444  5.002  2.6079  3.5898  2.8097  2.4261  0.851  3.7563  0.5529  0.6361  0.7172  2.2448  0.3714  0.6689  0.6713  0.8358  2.116  2.233  
trainID = 796  2.9735  0.2736  1.506  0.6665  0.288  0.0832  0.0602  0.2286  3.7313  0.425  2.0837  1.6049  1.5906  0.503  2.6165  1.0032  0.6612  1.0396  2.6823  0.6956  0.8711  0.7926  0.487  1.1899  0.4158  2.4881  2.1016  0.5396  2.0302  2.3664  0.532  1.9048  2.0163  1.9202  1.538  0.801  0.2788  1.6263  0.6128  2.0542  1.065  1.5698  1.093  
trainID = 805  3.6715  1.991  2.334  5.8863  2.887  1.2049  2.7058  0.6904  3.5452  0.8714  1.606  0.2443  1.4389  3.9816  2.2001  1.8858  3.2492  0.9268  0.9253  0.7897  0.0511  2.3846  5.4968  2.0123  6.1374  0.4968  6.1258  1.2561  1.9589  4.3651  1.35  0.8642  0.1519  1.389  1.8924  0.3227  1.0722  0.3458  0.3207  1.8002  1.659  2.6701  
trainID = 850  33.6875  4.4243  3.5643  0.347  4.6182  0.4999  2.5993  3.0215  3.7252  0.9794  2.6269  0.994  2.3509  4.2892  1.5919  3.9392  11.5477  6.037  12.0492  0.3355  0.5526  6.2255  3.3605  0.624  2.4385  4.3431  6.9542  2.2863  0.0935  2.7034  0.6537  1.891  2.0834  2.0976  1.5166  1.1107  2.5068  1.7357  2.8496  2.2695  3.8642  2.001  2.0085  
trainID = 855  31.7188  4.1072  8.1252  1.516  5.8923  4.4681  0.1378  0.999  0.895  0.1488  34.7636  1.0356  3.0762  0.4481  27.0224  5.2651  9.709  4.9778  3.7152  8.4125  1.5869  1.92  2.4243  0.5446  9.1571  10.1471  4.9582  3.3092  1.4503  0.6999  3.9322  3.2483  0.2111  0.636  3.9301  1.0333  0.503  2.5289  4.6542  2.914  2.4863  
trainID = 859  31.6598  1.8496  3.6927  2.3348  6.2162  1.4592  1.717  1.7059  1.6199  1.0371  0.5468  0.726  4.2319  2.4157  0.8061  0.1868  11.4513  9.897  10.1842  1.2376  1.1929  4.5257  1.0572  0.411  3.4206  3.1371  8.7657  4.188  0.689  2.7412  2.2097  0.492  2.3094  2.6523  0.0421  1.704  1.2061  0.7918  4.5856  2.5424  2.1402  0.139  1.0449  
trainID = 917  2.037  0.3901  5.3917  2.1288  3.1821  1.7893  0.2393  0.6393  1.6417  0.5804  1.726  0.21  3.5029  1.4272  0.528  1.906  4.806  1.7336  5.5209  3.4398  1.1412  2.3596  3.7556  2.2768  2.2677  1.3183  4.8369  4.4407  3.7654  3.766  0.1955  0.467  0.3183  1.052  0.0803  0.7559  3.023  0.4806  2.5421  1.3746  3.9362  1.491  4.4716  
trainID = 929  2.206  0.9244  3.5629  1.229  0.9012  5.1824  1.5441  2.0569  0.5796  1.589  36.0936  1.3898  3.6721  1.0428  5.9155  1.4465  2.7777  4.1493  3.2802  4.256  0.5708  1.3323  2.3558  0.4213  4.9785  12.0985  6.9493  0.5632  1.5959  0.564  0.9533  2.2879  3.2641  0.009  2.4317  1.0907  1.3353  1.3867  2.1002  0.425  0.48  
trainID = 945  35.3699  6.2657  4.6261  1.8123  7.629  1.0484  3.2994  1.5824  3.0802  0.2587  2.0231  0.274  1.9019  4.3837  0.8778  1.1869  13.9704  2.0773  25.8909  0.1435  2.8726  9.5408  2.16  0.076  1.2275  8.8071  8.8334  3.3939  0.0278  6.1759  3.3917  1.602  3.9562  2.5834  1.7464  1.519  5.5969  2.9387  4.3236  5.0009  37.0349  
trainID = 961  2  0.6586  0.6738  1.8346  3.6151  1.7498  0.6632  0.2726  1.3223  3.8168  3.2104  2.6266  0.3216  2.7469  0.6933  5.9446  1.642  5.6407  1.1653  2.8951  1.1872  0.0089  0.0326  3.3746  0.2324  9.4448  0.9755  3.6383  0.3987  6.7302  3.6597  0.969  0.4993  0.0721  2.0211  0.344  0.2203  0.1694  3.4736  0.2052  3.6782  1.506  3.0128  
trainID = 969  1.2911  1.0242  0.841  4.4602  0.6165  0.5132  1.6305  0.1617  3.2926  2.5877  2.0685  3.8359  3.7314  1.3837  3.5901  0.37  2.1604  1.7912  0.1995  2.3987  0.0106  0.8178  2.7097  0.1966  2.5286  1.0701  0.9633  1.5446  2.9598  2.2794  0.943  2.9733  0.6336  1.0351  1.1341  0.0212  1.2229  1.7463  0.5036  1.9792  1.627  1.7233  
trainID = 1009  2.8603  2.8473  1.429  3.507  0.8848  0.6888  0.9728  2.4959  3.1235  0.9377  2.0108  2.3119  4.3901  1.4037  5.0223  2.9207  3.5538  2.1784  0.2222  0.7245  1.0619  1.1066  2.0928  1.25  6.746  1.0605  7.4634  2.3581  2.9335  2.7651  2.847  0.4126  0.7642  1.3666  1.8844  0.2171  1.7053  1.1877  2.2689  3.7452  1.431  3.9612  
trainID = 1088  1.87  1.4898  1.224  3.0849  1.369  0.9656  2.3608  0.7251  2.5989  0.0376  2.368  3.4799  1.7048  0.0612  3.2794  0.5729  1.7255  0.9458  0.3513  1.3967  0.7457  1.4768  3.185  2.0691  0.23  1.3724  2.144  4.2248  3.1733  2.1653  0.343  2.7532  0.0479  3.5833  0.709  1.1467  0.2696  0.4317  0.2809  3.6002  0.232  3.0315  
trainID = 1105  0.9334  1.6859  1.049  1.9395  2.2059  0.7032  1.7188  0.5994  0.8298  0.1508  0.244  1.7749  1.17  3.5078  1.1001  2.8577  0.0029  1.8237  1.6006  3.1139  0.6008  0.4899  0.596  0.2674  1.1045  2.0948  2.7661  3.164  5.1838  0.8602  0.879  1.8237  0.0541  0.2713  0.338  2.1001  0.4896  0.5689  0.4293  3.1412  1.4295  2.1155  
trainID = 1107  0.028  0.8131  4.1343  0.485  3.3641  0.4979  0.8161  1.8326  0.8285  0.8458  0.4869  1.239  4.4879  1.4875  2.0517  0.5583  5.75  0.0391  3.2457  1.2328  2.373  2.7063  0.4228  0.212  3.5136  0.1031  6.741  3.9535  2.9335  2.1247  0.0399  0.5583  0.4612  0.3456  0.83  1.1486  2.0513  2.3437  3.3656  0.1052  2.3242  0.341  1.8064  
trainID = 1118  34.1054  4.8393  6.0798  0.461  8.6867  3.2169  5.1643  1.35  3.3872  0.1825  0.7293  0.899  2.8819  4.0963  0.57  2.3853  13.9229  6.0785  32.1031  2.4786  1.8869  9.61  2.9573  0.513  1.0097  9.1503  10.5341  4.5368  1.5182  6.5612  0.8516  1.6071  3.4619  3.118  2.4583  0.3264  2.6073  0.4381  3.5776  5.3959  34.5299  
trainID = 1126  0.2965  3.4597  0.395  1.9396  0.1716  1.289  1.1461  2.4392  3.1361  1.9355  1.9253  2.6099  3.733  1.2398  2.0952  3.8999  3.328  3.8925  0.021  3.0207  0.015  1.7698  0.151  2.5518  1.234  4.5661  1.3824  0.9655  3.8402  2.511  0.5757  1.1024  1.298  2.2643  0.5728  0.2616  0.2838  2.1864  0.24  4.9152  0.608  0.945  
trainID = 1153  33.534  4.2617  3.99  3.6234  3.4658  1.0847  2.0015  2.4929  4.0087  1.5465  0.5999  1.583  0.7124  5.066  1.0354  3.3965  7.7335  3.7723  8.1177  2.151  3.6022  6.0639  3.5708  2.3413  1.9285  5.3869  3.5566  1.6992  0.0119  3.5899  1.2322  0.66  2.0964  2.7974  0.216  0.44  2.3798  1.7698  4.9066  3.5111  4.4922  1.672  1.1061  
trainID = 1171  30.8231  0.5698  5.7452  0.527  3.6289  1.88  0.1404  0.4017  0.9905  2.3375  0.9713  1.633  3.6809  1.4672  2.3279  1.5023  8.3565  2.6895  6.6759  3.2263  1.4956  3.3278  0.9293  1.3557  1.2712  0.1142  7.1238  5.8328  2.4467  3.3752  1.1641  1.127  0.9742  4.8564  0.2524  1.5413  2.5448  1.5533  1.8504  2.2407  2.3642  0.082  1.9395  
trainID = 1189  0.3206  2.1312  2.219  5.4017  2.6365  0.4456  4.5248  1.7526  3.8998  0.3864  2.4032  1.0949  1.4063  9.1743  1.3505  2.0546  6.9503  2.8772  0.2749  2.2867  7.3819  3.1567  7.5918  1.6222  14.9705  8.793  4.7644  1.7137  5.6362  5.6601  1.135  4.4706  4.3981  3.8804  2.3064  0.0021  2.0711  1.8817  1.6385  3.5512  0.4049  2.4741  1.883  
trainID = 1200  0.1864  0.1652  1.302  0.5542  2.2581  1.2618  0.2296  0.0204  2.3604  1.6912  0.304  1.4229  1.4413  3.5581  1.6343  2.6271  1.3981  0.8872  2.2458  3.0139  1.9305  0.9415  2.444  0.4666  2.4884  3.0709  6.631  3.7689  2.5904  0.8479  0.135  3.622  2.9438  2.9298  2.7046  3.5238  0.6452  0.5853  0.4419  1.6557  0.116  0.9516  0.566  
trainID = 1211  2.2341  5.8171  1.287  6.5767  3.3774  1.1353  0.152  0.9259  0.7163  35.0536  0.6256  0.125  2.9402  8.7879  2.7  4.8952  3.4482  2.7953  2.6147  0.7887  0.352  2.3902  0.7477  5.4751  8.1798  5.6724  1.9039  0.7886  1.2008  0.4891  2.0342  1.9491  1.8112  5.0604  0.9405  3.5216  2.1653  1.8902  0.8588  0.9839  0.988  
trainID = 1240  0.9402  0.4808  0.837  4.2769  1.5888  3.2141  4.1688  4.7948  3.5485  1.6263  0.751  0.5834  3.9561  4.9231  2.1743  2.5658  7.6007  2.6506  0.7739  1.5114  5.6203  3.7458  5.3248  0.4726  14.1942  6.613  0.6229  1.1781  5.0963  5.3832  0.5696  3.7576  1.341  4.5677  5.7506  1.7985  2.0789  2.0296  3.7539  0.2975  1.458  3.3533  0.535  
trainID = 1246  2.4212  2.0319  2.9867  1.9963  1.3838  0.6266  0.6624  0.9103  4.4488  2.2886  0.108  0.3753  0.4568  5.2306  0.5251  2.7888  3.6176  1.297  0.6971  1.4868  1.9512  1.4502  3.9397  0.4442  2.0852  0.2663  0.5353  2.0426  0.7768  1.7761  1.757  1.4637  2.6692  0.4642  1.6259  0.131  0.7123  1.3163  0.2398  4.2052  3.725  1.1216  0.984  
trainID = 1261  1.554  2.2489  4.4075  0.594  4.7387  0.3601  0.4198  0.6407  0.1578  1.8644  1.7253  1.075  4.4629  3.3716  2.3708  0.1973  6.7472  2.8115  6.4931  1.4527  2.5925  2.115  1.4543  0.036  2.797  0.9888  5.2008  6.0561  0.8654  2.3459  0.1827  0.506  0.3728  4.103  2.8214  1.4  2.8442  0.1522  2.5116  1.1975  0.6058  1.086  1.7732  
trainID = 1270  0.1352  0.4491  0.254  2.9527  1.8947  0.8685  0.3252  2.6927  4.9048  1.2854  1.08  3.4269  2.6742  3.7864  2.6034  0.2917  4.3034  5.8337  0.0406  1.3226  4.2933  4.2228  3.39  0.5024  9.4872  7.0259  0.6908  3.6246  2.8462  4.0257  3.281  6.6683  2.6986  4.4307  1.2608  0.749  0.4359  2.423  2.291  2.3032  0.584  2.4001  
trainID = 1281  1.8754  0.9395  0.224  3.5221  3.0565  0.4284  3.5848  1.2148  6.1728  1.7566  1.622  4.7009  4.5156  0.3806  1.1712  1.2542  3.8657  4.1032  1.1029  2.5386  5.5713  0.9344  3.6542  1.9703  9.9122  2.158  3.246  4.1588  2.6418  2.6971  0.583  2.972  0.521  3.0747  2.6574  1.8064  2.7411  0.489  3.2563  0.9866  1.1394  0.2958  2.478  
trainID = 1312  0.3196  0.1614  2.206  1.2188  0.5684  0.1816  2.9438  3.5518  4.4338  2.3847  0.619  2.5459  1.1212  1.1008  0.5918  0.4641  3.6186  0.125  1.8445  2.4635  4.7209  1.1135  0.644  0.4928  7.7017  0.3487  5.5339  7.0293  1.3711  4.1961  2.557  5.1967  0.851  2.9499  1.1298  3.1069  1.489  0.1439  1.4047  2.8502  1.0512  0.0909  2.22  
trainID = 1327  1.178  0.3344  1.9063  1.602  5.0629  0.6154  0.6731  2.5268  1.2517  4.9498  3.1631  2.6589  0.0102  0.3715  5.4963  2.1592  0.929  4.4074  0.8988  1.2361  0.2799  1.9444  4.3871  2.7859  0.8331  0.3914  1.6959  8.8131  3.1518  0.9163  4.6366  1.86  2.4768  1.2307  2.3006  3.3407  0.4657  0.0077  0.2365  0.7716  1.0537  1.3901  2.5985  
trainID = 1334  2.6085  1.8837  0.853  2.0768  1.3453  0.0446  0.4082  0.3112  4.1598  2.2576  2.085  3.5699  2.4977  2.352  0.763  5.3881  0.8336  2.7421  3.4828  2.7041  2.3991  1.5162  1.6819  2.7889  1.955  4.4387  5.0534  2.8824  1.0307  0.823  1.1176  0.7081  2.247  0.7428  0.357  2.4731  1.5578  0.5853  3.2979  1.277  0.188  1.2744  
trainID = 1360  0.2173  1.3397  0.69  3.6821  0.7595  1.5625  2.5628  2.0788  3.213  0.795  0.618  0.1276  0.8301  4.0481  2.9695  0.1362  4.04  0.5495  0.5789  2.4244  2.7937  2.3397  4.9785  0.5674  2.3529  3.1233  7.0112  2.995  1.8537  3.2502  1.933  4.9453  2.3387  2.2355  2.3072  1.8148  0.0519  0.2478  1.1206  3.4812  3.786  1.0473  0.365  
trainID = 1395  34.1756  2.6467  6.3012  2.5734  9.1436  0.9288  3.1524  2.3099  3.5308  1.2832  2.7297  2.467  2.6639  3.0053  3.197  0.3055  19.8663  18.1072  18.8494  3.0507  0.4616  8.8191  2.6555  1.646  4.8886  5.2998  9.3422  6.6841  2.0786  4.4563  0.7322  0.46  2.8608  3.4382  1.0654  3.021  4.6965  2.4297  3.2266  3.8331  3.4062  0.637  0.5701  
trainID = 1410  1.4542  0.8626  0.43  1.9459  2.1501  2.5521  2.3728  0.5233  4.1558  0.9807  0.192  2.2109  0.6247  0.115  0.9527  0.1835  3.9095  0.0996  0.6078  1.7458  2.9734  0.3689  2.6623  4.1416  7.0098  0.7403  1.7546  4.4954  0.4111  0.0677  1.1464  5.5864  0.1572  2.7709  1.3509  0.2383  1.0561  0.6432  1.8905  0.874  0.7945  3.3009  1.015  
trainID = 1441  0.01  1.0912  3.3448  1.341  3.0845  3.796  2.9559  0.9845  1.6456  2.406  0.5877  0.042  3.3769  2.5122  5.0002  0.8087  5.8059  2.1778  7.4213  2.8039  2.8652  5.977  1.387  0.9419  0.6546  1.9191  4.6664  7.3151  1.6839  3.1353  1.7093  0.8158  0.951  0.5319  1.0285  0.6547  2.8732  1.5112  1.3038  1.9846  3.7592  0.923  1.4443  0.342  
trainID = 1443  0.8648  1.0765  1.129  1.9254  3.338  2.9141  3.7048  2.0849  3.8798  0.0103  1.03  2.7529  1.9017  2.1246  0.8263  0.1929  3.4389  4.1192  1.4396  0.4677  3.5907  0.5621  1.2131  0.9269  5.3566  1.5695  0.3776  2.4472  3.0168  0.2209  1.362  2.5469  0.2897  2.2392  1.3346  2.9271  1.8726  0.1706  2.6062  1.8742  0.973  1.5641  1.098  
trainID = 1446  33.3458  2.56  6.0084  0.546  8.4765  0.8602  3.5043  0.5491  3.7567  1.3865  0.8256  0.863  0.9519  1.3537  1.0227  0.1812  15.0539  14.7331  17.4396  2.2509  0.9426  9.2379  3.1463  0.391  1.5706  4.9339  8.11  4.8515  4.1022  4.7289  0.9143  0.507  3.5452  0.6832  1.3225  2.092  6.3475  2.4887  6.3846  4.0876  4.5222  3.042  0.7648  
trainID = 1472  2.493  0.0144  3.7829  3.0681  2.5868  3.2827  4.7558  1.3627  0.994  4.2099  0.5385  1.3245  0.1435  0.949  6.9669  2.0811  1.8031  2.5875  4.2682  0.8613  3.8548  1.3207  8.8254  1.9727  9.5193  3.7179  5.0797  0.7894  0.2739  5.4603  0.2942  6.3608  1.136  4.0256  0.3131  0.6125  2.3955  3.6122  1.5063  2.189  0.351  
trainID = 1474  0.5485  0.6006  1.551  5.8556  3.0348  0.5784  5.9118  3.3289  8.0598  1.2495  0.442  3.8259  1.1973  3.971  1.0418  0.9746  7.9907  3.2702  0.2297  2.9496  5.8408  1.2561  3.6683  0.287  11.0494  4.4655  0.2544  4.259  5.7299  4.0894  2.336  5.1639  4.5879  3.6089  3.2373  0.2503  2.4028  1.4712  0.692  2.5092  2.292  1.1729  1.348  
trainID = 1496  0.139  1.8839  0.4024  0.654  2.9659  3.4382  0.3423  2.0808  0.0699  1.5169  4.9251  2.728  0.3075  4.2027  0.0377  2.6534  1.2228  2.632  0.7229  0.8227  0.742  0.7511  0.0755  3.9773  0.1952  4.8938  0.2322  3.4764  1.7979  3.9141  2.4839  1.155  0.4065  1.6258  0.9595  2.3041  1.0314  0.1069  1.5661  0.3529  4.9692  0.855  1.4728  
trainID = 1505  0.127  1.8974  1.3029  0.051  2.5525  2.7614  0.4437  2.4468  1.2099  4.4048  1.8939  1.9193  1.1229  3.2222  4.3014  2.9413  0.7422  4.895  1.8076  0.0424  1.1965  1.2032  0.3146  2.1944  2.498  1.3142  0.8653  4.716  2.0643  4.1702  2.2779  0.865  1.0942  0.7231  0.69  1.8569  0.5561  0.3858  2.4968  0.5189  2.2422  0.094  2.4481  0.272  
trainID = 1507  30.8733  3.0243  4.5569  1.202  9.0503  3.4391  1.147  2.8449  2.8987  1.1581  34.6126  1.4391  1.1409  1.1086  27.6684  3.5338  13.0059  4.5741  1.6723  7.1478  4.6784  0.495  1.3194  3.6368  6.714  7.9685  3.9484  2.894  0.7939  1.186  2.6296  4.8028  0.4157  2.833  4.5058  0.8151  3.3176  4.5304  1.9372  0.51  1.3206  
trainID = 1514  34.3931  2.0256  3.7188  1.8604  3.1375  1.5483  0.8258  0.9452  1.6421  1.1956  0.9227  0.358  2.4739  3.9762  0.8337  0.7031  6.1126  3.2259  6.3989  1.0178  2.0936  6.7786  2.5281  2.1229  1.7276  5.4709  5.2929  0.2251  1.3484  7.0945  1.6145  1.61  0.7191  0.8757  1.6112  0.9373  2.0771  2.8877  0.6124  2.6873  37.0709  
trainID = 1518  0.4827  0.0918  2.338  0.4294  1.7088  0.8807  0.1095  0.691  1.6667  0.5043  2.221  2.3769  0.1744  2.5687  1.0539  0.1392  3.2614  1.3026  1.3036  1.5163  2.6808  2.258  0.642  2.0584  5.2388  0.8356  6.1477  5.5101  0.9026  0.1173  2.4782  5.4744  0.6033  2.89  1.0445  2.3853  0.2669  1.8113  0.6756  0.0292  2.1598  0.9546  0.927  
trainID = 1522  32.0251  4.2631  6.0798  0.507  5.0878  2.129  1.8253  0.9248  2.1293  0.1751  0.8853  0.561  2.8629  4.5041  2.3445  1.4812  6.4857  2.513  20.358  2.4149  3.3966  6.6774  0.6491  0.553  2.3315  7.9675  9.8493  2.4922  1.3147  6.2098  1.0088  2.356  1.209  2.2377  2.309  0.075  2.1178  3.3047  3.5826  4.1417  37.1739  
trainID = 1526  30.914  2.4402  6.2242  1.041  3.4177  2.9148  2.635  0.2858  1.4103  0.0391  33.9836  0.5936  2.7416  1.4204  13.476  1.5335  7.8842  4.6976  3.8441  3.1085  3.7469  0.138  1.4515  2.1488  5.5633  9.4738  2.0592  2.5285  2.5133  1.4831  3.3333  3.0197  2.8414  0.462  1.9771  1.338  0.4369  1.9098  3.9972  0.583  1.4977  
trainID = 1541  1.3588  2.1578  1.7795  1.0509  0.9475  1.6031  0.8899  1.7432  0.6848  1.0832  0.787  1.0809  1.3678  1.0611  4.0475  0.4822  0.7887  1.3593  0.4818  0.5125  3.0959  1.7166  2.6194  1.3248  4.0456  2.5536  1.0016  1.9931  4.1148  0.607  1.825  4.1825  0.1066  1.0005  1.719  1.4899  0.4323  2.7663  0.3392  2.3652  2.146  2.2612  
trainID = 1562  32.7495  1.475  6.9242  2.0834  2.6885  2.9982  0.3245  1.5286  1.121  1.0863  0.3116  0.114  4.3629  2.3672  3.1565  1.4276  8.6242  4.2733  7.7808  2.8457  3.6402  1.0157  0.4062  1.9664  2.6672  0.7736  4.7915  6.1701  2.7039  1.9956  0.2334  0.8994  0.197  2.1319  0.8395  0.09  4.8977  0.0588  2.6765  1.0739  2.0692  1.013  1.2182  
trainID = 1615  34.8135  3.9848  4.2669  0.656  6.1171  1.2796  0.3061  3.22  1.1851  0.1331  0.9662  0.903  2.1389  3.2616  1.4982  0.9564  14.9391  4.6466  22.1618  1.0921  2.9296  9.4171  4.186  1.8332  2.7026  8.3504  7.2775  5.2509  1.3392  5.5863  1.4413  2.747  3.348  3.0039  0.8219  1.153  2.9061  2.2187  3.144  1.3027  36.6499  
trainID = 1623  33.0894  2.1282  3.2983  0.427  3.7565  3.6719  0.1792  0.8163  1.9098  2.0422  0.5494  0.257  2.6139  1.9043  2.1384  1.3368  9.194  5.5004  7.3817  4.6766  2.1814  4.5772  3.8857  2.8493  3.8336  1.6229  7.2189  3.6828  2.2363  3.4304  2.1336  0.596  2.5781  2.9765  0.336  0.76  3.6877  0.6669  1.8239  4.0484  4.5232  0.954  2.6095  1.103  
trainID = 1629  0.4265  1.7903  0.483  0.1088  0.2295  0.6976  0.6068  2.057  2.476  1.3132  0.612  4.0099  3.0986  3.907  1.5688  4.1017  0.57  1.6803  0.5231  0.3943  2.2978  0.7343  3.1828  1.2133  4.3662  2.647  0.0597  0.2285  5.6502  0.7568  1.535  0.8934  1.3699  0.1217  0.772  1.0549  0.4672  1.4231  1.1172  5.2532  0.253  3.6984  
trainID = 1637  2.054  0.5182  1.6326  0.691  2.6167  3.0257  0.3253  1.0591  0.2097  3.9568  0.4902  2.5321  2.2089  0.746  2.276  0.0029  0.9245  3.1852  2.6412  1.1657  2.2562  1.7137  3.0009  2.866  1.319  5.8158  0.2877  1.9679  1.3493  1.0529  2.6326  2.087  2.197  1.4147  2.9342  1.7374  0.5657  3.2987  0.8676  0.6916  1.7792  1.534  1.0466  
trainID = 1641  0.9135  2.0256  3.2438  3.0213  1.5008  0.3374  0.9598  0.4199  1.709  1.4025  3.4711  1.2659  1.6986  4.6518  3.2047  0.3635  4.2467  2.0738  0.8764  1.5382  3.6256  4.9703  5.7255  2.1533  2.3591  2.5223  6.0176  0.6424  1.4919  1.6306  0.873  2.5829  2.2863  1.4155  2.7614  0.1964  0.5092  1.2525  0.4225  2.2082  0.689  0.7481  
trainID = 1654  2.101  2.8366  0.5761  6.5971  0.4701  1.4537  0.0729  0.4231  0.8566  3.6479  3.2941  1.363  0.9119  4.5283  1.084  3.6407  2.0166  4.4487  0.8719  2.8431  0.4011  3.5176  2.455  2.6413  2.0014  6.9075  4.0461  2.5146  0.1997  5.8925  5.1276  1.196  1.1415  1.6465  0.4394  0.019  0.1536  0.9829  0.576  1.5777  3.4382  1.456  2.1558  
trainID = 1667  0.1875  0.3317  0.311  4.9106  1.0545  2.0691  0.2079  0.7089  3.8918  0.2782  0.935  0.7221  3.3462  5.3266  1.852  0.0065  4.5282  2.3178  0.6862  2.2654  1.7276  1.7318  1.0601  0.3196  4.6992  4.032  5.579  1.6384  1.678  3.4772  0.562  3.7002  3.2807  2.828  4.2956  0.3074  1.1029  1.2829  0.7594  1.7872  0.4822  1.1389  0.624  
trainID = 1683  1.813  2.2138  0.0175  0.815  0.6379  1.1328  0.1161  2.1818  1.3601  4.7808  0.1259  0.855  1.5679  2.0728  2.4166  0.0143  2.5139  0.2425  3.3276  3.3424  3.2316  0.5345  0.5255  0.9791  2.2549  1.9706  2.6618  1.9552  4.1566  2.7481  1.2412  0.034  2.2182  0.244  4.0801  0.3043  2.3322  0.5538  2.0722  0.6017  4.0572  1.575  0.2228  
trainID = 1707  31.36  2.9407  4.1859  2.6899  5.953  1.3217  2.4286  1.1625  0.6919  0.6244  34.7376  2.0579  1.2835  0.4286  7.3778  0.5352  4.4519  2.0677  2.6291  4.0059  0.7181  2.6982  5.1376  1.5343  5.1427  5.0578  3.3281  2.9978  0.9315  0.967  2.8456  3.5338  0.8047  0.2585  4.7675  1.3588  3.5466  3.7561  2.3462  1.475  0.7512  
trainID = 1727  0.255  0.0421  1.8212  1.291  2.6151  1.0281  0.1152  0.6642  1.1126  1.4294  0.3351  0.192  0.2536  1.8085  3.1573  3.6559  0.768  3.118  0.9048  0.1905  0.9142  0.9287  1.8599  3.8885  0.407  4.4008  1.1353  5.3731  3.6259  0.9062  2.3089  2.198  3.6387  0.621  0.4258  1.7007  0.5508  0.9251  1.4204  2.4583  5.3262  1.62  2.4942  
trainID = 1743  1.2565  0.8688  0.815  0.9513  1.4297  1.2713  1.0862  0.3704  2.1152  2.672  1.101  0.9249  3.4633  2.83  3.9027  4.9138  0.2616  2.7818  1.7933  0.3089  4.4627  0.3539  6.27  0.487  4.5218  5.1719  1.3967  2.4567  5.4495  2.5377  1.982  0.4291  2.115  0.3907  0.865  1.4878  1.708  0.6789  1.3943  1.8502  2.073  2.8381  
trainID = 1752  2.039  0.1614  1.4759  1.039  4.4475  0.0368  0.5561  3.5968  1.2053  1.7424  0.3571  0.493  4.8909  1.0781  0.5913  0.3811  2.5761  1.5947  1.1117  1.3317  0.3365  0.5753  1.0711  1.642  0.1508  2.6423  1.3207  1.0857  2.6948  1.9483  0.7731  1.077  1.3894  0.2474  2.8745  1.2144  1.561  0.5619  0.0059  2.3584  0.6356  1.584  4.2351  
trainID = 1756  32.6045  5.4381  3.66  0.339  5.8538  0.9144  0.0097  0.1888  0.3107  0.1901  0.4843  2.668  1.8839  2.7144  1.4505  2.0993  11.5071  9.3272  9.2674  0.9941  0.7951  4.3249  1.2801  0.343  3.2066  2.9906  5.2781  8.0109  2.6464  4.2472  0.4491  3.031  2.43  4.7683  0.2732  0.664  4.6319  4.5427  3.9936  1.6099  2.1282  2.706  2.3654  
trainID = 1763  31.6536  5.6936  1.4132  1.387  7.038  0.4099  1.4478  2.9038  0.7846  2.896  0.0079  1.347  3.2789  4.8689  0.3721  1.9054  13.2006  2.7233  23.5156  3.3957  1.9576  9.7489  3.8032  1.3692  3.0466  9.0148  8.6352  2.8497  0.7481  3.9781  0.2607  2.146  3.6192  3.7335  3.6432  4.454  3.1193  1.8134  6.6476  4.281  35.9859  
trainID = 1803  1.026  1.2928  1.9289  0.905  4.3159  0.3401  1.2977  1.604  0.2351  2.9779  0.0768  2.526  2.0959  0.0428  4.6269  3.4769  1.6339  5.7449  2.1465  0.3571  0.5504  2.6139  2.1099  3.6732  0.5521  1.043  0.3534  7.3075  1.8237  0.3858  1.8001  2.387  1.9667  0.027  1.2896  2.6357  0.8111  0.5375  0.6369  1.3161  3.0072  0.976  2.7274  0.346  
trainID = 1822  2.326  0.3572  1.2729  2.067  0.8868  1.2438  1.2712  0.9642  0.5652  3.6398  0.0614  0.038  1.0919  0.6032  1.0583  1.8799  0.0231  3.2132  0.3017  1.1968  1.0757  0.1666  1.183  3.0816  1.3932  0.4938  1.3248  1.071  1.5978  4.5704  0.6656  1.18  1.245  1.0187  1.2889  1.8956  1.4626  1.3566  1.1004  0.7125  2.2382  0.555  1.0944  0.307  
trainID = 1831  4.0287  1.3965  0.957  1.6124  0.1308  0.9498  2.0405  0.3804  2.2103  0.8311  2.3442  4.8699  0.1519  2.1869  0.8895  0.1632  2.5834  0.1355  0.0683  0.6685  0.2837  2.7587  3.4862  0.9023  0.2386  2.162  2.3206  3.3268  2.1564  2.0698  0.329  2.2546  1.358  2.9653  1.126  0.4584  1.6244  1.7737  0.0588  5.9792  0.274  1.2608  1.363  
trainID = 1902  33.0289  4.0706  3.2155  1.371  2.4573  4.1826  4.2872  0.8119  1.375  1.7626  2.9909  1.569  0.0057  1.5803  0.5418  4.0383  9.5421  1.1435  9.6802  1.1109  2.8663  6.1898  0.9409  5.1908  0.6338  9.0222  6.2718  1.9864  1.7005  4.7468  2.5865  3.233  0.3664  1.4967  2.2844  1.1502  0.2835  1.3152  4.8156  4.4744  36.6329  
trainID = 1917  33.3528  5.0112  3.2076  1.197  4.1273  0.4355  1.8172  0.9217  0.8546  2.1859  0.1954  1.035  0.2595  3.7895  0.204  0.7709  12.4289  5.8482  9.2352  1.8578  0.7484  7.4777  0.2693  2.567  2.5005  5.7654  8.4324  3.9883  2.2936  6.0841  1.8093  1.909  1.206  3.2018  0.7238  1.732  1.095  1.9297  3.1334  1.7008  2.1742  1.799  1.302  
trainID = 1961  33.9129  6.4868  3.2291  2.5886  4.744  2.8504  4.6893  1.447  1.3802  0.3943  4.2126  0.05  2.1799  7.771  2.3663  5.633  5.1416  8.6761  17.184  0.2666  2.6665  6.9911  1.0257  2.2308  0.5482  10.5067  6.9206  1.4651  0.9437  6.5819  0.0782  0.541  3.9342  3.8775  4.5813  0.064  0.61  1.1846  2.9986  3.5212  37.0869  
trainID = 2005  0.9964  0.2296  1.7883  4.2484  3.4772  0.5285  2.0357  3.469  2.4716  1.2402  0.567  1.0049  0.3177  4.7661  0.5985  0.7976  7.9401  3.6874  0.3059  0.2009  3.1517  3.3385  3.6486  0.6112  8.0015  4.9881  2.6195  2.4367  2.8499  5.3725  0.4861  2.968  1.2732  4.4395  2.6558  0.3127  2.2052  0.508  1.6015  2.3592  3.9283  1.5845  1.218  
trainID = 2109  2.5557  0.0875  1.62  6.634  1.8523  2.9831  3.9188  2.4321  2.8828  0.2823  0.503  1.4479  3.8497  7.2305  0.8881  1.5725  5.7095  3.7131  0.7132  1.7116  4.1702  3.0473  2.6533  0.2376  11.6496  8.9881  5.215  3.3387  3.3588  5.6343  0.7651  8.6229  2.2157  4.5515  2.2386  0.3156  4.4814  0.5609  2.3009  2.1192  2.659  3.8093  1.041  
trainID = 2127  34.9856  3.8307  0.7938  0.265  5.406  2.8699  1.5942  0.1796  1.0145  1.9188  0.1772  0.065  2.6229  2.8382  2.8545  1.256  11.4193  5.7305  9.9633  2.6719  0.3594  5.9519  0.7687  0.277  2.2336  3.9092  6.6868  5.5166  0.1422  2.3951  1.2806  0.044  0.4759  1.6264  1.5632  1.419  4.312  2.5697  3.5526  2.3543  2.8412  2.927  2.0712  
trainID = 2145  32.1926  2.5428  4.8215  2.5071  2.4416  2.1063  0.7172  1.713  0.8956  2.1541  0.2701  1.435  0.0905  3.75  2.0986  0.3889  7.6206  3.2129  7.5388  0.7403  1.1812  3.7573  1.5004  2.0268  0.8824  0.7824  6.4935  3.9821  3.9699  2.8477  1.6234  0.4036  0.9745  3.7942  1.111  1.309  1.0768  0.0702  1.1541  2.4402  4.0802  1.762  2.094  
trainID = 2151  30.5756  2.6767  2.7014  0.508  1.3622  2.0642  2.6975  0.667  0.2642  0.7244  0.8043  1.539  3.8219  3.6177  1.7085  2.5794  7.6453  2.617  6.1082  1.0951  1.2818  4.4735  0.3479  0.354  3.3166  1.274  4.7926  2.7489  2.6616  3.686  5.0775  0.665  2.2832  3.4485  2.0646  0.13  1.3868  0.4827  2.6864  0.2131  3.1692  0.058  1.4348  
trainID = 2161  0.4928  0.4389  0.326  2.9653  1.062  3.1441  4.1158  0.6495  5.5108  2.5431  0.669  2.1369  1.0151  6.3689  0.2594  0.2912  2.4861  1.5367  0.0553  2.7591  1.8279  1.6054  3.5795  0.4381  4.9727  3.2476  2.9447  2.7033  0.727  2.314  1.787  4.4853  1.4238  3.3426  3.4742  1.9312  1.077  0.6877  2.2194  3.1022  1.0101  1.4364  
trainID = 2203  36.1081  5.931  3.2306  1.742  5.5694  5.1  3.1406  3.043  0.9013  1.7094  1.7899  2.3207  0.6221  4.7344  1.3622  1.6309  7.7814  8.8919  21.5399  2.6611  4.202  8.8984  2.9488  1.114  1.7375  13.0417  6.536  1.4086  2.8671  5.8308  1.5303  2.347  2.5114  2.2098  0.8938  0.183  2.6016  4.4067  2.6134  3.2059  36.1249  
trainID = 2209  2.0493  1.5104  0.508  4.0906  0.5455  0.193  3.5348  1.7355  4.6978  0.075  0.791  2.2979  2.7483  2.3895  0.9642  2.3504  6.8647  0.4184  0.0939  0.2011  3.1422  2.5151  2.0708  0.3269  6.4358  4.2295  2.4252  2.4755  2.7765  3.3423  0.593  1.6126  0.2839  2.2303  1.2831  1.6202  0.7188  1.4579  1.7595  2.1682  3.954  1.0947  0.199  
trainID = 2214  0.399  2.4269  2.6389  1.429  2.2927  1.5848  2.0511  2.2138  0.4465  2.5406  2.6114  0.178  0.4467  5.4717  1.1115  2.2793  4.1591  0.007  2.9862  0.1493  0.5906  2.9331  2.5443  4.023  1.0055  3.6747  4.4372  0.0626  1.2128  4.6759  0.6079  2.723  0.873  2.1098  0.6537  0.2763  1.3145  1.1775  1.7622  1.8728  4.7842  0.4623  1.4006  
trainID = 2353  2.0523  1.4267  1.416  0.8443  2.0651  1.3237  2.1408  0.2812  1.9415  2.7656  1.298  0.4415  0.2396  1.282  0.6686  3.3847  3.1013  1.9416  2.3676  2.7661  0.3903  1.0368  4.3902  2.3857  0.7591  2.0064  5.8494  4.3127  2.4462  1.6251  1.595  1.8313  0.562  1.6322  0.067  3.4632  0.3738  0.1491  2.0111  1.8512  0.9267  1.1428  
trainID = 2359  30.971  3.8223  1.5586  0.245  1.7588  3.3593  0.076  0.5228  1.893  1.7203  1.947  0.21  1.3869  3.3207  1.3139  0.9026  6.038  1.6693  4.967  1.9871  0.2364  3.0334  0.1225  2.8443  2.5465  5.4043  3.7715  1.7863  2.6806  4.405  1.22  2.362  0.7283  2.1603  1.6339  1.6101  2.6818  4.1547  4.0106  0.4394  4.9332  0.712  3.362  
trainID = 2439  1.1728  1.3898  1.29  1.5536  0.2845  0.5019  0.782  1.4271  5.4848  2.5612  0.892  0.8839  0.508  0.3765  1.666  0.7725  2.2337  0.2446  0.9439  0.1907  1.0011  0.7866  2.6544  0.9041  1.401  0.3219  0.6969  2.1455  3.7111  2.4828  0.271  0.9891  0.421  0.1068  2.5866  0.0121  2.233  0.2669  0.9596  1.8522  0.081  0.9071  0.384  
trainID = 2446  2.098  0.7811  1.7635  2.8033  0.973  0.6034  3.6478  3.1835  5.1138  0.1227  0.176  1.5529  1.8093  1.0491  0.3305  2.077  3.4516  3.8476  0.0691  2.5573  3.6132  2.7357  2.5444  0.5967  8.9549  2.5199  2.4202  2.7196  1.4804  2.4884  2.96  3.7566  3.5164  5.3562  2.3729  3.52  2.0687  1.373  0.0364  1.9622  2.3122  1.0404  0.583  
trainID = 2473  31.9354  1.0995  6.1692  3.5371  5.8142  0.746  2.3634  2.3846  0.2943  0.0939  0.7903  1.589  2.2589  2.9759  1.4141  0.1231  11.0663  2.1005  6.3956  3.7548  2.7541  4.0815  0.8254  0.194  2.6409  1.1145  4.5202  6.1042  5.1103  4.2812  1.8822  0.5664  0.6667  5.2454  1.9271  0.107  3.9586  0.6637  2.2849  2.0533  2.8582  0.226  2.5253  
trainID = 2481  0.0495  1.1432  2.59  1.1582  2.137  0.7154  1.7874  0.3863  1.6834  0.4387  1.246  2.4729  0.8884  1.4282  0.8345  1.0062  3.3664  0.5954  0.4415  5.2988  2.1635  1.6898  2.4226  2.4382  6.1036  0.2966  3.5461  4.2004  0.1093  0.7968  2.657  4.9452  2.5879  4.1728  1.0329  0.5452  0.2514  0.9695  0.5455  0.9173  0.737  0.32  0.257  
trainID = 2487  31.6387  2.5797  1.8354  2.686  2.623  1.4474  3.4937  1.423  3.5691  0.8147  0.7992  2.823  2.6299  2.0107  1.4418  0.5113  9.2573  5.2047  9.5251  1.9069  0.414  5.4619  0.7377  0.3  2.6087  4.0784  5.2246  4.4727  0.3658  1.5861  0.6472  3.555  0.3542  3.9583  0.5952  1.368  3.4958  1.2213  1.0253  2.1394  3.5662  0.093  1.548  
trainID = 2492  0.999  1.5475  3.0862  0.367  2.15  1.6268  1.0777  2.7728  1.2654  1.321  3.5677  1.263  1.9519  3.4984  1.8263  1.3628  7.7096  0.9094  1.2931  1.3502  1.4821  2.65  4.2116  1.1437  5.4316  3.3304  4.5251  4.148  0.3049  2.9004  1.0725  0.2855  1.0971  2.3571  0.1377  0.099  1.612  0.6341  2.349  1.0854  5.3452  1.342  1.7911  
trainID = 2514  1.198  0.6334  0.7482  0.683  4.0653  1.8289  0.3663  4.5348  0.0528  3.1013  3.1467  1.595  2.7749  3.9804  1.2355  2.8347  0.1381  5.4277  0.2463  1.6588  0.8395  0.1662  2.0192  3.9554  1.0774  6.7523  1.3215  3.9544  2.2481  5.0385  2.7985  1.661  0.9119  2.6438  1.7657  0.8437  1.3506  0.0091  0.8852  0.0809  1.9392  2.413  1.928  
trainID = 2521  32.406  2.6952  5.2514  2.0297  4.5365  0.7583  0.133  0.4285  1.9888  1.1284  34.1866  1.1225  3.7784  1.4564  10.6665  5.0588  7.9346  4.6948  2.0494  5.574  1.2576  0.607  4.2156  1.5152  7.0216  7.1835  4.1542  5.3195  0.8153  0.7473  0.576  5.5387  1.1241  0.652  5.1355  1.4232  0.9099  2.6196  1.6807  1.579  3.8321  
trainID = 2524  1.038  0.0368  0.6526  2.4644  6.5006  0.1979  1.5139  1.0685  2.7066  5.1358  0.6255  0.489  2.9949  1.287  4.9505  2.9463  1.4231  5.3969  0.6245  2.8881  0.8722  5.1295  5.2395  3.3152  3.1026  6.0848  4.1635  6.4057  2.2119  1.8195  2.7903  2.58  6.038  1.8647  1.3592  2.1958  0.5254  1.1306  1.0452  0.6529  0.9348  0.592  0.1502  0.423  
trainID = 2564  31.1949  3.7662  4.857  3.1776  4.3806  3.5112  0.2549  0.9384  1.5323  0.5053  32.9776  2.8562  3.063  0.1222  14.0756  2.9409  8.9847  2.3752  2.0881  7.5373  0.0086  0.9432  1.2075  2.7588  6.7589  7.7865  3.2177  2.9031  3.3401  1.024  2.3042  2.8498  1.4106  1.377  5.0788  0.1654  4.1936  4.9482  3.9152  0.17  3.6209  
trainID = 2565  34.0298  3.7389  4.8581  2.1018  5.3684  0.6301  0.9403  1.8115  2.8299  0.4549  0.0675  1.143  1.1329  2.669  3.2256  2.0056  18.35  10.9181  14.3545  4.9344  1.06  7.7979  2.9301  0.476  1.8186  7.7743  6.0453  7.6854  1.1701  3.3076  1.4005  1.3535  1.4939  2.7418  3.2795  2.431  1.7134  0.8809  4.2076  1.4886  3.7002  0.012  1.1644  
trainID = 2586  1.971  1.7875  0.8212  2.1903  1.7759  0.1341  2.5161  2.5428  0.4401  2.5657  0.3375  0.308  1.7909  0.1156  1.2224  1.541  1.9623  2.9359  2.2288  0.5017  0.4694  0.5902  1.5244  4.356  2.1332  2.3508  1.4649  1.4642  4.1606  2.3162  0.846  1.981  1.4321  0.5454  3.9953  2.866  3.4924  0.3351  1.149  0.1398  0.9154  2.675  2.2806  
trainID = 2601  0.4309  0.8367  0.679  2.7017  0.2896  2.1901  1.6798  2.7767  5.3168  0.3806  0.449  2.4009  1.249  2.1596  0.0183  1.1041  3.6896  2.2064  0.6205  3.532  2.3291  3.3878  4.0929  1.9745  5.1003  0.2282  1.1078  1.0155  1.6334  2.6639  1.822  4.8286  3.354  4.2806  1.9069  0.5778  0.4375  0.134  0.789  2.5602  0.6535  0.9966  
trainID = 2651  0.3856  3.2987  0.605  0.7686  0.1826  1.6458  2.8778  0.42  3.2021  0.5201  1.311  1.1159  3.6671  0.0009  3.0451  2.0853  3.2157  0.7288  0.7189  0.3116  0.0153  0.2227  5.8606  0.1711  3.1597  0.3978  2.9959  0.0526  2.0472  2.5968  0.7907  0.6741  0.3214  0.5743  0.271  0.6028  0.4569  1.2051  1.7465  4.1882  1.658  3.0578  
trainID = 2667  2.122  0.5414  0.6502  0.074  0.5795  0.9424  0.7932  1.3593  0.877  4.1348  2.4406  2.3912  1.8359  0.2741  1.5641  3.0237  0.9628  2.5179  1.6746  0.2171  1.1587  0.9996  1.4008  4.2439  0.7763  3.5714  0.1686  2.9704  0.8389  3.7895  1.5683  0.787  1.2009  0.9367  1.1825  0.9215  1.1221  0.4226  2.3111  0.0692  3.4632  4.792  2.4935  
trainID = 2670  34.168  5.7071  2.5389  4.3385  4.7481  4.322  3.502  0.8499  0.7503  1.9186  1.0133  1.151  0.0562  7.8371  0.0184  4.4943  5.898  4.1109  16.9831  0.3091  2.5493  5.7285  2.5379  4.9236  0.8402  10.5686  7.5924  1.7074  0.9592  5.6531  4.7834  0.9418  4.5172  1.8345  3.1265  0.843  0.0462  5.8217  3.0388  1.7464  36.8049  
trainID = 2673  32.5636  4.0961  4.8873  1.047  5.2218  2.7187  1.0568  2.0528  2.331  0.0102  35.2526  0.0895  3.1294  1.1774  18.324  1.742  9.4122  5.2165  5.8337  6.9855  2.2632  2.3821  5.6556  0.1825  5.0067  8.9089  4.1585  1.6059  1.6509  1.4839  0.2256  3.5529  2.154  0.2546  3.7745  0.3609  1.5673  3.4214  3.4892  0.009  0.2629  
trainID = 2676  3.3614  1.4381  1.508  3.8934  2.2253  0.6518  1.1217  0.044  3.4824  1.0016  1.86  4.7129  0.4741  0.1829  2.2589  4.5808  3.6553  1.1372  0.3314  2.3263  0.8624  0.5668  2.8507  4.3366  3.9642  2.8506  6.0013  3.6578  0.4264  1.9077  0.956  1.4678  2.5498  3.4173  2.101  2.4068  0.2301  0.524  0.8896  3.1762  0.148  0.268  
trainID = 2746  0.2477  1.2334  0.591  4.8234  1.6048  0.6014  2.2308  1.6822  4.3968  2.2268  1.165  0.8339  2.4117  4.8321  1.8745  0.1602  4.4402  0.2398  0.883  1.902  2.6392  1.9695  5.115  0.0176  5.7873  3.03  3.4289  4.388  1.7439  3.9876  2.887  3.4917  0.6726  0.5839  3.9008  0.142  1.5659  0.0822  0.3098  2.6932  0.3353  1.4993  1.457  
trainID = 2754  0.31  2.7587  0.404  0.6831  1.2918  0.0172  1.4935  0.1923  2.4069  1.1823  0.161  2.1309  1.7174  3.0423  1.1193  3.6567  3.3084  3.3332  0.3768  4.4468  1.4893  1.0625  1.7252  1.1653  2.7135  2.7102  5.6483  2.786  1.5979  2.1792  0.5172  3.3852  1.8382  3.5094  0.5234  2.0504  0.0307  1.9875  2.3763  2.5392  1.5046  0.8811  
trainID = 2774  0.0612  0.7641  1.157  0.3002  2.642  1.2791  1.8104  2.2221  4.7758  1.8902  1.667  1.7749  0.5419  0.4569  0.4093  2.5654  2.7063  1.5783  2.3482  1.1928  1.0495  0.3844  2.787  2.6574  6.3069  0.4166  1.4087  3.782  0.4875  2.8021  0.5877  3.0913  1.0383  3.883  1.3049  3.8039  1.7734  1.6621  0.942  2.2352  0.127  2.192  0.678  
trainID = 2785  33.41  4.2054  0.1847  2.7655  2.1429  2.1453  2.4136  0.4467  0.7407  0.6415  2.1735  1.105  0.3043  5.1272  2.3515  3.4132  2.9641  1.0205  7.4547  0.5583  3.068  3.968  1.8048  3.6645  3.2906  9.5639  5.4339  1.3249  0.6829  5.878  2.1073  2.46  0.7696  0.9794  0.8155  0.519  0.5037  2.2927  2.9892  3.2874  36.4949  
trainID = 2797  32.5802  2.1664  0.7563  0.108  0.473  1.8153  1.4905  2.007  1.1088  1.8002  0.0411  0.081  1.4849  4.9029  0.531  4.2742  5.4368  0.2703  4.8459  1.4451  0.6038  2.701  1.2397  1.9276  2.5192  4.1922  3.0691  1.2047  2.4899  3.78  3.1821  0.97  2.2758  0.0378  0.3354  0.6329  1.2931  2.1327  2.7819  3.5787  4.0972  1.529  3.8113  
trainID = 2824  1.123  1.8776  1.6318  0.653  0.2272  2.1663  1.1528  0.0525  0.6223  1.9624  0.9618  0.314  1.2579  0.3685  4.0614  1.7721  3.7858  2.4248  0.8764  1.099  2.48  0.4666  0.7751  3.7077  1.8057  2.8084  1.2678  0.7927  1.7177  3.5078  1.6308  1.608  2.9025  0.5454  0.5978  2.157  0.0541  1.537  0.5183  0.1659  2.5422  1.586  2.1747  
trainID = 2826  34.8992  3.51  0.2076  2.9281  0.8657  1.8866  1.7152  1.41  0.6211  1.8131  0.2814  1.21  2.7959  4.3541  0.5453  2.3907  4.7975  0.511  4.6786  2.7144  0.9613  5.4807  0.2561  3.9069  1.2041  5.6154  4.3757  0.9372  0.1843  4.0602  2.3838  1.603  2.8377  2.4959  0.4845  0.7223  1.24  0.9493  1.9123  3.8134  4.6022  1.134  4.2587  
trainID = 2835  33.7877  5.3108  4.0212  2.2488  5.1091  0.4416  3.7894  2.1539  0.0547  1.3483  1.0203  1.211  2.1179  4.4543  1.0329  2.1936  5.7973  9.4363  24.7693  0.7899  3.9596  8.5927  4.1579  2.3501  1.725  11.4494  6.7924  1.9445  0.0786  3.7642  3.4893  1.642  6.6262  2.4659  4.1344  1.309  3.0896  3.0827  4.5176  4.6315  38.1359  
trainID = 2838  0.628  2.8402  2.5947  1.399  1.6508  0.9821  0.1932  0.2776  0.6278  3.243  0.1421  0.825  0.3936  3.3608  1.0006  1.2295  6.2775  3.0749  5.7583  1.317  0.5249  3.5312  0.1402  2.9447  0.69  1.7734  3.7562  3.9749  4.2131  3.1146  0.4639  1.598  0.537  2.5303  1.8115  0.5436  1.8383  2.0757  1.2127  1.2444  1.7432  1.873  0.7481  
trainID = 2840  1.058  1.9395  0.663  2.6943  1.676  0.6102  0.016  0.7665  4.7968  1.4322  1.099  2.8599  1.2476  0.4326  1.0173  1.0565  4.2404  1.4899  3.2046  0.4269  0.3728  0.7824  2.1005  0.3138  0.2857  0.1833  0.8815  2.389  2.0263  3.3083  0.389  1.5402  0.3021  0.3609  1.3026  2.2606  0.238  0.7583  1.2015  2.5142  0.5109  3.406  
trainID = 2873  33.9907  3.545  2.8373  2.0538  5.0182  1.3086  2.6707  0.0371  1.0739  0.2447  5.0887  2.0842  2.1739  5.4669  1.5327  4.2042  4.5636  0.1183  10.3585  1.4404  3.2864  6.4424  2.549  0.825  2.4659  8.6757  6.0928  2.5676  0.8447  8.2612  0.2337  0.759  1.0484  3.856  0.8771  0.155  2.9621  1.1042  1.5981  1.9377  37.4579  
trainID = 2885  1.97  0.1954  2.9677  3.7763  0.3452  3.3671  2.7918  3.11  4.4368  1.4163  0.402  0.8679  1.2448  4.5082  1.2054  2.7365  3.801  2.243  0.2373  3.3239  2.9636  1.256  4.4799  1.5463  10.0305  5.4519  1.3096  0.0923  3.5207  4.0369  4.011  5.9631  1.5077  1.9669  2.7432  0.3106  1.5628  1.6076  2.5859  1.9562  0.056  2.4744  0.195  
trainID = 2904  0.9187  1.9459  0.829  2.3381  1.3907  1.4291  1.928  0.5452  1.9198  2.2913  1.9797  3.2679  2.8448  1.1068  2.3716  2.4137  0.2456  0.0328  0.1264  0.7015  0.2532  0.7169  0.8511  0.5918  2.0299  2.8257  4.0746  1.8821  1.5783  3.5619  1.404  3.2022  0.776  0.5637  3.0872  0.0458  1.1145  2.3332  0.8562  2.8182  1.852  1.4163  
trainID = 2905  0.5777  3.0351  2.498  3.437  0.6362  0.5176  2.6608  1.2085  2.8587  0.6075  0.205  1.8309  0.6301  0.702  0.8666  3.2596  0.6771  1.5884  2.5388  2.0878  1.2306  0.3921  1.376  2.6453  1.1002  2.0293  2.9936  4.1416  3.805  0.8383  1.306  2.0204  0.3029  2.1021  1.873  2.0807  1.4756  0.3015  3.2903  2.6382  1.036  0.4171  
trainID = 2930  30.9839  4.6365  5.7019  0.941  3.2764  5.7462  0.3261  1.0426  1.8087  2.3188  35.0966  0.5371  3.852  0.1146  19.5425  3.966  9.0873  2.8578  1.9379  4.594  0.6918  2.0924  6.7826  2.6904  8.8826  11.6857  4.2897  0.5869  3.0126  0.3785  1.6172  3.0905  1.9906  4.434  4.4056  1.1458  3.3666  3.1521  1.7992  1.566  0.2439  
trainID = 2935  35.2497  5.9011  6.1028  1.539  5.9355  2.1119  2.0621  1.7242  2.1736  1.2704  2.0503  0.535  2.5159  4.1125  1.1326  4.5764  11.1644  1.6005  21.3859  2.3095  2.9633  6.7959  1.9081  0.8584  0.3118  9.8968  7.8935  1.7247  1.9935  6.9147  0.4823  0.249  3.5892  3.0268  2.6374  1.18  0.6717  1.5307  2.2059  4.8632  36.5409  
trainID = 2997  31.6908  3.0773  1.4056  2.1896  2.0401  0.7527  2.7622  0.418  1.3532  0.8921  2.3606  0.945  2.3869  5.5871  0.1833  2.1537  7.9321  1.1867  4.3571  1.0128  0.6354  3.8457  0.1337  2.7717  1.4971  3.7659  3.521  1.7893  1.7133  5.2232  1.5758  0.983  0.3216  2.1954  1.4296  0.065  0.2963  1.2  0.851  0.8408  3.4432  2.173  1.8377  
TrainID = 2439  dbValue = 1.2171  nTestCell = 44  nTrainCell = 43  nDiff = 1  (X,Y) = (1125, 1965)  Position Error = 28.1603
TrainID = 1822  dbValue = 1.27591  nTestCell = 44  nTrainCell = 44  nDiff = 0  (X,Y) = (1115, 1955)  Position Error = 22.2036
TrainID = 796  dbValue = 1.27933  nTestCell = 44  nTrainCell = 43  nDiff = 1  (X,Y) = (1125, 1935)  Position Error = 3.60555
TrainID = 1105  dbValue = 1.42331  nTestCell = 44  nTrainCell = 42  nDiff = 2  (X,Y) = (1185, 1945)  Position Error = 57.5587
TrainID = 2840  dbValue = 1.43226  nTestCell = 44  nTrainCell = 42  nDiff = 2  (X,Y) = (1125, 1975)  Position Error = 38.1182
TrainID = 1752  dbValue = 1.45793  nTestCell = 44  nTrainCell = 43  nDiff = 1  (X,Y) = (1145, 1985)  Position Error = 50.9215
TrainID = 2651  dbValue = 1.50412  nTestCell = 44  nTrainCell = 42  nDiff = 2  (X,Y) = (1075, 1935)  Position Error = 53.0377
TrainID = 446  dbValue = 1.51384  nTestCell = 44  nTrainCell = 42  nDiff = 2  (X,Y) = (1175, 1995)  Position Error = 74.6525
TrainID = 2824  dbValue = 1.52883  nTestCell = 44  nTrainCell = 43  nDiff = 1  (X,Y) = (1155, 1965)  Position Error = 38.8973
TrainID = 1831  dbValue = 1.60765  nTestCell = 44  nTrainCell = 43  nDiff = 1  (X,Y) = (1135, 1975)  Position Error = 38.6394
TrainID = 421  dbValue = 1.61135  nTestCell = 44  nTrainCell = 43  nDiff = 1  (X,Y) = (1175, 1935)  Position Error = 47.0425
TrainID = 2904  dbValue = 1.63003  nTestCell = 44  nTrainCell = 42  nDiff = 2  (X,Y) = (1115, 1975)  Position Error = 40.1622
TrainID = 2667  dbValue = 1.63173  nTestCell = 44  nTrainCell = 43  nDiff = 1  (X,Y) = (1085, 1935)  Position Error = 43.0465
TrainID = 969  dbValue = 1.63265  nTestCell = 44  nTrainCell = 42  nDiff = 2  (X,Y) = (1095, 1965)  Position Error = 43.2782
TrainID = 1088  dbValue = 1.63873  nTestCell = 44  nTrainCell = 42  nDiff = 2  (X,Y) = (1125, 1965)  Position Error = 28.1603
TrainID = 1541  dbValue = 1.64223  nTestCell = 44  nTrainCell = 42  nDiff = 2  (X,Y) = (1125, 1905)  Position Error = 32.1403
TrainID = 1629  dbValue = 1.66071  nTestCell = 44  nTrainCell = 42  nDiff = 2  (X,Y) = (1115, 1875)  Position Error = 63.3482
TrainID = 1246  dbValue = 1.67494  nTestCell = 44  nTrainCell = 43  nDiff = 1  (X,Y) = (1105, 1985)  Position Error = 53.2259
TrainID = 1683  dbValue = 1.6768  nTestCell = 44  nTrainCell = 43  nDiff = 1  (X,Y) = (1185, 1945)  Position Error = 57.5587
TrainID = 1518  dbValue = 1.69563  nTestCell = 44  nTrainCell = 43  nDiff = 1  (X,Y) = (1195, 2015)  Position Error = 102.825
TrainID = 1496  dbValue = 1.69983  nTestCell = 44  nTrainCell = 43  nDiff = 1  (X,Y) = (1075, 1935)  Position Error = 53.0377
TrainID = 2586  dbValue = 1.70167  nTestCell = 44  nTrainCell = 43  nDiff = 1  (X,Y) = (1135, 1985)  Position Error = 48.5077
TrainID = 2481  dbValue = 1.70635  nTestCell = 44  nTrainCell = 43  nDiff = 1  (X,Y) = (1175, 2015)  Position Error = 91.0659
TrainID = 1410  dbValue = 1.70973  nTestCell = 44  nTrainCell = 43  nDiff = 1  (X,Y) = (1145, 2025)  Position Error = 89.627
TrainID = 2905  dbValue = 1.70998  nTestCell = 44  nTrainCell = 42  nDiff = 2  (X,Y) = (1185, 1925)  Position Error = 58.2495
TrainID = 1727  dbValue = 1.71826  nTestCell = 44  nTrainCell = 43  nDiff = 1  (X,Y) = (1065, 1965)  Position Error = 68.942
TrainID = 792  dbValue = 1.72338  nTestCell = 44  nTrainCell = 43  nDiff = 1  (X,Y) = (1195, 1915)  Position Error = 70.5195
TrainID = 1200  dbValue = 1.73402  nTestCell = 44  nTrainCell = 43  nDiff = 1  (X,Y) = (1215, 1985)  Position Error = 99.363
TrainID = 1107  dbValue = 1.74486  nTestCell = 44  nTrainCell = 43  nDiff = 1  (X,Y) = (1215, 1905)  Position Error = 92.6984
TrainID = 1505  dbValue = 1.75326  nTestCell = 44  nTrainCell = 44  nDiff = 0  (X,Y) = (1085, 1945)  Position Error = 43.7379
TrainID = 2353  dbValue = 1.77513  nTestCell = 44  nTrainCell = 42  nDiff = 2  (X,Y) = (1215, 1955)  Position Error = 88.8426
TrainID = 1637  dbValue = 1.7832  nTestCell = 44  nTrainCell = 43  nDiff = 1  (X,Y) = (1125, 2025)  Position Error = 88.0511
TrainID = 465  dbValue = 1.79728  nTestCell = 44  nTrainCell = 43  nDiff = 1  (X,Y) = (1195, 2005)  Position Error = 95.462
TrainID = 2774  dbValue = 1.80335  nTestCell = 44  nTrainCell = 43  nDiff = 1  (X,Y) = (1165, 2005)  Position Error = 77.4145
TrainID = 1803  dbValue = 1.80746  nTestCell = 44  nTrainCell = 44  nDiff = 0  (X,Y) = (1075, 1985)  Position Error = 71.5052
TrainID = 1126  dbValue = 1.81461  nTestCell = 44  nTrainCell = 42  nDiff = 2  (X,Y) = (1165, 1895)  Position Error = 55.9732
TrainID = 467  dbValue = 1.82091  nTestCell = 44  nTrainCell = 43  nDiff = 1  (X,Y) = (1055, 1915)  Position Error = 76.243
TrainID = 686  dbValue = 1.83223  nTestCell = 44  nTrainCell = 44  nDiff = 0  (X,Y) = (1195, 1925)  Position Error = 68.0661
TrainID = 1443  dbValue = 1.8456  nTestCell = 44  nTrainCell = 43  nDiff = 1  (X,Y) = (1135, 2035)  Position Error = 98.2497
TrainID = 2754  dbValue = 1.86317  nTestCell = 44  nTrainCell = 42  nDiff = 2  (X,Y) = (1215, 1975)  Position Error = 94.9368
TrainID = 2838  dbValue = 1.87671  nTestCell = 44  nTrainCell = 43  nDiff = 1  (X,Y) = (1205, 1885)  Position Error = 92.9139
TrainID = 2601  dbValue = 1.9187  nTestCell = 44  nTrainCell = 42  nDiff = 2  (X,Y) = (1145, 2015)  Position Error = 79.8311
TrainID = 2214  dbValue = 1.92095  nTestCell = 44  nTrainCell = 43  nDiff = 1  (X,Y) = (1115, 1865)  Position Error = 73.1642
TrainID = 437  dbValue = 1.9511  nTestCell = 44  nTrainCell = 44  nDiff = 0  (X,Y) = (1075, 1885)  Position Error = 74.2496
TrainID = 318  dbValue = 1.95163  nTestCell = 44  nTrainCell = 43  nDiff = 1  (X,Y) = (1145, 1885)  Position Error = 54.7083
TrainID = 1667  dbValue = 1.95422  nTestCell = 44  nTrainCell = 43  nDiff = 1  (X,Y) = (1105, 2045)  Position Error = 110.422
TrainID = 1334  dbValue = 1.97053  nTestCell = 44  nTrainCell = 42  nDiff = 2  (X,Y) = (1235, 1955)  Position Error = 108.503
TrainID = 2209  dbValue = 2.01801  nTestCell = 44  nTrainCell = 43  nDiff = 1  (X,Y) = (1105, 2045)  Position Error = 110.422
TrainID = 2514  dbValue = 2.01984  nTestCell = 44  nTrainCell = 43  nDiff = 1  (X,Y) = (1075, 1925)  Position Error = 54.3415
TrainID = 2676  dbValue = 2.04301  nTestCell = 44  nTrainCell = 42  nDiff = 2  (X,Y) = (1225, 1975)  Position Error = 104.178
TrainID = 1641  dbValue = 2.04781  nTestCell = 44  nTrainCell = 42  nDiff = 2  (X,Y) = (1075, 2025)  Position Error = 102.728
TrainID = 1743  dbValue = 2.04852  nTestCell = 44  nTrainCell = 42  nDiff = 2  (X,Y) = (1135, 1895)  Position Error = 42.5793
TrainID = 1327  dbValue = 2.06974  nTestCell = 44  nTrainCell = 43  nDiff = 1  (X,Y) = (1065, 2015)  Position Error = 100.265
TrainID = 805  dbValue = 2.0752  nTestCell = 44  nTrainCell = 42  nDiff = 2  (X,Y) = (1045, 1935)  Position Error = 83.0241
TrainID = 961  dbValue = 2.07784  nTestCell = 44  nTrainCell = 43  nDiff = 1  (X,Y) = (1055, 1905)  Position Error = 79.7057
TrainID = 2746  dbValue = 2.09554  nTestCell = 44  nTrainCell = 43  nDiff = 1  (X,Y) = (1105, 2035)  Position Error = 100.663
TrainID = 1360  dbValue = 2.09681  nTestCell = 44  nTrainCell = 43  nDiff = 1  (X,Y) = (1075, 2025)  Position Error = 102.728
TrainID = 2492  dbValue = 2.09957  nTestCell = 44  nTrainCell = 43  nDiff = 1  (X,Y) = (1195, 1895)  Position Error = 79.0759
TrainID = 1312  dbValue = 2.10831  nTestCell = 44  nTrainCell = 43  nDiff = 1  (X,Y) = (1185, 2035)  Position Error = 113.371
TrainID = 2161  dbValue = 2.12293  nTestCell = 44  nTrainCell = 42  nDiff = 2  (X,Y) = (1105, 2035)  Position Error = 100.663
TrainID = 1261  dbValue = 2.13259  nTestCell = 44  nTrainCell = 43  nDiff = 1  (X,Y) = (1225, 1885)  Position Error = 110.059
TrainID = 917  dbValue = 2.16131  nTestCell = 44  nTrainCell = 43  nDiff = 1  (X,Y) = (1215, 1885)  Position Error = 101.356
TrainID = 1654  dbValue = 2.19824  nTestCell = 44  nTrainCell = 43  nDiff = 1  (X,Y) = (1085, 1875)  Position Error = 75.452
TrainID = 1009  dbValue = 2.26463  nTestCell = 44  nTrainCell = 42  nDiff = 2  (X,Y) = (1055, 1915)  Position Error = 76.243
TrainID = 2446  dbValue = 2.30097  nTestCell = 44  nTrainCell = 43  nDiff = 1  (X,Y) = (1135, 2045)  Position Error = 108.227
TrainID = 1441  dbValue = 2.3085  nTestCell = 44  nTrainCell = 44  nDiff = 0  (X,Y) = (1225, 1885)  Position Error = 110.059
TrainID = 375  dbValue = 2.32091  nTestCell = 44  nTrainCell = 42  nDiff = 2  (X,Y) = (1105, 2035)  Position Error = 100.663
TrainID = 2524  dbValue = 2.39926  nTestCell = 44  nTrainCell = 44  nDiff = 0  (X,Y) = (1075, 2045)  Position Error = 120.304
TrainID = 2005  dbValue = 2.40068  nTestCell = 44  nTrainCell = 43  nDiff = 1  (X,Y) = (1095, 2065)  Position Error = 132.185
TrainID = 2885  dbValue = 2.47848  nTestCell = 44  nTrainCell = 43  nDiff = 1  (X,Y) = (1095, 2085)  Position Error = 151.634
TrainID = 1281  dbValue = 2.51104  nTestCell = 44  nTrainCell = 43  nDiff = 1  (X,Y) = (1145, 2075)  Position Error = 139.043
TrainID = 469  dbValue = 2.54623  nTestCell = 44  nTrainCell = 43  nDiff = 1  (X,Y) = (1095, 2055)  Position Error = 122.528
TrainID = 1270  dbValue = 2.63714  nTestCell = 44  nTrainCell = 42  nDiff = 2  (X,Y) = (1095, 2095)  Position Error = 161.409
TrainID = 2997  dbValue = 2.71618  nTestCell = 44  nTrainCell = 43  nDiff = 1  (X,Y) = (1145, 1855)  Position Error = 83.7437
TrainID = 1472  dbValue = 2.724  nTestCell = 44  nTrainCell = 41  nDiff = 3  (X,Y) = (1185, 2075)  Position Error = 149.308
TrainID = 2797  dbValue = 2.74428  nTestCell = 44  nTrainCell = 43  nDiff = 1  (X,Y) = (1145, 1865)  Position Error = 73.9797
TrainID = 616  dbValue = 2.83384  nTestCell = 44  nTrainCell = 41  nDiff = 3  (X,Y) = (1235, 1985)  Position Error = 117.273
TrainID = 2151  dbValue = 2.8794  nTestCell = 44  nTrainCell = 43  nDiff = 1  (X,Y) = (1175, 1865)  Position Error = 85.9826
TrainID = 2359  dbValue = 2.94206  nTestCell = 44  nTrainCell = 43  nDiff = 1  (X,Y) = (1155, 1855)  Position Error = 86.3308
TrainID = 2145  dbValue = 2.98964  nTestCell = 44  nTrainCell = 43  nDiff = 1  (X,Y) = (1235, 1875)  Position Error = 123.665
TrainID = 1474  dbValue = 2.99032  nTestCell = 44  nTrainCell = 43  nDiff = 1  (X,Y) = (1105, 2085)  Position Error = 149.777
TrainID = 1171  dbValue = 3.00785  nTestCell = 44  nTrainCell = 43  nDiff = 1  (X,Y) = (1245, 1865)  Position Error = 137.379
TrainID = 2826  dbValue = 3.0129  nTestCell = 44  nTrainCell = 43  nDiff = 1  (X,Y) = (1135, 1845)  Position Error = 92.2659
TrainID = 1562  dbValue = 3.06446  nTestCell = 44  nTrainCell = 43  nDiff = 1  (X,Y) = (1235, 1865)  Position Error = 128.969
TrainID = 1240  dbValue = 3.0816  nTestCell = 44  nTrainCell = 43  nDiff = 1  (X,Y) = (1085, 2105)  Position Error = 173.416
TrainID = 2109  dbValue = 3.17585  nTestCell = 44  nTrainCell = 43  nDiff = 1  (X,Y) = (1075, 2095)  Position Error = 166.652
TrainID = 2487  dbValue = 3.18692  nTestCell = 44  nTrainCell = 43  nDiff = 1  (X,Y) = (1215, 1835)  Position Error = 134.063
TrainID = 929  dbValue = 3.19494  nTestCell = 44  nTrainCell = 41  nDiff = 3  (X,Y) = (1275, 1945)  Position Error = 147.218
TrainID = 1211  dbValue = 3.3268  nTestCell = 44  nTrainCell = 41  nDiff = 3  (X,Y) = (1265, 1895)  Position Error = 143.293
TrainID = 2473  dbValue = 3.33714  nTestCell = 44  nTrainCell = 43  nDiff = 1  (X,Y) = (1245, 1855)  Position Error = 142.874
TrainID = 1189  dbValue = 3.3716  nTestCell = 44  nTrainCell = 43  nDiff = 1  (X,Y) = (1075, 2105)  Position Error = 176.162
TrainID = 859  dbValue = 3.41776  nTestCell = 44  nTrainCell = 43  nDiff = 1  (X,Y) = (1225, 1825)  Position Error = 148.165
TrainID = 2127  dbValue = 3.43569  nTestCell = 44  nTrainCell = 43  nDiff = 1  (X,Y) = (1235, 1835)  Position Error = 147.828
TrainID = 1623  dbValue = 3.43606  nTestCell = 44  nTrainCell = 44  nDiff = 0  (X,Y) = (1245, 1855)  Position Error = 142.874
TrainID = 1917  dbValue = 3.54832  nTestCell = 44  nTrainCell = 43  nDiff = 1  (X,Y) = (1195, 1805)  Position Error = 148.03
TrainID = 1153  dbValue = 3.56297  nTestCell = 44  nTrainCell = 43  nDiff = 1  (X,Y) = (1165, 1815)  Position Error = 127.487
TrainID = 1756  dbValue = 3.68887  nTestCell = 44  nTrainCell = 43  nDiff = 1  (X,Y) = (1225, 1825)  Position Error = 148.165
TrainID = 850  dbValue = 3.70693  nTestCell = 44  nTrainCell = 43  nDiff = 1  (X,Y) = (1195, 1825)  Position Error = 130.511
TrainID = 631  dbValue = 3.89519  nTestCell = 44  nTrainCell = 41  nDiff = 3  (X,Y) = (1085, 1835)  Position Error = 110.693
TrainID = 483  dbValue = 3.99092  nTestCell = 44  nTrainCell = 41  nDiff = 3  (X,Y) = (1135, 1805)  Position Error = 132.185
TrainID = 1514  dbValue = 4.0171  nTestCell = 44  nTrainCell = 41  nDiff = 3  (X,Y) = (1145, 1805)  Position Error = 133.09
TrainID = 1707  dbValue = 4.07051  nTestCell = 44  nTrainCell = 41  nDiff = 3  (X,Y) = (1255, 1875)  Position Error = 141.326
TrainID = 2785  dbValue = 4.08456  nTestCell = 44  nTrainCell = 41  nDiff = 3  (X,Y) = (1085, 1815)  Position Error = 129.356
TrainID = 489  dbValue = 4.13685  nTestCell = 44  nTrainCell = 41  nDiff = 3  (X,Y) = (1275, 1865)  Position Error = 163.686
TrainID = 2565  dbValue = 4.22086  nTestCell = 44  nTrainCell = 43  nDiff = 1  (X,Y) = (1255, 1795)  Position Error = 190.507
TrainID = 633  dbValue = 4.2867  nTestCell = 44  nTrainCell = 43  nDiff = 1  (X,Y) = (1215, 1775)  Position Error = 183.883
TrainID = 1526  dbValue = 4.3197  nTestCell = 44  nTrainCell = 41  nDiff = 3  (X,Y) = (1285, 1855)  Position Error = 177.124
TrainID = 2873  dbValue = 4.4832  nTestCell = 44  nTrainCell = 41  nDiff = 3  (X,Y) = (1125, 1795)  Position Error = 142.032
TrainID = 1446  dbValue = 4.5206  nTestCell = 44  nTrainCell = 43  nDiff = 1  (X,Y) = (1235, 1785)  Position Error = 185.884
TrainID = 2521  dbValue = 4.53135  nTestCell = 44  nTrainCell = 41  nDiff = 3  (X,Y) = (1255, 1855)  Position Error = 151.172
TrainID = 1902  dbValue = 4.55984  nTestCell = 44  nTrainCell = 41  nDiff = 3  (X,Y) = (1145, 1795)  Position Error = 143.014
TrainID = 2564  dbValue = 4.6615  nTestCell = 44  nTrainCell = 41  nDiff = 3  (X,Y) = (1265, 1845)  Position Error = 165.024
TrainID = 2673  dbValue = 4.76875  nTestCell = 44  nTrainCell = 41  nDiff = 3  (X,Y) = (1295, 1845)  Position Error = 190.665
TrainID = 1522  dbValue = 4.89059  nTestCell = 44  nTrainCell = 41  nDiff = 3  (X,Y) = (1145, 1745)  Position Error = 192.751
TrainID = 2930  dbValue = 5.03104  nTestCell = 44  nTrainCell = 41  nDiff = 3  (X,Y) = (1315, 1855)  Position Error = 204.189
TrainID = 1395  dbValue = 5.04642  nTestCell = 44  nTrainCell = 43  nDiff = 1  (X,Y) = (1255, 1765)  Position Error = 213.806
TrainID = 493  dbValue = 5.11157  nTestCell = 44  nTrainCell = 41  nDiff = 3  (X,Y) = (1295, 1845)  Position Error = 190.665
TrainID = 2670  dbValue = 5.15316  nTestCell = 44  nTrainCell = 41  nDiff = 3  (X,Y) = (1115, 1745)  Position Error = 192.44
TrainID = 1961  dbValue = 5.20882  nTestCell = 44  nTrainCell = 41  nDiff = 3  (X,Y) = (1115, 1735)  Position Error = 202.418
TrainID = 2935  dbValue = 5.21198  nTestCell = 44  nTrainCell = 41  nDiff = 3  (X,Y) = (1165, 1745)  Position Error = 195.533
TrainID = 1615  dbValue = 5.2716  nTestCell = 44  nTrainCell = 41  nDiff = 3  (X,Y) = (1205, 1755)  Position Error = 197.618
TrainID = 1507  dbValue = 5.30123  nTestCell = 44  nTrainCell = 41  nDiff = 3  (X,Y) = (1315, 1795)  Position Error = 234.804
TrainID = 855  dbValue = 5.33436  nTestCell = 44  nTrainCell = 41  nDiff = 3  (X,Y) = (1325, 1805)  Position Error = 237.135
TrainID = 1763  dbValue = 5.4902  nTestCell = 44  nTrainCell = 41  nDiff = 3  (X,Y) = (1185, 1735)  Position Error = 209.888
TrainID = 2203  dbValue = 5.53714  nTestCell = 44  nTrainCell = 41  nDiff = 3  (X,Y) = (1135, 1715)  Position Error = 222.11
TrainID = 2835  dbValue = 5.58602  nTestCell = 44  nTrainCell = 41  nDiff = 3  (X,Y) = (1145, 1705)  Position Error = 232.622
TrainID = 945  dbValue = 5.6222  nTestCell = 44  nTrainCell = 41  nDiff = 3  (X,Y) = (1185, 1725)  Position Error = 219.529
TrainID = 507  dbValue = 5.6824  nTestCell = 44  nTrainCell = 41  nDiff = 3  (X,Y) = (1205, 1725)  Position Error = 225.55
TrainID = 362  dbValue = 5.7672  nTestCell = 44  nTrainCell = 41  nDiff = 3  (X,Y) = (1185, 1715)  Position Error = 229.201
TrainID = 1118  dbValue = 5.86019  nTestCell = 44  nTrainCell = 41  nDiff = 3  (X,Y) = (1205, 1715)  Position Error = 234.974
