trainID = 316  2.6513  2.1929  1.832  36.5096  2.2361  1.32  0.776  2.1397  4.0975  0.5048  4.0073  0.9931  3.5519  3.4568  1.2577  0.169  3.373  1.1788  3.4523  3.1842  5.8327  12.1642  6.0419  0.764  0.4233  6.8054  0.732  0.1715  3.7086  1.0885  0.898  1.001  5.2112  1.9594  3.8332  3.0164  0.9114  4.0341  1.1822  4.3653  2.0167  4.8166  1.6668  4.5182  1.7472  1.1116  0.1267  
trainID = 340  1.5143  2.0269  1.232  0.191  0.1661  0.181  3.0391  2.8257  2.6126  2.8757  3.0475  2.717  0.1839  4.2383  1.6828  1.5005  2.358  3.3688  1.316  1.6791  0.3376  4.2212  12.29  0.687  16.8789  1.7737  4.9865  1.0419  2.38  3.4719  0.1942  1.6045  0.097  0.727  1.5977  2.1898  2.3352  5.7693  1.9258  1.9141  2.0292  3.454  0.2762  7.3646  2.3297  1.9607  34.5589  
trainID = 393  0.5333  0.8888  0.579  1.819  2.8725  0.107  0.6057  3.1892  0.171  0.3668  1.195  0.7372  2.9878  3.7757  2.2294  1.1255  0.6696  1.256  0.1025  0.1373  0.2256  0.3422  0.3119  3.7427  0.377  2.6628  2.1456  1.078  0.5044  1.1718  2.7199  0.971  1.5337  2.9535  2.6936  3.5525  1.8024  1.6046  0.5654  0.2978  4.8356  0.6832  1.2305  0.8667  4.7955  0.314  0.77  0.846  
trainID = 397  0.7453  0.4631  1.3438  0.105  1.1431  1.403  0.3473  1.053  1.576  1.4759  0.5344  0.6209  2.9782  1.4752  2.1394  0.4439  0.5794  1.2749  1.0532  1.1389  0.2184  3.529  2.9595  1.1666  2.3964  1.5377  1.5392  0.522  2.0137  0.0012  2.8502  2.824  2.894  4.6101  1.8427  0.5395  0.1643  2.2287  3.0405  0.8068  4.3853  2.7089  0.9186  0.9405  1.835  0.2  1.622  1.1454  
trainID = 424  3.2583  2.6845  1.351  1.2673  2.6523  1.385  4.5921  2.6533  0.2767  1.4659  0.768  3.2783  2.3025  1.3008  0.5281  2.799  0.1245  2.6323  1.8193  12.9544  14.0186  1.7819  0.8109  0.9328  6.4815  0.407  2.1505  2.0374  2.2868  0.263  0.946  3.8117  2.3334  0.808  1.6059  2.2604  3.4945  0.1149  4.2345  0.0277  0.4367  1.3097  3.5284  0.972  1.486  1.3971  
trainID = 472  2.8225  0.9502  0.896  2.8858  0.5031  0.436  0.9465  2.4906  1.544  1.7334  1.4616  3.5063  1.9565  4.4506  0.9308  2.5538  2.2463  3.1474  0.901  2.1199  3.1463  2.1755  14.2024  2.2488  18.6883  2.4739  6.1648  0.6045  3.265  3.1546  0.2014  2.3158  2.5  1.3627  1.3875  1.4199  3.8902  4.2373  2.7224  0.2662  1.2542  2.646  1.8431  3.0401  2.0247  2.8648  
trainID = 513  4.5783  2.9363  2.1745  0.205  2.1498  1.963  0.5761  2.9641  1.336  0.0258  3.7518  1.7592  3.2341  3.8555  2.737  1.4036  2.55  1.296  2.488  0.2088  2.3395  0.555  6.2695  8.3454  23.3741  2.139  4.2335  0.5542  0.052  2.7583  0.6804  0.5951  0.86  0.88  1.9217  1.7516  3.2568  4.0241  2.8992  0.8781  2.0472  4.5337  0.5462  3.1019  3.0927  2.5151  
trainID = 523  0.6996  1.0132  2.248  0.184  0.244  1.927  1.1674  1.349  0.689  1.3713  0.7708  1.1187  0.0102  2.8091  1.2263  1.6671  3.6576  1.6032  0.5963  1.9599  2.5936  0.8809  1.9502  2.4482  0.0093  1.6698  1.6825  0.428  1.3529  0.2892  2.3014  0.814  0.119  3.5511  1.0447  0.0766  1.4112  1.859  1.2293  0.7508  2.893  2.1224  3.3427  1.0259  5.136  0.548  0.051  0.4768  
trainID = 535  2.2692  1.7711  3.0416  33.2366  1.784  2.0878  0.001  0.3208  3.8969  1.7337  2.6165  5.0055  3.1314  1.792  1.314  0.298  1.004  1.9942  2.6573  3.3582  5.1824  14.1171  11.875  3.2381  3.6323  6.1118  1.556  0.0999  1.4883  1.9722  0.185  0.611  0.8827  2.8488  3.0472  2.9911  0.2892  1.3551  1.5802  3.561  0.9533  4.0407  0.2298  4.2082  0.847  0.961  0.7393  
trainID = 538  0.6708  1.2069  0.545  34.4376  2.2125  1.836  0.46  1.5032  3.6531  1.4221  3.2216  0.6358  2.5027  4.1048  0.1134  0.471  0.489  0.4362  3.7587  2.6351  0.6329  6.8895  6.9864  4.165  1.3671  6.2828  0.678  0.3909  2.9779  0.346  1.666  0.553  2.888  1.4088  0.0621  2.2356  0.7252  3.6163  0.5452  4.842  1.9407  2.8817  1.3247  3.1223  0.868  1.703  1.0017  
trainID = 558  0.2082  1.1696  0.242  35.9896  0.6494  0.907  2.0441  0.0907  0.952  1.3287  1.6623  5.1019  4.3661  2.361  0.2673  1.2207  1.531  0.3863  3.9702  1.7244  0.2076  4.9098  5.702  0.1266  1.2233  7.2453  0.035  0.6686  2.7176  0.1906  0.219  0.548  1.003  0.005  1.0684  1.3396  1.768  3.8991  0.0319  4.4267  0.354  3.569  2.8037  3.9067  1.455  2.531  1.3202  
trainID = 615  3.5253  0.1035  1.142  37.7776  4.6072  0.483  0.164  2.2332  2.5298  0.6399  2.0815  2.7149  4.6705  3.8428  2.8804  1.8386  2.372  0.4661  2.1206  3.242  13.2034  14.061  3.5412  3.0317  1.6869  6.4472  1.2532  0.8654  5.0003  1.8094  2.1631  1.1262  4.348  1.501  0.3459  1.0965  0.5712  4.2801  0.1944  6.1533  0.3109  2.9964  1.597  4.9865  0.23  0.214  0.6399  
trainID = 685  4.5203  0.1025  0.212  34.7556  2.2917  1.421  1.416  1.7611  3.9741  0.8057  2.4282  2.0773  5.6419  2.1219  4.4989  1.143  2.183  2.6289  2.4159  1.0246  12.1808  25.0066  10.3142  2.7487  1.4688  3.5207  0.7348  2.9338  1.0411  0.26  0.373  1.4972  0.2127  3.6694  0.8878  1.6093  1.3603  2.2873  5.9326  1.0132  5.0866  0.5317  2.4723  0.873  2.263  0.6637  
trainID = 749  4.3343  1.4471  1.7539  36.9226  2.0507  4.7343  1.337  3.2829  4.1738  1.1657  2.2139  0.5197  6.1956  5.0378  2.5354  0.844  2.772  0.5143  4.2683  2.0099  14.9827  15.7675  2.4832  0.2276  0.1236  6.4091  0.32  0.6436  6.9064  1.7315  2.047  1.2021  5.3775  3.1388  2.5583  1.4625  0.1248  3.85  0.2291  7.7238  2.3312  4.0822  0.4547  3.9922  1.567  0.331  0.5213  
trainID = 768  2.5307  1.3139  0.315  34.5966  1.3696  0.003  1.079  0.777  5.3142  1.185  2.6022  3.1874  4.5937  3.4698  4.4211  2.046  2.095  0.7745  1.6743  1.3067  2.9151  3.788  7.5288  0.7393  1.341  4.1304  1.8736  0.3464  1.8585  2.4039  0.364  0.654  0.4712  1.6577  0.3507  1.2255  2.194  1.1266  0.0854  4.9529  0.9446  2.5532  0.1242  3.5521  0.387  0.384  1.7031  
trainID = 812  2.3962  0.4105  0.959  1.351  0.8206  0.948  0.3762  0.648  0.186  1.5813  0.2301  1.2947  0.1343  4.2884  0.8104  2.1566  0.7574  0.181  0.532  0.8192  0.4138  0.2703  5.5714  3.3597  1.099  0.9639  1.3888  3.1018  2.2923  0.1917  1.1268  0.2465  2.1975  0.2516  4.3674  0.934  0.8887  0.2282  5.2247  1.7132  2.1974  0.4537  0.5978  2.008  3.439  0.008  
trainID = 834  0.7866  3.405  2.1864  2.08  0.9256  1.956  1.5854  0.19  1.375  2.2708  3.3895  2.8839  0.0973  6.5244  3.3413  2.3348  3.866  0.8813  0.728  1.4503  1.909  1.6577  2.3267  0.5658  12.5696  1.964  2.8695  0.2059  2.149  0.4742  0.6338  2.718  0.085  0.068  0.3688  3.5523  1.0626  4.9768  3.1671  0.0503  1.6752  3.511  0.0478  4.5596  5.2217  1.9634  32.8789  
trainID = 888  1.7068  1.8187  0.498  3.2492  1.5995  1.886  0.3838  3.0817  1.299  0.6429  1.4918  0.0403  0.3086  5.1488  2.5008  0.6609  1.6621  3.698  0.393  2.4811  1.3932  0.4394  4.8901  4.4151  1.7271  2.5103  1.8824  1.564  1.964  0.6397  2.5801  2.2424  0.8731  0.3426  4.2488  1.7162  0.4934  2.0829  5.5958  2.7713  0.1913  1.5747  0.2711  0.157  1  0.1822  
trainID = 903  1.3112  1.1822  1.061  0.221  1.2588  0.676  0.0344  0.619  1.65  0.0828  2.6612  1.8008  2.1079  1.1745  1.5928  1.9606  2.633  0.9893  1.1054  1.8033  2.263  3.9379  2.2404  5.689  0.0035  2.3953  3.5976  1.978  0.8541  2.9855  1.9192  0.28  1.841  2.0846  0.5117  1.584  1.8051  1.5215  3.4785  0.9952  5.4467  2.3217  1.0143  0.085  3.7132  1.588  0.24  1.1459  
trainID = 933  4.6793  0.454  1.5534  34.8276  0.3652  2.2256  1.022  1.3795  0.5543  1.2725  0.5264  2.7227  2.3158  2.9158  2.5322  0.116  0.612  2.0522  1.9683  1.8094  7.3769  3.9823  3.055  0.3686  1.9157  4.9086  0.28  0.9695  0.2494  0.5487  0.04  0.233  3.2861  0.8267  2.4463  3.9372  3.7251  0.9696  0.0145  4.9679  3.9192  1.8067  0.5257  2.8095  1.485  0.83  0.6187  
trainID = 1010  1.0906  1.5142  2.1014  2.1919  1.2157  0.426  1.3866  0.601  1.625  2.2769  1.8007  4.3673  2.5595  4.5596  0.1114  3.5968  1.57  0.3256  0.43  0.9045  3.2141  1.1495  7.9987  0.9657  14.9835  2.7879  5.0635  1.9158  0.452  4.31  0.2097  1.593  0.074  0.209  1.2169  1.3013  1.7621  5.645  0.8352  0.9431  1.7182  3.812  0.7837  3.1415  0.366  1.398  
trainID = 1075  2.5676  0.5858  2.782  36.5326  2.0687  1.537  0.723  1.643  4.8684  0.2747  2.6951  3.6505  2.3491  3.3258  1.3327  0.939  0.7664  3.7921  1.9729  7.9154  15.2792  14.5544  1.4814  4.2081  5.3281  0.809  1.1816  0.289  0.6381  2.3978  0.242  1.8318  3.007  0.1988  3.494  0.8142  0.9818  2.0092  3.286  0.4189  4.1115  1.1047  3.566  1.294  1.702  1.4344  
trainID = 1080  1.4186  1.4414  0.808  0.372  2.4096  1.634  0.0435  0.01  2.193  2.1208  5.3064  1.6197  1.5027  5.054  2.9015  4.8108  2.6094  2.199  1.639  1.1738  3.4237  2.8135  3.1266  4.4338  6.1354  1.0356  1.638  0.1115  1.143  0.2498  0.8484  4.1373  3.0907  0.035  0.0017  1.5869  1.9288  4.5455  1.6213  1.7522  1.4402  4.1407  1.6318  2.6242  1.5327  1.1722  33.8619  
trainID = 1122  0.3691  0.872  0.137  0.842  1.3805  1.747  1.7063  1.198  0.99  0.2708  0.4821  0.0464  4.0883  6.364  1.1883  1.5067  1.6203  0.096  0.832  0.6067  2.5796  0.497  1.3595  0.4352  3.3477  1.7771  1.4576  0.78  1.5861  1.2659  0.6563  1.3543  1.9952  3.177  2.9299  1.6658  1.0764  2.4861  0.8425  1.8071  0.6773  5.4232  1.2238  1.7873  1.6457  1.436  0.719  2.8586  0.1634  
trainID = 1180  0.9167  0.3792  0.7  0.877  1.132  1.74  2.39  0.112  1.542  2.1903  1.4579  2.0741  1.3431  2.8337  4.5478  2.6888  2.3281  1.189  1.581  1.8129  0.8375  1.8001  1.3573  1.1873  1.9677  0.9932  0.3731  4.6361  0.785  0.7804  0.0021  1.431  2.1855  1.6641  3.8808  0.6333  0.792  3.8061  0.4249  2.3589  1.1551  4.4727  1.5037  1.3771  0.1794  2.4812  0.844  2.672  0.5667  
trainID = 1221  2.7946  1.0196  0.844  0.357  0.3886  1.05  1.2731  0.751  2.233  1.1928  1.5296  0.5722  0.1387  2.3358  2.4971  2.8948  1.541  0.099  1.3  1.4201  2.6957  2.6748  1.945  3.4356  3.8927  0.0029  1.3191  2.3749  0.703  1.8661  0.758  1.0762  0.715  0.346  1.7872  0.9157  1.0831  3.1025  1.529  3.4621  0.9417  2.605  3.3387  2.0737  1.7087  2.2928  2.8103  0.384  0.8159  
trainID = 1227  0.862  0.6661  1.3951  2.4837  1.2364  1.1155  0.492  1.641  2.513  5.1486  0.3404  0.5035  0.2853  5.0284  0.5443  0.1759  4.0891  1.1907  2.624  0.7595  2.3129  0.9866  7.4315  6.3958  1.565  0.5797  1.5267  3.7073  0.416  0.2031  0.9924  0.5484  1.9499  2.7308  4.5007  1.1719  0.7287  1.6562  2.942  2.3537  0.4901  1.8677  1.1541  1.265  1.081  0.8153  
trainID = 1249  3.1073  1.3903  0.627  0.614  0.0137  0.195  2.708  2.054  3.7618  2.5901  3.2338  0.4281  1.0983  4.6309  1.9952  2.7258  2.2552  0.6291  1.508  0.3319  3.3691  1.2797  1.3694  2.0821  11.5481  3.5354  4.2315  0.5405  0.857  0.2416  2.5369  1.2688  2.314  0.641  1.0574  0.7628  0.1759  4.7705  1.2081  0.8119  0.9212  1.305  0.9514  3.3195  2.0327  2.6368  35.0849  
trainID = 1253  4.2463  0.388  0.642  34.9206  0.9239  3.7508  0.581  2.2794  5.0029  1.9145  1.8815  1.4538  1.4862  3.7078  2.9042  0.947  1.2106  3.1884  0.0751  6.126  15.0908  6.2141  2.4597  1.4279  6.71  0.493  1.1634  0.9538  0.3433  0.924  0.179  3.3212  0.5834  1.7457  1.9401  3.1537  2.6512  1.7842  4.9199  0.5374  2.8784  2.5602  5.4091  0.664  3.283  1.3357  
trainID = 1255  1.0422  1.8385  2.8087  0.236  0.5426  0.654  0.3236  2.6997  3.8136  2.7319  6.6621  2.592  0.5629  6.651  1.3607  1.6903  4.9229  2.3774  0.533  1.0234  3.0933  2.8782  16.7859  0.1435  20.523  4.7689  8.1336  1.364  2.08  2.2032  2.0487  3.4315  0.99  1.5721  2.1498  2.9278  0.8087  4.3156  2.5318  1.0465  2.3682  1.779  1.9589  5.3026  2.3357  3.2859  34.7389  
trainID = 1319  1.32  1.9632  1.006  1.872  3.5362  1.1575  0.5128  2.5281  2.8596  1.1274  1.621  1.1703  0.0002  2.812  3.567  1.2863  1.5871  0.922  1.906  0.1479  2.4218  1.4979  1.5766  0.106  4.3329  0.8111  2.9477  1.1831  0.606  0.0698  0.7425  1.6041  2.0315  0.715  0.8792  1.4121  0.443  3.9627  0.729  0.1828  0.6562  4.5125  0.6879  5.5706  3.8577  0.9753  2.314  0.712  0.2335  
trainID = 1387  1.8935  1.3996  1.6061  1.083  0.4615  0.092  0.8576  1.285  1.456  1.5936  3.8773  0.1553  2.9258  4.0429  0.6207  2.4748  0.9734  1.0064  0.3737  2.6833  2.4955  2.5023  4.4116  19.5384  0.9402  3.2603  0.6454  2.128  2.0982  0.9892  0.33  0.579  0.798  0.0243  2.214  1.4801  2.791  0.5945  0.3237  1.1742  4.2546  1.3562  5.4876  0.4147  2.7841  34.0219  
trainID = 1494  1.5707  1.3124  0.26  1.136  1.1125  0.321  1.1635  0.519  0.887  0.5325  1.6999  2.3482  1.3268  5.8804  1.0672  1.7298  1.136  0.194  1.087  1.6167  1.7622  1.2667  4.7616  0.0074  9.9921  3.0708  2.9402  0.949  0.554  1.8131  0.3128  3.6478  1.445  0.355  0.6374  0.4256  0.9792  3.7406  0.4505  2.1603  0.2974  3.9742  0.8809  2.9697  3.8357  0.5361  34.0639  
trainID = 1540  2.677  0.7244  1.551  36.1836  0.9674  1.709  0.879  2.4231  1.7881  0.2137  4.1474  1.9677  5.809  3.3678  2.9906  1.86  0.443  0.5896  0.4597  0.3767  7.3216  6.065  0.2215  3.3201  1.6803  6.6427  1.21  2.8317  3.9602  0.3885  1.327  0.377  6.8991  0.2643  1.1517  1.2005  2.4863  2.5883  1.5828  8.1738  1.4055  0.7185  0.3034  4.8831  0.851  0.165  3.8599  
trainID = 1558  2.6388  0.0617  3.5443  0.214  0.3334  0.895  0.3527  2.628  0.167  1.1746  2.5079  2.5669  1.9398  6.925  3.5475  2.7438  2.1751  1.3433  1.816  0.8409  0.0601  2.9301  1.7143  4.8977  11.4901  0.7672  3.3835  2.562  0.846  3.7101  0.6772  2.7403  2.075  0.472  0.1518  0.4858  0.9923  5.7767  3.7697  1.5558  2.8782  1.597  0.0876  2.7247  0.2927  4.0196  34.7889  
trainID = 1580  1.5251  2.1526  0.251  0.428  0.0276  3.642  0.8657  1.394  2.4243  0.0887  3.8932  2.6879  1.6457  3.3591  0.1241  2.4268  2.9343  1.3995  0.619  1.7678  2.0948  3.0645  0.9199  7.1996  12.758  0.3085  4.6129  0.0879  0.064  1.6267  0.9365  4.1353  1.652  1.9552  1.2408  0.3981  1.2356  3.2577  0.6479  0.2862  0.2099  4.2206  0.3883  5.5006  1.9807  3.653  32.7469  
trainID = 1587  1.7529  0.5191  1.131  0.998  0.7759  0.692  0.9875  1.336  0.291  5.5271  0.9306  3.1036  0.2758  5.5294  0.4184  1.0401  2.6554  1.7451  0.204  0.1428  4.2886  0.5922  3.8201  0.9018  1.4546  2.0812  3.4145  1.5358  1.027  3.3229  1.8477  0.0231  4.2713  3.3635  1.7333  0.9553  0.2932  1.0004  2.65  1.6567  3.7788  2.2917  2.0356  0.962  0.557  0.3261  
trainID = 1672  4.4693  2.4054  2.612  0.2072  2.1842  0.881  5.5704  2.5352  0.97  5.3198  3.1203  2.2266  1.9293  1.9164  0.83  1.568  0.4962  1.089  3.0276  11.0665  8.8443  0.385  1.1482  2.6286  7.9648  0.969  0.3436  3.6579  0.7541  1.411  1.6882  5.3402  2.5356  1.4862  0.2804  1.1584  5.7021  0.0215  5.593  0.2119  1.986  0.6517  3.3381  0.328  0.9677  2.7152  
trainID = 1745  3.6603  0.9428  0.751  36.6446  0.3614  1.692  0.246  1.8091  3.5284  4.0982  2.6782  2.6232  3.7935  2.2289  2.1999  2.5981  1.5082  2.547  2.2938  7.026  10.8122  3.9506  0.5361  0.4036  4.6497  1.612  2.4661  3.6376  0.4274  0.217  0.9518  2.8592  0.918  1.2135  0.6282  3.189  4.2767  0.6742  6.7013  1.4432  0.7711  0.9327  6.2165  2.481  1.268  1.4142  
trainID = 1769  2.6498  0.6184  0.671  0.394  3.1002  0.342  0.2894  0.96  0.825  1.1634  3.025  2.4018  2.0014  3.0717  0.3521  3.7608  4.9204  1.8214  2.062  1.1381  3.967  1.9843  0.8906  8.9677  20.0903  3.7011  3.1498  2.5609  1.884  1.3013  0.2197  0.9059  1.387  0.145  0.0773  1.4644  3.2934  7.6127  0.9206  1.7063  2.5111  2.586  0.7758  5.2286  0.9907  3.0564  34.4739  
trainID = 1838  0.28  4.6111  0.739  0.807  2.1248  1.8155  1.9057  1.338  0.05  1.4621  2.1646  2.0631  3.3602  3.534  2.0625  3.7868  4.0595  1.305  0.322  1.1644  5.1651  3.2984  2.5048  7.7628  12.9429  2.4144  4.7567  2.9258  0.567  2.8723  0.8663  0.3512  0.189  1.031  0.6483  0.6779  1.6377  6.0921  0.3256  1.1403  2.2892  3.815  0.0278  4.4646  3.0217  0.7496  
trainID = 1850  2.8724  3.7149  0.749  2.6313  2.0446  2.4569  0.488  0.279  1.739  1.588  6.9658  0.8896  2.0098  3.215  3.4239  2.0062  2.9417  1.3815  1.325  1.5756  2.4513  0.5894  5.8493  3.0445  19.0384  2.5898  6.819  0.8878  2.199  2.2259  0.7288  2.7273  0.047  1.4424  0.2194  0.9892  3.8672  4.2299  1.347  2.2482  2.8832  3.133  1.9503  5.6896  1.0647  3.4645  35.2489  
trainID = 1859  0.7901  1.5318  1.161  1.531  0.4498  0.311  1.6077  0.178  0.48  0.8018  0.9411  1.2826  0.7604  7.4489  4.0622  1.5934  1.901  0.938  3.1784  2.7912  0.1973  1.1113  1.3234  0.8106  1.0621  1.1318  1.3031  1.026  0.9732  1.4012  0.2295  0.308  0.383  3.1809  0.8665  3.2738  4.5237  0.9148  1.7988  2.3141  4.4327  0.9966  1.2008  1.3147  2.033  0.772  1.152  0.3282  
trainID = 1900  1.2212  3.3166  1.4882  2.3838  0.3948  0.813  1.011  0.183  0.341  1.0559  0.3465  0.4043  1.6861  4.4187  1.264  1.8823  1.6794  0.8378  1.402  0.6936  0.0031  2.2468  0.1708  2.8842  2.7156  3.7309  1.1617  2.129  1.1228  0.9554  1.346  0.354  0.207  5.136  2.0133  2.6612  2.1028  1.5207  0.1314  1.9862  2.764  1.4652  4.3969  1.8617  4.5098  0.074  0.788  1.2178  
trainID = 1927  3.0099  0.6209  3.2583  1.012  1.0611  1.663  2.8358  0.155  1.11  0.8779  3.8855  2.7512  2.6241  5.7094  0.2641  2.0143  3.1671  1.4117  0.84  2.3993  4.7025  0.7698  1.2675  6.7744  26.2534  2.7394  2.9917  1.5987  1.177  0.973  2.7353  1.7343  0.002  0.433  1.3542  0.4117  1.6786  4.7717  0.9505  0.0723  0.4297  6.2802  0.0579  5.2926  0.8077  2.1421  
trainID = 1952  2.4789  0.2564  0.855  0.578  0.6398  0.85  0.3908  2.9869  1.214  0.3085  4.4891  0.515  1.7697  3.0229  2.0308  3.4968  1.7184  0.969  1.642  1.1113  3.2862  2.9048  9.228  8.7626  9.5944  2.5045  1.7067  3.7391  0.197  0.2714  0.3203  1.9935  0.64  0.78  0.3524  2.464  2.1462  4.5037  0.4377  0.819  1.9511  0.456  0.6883  3.0661  0.9191  3.6416  1.952  2.748  2.4864  
trainID = 1971  0.3273  1.2908  1.3432  1.401  1.5554  0.371  0.6651  2.612  1.722  1.3624  4.0107  0.6914  0.2224  2.0475  0.4905  0.5041  0.6548  1.8473  0.616  0.3719  4.1672  1.6251  2.069  1.4241  4.4075  1.2558  1.7817  0.8522  1.006  1.0071  0.5855  0.9928  0.832  1.917  2.6378  2.277  1.2781  1.6763  0.8798  1.0399  0.7852  4.2516  0.3511  1.767  1.0787  0.9383  0.516  0.67  1.119  
trainID = 2013  0.2695  1.292  0.954  1.808  1.7189  1.896  0.9862  1.383  0.194  0.6422  1.4948  1.1298  0.1359  2.8816  0.47  5.0738  0.1415  0.218  1.893  2.0363  2.4623  0.3802  1.4736  0.1471  5.5725  1.3065  0.1517  2.5119  0.771  0.7765  2.4765  2.0465  0.011  1.435  3.4511  1.8399  1.0487  0.3253  0.1389  3.1284  0.0554  3.855  1.0131  1.8686  0.5124  2.5768  0.646  1.109  0.0995  
trainID = 2206  0.3628  0.4116  1.9979  1.81  0.1487  0.863  0.0472  0.045  0.34  3.4958  0.2105  0.4249  0.9326  2.4446  0.059  2.9288  1.3425  1.6163  1.6654  1.5662  0.0086  2.0024  1.4553  3.6734  0.7584  1.91  0.8909  0.394  0.7929  1.0138  2.1313  1.749  1.764  2.3392  2.0642  1.3983  2.8324  2.9593  0.9288  0.7357  2.335  1.4445  1.0418  2.2787  3.0875  0.596  0.401  0.7462  
trainID = 2238  4.0853  0.0824  0.004  35.0256  0.1741  2.1182  3.7843  1.9222  5.3846  0.0368  3.3231  0.1353  3.5792  6.2598  3.4338  0.7222  1.804  1.3125  4.9892  1.8153  13.9583  23.395  7.8546  2.5722  1.6746  5.1406  0.138  0.5072  2.1829  0.7132  0.097  1.161  4.0312  1.2626  1.4503  2.4601  1.4183  0.0868  1.6862  5.2136  5.0441  6.4936  0.3917  5.6606  0.852  0.695  0.5019  
trainID = 2453  1.9641  1.5825  1.4534  0.544  2.2652  0.936  0.7001  2.4056  0.338  1.486  7.5825  0.4587  2.7719  4.809  0.7438  1.0476  2.1115  0.022  2.4335  2.201  2.8846  1.5491  6.0007  17.3637  0.6981  3.9194  1.5531  1.689  2.4303  0.704  2.6751  1.756  0.739  0.099  1.5681  0.8743  4.1477  3.4624  0.3722  0.1896  3.8718  2.5562  3.6207  0.3377  3.6915  33.4519  
trainID = 2551  3.8933  0.7195  1.248  2.5633  0.639  1.167  2.8086  3.9316  0.1318  2.9533  2.2324  5.4815  4.4118  3.0799  0.979  1.367  1.6358  3.8988  1.4961  9.1307  15.9054  7.1249  0.8611  0.3489  5.8495  0.23  0.3865  0.6369  1.9677  1.368  1.8518  2.1569  0.8428  3.1501  1.1649  0.7568  3.9462  0.1431  3.719  1.1248  1.7427  0.1554  5.0827  0.05  1.885  0.6461  
trainID = 2704  2.9571  0.1526  0.905  34.2426  2.3066  2.3422  1.398  1.9962  3.2233  0.0811  3.1115  0.3842  3.1988  3.0758  3.6219  2.205  3.144  1.7641  3.0873  1.452  4.7201  16.4743  8.6182  1.7997  0.2825  5.2001  0.892  0.9777  2.4768  0.5494  1.203  0.405  3.8398  2.7428  1.7277  2.2313  2.5175  3.612  1.0354  3.602  0.9075  1.8458  1.724  4.6565  0.96  0.869  1.319  
trainID = 2860  5.3873  0.8624  1.429  36.1976  2.0965  0.228  0.249  4.1269  4.0218  0.88  0.7976  1.8422  5.4025  4.2498  1.6997  0.6066  1.22  1.8239  4.0948  2.2444  18.3107  13.1844  1.4974  2.9913  1.3155  8.0632  0.922  2.3343  2.0496  1.8902  1.9463  0.516  5.2807  2.1314  2.7192  0.3139  1.4665  2.0755  0.6352  8.3514  1.9767  2.4541  1.0577  2.7449  0.999  1.0356  1.9953  
trainID = 2907  0.2259  0.6127  1.284  1.036  1.6282  1.649  0.6423  1.249  1.346  2.6166  0.1772  0.7984  0.1487  4.7066  2.5732  1.9964  3.0154  0.3097  1.223  0.1413  1.5792  0.8012  0.2054  1.225  3.1724  0.0113  2.8918  0.1346  0.316  1.2122  0.1556  0.3853  0.111  0.446  0.8694  3.7064  0.2418  2.142  2.2912  0.3884  2.2222  3.8527  3.4988  2.9356  0.1785  0.0104  0.428  0.287  0.3374  
trainID = 2941  1.3601  2.8849  0.552  35.5176  2.691  2.7037  1.108  5.7263  1.739  0.6967  2.9625  1.6125  2.7233  3.6798  3.7147  0.4165  1.9076  2.0655  2.9669  10.5244  9.7616  1.8769  2.9728  2.3552  6.5417  1.176  1.5213  3.812  0.3746  0.421  1.5142  3.7106  1.4456  3.3193  0.0493  2.2411  3.0783  0.2637  5.2799  0.3721  2.5761  1.4327  1.763  0.048  1.448  0.8141  
trainID = 2971  3.0853  0.7363  2.1326  1.305  3.3819  0.206  1.9642  0.221  1.459  0.3243  1.7407  0.2231  0.8371  4.6038  1.9312  3.6258  3.1341  0.3514  1.261  2.0602  2.4396  1.4686  0.2649  0.4007  2.396  0.272  0.5432  1.4074  0.787  0.8657  0.2094  1.5036  2.4379  1.069  2.3084  1.4946  1.5104  3.1022  2.338  1.9598  2.3512  3.811  1.8947  2.6229  1.8867  1.7457  0.547  2.298  2.0796  
TrainID = 2907  dbValue = 1.29421  nTestCell = 49  nTrainCell = 49  nDiff = 0  (X,Y) = (1615, 1275)  Position Error = 31.3209
TrainID = 2206  dbValue = 1.38428  nTestCell = 49  nTrainCell = 48  nDiff = 1  (X,Y) = (1625, 1275)  Position Error = 30.0167
TrainID = 1971  dbValue = 1.4142  nTestCell = 49  nTrainCell = 49  nDiff = 0  (X,Y) = (1595, 1285)  Position Error = 35.2278
TrainID = 812  dbValue = 1.42209  nTestCell = 49  nTrainCell = 46  nDiff = 3  (X,Y) = (1645, 1245)  Position Error = 63.5689
TrainID = 523  dbValue = 1.42436  nTestCell = 49  nTrainCell = 48  nDiff = 1  (X,Y) = (1615, 1275)  Position Error = 31.3209
TrainID = 2013  dbValue = 1.42467  nTestCell = 49  nTrainCell = 49  nDiff = 0  (X,Y) = (1605, 1325)  Position Error = 27.5862
TrainID = 393  dbValue = 1.47805  nTestCell = 49  nTrainCell = 48  nDiff = 1  (X,Y) = (1605, 1315)  Position Error = 21.4709
TrainID = 397  dbValue = 1.52779  nTestCell = 49  nTrainCell = 48  nDiff = 1  (X,Y) = (1655, 1325)  Position Error = 36.8917
TrainID = 1122  dbValue = 1.53784  nTestCell = 49  nTrainCell = 49  nDiff = 0  (X,Y) = (1615, 1305)  Position Error = 9
TrainID = 1859  dbValue = 1.5438  nTestCell = 49  nTrainCell = 48  nDiff = 1  (X,Y) = (1635, 1315)  Position Error = 14.8661
TrainID = 1221  dbValue = 1.60995  nTestCell = 49  nTrainCell = 49  nDiff = 0  (X,Y) = (1585, 1325)  Position Error = 43.8292
TrainID = 1900  dbValue = 1.63499  nTestCell = 49  nTrainCell = 48  nDiff = 1  (X,Y) = (1635, 1335)  Position Error = 31.9531
TrainID = 1319  dbValue = 1.64647  nTestCell = 49  nTrainCell = 49  nDiff = 0  (X,Y) = (1605, 1285)  Position Error = 27.5862
TrainID = 1180  dbValue = 1.65273  nTestCell = 49  nTrainCell = 49  nDiff = 0  (X,Y) = (1625, 1355)  Position Error = 50.01
TrainID = 2971  dbValue = 1.6857  nTestCell = 49  nTrainCell = 49  nDiff = 0  (X,Y) = (1615, 1285)  Position Error = 21.9317
TrainID = 903  dbValue = 1.73844  nTestCell = 49  nTrainCell = 48  nDiff = 1  (X,Y) = (1585, 1335)  Position Error = 49.2037
TrainID = 1587  dbValue = 1.74435  nTestCell = 49  nTrainCell = 46  nDiff = 3  (X,Y) = (1645, 1255)  Position Error = 54.231
TrainID = 888  dbValue = 1.78911  nTestCell = 49  nTrainCell = 46  nDiff = 3  (X,Y) = (1675, 1275)  Position Error = 59.1692
TrainID = 1227  dbValue = 1.83624  nTestCell = 49  nTrainCell = 46  nDiff = 3  (X,Y) = (1665, 1245)  Position Error = 72.6705
TrainID = 1952  dbValue = 2.16089  nTestCell = 49  nTrainCell = 49  nDiff = 0  (X,Y) = (1545, 1315)  Position Error = 79.6304
TrainID = 1010  dbValue = 2.22835  nTestCell = 49  nTrainCell = 46  nDiff = 3  (X,Y) = (1565, 1225)  Position Error = 99.4032
TrainID = 424  dbValue = 2.39198  nTestCell = 49  nTrainCell = 46  nDiff = 3  (X,Y) = (1545, 1405)  Position Error = 127.44
TrainID = 1838  dbValue = 2.42376  nTestCell = 49  nTrainCell = 46  nDiff = 3  (X,Y) = (1555, 1275)  Position Error = 75.2396
TrainID = 1494  dbValue = 2.44106  nTestCell = 49  nTrainCell = 47  nDiff = 2  (X,Y) = (1575, 1245)  Position Error = 77.4661
TrainID = 1672  dbValue = 2.53337  nTestCell = 49  nTrainCell = 46  nDiff = 3  (X,Y) = (1575, 1425)  Position Error = 129.619
TrainID = 2551  dbValue = 2.54056  nTestCell = 49  nTrainCell = 46  nDiff = 3  (X,Y) = (1535, 1385)  Position Error = 119.67
TrainID = 558  dbValue = 2.54143  nTestCell = 49  nTrainCell = 47  nDiff = 2  (X,Y) = (1575, 1355)  Position Error = 70.0071
TrainID = 1927  dbValue = 2.58852  nTestCell = 49  nTrainCell = 46  nDiff = 3  (X,Y) = (1525, 1275)  Position Error = 103.446
TrainID = 933  dbValue = 2.59575  nTestCell = 49  nTrainCell = 47  nDiff = 2  (X,Y) = (1605, 1395)  Position Error = 91.9837
TrainID = 768  dbValue = 2.64489  nTestCell = 49  nTrainCell = 47  nDiff = 2  (X,Y) = (1555, 1335)  Position Error = 75.2396
TrainID = 1249  dbValue = 2.69682  nTestCell = 49  nTrainCell = 47  nDiff = 2  (X,Y) = (1565, 1255)  Position Error = 77.3369
TrainID = 538  dbValue = 2.73226  nTestCell = 49  nTrainCell = 47  nDiff = 2  (X,Y) = (1575, 1355)  Position Error = 70.0071
TrainID = 513  dbValue = 2.74777  nTestCell = 49  nTrainCell = 46  nDiff = 3  (X,Y) = (1525, 1265)  Position Error = 106.775
TrainID = 1580  dbValue = 2.7838  nTestCell = 49  nTrainCell = 47  nDiff = 2  (X,Y) = (1555, 1265)  Position Error = 79.7559
TrainID = 1387  dbValue = 2.79345  nTestCell = 49  nTrainCell = 46  nDiff = 3  (X,Y) = (1545, 1255)  Position Error = 93.4933
TrainID = 1080  dbValue = 2.79425  nTestCell = 49  nTrainCell = 47  nDiff = 2  (X,Y) = (1565, 1275)  Position Error = 66.1891
TrainID = 472  dbValue = 2.79528  nTestCell = 49  nTrainCell = 46  nDiff = 3  (X,Y) = (1525, 1215)  Position Error = 133.795
TrainID = 834  dbValue = 2.88275  nTestCell = 49  nTrainCell = 47  nDiff = 2  (X,Y) = (1575, 1255)  Position Error = 70.0071
TrainID = 1558  dbValue = 2.89068  nTestCell = 49  nTrainCell = 47  nDiff = 2  (X,Y) = (1555, 1265)  Position Error = 79.7559
TrainID = 1540  dbValue = 3.04269  nTestCell = 49  nTrainCell = 47  nDiff = 2  (X,Y) = (1595, 1425)  Position Error = 123.454
TrainID = 2453  dbValue = 3.04482  nTestCell = 49  nTrainCell = 46  nDiff = 3  (X,Y) = (1535, 1265)  Position Error = 97.5756
TrainID = 2941  dbValue = 3.21135  nTestCell = 49  nTrainCell = 46  nDiff = 3  (X,Y) = (1575, 1415)  Position Error = 120.42
TrainID = 1745  dbValue = 3.21482  nTestCell = 49  nTrainCell = 46  nDiff = 3  (X,Y) = (1555, 1385)  Position Error = 105.646
TrainID = 1769  dbValue = 3.2217  nTestCell = 49  nTrainCell = 47  nDiff = 2  (X,Y) = (1535, 1275)  Position Error = 93.9202
TrainID = 2704  dbValue = 3.2306  nTestCell = 49  nTrainCell = 47  nDiff = 2  (X,Y) = (1535, 1365)  Position Error = 107.336
TrainID = 535  dbValue = 3.23229  nTestCell = 49  nTrainCell = 47  nDiff = 2  (X,Y) = (1535, 1335)  Position Error = 93.9202
TrainID = 1253  dbValue = 3.26861  nTestCell = 49  nTrainCell = 46  nDiff = 3  (X,Y) = (1545, 1375)  Position Error = 105.551
TrainID = 340  dbValue = 3.34368  nTestCell = 49  nTrainCell = 47  nDiff = 2  (X,Y) = (1545, 1215)  Position Error = 119.754
TrainID = 316  dbValue = 3.38366  nTestCell = 49  nTrainCell = 47  nDiff = 2  (X,Y) = (1545, 1375)  Position Error = 105.551
TrainID = 1850  dbValue = 3.43132  nTestCell = 49  nTrainCell = 47  nDiff = 2  (X,Y) = (1535, 1245)  Position Error = 107.336
TrainID = 1075  dbValue = 3.43445  nTestCell = 49  nTrainCell = 46  nDiff = 3  (X,Y) = (1525, 1315)  Position Error = 99.5038
TrainID = 615  dbValue = 3.46998  nTestCell = 49  nTrainCell = 47  nDiff = 2  (X,Y) = (1545, 1415)  Position Error = 135.429
TrainID = 2860  dbValue = 3.61102  nTestCell = 49  nTrainCell = 47  nDiff = 2  (X,Y) = (1535, 1425)  Position Error = 149.402
TrainID = 685  dbValue = 3.66013  nTestCell = 49  nTrainCell = 46  nDiff = 3  (X,Y) = (1515, 1345)  Position Error = 116.108
TrainID = 2238  dbValue = 3.75818  nTestCell = 49  nTrainCell = 47  nDiff = 2  (X,Y) = (1515, 1365)  Position Error = 124.423
TrainID = 749  dbValue = 3.80217  nTestCell = 49  nTrainCell = 47  nDiff = 2  (X,Y) = (1525, 1415)  Position Error = 147.99
TrainID = 1255  dbValue = 3.84323  nTestCell = 49  nTrainCell = 47  nDiff = 2  (X,Y) = (1515, 1215)  Position Error = 141.354
