trainID = 311  0.071  0.7948  0.7706  2.19  2.456  2.4996  0.6552  0.6903  1.8277  0.4617  33.6491  1.6899  4.3659  0.5811  2.3141  0.706  6.1548  1.6771  0.4781  0.5089  2.5562  1.6038  5.2794  0.061  3.6022  7.7175  2.1063  0.6584  3.244  5.8032  1.501  0.987  0.064  3.5722  6.1347  1.05  2.3096  6.1451  1.077  0.458  1.2328  
trainID = 320  1.296  2.1252  0.8143  1.6827  5.4434  0.2316  1.6875  4.2143  2.0704  2.214  0.3649  1.851  2.1756  1.416  1.3425  2.3695  11.6173  4.7263  30.1632  1.0423  3.3658  5.897  3.7567  2.4861  1.1948  7.1108  3.4252  6.7971  3.7264  2.2758  0.2201  2.077  5.4993  4.7771  3.2143  2.9302  2.7325  5.2537  5.1845  6.8146  35.534  
trainID = 338  0.0612  1.3451  0.138  3.6913  2.6431  2.3557  2.8376  0.4168  0.3322  1.5938  2.153  1.4736  0.3594  1.1823  0.7007  0.4393  2.0602  1.8306  1.657  1.662  3.8999  0.6264  0.4033  1.8507  5.0851  0.9086  5.1925  0.498  2.4173  1.922  2.557  1.6505  1.3837  0.4662  3.1242  1.1103  1.0907  0.6869  2.1745  0.743  1.663  1.2316  
trainID = 350  0.136  2.6958  3.1607  1.663  4.7566  3.8895  2.1874  2.2879  0.959  2.8396  1.0788  1.8184  0.3761  6.329  2.5518  3.5983  0.0424  0.6143  7.0041  1.228  0.878  0.0184  1.8539  10.6911  4.5995  7.2929  0.6527  8.2958  1.3422  1.827  4.2224  2.0855  3.1859  0.5716  1.4982  0.7017  1.6856  0.6928  0.797  0.488  0.676  
trainID = 369  0.048  2.4103  2.4756  1.239  4.6938  1.0506  1.3685  1.2136  2.3292  0.2161  0.2756  0.542  2.1786  2.2681  0.954  2.2439  11.6767  3.8864  24.7434  1.7571  2.844  7.0701  4.5086  2.7822  2.2076  7.4951  4.9531  3.7344  3.0444  5.2264  0.4179  1.874  4.5359  2.3642  3.7887  1.5876  4.24  5.1217  4.7695  8.5223  37.522  
trainID = 389  0.4941  0.4962  1.037  0.5758  0.9511  1.549  2.3208  1.4119  0.1008  0.4558  0.355  1.4756  2.3414  4.144  2.6307  0.7207  1.0606  1.0207  0.5754  1.6413  0.9261  0.8734  4.6072  2.6497  3.737  1.7859  3.9472  0.1435  0  3.7475  3.6973  0.369  0.3582  2.006  3.3192  3.7749  3.1138  3.7825  5.1209  0.071  0.229  1.6078  
trainID = 399  2.12  0.0838  5.5946  1.493  7.4137  3.644  1.1935  0.7453  0.389  4.5416  35.4611  0.0262  3.9067  3.1847  18.6126  8.5464  7.2364  4.2815  1.1959  3.7197  0.731  3.4794  1.749  3.1144  4.6055  2.8022  9.3211  1.5261  0.6773  1.5883  4.2233  2.4382  2.8181  0.8038  3.7082  4.3178  3.5105  1.3596  6.1748  0.576  0.022  1.1907  
trainID = 426  1.106  2.982  0.5288  0.259  3.8741  0.0111  0.1557  1.3692  0.4767  1.6675  0.0271  0.386  3.4856  1.7296  1.9158  1.2495  5.1969  6.7006  11.0508  2.2992  0.859  3.5691  1.6965  2.6302  3.3204  1.2053  1.9989  4.8468  0.3846  1.2556  1.9879  4.3051  5.8073  2.3734  2.3558  2.1122  3.3592  4.5917  0.6799  5.7342  0.94  0.522  2.7949  
trainID = 492  0.9266  2.4572  2.7  4.1184  0.6999  1.1926  0.7256  0.4244  2.4538  2.4056  0.296  0.1408  1.6001  3.2469  0.5077  4.5688  4.6839  3.3523  0.7681  1.246  3.477  1.0491  0.2424  0.3587  1.5534  1.976  3.7082  2.363  1.6943  1.1663  1.862  1.4315  1.4463  1.4905  0.1185  0.4033  0.297  1.0359  1.1225  1.9599  1.225  1.0902  
trainID = 554  2.4491  6.1415  0.778  4.0464  0.711  1.0036  3.5516  4.6853  3.3218  0.7519  0.893  1.7066  1.5721  4.3772  0.1421  7.325  6.9431  1.3955  0.0166  1.672  5.496  3.3908  0.0483  0.4248  2.3714  7.0314  7.0151  1.5982  3.9711  3.7031  3.301  4.0763  1.5214  2.7861  2.3928  1.4141  0.7497  0.6278  0.0911  0.283  0.187  3.3761  
trainID = 579  2.986  4.1762  0.6736  0.117  7.2212  0.9946  3.2496  4.811  3.4089  4.524  0.0793  0.847  1.2226  3.6633  1.9267  1.6759  7.7241  0.4022  28.1289  1.0046  4.8468  7.6416  5.8137  3.7682  0.1354  7.7325  4.7957  3.2641  5.7275  4.4394  0.0946  2.176  7.8233  0.2056  3.2824  4.4252  2.3263  5.2527  3.3535  8.2157  37.833  
trainID = 580  0.435  2.1411  1.9546  0.083  3.086  1.7841  1.0663  1.1282  0.5836  0.4509  34.0811  0.0607  2.7017  2.4943  4.4322  2.7598  9.5766  1.4274  0.2732  1.7485  0.7262  1.0878  1.4246  0.366  3.6352  5.9091  1.8476  1.929  0.2737  2.237  2.6859  0.6152  0.4962  4.5352  2.6888  1.4164  3.2737  4.4568  0.434  1.221  2.0839  
trainID = 581  0.088  2.487  0.2051  1.421  0.9386  1.9757  4.8368  0.5681  0.7797  0.8775  2.0401  1.78  3.3706  0.566  3.3411  1.0273  6.9735  4.3446  9.5493  2.5245  0.8057  0.5188  3.5394  0.5749  0.9552  2.4245  3.7345  3.2436  0.9012  0.9207  1.0358  2.55  4.3837  2.4602  1.6478  1.788  2.6395  4.5577  3.6155  4.255  0.248  0.028  0.1716  
trainID = 586  0.344  0.2001  2.7026  0.5987  3.1653  3.9584  0.0177  0.2265  2.77  1.799  33.8891  1.4662  3.7586  0.7659  13.4052  2.9916  7.5986  2.5542  1.415  3.1231  1.6985  3.1512  3.2944  1.3669  5.7106  9.3509  0.061  0.2504  2.5956  1.836  1.7116  3.4778  0.2307  3.7122  5.4873  3.6843  2.3523  6.0204  1.7026  0.544  1.3078  
trainID = 597  0.006  5.1932  0.6106  0.578  2.1329  0.2723  0.7556  1.2571  1.4923  0.5601  0.8249  1.381  1.8366  4.1527  0.0724  2.5776  4.1308  5.2612  18.4936  0.2436  7.1036  4.6161  2.665  2.1765  0.4293  10.2328  2.2193  0.5076  2.5744  4.1822  0.0219  1.342  3.6037  1.3588  5.2077  4.6522  0.8237  3.5473  3.4795  5.6635  36.965  
trainID = 634  0.366  3.008  1.5165  2.9194  0.7843  2.17  0.6383  0.2351  0.3964  1.1525  0.0716  0.034  0.9486  3.1804  0.6038  3.8911  0.9577  0.342  7.7474  1.8314  4.3007  2.2686  3.7043  2.1412  1.3194  9.0803  5.3331  2.3562  3.6147  3.635  3.1364  1.788  3.4424  2.1575  3.6212  2.5912  0.3137  3.4774  3.5515  2.9295  37.839  
trainID = 666  1.055  3.7818  1.9277  1.1063  3.7418  1.9213  0.3157  1.6724  3.3962  3.2187  0.2028  2.223  4.4256  2.2885  1.6095  0.7276  11.7246  12.0988  14.4325  1.7452  2.4482  4.4069  4.5707  1.6051  2.8104  5.2336  3.5365  4.67  2.72  5.5411  0.6193  1.71  4.5714  0.8277  3.4366  4.4662  1.8459  1.9334  1.4073  7.4837  0.35  3.55  0.9571  
trainID = 675  0.3193  3.9752  0.016  2.3077  1.7407  2.6053  1.8559  2.0928  1.2108  0.1958  2.1244  1.5486  0.7497  0.4781  2.1352  2.8476  2.6161  2.423  2.8598  0.8524  1.5546  1.4997  1.7568  0.3718  1.9741  2.4096  1.2797  1.1588  1.8169  2.7955  2.992  0.188  1.7548  1.2212  2.0642  0.9191  3.3861  1.6713  4.2992  0.379  2.592  2.3463  
trainID = 729  0.8024  2.9887  1.041  4.3344  0.784  1.466  0.5741  2.2881  0.4339  0.6035  2.0408  1.1816  3.8642  0.1233  2.8272  2.8569  0.4541  1.083  0.2001  1.8612  1.6771  2.7521  0.3824  0.3351  3.3521  0.4977  4.5204  2.4772  5.0686  0.0532  1.598  0.2152  1.3859  0.201  2.6032  1.2166  4.1053  0.1265  5.2789  1.307  1.853  2.2467  
trainID = 774  1.199  2.3736  1.2739  2.893  6.7628  0.1828  3.9499  2.2026  3.6988  0.8077  0.8934  0.368  1.4246  1.3897  2.2631  1.0494  8.5859  0.0736  24.5342  1.138  5.8314  4.9068  3.4744  1.9324  2.2914  8.2547  5.2855  2.7464  5.5201  3.1862  0.1992  2.977  6.0393  1.5468  3.7721  5.4612  0.6168  3.6582  6.4295  5.8326  36.412  
trainID = 823  3.336  3.5396  1.0906  1.59  6.7567  2.991  2.5342  1.5738  3.8965  3.5986  0.5065  1.623  2.0266  5.3485  0.7301  0.6316  11.7961  3.2447  31.2586  2.8357  4.0691  7.0297  2.1862  2.4009  0.6134  6.0405  5.5966  4.1507  4.7446  5.0563  1.5516  2.427  6.8903  1.0617  3.6063  3.8652  1.955  4.0188  1.8474  6.683  37.538  
trainID = 849  1.7699  3.1894  0.3416  0.2419  2.0452  1.4361  1.3898  1.4504  0.8836  2.5489  0.889  1.6636  3.7177  1.0688  0.1999  1.061  2.1953  1.1758  0.8601  2.7451  1.6381  2.9893  1.3249  0.8105  7.9856  1.1056  1.9627  2.0866  3.7647  1.4722  3.7859  4.0188  0.1929  1.513  3.5302  1.3959  4.6517  3.21  2.7458  1.959  0.335  3.4626  
trainID = 865  0.933  2.632  0.1707  1.667  3.1235  0.6259  1.9131  1.0323  0.0314  0.0993  0.0057  1.326  1.8466  1.0407  1.3652  1.6495  5.5801  4.1432  5.8201  0.0258  1.9164  0.2534  1.6893  1.2473  2.6293  2.6812  1.5491  3.3533  0.9779  2.8493  0.7482  0.024  3.4774  0.727  3.0672  2.9322  1.6611  3.5495  1.6116  4.9791  1.2553  0.222  1.1511  
trainID = 921  0.149  0.1487  0.6321  2.31  3.4662  0.0428  0.4998  1.1267  0.1846  0.627  0.7495  0.121  2.7726  2.3868  3.6675  2.7294  4.7864  3.9326  6.2603  1.6704  1.1651  0.0408  0.0102  1.1524  4.8534  3.8097  0.6092  4.1179  0.8515  1.8612  0.4964  2.987  0.6417  1.7347  0.7436  3.7582  3.3286  2.6925  2.6155  3.3932  1.8179  1.111  1.4084  
trainID = 924  1.254  4.0647  0.0614  0.6038  3.2738  1.3843  0.5222  1.1526  3.8655  0.1273  0.5576  0.33  1.3076  5.127  1.9629  1.7311  8.5125  6.7357  10.3914  0.6336  2.7387  3.3805  1.5416  4.7102  2.6272  8.3329  3.702  0.7182  1.946  3.4149  1.1073  1.524  7.7073  1.1843  3.0931  3.5312  4.2  5.4507  3.1216  6.4678  35.671  
trainID = 977  2.658  3.5827  2.4296  1.4307  7.9009  5.7372  1.5333  0.1423  1.9465  3.1601  35.5361  1.7703  3.7672  3.6214  21.427  10.231  8.9289  2.984  1.1144  6.4199  4.2142  4.1822  3.6914  3.8645  4.2288  9.2346  1.2082  1.6933  0.7651  2.889  5.3553  3.1618  1.2918  4.9192  5.7648  0.5254  4.3285  6.1575  0.374  1.538  0.5162  
trainID = 988  0.33  0.1559  0.8679  0.933  1.0894  2.4449  1.417  0.415  2.9623  0.2617  1.6175  0.047  1.0766  1.0642  1.8658  0.0639  1.1451  4.6259  5.4788  1.5215  1.3599  0.3971  0.7851  2.8552  1.3552  2.0052  3.5368  3.9685  0.338  2.2475  2.7948  3.111  2.2545  1.3564  2.7824  3.4492  2.0765  4.0405  2.0326  1.4132  0.522  0.292  0.294  
trainID = 1018  3.606  4.7316  1.3362  0.374  5.8868  1.5376  0.8111  1.0042  4.7463  1.5346  0.0296  0.696  4.0336  3.5829  2.6426  0.9689  9.6939  7.621  18.7577  2.0389  1.8189  4.1827  5.0485  0.8043  3.1464  6.3218  3.6876  2.9924  4.8655  4.7037  0.6068  4.286  5.7623  2.7223  1.4321  4.1512  2.3784  5.2457  4.5965  7.4486  35.474  
trainID = 1045  2.9231  3.5228  0.5769  5.6178  2.2882  2.1205  1.7886  3.6237  2.4898  0.8192  1.332  0.3064  1.7485  1.7206  0.0553  5.673  6.9234  2.6762  1.0784  0.1214  3.9786  1.181  0.8315  0.4678  1.7159  6.0461  5.1247  5.0395  2.3339  1.9332  1.7977  4.6781  2.6828  3.5471  2.6814  0.2099  2.5203  1.1215  1.5123  1.2215  1.5502  0.414  2.5989  
trainID = 1048  0.091  1.1526  0.9534  0.408  0.9205  2.1138  0.1562  0.177  0.0533  0.2376  1.8911  1.331  1.9606  0.3608  0.9164  0.9487  1.9243  5.2141  7.3121  2.1462  0.6251  1.4009  1.8633  3.4882  0.2388  1.0613  4.2118  4.1816  1.5058  0.0754  1.3021  2.094  1.1068  0.8574  2.2918  3.8312  5.0471  3.4307  1.9338  3.3847  0.073  0.082  1.0773  
trainID = 1049  0.314  0.3368  3.8919  0.436  3.3531  0.8836  0.1518  4.5796  2.3641  2.2826  0.8714  2.1833  0.3999  0.9006  3.2249  1.688  5.9012  1.6267  1.0384  4.5998  1.5988  3.3447  2.351  0.6648  1.3727  0.5526  0.5173  2.772  8.5696  2.3222  1.56  3.3256  0.454  1.2679  3.8649  0.13  0.7927  1.7954  3.42  2.7106  4.535  0.878  0.583  5.0165  
trainID = 1053  0.8511  1.7312  1.8  1.4513  1.8372  1.3622  1.5181  0.5915  0.1032  0.2124  0.325  0.5456  0.4037  1.6207  1.2665  1.7977  0.7172  2.8064  3.0327  0.6734  0.6268  1.2887  0.637  2.3213  0.9088  2.8097  3.4429  0.7622  1.7786  2.1509  2.966  1.7479  2.7008  2.0308  3.4472  4.1862  1.6029  3.2822  4.9271  2.06  0.497  1.2557  
trainID = 1072  4.3355  5.5607  0.113  6.1348  1.0188  3.0906  2.5866  2.7042  3.6328  0.5443  1.617  0.8026  4.6087  3.5877  0.9189  8.7472  5.7149  5.2559  2.1408  0.5026  8.7193  1.2338  1.2914  1.6011  14.0365  11.9689  9.8898  2.638  5.0461  5.6701  1.59  4.536  2.2663  4.5111  3.2045  2.355  1.8429  0.7007  1.1788  0.815  0.626  1.3841  
trainID = 1086  0.058  3.395  0.8007  1.2  1.4739  0.743  2.0766  0.2092  0.8148  2.1848  2.5683  0.108  3.1406  1.1873  0.7386  0.7693  2.35  3.8082  4.1706  2.2568  2.4627  2.1448  0.672  3.5943  2.4719  2.3768  0.3761  0.0742  0.2499  1.9405  2.61  1.9263  3.354  1.6387  0.4331  1.6324  0.1715  1.8748  4.2077  2.1688  4.9176  0.219  0.972  1.0947  
trainID = 1106  0.8522  5.1767  0.3533  1.9799  0.0025  1.5106  3.4066  0.6891  1.8629  0.3441  0.023  0.9389  0.3394  1.6669  0.9034  1.0355  1.394  0.5202  1.5527  2.1163  0.4994  0.0444  0.8732  0.2839  0.8844  2.3151  1.9794  3.4538  4.0244  0.4891  1.502  1.4122  1.0969  0.4151  1.1111  0.7878  0.9715  2.0108  1.1702  1.4198  0.085  0.6647  
trainID = 1117  2.574  2.2107  3.1566  0.5833  6.8661  1.5219  1.0928  0.8381  1.498  2.4477  35.2431  1.264  3.8954  2.6105  23.5314  1.2198  13.3729  2.9363  1.8321  5.4499  5.087  0.0028  5.0364  4.8461  5.1044  7.8668  1.719  1.2038  0.9646  3.8245  3.8849  2.3978  1.3615  5.4332  4.7015  1.0413  2.805  6.7999  1.202  2.145  0.6493  
trainID = 1133  0.49  0.5878  1.3409  0.6577  0.8041  1.1145  0.7935  0.6092  1.8457  0.4883  0.9528  2.133  2.9926  0.2785  2.1636  0.3954  2.3912  1.1657  4.1609  3.6881  0.2919  0.6484  1.2165  1.7057  0.7903  0.1389  0.8079  1.757  1.9182  1.065  2.1471  1.266  0.5206  0.6792  0.8788  1.8789  0.9784  3.7358  3.8695  5.7934  0.337  0.63  1.8693  
trainID = 1148  1.1672  2.1644  2.748  0.3851  2.3415  1.1532  1.8594  0.1485  0.7771  1.7154  1.463  1.8386  0.8464  2.7217  0.2053  2.0923  0.1279  4.338  0.4335  0.0795  1.789  1.5176  0.6947  1.4964  1.0159  2.9178  5.4887  0.3745  0.991  3.6358  5.0774  1.089  0.2329  1.3286  0.8709  0.7821  2.8058  3.2223  5.5465  2.3324  2.4462  2.0259  
trainID = 1183  0.9615  2.6012  1.274  3.5829  2.6298  1.8262  3.5136  0.4163  3.2278  1.1293  0.7  0.1284  2.2398  2.7018  1.8383  4.5597  3.8615  2.1554  1.5628  2.8934  5.1914  2.8251  2.8306  1.1205  6.0332  3.8844  2.1122  2.0413  4.3776  2.6986  2.855  1.5255  1.9376  0.9354  0.2  1.1862  0.3635  0.4915  1.5999  0.37  1.1367  0.9173  
trainID = 1194  1.9635  1.0011  1.867  0.778  4.5137  1.3032  1.0805  0.6045  2.2973  0.5011  0.145  3.2086  0.2353  5.426  2.092  0.6262  1.6252  1.3027  2.0448  1.1656  3.7342  0.4836  0.8472  3.1484  1.7431  2.3141  4.346  0.8891  0.5506  1.9716  5.2063  1.2894  0.0971  1.5822  1.2348  0.4724  3.2197  1.1456  3.2383  0.098  0.184  1.5544  
trainID = 1237  3.134  3.7611  2.5616  1.525  7.3804  2.5662  2.7303  1.427  1.8873  1.8832  34.5061  0.9908  2.6714  2.9254  26.8809  10.3772  21.7031  4.8259  3.9724  6.0651  0.075  0.7654  3.8272  3.7994  6.025  5.561  5.7199  3.3625  1.7472  1.9745  4.0057  5.9963  2.385  1.9771  2.1962  3.7749  5.2797  4.4835  5.5487  0.055  3.257  2.095  
trainID = 1244  0.716  1.0895  4.6175  1.7368  6.9327  1.7802  3.8366  4.0206  3.7393  1.3595  1.2461  3.7086  0.4918  0.6465  5.8322  0.3488  3.663  4.0829  2.0839  0.5175  3.8981  4.2958  1.106  3.6848  1.5678  0.4397  2.0362  4.9028  10.5011  2.9048  2.327  5.2395  1.92  2.4701  1.024  1.8771  1.744  1.4786  1.1031  0.6661  1.7317  1.341  1.2674  1.6447  
trainID = 1254  0.1033  2.59  3.191  0.4278  2.1651  0.546  2.0091  2.6365  3.9098  0.4394  1.46  3.4406  2.4919  4.2183  0.7018  3.5483  3.7372  1.0303  0.5454  1.5438  3.1109  2.0514  2.4827  2.2745  6.5298  2.2831  4.8502  0.658  1.4908  1.6578  2.66  1.579  0.0535  3.1561  1.0884  0.7143  1.9271  0.7896  1.5518  0.945  0.332  1.545  
trainID = 1284  3.1343  5.7297  0.047  3.8952  0.2809  0.5996  4.8916  1.4401  0.5022  0.0173  0.679  1.5476  1.3309  2.7314  1.5401  4.366  4.0175  3.323  1.7098  1.6738  3.1342  1.638  2.3915  2.6798  0.8147  3.5459  5.0369  5.1327  1.9122  2.8452  3.7249  2.245  0.2115  0.0305  1.103  0.2399  1.2601  1.7182  2.8726  2.6634  0.461  0.272  3.3347  
trainID = 1297  0.124  1.0143  1.3148  0.7038  1.6182  1.3009  0.1584  1.6772  1.1198  1.391  1.1407  1.535  3.4376  0.9403  2.4821  1.3314  4.2268  1.2619  1.6544  0.4735  0.6757  2.1647  0.1961  3.6802  3.1264  1.0327  2.2528  3.1637  1.685  1.0775  0.5966  2.949  0.2671  1.0787  0.1967  1.6762  1.7094  2.1959  1.1051  4.5814  1.178  1.13  0.4623  
trainID = 1338  4.1146  0.9038  0.544  3.2839  3.8701  1.3267  0.3624  2.1782  0.7131  1.654  2.192  1.6236  3.7064  2.9062  0.125  8.0488  9.2768  12.1415  2.8679  2.6547  3.5999  1.7125  1.2704  1.6978  2.2659  3.5049  4.4607  1.6893  1.6884  2.7242  2.011  3.3937  3.0957  1.9195  1.6889  2.4594  5.4737  1.1141  6.0163  0.155  1.825  3.186  
trainID = 1375  0.7812  2.0787  2.105  2.929  2.57  2.3496  1.6729  1.6128  1.1548  3.2628  0.626  1.0616  0.3327  5.1017  0.5599  3.8171  1.6657  1.4984  0.9402  0.0435  0.892  1.6689  2.3832  0.9314  5.7002  1.1329  5.3693  1.4132  0.3429  1.8231  3.7235  0.7178  0.415  3.6694  0.088  6.4717  1.6481  0.481  0.0514  0.708  0.379  0.032  
trainID = 1414  0.5579  2.9549  0.939  0.2253  2.0823  0.8038  0.2544  0.318  0.8096  2.0308  0.504  0.6516  5.6078  0.1857  0.9745  0.0346  3.8842  3.8701  0.9528  1.5733  1.2399  0.545  2.0311  1.2042  0.0956  7.0608  4.2514  0.5875  1.8693  2.4557  0.6163  3.16  3.1129  1.4177  2.6383  1.9682  1.4182  4.2827  3.5505  5.0607  1.775  0.894  0.8871  
trainID = 1436  3.493  4.4775  1.15  9.0949  0.8248  4.9026  3.5496  3.3273  3.4698  1.6978  0.067  1.2446  4.8355  7.4726  1.0171  7.7267  6.3893  4.3909  3.1148  0.8095  9.5357  0.583  3.3088  1.99  1.5053  22.9204  18.9529  12.2743  3.6899  10.2312  6.4544  2.196  3.7727  3.5527  3.2852  0.7851  0.9534  0.6688  2.6485  1.5002  1.7197  1.396  3.1835  
trainID = 1473  1.9712  3.626  0.165  8.1934  0.7515  0.4921  3.2056  4.342  2.1292  2.0077  1.635  0.6556  0.1586  4.0477  2.2119  6.7955  5.5307  5.8722  0.3086  1.4336  4.7027  2.439  3.6445  3.3602  0.3936  3.7053  3.8543  10.2953  1.6456  1.526  2.9096  4.3215  0.887  2.1168  1.6105  0.8719  0.4269  1.1489  0.698  3.4077  0.324  0.144  4.9806  
trainID = 1500  0.094  0.6291  3.2967  1.6062  0.2611  0.8616  0.2784  0.8749  1.3449  0.1277  0.5315  1.9649  0.1808  2.5584  1.2469  1.0773  2.0931  2.5978  2.2514  0.1261  1.4323  0.693  1.2076  2.0302  0.4612  0.0763  1.4173  1.7916  2.3305  3.4678  0.1445  1.955  0.7748  0.3457  2.3798  0.6515  0.7042  2.1454  1.6405  4.0484  0.184  1.5926  0.2971  
trainID = 1529  0.7894  7.7172  0.487  4.9074  0.4626  2.3125  3.1466  3.5627  3.2328  0.6076  3.729  0.7086  2.8445  4.7287  1.0326  6.0241  4.9917  6.9221  5.0438  3.1114  5.1467  1.063  1.8926  1.1144  0.4349  2.8237  2.8593  12.3706  3.6272  0.9703  4.8448  2.327  0.7784  2.8998  0.8537  1.2442  0.2941  1.2948  0.434  1.949  1.802  0.186  4.9204  
trainID = 1559  2.5725  0.6498  0.7398  6.2333  2.3544  2.4691  1.023  1.5146  1.5839  0.1196  0.264  1.1056  0.0652  3.0177  0.7225  12.481  11.4562  12.539  1.685  1.6756  6.6991  0.825  4.0982  4.6084  3.1598  3.8683  2.5947  0.9877  3.0088  0.4258  2.668  5.1299  0.7993  2.7766  3.8702  4.8294  3.2112  3.3245  6.6239  0.867  0.017  1.4277  
trainID = 1568  2.8883  6.4365  1.931  7.9637  0.6521  4.0906  5.6956  2.4535  4.9638  0.5415  1.694  1.3258  0.6802  8.8744  0.6268  9.4686  7.4085  2.6472  2.0259  1.5683  7.9287  2.994  3.2001  1.6039  0.7419  2.4189  9.8246  13.0902  2.733  1.4094  5.2676  1.234  1.7319  4.1813  0.4901  1.3962  2.6812  3.0061  0.9712  1.0836  0.775  0.399  2.2399  
trainID = 1608  4.5655  0.3066  0.512  1.0603  0.247  0.4009  0.1248  0.0379  1.3812  0.6363  1.119  1.8096  0.3408  0.3434  3.188  1.748  1.3215  3.8336  1.899  0.3411  2.188  0.347  0.5792  1.5831  0.6431  3.9005  1.8085  0.8984  3.5283  3.9695  1.6629  2.128  3.077  0.7168  1.2594  2.0682  1.6958  3.0919  0.9433  4.4796  0.23  0.25  1.1219  
trainID = 1636  0.543  1.8798  4.4537  0.9353  3.1706  0.2977  1.2492  1.2856  0.8371  2.3458  2.6517  0.678  1.5923  2.1375  0.2076  1.3556  1.5797  0.4093  0.1365  0.1067  1.9324  0.931  0.6338  0.6403  1.5152  4.8836  0.4796  7.6275  2.1439  6.4552  1.1372  1.048  2.95  0.6021  2.4468  0.2507  1.0417  4.4027  2.6331  5.2229  0.158  0.602  4.3559  
trainID = 1664  1.6549  5.3783  1.009  2.1261  0.7258  1.8999  4.1696  1.5795  1.395  0.4966  0.413  0.7176  1.8182  1.4026  1.6557  3.657  1.4625  2.0994  0.0415  0.3101  0.933  0.851  0.7724  0.5135  0.2635  1.7293  1.1419  3.8184  0.9697  2.5025  0.3571  1.497  2.2706  0.1766  0.734  0.6807  0.7889  0.8637  3.1566  3.6472  0.93  0.653  2.134  
trainID = 1714  3.6903  1.7042  1.491  6.3471  0.5011  1.1283  3.4896  1.9237  3.5798  0.4112  0.865  2.2336  2.1113  4.5381  1.7491  4.9461  2.2828  0.8812  1.9017  0.9232  6.689  1.815  0.7061  1.5246  1.4103  5.5085  8.8176  3.7637  1.6339  2.563  2.0003  1.304  3.1664  3.7438  0.8424  1.3082  0.8781  2.6464  0.2639  0.4101  1.7385  0.548  2.8485  
trainID = 1721  0.025  6.7567  0.6865  5.3606  1.5061  0.3143  1.9296  1.0016  3.7028  0.9504  0.531  0.8476  2.2751  2.9886  1.0702  1.1378  3.1307  1.896  0.7128  4.1308  2.1624  2.708  0.8313  2.0321  1.5483  8.0712  2.6745  7.6695  4.1965  3.3004  1.3039  0.175  4.8881  1.5065  0.5831  0.5407  3.4604  0.8073  1.177  3.1762  0.336  2.67  2.0353  
trainID = 1726  0.922  1.3303  0.5143  0.298  5.8926  2.1366  0.2514  0.0823  0.8636  0.935  0.3331  2.8421  5.8026  2.9035  3.2009  0.2602  6.0556  9.3903  8.8191  3.474  0.9747  2.8698  0.5184  3.5172  0.9356  2.5036  0.9225  5.7151  2.1979  0.5537  2.4912  3.8069  4.2505  0.2492  0.9478  4.8042  3.9765  4.4877  3.8815  4.6046  2.134  1.786  2.5438  
trainID = 1729  2.601  1.8876  1.2823  1.516  4.5976  5.289  0.3929  1.7351  2.9001  0.0829  36.2291  0.2997  3.2509  2.1847  11.9891  0.4566  6.8911  4.3951  0.0926  1.8223  2.2275  3.9662  4.4724  0.036  4.9211  6.7597  0.1156  0.4518  2.8382  2.375  1.6406  3.1084  2.667  4.1482  4.9558  0.9344  2.8426  8.5706  1.805  0.616  2.3127  
trainID = 1779  1.686  2.7051  1.5014  1.688  1.4227  2.9396  1.8402  1.6125  0.7094  0.0153  1.2097  0.753  3.3066  1.5556  2.7231  1.1792  2.403  1.9128  7.6177  1.5016  2.177  1.14  0.7  2.1245  2.8544  1.4976  3.3147  4.6318  2.2547  1.5545  1.1888  1.212  0.8365  2.5017  1.6384  3.1042  2.6752  3.8688  4.1185  5.1886  0.369  0.979  0.0289  
trainID = 1797  1.3695  0.5067  1.625  0.2689  1.4452  0.9538  0.7227  1.0038  2.093  2.2028  0.469  2.2776  3.4633  1.8426  2.5274  0.9874  0.3541  4.3175  1.4686  1.5053  0.3603  3.6153  2.5161  2.8654  1.2242  2.7265  0.7352  3.4935  0.7775  0.2981  4.008  0.6127  1.161  0.2499  2.2812  0.3565  3.1983  2.7768  6.0132  2.7136  1.3989  2.1413  
trainID = 1824  2.733  0.9319  2.7006  0.618  5.4568  6.4589  2.8633  1.6381  3.5793  1.1004  34.8651  0.4001  2.474  1.6151  17.9483  1.0274  9.1365  4.7307  0.6403  6.1978  2.231  2.5497  3.7764  5.1993  4.6198  10.2177  0.1592  3.1898  1.7907  1.297  4.3827  2.8032  0.311  3.3692  7.2072  0.234  3.3045  6.232  0.777  1.215  2.4336  
trainID = 1834  0.359  1.8776  1.0729  1.733  1.5359  0.8088  2.7007  3.6776  2.0847  0.1489  2.2639  2.0656  2.5466  1.8532  1.467  0.5687  0.5751  2.4659  0.7179  0.3921  0.4984  2.5787  1.587  1.5754  1.507  0.0753  0.7586  0.6143  3.1343  3.6929  0.1804  0.1314  3.442  2.4378  1.6969  1.527  0.0105  3.1075  0.2429  0.7631  3.1632  0.769  0.229  1.7062  
trainID = 1875  2.4858  4.4467  2.278  4.0547  3.9981  1.9382  3.9336  0.7931  5.1768  2.8881  0.312  1.5696  2.0315  0.2419  1.4833  6.4859  4.7836  2.4927  1.9578  0.1797  4.9054  0.051  1.0855  0.4294  2.4879  10.3221  5.3117  2.6575  0.5778  4.9746  4.1317  2.126  3.027  0.8985  3.2121  0.053  0.5593  0.2568  2.1691  0.7487  0.321  0.091  0.5665  
trainID = 1905  5.4639  5.6123  3.137  7.9036  2.286  2.7227  4.5896  3.0614  2.4478  0.7635  1.164  2.1586  6.8025  6.8044  0.1349  9.334  7.3914  6.4291  2.5268  2.1881  6.7869  2.047  0.4614  0.6326  1.8687  17.8888  17.2458  15.1113  3.9647  7.4983  8.8898  1.796  3.3111  6.1163  0.5506  1.0513  1.9845  1.5151  1.3034  0.2497  1.6508  1.3507  3.5059  
trainID = 1929  0.244  0.3854  2.0564  0.756  5.1114  2.5269  4.4706  1.7026  3.1752  1.7269  1.2528  0.363  2.1366  2.758  2.2026  3.3047  4.5459  4.1198  0.9466  1.0888  0.0157  5.509  2.2505  0.9905  0.5554  9.1839  4.372  1.2442  1.3529  3.9427  3.912  5.3638  2.7653  2.3311  0.7839  0.1645  0.7613  0.0028  1.5745  0.3946  2.7747  1.9826  0.8632  
trainID = 1931  0.73  1.5299  3.1231  1.482  1.0203  0.1734  1.8677  1.9888  2.0973  0.6581  1.0074  1.59  2.4236  2.8079  0.2733  1.2908  0.8383  1.31  5.6423  1.1677  1.37  0.8146  0.3204  1.3975  1.7103  8.0932  1.9078  0.8289  3.7813  2.3325  2.4572  2.078  4.7343  0.7717  1.2708  2.7302  0.8346  4.5987  2.9211  3.9787  0.259  1.182  2.3756  
trainID = 1935  1.379  3.3955  2.0654  2.5632  1.0947  0.2618  3.0236  3.3053  0.9582  0.0591  2.5895  0.1553  2.601  2.5657  1.6681  2.4756  3.0864  0.1967  1.0483  0.5382  0.928  0.5886  1.0515  1.7949  6.0746  0.0643  4.6287  2.5092  2.7168  4.4763  0.093  1.2915  0.2035  3.1192  1.7113  0.3812  1.6996  1.2412  3.9395  0.649  1.326  3.1754  
trainID = 1962  1.697  2.8806  0.4933  0.4541  3.7878  1.0074  1.0188  0.9582  2.2991  2.1887  2.0156  3.9074  3.2226  4.1792  0.4155  2.9971  7.2614  2.5417  22.7545  0.8555  3.0688  4.7316  3.3558  2.7162  2.8864  6.8355  3.9064  1.8294  5.2472  3.4176  0.777  4.6058  4.9365  1.976  2.141  3.7962  0.594  4.6667  4.8255  6.1883  37.931  
trainID = 1965  0.1739  4.2511  0.9592  3.1797  1.4111  1.6681  2.4251  0.4619  2.4088  0.1282  3.1194  0.8626  1.828  0.1283  1.7461  0.8851  1.4735  1.0904  1.5748  1.6567  2.3201  1.449  1.3501  0.1911  1.6657  0.0536  3.1366  0.4106  2.481  0.2348  2.6012  0.253  1.2592  1.8769  0.3756  0.4346  0.4689  2.8143  1.2529  2.6015  0.245  0.288  0.1685  
trainID = 1974  0.548  1.7242  0.4019  0.3773  1.1404  2.1667  0.8083  0.2123  1.237  1.4427  0.2468  0.275  4.9216  2.2006  0.9735  0.5835  1.8557  4.3558  5.6026  1.9742  2.1756  1.6198  2.0324  1.4049  1.9481  0.3904  3.6855  4.1287  0.8879  0.9082  3.4505  3.687  2.0149  0.7369  1.7618  3.8632  2.4301  1.5587  2.8642  4.0483  1.2172  0.222  0.2  
trainID = 2028  1.1933  6.625  0.409  6.5083  0.9522  4.2016  2.5036  2.4377  3.5458  3.6687  1.9048  1.3026  2.1026  4.1937  1.1011  8.2787  5.2235  1.1227  2.3798  2.5457  3.6778  1.493  4.4642  1.0142  3.8611  5.447  3.5507  11.9089  6.3828  0.585  3.4677  4.122  0.6473  1.2057  4.09  0.6043  2.6621  5.3328  3.254  0.276  1.4857  
trainID = 2044  0.012  3.1692  2.4916  1.4452  0.981  1.5252  1.5126  0.1927  1.023  1.9442  1.5103  0.517  1.0176  2.4129  0.0375  2.6883  0.8809  0.583  3.4848  1.5494  3.2515  0.4325  0.4352  0.6463  1.9139  8.9921  1.8203  1.5866  2.061  3.5701  2.9849  2.086  1.4793  0.8201  2.1538  0.8892  1.5207  5.7957  0.6397  4.7004  36.797  
trainID = 2049  1.9578  0.6721  2.811  2.4292  0.3782  2.29  1.4206  2.2977  0.5918  2.0863  0.623  1.1806  1.5332  2.5952  0.3905  2.2024  2.7068  0.4351  0.4932  1.5955  2.3622  0.105  0.5646  0.4165  3.5068  1.6477  1.041  1.082  0.0148  0.383  0.728  2.3707  0.8451  2.0421  2.2232  2.4231  2.2706  1.0703  2.8062  0.895  0.278  2.1195  
trainID = 2056  0.275  0.6064  3.9875  1.401  1.8897  0.3367  3.0153  1.208  1.7962  1.3708  0.5434  0.989  2.7386  0.6493  3.9765  0.0354  1.3354  3.2416  2.4308  1.273  2.0246  3.4821  0.7218  1.06  1.8445  0.7838  0.8097  0.6824  2.0785  1.0173  1.3162  2.542  1.3288  0.7198  0.1553  4.7342  1.4215  4.5687  1.2918  2.7871  0.197  1.8956  2.0056  
trainID = 2095  2.6645  2.6911  1.453  1.8799  2.4253  1.3465  1.8846  0.5991  0.1789  1.3628  1.537  2.3776  0.832  0.9309  0.7062  1.0017  0.684  1.5756  1.9917  2.553  1.2588  0.8901  1.7039  3.8014  1.7308  0.4237  0.5694  1.5748  1.1311  3.5069  4.9148  1.1647  1.1753  0.9242  1.0956  2.6877  1.0096  2.3309  3.4355  2.334  2.055  0.4149  
trainID = 2108  1.518  1.7162  0.955  0.853  2.9927  0.5381  1.7706  0.4618  0.3009  2.5057  0.1164  1.488  3.1726  4.0376  1.9325  0.5281  5.3454  9.0648  8.2619  1.1109  1.8702  4.0526  2.3202  1.6817  1.8522  3.5416  5.0085  2.2288  3.8346  3.9926  0.692  2.543  2.2749  1.1514  0.3782  4.3782  2.6933  4.2037  2.2774  6.0908  0.69  0.747  1.5235  
trainID = 2124  2.4206  1.1154  2.84  0.7835  0.2684  0.3927  1.7515  1.689  0.9637  0.9355  1.099  1.6116  0.2432  2.7698  0.454  1.0576  1.7294  1.1718  0.7752  2.6629  2.1185  2.1469  0.1662  2.0035  1.2415  3.6933  3.8675  1.2276  2.2804  3.2615  3.786  0.6369  1.0747  0.9937  4.1852  4.6389  2.7301  0.7472  6.0539  1.4984  0.104  1.2955  
trainID = 2132  1.4593  6.2174  0.832  5.1084  0.582  1.9383  2.2736  0.9318  3.1328  0.6296  2.6104  0.1526  0.4987  7.5816  3.5737  8.5743  3.2851  3.276  3.5938  1.6014  5.8591  4.6418  1.8368  0.9027  5.7759  6.7667  12.434  3.1532  0.8046  3.5842  1.119  0.4184  2.0789  1.0563  1.5806  2.962  0.0642  0.6379  1.3752  1.458  0.791  4.5246  
trainID = 2140  3.848  0.9455  1.946  1.426  0.4307  1.69  0.0816  0.9872  0.9521  0.3258  0.156  2.3566  2.4546  1.0312  2.587  4.3243  5.6745  10.0407  1.1117  1.6475  1.5535  3.6049  4.1862  2.0342  5.5688  3.5912  0.3952  1.2005  1.3008  1.0163  1.84  4.1153  1.9281  4.5462  2.1112  3.0996  4.0395  3.4275  6.0157  0.674  2.338  2.0385  
trainID = 2170  0.198  1.3882  2.5098  0.954  3.5193  0.0753  0.007  4.3176  1.6461  1.9293  1.0395  0.955  3.6806  2.5784  2.9294  0.0661  6.7669  4.0709  0.7295  1.6862  0.7853  3.5951  1.744  0.6839  0.5429  1.7185  2.3628  2.7665  1.9889  2.8625  1.3359  2.0159  2.377  1.3422  2.2802  0.5534  1.315  1.4906  0.6224  0.2268  0.4705  2.0249  1.236  1.9558  
trainID = 2208  1.771  6.2385  0.072  3.9709  0.4286  0.7907  1.3482  0.2774  0.5805  2.2437  0.946  1.1718  1.4334  2.2795  1.9527  4.6624  1.3463  1.4962  1.5569  1.252  5.6064  1.965  1.5481  0.2579  0.3094  1.0953  3.7624  6.7218  1.8853  0.0987  2.6607  1.124  2.0545  4.1217  1.2822  1.6446  0.2888  2.9743  0.549  4.1954  2.236  0.741  2.5927  
trainID = 2217  2.567  3.8603  1.367  3.2347  0.7151  0.3497  0.5845  1.2337  2.0561  0.8077  0.171  2.9296  2.2955  0.578  1.5497  2.7205  0.6305  2.5993  0.0437  0.8655  0.6407  0.7605  2.4438  1.5004  4.3401  0.1118  5.3734  3.3048  5.471  2.2953  0.327  3.409  0.2  0.3229  2.5622  0.8674  4.3047  2.5874  3.797  0.856  0.349  2.0602  
trainID = 2243  2.128  3.3667  1.606  5.1793  1.2042  1.1909  0.1057  2.4816  4.5258  1.0391  1.048  1.6106  0.2794  4.2127  0.8026  6.5125  2.0267  2.689  1.1195  0.3249  7.002  2.087  1.7848  1.0236  2.514  5.3597  6.7823  5.4374  2.4576  2.9306  2.8531  0.684  0.7803  2.4315  1.7009  1.4165  0.3006  1.2831  0.8411  2.5209  1.001  0.34  1.2012  
trainID = 2249  1.8568  3.2012  1.545  5.3156  0.2915  3.5296  3.6786  1.2601  3.9268  2.1736  1.337  2.8746  5.0906  4.2533  1.7056  6.2857  6.8931  4.1548  2.6778  0.0493  8.3339  1.7387  0.6158  0.2736  13.8893  9.5331  0.6266  2.0658  7.5382  2.7725  1.81  3.7025  4.1587  4.3606  1.1458  1.7794  0.4525  1.8268  0.1767  1.2482  0.424  1.1802  
trainID = 2263  1.081  0.6441  0.5541  1.306  0.1206  0.2775  0.7393  1.4985  1.227  2.4169  2.2356  0.835  2.1266  2.2563  2.1038  1.5114  1.6411  1.0984  3.3077  1.4729  1.6124  1.8429  1.7982  2.368  0.1783  0.1945  0.7148  1.6956  2.8527  0.479  0.9652  2.421  0.816  1.6378  0.5615  3.5932  1.5018  3.9539  3.3305  4.5621  1.7298  1.317  3.261  
trainID = 2266  0.846  0.609  2.5566  1.128  3.6212  1.9954  1.2388  1.7731  2.8203  0.5171  1.5611  0.37  2.2826  2.7236  0.8266  0.5603  13.7343  14.0576  15.3964  0.8398  1.0724  4.3191  3.0586  3.6522  4.2454  5.7286  2.6223  4.0218  3.215  2.8598  0.2791  4.7087  2.9669  1.9601  2.6191  3.9632  4.3658  3.8921  4.4365  5.9383  1.471  0.692  1.1255  
trainID = 2290  1.194  0.8719  0.4646  2.202  4.2292  1.8744  1.6638  0.7478  0.3891  1.7065  35.3831  1.0164  2.3598  0.9101  3.7682  0.7545  4.6567  0.6329  1.2287  1.2501  1.6361  2.4638  1.0586  2.2326  3.0087  4.7564  0.3535  0.026  2.7032  2.898  0.9792  2.6666  0.6652  0.5503  2.7229  2.9169  3.2228  6.7561  0.312  0.455  0.7603  
trainID = 2297  3.1832  2.957  0.027  1.7943  0.9201  0.03  0.8777  1.2798  0.25  1.0507  1.588  1.1316  2.0164  1.7374  2.1279  2.3045  0.4029  6.4316  0.133  3.6294  3.6442  0.19  2.3286  0.0356  2.2403  7.5541  3.7858  0.1727  4.3871  2.3704  0.3286  3.7159  2.5665  0.8484  2.8998  2.8182  0.5448  5.4997  3.8305  5.6014  36.477  
trainID = 2311  1.2397  3.7397  0.241  3.9103  0.1633  0.4243  1.5878  1.9632  3.5168  0.5021  1.334  1.6836  1.7552  2.5687  2.428  4.0991  3.6103  0.5785  2.4328  2.1317  0.9517  2.4467  0.2759  0.1898  2.9577  1.9223  4.0849  5.7615  2.3377  1.8689  1.236  1.4126  1.1599  1.2096  0.0754  1.8838  1.8548  1.6253  1.5734  0.8  1.3634  4.1332  
trainID = 2332  0.5163  0.5399  2.899  2.0484  2.9672  0.9597  0.9527  1.9  0.9962  2.2735  0.523  2.2796  1.8789  3.4172  0.9706  4.2372  4.787  7.78  2.3747  0.7787  0.574  1.2701  1.3378  3.1334  1.8053  2.642  4.8967  3.4599  0.2385  1.6347  4.3116  1.7  2.8861  0.9484  1.4811  3.9676  5.1027  1.1146  4.6876  1.185  1.047  2.2815  
trainID = 2522  0.735  1.2211  0.6173  2.928  0.9617  3.3396  0.1794  0.9508  0.7259  2.1596  33.5021  0.0626  4.7995  1.876  1.6506  1.1695  1.9582  2.8918  1.1242  1.3971  0.2781  2.5295  2.659  0.0318  0.3464  5.479  0.1299  0.8787  4.8367  3.7742  1.5252  1.0606  1.5698  1.1237  3.8095  1.9088  0.9626  3.5897  0.09  0.996  2.8198  
trainID = 2553  4.7602  1.9186  0.9886  1.6116  0.7856  1.5616  0.0414  0.181  1.741  1.3422  1.569  0.4709  5.7928  1.1195  3.1103  0.9531  3.2887  4.0919  1.6852  4.641  3.6695  1.198  4.3406  2.384  0.9721  8.4801  2.7547  2.5973  3.3585  4.274  0.729  2.89  3.8355  0.9649  0.9592  0.4778  1.157  3.7436  1.8018  5.081  36.824  
trainID = 2580  3.4424  5.1865  2.0212  5.3168  0.7298  1.2239  3.0376  2.7161  1.6813  0.2611  0.422  0.6946  1.3326  3.6023  1.455  6.7502  2.3638  4.346  3.1888  1.8533  6.1833  2.257  2.4075  1.3441  1.0923  0.5184  7.0586  9.631  2.7108  3.9419  2.9314  2.355  0.8554  1.2624  1.1483  0.6927  0.1764  1.3261  0.1174  0.4481  2.2303  0.117  2.3292  
trainID = 2599  1.7391  3.6106  1.7299  0.2389  0.3712  1.5491  2.0441  2.1647  1.2729  1.0742  0.601  0.9416  4.1308  1.5084  0.8392  1.615  0.0458  2.505  1.3697  2.2801  0.2896  2.09  0.5003  0.7145  0.8615  7.677  0.829  2.8129  3.142  0.333  3.001  2.389  2.6495  1.1583  1.7432  5.4882  1.5125  2.6348  1.8224  4.8204  37.151  
trainID = 2624  0.5118  2.4637  0.9959  0.4585  1.0764  0.7264  0.7637  2.1281  2.4178  1.1301  0.646  2.7256  0.9678  1.1358  0.4925  3.2536  0.1401  1.6652  1.2358  1.3017  3.1573  1.5118  1.311  0.3142  0.0255  0.6127  4.4877  0.7958  0.355  1.2806  3.469  0.4174  0.8643  1.3594  0.5268  3.1619  0.0865  1.0297  3.7446  0.517  0.731  0.1948  
trainID = 2633  1.8217  5.1872  2.323  5.6138  1.7689  3.3276  0.4117  2.3645  4.6078  1.456  2.135  1.1876  0.4509  1.1179  0.6389  5.9753  3.7262  1.9611  0.7533  0.9666  4.3952  1.181  1.5664  0.7029  1.1989  3.8786  3.373  2.2072  0.3842  1.5926  3.0002  0.5  2.0747  3.2966  1.2938  1.5963  2.5919  1.3142  1.5085  1.4426  0.51  0.973  3.1005  
trainID = 2637  1.3655  2.3885  1.459  2.3874  2.7817  0.4637  0.619  1.9973  1.1833  0.3693  1.173  0.2364  1.2138  2.358  1.327  4.6443  1.1893  2.4417  2.2663  1.9605  0.4434  0.459  0.3795  0.6768  3.1441  0.116  0.2726  0.9999  1.0676  2.051  3.01  1.0193  0.6272  0.1962  0.0252  2.4392  2.2542  1.5267  2.9263  1.135  0.128  0.5403  
trainID = 2714  1.554  0.5087  0.2787  0.445  4.7144  0.6299  2.0599  1.7336  3.4354  3.2717  0.2337  0.64  0.5199  5.0045  2.287  0.2402  10.9921  9.9346  12.9931  2.3962  3.0093  5.2432  3.664  4.7442  3.9654  7.0923  4.3187  2.6992  3.8514  4.4025  1.3741  0.276  4.1292  0.1793  1.835  5.8872  1.097  5.8257  3.3025  4.2994  34.381  
trainID = 2716  0.401  1.1197  3.9003  0.58  1.4481  2.3462  2.5926  1.4456  0.9503  0.9511  0.6399  0.24  0.4598  1.9948  2.5818  0.1504  1.8107  1.543  2.9959  0.1016  0.2242  2.4141  1.0049  0.6999  0.8219  0.5678  0.8531  4.3459  1.8992  1.7529  2.7057  3.136  1.6134  0.1751  2.3164  2.5952  1.7138  3.2437  1.3182  2.1117  1.684  0.126  1.0959  
trainID = 2734  0.0492  1.5078  1.852  0.0879  1.6371  1.4555  2.2602  0.0266  0.4616  2.0773  0.101  1.8286  0.5907  4.4011  2.8807  1.7137  4.2827  3.5038  1.3804  0.6874  0.3474  0.4491  3.3602  2.9804  3.8508  2.3852  6.5777  1.5121  0.2214  1.6132  4.1943  0.0343  1.3003  1.9922  3.4252  1.2744  5.2097  2.6519  5.0833  0.956  0.157  1.2599  
trainID = 2735  0.964  1.351  0.2295  0.293  3.1375  2.406  1.0089  0.5203  0.8905  1.8445  0.6633  0.715  1.2216  0.9072  1.7197  0.6477  0.7817  2.7817  4.4943  0.8953  0.1891  0.6147  1.2623  2.2542  2.2246  1.27  0.2347  4.9301  0.2286  0.4573  1.4227  1.459  0.8125  0.4837  2.1746  1.3509  1.3364  1.2527  0.7858  4.4718  2.0549  0.634  0.2877  
trainID = 2796  2.296  1.8068  2.896  0.1374  0.9072  0.7499  0.4713  1.3241  0.6035  1.3388  1.402  0.5946  0.7463  2.6755  0.4128  1.2523  0.9659  3.4795  1.8143  0.9262  1.0599  0.6304  0.4457  0.6429  2.3192  0.4044  1.3086  1.4964  2.4701  1.3617  1.381  0.5684  1.8509  0.2114  0.1503  0.9942  3.1917  2.1491  2.3726  1.758  0.601  1.1177  
trainID = 2798  2.3994  3.1639  1.965  3.2415  1.3813  3.007  3.6956  0.139  1.4056  2.4531  0.161  2.1546  1.6178  1.1017  0.1426  5.7305  2.7204  1.1297  0.2647  1.4285  4.852  1.274  0.4954  1.0074  1.0876  4.8834  2.8411  0.6621  1.3641  1.1731  0.2653  2.794  1.3063  3.1296  3.4714  0.5655  0.5013  0.197  0.7945  0.9887  0.592  0.048  0.5427  
trainID = 2804  1.021  0.3866  1.0421  2.637  3.1236  1.2425  0.983  0.5297  0.6021  2.0852  0.5672  0.056  1.3586  1.7689  3.6677  0.0685  3.258  3.6453  7.7291  2.7413  0.5387  1.2867  2.2151  1.3375  1.1083  1.4785  1.9451  3.7666  0.644  0.8308  0.0512  2.466  2.6027  0.4245  2.2076  2.9662  2.0337  3.8828  5.8175  3.0935  1.8173  0.83  2.3151  
trainID = 2809  4.4112  4.2615  1.505  6.4849  0.6958  1.1474  2.1247  0.0594  2.8488  0.0963  0.827  0.9526  1.3735  2.7502  0.2058  8.0159  5.152  2.9026  2.6728  1.8269  5.2394  1.159  3.5413  0.4451  1.7185  2.8322  5.7232  7.2576  1.7901  3.3267  4.5389  4.1086  0.7583  4.0675  0.8583  0.5193  1.8673  1.5781  1.6347  2.1437  2.4221  1.294  2.3667  
trainID = 2848  0.5595  6.962  0.647  6.3273  1.7044  2.1176  1.2898  3.7639  3.3698  1.6435  4.2974  1.7576  0.4861  6.5783  1.4153  6.9159  4.6229  4.5631  1.8363  2.4477  6.6015  2.162  2.7936  2.7792  0.549  3.9668  8.5822  11.0365  3.5835  3.8275  3.4304  2.424  3.1531  4.184  1.634  1.0424  2.1056  0.2388  0.3735  2.7319  0.599  2.5242  3.6708  
trainID = 2877  2.2087  2.0399  1.39  1.1923  0.2743  0.7219  1.3082  0.9802  2.3878  0.8092  0.698  1.5536  0.0142  0.9136  0.1969  2.9744  1.8308  1.2712  1.6269  0.7859  3.0514  1.2765  3.4922  0.1746  2.4235  1.7262  0.3753  0.6155  2.113  0.7325  2.341  2.4181  3.743  4.2304  0.4178  2.7735  0.3675  1.0221  3.3091  0.537  0.728  2.7397  
trainID = 2999  0.2002  2.4486  0.613  0.5592  0.6806  0.626  1.1418  2.0881  1.1016  1.5668  3.178  0.1418  2.4564  0.8402  1.5014  1.1861  0.956  3.4587  0.86  0.8715  0.4725  0.757  1.6758  0.0615  1.1776  3.2401  0.8759  2.3057  4.2332  2.3001  0.8681  0.937  1.9309  0.6293  1.3415  1.003  1.0394  1.8026  1.2907  4.6595  0.45  0.162  1.942  
TrainID = 1106  dbValue = 1.28958  nTestCell = 44  nTrainCell = 42  nDiff = 2  (X,Y) = (1625, 1935)  Position Error = 17.4929
TrainID = 1500  dbValue = 1.29707  nTestCell = 44  nTrainCell = 43  nDiff = 1  (X,Y) = (1665, 1905)  Position Error = 46.3249
TrainID = 2796  dbValue = 1.31633  nTestCell = 44  nTrainCell = 42  nDiff = 2  (X,Y) = (1625, 1915)  Position Error = 32.6497
TrainID = 2624  dbValue = 1.33787  nTestCell = 44  nTrainCell = 42  nDiff = 2  (X,Y) = (1695, 1965)  Position Error = 58.8727
TrainID = 1965  dbValue = 1.38056  nTestCell = 44  nTrainCell = 43  nDiff = 1  (X,Y) = (1625, 1965)  Position Error = 25.807
TrainID = 2735  dbValue = 1.38756  nTestCell = 44  nTrainCell = 43  nDiff = 1  (X,Y) = (1725, 1915)  Position Error = 89.8109
TrainID = 2637  dbValue = 1.41101  nTestCell = 44  nTrainCell = 42  nDiff = 2  (X,Y) = (1645, 1955)  Position Error = 12.083
TrainID = 2999  dbValue = 1.43329  nTestCell = 44  nTrainCell = 43  nDiff = 1  (X,Y) = (1625, 1915)  Position Error = 32.6497
TrainID = 2049  dbValue = 1.47347  nTestCell = 44  nTrainCell = 42  nDiff = 2  (X,Y) = (1675, 1985)  Position Error = 53.9073
TrainID = 1133  dbValue = 1.48784  nTestCell = 44  nTrainCell = 43  nDiff = 1  (X,Y) = (1685, 1895)  Position Error = 66.5282
TrainID = 1834  dbValue = 1.50782  nTestCell = 44  nTrainCell = 44  nDiff = 0  (X,Y) = (1665, 1955)  Position Error = 27.313
TrainID = 1664  dbValue = 1.52086  nTestCell = 44  nTrainCell = 43  nDiff = 1  (X,Y) = (1615, 1945)  Position Error = 25.02
TrainID = 2716  dbValue = 1.55051  nTestCell = 44  nTrainCell = 43  nDiff = 1  (X,Y) = (1695, 1925)  Position Error = 58.1893
TrainID = 1297  dbValue = 1.56017  nTestCell = 44  nTrainCell = 43  nDiff = 1  (X,Y) = (1685, 1955)  Position Error = 46.3249
TrainID = 2877  dbValue = 1.56633  nTestCell = 44  nTrainCell = 42  nDiff = 2  (X,Y) = (1675, 1965)  Position Error = 40.8167
TrainID = 1608  dbValue = 1.56714  nTestCell = 44  nTrainCell = 43  nDiff = 1  (X,Y) = (1645, 1865)  Position Error = 79.1581
TrainID = 492  dbValue = 1.6568  nTestCell = 44  nTrainCell = 42  nDiff = 2  (X,Y) = (1615, 1975)  Position Error = 39.8246
TrainID = 338  dbValue = 1.65758  nTestCell = 44  nTrainCell = 42  nDiff = 2  (X,Y) = (1705, 1965)  Position Error = 68.3081
TrainID = 2263  dbValue = 1.67072  nTestCell = 44  nTrainCell = 43  nDiff = 1  (X,Y) = (1675, 1905)  Position Error = 52.4023
TrainID = 2095  dbValue = 1.68592  nTestCell = 44  nTrainCell = 42  nDiff = 2  (X,Y) = (1675, 1925)  Position Error = 39.8246
TrainID = 2056  dbValue = 1.68763  nTestCell = 44  nTrainCell = 43  nDiff = 1  (X,Y) = (1655, 1955)  Position Error = 18.6011
TrainID = 1053  dbValue = 1.71614  nTestCell = 44  nTrainCell = 42  nDiff = 2  (X,Y) = (1725, 1935)  Position Error = 85.4751
TrainID = 2798  dbValue = 1.72417  nTestCell = 44  nTrainCell = 43  nDiff = 1  (X,Y) = (1645, 2015)  Position Error = 71.1758
TrainID = 988  dbValue = 1.73607  nTestCell = 44  nTrainCell = 43  nDiff = 1  (X,Y) = (1715, 1895)  Position Error = 89.5879
TrainID = 1194  dbValue = 1.74122  nTestCell = 44  nTrainCell = 42  nDiff = 2  (X,Y) = (1735, 1955)  Position Error = 95.6347
TrainID = 1048  dbValue = 1.75425  nTestCell = 44  nTrainCell = 43  nDiff = 1  (X,Y) = (1735, 1865)  Position Error = 123.556
TrainID = 1086  dbValue = 1.76449  nTestCell = 44  nTrainCell = 44  nDiff = 0  (X,Y) = (1695, 1885)  Position Error = 80.6598
TrainID = 729  dbValue = 1.78718  nTestCell = 44  nTrainCell = 42  nDiff = 2  (X,Y) = (1595, 1925)  Position Error = 48.8467
TrainID = 389  dbValue = 1.79107  nTestCell = 44  nTrainCell = 42  nDiff = 2  (X,Y) = (1735, 1925)  Position Error = 96.8814
TrainID = 675  dbValue = 1.79488  nTestCell = 44  nTrainCell = 42  nDiff = 2  (X,Y) = (1605, 1935)  Position Error = 36.1386
TrainID = 2170  dbValue = 1.80328  nTestCell = 44  nTrainCell = 44  nDiff = 0  (X,Y) = (1625, 2015)  Position Error = 72.5672
TrainID = 1375  dbValue = 1.81442  nTestCell = 44  nTrainCell = 42  nDiff = 2  (X,Y) = (1715, 1995)  Position Error = 90.6973
TrainID = 1148  dbValue = 1.81637  nTestCell = 44  nTrainCell = 42  nDiff = 2  (X,Y) = (1735, 1915)  Position Error = 99.3277
TrainID = 2124  dbValue = 1.8211  nTestCell = 44  nTrainCell = 42  nDiff = 2  (X,Y) = (1725, 1935)  Position Error = 85.4751
TrainID = 1797  dbValue = 1.83161  nTestCell = 44  nTrainCell = 42  nDiff = 2  (X,Y) = (1675, 1895)  Position Error = 60.2163
TrainID = 865  dbValue = 1.85077  nTestCell = 44  nTrainCell = 43  nDiff = 1  (X,Y) = (1685, 1845)  Position Error = 108.747
TrainID = 1974  dbValue = 1.86708  nTestCell = 44  nTrainCell = 43  nDiff = 1  (X,Y) = (1735, 1885)  Position Error = 111.83
TrainID = 1935  dbValue = 1.87366  nTestCell = 44  nTrainCell = 42  nDiff = 2  (X,Y) = (1565, 1925)  Position Error = 77.3692
TrainID = 2217  dbValue = 1.88199  nTestCell = 44  nTrainCell = 42  nDiff = 2  (X,Y) = (1605, 1895)  Position Error = 60.2163
TrainID = 1414  dbValue = 1.89155  nTestCell = 44  nTrainCell = 43  nDiff = 1  (X,Y) = (1615, 1865)  Position Error = 82.8613
TrainID = 1636  dbValue = 1.90573  nTestCell = 44  nTrainCell = 43  nDiff = 1  (X,Y) = (1575, 1905)  Position Error = 75.8024
TrainID = 2311  dbValue = 1.9294  nTestCell = 44  nTrainCell = 42  nDiff = 2  (X,Y) = (1575, 1955)  Position Error = 65.9242
TrainID = 921  dbValue = 1.94101  nTestCell = 44  nTrainCell = 43  nDiff = 1  (X,Y) = (1695, 1855)  Position Error = 104.623
TrainID = 2804  dbValue = 1.95751  nTestCell = 44  nTrainCell = 43  nDiff = 1  (X,Y) = (1695, 1855)  Position Error = 104.623
TrainID = 2208  dbValue = 1.98916  nTestCell = 44  nTrainCell = 43  nDiff = 1  (X,Y) = (1585, 1985)  Position Error = 68.6003
TrainID = 2734  dbValue = 1.99098  nTestCell = 44  nTrainCell = 42  nDiff = 2  (X,Y) = (1715, 1885)  Position Error = 95.4254
TrainID = 1931  dbValue = 1.99466  nTestCell = 44  nTrainCell = 43  nDiff = 1  (X,Y) = (1635, 1835)  Position Error = 109.115
TrainID = 1254  dbValue = 2.01111  nTestCell = 44  nTrainCell = 42  nDiff = 2  (X,Y) = (1705, 1995)  Position Error = 82.6196
TrainID = 849  dbValue = 2.067  nTestCell = 44  nTrainCell = 42  nDiff = 2  (X,Y) = (1625, 1845)  Position Error = 100.13
TrainID = 1779  dbValue = 2.09863  nTestCell = 44  nTrainCell = 43  nDiff = 1  (X,Y) = (1745, 1875)  Position Error = 125.642
TrainID = 2633  dbValue = 2.12738  nTestCell = 44  nTrainCell = 43  nDiff = 1  (X,Y) = (1635, 2015)  Position Error = 71.1758
TrainID = 1183  dbValue = 2.15327  nTestCell = 44  nTrainCell = 42  nDiff = 2  (X,Y) = (1605, 2035)  Position Error = 97.4987
TrainID = 1284  dbValue = 2.15639  nTestCell = 44  nTrainCell = 43  nDiff = 1  (X,Y) = (1555, 1975)  Position Error = 90.4765
TrainID = 1049  dbValue = 2.1688  nTestCell = 44  nTrainCell = 44  nDiff = 0  (X,Y) = (1555, 1985)  Position Error = 94.3716
TrainID = 581  dbValue = 2.24869  nTestCell = 44  nTrainCell = 43  nDiff = 1  (X,Y) = (1735, 1855)  Position Error = 130.177
TrainID = 1929  dbValue = 2.27826  nTestCell = 44  nTrainCell = 43  nDiff = 1  (X,Y) = (1645, 2055)  Position Error = 111.113
TrainID = 2243  dbValue = 2.2834  nTestCell = 44  nTrainCell = 43  nDiff = 1  (X,Y) = (1595, 2035)  Position Error = 101.518
TrainID = 1721  dbValue = 2.29786  nTestCell = 44  nTrainCell = 43  nDiff = 1  (X,Y) = (1545, 1925)  Position Error = 96.8814
TrainID = 2332  dbValue = 2.30441  nTestCell = 44  nTrainCell = 42  nDiff = 2  (X,Y) = (1735, 1855)  Position Error = 130.177
TrainID = 1045  dbValue = 2.3859  nTestCell = 44  nTrainCell = 43  nDiff = 1  (X,Y) = (1595, 2025)  Position Error = 92.6607
TrainID = 1714  dbValue = 2.39137  nTestCell = 44  nTrainCell = 43  nDiff = 1  (X,Y) = (1595, 2045)  Position Error = 110.571
TrainID = 1875  dbValue = 2.43011  nTestCell = 44  nTrainCell = 43  nDiff = 1  (X,Y) = (1655, 2065)  Position Error = 121.926
TrainID = 2580  dbValue = 2.43628  nTestCell = 44  nTrainCell = 43  nDiff = 1  (X,Y) = (1555, 2045)  Position Error = 132.008
TrainID = 426  dbValue = 2.46049  nTestCell = 44  nTrainCell = 43  nDiff = 1  (X,Y) = (1745, 1845)  Position Error = 144.312
TrainID = 2140  dbValue = 2.49148  nTestCell = 44  nTrainCell = 42  nDiff = 2  (X,Y) = (1685, 1815)  Position Error = 136.624
TrainID = 350  dbValue = 2.51885  nTestCell = 44  nTrainCell = 41  nDiff = 3  (X,Y) = (1685, 2095)  Position Error = 157.563
TrainID = 2108  dbValue = 2.52783  nTestCell = 44  nTrainCell = 43  nDiff = 1  (X,Y) = (1695, 1815)  Position Error = 140.236
TrainID = 2522  dbValue = 2.55241  nTestCell = 44  nTrainCell = 41  nDiff = 3  (X,Y) = (1745, 1935)  Position Error = 105.385
TrainID = 1244  dbValue = 2.5823  nTestCell = 44  nTrainCell = 44  nDiff = 0  (X,Y) = (1555, 2025)  Position Error = 117.414
TrainID = 2809  dbValue = 2.59314  nTestCell = 44  nTrainCell = 43  nDiff = 1  (X,Y) = (1565, 2045)  Position Error = 125.801
TrainID = 554  dbValue = 2.60333  nTestCell = 44  nTrainCell = 42  nDiff = 2  (X,Y) = (1575, 2045)  Position Error = 120.108
TrainID = 1473  dbValue = 2.67319  nTestCell = 44  nTrainCell = 43  nDiff = 1  (X,Y) = (1545, 1995)  Position Error = 107.824
TrainID = 2290  dbValue = 2.69385  nTestCell = 44  nTrainCell = 41  nDiff = 3  (X,Y) = (1765, 1885)  Position Error = 138.224
TrainID = 1726  dbValue = 2.72046  nTestCell = 44  nTrainCell = 43  nDiff = 1  (X,Y) = (1725, 1835)  Position Error = 138.224
TrainID = 2044  dbValue = 2.76963  nTestCell = 44  nTrainCell = 41  nDiff = 3  (X,Y) = (1605, 1845)  Position Error = 105.005
TrainID = 2599  dbValue = 2.81101  nTestCell = 44  nTrainCell = 41  nDiff = 3  (X,Y) = (1605, 1855)  Position Error = 95.6347
TrainID = 580  dbValue = 2.8198  nTestCell = 44  nTrainCell = 41  nDiff = 3  (X,Y) = (1755, 1865)  Position Error = 139.521
TrainID = 1529  dbValue = 2.84868  nTestCell = 44  nTrainCell = 43  nDiff = 1  (X,Y) = (1525, 2025)  Position Error = 140.663
TrainID = 1338  dbValue = 2.89157  nTestCell = 44  nTrainCell = 42  nDiff = 2  (X,Y) = (1715, 1805)  Position Error = 157.943
TrainID = 2132  dbValue = 2.89709  nTestCell = 44  nTrainCell = 42  nDiff = 2  (X,Y) = (1525, 2015)  Position Error = 135.152
TrainID = 311  dbValue = 2.96842  nTestCell = 44  nTrainCell = 41  nDiff = 3  (X,Y) = (1765, 1895)  Position Error = 134.261
TrainID = 2297  dbValue = 3.06615  nTestCell = 44  nTrainCell = 41  nDiff = 3  (X,Y) = (1615, 1815)  Position Error = 131.4
TrainID = 1559  dbValue = 3.09744  nTestCell = 44  nTrainCell = 42  nDiff = 2  (X,Y) = (1735, 1795)  Position Error = 176.709
TrainID = 2249  dbValue = 3.13699  nTestCell = 44  nTrainCell = 42  nDiff = 2  (X,Y) = (1605, 2105)  Position Error = 164.76
TrainID = 2848  dbValue = 3.193  nTestCell = 44  nTrainCell = 43  nDiff = 1  (X,Y) = (1545, 2065)  Position Error = 153.838
TrainID = 2028  dbValue = 3.21299  nTestCell = 44  nTrainCell = 41  nDiff = 3  (X,Y) = (1525, 1995)  Position Error = 125.801
TrainID = 2553  dbValue = 3.27187  nTestCell = 44  nTrainCell = 41  nDiff = 3  (X,Y) = (1595, 1815)  Position Error = 136.624
TrainID = 634  dbValue = 3.30234  nTestCell = 44  nTrainCell = 41  nDiff = 3  (X,Y) = (1615, 1815)  Position Error = 131.4
TrainID = 2266  dbValue = 3.31794  nTestCell = 44  nTrainCell = 43  nDiff = 1  (X,Y) = (1745, 1785)  Position Error = 190.541
TrainID = 666  dbValue = 3.35619  nTestCell = 44  nTrainCell = 43  nDiff = 1  (X,Y) = (1745, 1785)  Position Error = 190.541
TrainID = 1568  dbValue = 3.37996  nTestCell = 44  nTrainCell = 43  nDiff = 1  (X,Y) = (1525, 2045)  Position Error = 153.056
TrainID = 586  dbValue = 3.5682  nTestCell = 44  nTrainCell = 41  nDiff = 3  (X,Y) = (1815, 1855)  Position Error = 196.331
TrainID = 1072  dbValue = 3.58864  nTestCell = 44  nTrainCell = 42  nDiff = 2  (X,Y) = (1565, 2115)  Position Error = 186.724
TrainID = 1729  dbValue = 3.69904  nTestCell = 44  nTrainCell = 41  nDiff = 3  (X,Y) = (1795, 1865)  Position Error = 173.971
TrainID = 597  dbValue = 3.78548  nTestCell = 44  nTrainCell = 41  nDiff = 3  (X,Y) = (1625, 1745)  Position Error = 199.565
TrainID = 924  dbValue = 3.89682  nTestCell = 44  nTrainCell = 41  nDiff = 3  (X,Y) = (1675, 1785)  Position Error = 162.807
TrainID = 2714  dbValue = 4.13291  nTestCell = 44  nTrainCell = 41  nDiff = 3  (X,Y) = (1705, 1775)  Position Error = 181.069
TrainID = 399  dbValue = 4.14588  nTestCell = 44  nTrainCell = 42  nDiff = 2  (X,Y) = (1845, 1825)  Position Error = 237.036
TrainID = 1824  dbValue = 4.25404  nTestCell = 44  nTrainCell = 41  nDiff = 3  (X,Y) = (1805, 1825)  Position Error = 203.435
TrainID = 1962  dbValue = 4.32606  nTestCell = 44  nTrainCell = 41  nDiff = 3  (X,Y) = (1655, 1735)  Position Error = 209.538
TrainID = 1905  dbValue = 4.41168  nTestCell = 44  nTrainCell = 43  nDiff = 1  (X,Y) = (1535, 2135)  Position Error = 217.959
TrainID = 1436  dbValue = 4.4224  nTestCell = 44  nTrainCell = 43  nDiff = 1  (X,Y) = (1535, 2155)  Position Error = 235.682
TrainID = 1117  dbValue = 4.44442  nTestCell = 44  nTrainCell = 41  nDiff = 3  (X,Y) = (1795, 1785)  Position Error = 222.05
TrainID = 774  dbValue = 4.4741  nTestCell = 44  nTrainCell = 41  nDiff = 3  (X,Y) = (1685, 1735)  Position Error = 213.79
TrainID = 369  dbValue = 4.54098  nTestCell = 44  nTrainCell = 41  nDiff = 3  (X,Y) = (1715, 1745)  Position Error = 212.664
TrainID = 1018  dbValue = 4.56852  nTestCell = 44  nTrainCell = 41  nDiff = 3  (X,Y) = (1695, 1755)  Position Error = 196.84
TrainID = 320  dbValue = 4.71027  nTestCell = 44  nTrainCell = 41  nDiff = 3  (X,Y) = (1715, 1735)  Position Error = 222.05
TrainID = 977  dbValue = 4.78598  nTestCell = 44  nTrainCell = 41  nDiff = 3  (X,Y) = (1835, 1795)  Position Error = 245.41
TrainID = 579  dbValue = 4.92658  nTestCell = 44  nTrainCell = 41  nDiff = 3  (X,Y) = (1695, 1725)  Position Error = 225.801
TrainID = 823  dbValue = 4.98148  nTestCell = 44  nTrainCell = 41  nDiff = 3  (X,Y) = (1715, 1725)  Position Error = 231.487
TrainID = 1237  dbValue = 5.18299  nTestCell = 44  nTrainCell = 42  nDiff = 2  (X,Y) = (1765, 1755)  Position Error = 226.597
