trainID = 309  0.0625  2.8429  3.9988  2.0353  1.6733  2.799  2.3416  0.437  0.248  6.3123  1.0788  2.1682  2.4072  2.7626  5.8833  0.0134  3.9352  5.6429  1.838  6.4113  1.595  1.8504  20.3204  5.6027  10.8576  3.2959  7.9133  2.0592  0.446  2.4109  1.7215  5.3093  3.9021  1.774  3.7899  0.8326  3.0215  0.869  1.31  3.8564  35.1634  
trainID = 318  0.1373  2.2919  1.763  9.24  0.9169  0.8049  3.8881  1.7543  1.4086  0.5072  1.3875  2.3458  0.617  4.9575  1.7777  2.1149  4.1331  5.1034  1.7326  1.5477  4.6469  3.133  3.2562  0.9045  2.6456  1.0788  8.7911  0.7401  2.6887  2.0643  1.111  2.3455  2.7877  1.0749  0.162  2.7603  0.7134  3.0523  2.7339  1.462  1.09  0.2703  
trainID = 375  1.798  1.6057  0.891  2.3195  2.5131  1.7436  2.6374  2.3623  0.846  2.4213  0.2  0.68  4.3227  0.767  2.2164  2.0461  0.1292  2.6075  1.3431  1.0191  4.1909  7.0633  0.81  0.3247  10.899  4.7102  2.4732  2.3385  2.9539  3.5967  1.018  1.8975  0.5392  4.2377  2.9725  1.1769  4.1618  1.358  2.7023  0.376  1.296  0.3334  
trainID = 421  0.9561  0.8245  0.431  8.9669  2.6639  1.344  1.394  0.0558  1.7013  0.2268  0.185  0.316  0.9597  3.1585  0.9075  3.2513  4.0965  4.0128  0.0003  0.7254  3.0018  0.6215  2.6417  1.9509  8.3644  0.9005  8.9314  2.9558  1.0882  3.9069  0.285  0.3907  2.4701  3.0691  2.2709  2.9192  1.1524  0.6643  0.4726  0.098  3.1374  2.102  
trainID = 437  1.4412  1.0468  1.089  7.1669  0.153  1.8574  2.1478  1.6772  0.1115  0.4416  2.451  1.3511  2.0203  1.8718  0.1671  1.1124  1.8903  2.0018  0.5096  0.0115  4.1927  2.9991  1.1115  0.6883  0.867  1.8315  0.8634  2.4257  3.2885  2.6322  0.81  1.7765  1.3034  1.1073  3.0854  0.2899  0.5786  0.7993  0.5223  3.277  0.607  0.6748  
trainID = 446  1.1841  1.669  0.059  4.4632  2.994  2.1114  5.3805  0.7958  1.018  1.0344  0.16  2.163  3.9447  3.7143  4.8382  1.4313  2.7503  0.4188  2.055  1.0229  2.3743  2.3194  0.8966  2.0173  9.6607  1.3073  12.0314  0.2423  0.2712  6.3455  0.861  0.5077  0.5101  2.94  0.55  0.3492  2.2569  0.5383  0.0595  0.151  2.6247  1.6274  
trainID = 465  0.7949  0.9331  0.138  4.2885  1.77  0.9167  1.689  1.2005  1.041  0.9255  0.717  1.035  3.0626  5.9407  3.3589  0.6937  1.9396  0.0567  1.4046  3.3116  1.1616  4.2655  2.7077  1.7199  11.0689  0.5428  10.5338  3.1951  1.7037  5.6057  0.365  1.1395  1.487  3.0969  2.7493  2.6724  3.3005  2.0692  1.1226  0.096  1.226  3.8195  
trainID = 467  1.4353  1.2992  1.024  2.0873  0.2424  0.3016  2.8197  0.6485  1.1924  1.9407  1.4581  2.5203  0.9007  0.3732  1.3775  1.2116  0.2427  0.7536  0.1565  0.0416  1.4243  1.03  4.3945  0.1272  0.8023  0.9947  1.2193  2.5222  1.5197  4.1473  3.5705  0.415  1.8393  1.3103  0.5209  0.318  2.3611  1.2399  1.7336  0.4851  1.2114  1.6  0.2275  
trainID = 469  4.7027  0.5993  2.101  0.339  0.1934  0.1175  1.236  1.2535  1.983  0.8701  2.298  0.664  5.3244  0.4203  0.8789  5.394  1.7291  0.0521  0.4395  1.4468  2.2402  2.9411  0.4975  0.5358  11.553  5.6251  2.7822  0.1557  2.4831  0.5514  2.444  1.9962  1.1397  5.435  2.9281  0.6962  4.356  1.3441  1.6931  0.3995  2.8608  1.2777  34.951  
trainID = 505  1.09  1.8699  2.5028  0.974  2.7953  0.4693  1.23  1.972  2.787  9.6416  5.5019  3.652  6.5591  3.6987  2.0564  2.0981  0.222  6.4063  0.606  5.3903  1.1234  1.3845  28.8816  19.0782  1.7545  1.0339  5.6992  1.9835  1.367  5.4803  2.8485  7.0692  4.0247  4.2145  5.8142  1.4398  4.5363  0.217  1.872  2.8011  36.1138  
trainID = 631  0.0009  0.355  2.303  5.1916  1.6103  0.878  6.6543  0.7931  1.083  0.1855  0.691  2.4205  3.8498  0.234  0.5435  0.8937  2.4844  5.2505  0.8001  3.596  3.1359  0.347  1.2109  1.8892  0.183  2.805  2.351  5.7376  0.3073  4.0333  3.13  1.085  5.1615  2.6187  3.5814  0.906  1.0828  1.5466  2.5803  0.5933  35.1215  
trainID = 633  0.7267  6.5384  0.362  14.6416  0.1968  2.1728  5.1458  5.4524  3.9945  0.4077  0.9193  1.146  0.7221  3.8288  2.6584  13.6122  14.2052  15.672  3.0198  1.4827  7.3741  2.6705  3.3384  3.9967  0.5788  5.6277  12.0267  0.4137  3.2536  0.8273  0.338  5.8581  3.9338  1.7832  0.027  0.575  1.8136  3.5693  2.0422  0.6755  0.818  1.1071  
trainID = 686  0.0773  2.7449  0.072  9.2431  2.67  0.4485  3.3825  0.6184  0.4783  0.3303  1.125  2.466  1.6724  6.2932  2.4344  3.5038  4.4786  2.6019  0.8327  3.0714  1.598  2.1062  0.6748  0.6365  4.8125  1.7043  11.3746  0.5299  3.0993  4.8784  1.7103  1.0949  2.7912  3.2389  0.8707  3.6357  0.8815  3.2313  0.159  0.283  1.431  1.4362  
trainID = 792  0.5094  1.8817  1.755  5.4113  1.4103  1.631  5.3571  0.5871  2.1843  0.5202  2.788  1.019  2.6138  4.8675  2.5033  2.5918  8.052  2.8833  3.117  1.6031  0.6623  0.684  1.0806  3.5166  2.0596  3.3784  2.8641  9.266  2.5324  1.5323  7.0546  0.256  1.6514  0.2014  1.305  1.2752  2.1769  0.6437  0.1404  0.0255  1.0294  0.034  0.5794  
trainID = 796  0.998  0.1418  1.637  6.7647  2.0372  0.1695  4.153  1.749  0.6955  1.3131  0.8767  0.068  1.4089  3.7361  0.5556  0.5348  4.9953  1.9472  3.2653  0.8471  1.2657  2.4688  3.9577  1.346  4.807  0.3502  4.5565  0.5178  0.7528  2.2621  0.575  0.2001  2.7706  2.5891  0.98  0.7331  1.2939  0.817  1.2586  0.189  1.085  1.2426  
trainID = 805  1.696  1.8592  2.465  0.2119  1.1378  1.4576  1.387  2.2108  0.5094  0.0167  0.399  1.2926  1.5606  0.7485  0.972  0.3478  1.0849  0.0192  0.3423  0.9412  0.3435  4.0608  1.0521  1.8562  0.9146  1.6411  0.5323  0.1987  0.6815  0.2634  0.243  1.2407  0.6024  0.7201  2.4504  0.3906  0.0571  1.1551  0.3251  0.065  0.491  0.1423  
trainID = 850  2.4488  3.4325  0.216  10.7164  2.2491  2.3466  7.1143  5.2456  4.0152  1.7388  0.213  0.814  1.2897  4.825  0.7671  10.0097  10.3711  12.9568  0.2475  0.7041  6.6201  1.6843  5.0687  2.5946  0.8797  4.8163  8.9444  1.1509  1.426  3.9748  0.784  4.1883  2.8519  0.8477  1.6687  2.4389  0.7206  2.0403  1.6237  1.999  0.149  0.8039  
trainID = 859  0.1259  3.5609  2.4658  12.3144  3.2084  1.4643  5.7987  3.1403  1.9987  1.4349  1.933  2.695  0.5838  4.0392  3.3589  9.9133  14.2311  11.0918  1.8206  1.3444  4.9203  0.619  4.8557  3.5767  2.0857  6.6278  10.8461  0.3684  1.4638  6.8382  0.615  4.4143  3.4066  0.6268  1.146  1.1382  0.2233  3.7763  1.8966  0.275  2.011  1.7675  
trainID = 917  1.5854  5.2599  2.2598  9.2803  3.5385  0.0134  4.7321  3.1621  2.4554  0.8379  1.417  1.966  1.5723  3.7611  1.2661  3.268  6.0677  6.4285  4.0228  0.9897  2.7542  2.0794  2.1679  2.4238  3.9045  2.699  11.0988  2.708  2.4886  4.824  0.64  2.4232  1.8063  0.5886  1.3139  2.9551  0.5345  1.7328  0.7288  2.071  0.659  1.6592  
trainID = 961  1.3169  0.542  1.9656  2.4831  0.0006  0.4105  4.3654  0.1981  0.781  2.3223  1.4196  1.8585  0.2526  2.5398  2.7725  0.104  1.3066  0.2577  2.3121  1.3387  0.4035  1.6436  1.0701  0.0763  4.222  1.1624  3.0198  0.6587  5.4528  0.9688  0.138  1.6056  0.6822  1.3522  0.214  0.2882  1.1845  2.6643  0.4406  1.813  0.644  0.2004  
trainID = 969  0.6844  1.156  0.972  1.638  2.3657  0.2605  2.4623  1.6821  0.2568  1.6996  0.8615  2.299  0.7319  1.8494  0.418  1.168  2.1737  0.8836  0.7825  2.5502  0.384  2.494  1.735  0.0405  2.6942  1.0678  5.6948  0.4872  1.6824  2.3491  0.164  0.8684  1.3879  1.704  1.6921  0.0467  2.238  0.937  1.1494  0.114  0.523  1.0891  2.452  
trainID = 1009  0.8848  2.9791  1.56  2.5912  0.8644  0.9415  3.12  0.9755  0.0877  1.8258  0.8038  0.775  1.3906  1.8294  1.8502  1.3827  0.7803  3.086  0.3608  0.876  1.4565  1.569  2.7828  2.3519  1.4061  1.5232  1.0774  0.8053  3.4155  1.6561  1.8634  1.74  2.5175  0.0099  0.6977  2.4424  0.285  0.6902  0.3784  1.6231  1.88  0.719  1.1488  
trainID = 1088  0.1055  1.358  1.355  3.0133  0.3802  1.2183  1.732  0.7953  0.4369  0.8505  3.575  1.943  1.2947  3.2943  0.1073  2.1109  2.6086  1.8534  0.2317  1.2452  0.3511  0.765  3.153  1.2597  2.2252  5.4528  0.7655  4.5141  3.1674  1.8959  2.4632  0.764  0.6483  0.8022  4.2522  0.151  1.0788  0.7455  0.3776  0.9267  1.735  2.382  0.2191  
trainID = 1105  1.0421  1.5541  1.18  8.0377  3.9551  0.9559  2.374  0.921  2.206  1.0389  1.451  0.238  1.8295  6.7409  2.072  1.3197  4.337  2.7313  2.1836  2.9624  0.9954  2.1661  3.8487  0.4235  6.3273  0.0431  9.4242  2.1066  3.9064  3.7683  0.228  0.2812  0.8084  0.9402  0.22  2.0322  1.5047  0.2404  0.2165  1.276  3.5795  0.6969  
trainID = 1107  1.1624  4.0025  0.616  9.4623  2.2471  0.5634  2.2602  2.3489  2.19  0.4012  0.032  2.951  1.512  5.2848  3.7304  4.212  4.295  4.1533  1.8158  2.2215  3.1009  1.172  1.2534  4.6567  3.6697  5.3259  4.6031  10.6116  1.8761  0.8473  4.6684  1.6653  1.6437  1.0999  1.4989  1.7066  1.9834  1.3286  2.5563  0.751  0.459  1.809  1.006  
trainID = 1126  1.679  3.3279  0.264  8.0378  1.5776  1.0363  5.2389  3.9596  0.1003  1.0474  0.7183  1.073  0.7335  4.4729  1.0769  2.3619  7.6621  4.8001  0.604  2.8692  0.3796  3.446  4.2937  2.7079  3.9888  2.4282  8.0405  0.0919  2.5628  2.1175  1.6827  1.0025  2.0523  2.9332  1.1308  0.1937  0.7313  1.3771  0.4058  3.05  1.542  1.8674  
trainID = 1153  2.2862  3.8582  3.7544  9.564  0.6645  1.7488  6.5857  5.5291  1.4893  1.488  2.79  0.8245  2.0665  2.1977  0.2244  6.1955  8.1064  9.0253  2.734  3.7537  6.4585  1.8946  2.1034  2.0846  0.1641  1.4187  8.3573  1.0455  2.3125  3.3963  0.447  4.2013  3.5517  0.4529  0.118  2.3119  0.7547  4.0973  2.8653  2.627  0.478  1.7063  
trainID = 1171  1.4057  5.6134  0.658  9.7271  3.6292  0.1123  4.4945  2.5109  0.6983  1.8594  0.426  2.144  1.5323  5.561  4.6744  6.8185  7.0236  7.5835  3.8093  1.3441  3.7224  0.7469  3.089  1.4273  5.1086  4.9859  12.4909  1.3893  2.0978  3.4644  0.02  3.0791  5.6107  0.9213  2.0993  2.4769  0.5382  1.0411  1.5949  0.499  2.068  0.8729  
trainID = 1189  2.2961  2.263  2.088  0.6965  4.3857  0.6983  0.432  0.2322  0.864  1.2745  1.1962  0.442  4.4058  5.9412  1.8216  3.5926  2.6162  1.9696  0.3081  2.1352  6.9873  2.27  4.8329  3.1471  1.4661  20.1933  10.9309  1.8937  2.7711  6.9136  1.0316  0.028  2.3657  3.6438  4.5493  2.8644  0.0658  3.0862  2.691  2.2843  1.686  2.5549  0.3383  33.9142  
trainID = 1200  2.1619  0.0334  1.433  5.544  4.0073  1.5145  4.3224  1.5  0.6754  0.8031  0.903  0.114  1.5582  6.7912  1.5378  1.0891  2.936  1.7948  2.8288  2.8624  1.5359  2.6177  2.0007  0.6227  7.7112  0.933  13.2891  2.7115  1.313  5.4764  0.972  1.5171  3.6981  3.5987  3.2626  3.4559  0.3699  1.3946  1.0877  0.2095  2.034  1.8608  
trainID = 1240  2.9157  0.6126  0.968  1.8213  3.338  3.4668  0.076  3.2744  0.5127  2.5144  0.456  0.9535  6.9556  1.69  0.9978  4.1038  3.2666  1.743  0.1909  1.3599  5.2257  0.755  5.422  0.8801  0.3165  19.417  8.7509  6.0352  0.1207  6.3737  0.7547  1.6766  1.6527  0.5867  5.2366  6.3086  1.7306  3.094  2.8389  4.3997  1.5677  3.608  0.5409  33.791  
trainID = 1246  0.4457  2.1637  3.1177  4.1019  0.3654  0.8793  3.4304  2.4307  1.413  1.4005  1.099  1.1616  3.4563  1.9975  2.647  1.2508  0.7165  0.3894  1.2801  1.3353  1.5566  0.596  3.1264  0.505  0.2881  7.308  1.8716  6.1228  0.9852  0.5006  2.8524  0.65  0.6412  1.9149  1.1331  2.1839  0.0631  0.3028  0.507  0.406  2.34  1.575  1.6908  
trainID = 1261  0.2734  4.2757  0.463  10.8369  1.3891  0.1671  3.4521  1.3626  1.1714  0.8372  2.282  2.926  0.3721  5.6039  3.3694  5.2092  7.1456  7.4007  2.0357  2.441  2.5096  0.2219  4.4087  2.9531  4.234  3.0629  12.7142  0.192  1.0685  4.8112  0.601  2.4777  4.8573  3.4903  0.842  2.7763  1.1673  1.7023  0.5517  1.2594  1.064  1.0392  
trainID = 1270  2.1107  0.5809  0.385  3.1455  3.6439  1.1212  3.7676  1.1723  1.869  2.1735  2.287  1.89  5.6737  0.5533  0.5687  1.8297  0.0307  4.9261  0.6236  1.1711  3.8987  5.899  1.0547  0.6585  14.71  9.1638  5.9673  2.5672  4.1236  0.6028  2.174  4.5634  1.9443  5.0996  1.8188  0.8169  0.5792  3.2323  2.9368  0.438  1.566  0.4123  35.8115  
trainID = 1281  3.8509  1.0713  0.355  2.5761  4.8057  0.6811  0.508  0.3056  3.137  0.8685  2.829  3.164  7.5151  2.8525  2.0009  2.7922  0.4684  3.1956  1.6859  2.3871  5.1767  2.6106  0.7905  2.1264  15.135  4.2959  9.9041  3.1014  3.9192  1.9314  0.524  0.8671  1.2753  3.7436  3.2154  1.7385  3.7562  1.2983  3.9021  0.8786  3.2894  2.5166  33.0681  
trainID = 1289  4.8167  3.6289  0.9136  3.6528  0.4715  0.2088  2.0734  0.036  0.852  5.6696  1.498  3.2766  4.2292  0.1679  1.3348  2.2929  4.5185  4.7369  0.149  1.8029  0.626  1.3965  15.1011  2.657  13.131  5.2192  7.0934  3.3672  1.9106  5.7765  1.7334  6.398  2.4755  1.6572  3.883  1.1907  3.3196  1.3211  3.5017  1.4908  34.2907  
trainID = 1293  1.5346  4.3908  2.4198  0.799  0.023  0.2145  0.71  2.06  0.574  7.8627  3.7213  3.54  4.4184  1.6552  3.0049  0.3181  1.6651  4.6665  0.449  4.2881  0.1706  0.202  20.1032  7.9816  9.2457  3.2196  7.2602  0.6059  0.196  3.6664  3.213  5.9226  3.9086  2.2997  1.4824  2.073  2.9932  0.367  2.073  2.1575  35.3111  
trainID = 1312  1.6559  0.2932  2.075  4.8794  2.3176  0.0711  1.149  2.0314  1.398  1.4966  0.588  1.009  4.1207  4.3339  3.7639  2.0021  0.7155  1.0326  2.4275  2.312  4.3263  2.7897  3.8007  0.6489  12.9245  2.4866  12.192  5.9719  2.6485  0.4324  1.45  3.0918  0.0967  3.6188  1.6878  3.039  2.5041  0.9532  2.0505  0.985  3.2012  2.9033  
trainID = 1327  1.6411  2.0381  1.733  1.0353  1.1338  0.4204  1.566  0.2687  1.914  4.0512  1.4519  1.5267  2.628  2.2632  1.0129  2.467  0.0733  0.0088  0.6531  0.1284  1.5498  0.427  6.0633  1.6588  0.9892  4.8314  3.8338  2.155  2.0944  2.1937  0.0081  0.753  0.3719  0.4764  2.9695  3.8987  0.5336  1.0228  1.0458  1.4174  0.8115  3.5401  0.2139  2.354  
trainID = 1334  0.633  1.7519  0.722  8.175  3.0945  0.2081  3.6846  1.2092  1.124  3.1457  0.878  2.033  0.5018  5.5851  3.9351  3.8501  3.5005  3.6497  4.0658  2.5526  2.7937  1.139  3.1924  2.7628  2.945  7.1778  2.3008  11.7115  1.825  2.3081  5.4515  2.2246  1.3968  3.0013  1.4117  0.201  2.4052  2.5729  1.3946  2.6521  0.5882  2.338  1.538  
trainID = 1360  1.7582  1.4715  0.559  2.4161  2.5087  1.8152  1.53  0.5584  0.1772  1.6831  0.589  1.4093  2.1694  0.815  0.2026  1.4018  0.2941  0.3581  1.1619  2.2729  2.3991  1.104  4.0159  0.5338  0.4113  7.5757  5.2612  0.3531  1.9376  3.1311  1.3783  0.826  2.8404  1.5844  2.9044  2.8652  1.8827  1.067  1.0571  1.7664  1.616  1.636  1.7651  
trainID = 1395  0.6712  6.1694  2.7044  15.2418  2.678  2.8997  6.4027  5.0512  1.7526  1.8416  3.674  1.127  0.0058  6.4301  3.4776  18.3283  22.4413  19.757  3.6337  0.3101  9.2137  0.9793  6.0907  5.0447  0.077  7.2043  13.3422  1.0212  3.1789  3.8963  0.647  4.9657  4.1925  0.3965  2.463  4.6286  1.4146  2.4173  3.1873  1.541  1.513  2.2423  
trainID = 1410  0.5213  0.9944  0.561  4.1523  3.8993  2.8048  1.72  0.9971  1.12  1.8688  1.015  0.674  3.6242  3.1181  4.1248  1.3545  0.4246  0.808  1.1908  1.5943  2.5788  0.26  1.3073  1.7824  4.2977  12.2326  1.3976  8.4127  3.438  1.6885  4.5608  2.2534  3.4815  0.9115  3.4398  1.9089  0.1704  2.0712  1.4525  2.5363  0.9912  2.9445  0.4885  
trainID = 1441  0.8843  3.213  1.472  9.1827  5.5452  2.7032  5.0773  3.166  0.6298  0.3004  1.249  1.84  0.4873  8.2333  2.3634  4.2679  6.5119  8.3289  3.3869  2.7137  6.3716  0.2892  3.5028  0.8107  3.3037  2.5285  13.9732  0.6265  1.8579  6.3378  1.9228  1.1539  0.2224  1.6974  1.2127  2.8053  0.4961  0.4945  1.3388  1.894  1.227  1.3681  
trainID = 1443  1.1107  1.2083  0.998  4.1728  5.0872  3.1668  0.388  0.5645  0.844  0.8984  2.237  1.216  4.9012  1.1085  2.3458  1.7309  0.8952  3.2116  2.0226  0.3162  3.1961  0.211  2.2383  3.2316  0.7708  10.5794  3.7074  7.0357  1.3898  4.2942  4.4076  0.255  0.442  0.4646  2.9081  1.8926  2.8592  2.8877  0.6387  3.252  0.009  1.177  1.2483  
trainID = 1446  0.5845  5.8766  0.415  14.5747  2.6094  3.2516  4.6419  5.2771  4.4223  0.0625  2.07  0.585  1.6458  4.2558  2.9909  13.5159  19.0672  18.3472  2.8339  0.7911  9.6325  1.4701  4.0537  1.7267  0.2889  5.9721  11.5096  3.0448  3.4515  3.7142  0.6  5.6501  1.4375  0.6536  1.534  6.2796  1.4736  5.5753  3.4418  2.657  0.892  2.0476  
trainID = 1474  2.524  0.7324  1.682  0.2426  4.784  0.8311  1.819  1.8085  5.024  2.1376  1.649  2.289  4.1968  0.7379  2.1303  2.5126  3.6566  2.3626  0.3533  2.7981  5.4462  2.9323  0.7764  0.1309  16.2722  6.6034  6.4037  3.2016  7.0073  0.5391  1.229  3.059  3.8336  4.2778  3.7953  0.3182  3.4179  2.2805  1.3378  0.644  0.142  1.6395  35.5203  
trainID = 1496  0.0916  0.2706  0.785  3.1323  1.689  0.0896  2.012  1.5903  1.5189  4.037  1.521  1.8444  1.2032  3.1954  0.5187  0.3152  1.7021  1.6305  1.4057  0.8935  1.1457  2.673  1.6007  0.4674  0.0391  0.329  2.3701  3.1817  0.7405  2.6367  2.1446  0.048  2.5114  0.8715  0.2906  2.8621  0.9635  1.122  0.7568  0.2929  3.104  1.295  1.3396  
trainID = 1505  0.0781  1.1711  0.182  3.5457  4.5106  0.191  1.646  0.3105  1.369  1.0058  0.7123  0.414  0.2227  1.0683  0.2308  2.2802  0.5609  0.9  0.5406  1.348  1.5978  1.9908  2.2503  2.6541  3.9086  3.0032  1.9421  1.0069  2.8928  2.3506  0.242  1.0107  0.0312  1.3589  2.4149  0.4882  1.4009  1.6875  0.1269  0.377  2.244  0.3643  
trainID = 1518  1.4928  0.2236  2.207  6.5276  3.458  1.1334  4.2023  0.8294  1.3691  1.3924  3.428  0.84  3.1739  5.8018  2.1182  1.6772  1.0727  0.395  1.8866  1.3648  2.2862  0.5818  3.8027  2.2145  10.4616  1.3023  12.8058  4.4527  0.3748  4.5112  3.5852  3.3695  1.3576  3.5589  1.6025  2.3174  0.7482  2.6206  0.0298  1.8944  4.3098  3.767  
trainID = 1541  0.6167  2.2896  1.9105  7.1491  0.8017  1.3504  3.2029  0.2228  2.351  0.1951  0.42  0.456  1.6317  4.2942  0.8754  1.0558  3.5454  2.2669  0.1012  0.361  3.4905  0.728  3.3928  1.8253  1.1687  1.1772  0.4157  5.6565  0.9357  2.8374  4.0215  0.718  2.0776  0.8609  0.3316  1.161  1.5578  1.4474  1.957  0.3066  0.5  0.004  0.5512  
trainID = 1562  0.5005  6.7924  2.2144  8.7867  4.7474  0.0718  2.5642  2.6414  1.9495  1.1997  1.093  2.826  0.6323  6.3896  1.7445  7.0862  8.6074  8.6884  3.4287  3.4887  1.4103  1.27  2.4783  2.8233  4.4492  2.6536  12.8282  1.6465  0.7182  4.8619  2.0064  2.3019  2.8862  1.5084  0.468  4.8298  0.9563  1.8672  0.4281  0.204  1.137  1.5942  
trainID = 1575  1.636  5.5634  0.637  1.728  0.0785  3.091  0.7421  1.464  0.079  5.8068  1.0605  4.7611  5.3998  1.5196  0.5783  1.3501  3.6548  5.6953  0.758  6.0629  1.7499  0.9147  19.5235  5.7848  13.9467  2.3282  9.7132  0.7239  1.002  5.1025  1.6029  7.2662  3.0543  2.2248  4.5408  5.1856  5.3507  0.6256  1.051  1.9018  34.9695  
trainID = 1623  0.1527  3.1665  0.296  9.8547  5.4211  0.4319  4.9091  3.4302  0.9936  1.4375  1.464  1.077  1.0952  5.3715  1.8353  7.656  9.8345  8.2893  5.2596  2.0299  4.9718  1.06  2.2095  1.5954  3.9897  3.5999  5.081  10.3409  1.1789  2.153  6.7621  0.511  0.4732  3.7308  1.0049  0.202  3.6198  1.682  1.0146  3.4026  2.658  1.196  0.2029  
trainID = 1629  1.549  1.6585  0.614  5.9894  1.5197  0.4449  3.486  0.5366  0.5598  0.4251  0.595  2.473  0.0991  0.6739  1.6033  2.5637  3.7641  2.5879  0.0599  0.5458  2.6924  0.088  2.4105  1.2619  1.3694  0.8566  0.5091  6.5984  0.8289  4.3728  3.8717  0.428  1.2115  2.1242  0.7906  0.214  0.987  0.5479  0.6138  0.4714  3.388  1.897  0.886  
trainID = 1637  1.4573  1.5008  0.822  3.4815  4.7749  0.578  3.0337  1.3107  0.921  0.3979  1.3251  0.672  3.7455  0.9571  3.175  2.4625  1.1489  1.7336  0.5827  2.1047  1.3191  0.815  4.6771  1.5787  1.4751  11.0386  2.4256  4.6902  0.2919  2.3303  1.9959  0.98  0.0921  0.6604  3.6031  2.2954  0.4978  4.3138  1.6769  1.3374  0.086  0.616  1.7658  
trainID = 1641  2.889  2.1574  3.3748  3.0769  3.25  0.5901  3.133  1.9403  1.3268  0.5144  2.2641  0.271  4.6981  1.4187  0.0326  1.9015  0.0874  1.1662  0.2934  1.3867  3.231  6.6465  1.2808  2.3094  7.5819  4.6602  0.6405  0.415  2.7693  2.9979  0.234  0.478  1.532  2.0844  3.3194  0.1285  0.5059  0.4432  1.0683  0.343  1.461  2.0643  2.06  
trainID = 1654  0.8611  0.7079  6.7281  6.5683  0.2955  0.1798  3.6697  0.6638  0.6121  2.406  0.156  0.625  1.5288  2.1491  0.4686  0.4786  0.1146  1.7795  2.2601  0.5526  3.9122  4.1312  1.8034  2.1575  1.6847  1.9082  4.1435  0.8577  4.6151  0.4991  0.089  3.2464  2.4008  0.2295  0.539  0.2215  0.0322  0.2333  0.9319  1.573  0.694  0.6566  
trainID = 1667  1.788  0.1999  0.442  1.1876  2.8037  2.3218  3.8849  0.8115  0.856  0.6099  0.272  0.8148  6.3457  2.0935  1.3201  1.5445  0.1941  1.4102  0.1032  2.1139  1.333  3.408  3.3846  0.4757  9.922  6.1699  1.0791  0.581  2.9554  1.1513  0.545  1.5953  2.5264  3.4969  4.8536  0.3753  0.0878  0.4736  1.4052  0.078  2.6322  1.6735  1.767  
trainID = 1669  1.0899  4.008  2.9278  1.622  2.309  2.497  0.4882  2.513  0.108  8.583  0.736  6.5632  2.9197  2.6182  5.4  1.9241  1.2617  5.5409  1.152  4.4872  0.0021  1.3013  19.0012  6.3119  14.1277  4.1847  9.8112  1.315  0.231  5.9753  1.9735  9.0121  1.6433  4.5932  5.1377  3.3203  3.4927  1.8244  3.7094  0.8882  33.7118  
trainID = 1683  4.1893  0.1143  0.946  6.7361  2.882  0.1366  1.911  2.8805  1.745  0.7622  0.352  0.031  0.9267  5.6497  3.1864  0.9759  4.5766  4.2352  3.9254  3.0801  0.1399  2.2017  3.4656  2.411  3.2522  0.5239  8.6133  3.0992  1.4707  3.3873  1.073  0.1133  0.9983  4.749  0.8623  2.2643  0.4613  1.2629  0.0441  2.192  0.575  3.0352  
trainID = 1727  2.0176  1.6894  1.422  3.4831  0.7211  0.3679  3.4286  0.4078  1.6064  0.553  1.399  1.7905  1.191  0.0758  0.4838  0.77  1.2161  0.0028  0.3925  1.0657  1.3233  1.314  3.5361  0.5562  0.2509  0.822  3.2732  1.285  2.5685  0.3712  2.3196  1.091  1.5338  0.1333  0.2431  2.2587  0.4829  1.9402  0.6111  3.1041  3.461  0.53  0.3182  
trainID = 1743  0.719  0.737  0.946  7.0495  3.1789  1.0186  3.0066  1.8908  0.9206  1.7839  0.106  0.612  0.4638  6.0631  0.7306  3.3758  4.0725  3.6894  2.3763  0.4604  4.8573  0.933  2.0301  1.8253  0.6431  0.701  3.034  8.0548  1.3993  4.1721  7.1662  0.875  1.6758  2.8693  0.2782  0.307  1.4199  0.6929  1.4882  0.7485  0.015  0.077  0.0257  
trainID = 1752  1.8141  1.3441  1.17  1.6507  1.786  0.8088  0.496  0.3151  1.2934  1.2452  0.714  3.354  1.9214  3.8244  2.791  1.0381  2.7394  2.0193  1.9147  0.185  0.1807  2.7473  2.8027  0.3069  7.8651  3.4586  7.7438  1.6374  0.6709  3.8554  0.03  0.7155  0.5069  3.5434  1.7724  1.4931  1.577  0.8034  3.0042  1.2296  0.566  1.4227  
trainID = 1756  3.4626  3.5282  0.208  11.952  2.6636  0.2624  4.2816  1.8311  2.8457  0.4038  1.461  0.347  0.2851  4.6836  1.0728  9.9691  13.6613  10.175  1.5771  0.6436  4.7195  0.3961  4.1017  3.3627  2.2322  3.1402  14.669  1.589  2.9698  4.1794  1.924  4.5349  5.5226  0.9421  0.106  4.564  3.5276  3.1843  0.9641  0.263  0.556  0.447  
trainID = 1803  3.2683  2.0607  0.774  1.7823  1.4091  1.5504  2.4888  1.2853  0.0579  0.8113  1.319  0.559  3.0423  1.3938  0.3048  3.1719  1.4108  1.2389  0.9401  0.7019  2.2193  3.7861  0.7715  0.7082  4.1798  2.4913  0.6494  0.7663  1.6632  2.8284  1.28  0.1382  0.7273  1.9585  3.1937  0.879  0.4776  0.1724  1.9619  1.142  1.174  0.085  1.612  
trainID = 1822  2.3327  1.4047  1.936  5.2114  0.5054  1.0185  3.1286  2.0856  0.604  0.9495  1.169  0.445  2.3963  2.1748  1.2922  1.5149  1.1209  0.6059  0.6138  1.2272  0.5612  2.8592  1.3631  1.5493  5.7166  0.8131  5.5871  0.5404  3.293  3.9629  0.073  0.8599  1.773  1.9578  2.4536  1.5305  0.3415  0.2911  0.0667  0.373  1.595  1.718  
trainID = 1831  2.0532  1.2647  1.088  4.4858  1.88  1.2025  2.0523  1.9008  0.8255  1.7192  1.1372  3.333  3.1514  5.42  4.0616  1.3748  1.7507  1.0431  0.6513  0.517  0.6783  4.4349  0.9585  0.7462  4.9842  0.0241  8.9787  2.2694  0.879  2.5587  0.778  0.1497  0.6037  3.6342  0.568  0.3905  2.6395  0.9644  0.7046  4.114  1.876  1.5516  
trainID = 1917  3.0357  3.0758  1.066  10.2255  1.3137  1.5645  5.0145  2.375  0.8499  1.0835  0.172  1.7964  0.79  3.4371  2.4012  10.8909  10.1823  10.1428  2.4408  0.8999  7.8723  1.021  1.9455  1.8777  2.6566  0.5426  6.2945  10.6464  3.351  4.8067  2.8192  0.802  3.3109  3.9561  1.3927  1.174  1.0271  0.9146  2.3241  1.055  0.309  0.351  1.5104  
trainID = 1996  2.7094  2.9003  1.6079  1.462  4.0357  1.024  2.0157  1.787  0.213  3.4068  1.1021  0.0962  3.9535  0.6868  1.1881  1.1611  1.5944  4.2595  1.422  2.5361  1.7429  1.8198  13.8738  3.0826  13.6315  3.603  5.4831  3.276  2.0495  3.3389  2.9236  4.7758  2.4306  3.6331  2.1113  0.6302  2.9846  2.669  3.7081  2.115  33.1653  
trainID = 2005  2.9719  0.0978  1.9193  1.8498  5.2264  0.7812  2.0571  1.9486  0.5642  0.3521  1.774  0.532  3.3172  1.533  3.7706  2.3356  3.606  2.7798  0.2771  0.3524  2.7571  0.574  5.0147  0.7961  0.4551  13.2243  7.126  4.0386  1.3793  4.1273  0.744  1.5931  0.8631  0.5189  5.1084  3.2138  0.3806  3.2203  0.3013  0.9557  0.494  6.0783  1.2279  33.2662  
trainID = 2109  4.5312  0.2193  1.489  0.5358  3.6015  3.2358  0.174  0.9117  0.153  1.1704  0.704  0.089  6.8492  3.9974  4.0602  3.1105  1.3754  2.8055  1.2962  1.5601  3.7756  4.7235  1.7914  0.0815  16.8724  11.126  1.4431  2.2813  4.6362  1.0058  1.8721  6.518  1.4614  5.2204  2.7966  0.3835  5.4965  1.3702  2.9467  0.254  0.509  0.9969  35.0423  
trainID = 2127  1.8552  0.662  0.134  11.5042  4.6191  1.3415  4.2724  0.5059  1.117  1.0653  1.142  1.086  0.1613  6.0876  1.9161  9.8813  10.0646  10.8709  3.2549  0.2079  6.3465  0.9075  4.1677  2.3897  1.3136  4.5489  12.1747  0.9152  1.1177  5.9091  1.151  2.5808  2.3807  2.2321  0.861  4.2441  1.5546  2.7433  1.7085  0.976  0.777  0.7412  
trainID = 2145  0.5673  4.6897  2.6381  8.5398  3.8555  0.4645  5.8058  0.6248  0.8817  0.618  2.642  1.4464  0.7505  5.3317  2.7832  6.0826  7.547  8.4464  0.1573  1.0297  4.1519  0.1758  2.4179  1.0385  4.4404  4.3556  10.6402  2.9125  1.5703  6.2519  1.5106  1.1304  4.5485  1.7799  0.751  1.0089  1.0853  0.3448  1.7944  2.215  0.388  0.7184  
trainID = 2151  0.7012  2.5696  0.639  7.4604  3.8134  2.4448  3.4258  1.2562  3.7602  0.0838  2.746  2.285  0.6182  4.9416  0.5927  6.1073  6.9511  7.0158  1.6781  1.1303  4.8681  1.3283  4.7987  3.4727  3.9488  2.6547  9.407  1.6042  2.4086  0.449  0.442  4.3881  4.2028  2.7335  0.428  1.3189  0.5324  1.8771  0.4327  1.304  2.208  1.3776  
trainID = 2161  2.4683  0.5707  0.195  3.1329  2.8112  3.3968  0.023  0.8709  2.475  1.655  0.538  0.6  4.0146  3.1358  2.9127  1.2468  1.848  0.6291  0.5277  2.6076  1.4333  0.853  3.2816  0.8652  0.5942  10.1955  5.3855  3.7134  1.6459  2.0044  2.3145  0.68  2.3804  0.6695  4.0115  4.0322  1.8633  2.0921  0.1216  2.8652  1.237  3.1601  1.376  
trainID = 2169  4.5999  5.5822  2.1507  1.308  0.7438  2.343  1.4455  1.077  0.418  5.0189  0.4853  4.376  3.5574  2.4798  0.3473  1.3881  2.2913  4.3521  1.134  2.698  1.2422  0.2916  18.3032  4.7749  10.2967  1.942  6.5571  0.1116  1.66  3.5231  0.4336  5.6519  0.416  0.8085  4.3771  1.4022  3.5283  0.315  5.134  3.6266  36.0334  
trainID = 2209  4.0248  1.6422  0.377  2.0076  1.2037  0.0597  0.558  0.2151  1.662  0.8131  0.416  0.761  5.7478  0.8436  2.2079  3.8884  2.5306  0.4892  0.4891  0.3526  2.7476  0.451  4.1913  2.3739  0.483  11.6586  6.3674  4.2329  1.4181  4.0539  1.2862  0.514  0.4923  0.4704  2.8992  1.8411  1.5523  0.2963  0.6486  2.4053  0.303  1.804  1.7177  
trainID = 2214  0.4514  2.5071  1.56  3.8055  0.1644  1.7984  1.879  1.0739  0.4952  3.4995  1.385  1.0902  2.4722  4.3446  0.8928  2.6211  4.3271  3.8938  0.4337  0.7421  3.3277  0.8681  0.4217  1.1616  1.5481  2.2993  6.5955  0.1554  3.3985  5.2364  1.616  1.2319  2.8641  0.0152  0.8343  1.2466  0.1624  0.9529  1.227  2.919  2.6123  1.4118  
trainID = 2288  2.715  3.6239  1.5083  1.773  0.9024  2.199  0.7999  3.104  1.2726  6.893  0.8388  2.6736  2.7694  4.5172  3.9492  1.8558  3.4612  4.1565  0.02  4.3764  1.0835  0.4361  15.2189  3.6328  12.796  4.5435  5.2925  3.2167  2.8867  3.1504  1.5626  5.9093  0.7941  1.9556  2.7766  3.3586  1.6435  0.377  4.0342  3.5703  32.6129  
trainID = 2353  0.0768  1.2949  1.547  6.9425  3.8143  1.071  1.952  1.2392  1.0943  1.8775  0.091  1.0954  2.7599  4.5151  2.5035  1.8467  1.2328  2.8492  2.9506  2.6146  0.7849  2.713  0.0545  2.5418  5.9819  0.1315  12.5075  3.2553  1.1688  3.0034  0.488  0.2736  1.3163  0.9633  0.491  3.3953  0.6413  0.6602  1.3653  0.014  3.0767  1.6696  
trainID = 2359  1.8468  1.4268  0.114  7.857  1.6101  0.3287  4.6156  3.4134  1.3155  1.0589  0.997  0.15  0.3212  1.9192  2.2695  4.5  6.0034  5.8746  2.5701  0.3879  3.428  1.7987  1.6004  2.7026  0.1815  1.6336  8.4444  1.6232  3.1276  3.4085  1.255  2.8332  2.9146  0.965  2.1681  2.6139  3.1396  3.2013  0.2064  3.068  1.438  0.5496  
trainID = 2439  0.8027  1.258  1.421  4.5446  1.4647  0.7546  3.3108  0.0933  2.449  1.6731  0.315  0.653  2.4915  3.6096  1.5061  0.7655  2.1004  1.1522  1.5269  0.0392  1.3957  0.431  2.4628  1.7903  1.0602  6.6238  2.4598  5.9612  1.0881  2.4337  2.1457  0.836  1.1158  0.3333  0.7757  3.1446  0.0558  3.2481  1.0762  0.3138  0.013  2.069  1.9053  
trainID = 2446  4.0735  0.6493  1.8945  3.2949  0.7762  0.8561  0.445  1.6631  2.078  1.0108  1.031  0.016  4.8088  2.184  2.8416  3.615  0.8825  2.94  0.5139  2.4058  3.2186  1.119  4.4119  1.9003  0.4406  14.1777  4.6578  9.0783  1.6622  2.7578  2.1401  1.853  1.6517  2.7621  6.0251  2.9309  3.4521  3.0838  0.5637  0.6822  0.097  4.4622  1.772  34.588  
trainID = 2473  0.876  6.0374  3.6681  11.9124  2.4952  2.1107  6.4774  1.2261  2.9419  0.0978  2.796  0.722  0.0236  4.6472  3.2952  9.5283  6.4346  7.3032  4.3378  2.6026  4.4761  0.8508  4.6387  2.797  4.1083  2.3823  12.7623  4.0529  3.0038  6.5107  1.6734  1.4382  5.9997  2.596  0.665  3.8907  1.6788  1.4756  1.4075  0.993  1.924  0.2871  
trainID = 2481  1.926  1.275  2.459  4.94  3.8862  0.9681  2.3054  1.1341  1.3524  0.4494  0.039  0.936  2.1111  4.6613  2.3376  2.5442  0.9677  1.503  1.0245  5.1473  1.7689  3.366  2.0221  2.5943  11.3264  1.8413  10.2042  3.143  1.3867  3.8317  1.55  2.8403  1.8336  4.8417  1.5909  0.6131  1.2665  0.1602  1.1913  0.9479  1.413  2.4924  
trainID = 2487  0.6042  1.7036  2.817  8.7212  3.1966  3.241  5.5158  5.0895  3.8505  1.6873  4.03  1.093  0.9888  4.6749  2.6608  7.7193  9.5388  10.4327  2.4899  0.5655  5.8565  0.9385  4.7447  2.7648  1.1444  3.0867  11.1308  0.6916  0.3087  5.2757  2.448  2.4591  4.7126  1.2641  0.81  3.4279  0.2062  0.216  1.4936  1.701  2.243  1.2644  
trainID = 2492  0.428  2.9544  0.236  8.2482  3.376  0.825  1.32  0.255  1.7148  2.6796  0.056  0.415  0.4989  5.0594  1.8093  6.1716  5.2435  2.2007  1.9332  1.3306  3.0446  2.5354  3.301  5.5877  1.8924  2.3872  10.8061  1.3623  1.623  3.556  1.3925  3.202  3.1114  0.8066  0.657  1.5441  1.6492  1.5397  0.4396  3.48  0.808  1.0213  
trainID = 2514  1.3421  0.6164  0.814  2.0329  0.0797  0.1136  0.442  1.4676  0.0655  2.2586  0.388  1.238  0.9809  1.9976  0.3374  1.6761  1.0936  1.1539  2.2418  0.991  0.2284  3.6954  0.4893  1.2335  1.5295  0.8164  2.7037  1.1907  3.7611  1.83  0.554  1.193  1.8895  1.0968  1.4017  1.2827  1.006  0.0759  0.5649  0.074  0.263  0.8844  
trainID = 2521  0.7197  5.1196  2.1607  10.6347  2.5075  0.1197  4.5213  3.5092  1.9074  35.0747  4.122  7.0115  1.7157  9.1285  9.3929  8.8422  5.2778  1.8979  5.9686  0.394  0.4186  3.8377  4.3717  3.7076  4.8837  13.8416  3.0968  4.0421  5.4438  1.8543  1.5289  6.293  1.793  0.094  5.0676  0.4081  0.1006  1.9738  0.1845  0.571  1.0197  
trainID = 2524  2.0123  0.5208  2.5954  0.4024  1.5513  1.7666  3.0243  1.1862  2.1  1.5136  0.718  1.458  4.2865  1.7174  0.2258  2.9611  1.0628  0.2831  2.3051  0.7207  4.7349  6.9157  1.1295  3.2587  11.3076  6.3014  0.2524  1.1545  3.0969  1.8382  1.473  3.9331  1.1104  2.0281  2.7538  0.4575  2.1457  1.8545  1.2987  0.9304  1.558  2.6622  
trainID = 2565  1.7634  4.7263  2.2328  11.4666  1.1191  0.6876  5.9043  4.3503  3.4907  0.9556  0.064  0.404  0.3305  6.4587  1.1665  16.812  15.2522  15.2621  5.5174  0.9085  8.1925  1.2539  3.9687  1.9747  2.5515  3.9074  14.3435  2.2275  2.0302  6.029  2.4605  3.5988  3.4961  2.6106  1.873  1.6455  0.1342  3.3983  0.8428  1.835  2.162  1.648  
trainID = 2586  0.188  0.953  2.3213  4.3223  1.8833  2.7688  1.55  1.0803  0.4701  1.2256  1.515  0.254  2.8839  4.4555  1.6311  0.4243  1.3982  1.3212  1.0847  0.3179  0.9848  1.344  3.2006  0.0887  1.9771  7.5736  3.6028  8.1223  3.1032  1.0388  3.7825  0.874  0.6728  1.2997  4.6642  3.424  3.4245  0.68  0.3397  0.506  0.9498  0.525  0.5318  
trainID = 2601  1.5446  0.7049  0.81  3.3965  1.4596  2.4428  2.413  1.2563  2.281  0.5075  1.656  0.864  4.2485  1.0735  3.1538  0.4339  0.6445  1.2988  0.0375  3.3805  1.9345  5.064  0.3518  2.1306  10.3231  1.9097  7.7659  0.0419  0.356  1.9646  0.715  2.7237  2.5997  4.9495  2.4649  0.5099  1.4526  0.9433  0.1432  0.695  2.8035  1.8158  
trainID = 2651  2.3611  3.4305  0.736  5.3296  1.9318  1.3931  1.215  1.9404  0.1663  1.4082  0.104  0.421  0.6676  3.2322  0.127  0.5473  1.1184  1.6364  0.1359  0.1601  0.4099  1.8989  1.4159  0.015  2.0631  2.5357  3.6622  1.11  0.7698  2.0317  1.8977  1.4308  0.4329  0.0946  0.287  0.5349  0.5582  0.3958  1.1007  2.323  0.492  0.2454  
trainID = 2667  1.4341  0.782  0.205  5.5187  0.8068  1.0459  2.7335  0.6434  1.099  1.5525  1.1842  0.299  2.7254  1.669  0.1484  0.5752  1.8162  0.767  0.3659  1.3102  0.605  3.077  0.2008  0.9324  1.6514  2.3065  3.6877  1.8963  2.5121  3.0602  0.32  0.904  1.691  1.8514  1.4795  1.0542  0.5925  1.5018  0.5766  1.598  2.642  0.3189  
trainID = 2676  1.3859  1.3063  1.377  9.9916  3.9745  0.9045  2.9711  1.5644  0.4466  0.1135  3.067  3.176  2.5254  3.416  0.9132  3.0428  0.6788  2.0448  0.2516  2.1748  1.257  1.1094  1.594  4.4927  9.187  0.7127  12.6594  2.6004  0.851  6.5362  0.151  0.6371  3.3041  4.0862  2.659  2.3389  0.785  0.2853  0.2438  1.311  2.002  3.0804  
trainID = 2746  1.7278  1.3652  0.46  1.2748  3.354  0.8541  1.862  0.1618  1.361  3.1149  0.042  0.703  5.4112  1.599  1.2976  1.3778  0.1061  1.1474  0.3  1.7505  2.2446  3.6457  0.6703  0.1385  11.0101  5.1679  3.2292  3.3306  3.0213  0.6409  1.78  1.3868  1.4269  1.2528  4.4588  0.0741  2.581  0.8915  0.9556  0.828  2.4853  1.3131  
trainID = 2754  1.6655  2.6269  0.273  6.7813  3.041  0.2355  2.5993  1.7127  0.6289  0.2942  1.046  0.594  1.2821  6.2754  2.0528  2.1187  1.0257  4.2408  0.2062  4.2953  1.8839  2.7387  2.7195  1.3214  7.9363  0.5723  12.3064  1.7286  0.3205  6.8077  1.6242  1.2803  2.5925  4.1783  1.0814  1.9825  1.0458  1.1782  1.7305  0.674  3.6546  1.9313  
trainID = 2774  2.0367  0.6323  1.026  5.798  4.3912  1.5318  2.2824  0.7017  1.74  1.0021  0.46  0.238  2.4576  3.69  2.7628  1.0274  1.6278  0.6707  2.9312  1.0413  0.6549  1.072  1.2918  1.6577  2.8135  11.5297  1.7213  8.0668  2.7246  0.7899  1.8264  1.6947  0.9864  1.7926  4.5519  1.8629  3.736  2.7885  0.8528  1.5878  0.37  2.277  0.6204  
trainID = 2797  0.1909  0.6245  0.239  6.5712  0.0661  1.2378  2.0858  0.4116  1.2356  0.847  1.126  0.052  1.9034  2.7021  1.1021  3.8988  4.6044  5.7535  2.0281  0.7553  3.0956  0.511  0.4365  2.5171  2.6753  1.0306  0.9312  7.8628  1.4325  2.5026  1.4464  0.137  0.1709  0.7165  0.3335  1.1909  1.2252  1.1176  1.9726  2.9329  2.232  0.621  0.9989  
trainID = 2824  0.0979  1.5  0.784  5.871  3.9155  0.9001  4.0403  0.8981  1.0734  1.8499  0.893  0.279  2.631  7.2945  1.4  2.2478  1.9093  1.784  0.516  2.3285  0.072  0.9011  0.737  1.9618  8.0312  0.8701  7.4508  0.6603  2.2304  2.9977  2.715  0.7976  1.2997  0.0711  1.599  0.0138  2.5521  0.291  0.4799  0.677  0.564  0.6377  
trainID = 2826  1.5345  0.0758  3.0591  6.9639  3.6358  1.4625  2.6828  0.8993  1.2227  1.1695  2.417  1.259  1.3546  2.6878  0.7814  3.2595  3.8231  5.5862  3.2974  1.1128  5.8753  1.4201  0.5378  1.3602  0.3926  2.2378  7.5953  0.8731  2.7828  2.2447  0.496  4.9426  3.2502  0.1844  1.2803  1.1721  0.0658  1.103  3.1676  2.737  1.016  1.4463  
trainID = 2838  0.8647  2.4629  1.53  7.749  2.7313  0.4459  4.3704  0.8926  0.2072  0.746  0.382  1.1433  0.3613  4.2337  1.9426  4.7395  7.409  6.6659  0.734  0.3734  3.9258  1.536  1.5  0.8461  3.4494  1.6183  10.633  3.1557  1.8372  4.1646  0.491  1.5679  3.2846  1.1426  1.1016  1.7704  1.0606  0.4034  0.5986  0.122  0.277  2.0643  
trainID = 2840  0.9175  1.8077  0.532  3.4039  3.4252  0.8629  4.1088  2.2869  1.761  0.5441  0.108  1.323  1.7519  2.8005  2.1548  2.5945  0.0937  0.5823  3.7876  0.2754  0.0218  2.4586  2.3442  0.4699  4.9371  1.9546  5.7766  1.3316  0.7489  1.3202  0.718  0.5647  0.4522  0.308  1.8606  2.1927  0.7771  0.051  1.8473  0.649  2.6609  0.5936  
trainID = 2885  3.9455  0.0636  3.0987  2.3219  2.0944  3.6198  1.301  1.5896  1.401  2.3044  0.805  0.669  4.2443  1.2751  1.9667  4.2745  0.5331  1.3354  0.8203  3.1724  2.569  0.7  2.9322  0.0352  1.7024  15.2533  7.5898  5.3485  1.1497  4.7981  0.5916  2.904  3.8582  0.7534  2.6358  3.3012  0.2427  2.5779  2.4169  3.2317  0.091  2.094  0.338  33.5142  
trainID = 2897  4.1363  4.9254  2.1685  1.209  0.291  1.89  2.2514  2.305  1.112  6.7312  0.6165  6.1293  2.7707  2.1966  4.4699  1.2751  3.9773  4.8076  0.403  2.5804  0.0734  0.3162  16.4464  5.2726  15.088  3.8975  9.4998  0.7669  0.747  3.0927  1.7822  6.6533  3.0984  0.555  0.8703  1.4867  3.3891  0.441  1.124  1.6116  33.1796  
trainID = 2904  1.0568  1.8141  0.96  3.7601  3.1399  1.6818  2.1648  2.0656  1.116  3.1794  0.7727  1.731  0.1547  2.1263  0.8005  0.8757  4.5797  0.8748  0.4566  0.853  0.1414  1.1  2.3931  3.5936  0.7479  7.2527  0.6878  2.5835  0.8247  0.3009  1.0666  0.297  1.0973  0.0217  1.2326  3.6452  0.0221  0.0994  1.5239  1.502  0.953  0.298  1.3961  
trainID = 2905  1.3978  2.9033  2.367  9.5352  2.3854  0.2649  1.432  2.7289  0.1771  0.2806  1.412  0.294  2.3694  2.5311  2.3055  1.7216  5.0112  2.496  3.1218  1.9363  0.836  0.359  1.2841  3.0687  2.8014  4.1226  0.1086  9.6517  3.0842  2.5276  5.4668  2.413  0.0845  1.0572  2.771  1.315  2.0128  2.4907  0.5078  2.6445  0.773  1.114  2.3953  
trainID = 2976  1.4519  3.4937  4.7468  0.41  1.882  2.925  2.8672  1.754  1.451  5.1513  2.7396  3.2795  7.0429  4.6797  3.492  1.1773  0.0011  6.3593  0.743  3.0903  1.0728  0.5046  22.6453  7.9687  13.1933  3.6033  11.6532  2.968  1.48  4.9742  3.3057  9.1504  4.6091  1.8032  3.9828  3.5809  2.5698  0.8417  2.279  2.6976  34.5933  
trainID = 2997  1.1018  1.2738  2.3206  8.1383  2.5019  2.5095  4.5108  0.1672  2.1437  1.4725  0.262  0.85  2.5876  3.0498  1.0184  6.3941  5.5208  5.2647  0.4298  0.7869  4.2403  1.5425  1.673  1.6532  1.4569  1.3831  4.8688  0.6559  3.9458  3.0527  0.124  2.4265  2.9497  0.7607  0.623  0.3642  0.1849  0.0417  0.195  1.578  0.023  0.9747  
TrainID = 805  dbValue = 0.95444  nTestCell = 44  nTrainCell = 42  nDiff = 2  (X,Y) = (1045, 1935)  Position Error = 16.1245
TrainID = 2514  dbValue = 1.16892  nTestCell = 44  nTrainCell = 42  nDiff = 2  (X,Y) = (1075, 1925)  Position Error = 38.2099
TrainID = 2651  dbValue = 1.28017  nTestCell = 44  nTrainCell = 42  nDiff = 2  (X,Y) = (1075, 1935)  Position Error = 32.249
TrainID = 467  dbValue = 1.32653  nTestCell = 44  nTrainCell = 43  nDiff = 1  (X,Y) = (1055, 1915)  Position Error = 36.8782
TrainID = 1727  dbValue = 1.33515  nTestCell = 44  nTrainCell = 43  nDiff = 1  (X,Y) = (1065, 1965)  Position Error = 22.8035
TrainID = 1505  dbValue = 1.37217  nTestCell = 44  nTrainCell = 42  nDiff = 2  (X,Y) = (1085, 1945)  Position Error = 38.4708
TrainID = 961  dbValue = 1.39173  nTestCell = 44  nTrainCell = 42  nDiff = 2  (X,Y) = (1055, 1905)  Position Error = 46.6905
TrainID = 969  dbValue = 1.39279  nTestCell = 44  nTrainCell = 43  nDiff = 1  (X,Y) = (1095, 1965)  Position Error = 50
TrainID = 1496  dbValue = 1.44725  nTestCell = 44  nTrainCell = 43  nDiff = 1  (X,Y) = (1075, 1935)  Position Error = 32.249
TrainID = 2667  dbValue = 1.45573  nTestCell = 44  nTrainCell = 42  nDiff = 2  (X,Y) = (1085, 1935)  Position Error = 41.2311
TrainID = 1009  dbValue = 1.46521  nTestCell = 44  nTrainCell = 43  nDiff = 1  (X,Y) = (1055, 1915)  Position Error = 36.8782
TrainID = 1803  dbValue = 1.4985  nTestCell = 44  nTrainCell = 43  nDiff = 1  (X,Y) = (1075, 1985)  Position Error = 44.0454
TrainID = 2904  dbValue = 1.55684  nTestCell = 44  nTrainCell = 43  nDiff = 1  (X,Y) = (1115, 1975)  Position Error = 72.111
TrainID = 437  dbValue = 1.5774  nTestCell = 44  nTrainCell = 42  nDiff = 2  (X,Y) = (1075, 1885)  Position Error = 71.6938
TrainID = 1088  dbValue = 1.61871  nTestCell = 44  nTrainCell = 43  nDiff = 1  (X,Y) = (1125, 1965)  Position Error = 79.2465
TrainID = 1629  dbValue = 1.63181  nTestCell = 44  nTrainCell = 43  nDiff = 1  (X,Y) = (1115, 1875)  Position Error = 101.98
TrainID = 2840  dbValue = 1.64667  nTestCell = 44  nTrainCell = 42  nDiff = 2  (X,Y) = (1125, 1975)  Position Error = 81.6088
TrainID = 1654  dbValue = 1.65155  nTestCell = 44  nTrainCell = 42  nDiff = 2  (X,Y) = (1085, 1875)  Position Error = 84.9706
TrainID = 1327  dbValue = 1.66427  nTestCell = 44  nTrainCell = 44  nDiff = 0  (X,Y) = (1065, 2015)  Position Error = 66.4831
TrainID = 1541  dbValue = 1.67953  nTestCell = 44  nTrainCell = 43  nDiff = 1  (X,Y) = (1125, 1905)  Position Error = 90.5539
TrainID = 1822  dbValue = 1.69084  nTestCell = 44  nTrainCell = 42  nDiff = 2  (X,Y) = (1115, 1955)  Position Error = 68.1175
TrainID = 1246  dbValue = 1.72563  nTestCell = 44  nTrainCell = 43  nDiff = 1  (X,Y) = (1105, 1985)  Position Error = 67.2309
TrainID = 2439  dbValue = 1.73651  nTestCell = 44  nTrainCell = 43  nDiff = 1  (X,Y) = (1125, 1965)  Position Error = 79.2465
TrainID = 1360  dbValue = 1.74566  nTestCell = 44  nTrainCell = 43  nDiff = 1  (X,Y) = (1075, 2025)  Position Error = 79.1202
TrainID = 2797  dbValue = 1.75641  nTestCell = 44  nTrainCell = 43  nDiff = 1  (X,Y) = (1145, 1865)  Position Error = 130.384
TrainID = 796  dbValue = 1.75982  nTestCell = 44  nTrainCell = 42  nDiff = 2  (X,Y) = (1125, 1935)  Position Error = 79.6241
TrainID = 2824  dbValue = 1.90056  nTestCell = 44  nTrainCell = 42  nDiff = 2  (X,Y) = (1155, 1965)  Position Error = 108.904
TrainID = 1752  dbValue = 1.91328  nTestCell = 44  nTrainCell = 42  nDiff = 2  (X,Y) = (1145, 1985)  Position Error = 103.73
TrainID = 1667  dbValue = 1.93226  nTestCell = 44  nTrainCell = 43  nDiff = 1  (X,Y) = (1105, 2045)  Position Error = 110.454
TrainID = 2214  dbValue = 1.9415  nTestCell = 44  nTrainCell = 42  nDiff = 2  (X,Y) = (1115, 1865)  Position Error = 109.636
TrainID = 2746  dbValue = 1.9477  nTestCell = 44  nTrainCell = 42  nDiff = 2  (X,Y) = (1105, 2035)  Position Error = 102.078
TrainID = 1641  dbValue = 1.95411  nTestCell = 44  nTrainCell = 43  nDiff = 1  (X,Y) = (1075, 2025)  Position Error = 79.1202
TrainID = 2209  dbValue = 1.96506  nTestCell = 44  nTrainCell = 43  nDiff = 1  (X,Y) = (1105, 2045)  Position Error = 110.454
TrainID = 2586  dbValue = 1.97113  nTestCell = 44  nTrainCell = 43  nDiff = 1  (X,Y) = (1135, 1985)  Position Error = 94.3398
TrainID = 1637  dbValue = 2.01737  nTestCell = 44  nTrainCell = 43  nDiff = 1  (X,Y) = (1125, 2025)  Position Error = 107.517
TrainID = 1831  dbValue = 2.03329  nTestCell = 44  nTrainCell = 42  nDiff = 2  (X,Y) = (1135, 1975)  Position Error = 91.214
TrainID = 1743  dbValue = 2.0579  nTestCell = 44  nTrainCell = 43  nDiff = 1  (X,Y) = (1135, 1895)  Position Error = 104.307
TrainID = 2997  dbValue = 2.07195  nTestCell = 44  nTrainCell = 42  nDiff = 2  (X,Y) = (1145, 1855)  Position Error = 137.186
TrainID = 2601  dbValue = 2.07775  nTestCell = 44  nTrainCell = 42  nDiff = 2  (X,Y) = (1145, 2015)  Position Error = 117.047
TrainID = 421  dbValue = 2.13267  nTestCell = 44  nTrainCell = 42  nDiff = 2  (X,Y) = (1175, 1935)  Position Error = 128.996
TrainID = 2353  dbValue = 2.13965  nTestCell = 44  nTrainCell = 42  nDiff = 2  (X,Y) = (1215, 1955)  Position Error = 168.048
TrainID = 2161  dbValue = 2.14964  nTestCell = 44  nTrainCell = 43  nDiff = 1  (X,Y) = (1105, 2035)  Position Error = 102.078
TrainID = 2774  dbValue = 2.21671  nTestCell = 44  nTrainCell = 43  nDiff = 1  (X,Y) = (1165, 2005)  Position Error = 129.769
TrainID = 446  dbValue = 2.22975  nTestCell = 44  nTrainCell = 42  nDiff = 2  (X,Y) = (1175, 1995)  Position Error = 135.351
TrainID = 1105  dbValue = 2.242  nTestCell = 44  nTrainCell = 42  nDiff = 2  (X,Y) = (1185, 1945)  Position Error = 138.13
TrainID = 2826  dbValue = 2.24918  nTestCell = 44  nTrainCell = 42  nDiff = 2  (X,Y) = (1135, 1845)  Position Error = 137.768
TrainID = 2524  dbValue = 2.25254  nTestCell = 44  nTrainCell = 42  nDiff = 2  (X,Y) = (1075, 2045)  Position Error = 98.0816
TrainID = 792  dbValue = 2.26129  nTestCell = 44  nTrainCell = 43  nDiff = 1  (X,Y) = (1195, 1915)  Position Error = 152.315
TrainID = 1443  dbValue = 2.2679  nTestCell = 44  nTrainCell = 43  nDiff = 1  (X,Y) = (1135, 2035)  Position Error = 121.655
TrainID = 1683  dbValue = 2.27232  nTestCell = 44  nTrainCell = 42  nDiff = 2  (X,Y) = (1185, 1945)  Position Error = 138.13
TrainID = 375  dbValue = 2.2833  nTestCell = 44  nTrainCell = 42  nDiff = 2  (X,Y) = (1105, 2035)  Position Error = 102.078
TrainID = 2838  dbValue = 2.29845  nTestCell = 44  nTrainCell = 42  nDiff = 2  (X,Y) = (1205, 1885)  Position Error = 171.231
TrainID = 2905  dbValue = 2.31536  nTestCell = 44  nTrainCell = 43  nDiff = 1  (X,Y) = (1185, 1925)  Position Error = 140.428
TrainID = 318  dbValue = 2.33195  nTestCell = 44  nTrainCell = 42  nDiff = 2  (X,Y) = (1145, 1885)  Position Error = 118.152
TrainID = 1410  dbValue = 2.35287  nTestCell = 44  nTrainCell = 43  nDiff = 1  (X,Y) = (1145, 2025)  Position Error = 122.801
TrainID = 1126  dbValue = 2.39682  nTestCell = 44  nTrainCell = 42  nDiff = 2  (X,Y) = (1165, 1895)  Position Error = 130.614
TrainID = 686  dbValue = 2.39816  nTestCell = 44  nTrainCell = 42  nDiff = 2  (X,Y) = (1195, 1925)  Position Error = 150.266
TrainID = 465  dbValue = 2.40158  nTestCell = 44  nTrainCell = 42  nDiff = 2  (X,Y) = (1195, 2005)  Position Error = 157.544
TrainID = 2359  dbValue = 2.40193  nTestCell = 44  nTrainCell = 42  nDiff = 2  (X,Y) = (1155, 1855)  Position Error = 144.499
TrainID = 2492  dbValue = 2.44053  nTestCell = 44  nTrainCell = 42  nDiff = 2  (X,Y) = (1195, 1895)  Position Error = 158.24
TrainID = 2481  dbValue = 2.48078  nTestCell = 44  nTrainCell = 42  nDiff = 2  (X,Y) = (1175, 2015)  Position Error = 143.108
TrainID = 2754  dbValue = 2.48296  nTestCell = 44  nTrainCell = 42  nDiff = 2  (X,Y) = (1215, 1975)  Position Error = 169.706
TrainID = 1200  dbValue = 2.52577  nTestCell = 44  nTrainCell = 42  nDiff = 2  (X,Y) = (1215, 1985)  Position Error = 171.406
TrainID = 2676  dbValue = 2.5526  nTestCell = 44  nTrainCell = 42  nDiff = 2  (X,Y) = (1225, 1975)  Position Error = 179.611
TrainID = 1107  dbValue = 2.66871  nTestCell = 44  nTrainCell = 43  nDiff = 1  (X,Y) = (1215, 1905)  Position Error = 174.184
TrainID = 1312  dbValue = 2.70179  nTestCell = 44  nTrainCell = 42  nDiff = 2  (X,Y) = (1185, 2035)  Position Error = 161.555
TrainID = 2151  dbValue = 2.77156  nTestCell = 44  nTrainCell = 42  nDiff = 2  (X,Y) = (1175, 1865)  Position Error = 154.208
TrainID = 1518  dbValue = 2.77496  nTestCell = 44  nTrainCell = 42  nDiff = 2  (X,Y) = (1195, 2015)  Position Error = 161.245
TrainID = 1334  dbValue = 2.78213  nTestCell = 44  nTrainCell = 43  nDiff = 1  (X,Y) = (1235, 1955)  Position Error = 188.043
TrainID = 917  dbValue = 2.81297  nTestCell = 44  nTrainCell = 42  nDiff = 2  (X,Y) = (1215, 1885)  Position Error = 180.499
TrainID = 469  dbValue = 2.85882  nTestCell = 44  nTrainCell = 43  nDiff = 1  (X,Y) = (1095, 2055)  Position Error = 114.543
TrainID = 2145  dbValue = 2.86029  nTestCell = 44  nTrainCell = 42  nDiff = 2  (X,Y) = (1235, 1875)  Position Error = 202.781
TrainID = 1261  dbValue = 2.8814  nTestCell = 44  nTrainCell = 42  nDiff = 2  (X,Y) = (1225, 1885)  Position Error = 189.842
TrainID = 631  dbValue = 2.90794  nTestCell = 44  nTrainCell = 41  nDiff = 3  (X,Y) = (1085, 1835)  Position Error = 122.066
TrainID = 1441  dbValue = 3.0236  nTestCell = 44  nTrainCell = 42  nDiff = 2  (X,Y) = (1225, 1885)  Position Error = 189.842
TrainID = 1153  dbValue = 3.04126  nTestCell = 44  nTrainCell = 42  nDiff = 2  (X,Y) = (1165, 1815)  Position Error = 180.056
TrainID = 2005  dbValue = 3.07964  nTestCell = 44  nTrainCell = 44  nDiff = 0  (X,Y) = (1095, 2065)  Position Error = 123.693
TrainID = 1562  dbValue = 3.1138  nTestCell = 44  nTrainCell = 42  nDiff = 2  (X,Y) = (1235, 1865)  Position Error = 206.737
TrainID = 1171  dbValue = 3.11832  nTestCell = 44  nTrainCell = 42  nDiff = 2  (X,Y) = (1245, 1865)  Position Error = 215.87
TrainID = 1917  dbValue = 3.13297  nTestCell = 44  nTrainCell = 43  nDiff = 1  (X,Y) = (1195, 1805)  Position Error = 207.894
TrainID = 1623  dbValue = 3.1778  nTestCell = 44  nTrainCell = 43  nDiff = 1  (X,Y) = (1245, 1855)  Position Error = 220.045
TrainID = 2127  dbValue = 3.17834  nTestCell = 44  nTrainCell = 42  nDiff = 2  (X,Y) = (1235, 1835)  Position Error = 220.907
TrainID = 2885  dbValue = 3.2151  nTestCell = 44  nTrainCell = 44  nDiff = 0  (X,Y) = (1095, 2085)  Position Error = 142.338
TrainID = 2487  dbValue = 3.30497  nTestCell = 44  nTrainCell = 42  nDiff = 2  (X,Y) = (1215, 1835)  Position Error = 204.157
TrainID = 850  dbValue = 3.30945  nTestCell = 44  nTrainCell = 42  nDiff = 2  (X,Y) = (1195, 1825)  Position Error = 194.371
TrainID = 2446  dbValue = 3.35155  nTestCell = 44  nTrainCell = 44  nDiff = 0  (X,Y) = (1135, 2045)  Position Error = 128.763
TrainID = 1756  dbValue = 3.40976  nTestCell = 44  nTrainCell = 42  nDiff = 2  (X,Y) = (1225, 1825)  Position Error = 218.083
TrainID = 1270  dbValue = 3.47819  nTestCell = 44  nTrainCell = 43  nDiff = 1  (X,Y) = (1095, 2095)  Position Error = 151.789
TrainID = 2473  dbValue = 3.55108  nTestCell = 44  nTrainCell = 42  nDiff = 2  (X,Y) = (1245, 1855)  Position Error = 220.045
TrainID = 859  dbValue = 3.57195  nTestCell = 44  nTrainCell = 42  nDiff = 2  (X,Y) = (1225, 1825)  Position Error = 218.083
TrainID = 2109  dbValue = 3.59241  nTestCell = 44  nTrainCell = 43  nDiff = 1  (X,Y) = (1075, 2095)  Position Error = 146.697
TrainID = 1474  dbValue = 3.6065  nTestCell = 44  nTrainCell = 43  nDiff = 1  (X,Y) = (1105, 2085)  Position Error = 146.014
TrainID = 1281  dbValue = 3.63057  nTestCell = 44  nTrainCell = 43  nDiff = 1  (X,Y) = (1145, 2075)  Position Error = 158.051
TrainID = 1189  dbValue = 3.68564  nTestCell = 44  nTrainCell = 44  nDiff = 0  (X,Y) = (1075, 2105)  Position Error = 156.525
TrainID = 1240  dbValue = 3.68865  nTestCell = 44  nTrainCell = 44  nDiff = 0  (X,Y) = (1085, 2105)  Position Error = 158.619
TrainID = 1996  dbValue = 3.71242  nTestCell = 44  nTrainCell = 41  nDiff = 3  (X,Y) = (1175, 2055)  Position Error = 164.924
TrainID = 633  dbValue = 3.79889  nTestCell = 44  nTrainCell = 42  nDiff = 2  (X,Y) = (1215, 1775)  Position Error = 243.311
TrainID = 2169  dbValue = 3.85915  nTestCell = 44  nTrainCell = 41  nDiff = 3  (X,Y) = (1145, 2085)  Position Error = 166.012
TrainID = 1293  dbValue = 3.96993  nTestCell = 44  nTrainCell = 41  nDiff = 3  (X,Y) = (1125, 2135)  Position Error = 199.85
TrainID = 1289  dbValue = 3.99683  nTestCell = 44  nTrainCell = 41  nDiff = 3  (X,Y) = (1155, 2085)  Position Error = 172.105
TrainID = 2288  dbValue = 4.00637  nTestCell = 44  nTrainCell = 41  nDiff = 3  (X,Y) = (1175, 2085)  Position Error = 185.311
TrainID = 2897  dbValue = 4.03995  nTestCell = 44  nTrainCell = 41  nDiff = 3  (X,Y) = (1165, 2125)  Position Error = 210.238
TrainID = 2565  dbValue = 4.07277  nTestCell = 44  nTrainCell = 42  nDiff = 2  (X,Y) = (1255, 1795)  Position Error = 260
TrainID = 309  dbValue = 4.21446  nTestCell = 44  nTrainCell = 41  nDiff = 3  (X,Y) = (1135, 2135)  Position Error = 203.961
TrainID = 1575  dbValue = 4.39582  nTestCell = 44  nTrainCell = 41  nDiff = 3  (X,Y) = (1155, 2155)  Position Error = 230.825
TrainID = 1446  dbValue = 4.40297  nTestCell = 44  nTrainCell = 42  nDiff = 2  (X,Y) = (1235, 1785)  Position Error = 250.799
TrainID = 2521  dbValue = 4.50141  nTestCell = 44  nTrainCell = 41  nDiff = 3  (X,Y) = (1255, 1855)  Position Error = 229.085
TrainID = 1669  dbValue = 4.64188  nTestCell = 44  nTrainCell = 41  nDiff = 3  (X,Y) = (1145, 2165)  Position Error = 235.372
TrainID = 2976  dbValue = 4.8345  nTestCell = 44  nTrainCell = 41  nDiff = 3  (X,Y) = (1115, 2165)  Position Error = 224.544
TrainID = 1395  dbValue = 4.8632  nTestCell = 44  nTrainCell = 42  nDiff = 2  (X,Y) = (1255, 1765)  Position Error = 279.034
TrainID = 505  dbValue = 4.88439  nTestCell = 44  nTrainCell = 41  nDiff = 3  (X,Y) = (1045, 2155)  Position Error = 204.01
