trainID = 137  3.5274  2.1344  2.0103  2.649  1.131  0.349  1.2415  2.4697  2.7253  6.0263  0.8509  1.0919  0.8795  4.8747  2.9824  1.0418  2.0256  3.0575  1.719  0.7216  1.438  0.9755  19.8885  7.507  9.7105  1.8165  8.4307  3.365  0.23  1.5418  0.7375  3.0595  0.751  1.576  3.4567  1.4775  0.8099  0.8409  3.5443  0.038  0.296  2.041  1.581  31.9245  34.4368  
trainID = 304  0.8449  1.4302  2.1493  2.742  1.4966  1.64  2.3034  1.0397  0.0376  5.4728  1.0984  2.8272  4.0255  4.5044  3.9458  1.7815  0.2273  2.25  0.989  0.224  1.59  0.2463  22.9955  8.3603  5.6193  1.8213  8.6983  3.2179  0.029  1.6719  0.7139  3.5594  1.805  4.082  5.7765  0.4455  1.8716  1.5858  3.9993  0.0499  0.156  1.305  1.3127  36.4861  35.6632  
trainID = 307  1.9047  1.8946  1.8919  1.2098  1.2957  1.5963  2.115  0.155  1.622  0.0297  0.1607  1.0003  1.1633  3.4684  2.5907  1.6048  0.6013  0.7087  0.316  2.0389  1.0074  1.19  1.0853  4.1684  0.741  1.1006  0.643  4.4475  0.4998  1.9711  1.4477  2.3716  2.948  0.7695  1.0471  0.6577  1.7984  0.6241  3.0559  2.969  0.355  1.222  0.4666  34.0329  0.161  
trainID = 323  1.4838  0.7554  1.5478  1.362  1.1996  0.3844  2.293  0.8848  1.184  1.947  0.7227  0.8713  2.3424  1.0794  1.7019  1.531  0.8042  0.503  1.3363  1.7367  1.2005  0.877  1.895  0.9158  1.0748  0.7846  0.0535  0.1845  1.3768  4.0313  0.6755  0.776  1.8558  2.2592  0.4168  0.253  1.1726  2.0382  1.4026  0.0543  0.6225  3.9546  1.614  1.264  2.3764  2.5783  
trainID = 326  4.1221  3.335  0.448  0.807  1.2  2.8113  2.356  0.6396  2.324  2.4503  1.4377  0.8423  6.5107  4.0523  0.7613  2.7884  2.7896  2.8466  1.368  2.2081  0.4925  33.4123  1.8481  3.3369  1.882  3.3832  9.9218  14.6527  2.7194  7.3516  5.0238  1.8763  2.056  2.163  2.5827  2.4815  2.3462  2.0298  2.7282  4.1036  0.904  0.207  0.2382  34.2179  0.746  
trainID = 423  5.7786  1.7282  0.826  3.4204  0.3246  1.5493  0.519  0.7665  2.263  0.0085  0.5737  0.0689  6.7687  5.368  1.2317  1.5257  2.4863  4.7063  0.526  1.1755  2.9635  36.607  0.4955  5.5353  2.7166  2.5109  5.4955  7.5964  1.7794  6.5322  5.0235  1.132  4.062  0.2308  0.2022  1.0937  3.895  0.3632  2.0007  2.6964  0.78  0.252  0.0167  36.621  0.543  
trainID = 556  4.7004  3.5254  0.7  0.4979  1.3954  0.2477  1.036  2.7787  1.3079  0.6998  2.9159  1.3292  5.2129  7.2983  2.1765  0.2618  3.0221  5.9962  0.612  1.5031  1.6501  37.2351  0.6308  4.1707  2.5884  4.9167  2.3148  5.5944  1.6179  3.2739  5.4331  1.9589  3.2892  0.8757  2.1309  1.5857  4.77  1.4689  2.9465  1.9036  1.627  1.541  0.286  35.0108  0.312  
trainID = 606  5.2339  2.4467  1.393  2.6594  2.0173  0.3913  1.58  0.3048  2.18  2.2774  3.5137  3.6733  3.5285  1.9637  0.7879  2.9543  3.8318  2.8476  0.369  1.9166  1.3589  35.5551  0.0414  3.7663  0.2603  1.3124  8.4454  11.2867  0.1906  6.1624  2.659  3.0639  0.134  0.5462  1.7205  1.1705  1.1881  1.0368  1.2691  0.0027  0.634  0.992  2.0233  32.7945  0.335  
trainID = 627  3.0444  0.2621  0.088  1.9693  1.4923  1.4783  1.097  3.3963  1.797  0.7378  1.5917  1.6143  4.5312  0.2341  0.8461  0.4713  3.4845  4.9716  1.0578  2.0774  1.1726  1.742  1.2815  1.8091  0.0154  15.0465  4.6479  7.795  0.5347  8.6525  1.2221  1.048  0.0132  1.083  1.0486  0.135  4.097  4.1002  0.5264  2.2073  0.3517  4.7396  0.5805  0.469  3.7622  1.8659  33.9139  2.722  
trainID = 662  1.225  0.1512  1.8883  2.241  1.7033  0.9072  0.1704  1.2057  0.3953  5.1611  1.293  0.2319  1.4634  4.2184  0.9729  0.076  0.3059  2.1685  1.71  0.8513  0.2565  1.4913  17.6135  3.515  8.0415  0.1003  8.2453  1.22  0.383  1.3385  1.7362  0.6222  0.936  1.747  2.3656  1.6215  0.0962  2.4123  4.3931  0.784  0.9321  3.0177  1.975  35.399  35.2464  
trainID = 706  1.3286  2.3661  2.6503  1.058  1.8675  1.597  1.5322  0.6537  0.4713  5.5951  1.9036  2.0366  0.6189  3.6226  2.1847  0.018  0.8144  1.5005  2.765  0.2405  1.365  1.169  20.0827  4.3798  11.228  1.8351  9.3758  2.3085  1.409  1.0529  1.1794  1.6695  1.568  3.102  6.6135  0.2583  1.2631  2.5996  6.6989  2.0432  2.3095  2.1463  0.798  33.2846  35.9786  
trainID = 914  1.9087  1.7047  0.986  0.2588  0.858  0.5749  1.574  1.6942  0.493  1.8598  0.0785  0.3543  1.5631  0.9192  0.726  1.4231  0.1071  1.5479  0.544  1.356  3.5332  0.1813  0.8591  0.1162  1.8514  0.1732  0.0667  3.487  3.1465  0.3348  0.686  2.3787  2.1264  2.7096  2.278  0.8537  0.7201  0.8942  0.0991  0.4452  3.4173  3.608  2.138  0.895  1.4697  34.1455  1.318  
trainID = 927  4.3919  2.5513  0.583  2.9484  0.9188  1.1236  2.306  1.923  1.543  0.0443  1.7867  2.5764  3.2848  5.5085  1.3188  3.074  5.4683  2.7716  1.7374  0.5199  1.7759  38.2089  3.0962  4.3424  3.7707  3.9496  3.7375  6.7205  2.7518  6.9839  3.0087  1.7102  2.8829  0.5778  0.1249  0.3182  5.8037  1.1256  0.739  4.0411  0.855  0.143  1.0045  33.5799  0.149  
trainID = 991  2.589  2.8186  2.2883  1.178  3.2601  1.049  0.4501  2.7597  0.4263  5.511  0.0253  1.2363  2.2498  3.0559  5.161  0.6972  0.5375  3.8715  0.23  1.2471  2.222  1.21  23.8909  8.6608  5.1842  2.2153  9.8197  4.9472  1.185  2.401  1.3354  2.5529  0.905  2.982  7.0614  1.8544  1.1184  0.7014  4.4158  0.0579  1.633  1.509  1.5787  36.2631  33.4363  
trainID = 1031  1.5987  0.3205  3.916  2.2322  1.4925  1.3813  1.212  1.814  0.406  1.9298  0.0386  1.3303  2.9506  0.3523  0.8248  1.9907  1.8796  1.8292  1.096  2.4236  0.0527  3.063  2.2279  1.649  0.4166  10.9365  3.8758  2.2753  0.0705  6.9606  1.3464  1.099  2.1142  0.871  2.1563  1.038  0.7702  2.661  0.3505  1.492  0.1828  1.3324  1.1614  2.5711  0.769  0.8988  36.7429  1.022  
TrainID = 323  dbValue = 1.33431  nTestCell = 48  nTrainCell = 46  nDiff = 2  (X,Y) = (1305, 1605)  Position Error = 22.8473
TrainID = 914  dbValue = 2.00986  nTestCell = 48  nTrainCell = 47  nDiff = 1  (X,Y) = (1305, 1615)  Position Error = 28.3196
TrainID = 307  dbValue = 2.18108  nTestCell = 48  nTrainCell = 45  nDiff = 3  (X,Y) = (1265, 1625)  Position Error = 34.6699
TrainID = 1031  dbValue = 2.52345  nTestCell = 48  nTrainCell = 48  nDiff = 0  (X,Y) = (1315, 1665)  Position Error = 75.6439
TrainID = 627  dbValue = 2.97553  nTestCell = 48  nTrainCell = 48  nDiff = 0  (X,Y) = (1325, 1695)  Position Error = 107.154
TrainID = 606  dbValue = 3.64043  nTestCell = 48  nTrainCell = 45  nDiff = 3  (X,Y) = (1245, 1665)  Position Error = 79.2591
TrainID = 662  dbValue = 3.64064  nTestCell = 48  nTrainCell = 45  nDiff = 3  (X,Y) = (1335, 1715)  Position Error = 129.468
TrainID = 423  dbValue = 3.8391  nTestCell = 48  nTrainCell = 45  nDiff = 3  (X,Y) = (1195, 1695)  Position Error = 133.124
TrainID = 556  dbValue = 3.91887  nTestCell = 48  nTrainCell = 45  nDiff = 3  (X,Y) = (1175, 1665)  Position Error = 129.004
TrainID = 927  dbValue = 3.95068  nTestCell = 48  nTrainCell = 45  nDiff = 3  (X,Y) = (1185, 1675)  Position Error = 126.657
TrainID = 137  dbValue = 4.11073  nTestCell = 48  nTrainCell = 45  nDiff = 3  (X,Y) = (1325, 1725)  Position Error = 135.359
TrainID = 326  dbValue = 4.19562  nTestCell = 48  nTrainCell = 45  nDiff = 3  (X,Y) = (1235, 1705)  Position Error = 119.507
TrainID = 706  dbValue = 4.23429  nTestCell = 48  nTrainCell = 45  nDiff = 3  (X,Y) = (1345, 1745)  Position Error = 161.003
TrainID = 304  dbValue = 4.31314  nTestCell = 48  nTrainCell = 45  nDiff = 3  (X,Y) = (1315, 1735)  Position Error = 142.415
TrainID = 991  dbValue = 4.43961  nTestCell = 48  nTrainCell = 45  nDiff = 3  (X,Y) = (1305, 1745)  Position Error = 150.473
