trainID = 134  2.9635  1.0912  2.2343  9.2978  0.1471  0.3417  1.4894  2.6275  2.826  0.4094  0.3578  1.375  0.9659  6.3488  1.9496  9.4048  11.1339  11.5911  4.5376  0.0424  10.9366  1.097  3.1119  1.4413  1.9931  0.9887  6.5521  7.8253  3.9126  4.529  4.4007  1.7454  6.809  2.4483  0.7393  2.682  3.8927  2.1176  1.492  3.8473  1.8656  0.323  0.1813  
trainID = 164  2.4637  0.7972  0.896  4.6593  1.0706  0.5208  2.1198  1.3617  1.7253  2.2501  0.1175  1.388  4.3994  4.0703  7.0107  2.5665  3.4928  0.9468  3.0153  2.0957  1.264  1.1297  0.2908  2.5097  8.9821  0.6036  8.795  0.3778  2.7801  0.7733  0.291  1.4182  1.5407  5.983  1.3604  5.3631  1.2138  0.7536  1.5569  1.9716  2.8687  2.0049  
trainID = 203  0.444  0.946  0.45  4.8036  2.3592  0.9773  3.4515  0.2442  1.8728  2.6624  0.4608  0.527  3.7506  2.6722  2.7176  0.0885  1.8371  3.1241  1.7497  4.4674  1.6793  0.2306  1.3837  2.2523  13.9009  0.6511  11.9306  0.8133  4.6717  4.3528  0.23  1.5641  0.4533  7.5051  0.4092  5.4757  1.0954  2.2469  3.1425  0.1664  1.194  0.1001  
trainID = 210  1.0451  0.3052  0.376  5.8622  0.7158  0.2417  2.3645  2.0765  0.2351  0.022  0.0717  0.8  0.8005  3.8657  3.4496  1.7628  7.1311  2.3151  0.881  1.2873  3.7444  1.365  2.5597  0.6694  2.9332  0.3726  1.5226  5.9148  2.0951  2.5271  1.6494  0.085  2.8038  0.5007  2.871  1.913  4.8716  1.2113  1.1461  1.8765  0.3431  2.3089  0.5415  
trainID = 216  4.1903  7.4511  1.418  13.7668  2.5424  3.9941  5.269  5.3655  4.5417  37.1109  1.1687  8.7258  1.7682  38.6456  3.6019  21.3595  4.8051  0.1655  10.9868  4.6864  3.9857  5.0046  2.3912  4.7499  14.4723  1.7736  4.2079  4.8058  1.1866  5.0448  4.2979  3.4229  4.404  7.2602  1.299  2.7826  2.7591  2.5456  0.681  0.1367  
trainID = 226  0.524  4.5047  0.903  0.0574  2.3233  2.668  1.9365  0.4624  0.4268  2.0485  0.3308  0.049  6.052  3.257  2.2244  0.6965  3.7393  1.7147  2.2595  2.7208  0.1807  0.693  1.9325  2.4612  0.061  3.1339  4.8618  4.1355  2.7676  3.919  2.6278  1.4044  0.5619  1.3795  4.094  0.01  0.7779  1.6347  0.1305  2.382  3.0176  0.149  0.131  
trainID = 231  2.1266  3.8935  3.133  1.8125  1.6635  1.2098  1.7159  2.0658  0.253  10.0843  3.697  3.4746  4.5532  1.9317  3.9552  2.6318  0.7664  2.8204  0.454  0.301  0.4552  0.9496  31.461  12.9027  0.3414  1.4617  8.2193  3.2974  1.021  3.3717  3.6142  9.3906  0.5891  2.5435  0.5939  5.1394  5.0354  0.9156  0.312  0.8872  
trainID = 241  6.1761  2.5807  1.5182  12.4263  1.7822  1.5496  2.3897  4.4666  4.9958  0.7261  1.0177  1.0167  0.5738  4.1759  3.8843  12.4613  1.0777  25.7265  3.2485  2.5578  11.9686  4.5478  2.8537  2.2804  3.8839  6.8464  6.7015  2.9634  3.7328  2.6757  2.054  6.533  2.7002  0.8603  2.453  3.4689  4.4086  2.4886  4.4315  34.184  
trainID = 243  2.9253  0.4569  1.852  4.5407  0.2336  2.4747  0.3924  0.4657  1.3506  0.5929  0.885  0.322  1.0089  4.1179  2.4914  1.397  3.8482  1.9869  2.0999  0.493  6.0684  2.2831  2.209  0.107  0.4621  1.3248  5.0084  2.9896  2.4373  1.2928  0.173  2.4666  2.1278  2.4424  2.059  2.2452  0.3369  1.7927  0.0211  1.2036  0.027  0.5831  
trainID = 268  3.7811  3.4849  0.11  6.8756  2.3348  0.161  0.1395  2.6868  3.5521  3.1367  1.166  1.233  6.3352  7.6715  6.3058  4.6794  7.5474  4.0377  2.9465  3.3039  5.9936  1.295  4.318  0.8472  3.4993  7.9928  4.3997  12.9862  0.1263  0.5576  3.9164  2.1754  1.0101  2.3444  6.5264  4.12  7.3621  1.3092  0.8118  0.4935  1.5556  0.685  2.6977  
trainID = 272  0.4687  0.0449  0.964  5.7259  1.2325  0.4159  0.8533  1.4991  3.521  2.3673  1.8878  1.7169  3.8685  4.3402  3.9453  0.2075  6.7679  2.0853  2.3851  0.5021  3.4553  1.9773  2.7717  0.691  5.8708  0.9615  6.8456  3.1088  2.5741  3.8016  1.075  2.8708  0.9486  2.9844  2.145  2.2629  0.0249  1.635  0.641  1.3506  1.355  2.5549  
trainID = 274  2.4442  0.1767  1.095  0.3723  0.5167  0.1632  3.2395  0.0213  0.4852  1.4792  0.6808  0.18  0.869  1.1071  0.7732  1.7455  2.4338  1.1777  1.8021  0.6536  3.0607  0.628  3.6535  1.673  0.5349  0.648  1.1764  0.1875  2.0514  1.2967  0.8269  0.032  0.7659  0.1943  2.3155  2.703  2.3308  1.04  0.8257  0.0048  0.5146  0.795  0.2575  
trainID = 309  0.4348  2.3262  4.162  1.2042  1.652  2.3138  3.8208  1.1178  0.068  7.1813  0.0283  2.9414  0.6617  0.3288  4.7056  1.7887  4.5888  2.5822  1.21  2.7578  0.078  2.3853  20.9684  4.4263  11.0451  1.2445  9.21  1.2323  0.414  1.645  1.5272  7.6248  1.1991  4.1048  2.7499  0.0069  3.0167  1.3836  0.515  3.5989  
trainID = 318  2.5815  2.4686  2.858  8.8677  0.4002  0.6417  0.6486  1.733  1.8938  1.9864  0.7067  2.5258  0.252  6.0646  2.5509  3.8604  6.5669  6.2811  3.5347  2.2013  7.7076  0.5205  1.5832  1.4394  3.2936  2.2552  8.9786  2.7915  1.392  1.2374  1.079  3.1114  2.982  1.2406  2.541  5.0911  1.7534  2.2266  2.7387  1.9766  0.295  0.5278  
trainID = 362  4.5825  7.7831  2.3546  8.883  0.9834  2.9283  4.6664  4.9338  4.9838  2.0742  2.1798  1.6119  1.4162  2.2381  2.1815  13.1258  0.1191  28.152  4.8563  1.3136  13.5426  8.6067  2.4247  2.5572  1.5044  7.9962  10.1755  2.0785  3.6311  2.2379  0.953  7.66  3.3167  0.1787  6.211  5.7128  4.7226  0.1054  3.5786  33.58  
trainID = 375  0.6462  1.429  0.204  1.9472  1.9964  1.9068  0.6021  2.3836  0.3608  3.9005  0.4808  0.5  5.1917  0.3401  2.9896  0.3006  2.3046  1.4298  0.459  1.6727  1.1302  3.4098  2.483  0.8596  11.547  3.5338  2.6607  0.2871  4.2506  2.7698  0.986  1.1316  0.7335  6.5532  0.2695  3.5077  3.1218  2.1837  2.6975  0.8906  0.501  0.0759  
trainID = 421  1.4881  1.0012  0.664  8.5946  2.1472  1.1808  1.8455  0.0345  2.1865  1.706  0.8658  0.496  1.8287  4.2656  1.6807  4.9968  6.5303  5.1905  1.8024  1.379  6.0625  3.032  0.9687  2.4858  9.0124  2.0769  9.1189  0.9044  0.2085  3.08  0.253  1.1566  2.6644  5.3846  0.4321  5.25  0.1124  1.49  0.4774  0.4166  2.3424  1.8445  
trainID = 437  1.003  0.8701  0.006  6.7946  0.3637  1.6942  1.0917  1.6559  0.3737  1.9208  3.1318  1.5311  1.1513  2.9789  0.9403  2.8579  4.3241  3.1795  2.3117  0.6421  7.2534  0.6544  0.5615  0.1534  0.219  3.0079  1.0509  4.4771  1.9918  1.8053  0.842  2.5424  1.4977  1.2082  0.3824  2.0409  1.6186  1.625  0.5271  3.7916  1.402  0.4173  
trainID = 446  1.2601  1.4923  1.154  4.0909  2.4773  2.2746  2.141  0.7745  0.5328  2.5136  0.8408  1.983  4.8137  4.8214  5.6114  0.3142  5.1841  0.7589  3.8571  1.6765  0.6864  1.3341  2.5696  2.5522  10.3087  0.1309  12.2189  2.2937  1.0255  5.5186  0.829  0.2582  0.7044  5.2555  2.153  2.68  1.2169  1.364  0.0547  0.3636  1.8297  1.3699  
trainID = 465  1.6493  1.1098  0.957  3.9162  1.2533  1.0799  1.5505  1.2218  0.5558  0.5537  1.3978  0.855  3.9316  7.0478  4.1321  1.0518  4.3734  1.2344  3.2067  3.9652  1.8991  0.612  1.0347  2.2548  11.7169  0.6336  10.7213  1.1437  0.407  4.7788  0.333  0.3736  1.6813  5.4124  0.0463  5.0032  2.2605  2.8949  1.1178  0.6106  0.431  3.562  
trainID = 467  1.0089  1.1225  0.071  1.715  0.2743  0.4648  0.4198  0.6272  1.6776  0.4615  0.7773  2.7003  0.0317  0.7339  2.1507  0.5339  2.1911  1.9313  1.6456  0.612  4.485  1.658  0.741  1.5458  0.2674  0.3467  0.0429  2.7097  0.5317  2.8506  2.7436  0.447  2.6052  1.5046  2.8364  3.021  4.6919  0.1999  0.9079  0.4899  0.6968  0.805  0.485  
trainID = 469  2.2585  0.4226  3.196  0.0333  0.7101  0.0457  2.0035  1.2748  1.4978  0.6091  2.9788  0.844  6.1934  0.6868  1.6521  3.6485  0.7047  1.1256  1.3626  2.1004  0.8205  0.7124  1.1755  1.0707  12.201  4.4487  2.9697  1.8957  3.7798  1.3783  2.476  1.2303  0.9454  7.7505  0.2251  1.6346  3.316  0.5184  1.6883  0.1151  2.0658  1.5352  
trainID = 483  3.8308  1.9622  2.2145  7.7656  0.5274  1.4029  3.389  2.314  2.5077  3.2958  3.7378  2.1527  0.4271  4.1599  0.8006  7.3056  8.7512  8.0834  4.5894  1.3857  6.7594  4.4224  0.2291  2.1883  1.0282  3.7743  7.8328  2.646  2.9175  5.2888  1.088  6.3293  3.0887  0.4302  1.3051  2.0299  3.3396  1.2133  1.1794  31.731  
trainID = 489  0.6889  4.1787  0.387  8.594  4.0657  0.8642  0.0882  5.9397  4.3237  34.7929  5.3416  7.4472  3.9948  9.9452  7.5668  9.8376  5.4785  5.4446  7.0265  4.8138  0.9649  3.0482  3.4125  4.2797  14.2053  1.7822  1.5619  3.055  2.6435  3.8656  2.9791  3.1848  1.954  7.4107  0.3632  1.531  3.0647  3.5726  1.243  2.0857  
trainID = 493  4.529  6.8141  1.091  12.6155  6.5876  0.7385  3.1209  5.6343  2.4701  37.4319  3.1879  6.7639  5.557  17.0584  5.8825  10.3651  5.5045  5.191  9.9041  5.5436  3.2977  3.2602  2.9598  6.7644  15.858  0.9858  0.4778  5.4042  1.3609  4.5504  5.1651  4.6127  5.413  8.3749  1.0591  0.5589  2.9877  0.9366  0.047  0.1983  
trainID = 505  1.4623  1.3532  2.666  2.2655  2.8166  0.9545  2.7092  2.6528  2.607  10.5106  4.3948  4.4252  4.8136  1.2649  0.8787  0.296  0.4316  3.3456  1.234  1.7368  2.7964  0.8496  29.5296  17.9018  1.942  1.0175  6.9959  2.8104  1.399  4.7144  2.6542  9.3847  1.3217  1.8837  4.7742  2.2655  4.5315  0.7316  1.077  2.5436  
trainID = 507  3.9135  8.1291  0.471  10.1697  0.0913  4.4096  3.0052  3.2081  4.576  0.1165  2.3648  1.08  1.2191  4.3737  3.8045  15.608  2.4648  32.0537  6.0997  0.8088  13.3845  4.747  2.3397  1.4003  2.8948  6.7675  12.7776  4.8931  4.5999  4.7503  0.421  7.126  6.2543  1.8615  3.452  6.3523  3.2536  0.7354  3.142  33.015  
trainID = 552  2.7966  1.193  1.5921  5.0958  2.8702  3.4275  0.1581  1.861  0.8438  1.0911  4.1518  0.9  2.0346  3.2326  0.1429  1.8808  4.9899  5.9305  1.4328  0.4553  6.153  0.981  3.4069  2.0697  2.7115  0.779  3.9892  5.3713  0.968  2.3329  2.459  0.853  3.4214  2.138  0.3737  0.6657  4.5606  2.5786  2.2186  0.104  
trainID = 616  2.1393  2.4338  2.238  7.1531  5.7498  0.7853  0.8536  0.2166  0.6263  37.2399  3.7066  4.4292  2.8385  1.5541  5.6404  4.4073  4.2429  5.7801  1.5417  2.4646  1.4027  1.9033  11.8956  1.6468  14.9751  0.4631  3.0678  5.1339  1.02  0.1646  2.6859  8.0796  1.4677  4.8416  0.1381  3.0017  2.4568  0.514  1.9887  1.2115  
trainID = 631  2.4451  0.5317  1.208  4.8193  1.0936  0.7148  3.4148  0.7718  0.5978  1.6647  1.3718  2.6005  2.9808  1.3411  0.2297  2.6392  4.9182  6.4282  1.002  2.9424  6.1966  0.975  2.4426  0.2162  0.7179  2.157  3.5274  5.9251  2.3587  2.7366  2.3031  1.053  5.9274  2.813  1.2659  3.609  1.248  2.5866  1.7546  0.5981  35.379  
trainID = 633  3.1709  6.7151  1.457  14.2693  0.7135  2.0096  1.9063  5.4311  4.4797  1.8869  0.2385  0.966  1.5911  4.9359  3.4316  15.3577  16.639  16.8497  4.8219  0.8291  10.4348  6.324  1.6654  4.5316  1.2268  6.8041  12.2142  2.4651  1.9569  0.0004  0.306  6.624  4.1281  0.5323  2.676  2.9058  2.8536  2.7436  2.047  0.1609  1.613  0.8496  
trainID = 686  2.3669  2.9216  1.023  8.8708  2.1533  0.6117  0.143  0.5971  0.9635  1.8095  1.8058  2.286  2.5414  7.4003  3.2076  5.2493  6.9124  3.7796  2.6348  3.725  4.6587  1.5473  0.9982  1.1714  5.4605  2.8807  11.5621  1.5215  1.8026  4.0515  1.6783  0.329  2.9855  5.5544  1.8323  5.9665  1.9215  2.4056  0.1638  0.7976  0.636  1.1787  
trainID = 696  2.025  4.2502  2.944  8.7473  5.7757  1.4544  0.1385  2.3398  0.3473  35.6559  4.5408  8.1798  4.0173  14.132  2.6363  6.9657  5.1006  6.1939  4.3059  6.0214  2.4277  5.8416  6.2014  3.8258  15.1762  3.1266  2.4623  6.2868  3.0238  2.3936  4.0386  3.6687  3.919  6.7822  0.7184  0.769  1.6527  1.8906  1.11  4.0029  
trainID = 792  2.9536  2.0584  0.66  5.039  0.8936  1.7942  2.1176  0.5658  2.6695  0.959  3.4688  0.839  3.4828  5.9746  3.2765  4.3373  10.4858  4.061  4.9191  2.2567  3.723  1.312  2.5729  1.8436  2.5945  4.0264  4.0405  9.4535  0.481  0.2356  6.2277  0.224  0.8855  0.3957  3.6205  1.4278  4.5077  0.3963  0.9661  0.0303  0.5148  0.761  0.3219  
trainID = 796  3.4422  0.3185  0.542  6.3924  1.5205  0.3327  0.9135  1.7277  0.2103  2.7923  0.1959  0.112  2.2779  4.8432  1.3288  1.2107  7.4291  3.1249  5.0674  0.1935  4.3264  1.1847  2.2847  1.8809  5.455  1.5266  4.744  2.5692  0.5439  1.4352  0.543  0.966  2.9649  4.9046  3.683  3.0639  0.2539  0.0087  1.2538  0.7036  0.29  0.9851  
trainID = 805  4.1402  2.0359  1.37  0.1604  1.6545  1.6208  1.8525  2.1895  0.0242  1.4959  0.2818  1.4726  2.4296  0.3586  1.7452  2.0933  3.5187  1.1585  1.4598  0.2876  3.4042  0.4073  2.7251  1.3213  0.2666  0.4647  0.7198  1.8527  0.6152  0.5635  0.275  2.0066  0.7967  1.5954  0.2526  1.9402  1.0971  1.9808  0.3203  0.4496  0.304  0.1152  
trainID = 850  4.893  3.6092  1.311  10.3441  1.7324  2.1834  3.8748  5.2243  4.5004  0.2596  0.8938  0.634  0.4207  5.9321  0.0061  11.7552  12.8049  14.1345  2.0496  0.0505  9.6808  5.3378  3.3957  3.1295  1.5277  5.9927  9.1319  3.2023  0.1293  3.1479  0.816  4.9542  3.0462  1.4678  1.0343  4.7697  1.7606  1.2146  1.6285  2.5136  0.646  0.5464  
trainID = 855  4.5759  8.1701  2.48  11.6182  5.7006  0.5537  1.8523  2.3941  3.3722  37.1309  2.8329  7.4164  3.4972  27.2299  1.5028  11.7943  7.3629  4.2173  11.8678  3.5642  0.8517  3.1153  5.3262  8.1956  16.9927  1.8494  0.7351  5.2519  1.7749  6.803  4.1969  2.7733  2.781  6.193  1.0084  1.132  1.8879  3.3036  1.559  0.0686  
trainID = 859  2.3183  3.7376  1.3708  11.9421  2.6917  1.3011  2.5592  3.119  2.4839  2.9141  2.6138  2.515  1.4528  5.1463  4.1321  11.6588  16.6649  12.2695  3.6227  0.6908  7.981  3.0345  3.1827  4.1116  2.7337  7.8042  11.0336  2.4198  0.1671  6.0113  0.583  5.1802  3.6009  2.9423  3.849  3.469  0.8167  2.9506  1.9014  0.7896  1.216  1.51  
trainID = 909  0.1412  2.0142  0.461  2.3858  0.0723  0.1888  0.3943  0.9991  1.1518  0.7217  0.1063  1.3326  0.6417  1.1579  0.7582  0.6155  2.4192  0.329  1.6332  0.2534  0.8366  0.066  0.6684  4.0747  0.2521  1.0237  1.5378  2.2364  3.0921  2.2258  0.3163  2.5463  0.2299  3.1753  0.0118  1.1825  0.6289  0.342  3.11  1.0476  
trainID = 917  0.8588  5.4366  1.1648  8.908  3.0218  0.1766  1.4926  3.1408  2.9406  0.6413  2.0978  1.786  2.4413  4.8682  2.0393  5.0135  8.5015  7.6062  5.8249  1.6433  5.8149  5.7329  0.4949  2.9587  4.5525  3.8754  11.2863  0.6566  1.1919  3.9971  0.608  3.1891  2.0006  2.9041  1.3891  5.2859  0.5055  0.9071  0.7336  2.5856  0.136  1.9167  
trainID = 929  1.3931  3.6078  2.193  6.6271  6.4149  1.96  2.9102  0.9195  1.932  38.4609  2.4787  8.0123  4.9881  6.123  5.3214  4.863  6.5344  3.7823  7.7113  1.4065  1.4394  3.0468  6.2921  4.017  18.9441  3.8405  2.0109  5.3975  0.511  1.9175  3.2365  6.2485  2.154  4.6946  1.1156  0.2997  0.7457  0.7496  0.93  2.0749  
trainID = 945  6.7344  4.671  0.8483  13.3549  0.1841  2.8835  2.4357  4.5793  3.2623  0.3442  1.6138  0.185  0.5152  5.218  2.7584  14.1779  4.6906  27.9762  2.2416  2.3705  12.9961  4.1373  2.8477  1.9185  2.9363  7.8719  10.2395  3.1366  3.6018  0.4099  0.527  6.827  3.532  1.238  3.664  7.8598  2.9636  2.6886  4.3599  34.48  
trainID = 961  1.1273  0.7187  0.8706  2.1108  0.5173  0.2473  1.1259  0.1768  0.2958  0.8431  0.7388  2.0385  1.1216  3.6469  1.9993  1.8495  1.1272  0.92  0.51  0.6851  3.4642  2.0099  0.6029  0.4586  3.574  0.014  3.2073  2.7101  4.1561  0.1419  0.106  2.3715  0.8765  0.9633  2.489  2.0426  0.1445  1.8386  0.4358  2.3276  0.151  0.4579  
trainID = 969  1.7598  0.9793  0.123  1.2657  1.849  0.0973  0.7772  1.6608  0.2284  0.2204  0.1807  2.119  0.1371  2.9565  0.3552  0.5775  4.6075  0.2941  2.5846  1.8966  3.4447  1.1595  0.062  0.4944  3.3422  0.1086  5.8823  1.5642  0.3857  1.5222  0.132  0.1025  1.5822  4.0195  1.0109  2.2841  1.198  0.1113  1.1446  0.6286  0.272  0.8316  
trainID = 1009  3.329  2.8024  0.465  2.2189  0.3477  1.1047  0.1195  0.9968  0.3975  3.305  0.123  0.595  0.5216  2.9365  1.077  3.1282  3.2141  4.2637  2.1629  0.2224  4.5172  0.941  0.8707  0.6789  1.941  0.8752  0.099  0.6178  5.4669  0.3594  1.0365  1.772  3.2834  0.1844  1.6178  0.2606  2.0458  1.7302  0.4473  1.6279  2.3946  0.076  1.4063  
trainID = 1056  3.2636  4.1582  3.275  1.4375  0.2858  1.0008  3.2981  2.6898  0.638  6.419  5.2574  4.039  1.678  1.12  2.1114  4.2551  2.7546  1.7867  0.206  2.0048  1.67  1.4033  13.7911  0.1197  14.9074  4.1771  3.9224  5.595  0.59  2.0181  2.0308  6.733  1.2333  6.6779  2.4467  2.3785  1.0012  1.4626  4.8224  2.8573  
trainID = 1088  2.3387  1.5347  0.26  2.641  0.1365  1.3815  1.5075  0.774  0.9221  2.3297  4.2558  1.763  2.1637  4.4014  0.6659  0.3654  5.0424  3.0311  2.0338  1.8988  2.7096  0.137  0.5005  0.4133  2.7601  6.1008  0.4109  4.7016  1.116  0.5992  1.6363  0.732  0.1176  0.9965  6.5677  2.854  3.4096  0.2945  1.2033  0.9219  2.2496  1.587  0.4766  
trainID = 1105  1.4021  1.7308  0.085  7.6654  3.4384  1.1191  0.8655  0.8997  2.6912  2.5181  2.1318  0.058  2.6985  7.848  2.8452  3.0652  6.7708  3.909  3.9857  3.616  4.0561  1.4874  2.1757  0.9584  6.9753  1.1333  9.6117  0.0552  2.6097  2.9414  0.196  1.0471  1.0027  3.2557  2.483  4.363  0.4647  1.0661  0.2117  1.7906  2.7845  0.4394  
trainID = 1107  1.2818  4.1792  0.479  9.09  1.7304  0.4002  0.9793  2.3276  2.6752  1.8804  0.6488  2.771  2.381  6.3919  4.5036  5.9575  6.7288  5.331  3.6179  2.8751  6.1616  1.8  2.4001  2.9837  4.2046  5.9739  5.7795  10.7991  0.1753  0.4494  3.8415  1.6333  2.4096  1.2942  3.8144  0.9964  4.3142  2.3686  1.7306  0.7462  0.9736  1.014  0.7485  
trainID = 1118  5.308  6.1247  0.503  14.4126  1.9844  4.7484  2.2033  4.8863  3.7035  1.638  2.7868  1.165  0.2278  3.7702  6.3306  14.1304  0.6894  34.1884  4.8637  1.3848  13.0653  4.9346  3.2847  1.7007  3.2795  9.5726  11.3824  1.5906  3.9871  2.95  2.6821  6.3327  4.0666  0.5261  1.8186  4.8702  0.4132  1.9426  4.7549  31.975  
trainID = 1126  0.7652  3.5046  1.359  7.6655  1.0609  0.8731  1.9994  3.9383  0.3849  0.4318  0.0375  0.893  0.1355  5.58  1.8501  4.1074  10.0959  5.9778  2.4061  3.5228  3.4403  0.2075  2.6207  3.2428  4.6368  3.6046  8.228  2.1433  1.2661  1.2906  1.6507  1.7684  2.2466  5.2487  1.5722  2.5245  0.3087  0.5514  0.401  3.5646  0.747  1.6099  
trainID = 1153  4.7304  4.0349  2.6594  9.1917  0.1478  1.5856  3.3462  5.5078  1.9745  2.9672  3.4708  1.0045  1.1975  3.3048  0.5488  7.941  10.5402  10.203  4.5361  3.1001  9.5192  5.5481  0.4304  2.6195  0.4839  2.5951  8.5448  3.0969  1.0158  2.5694  0.415  4.9672  3.746  2.7684  2.585  4.6427  1.7947  3.2716  2.8701  3.1416  0.317  1.4488  
trainID = 1171  1.0385  5.7901  0.437  9.3548  3.1125  0.2755  1.255  2.4896  1.1835  3.3386  0.2548  1.964  2.4013  6.6681  5.4476  8.564  9.4574  8.7612  5.6114  1.9977  6.7831  2.9066  1.416  1.9622  5.7566  6.1623  12.6784  0.6621  0.8011  2.6375  0.052  3.845  5.805  3.2368  0.6037  4.8077  1.5782  0.2154  1.5997  1.0136  1.273  0.6154  
trainID = 1189  0.1481  2.0863  3.183  0.3242  3.869  0.8615  3.6715  0.2535  0.3788  2.7537  0.5154  0.622  5.2748  4.8341  2.5948  1.8471  0.1824  0.7919  2.1102  2.7888  3.9266  1.642  1.1794  4.8201  0.9312  20.8413  9.7545  2.0812  4.8225  8.2103  1.8585  0.06  1.5998  3.4495  6.8648  0.1614  2.265  2.0462  3.5167  2.2795  2.2006  1.7599  0.0808  
trainID = 1200  0.2823  0.2101  0.338  5.1717  3.4906  1.6777  1.0829  1.4787  1.1606  0.6761  1.5838  0.294  2.4272  7.8983  2.311  2.8346  5.3698  2.9725  4.6309  3.516  1.5248  1.0358  0.3277  1.1576  8.3592  2.1094  13.4766  0.6601  0.0163  4.6495  0.94  0.7512  3.8924  5.9142  0.5596  5.7867  0.6701  2.2203  1.0829  0.3051  1.239  1.6033  
TrainID = 274  dbValue = 1.13796  nTestCell = 43  nTrainCell = 43  nDiff = 0  (X,Y) = (1055, 1965)  Position Error = 20.6155
TrainID = 909  dbValue = 1.15954  nTestCell = 43  nTrainCell = 40  nDiff = 3  (X,Y) = (1025, 1975)  Position Error = 21.095
TrainID = 805  dbValue = 1.30532  nTestCell = 43  nTrainCell = 42  nDiff = 1  (X,Y) = (1045, 1935)  Position Error = 23.7697
TrainID = 969  dbValue = 1.33221  nTestCell = 43  nTrainCell = 42  nDiff = 1  (X,Y) = (1095, 1965)  Position Error = 59.5399
TrainID = 467  dbValue = 1.34333  nTestCell = 43  nTrainCell = 43  nDiff = 0  (X,Y) = (1055, 1915)  Position Error = 46.0977
TrainID = 961  dbValue = 1.36223  nTestCell = 43  nTrainCell = 42  nDiff = 1  (X,Y) = (1055, 1905)  Position Error = 55.3624
TrainID = 1009  dbValue = 1.57165  nTestCell = 43  nTrainCell = 43  nDiff = 0  (X,Y) = (1055, 1915)  Position Error = 46.0977
TrainID = 243  dbValue = 1.75228  nTestCell = 43  nTrainCell = 42  nDiff = 1  (X,Y) = (1085, 1895)  Position Error = 79.0253
TrainID = 437  dbValue = 1.85458  nTestCell = 43  nTrainCell = 42  nDiff = 1  (X,Y) = (1075, 1885)  Position Error = 81.8841
TrainID = 226  dbValue = 1.89175  nTestCell = 43  nTrainCell = 43  nDiff = 0  (X,Y) = (1035, 2025)  Position Error = 68.0074
TrainID = 210  dbValue = 1.89383  nTestCell = 43  nTrainCell = 43  nDiff = 0  (X,Y) = (1095, 1895)  Position Error = 85.5862
TrainID = 1088  dbValue = 1.90564  nTestCell = 43  nTrainCell = 43  nDiff = 0  (X,Y) = (1125, 1965)  Position Error = 89.3588
TrainID = 375  dbValue = 2.0626  nTestCell = 43  nTrainCell = 42  nDiff = 1  (X,Y) = (1105, 2035)  Position Error = 104.139
TrainID = 469  dbValue = 2.0786  nTestCell = 43  nTrainCell = 42  nDiff = 1  (X,Y) = (1095, 2055)  Position Error = 114.39
TrainID = 796  dbValue = 2.13206  nTestCell = 43  nTrainCell = 42  nDiff = 1  (X,Y) = (1125, 1935)  Position Error = 91.6788
TrainID = 272  dbValue = 2.3025  nTestCell = 43  nTrainCell = 42  nDiff = 1  (X,Y) = (1135, 1945)  Position Error = 99.7246
TrainID = 552  dbValue = 2.35539  nTestCell = 43  nTrainCell = 40  nDiff = 3  (X,Y) = (1095, 1845)  Position Error = 126.59
TrainID = 164  dbValue = 2.39999  nTestCell = 43  nTrainCell = 42  nDiff = 1  (X,Y) = (1165, 2015)  Position Error = 141.439
TrainID = 465  dbValue = 2.47551  nTestCell = 43  nTrainCell = 42  nDiff = 1  (X,Y) = (1195, 2005)  Position Error = 166.087
TrainID = 203  dbValue = 2.50131  nTestCell = 43  nTrainCell = 42  nDiff = 1  (X,Y) = (1165, 2045)  Position Error = 156.157
TrainID = 446  dbValue = 2.5069  nTestCell = 43  nTrainCell = 42  nDiff = 1  (X,Y) = (1175, 1995)  Position Error = 144.101
TrainID = 1200  dbValue = 2.56401  nTestCell = 43  nTrainCell = 42  nDiff = 1  (X,Y) = (1215, 1985)  Position Error = 181.177
TrainID = 421  dbValue = 2.5871  nTestCell = 43  nTrainCell = 42  nDiff = 1  (X,Y) = (1175, 1935)  Position Error = 140.73
TrainID = 1126  dbValue = 2.60627  nTestCell = 43  nTrainCell = 42  nDiff = 1  (X,Y) = (1165, 1895)  Position Error = 143.126
TrainID = 1105  dbValue = 2.62981  nTestCell = 43  nTrainCell = 42  nDiff = 1  (X,Y) = (1185, 1945)  Position Error = 149.482
TrainID = 792  dbValue = 2.63662  nTestCell = 43  nTrainCell = 43  nDiff = 0  (X,Y) = (1195, 1915)  Position Error = 164.454
TrainID = 318  dbValue = 2.74729  nTestCell = 43  nTrainCell = 42  nDiff = 1  (X,Y) = (1145, 1885)  Position Error = 130.633
TrainID = 686  dbValue = 2.90729  nTestCell = 43  nTrainCell = 42  nDiff = 1  (X,Y) = (1195, 1925)  Position Error = 162.188
TrainID = 1189  dbValue = 2.91728  nTestCell = 43  nTrainCell = 43  nDiff = 0  (X,Y) = (1075, 2105)  Position Error = 153.052
TrainID = 1107  dbValue = 3.08935  nTestCell = 43  nTrainCell = 43  nDiff = 0  (X,Y) = (1215, 1905)  Position Error = 186.4
TrainID = 309  dbValue = 3.10625  nTestCell = 43  nTrainCell = 40  nDiff = 3  (X,Y) = (1135, 2135)  Position Error = 203.679
TrainID = 917  dbValue = 3.15063  nTestCell = 43  nTrainCell = 42  nDiff = 1  (X,Y) = (1215, 1885)  Position Error = 192.938
TrainID = 631  dbValue = 3.15869  nTestCell = 43  nTrainCell = 41  nDiff = 2  (X,Y) = (1085, 1835)  Position Error = 131.472
TrainID = 1056  dbValue = 3.28791  nTestCell = 43  nTrainCell = 40  nDiff = 3  (X,Y) = (1205, 2055)  Position Error = 195.359
TrainID = 134  dbValue = 3.3969  nTestCell = 43  nTrainCell = 43  nDiff = 0  (X,Y) = (1185, 1805)  Position Error = 212.85
TrainID = 268  dbValue = 3.45377  nTestCell = 43  nTrainCell = 43  nDiff = 0  (X,Y) = (1245, 1925)  Position Error = 211.436
TrainID = 1171  dbValue = 3.47176  nTestCell = 43  nTrainCell = 42  nDiff = 1  (X,Y) = (1245, 1865)  Position Error = 228.353
TrainID = 1153  dbValue = 3.58056  nTestCell = 43  nTrainCell = 42  nDiff = 1  (X,Y) = (1165, 1815)  Position Error = 191.846
TrainID = 231  dbValue = 3.62613  nTestCell = 43  nTrainCell = 40  nDiff = 3  (X,Y) = (1045, 2185)  Position Error = 228.178
TrainID = 850  dbValue = 3.70684  nTestCell = 43  nTrainCell = 42  nDiff = 1  (X,Y) = (1195, 1825)  Position Error = 206.652
TrainID = 505  dbValue = 3.84858  nTestCell = 43  nTrainCell = 40  nDiff = 3  (X,Y) = (1045, 2155)  Position Error = 198.204
TrainID = 483  dbValue = 3.98562  nTestCell = 43  nTrainCell = 40  nDiff = 3  (X,Y) = (1135, 1805)  Position Error = 181.397
TrainID = 616  dbValue = 4.10249  nTestCell = 43  nTrainCell = 40  nDiff = 3  (X,Y) = (1235, 1985)  Position Error = 200.96
TrainID = 859  dbValue = 4.10697  nTestCell = 43  nTrainCell = 42  nDiff = 1  (X,Y) = (1225, 1825)  Position Error = 230.532
TrainID = 633  dbValue = 4.3515  nTestCell = 43  nTrainCell = 42  nDiff = 1  (X,Y) = (1215, 1775)  Position Error = 255.274
TrainID = 929  dbValue = 4.68263  nTestCell = 43  nTrainCell = 40  nDiff = 3  (X,Y) = (1275, 1945)  Position Error = 239.301
TrainID = 489  dbValue = 4.92568  nTestCell = 43  nTrainCell = 40  nDiff = 3  (X,Y) = (1275, 1865)  Position Error = 256.096
TrainID = 696  dbValue = 5.12724  nTestCell = 43  nTrainCell = 40  nDiff = 3  (X,Y) = (1305, 1905)  Position Error = 273.98
TrainID = 241  dbValue = 5.15969  nTestCell = 43  nTrainCell = 40  nDiff = 3  (X,Y) = (1175, 1735)  Position Error = 261.926
TrainID = 945  dbValue = 5.48201  nTestCell = 43  nTrainCell = 40  nDiff = 3  (X,Y) = (1185, 1725)  Position Error = 275.726
TrainID = 362  dbValue = 5.55353  nTestCell = 43  nTrainCell = 40  nDiff = 3  (X,Y) = (1185, 1715)  Position Error = 284.192
TrainID = 1118  dbValue = 5.75447  nTestCell = 43  nTrainCell = 40  nDiff = 3  (X,Y) = (1205, 1715)  Position Error = 295.169
TrainID = 493  dbValue = 5.75659  nTestCell = 43  nTrainCell = 40  nDiff = 3  (X,Y) = (1295, 1845)  Position Error = 282.179
TrainID = 507  dbValue = 5.80337  nTestCell = 43  nTrainCell = 40  nDiff = 3  (X,Y) = (1205, 1725)  Position Error = 287.028
TrainID = 855  dbValue = 5.87333  nTestCell = 43  nTrainCell = 40  nDiff = 3  (X,Y) = (1325, 1805)  Position Error = 326.535
TrainID = 216  dbValue = 6.46937  nTestCell = 43  nTrainCell = 40  nDiff = 3  (X,Y) = (1275, 1755)  Position Error = 312.93
