trainID = 328  0.7279  0.9787  3.889  0.628  2.0506  2.409  3.9775  0.4989  1.1019  3.0788  0.6395  4.4748  1.3885  1.3533  1.1829  0.9651  0.5315  3.2458  0.8327  2.782  4.4497  0.0177  6.9492  4.1568  1.1425  1.9184  0.6268  3.6156  2.6966  1.2794  2.8824  1.387  2.5024  0.8277  2.5603  1.6883  2.5864  5.5167  0.8137  35.4551  
trainID = 335  2.7882  1.6286  0.093  0.825  3.1769  0.576  1.3922  0.935  0.937  5.8953  3.8148  1.4643  4.026  0.5595  0.1713  0.3006  0.008  2.6997  5.739  3.2959  0.0688  13.5887  10.5585  13.8062  2.2552  1.13  4.7606  1.648  1.4595  2.0941  2.4716  4.6481  4.4665  1.2366  0.027  2.3982  0.3133  0.996  2.3387  0.126  2.338  0.4108  0.356  
trainID = 347  1.5099  4.2086  3.2861  0.904  0.4394  0.259  2.4174  0.953  1.159  0.6819  3.695  3.2175  3.7499  1.207  2.9607  0.7643  1.5268  3.6486  0.3565  4.6932  3.8392  14.3232  0.1575  12.5699  3.3869  4.0692  0.5807  1.856  3.94  1.3264  2.9152  0.1279  3.9591  2.7321  2.302  0.3866  2.1441  2.961  0.6041  35.5546  
trainID = 355  3.4312  0.8301  0.362  1.977  0.4951  1.961  2.7946  0.604  1.414  1.8536  1.4423  0.4649  2.0361  0.8806  1.394  1.6316  0.2615  3.1557  3.5243  1.0166  2.3552  8.7275  4.4809  1.9929  1.5302  3.1517  3.2599  1.397  0.5045  0.7124  1.4436  1.8819  2.2094  2.2311  0.8313  2.2067  1.9411  2.2494  2.4345  1.7419  1.287  0.9434  33.7774  
trainID = 359  3.9142  2.8951  1.6958  0.101  0.8396  1.949  0.1585  0.891  0.58  0.4467  6.045  3.0758  1.3434  2.2738  1.6389  1.3727  3.5934  2.3759  4.6164  4.8454  1.5621  16.5943  0.7006  14.4489  5.0067  4.3835  2.2589  3.8021  2.5192  4.9799  2.0763  1.9116  2.297  3.6461  0.6143  2.3151  2.57  2.498  0.1222  2.461  
trainID = 399  1.9779  0.3541  2.02  35.3211  3.9055  2.188  0.181  4.3897  3.2729  2.2486  4.6688  3.8549  1.0568  2.0305  0.8143  0.9108  1.6059  1.879  0.1255  1.797  7.0272  1.8969  0.8113  5.5902  8.3313  0.765  0.7564  5.2003  2.4651  6.1039  0.439  1.5427  2.2416  2.196  0.8398  3.2221  2.3378  0.7342  5.2779  1.3205  36.0767  
trainID = 416  2.1243  1.0688  1.045  1.122  0.3037  1.719  0.1762  2.025  0.692  1.7732  3.4603  3.0342  3.8302  0.6412  3.1498  1.7033  2.1279  1.1635  2.513  5.2772  2.034  13.7744  12.6035  10.3827  2.6031  0.878  4.3653  3.076  0.67  1.4589  2.7729  1.1887  1.8265  0.8798  2.7939  0.5998  4.0751  0.201  0.8032  2.128  3.16  0.2823  34.2181  
trainID = 448  5.1072  1.8822  0.067  1.139  0.117  2.727  1.1802  1.429  0.226  2.166  2.114  1.1087  0.66  1.3709  0.7302  0.3386  1.8874  1.8517  2.2005  2.8155  0.8012  2.6039  3.8396  14.351  0.1563  1.1203  1.2273  2.832  3.2982  1.2873  0.1172  2.2163  3.7553  1.1206  2.001  0.9816  1.8531  0.9135  1.1885  1.7919  2.379  0.7868  1.568  
trainID = 461  1.5397  2.5663  2.0349  0.002  0.179  0.524  0.2584  1.4748  0.478  1.9761  0.8885  3.8751  1.6575  3.2736  0.7008  1.8415  1.4078  3.8257  1.8696  2.6092  1.9934  16.9201  2.3038  11.8193  3.8902  6.5988  0.4409  1.583  4.7758  1.6713  3.4767  1.3862  4.3662  4.6187  3.6923  2.934  1.3985  2.339  2.7722  0.574  
trainID = 491  1.5457  0.5977  1.506  1.831  0.3643  0.869  34.3272  4.108  2.2472  0.7399  3.0652  0.8182  1.928  1.9355  0.9635  2.6887  2.8654  1.8115  0.2324  1.5212  2.0553  3.817  1.6621  3.3028  0.3688  2.517  0.0419  0.1245  1.0841  0.5252  0.3541  1.2142  1.0021  2.1883  1.5841  0.9456  1.6627  3.5013  1.092  0.1438  34.6114  
trainID = 496  0.6475  2.57  2.4731  0.7232  0.3831  1.322  0.7943  0.036  0.483  2.2523  0.7862  1.15  0.5116  2.6245  0.7933  0.0614  0.5195  0.3553  1.7014  0.6982  2.2066  4.321  0.5127  8.9254  1.0652  2.3684  0.6805  0.262  3.195  1.6664  1.4088  0.8551  1.2749  1.9028  0.9128  0.1138  2.8231  0.073  2.4065  0.718  2.04  1.2372  1.114  
trainID = 512  2.4018  0.6669  0.217  1.093  0.7238  0.088  1.0216  1.259  0.136  1.8664  4.7786  0.2046  1.2131  1.5478  0.2609  3.2265  0.571  2.5437  0.389  0.3324  0.968  4.536  4.2631  1.5841  1.8168  0.8386  1.2454  0.345  1.498  4.1146  0.5496  0.5841  1.9866  4.1012  1.7638  3.1239  0.9632  1.0019  0.1109  2.8388  0.734  1.6223  0.79  
trainID = 529  3.4202  1.935  0.1  1.103  4.1274  2.572  1.2302  0.034  0.028  2.9414  4.9093  0.8896  3.8377  0.0917  1.9828  2.6915  1.1067  1.3932  2.1125  1.4913  1.2419  5.4159  10.1703  29.4599  1.7451  0.5447  4.6646  0.3043  3.8299  2.16  3.5984  1.0601  0.9044  3.4081  0.282  4.1457  0.1  3.8448  1.4722  1.888  
trainID = 539  1.1971  3.2749  0.24  2.48  2.8875  1.911  5.3274  2.6753  2.7846  1.699  1.8629  2.4739  1.9105  0.1252  1.9367  1.032  0.6913  0.5821  3.4107  4.1954  7.6601  1.675  11.5914  4.3887  1.2628  2.8833  0.4803  4.5665  2.1362  7.644  4.1672  3.0153  1.6544  2.0939  2.0327  0.4033  5.3381  4.1184  2.7068  35.3127  
trainID = 542  3.0165  3.9945  1.5663  2.936  1.4868  1.982  2.6332  4.2725  3.9732  2.4646  2.9856  0.6968  1.2827  4.2915  1.7807  0.7574  0.4363  2.5648  2.1275  4.2812  8.7481  4.6056  8.6815  1.8522  0.625  1.4765  0.0689  4.3205  1.3861  3.1421  2.9131  4.1194  2.964  1.5019  4.1159  0.3514  6.422  1.436  0.5189  33.9687  
trainID = 586  3.4602  3.9055  1.958  37.0971  3.7892  0.704  1.9107  8.6381  2.9585  1.0728  5.6406  1.4739  3.7994  2.0945  0.4145  3.1817  0.1659  2.0271  2.2933  7.0044  12.582  1.5347  2.5386  5.8093  8.9279  2.705  2.4764  3.7209  8.4375  3.1955  0.4092  3.0078  2.6685  3.2033  3.2271  3.9487  1.6781  0.5604  4.2852  1.4749  33.5782  
trainID = 588  0.9468  1.5395  0.217  1.814  0.4643  2.125  0.8  0.299  0.122  0.9559  1.3789  2.5293  4.5914  4.4796  4.1683  1.2389  3.2048  1.5838  1.1106  0.013  0.7221  2.4563  2.471  0.8315  0.0231  6.2876  4.0135  1.8869  0.0974  0.0842  3.001  4.5171  0.8523  2.1815  1.7497  1.4945  0.0923  0.7585  0.6045  2.4217  4.0484  1.2098  34.5164  
trainID = 618  0.0186  0.2452  1.042  2.425  0.9479  0.146  0.4576  0.587  0.88  1.4979  1.6257  0.9635  1.9432  1.7098  1.2097  2.3115  1.5779  0.7637  2.2054  0.3068  1.1413  0.1745  3.5703  4.9951  5.2211  0.2673  1.4611  0.507  3.2334  0.3464  0.6222  0.1688  0.3716  1.2848  0.4613  0.1789  2.5971  0.9344  2.0943  1.0256  2.681  0.8762  0.743  
trainID = 621  7.1971  5.6058  3.8536  3.0992  3.5278  2.3468  1.2927  1.8506  0.019  3.9927  6.2595  4.3219  9.4975  8.9066  7.9521  0.8638  3.5482  8.9044  2.6445  3.1382  0.837  19.7518  8.3641  0.6827  2.4722  9.7074  3.119  1.9619  6.7601  5.3322  3.7412  0.9581  0.8633  6.0444  0.8335  5.4815  5.6921  0.381  1.7624  35.0976  4.095  
trainID = 630  1.6212  1.9634  0.3287  2.32  3.0798  0.567  2.9412  1.5821  2.3943  2.0177  0.204  3.3223  2.4155  1.3037  0.7205  1.8623  1.2578  0.5671  3.5498  1.9802  2.6422  1.0211  6.1216  4.6854  2.0067  0.5376  1.1873  4.2212  2.9783  0.1909  1.1215  3.1215  5.5261  0.4677  0.273  0.7248  5.0475  2.598  2.8071  34.3026  
trainID = 676  1.0232  1.4008  2.463  1.257  0.0473  1.531  4.4368  4.3339  2.2533  2.9822  1.474  1.7203  1.4569  1.3622  0.6935  1.0951  0.2538  1.4687  3.1688  3.6322  9.1493  3.5636  7.1263  2.898  1.7704  1.245  0.0402  4.1412  0.954  3.0196  2.6665  2.1235  1.1911  0.261  1.4746  0.8098  6.5168  1.028  0.7177  33.0196  
trainID = 677  1.852  1.2701  0.9271  1.6569  0.4541  1.5343  1.9053  1.111  0.665  0.3181  2.3288  0.3758  0.6898  2.6767  1.7238  3.2085  2.9606  1.0975  0.1328  1.152  0.5145  2.0592  4.692  2.3858  0.2748  2.8673  3.6195  0.427  2.0474  1.3316  0.4465  0.7661  0.5924  1.3479  1.9671  0.2614  3.2141  0.363  0.06  0.232  2.756  4.2432  2.693  
trainID = 678  1.3359  0.7905  1.646  1.04  2.93  3.398  35.1052  3.2463  2.9076  1.9465  2.5  4.1595  2.8146  2.7035  0.7345  4.2577  0.8672  0.1369  0.8668  1.3192  1.5355  2.8699  1.9614  7.431  4.4733  0.732  3.0164  1.3833  5.2257  3.1965  1.1268  1.7265  2.4175  2.6734  0.095  0.826  2.1576  3.6355  2.89  0.8008  35.8803  
trainID = 713  0.1795  1.8657  1.9061  0.7173  1.0247  1.1564  0.9783  0.265  0.768  2.9688  2.5004  2.9774  1.2941  4.3602  0.2475  1.387  0.421  2.9402  0.328  1.7319  0.1075  7.6405  1.8508  5.1206  2.7955  5.0773  0.8513  0.245  0.1648  0.4158  3.0524  0.4108  1.7579  2.9302  2.4943  0.3406  3.1181  0.623  2.1063  0.785  
trainID = 721  2.1265  2.2223  0.185  0.374  1.7296  1.636  0.6137  4.1557  1.8419  0.7635  2.228  0.5975  1.2053  2.4954  0.2525  0.3187  0.2474  4.1038  2.2682  3.2535  9.3237  1.8684  2.6662  6.9018  0.32  0.5048  2.6526  1.4438  0.9864  3.4725  3.0939  0.2393  0.1269  0.5391  0.7904  0.8143  1.415  2.053  3.0643  33.1539  
trainID = 723  0.1481  2.7103  0.902  0.058  1.3643  2.704  36.0012  3.574  4.3898  1.0381  4.1412  3.3297  3.4275  0.2534  2.217  1.8497  1.9596  2.7382  0.0777  0.8575  3.6874  7.0335  3.8902  7.1688  4.8602  0.715  1.8246  1.9611  3.0852  2.3908  2.7945  3.7125  1.6567  1.7405  2.3771  2.004  0.9457  4.3035  1.226  0.2424  32.7464  
trainID = 809  0.714  1.0191  1.691  1.221  1.8245  0.017  0.7908  0.384  1.39  3.9583  1.2072  1.2803  2.9838  1.7188  2.3567  2.3145  1.1104  0.5023  0.1696  1.0315  2.8718  1.7345  1.3721  3.4619  1.6106  5.1122  2.0222  0.9638  0.3813  2.125  3.9584  1.8518  1.4682  0.0429  1.3118  2.596  0.6839  1.2232  0.6493  1.6142  2.901  1.5404  34.7783  
trainID = 817  2.0619  2.3914  0.219  1.597  1.7645  0.385  0.51  1.8918  0.017  1.4039  1.8903  1.2155  1.2836  1.7294  1.5481  1.253  2.4333  2.6157  0.0719  0.2455  0.8111  4.9951  1.2762  4.2366  0.6012  1.1936  2.1401  0.23  2.7704  2.3586  0.9051  0.8802  0.1036  1.9916  2.6089  0.2966  3.6461  0.34  1.6444  0.1168  1.078  0.3969  1.396  
trainID = 854  7.2674  1.3528  2.2979  3.2949  3.4382  4.4803  0.4088  1.012  0.52  5.1298  5.8194  0.1357  7.8107  10.7354  10.3679  1.521  0.4982  8.6748  4.7461  2.6482  1.4753  14.0276  10.4624  3.9211  0.8204  7.2092  4.1864  0.037  7.2169  5.4942  1.9949  3.2861  1.6039  3.917  3.7286  3.0259  3.0981  2.7838  1.4305  3.578  
trainID = 867  2.6475  1.7784  2.234  1.194  0.1158  0.102  34.2672  3.9104  4.0579  2.1408  1.4826  2.92  2.9736  0.5784  1.1656  0.885  0.6412  2.4492  3.1938  0.7315  4.3001  6.3109  4.337  5.9051  0.6109  1.4625  0.8588  1.8839  3.5856  0.3495  2.5635  1.8343  0.3273  1.1003  0.406  2.2566  0.9378  4.1647  3.18  1.1227  32.8085  
trainID = 880  1.9991  1.438  1.2029  0.384  0.6693  2.2118  0.4202  0.748  0.738  0.7332  4.6704  0.9504  0.538  1.5822  1.8049  0.9146  1.3905  1.4362  0.787  0.4475  0.3161  3.9219  2.213  5.6735  3.4641  2.7765  2.3415  1.9237  1.6369  2.7371  0.6066  2.1301  1.3359  1.0542  0.5168  1.5732  1.535  0.106  0.419  1.004  
trainID = 887  6.8893  1.8452  0.045  0.117  0.0471  0.499  34.1102  0.5607  4.2833  0.169  0.2258  0.757  1.3775  2.0933  2.6865  0.6881  3.0466  0.065  2.7188  2.441  6.2414  8.2794  2.6174  2.9918  3.6566  0.862  1.0234  1.4719  2.5346  0.2466  2.6564  0.1355  0.9135  3.1669  0.3149  1.8346  1.7572  4.0646  1.372  2.9986  31.3386  
trainID = 915  1.1654  0.529  1.2327  2.3335  0.1423  0.076  0.2605  0.33  0.907  1.2596  3.3998  1.8598  0.5212  0.5501  0.2514  1.4806  0.6087  0.7664  1.4123  0.6634  0.0998  5.2627  3.8356  1.2528  2.6681  1.4286  1.7198  1.606  2.3389  1.4706  1.0137  1.1279  0.8375  0.3463  1.704  1.2383  3.1401  0.113  2.1565  0.5601  1.013  4.4831  
trainID = 954  0.4082  2.0159  0.096  0.357  3.0987  2.374  0.3314  2.849  0.573  2.7445  0.3568  0.1072  3.1013  0.8503  0.8966  1.8145  1.7473  0.4959  0.5261  0.3971  1.2911  3.7395  2.1279  3.393  2.1583  3.056  0.9655  1.303  0.3978  1.1273  2.1088  2.3195  0.9344  0.1588  0.3468  0.4001  3.2851  0.169  1.7009  3.7849  4.5563  0.6654  32.1855  
trainID = 977  4.6732  1.6675  2.376  34.7831  0.4066  0.977  2.7427  3.9025  1.1797  0.4782  5.2718  2.2974  2.4383  1.0919  2.0508  1.7347  0.1382  2.0185  0.5622  1.0174  5.3426  0.2044  2.1088  5.5087  5.6311  1.2072  3.3548  1.8436  3.2061  4.6773  0.5255  1.8606  1.2256  1.3728  2.1741  0.305  1.9941  3.7193  2.309  1.3378  34.3698  
trainID = 987  1.6611  1.2045  0.3681  1.331  2.4929  1.565  2.1747  0.995  0.241  5.561  2.1303  2.4439  2.8073  1.0733  2.1713  0.7621  0.975  1.3469  3.4844  1.0857  0.2111  9.5667  4.8813  1.3363  2.8702  2.505  5.1759  0.554  1.7494  0.6287  3.4757  2.0952  3.6189  0.5742  0.0939  0.5865  3.7631  0.298  0.8393  4.7429  0.054  0.4847  34.2212  
trainID = 993  1.6257  0.8277  1.4898  0.234  0.1462  2.093  2.056  1.442  0.695  0.1024  5.0423  0.2986  3.0692  2.6429  1.4763  0.0284  1.1606  0.2822  1.5022  0.4726  0.4151  5.6292  5.4008  6.1314  0.0623  0.7538  1.5561  1.1149  4.07  2.5723  0.4418  1.5541  0.4584  3.3047  0.2183  2.457  1.7847  2.8194  1.5454  2.298  
trainID = 998  3.1154  2.0091  0.216  1.16  2.2349  0.123  2.3879  2.9583  4.0129  3.1276  1.0359  3.1111  0.9301  3.4019  0.9897  1.762  1.8124  3.1748  1.4377  2.688  9.4287  2.2459  9.6319  0.7516  2.0249  2.7224  0.0383  2.341  0.1122  2.8621  0.9583  1.384  0.003  2.4751  3.0556  0.2203  4.7006  1.602  2.6062  32.9789  
trainID = 1001  0.2734  0.6462  0.737  0.9131  0.7698  0.35  0.9005  0.821  0.717  0.6912  4.0328  1.4687  0.9642  2.1436  1.1015  0.521  1.4691  1.2227  1.3946  0.5542  0.6354  5.9937  3.2251  7.6847  0.7274  2.0689  3.953  1.0856  2.5709  2.3712  2.0486  0.292  2.4376  1.4694  2.659  4.1921  3.1051  1.604  2.8126  3.4034  2.454  2.7612  
trainID = 1034  3.9552  1.188  0.271  0.284  0.3548  2.6086  2.1158  0.008  1.234  1.6392  5.019  0.4028  0.1079  4.3707  2.8184  2.7188  2.6761  1.1142  0.8015  1.0877  2.3392  3.6258  2.0695  7.8941  2.4575  0.9965  1.922  0.957  0.3613  3.6906  1.4747  1.9074  1.0467  2.1499  2.4678  0.168  1.2537  0.174  0.668  3.1633  2.11  1.8606  2.185  
trainID = 1057  0.8249  0.3148  2.7675  0.085  2.0586  0.689  0.5603  0.504  1.727  2.0646  0.2076  0.1463  2.2007  5.0615  1.712  0.9774  2.4723  3.5846  0.8072  0.7009  1.1545  8.2012  0.4889  5.0814  1.9535  3.9386  0.8775  0.599  3.1846  2.9241  2.6777  0.4973  1.4436  2.2209  1.0256  0.5024  2.7141  2.5603  4.1961  33.9356  1.328  
trainID = 1066  2.7432  3.9617  1.5803  1.435  1.7008  0.299  1.32  1.8429  4.0145  1.4935  6.9925  2.3146  0.7785  0.006  3.3168  0.657  1.9365  1.8409  5.8493  2.73  2.5591  19.7565  0.3448  17.0214  3.5534  2.8232  2.7185  4.9408  2.6365  8.2051  3.5521  2.3691  1.9749  3.2961  0.157  3.3551  0.603  0.269  0.2958  3.549  
trainID = 1098  1.7927  0.4232  1.358  0.477  1.2154  1.0137  1.4213  2.1752  1.7272  0.1281  4.3673  1.3697  1.7546  2.5847  0.2147  0.6101  2.0976  2.1521  1.3433  0.4882  1.2107  10.3299  1.197  4.6077  0.7479  5.582  0.8183  0.564  1.8702  2.6645  2.2015  1.6264  0.3466  1.4687  1.9251  2.794  1.6801  2.213  0.4474  1.177  
trainID = 1099  0.1753  1.9418  0.9343  0.8  1.6423  0.408  0.3956  0.886  0.689  1.0213  0.0762  1.2828  2.071  1.1588  2.8343  0.674  1.1356  2.2327  1.5896  1.9253  0.4681  5.3857  4.6942  0.8086  0.8226  4.0452  1.8031  1.671  0.0047  1.3316  2.2713  2.6597  3.9452  0.0013  3.3044  0.956  2.3791  1.6644  0.1264  0.6646  2.39  1.025  31.1571  
trainID = 1117  2.8243  1.3918  3.341  34.8671  1.7786  0.25  1.8953  4.9373  5.395  0.0377  4.576  2.7459  3.1507  2.4025  0.4195  3.7587  2.8961  1.8903  0.4487  3.1218  14.3538  4.2396  2.1565  2.5622  6.6011  0.773  0.9415  1.5739  2.2245  3.8017  1.8933  1.3498  1.7151  1.5723  1.2386  1.7754  2.7581  3.2034  3.8325  0.6954  34.2367  
trainID = 1155  0.5107  1.039  3.2032  0.956  0.9842  0.045  0.2759  2.068  3.2494  0.434  3.3886  0.1004  0.4185  2.1618  0.2041  0.0906  0.5773  0.1224  0.8899  3.2592  1.4039  6.7486  3.2532  1.062  0.6412  0.554  4.2387  0.516  3.2374  0.3879  1.6154  0.726  0.9009  2.7735  2.4411  1.5976  2.1761  2.6487  0.0394  35.2796  
trainID = 1177  3.6742  0.0568  0.837  0.056  2.8065  1.772  1.2384  0.165  0.203  4.363  0.852  1.5504  3.6512  0.3221  2.9029  2.6705  1.6905  2.4537  2.1078  1.008  1.3646  5.1424  4.2043  0.5119  2.3025  4.2466  2.8855  2.88  1.7398  2.3112  1.943  2.5483  2.0572  0.2074  0.8144  1.2613  1.3569  0.277  4.1629  2.0091  3.6968  1.2451  34.2009  
trainID = 1182  0.5102  0.1054  0.8198  0.881  0.4858  0.561  1.1777  4.4381  2.9385  3.4862  2.3292  1.05  0.0551  2.1327  1.4612  1.6548  0.5441  0.9297  0.5289  5.0473  6.3429  1.818  8.7404  1.4729  0.737  3.1131  1.0384  2.7118  3.5985  2.4645  0.771  1.982  0.585  0.4645  0.8749  1.6295  7.1858  0.107  1.3095  33.2356  
trainID = 1207  4.4985  1.6916  1.5334  1.7482  0.7412  3.1245  0.5452  1.5086  1.439  4.4555  6.6243  2.4619  4.8361  7.2783  7.0806  1.4244  0.0558  4.382  2.8211  0.1161  1.4809  13.3372  8.149  1.0307  1.2413  8.317  5.8343  0.555  6.2313  4.1101  2.812  1.9921  1.1416  5.7064  2.822  4.4364  0.9034  1.632  2.2309  3.699  
trainID = 1214  1.4707  0.1356  0.3368  0.3672  1.855  2.409  1.234  0.812  0.162  0.7085  2.0192  2.3636  0.9408  2.8872  0.2005  0.2272  0.2987  4.1466  0.496  1.9802  0.2037  8.0811  2.3969  5.2444  0.3263  1.5076  1.5925  0.136  1.5895  1.856  0.0196  1.7888  1.3624  3.4933  0.5356  1.6632  3.4051  0.07  2.3789  33.4096  0.977  
trainID = 1237  3.1864  0.4656  2.056  34.3071  0.2282  0.845  0.213  4.423  4.3507  1.6752  3.9871  2.3566  3.7152  1.7152  1.7155  3.3477  2.6229  3.1143  0.1338  6.4713  25.9508  12.5698  0.2669  0.4219  5.9859  0.492  1.7174  0.3565  1.0456  3.3451  4.0402  0.2937  1.1717  2.5822  1.0574  0.336  2.7709  1.035  2.154  1.9466  32.791  
trainID = 1263  2.1257  0.9912  1.1561  1.149  0.086  0.461  0.7134  2.453  0.431  0.1446  3.197  0.2031  0.1468  1.9397  0.0344  2.6963  3.987  1.8227  0.1519  0.0679  1.4875  1.7036  3.0258  6.8068  1.267  0.0453  2.5715  0.32  1.6961  2.9684  1.7781  1.1776  2.672  3.5673  0.1802  0.5161  2.7091  0.153  2.5807  3.8783  2.08  3.2298  1.369  
trainID = 1268  4.7594  0.613  1.2827  1.0816  1.7784  1.9715  0.4997  1.131  0.625  2.4323  5.5834  2.2077  3.2703  4.0162  4.4504  0.3809  1.1713  4.8829  2.6517  0.7057  0.0907  8.0436  4.0869  0.4424  1.7525  4.1868  2.3463  0.019  3.3812  2.6375  1.6483  0.0732  0.1839  2.2428  2.4776  2.4273  2.2951  0.169  0.2647  2.262  
trainID = 1352  2.8013  2.4926  1.0655  0.029  1.9106  0.91  0.9823  0.601  0.009  4.6488  2.2796  0.6568  2.8105  0.6285  0.7402  2.5215  0.1267  2.1137  3.0061  2.3556  2.4538  13.6677  13.1883  10.2172  0.7874  2.227  4.6995  0.48  2.5235  1.0464  1.0152  4.3407  3.4161  2.0183  2.2266  0.8835  3.5761  2.6254  0.3495  0.62  3.326  0.2997  3.742  
trainID = 1356  0.6089  0.8881  0.3377  1.3623  0.559  0.613  4.1494  0.135  0.942  0.5342  2.2883  0.7078  0.0572  1.5143  2.1389  0.1453  0.9766  1.2176  0.0986  0.8007  0.0356  0.9769  2.0602  4.3666  1.5988  2.6064  0.9117  1.9981  0.6303  2.6464  4.1873  1.8073  0.2331  1.2769  1.4565  0.6292  2.4441  2.7082  0.7442  4.0844  2.325  0.3931  33.577  
trainID = 1358  2.9857  1.7284  2.8479  0.111  0.8383  3.1245  1.0371  2.3944  0.975  3.5352  3.7064  2.2129  4.0716  3.7728  2.2769  1.7527  0.3962  4.8823  1.1857  0.6674  1.1419  13.5953  4.5701  6.6308  3.4363  7.337  1.5707  0.143  5.4075  2.1256  0.0971  0.028  2.543  4.1143  1.872  2.4261  3.3521  0.656  0.3028  34.4606  
trainID = 1400  6.9461  4.061  1.0306  0.8904  2.0847  3.6955  0.6959  1.9249  0.043  3.4054  5.4668  0.3881  10.4745  12.4126  9.0369  1.2801  0.6781  8.6773  2.0353  0.5648  1.2795  14.2884  10.6073  0.3638  1.4424  7.7772  6.3974  2.3802  5.9132  3.7424  4.0288  1.4351  2.661  4.2265  4.567  5.3284  3.9091  2.142  1.9184  2.995  
trainID = 1401  2.5682  0.0527  2.001  2.616  2.6584  2.05  2.5884  0.1  0.418  5.1211  1.0448  1.6156  3.9234  2.3211  3.7092  0.9754  1.5585  1.5333  0.6188  0.4315  0.027  4.7203  0.7653  0.7069  0.5383  5.1451  4.4632  0.261  1.7799  0.1255  4.7312  4.3565  0.0864  1.1694  1.9062  2.9286  1.1252  0.692  0.4472  3.6254  1.628  1.3128  34.2796  
trainID = 1424  0.7079  2.2568  3.0931  0.191  0.4236  1.261  3.0357  0.278  2.1509  1.5977  1.5899  4.1247  0.6494  1.9315  0.4912  1.8185  1.9015  1.9284  3.8195  1.7573  0.859  17.3766  4.2155  10.971  4.3666  8.4599  0.5659  0.21  3.4685  1.8851  1.9715  1.2356  2.9694  4.6338  1.3207  3.8733  2.5161  0.935  3.1718  3.581  
trainID = 1434  2.0872  2.9263  0.198  3.648  0.9412  0.7796  0.1293  0.079  0.905  2.3259  5.4759  1.5095  2.0817  2.1839  5.3992  2.6275  1.5425  0.4267  3.7295  4.4089  3.3318  13.391  3.7778  22.1237  1.625  1.3562  3.0319  5.454  0.5063  4.1719  3.2692  2.807  0.2715  3.2821  0.234  3.4974  0.209  0.036  2.2607  1.583  
trainID = 1453  1.2744  3.0144  0.4225  1.1967  0.9858  0.316  0.7618  0.598  1.243  0.4759  2.4721  2.3865  3.5772  0.0959  1.1145  2.5035  1.9632  2.8133  3.2106  1.0749  2.3824  17.0789  2.0772  18.6  2.0138  1.9078  1.7268  3.8041  2.232  5.2725  1.9891  3.9167  1.0475  3.9291  1.515  3.8943  0.969  1.633  2.765  1.749  
trainID = 1455  1.967  0.5282  0.293  1.1271  0.2049  0.373  0.4211  0.898  0.213  0.6027  2.6064  0.992  0.4885  3.1651  1.4581  0.2947  0.2368  1.3394  0.2048  0.2116  0.1908  3.2222  2.6722  2.7537  0.6633  3.3267  4.1477  0.17  2.7801  2.6059  0.7772  0.317  0.1201  1.5682  3.5568  0.3233  3.6971  0.738  0.2457  2.7313  0.079  0.0725  2.773  
trainID = 1465  0.3401  1.6466  0.973  0.4527  2.703  1.826  0.4959  1.032  2.321  2.7775  3.8851  0.4557  2.6345  4.0854  2.9218  2.0445  0.7046  2.2277  1.307  1.52  0.6197  6.6221  0.416  1.8232  0.5592  3.484  1.4987  1.048  2.049  1.592  2.1515  2.841  1.0218  1.8722  1.2629  3.33  2.3561  0.5551  1.9492  3.5951  2.43  1.0113  33.2288  
trainID = 1547  0.6775  0.1543  1.5025  0.449  0.8162  1.4994  3.6768  0.099  0.334  6.3185  1.5642  2.4803  1.4827  0.9712  1.13  1.1038  1.0612  0.5766  1.6464  2.5825  2.8336  8.8259  5.6711  2.9245  0.8809  5.447  6.3449  1.88  0.3557  0.7337  4.3681  2.1166  3.0604  0.2902  2.4932  1.2737  0.9515  1.0283  0.6077  2.7214  2.695  0.5184  34.9405  
trainID = 1565  5.635  1.6253  0.4835  1.805  0.1062  2.7491  36.1972  0.9049  6.523  3.3539  0.4878  0.3104  2.0586  0.0015  3.1053  0.9005  1.4898  1.4087  1.3343  3.5284  5.0386  8.5947  2.0496  3.7083  5.6414  0.813  1.4221  1.727  1.7467  2.233  2.2534  0.934  0.8721  2.0929  1.4673  2.2595  1.4497  3.8475  1.633  3.1131  31.2908  
trainID = 1631  5.7835  2.7676  1.079  1.6462  1.6658  0.592  1.616  7.7313  3.0056  0.8363  0.0725  1.9655  2.7105  3.5883  3.295  1.3242  2.4062  1.7331  5.6663  5.6001  10.7839  2.6463  2.074  7.1565  1.4856  0.4867  4.1157  3.3811  1.5371  5.0692  0.9881  3.1983  2.6842  0.2939  1.6045  1.7647  4.9134  1.784  4.3006  32.359  
trainID = 1648  0.1005  0.5858  0.241  37.7231  1.8069  0.34  1.818  6.0798  1.213  2.7936  2.9859  3.3077  5.5545  1.3238  0.4486  0.4546  3.2772  0.9165  2.3965  0.389  7.5637  2.2656  3.2382  5.8442  7.6313  0.633  0.1278  1.173  3.0079  4.3416  1.8673  2.5508  4.2514  4.0302  0.374  3.5315  1.3044  2.5256  5.1675  0.0088  32.3434  
trainID = 1661  0.8065  1.2053  0.261  2.546  2.7169  1.316  0.4925  0.081  0.574  4.0583  0.7616  2.5514  2.2025  1.8107  1.9641  2.8265  1.3649  0.301  3.031  2.6351  0.94  7.092  3.6011  1.5163  1.7357  1.9416  0.8345  1.662  1.3376  1.1305  0.6598  3.1004  2.6115  0.6384  0.5822  1.9539  1.2694  0.31  1.2363  1.7215  1.997  0.8421  34.1728  
trainID = 1696  2.8542  0.0043  0.3235  1.239  3.3365  0.81  2.6843  0.42  1.732  5.0458  0.3896  1.8288  4.0339  1.9449  4.2267  2.9545  0.4623  2.0817  2.1061  0.7783  0.6202  0.2893  0.0253  3.8368  1.479  7.0253  3.7257  2.0582  0.9097  2.0682  6.0854  3.5236  1.1462  1.6174  3.4936  3.6725  0.384  0.143  1.4976  1.6592  5.5565  0.1493  35.0691  
trainID = 1709  2.887  1.6119  1.859  0.691  0.5464  0.355  0.1394  1.074  0.564  3.2357  0.8055  1.821  2.0712  1.9121  2.1351  0.3231  1.0638  0.1919  0.3215  0.9495  0.8082  3.7238  0.8342  1.7759  1.5973  5.6499  2.1346  0.33  1.8921  0.5923  3.5589  2.1924  1.1067  1.1719  0.122  0.4326  1.7841  1.2375  0.841  0.9618  4.7668  0.4668  33.7301  
trainID = 1712  1.3115  2.961  1.471  0.472  2.6316  1.3898  5.1997  5.1368  2.9331  3.922  1.2954  4.2344  2.5745  4.0872  0.7931  0.8906  1.0517  1.7463  2.7615  2.5864  7.9659  1.7492  9.8121  2.4499  2.4428  1.8417  1.8538  3.6863  4.5416  3.3324  2.0531  2.9154  0.6097  1.3002  2.0588  0.5781  4.3978  3.9903  1.1643  31.199  
trainID = 1729  3.1729  1.0157  0.708  34.8401  2.1017  2.1243  0.204  7.2058  1.6279  1.448  3.679  1.3438  5.6813  3.9155  1.6064  3.9987  1.9318  2.5348  0.8745  8.4205  15.117  2.2422  0.6977  4.3017  10.2287  1.0636  0.7436  3.8898  7.1066  3.985  3.0004  2.9532  3.3707  3.4459  2.6881  4.0197  2.0475  3.3103  3.7949  1.0753  32.5733  
trainID = 1811  0.266  0.5845  0.3468  1.863  0.7203  0.546  0.2084  2.0783  1.306  0.0672  1.1311  3.2655  0.4673  2.2121  1.1807  2.5465  0.7253  0.0697  1.6189  2.0481  0.6922  4.9237  0.9557  6.173  0.4283  1.5957  0.2773  1.5122  1.7705  1.37  1.2293  1.0931  0.2197  2.045  0.6694  3.0986  4.5731  0.892  3.4503  0.9998  2.349  1.7476  2.58  
trainID = 1813  4.2312  0.8752  2.4976  1.409  2.0748  0.219  0.7176  2.304  1.046  1.4424  4.9173  0.1945  4.4117  5.2429  5.0677  3.686  2.7986  4.1512  0.4923  2.0842  1.1775  9.2402  5.3249  4.5944  1.5381  7.2457  4.9355  2.4775  2.4963  3.4703  0.9946  1.1401  0.7688  2.1357  2.2004  3.6698  2.0231  0.881  0.8118  1.971  
trainID = 1821  1.4892  0.7349  1.0653  0.9836  0.9415  1.111  2.3401  1.1643  0.84  1.2065  6.0202  0.6213  2.4752  5.9524  3.3871  0.1582  3.674  0.4937  0.2332  3.2222  0.5682  5.2277  3.2289  0.3049  0.3121  3.3672  5.5943  2.1384  0.5953  2.3382  0.7407  0.4462  2.1526  3.3262  1.2901  4.2135  4.3611  2.183  1.1213  3.341  
trainID = 1824  2.6967  0.7623  3.894  34.7081  3.0574  0.706  0.694  6.3466  0.458  3.9184  3.776  0.6646  4.498  3.4865  0.349  2.8097  2.0322  3.3117  1.4441  2.4613  14.5462  0.0032  0.3621  5.0346  5.8532  0.143  0.3981  4.52  1.8713  4.2863  0.4576  2.9096  0.2709  2.3984  3.7661  1.2776  2.3527  4.4787  3.333  1.2633  32.4524  
trainID = 1854  2.4577  0.1487  0.034  1.954  0.9883  0.447  0.152  1.047  0.647  2.9394  2.234  1.5372  1.0443  2.6302  1.4557  0.7925  0.6754  0.5073  0.7545  1.1947  0.5132  1.0359  0.3312  3.3734  0.0446  1.3677  4.6021  1.4995  1.4636  0.1951  0.8292  0.7038  0.1516  1.9451  0.912  1.4502  1.7791  0.6203  0.3919  1.6291  0.492  0.4996  32.8315  
trainID = 1877  1.354  2.6346  0.917  1.408  3.0893  1.645  4.5581  2.158  1.4275  1.4579  1.6512  3.3265  1.111  1.2488  1.9767  1.3912  2.0685  0.1923  4.5222  2.8277  7.3534  4.3729  9.8538  4.7746  0.524  3.45  1.7267  4.367  1.3694  2.613  3.2784  3.1892  3.1817  0.5109  3.9339  1.0865  6.8172  1.037  0.2149  35.51  
trainID = 1881  0.4608  0.905  0.7025  0.53  1.1377  2.304  0.6848  1.344  0.72  2.4027  0.8474  3.1662  1.2782  0.9148  0.4877  1.3319  2.4859  0.5011  0.5173  4.0612  1.2125  1.2098  1.6683  2.8598  0.7951  6.4916  2.5006  0.456  0.7329  3.0371  0.4159  2.7838  2.7173  1.9138  0.3397  1.6181  0.3474  1.7518  0.7405  2.4303  2.386  1.2679  30.9083  
trainID = 1895  1.5656  0.0884  1.8811  2.549  0.891  0.128  0.1826  0.841  2.3844  0.8256  2.544  0.4573  2.002  1.918  0.1968  0.935  0.369  2.9627  1.3799  0.0184  1.6503  3.1308  3.2092  3.8927  0.4527  1.1949  1.1761  0.739  0.4827  0.9521  2.2777  2.8205  0.3616  2.6461  0.182  0.0556  1.7621  0.8916  2.0486  1.6208  3.052  1.0988  32.176  
trainID = 1912  4.6082  1.6352  1.157  3.248  1.5228  3.82  0.5533  0.863  0.995  3.1191  5.3071  0.2542  3.3222  0.516  4.1428  0.8838  0.2814  3.1777  4.167  4.4344  4.2875  3.8757  13.6802  28.2688  3.2861  1.0235  5.8128  0.8518  1.0532  5.8461  2.2377  0.4473  2.0909  3.2141  0.098  2.9539  0.666  2.741  1.1474  1.909  
trainID = 1913  1.4127  0.209  0.512  0.193  1.3165  1.11  2.2464  0.312  1.539  1.6303  1.3904  1.4517  0.1221  2.1147  3.1587  2.5645  1.152  2.7997  0.1637  2.9357  0.9992  1.7246  1.6458  3.6742  1.9518  4.557  4.0736  1.421  0.7616  2.3525  4.3263  1.6212  0.103  3.0439  0.1296  0.5836  0.8448  2.2999  1.6684  2.8053  3.4438  0.2585  35.3977  
trainID = 1919  2.6409  0.8912  0.701  1.143  1.0855  1.085  0.5348  1.134  0.636  0.7121  2.0649  0.6487  0.7055  2.5355  0.7397  0.8759  1.8765  1.6987  1.6567  1.2285  0.5974  0.3138  1.2094  6.5834  0.2047  4.0053  0.1952  0.687  0.0003  0.4362  2.7664  1.0785  0.6604  1.8108  1.9368  0.8088  1.6791  0.7193  1.6902  1.1513  1.269  1.2895  32.8471  
trainID = 1921  1.8348  5.1092  0.7937  0.817  1.7243  0.67  2.0091  4.3423  1.9999  2.4728  2.7277  1.9991  1.9675  2.9349  0.5467  2.5444  0.9306  1.9866  3.7303  6.6444  8.317  3.2871  13.7383  3.1691  0.231  2.6361  2.1439  3.4334  0.3216  5.4601  2.4861  2.5104  2.365  0.2183  0.148  0.7463  8.395  3.8127  3.3433  34.0099  
trainID = 1922  5.2232  1.824  2.1472  0.999  0.1412  1.491  1.0991  0.01  3.7145  3.6631  7.593  2.6723  0.6179  2.5515  2.1709  0.6156  3.0016  0.0466  6.235  5.1183  2.0772  17.1963  0.0697  18.552  6.0853  2.9539  5.1714  3.0619  0.5203  5.5536  3.7058  0.2092  2.3712  3.9171  0.33  4.6842  3.262  1.518  1.4848  1.435  
trainID = 1940  4.2152  0.3295  1.029  3.491  2.0272  0.781  2.0927  0.78  3.6952  3.2476  2.8222  2.1943  3.5427  0.0531  4.7518  3.7335  2.8553  1.9587  2.3215  1.6671  2.0933  15.7426  12.7403  7.129  1.5981  1.7138  5.2786  0.752  0.7806  1.9323  2.0056  4.8715  0.9136  0.3445  0.3204  0.9138  0.1966  0.8043  3.472  0.3374  3.9249  2.9394  31.4248  
trainID = 1944  3.9752  2.1668  0.25  0.454  0.1258  1.343  1.7109  3.0567  2.7077  2.6489  2.7955  0.6412  3.7392  0.8117  1.7251  1.2613  4.1244  1.1256  4.1452  2.9192  2.0465  13.7292  1.2909  21.9559  4.6576  1.8361  2.6601  3.1488  1.9975  5.5253  0.2494  1.3889  0.0649  1.9571  0.8361  2.8469  2.913  0.012  0.0875  2.456  
trainID = 1979  3.9849  2.0863  2.3326  0.662  0.7975  1.9772  0.1111  0.462  1.127  1.172  6.6507  0.0251  3.5805  8.2381  5.0026  1.5857  1.2023  4.4734  0.8694  3.1272  2.2733  8.4751  6.5585  5.7863  0.1156  6.639  6.2658  2.134  5.32  2.4467  4.2043  1.3435  1.6891  3.4261  2.9577  4.4601  3.0111  0.184  1.3774  1.958  
trainID = 1982  0.35  1.2133  1.002  0.2964  1.9964  0.697  0.141  0.974  1.59  0.3693  0.8453  0.456  2.3922  0.7741  1.5094  0.7039  2.6668  1.0172  2.8615  0.1911  2.1654  4.6633  1.9493  0.4257  0.5554  2.1165  1.3772  0.707  0.2894  0.5099  2.293  0.9782  2.1071  0.365  1.8202  0.3162  4.1501  0.596  1.1846  2.8823  3.051  0.0929  32.4853  
trainID = 2017  0.3518  0.8605  0.375  0.532  1.9692  0.764  5.0484  0.9662  1.4746  2.5508  1.7416  3.3251  1.8575  0.9282  0.6795  1.1999  0.6148  1.132  0.0193  0.732  3.0906  0.4029  8.9813  4.7709  1.3202  2.413  1.5534  4.3149  4.4961  1.0627  3.1681  2.7384  3.4872  0.5315  0.7074  2.2445  5.7473  2.198  1.4442  33.1217  
trainID = 2080  1.0108  1.0933  1.437  1.515  2.5158  2.581  4.228  2.0249  0.1054  2.8059  1.3498  3.1928  0.0258  3.29  1.0243  3.2902  2.4962  2.073  1.9676  5.4811  8.5359  1.9071  9.6082  1.8178  2.5619  2.6451  1.6867  3.4025  2.8109  5.6687  1.569  2.1555  2.1814  0.2952  1.4454  1.4446  7.1285  3.912  0.6123  33.1746  
trainID = 2087  2.8908  4.6071  1.507  1.665  3.015  2.257  6.8548  5.167  3.2895  3.2401  2.4645  2.2285  0.2978  4.9526  1.3044  2.4284  0.3734  2.1885  4.955  7.6133  8.9004  3.9562  14.3036  5.48  1.7258  4.08  0.8187  5.364  1.2707  8.1706  4.9706  4.1955  0.9853  1.853  2.8739  1.6825  5.7473  1.374  2.272  33.3691  
trainID = 2101  4.6292  1.4998  2.299  2.47  2.7406  1.763  2.4071  1.328  1.224  1.4781  2.4225  1.6182  2.4563  3.5324  3.474  2.7615  0.9364  1.7027  3.7513  0.6022  2.9701  12.8319  9.275  7.624  1.9038  2.4713  2.5371  1.711  1.0695  1.5655  0.3177  3.665  0.6118  0.7088  0.2889  0.7735  2.3301  0.894  0.6084  0.2708  3.4512  1.1164  35.6059  
trainID = 2115  1.6933  2.9946  1.655  1.35  3.5106  0.54  2.7546  2.618  1.443  2.3122  2.2016  3.0955  0.7831  1.9389  2.1777  1.0749  0.5322  0.4166  0.9597  1.9354  3.8479  2.6229  7.5901  3.7299  0.391  0.1338  0.1973  4.0512  2.2033  1.0912  0.2463  4.3193  2.9109  1.2284  3.4511  0.2281  6.379  3.996  2.7241  31.8963  
trainID = 2122  2.0646  0.8681  0.3586  0.8266  1.3325  0.803  0.1576  0.84  0.856  1.779  2.2114  2.0001  2.377  1.2605  1.1089  0.7282  0.5919  1.2244  2.2305  1.0857  0.5311  0.4541  4.2587  11.7068  1.1955  2.5384  2.8624  0.845  0.0587  2.1588  1.8484  2.5516  2.4314  3.6934  0.7672  1.8582  1.2412  1.871  3.8959  0.5516  1.613  2.156  
trainID = 2155  2.523  3.2014  1.958  1.4682  0.3218  0.376  34.2972  2.2104  8.0938  1.3555  0.0455  1.9482  0.4302  0.2427  4.5841  2.0387  2.5683  3.6282  2.3351  4.7064  5.4635  6.9457  5.7944  0.0354  4.8674  1.572  1.7426  1.4923  3.6723  0.018  3.5974  1.3376  1.5673  1.7724  1.4157  0.279  0.5743  3.0722  0.08  2.2344  1.268  
trainID = 2193  1.6686  0.2414  0.7856  1.643  0.9326  0.9851  2.628  5.1951  1.6621  3.479  2.6839  1.5118  2.7825  3.1589  1.8773  0.074  0.6121  3.2048  3.3864  5.9062  7.3423  4.77  10.755  2.7008  1.9975  2.5541  1.0046  5.1729  1.2973  4.4696  1.817  2.9845  1.444  0.9644  3.3928  1.8513  6.9332  3.8185  3.3068  34.5966  
trainID = 2201  2.1542  1.2983  2.092  2.566  1.51  0.9732  4.4096  1.8702  3.6599  5.1193  1.3478  3.0683  0.7206  1.1023  1.5444  0.1348  0.8144  1.2294  3.4182  3.8038  7.388  3.2764  10.2739  3.0687  2.2991  1.8175  0.9089  4.147  1.147  6.566  2.1223  2.7999  1.7413  0.0957  1.2757  1.8819  5.7004  3.135  2.8451  33.3687  
trainID = 2225  0.9746  1.972  2.671  0.375  0.4235  1.466  0.4201  0.885  1.8371  2.0758  1.915  1.444  1.4847  0.1753  0.4805  1.7316  0.7927  0.5047  0.199  0.7532  2.3626  1.2869  0.9333  4.3514  0.5485  1.4719  1.5961  1.969  1.2854  3.2875  1.4408  1.2825  0.518  2.3874  3.1593  0.7041  1.8721  1.6573  0.2332  2.7632  2.671  0.2286  1.053  
trainID = 2226  0.9834  3.1824  0.356  1.34  0.8836  1.326  1.0552  0.454  1.5942  0.6586  1.5206  3.2984  1.3186  0.0442  0.9714  1.2603  0.4096  0.5091  5.4034  3.1674  3.9773  8.8286  2.571  15.9907  0.2293  2.2506  2.6283  1.351  1.5003  0.503  0.5636  2.0427  3.6948  1.799  1.5905  0.7772  2.5491  1.141  5.2724  1.905  2.295  3.5696  1.631  
trainID = 2229  4.1788  2.1809  1.5835  0.397  1.4777  1.6616  0.1509  1.4025  1.189  0.3305  8.2019  0.5806  1.5279  1.4821  0.2649  1.2396  3.7423  0.8439  1.7207  1.5874  1.9276  4.9926  2.8818  3.7415  1.8276  0.7887  3.3649  0.388  2.6457  3.332  2.4752  0.4677  0.0464  0.5855  2.5617  2.1231  0.6429  0.488  2.492  1.015  
trainID = 2234  3.0886  0.1269  2.12  0.799  0.9507  0.715  36.8902  4.3826  3.3755  4.4207  4.1504  3.5584  2.7489  2.9905  1.4687  0.6644  0.8129  0.8588  0.069  1.8631  6.3816  7.9006  4.4878  9.8276  2.2801  1.402  2.4936  2.0257  5.2462  1.0519  3.3866  0.1785  4.0214  0.7683  0.6234  2.1867  1.0754  6.0144  1.379  0.2838  32.455  
trainID = 2257  0.7611  0.7947  0.648  1.146  3.4048  0.8725  0.3949  1.284  0.512  0.6125  1.8174  0.0339  3.1964  1.4409  3.898  1.103  1.5729  1.5744  0.3754  1.0813  0.5926  3.1103  0.7103  2.977  0.7842  8.8701  4.2622  1.2749  0.5068  0.1245  4.048  3.1332  1.2138  0.6394  0.4342  0.9194  0.6807  0.89  1.4962  4.1131  4.3549  0.2342  32.4005  
trainID = 2259  4.0256  2.7723  1.512  0.028  0.256  0.571  4.8051  6.6535  1.015  1.5238  3.9501  2.2418  2.5815  2.7229  1.0906  1.9219  1.7165  2.8778  3.3065  6.4311  10.5446  6.9704  8.3545  3.7206  2.8887  0.6623  1.6441  3.1439  0.4209  5.753  2.1057  1.9108  2.0142  0.4339  5.5437  1.8517  5.8552  2.773  1.1682  36.2714  
trainID = 2298  0.7371  0.8169  2.806  3.442  3.3767  0.378  4.7484  1.9309  0.5416  2.8352  0.9056  1.3589  0.5793  2.6578  0.9228  1.3503  0.0991  0.7673  1.9414  0.9834  4.2874  0.6304  6.7499  2.0615  0.609  1.3745  0.4045  3.75  4.1726  0.9151  0.8325  0.5526  1.2956  2.1091  1.8912  0.5246  4.1977  0.61  1.7537  33.3984  
trainID = 2303  2.6146  2.6381  1.673  1.2262  0.5205  0.246  34.5412  1.6705  3.6799  1.8158  1.785  1.8856  4.789  0.2194  3.1747  1.6049  0.655  1.1893  1.3625  4.3391  5.4546  10.6092  3.5473  9.8085  1.2108  3.3792  2.3496  0.7653  1.549  1.8184  5.3584  1.2057  1.4305  0.4649  1.6786  4.1168  1.0211  6.8579  1.421  2.3652  35.3929  
trainID = 2308  3.2611  4.4131  0.321  1.1225  2.2644  1.008  5.4089  6.399  2.861  1.778  3.0913  0.6713  0.9827  5.4525  0.2163  1.1585  1.564  2.3639  5.1595  3.6906  7.8446  5.6361  12.991  0.0549  0.564  3.1537  2.9743  3.5638  1.639  7.3528  4.9677  3.3301  2.1666  0.8023  5.0085  2.6711  6.5788  2.227  3.1339  36.0276  
trainID = 2314  3.3324  0.7014  0.236  0.22  0.9947  2.078  1.1642  0.486  1.8889  1.0883  2.6888  2.7142  0.3518  0.07  3.8334  3.1355  1.0167  0.4046  3.8356  0.0636  1.6569  13.2052  3.6423  20.3468  1.0898  1.0781  2.8319  1.6358  4.3003  2.8744  1.3877  0.5427  0.7889  1.3434  0.8974  2.1096  0.549  1.298  1.7313  1.329  
trainID = 2355  0.0976  2.0064  0.5846  0.958  0.4306  1.944  3.2066  1.3983  1.1017  3.7059  1.3385  3.0355  0.6925  3.6696  0.2422  0.0844  1.6856  1.922  1.385  1.9465  5.5327  3.7566  8.1632  3.7461  0.514  1.742  1.0131  2.7526  1.1434  3.3264  1.712  2.8491  2.3455  1.944  3.9709  1.712  6.9023  1.831  0.8553  34.3672  
trainID = 2410  2.2453  1.6766  0.3541  0.257  0.1755  1.376  0.466  1.8021  0.136  4.4416  4.7023  0.3458  2.0284  0.3138  0.6494  1.7661  0.9935  0.6804  4.3883  3.3789  3.8917  12.4794  5.9375  22.7839  3.2994  0.2794  2.0673  0.5605  4.6346  4.0306  0.4909  0.1599  0.0061  0.9264  1.007  4.2919  0.778  0.499  2.4348  0.105  
trainID = 2420  0.421  2.5472  1.4935  3.899  1.1331  0.774  0.7678  0.263  0.746  0.4589  4.9914  2.4247  1.4936  0.5024  2.2533  1.399  2.2308  1.6656  1.9172  3.6954  0.9434  14.4469  1.187  18.9628  3.6041  2.6742  2.5936  1.8764  0.5692  5.312  1.4901  1.4552  2.6655  3.3991  1.878  3.9512  0.496  2.188  0.6989  2.901  
trainID = 2451  3.2117  0.8896  0.226  0.449  1.1538  0.012  0.3696  3.05  1.0301  0.5323  5.2669  1.4656  3.1673  0.1675  0.9598  2.6291  0.1969  0.2926  4.0445  3.2399  8.0757  2.6208  0.6121  5.0383  0.378  1.1118  3.4658  0.3012  2.2161  0.3531  0.3631  1.0244  0.0014  2.6171  0.4346  0.4616  3.7144  0.42  2.2309  3.015  
trainID = 2467  1.9664  0.5343  1.8219  2.396  2.5521  0.308  0.9911  1.3637  2.6267  2.3081  6.8898  0.6151  3.2511  1.7178  2.2922  2.4405  1.5086  2.2627  0.6524  2.2388  2.1379  2.063  10.4967  23.5813  0.5055  1.2125  3.4065  0.992  1.2109  0.8096  0.104  4.3314  2.9307  0.6735  0.2828  0.5837  2.5111  1.053  4.8382  1.0877  0.941  0.4274  0.794  
trainID = 2482  1.4335  1.8069  1.3957  0.197  1.2106  0.744  1.2556  1.7568  2.0461  0.0406  0.4035  4.0244  0.0357  1.8502  2.4214  0.4195  0.3538  3.6068  1.057  2.2141  6.3626  1.9031  4.7401  1.2473  4.1281  1.13  1.2287  2.7013  0.2725  1.1224  2.0608  2.1314  0.1597  2.4089  0.211  1.7654  4.6745  0.608  1.2497  30.2198  
trainID = 2486  3.3395  0.049  0.167  1.681  3.1256  1.811  1.1932  0.086  1.165  1.3363  3.9268  0.0997  1.2131  0.3552  3.7903  2.5375  1.5182  1.6527  3.0786  1.2172  2.5636  2.4385  15.7161  20.6351  2.0749  3.5291  4.344  1.109  1.6533  0.698  1.5924  2.6366  3.2742  1.2637  1.4234  0.471  0.0448  1.8055  4.2326  0.5095  2.307  0.571  
trainID = 2490  0.1204  1.7049  1.3683  0.048  2.0724  2.3715  0.3044  1.474  1.192  0.2521  6.5733  0.51  2.6491  2.7427  0.9281  0.2823  0.5707  2.6607  0.2353  0.6028  1.3072  6.8559  2.2163  2.5822  0.5374  5.6156  4.7362  0.492  4.0113  1.2007  0.8384  0.4308  0.9431  0.2849  0.074  2.9106  1.9981  2.2325  1.2957  2.21  
trainID = 2496  1.2989  3.5589  0.4142  1.291  1.8604  1.365  1.3905  3.0272  1.6679  3.373  7.9999  2.3893  2.5492  0.8811  1.7413  4.8595  4.0145  0.0144  5.8441  4.6701  4.8837  19.1206  1.0363  16.4954  5.6015  4.4903  2.7761  3.5061  0.4755  5.8645  1.3241  1.6932  2.2196  3.6161  1.225  3.0587  1.985  1.231  0.0881  2.575  
trainID = 2505  0.1926  2.2819  2.001  2.672  1.6814  1.814  3.9539  2.9804  1.9462  3.2768  3.1844  2.3473  0.8221  1.3538  0.1677  1.3308  2.6742  2.8748  4.6542  5.8219  7.6871  5.105  12.0586  3.6746  1.6955  0.5064  0.0894  2.0875  1.3392  7.4876  4.3577  4.498  0.1481  2.5801  2.8686  2.0697  6.9651  1.508  1.3651  35.215  
trainID = 2519  1.915  2.8847  2.8066  0.36  2.4374  1.246  1.2024  0.346  2.699  4.3362  2.2167  0.6854  2.3004  4.7859  2.8488  0.5974  0.659  5.7066  2.4848  1.6614  1.4043  15.7515  4.8359  5.4182  2.4989  6.1999  1.2229  0.428  4.3968  5.769  3.9577  0.8563  1.0965  2.7932  2.2531  2.5766  2.9701  2.557  1.4901  2.16  
trainID = 2520  2.7513  0.4737  0.6623  0.4229  0.1927  0.91  1.4743  1.216  0.123  2.8888  6.1019  0.0942  4.289  3.4495  0.5731  0.8621  0.2266  3.6719  1.4286  0.0262  1.5173  6.8835  8.1972  6.6621  0.7945  5.8912  5.1251  0.505  1.3994  3.3307  0.4207  0.969  0.7262  2.0553  2.8289  3.8315  3.0361  1.537  0.518  3.623  
trainID = 2538  2.2242  1.7191  0.448  0.8739  0.3314  0.183  1.9385  2.9876  0.53  0.1702  4.4266  2.2284  0.8021  3.1225  0.2416  0.0724  0.0171  2.5227  0.2752  0.5302  1.1533  6.3379  3.8768  3.0946  1.8193  4.7082  2.2301  0.542  4.6533  0.3495  1.3903  1.1418  0.5344  0.3975  0.4565  1.231  3.2601  2.0493  1.345  2.0492  2.22  1.4234  2.024  
trainID = 2539  1.4136  2.4446  2.066  2.348  0.8577  0.7835  1.9002  0.277  1.194  3.0069  1.6724  0.0336  0.4227  1.6895  1.3159  2.0085  0.5288  1.2527  1.7304  2.6497  1.2536  7.6539  0.9869  9.4455  1.0148  1.684  0.9488  3.198  4.1177  2.1888  5.6329  0.0889  3.1798  2.8053  1.491  0.2845  1.7261  0.166  2.8662  0.869  
trainID = 2561  0.2849  1.7438  1.575  0.724  0.782  0.211  1.0468  0.766  0.819  0.4707  4.08  0.4148  0.5452  1.6967  0.0323  1.39  3.5485  0.814  1.9049  0.0102  0.2513  0.1972  3.787  4.2769  0.462  0.9213  3.3469  2.2052  3.5257  3.0823  1.0955  2.4326  0.1076  0.04  0.1984  1.3521  1.1962  0.923  0.5681  2.4151  1.224  2.6758  1.544  
trainID = 2583  3.7643  0.7591  0.6374  0.619  1.5186  1.7832  1.959  2.888  1.013  2.5521  3.5129  0.143  0.695  0.6953  1.4831  1.7572  1.9657  0.8166  1.7707  0.4063  0.475  1.9711  2.2905  4.0302  2.0133  0.8947  2.9403  0.059  1.7396  3.0268  1.3803  2.8762  1.5047  1.0208  2.2771  0.4595  0.0121  1.5693  0.1124  2.7649  1.952  0.1776  32.96  
trainID = 2589  2.8595  1.4479  0.6955  0.205  0.1874  1.0824  0.2187  0.245  0.896  2.7189  4.5534  0.7876  0.9879  3.3152  0.2731  0.188  0.4629  4.1216  0.3115  2.5442  0.6929  8.8137  3.0044  0.9119  1.2053  5.2596  2.4489  1.96  4.6039  1.2671  0.2457  1.3671  0.02  1.7801  0.4677  1.8911  4.0001  1.292  1.3648  3.836  
trainID = 2605  2.1776  0.8911  1.4466  0.8  2.4469  0.56  0.3781  0.432  2.7572  0.5607  3.0232  1.4057  2.697  1.9717  3.6729  0.3739  0.1326  1.2032  2.4164  2.6079  1.729  2.0902  3.2175  15.6354  2.6167  0.5815  2.2699  2.334  1.6473  0.6425  0.7341  2.0311  3.5056  2.7352  0.1918  0.2584  2.8351  0.6995  1.8294  0.495  1.699  0.2654  1.27  
trainID = 2638  2.8656  0.6924  0.903  0.741  2.0694  1.52  0.4835  0.94  0.409  4.9592  3.8799  2.9878  1.734  0.3982  4.7648  4.0605  1.1022  3.1747  4.6664  0.7122  0.5201  0.6558  15.5434  27.1279  0.7181  1.1078  5.6814  0.3261  1.5002  1.0437  4.9213  4.5112  0.0495  0.8343  0.0322  3.1001  0.065  0.4466  0.933  1.421  0.0576  1.909  
trainID = 2658  0.3132  1.9465  2.136  0.355  0.5642  2.5711  0.7315  0.015  1.6922  2.6399  1.8045  0.0503  1.1992  2.7093  3.6454  0.5476  0.5162  0.7543  1.5379  0.2502  0.5818  0.5686  1.7672  0.6301  0.997  1.1101  1.7848  0.642  0.3008  3.5193  1.319  1.2889  0.8301  1.6257  1.3378  1.5976  1.5418  0.4381  1.1905  0.307  2.96  0.932  1.14  
trainID = 2662  2.9041  2.0414  0.884  1.011  0.7302  0.479  3.1997  7.5653  1.1676  1.1955  4.0458  0.0174  2.0509  2.9307  1.5793  0.5035  0.3024  3.0328  4.2602  7.086  10.2808  5.2345  9.4009  4.3276  3.401  0.142  0.6324  2.9961  0.8053  4.5426  3.3086  1.8274  2.495  0.3764  3.2037  2.5519  5.6765  3.4797  2.2935  34.7145  
trainID = 2665  2.1513  2.453  0.954  1.078  0.0637  0.535  4.3066  4.7202  3.7684  0.8914  2.0627  1.1407  2.6935  3.1229  0.8121  3.0301  3.6332  3.1288  4.1851  8.5484  10.2758  6.8483  10.0833  1.7596  2.6526  0.0046  2.3111  2.1931  2.1701  6.2089  2.0897  2.3463  0.9324  0.2401  1.9924  2.167  6.6223  2.326  3.3746  33.2219  
trainID = 2685  4.4262  3.3336  4.48  1.638  2.2944  0.052  0.019  0.612  1.444  1.7884  6.2066  3.8166  0.9852  2.6425  4.5104  3.5175  1.5404  0.8143  2.0791  2.5813  2.9421  13.1794  5.5603  22.1975  2.8998  0.92  2.2845  3.3883  2.1589  6.3617  3.1369  1.8641  2.2553  1.6871  0.347  2.2257  2.87  1.779  1.6702  2.356  
trainID = 2707  3.2884  2.1625  1.4913  0.7997  2.521  0.313  0.9653  1.943  1.275  2.7059  2.9104  3.4048  1.8404  0.6846  1.6313  2.5135  1.0784  0.6235  1.976  4.0614  0.5608  6.7332  4.3429  18.83  0.8978  0.0502  2.6962  0.872  2.2575  1.0529  1.2528  1.2647  3.8889  0.3489  3.4933  1.3535  3.1311  1.097  1.1984  0.759  0.726  0.569  2.838  
trainID = 2737  4.1094  2.8137  2.893  0.281  0.9401  1.116  3.382  8.1546  3.3256  0.236  1.942  3.0999  1.3797  4.6145  1.0885  0.9138  3.3332  0.8922  4.2596  3.7461  9.5484  5.6902  13.5167  1.5445  1.6239  1.6297  1.2979  3.6002  1.3425  5.2009  4.8203  1.171  0.5371  0.4823  2.6253  2.6341  8.4882  1.904  1.9741  31.6626  
trainID = 2742  3.1065  0.4803  0.5297  1.005  0.8768  3.445  1.4342  0.349  0.05  4.4452  0.484  1.3837  2.2083  1.4364  3.3583  2.3425  2.1722  0.4803  0.3493  0.9518  0.7326  8.7862  5.6277  1.4219  3.5323  1.0234  2.3553  1.681  1.8215  0.3181  2.3859  3.1637  1.5968  0.5743  1.3184  0.9603  3.4091  1.9541  2.4379  1.0476  2.658  0.4223  33.8693  
trainID = 2780  2.2241  1.5132  1.219  2.413  1.419  1.261  2.2599  8.8612  1.8986  1.0438  3.1728  2.732  1.132  4.9131  1.1317  1.8039  0.6851  1.6425  7.1678  6.2594  11.3504  5.7151  13.5381  1.9481  0.677  3.0341  0.3533  3.1775  1.9722  6.3715  3.8697  0.5329  0.5677  1.0458  0.7082  4.3162  8.3336  2  1.8607  33.0624  
trainID = 2801  2.7481  0.1099  1.7202  0.128  0.1877  1.813  2.4492  5.3023  3.102  0.2549  2.6982  1.1646  0.3274  6.5753  0.6683  0.1847  2.7952  1.5897  3.0812  7.2776  8.9443  4.075  9.8173  3.1484  1.9113  1.1375  0.579  2.786  1.5137  5.5702  1.5312  0.2272  1.8842  2.4188  2.5416  1.4447  7.0106  3.3  3.697  31.8877  
trainID = 2810  1.765  2.5936  0.4893  1.106  3.6853  1.656  1.271  1.103  0.329  2.8201  0.9706  0.6738  2.2896  2.3703  0.8416  2.3905  0.7332  1.4623  1.6728  0.417  1.1461  3.4352  2.3813  0.1776  0.0433  6.2505  4.4252  0.279  1.4302  0.0852  2.4296  0.918  0.4443  1.0214  1.0065  0.7611  2.0481  1.2262  1.1495  1.5912  5.1178  0.7352  35.2433  
trainID = 2866  2.0938  0.7835  2.217  2.066  2.2308  0.172  3.1856  1.493  0.043  1.6056  0.9563  0.6534  3.0965  1.0189  0.1283  1.003  0.914  0.64  1.0681  1.515  0.0133  3.6378  1.8768  0.6454  0.7212  2.5074  3.3161  1.6908  1.6223  0.0816  2.4143  2.0969  2.0038  0.2781  0.2695  1.2834  1.1064  1.7324  0.1165  3.188  1.428  1.0772  33.8616  
trainID = 2891  2.8209  1.496  0.3799  2.308  1.644  1.798  1.0055  0.559  4.2469  2.48  2.5633  1.0293  0.5804  1.5006  2.5939  1.2794  1.684  0.2324  1.6218  4.2062  2.0578  2.9573  5.7796  11.7254  3.0217  1.2061  2.2681  0.276  0.58  0.9289  1.2683  3.2647  2.4747  0.3331  2.8905  0.4494  0.3206  0.6295  2.5362  1.096  1.307  0.3175  1.674  
trainID = 2898  5.3362  0.04  1.036  2.265  1.3399  0.35  0.2678  2.562  0.195  3.049  0.2154  1.3104  3.0224  0.0369  3.6575  0.7703  0.9935  1.0065  1.3336  0.1344  2.2216  6.6436  6.5187  1.0322  1.5927  5.3221  2.4674  1.391  1.689  1.988  4.2915  2.8831  4.4197  1.0433  3.2984  1.6593  2.6071  0.483  0.6354  1.9734  0.568  0.054  34.6812  
trainID = 2920  0.7078  0.1207  0.476  0.5901  0.1805  2.081  0.9203  0.803  1.6512  2.4775  0.2331  0.339  2.544  0.6923  0.2627  0.0984  0.1765  0.6964  0.0755  0.485  1.1639  6.3764  1.1251  0.5982  1.6835  0.6255  0.899  0.532  0.8395  0.6672  1.373  3.8193  0.2496  0.9207  0.0565  0.3889  1.8131  0.243  1.5677  2.8046  1.986  1.2274  31.8801  
trainID = 2970  0.1602  0.7991  4.5485  0.481  0.8865  2.4625  3.0959  0.088  0.412  4.0921  1.5809  2.4718  1.1694  5.7308  0.9205  1.6705  1.1566  3.3486  4.4809  0.2582  0.5342  17.9169  2.2002  9.8115  2.1664  6.6645  0.2455  1.383  2.7  0.1236  4.0462  0.7613  2.745  1.7353  2.5595  2.6451  4.1401  0.447  3.7063  1.855  
trainID = 2972  0.1063  0.8826  1.912  1.32  2.0942  2.181  3.6883  1.586  3.7405  1.8131  1.3408  5.0201  3.1195  0.9732  3.0557  2.2929  1.3358  2.0512  1.5451  3.6935  4.474  1.1481  8.7316  6.1563  3.0256  1.5729  2.3883  3.78  3.5212  2.7863  0.6544  3.0351  4.3651  0.4047  2.5983  2.0307  5.3083  4.6834  0.0377  32.994  
trainID = 2974  3.224  1.3013  1.29  0.551  0.8297  0.792  2.7227  9.6273  2.383  0.7342  0.2803  1.9447  0.2666  4.4006  1.0601  1.6435  2.6362  0.4829  4.6653  7.9762  10.5977  6.1705  4.6322  4.4222  1.4833  0.9091  2.6125  0.542  0.1563  3.9058  0.0102  1.261  2.0264  1.4512  3.1023  0.9469  4.7764  1.591  2.1451  33.6753  
trainID = 2985  6.4807  1.5345  1.5927  0.38  0.6804  1.4674  0.3015  1.48  0.98  3.0754  4.6614  1.1092  4.1989  5.8591  3.3328  1.3574  2.6423  6.9597  0.0249  2.8222  2.6028  7.9762  6.6469  6.4816  0.2532  6.134  4.0451  2.6148  4.3691  3.9228  1.5502  1.5511  0.7636  3.4442  2.1107  3.5893  1.6531  0.108  0.0146  2.618  
TrainID = 2658  dbValue = 1.26488  nTestCell = 43  nTrainCell = 43  nDiff = 0  (X,Y) = (1875, 1655)  Position Error = 4.12311
TrainID = 1455  dbValue = 1.32924  nTestCell = 43  nTrainCell = 43  nDiff = 0  (X,Y) = (1905, 1625)  Position Error = 46.0109
TrainID = 618  dbValue = 1.34468  nTestCell = 43  nTrainCell = 43  nDiff = 0  (X,Y) = (1835, 1675)  Position Error = 40.7063
TrainID = 915  dbValue = 1.40872  nTestCell = 43  nTrainCell = 42  nDiff = 1  (X,Y) = (1895, 1635)  Position Error = 31.8904
TrainID = 2561  dbValue = 1.41135  nTestCell = 43  nTrainCell = 43  nDiff = 0  (X,Y) = (1925, 1645)  Position Error = 55.109
TrainID = 2225  dbValue = 1.43358  nTestCell = 43  nTrainCell = 43  nDiff = 0  (X,Y) = (1855, 1645)  Position Error = 19.4165
TrainID = 817  dbValue = 1.45453  nTestCell = 43  nTrainCell = 43  nDiff = 0  (X,Y) = (1865, 1625)  Position Error = 31.5753
TrainID = 496  dbValue = 1.4644  nTestCell = 43  nTrainCell = 43  nDiff = 0  (X,Y) = (1835, 1635)  Position Error = 41.6773
TrainID = 512  dbValue = 1.53305  nTestCell = 43  nTrainCell = 43  nDiff = 0  (X,Y) = (1915, 1625)  Position Error = 53.8238
TrainID = 880  dbValue = 1.55878  nTestCell = 43  nTrainCell = 40  nDiff = 3  (X,Y) = (1935, 1605)  Position Error = 81.8352
TrainID = 677  dbValue = 1.56284  nTestCell = 43  nTrainCell = 43  nDiff = 0  (X,Y) = (1905, 1635)  Position Error = 39.9625
TrainID = 1811  dbValue = 1.579  nTestCell = 43  nTrainCell = 43  nDiff = 0  (X,Y) = (1855, 1615)  Position Error = 44.0114
TrainID = 1263  dbValue = 1.6684  nTestCell = 43  nTrainCell = 43  nDiff = 0  (X,Y) = (1935, 1645)  Position Error = 64.9384
TrainID = 2538  dbValue = 1.71935  nTestCell = 43  nTrainCell = 43  nDiff = 0  (X,Y) = (1905, 1625)  Position Error = 46.0109
TrainID = 2451  dbValue = 1.77024  nTestCell = 43  nTrainCell = 40  nDiff = 3  (X,Y) = (1955, 1635)  Position Error = 86.5852
TrainID = 993  dbValue = 1.78187  nTestCell = 43  nTrainCell = 40  nDiff = 3  (X,Y) = (1935, 1615)  Position Error = 76.0066
TrainID = 2490  dbValue = 1.7859  nTestCell = 43  nTrainCell = 40  nDiff = 3  (X,Y) = (1915, 1605)  Position Error = 67.3573
TrainID = 713  dbValue = 1.79763  nTestCell = 43  nTrainCell = 40  nDiff = 3  (X,Y) = (1845, 1595)  Position Error = 66.3099
TrainID = 2122  dbValue = 1.8046  nTestCell = 43  nTrainCell = 42  nDiff = 1  (X,Y) = (1805, 1675)  Position Error = 68.6804
TrainID = 2920  dbValue = 1.82445  nTestCell = 43  nTrainCell = 43  nDiff = 0  (X,Y) = (1875, 1715)  Position Error = 59.1354
TrainID = 1098  dbValue = 1.85465  nTestCell = 43  nTrainCell = 40  nDiff = 3  (X,Y) = (1865, 1585)  Position Error = 71.2531
TrainID = 2229  dbValue = 1.86329  nTestCell = 43  nTrainCell = 40  nDiff = 3  (X,Y) = (1935, 1605)  Position Error = 81.8352
TrainID = 2589  dbValue = 1.86335  nTestCell = 43  nTrainCell = 40  nDiff = 3  (X,Y) = (1895, 1585)  Position Error = 74.9466
TrainID = 1034  dbValue = 1.90043  nTestCell = 43  nTrainCell = 43  nDiff = 0  (X,Y) = (1945, 1635)  Position Error = 76.922
TrainID = 1854  dbValue = 1.91401  nTestCell = 43  nTrainCell = 43  nDiff = 0  (X,Y) = (1885, 1695)  Position Error = 41.4367
TrainID = 1001  dbValue = 1.93444  nTestCell = 43  nTrainCell = 42  nDiff = 1  (X,Y) = (1935, 1635)  Position Error = 67.3573
TrainID = 2605  dbValue = 1.93647  nTestCell = 43  nTrainCell = 43  nDiff = 0  (X,Y) = (1805, 1655)  Position Error = 66.0076
TrainID = 448  dbValue = 1.9374  nTestCell = 43  nTrainCell = 43  nDiff = 0  (X,Y) = (1795, 1675)  Position Error = 78.339
TrainID = 2891  dbValue = 1.98586  nTestCell = 43  nTrainCell = 43  nDiff = 0  (X,Y) = (1805, 1695)  Position Error = 76.6616
TrainID = 2539  dbValue = 2.02994  nTestCell = 43  nTrainCell = 40  nDiff = 3  (X,Y) = (1825, 1605)  Position Error = 68.6804
TrainID = 1919  dbValue = 2.05893  nTestCell = 43  nTrainCell = 43  nDiff = 0  (X,Y) = (1905, 1695)  Position Error = 51.7397
TrainID = 1982  dbValue = 2.07274  nTestCell = 43  nTrainCell = 43  nDiff = 0  (X,Y) = (1865, 1715)  Position Error = 59.3043
TrainID = 1821  dbValue = 2.12412  nTestCell = 43  nTrainCell = 40  nDiff = 3  (X,Y) = (1925, 1605)  Position Error = 74.2765
TrainID = 1895  dbValue = 2.13939  nTestCell = 43  nTrainCell = 43  nDiff = 0  (X,Y) = (1895, 1705)  Position Error = 54.5619
TrainID = 1268  dbValue = 2.16315  nTestCell = 43  nTrainCell = 40  nDiff = 3  (X,Y) = (1915, 1585)  Position Error = 83.5284
TrainID = 1356  dbValue = 2.18075  nTestCell = 43  nTrainCell = 43  nDiff = 0  (X,Y) = (1925, 1705)  Position Error = 72.9178
TrainID = 2866  dbValue = 2.18262  nTestCell = 43  nTrainCell = 43  nDiff = 0  (X,Y) = (1865, 1725)  Position Error = 69.2604
TrainID = 1709  dbValue = 2.23881  nTestCell = 43  nTrainCell = 43  nDiff = 0  (X,Y) = (1875, 1735)  Position Error = 79.1012
TrainID = 954  dbValue = 2.26316  nTestCell = 43  nTrainCell = 43  nDiff = 0  (X,Y) = (1875, 1725)  Position Error = 69.1158
TrainID = 1881  dbValue = 2.26437  nTestCell = 43  nTrainCell = 43  nDiff = 0  (X,Y) = (1905, 1725)  Position Error = 76.922
TrainID = 1099  dbValue = 2.26635  nTestCell = 43  nTrainCell = 43  nDiff = 0  (X,Y) = (1865, 1725)  Position Error = 69.2604
TrainID = 2226  dbValue = 2.28831  nTestCell = 43  nTrainCell = 43  nDiff = 0  (X,Y) = (1785, 1645)  Position Error = 86.7006
TrainID = 2707  dbValue = 2.28845  nTestCell = 43  nTrainCell = 43  nDiff = 0  (X,Y) = (1775, 1665)  Position Error = 96.421
TrainID = 2520  dbValue = 2.29225  nTestCell = 43  nTrainCell = 40  nDiff = 3  (X,Y) = (1965, 1575)  Position Error = 124.085
TrainID = 2583  dbValue = 2.30807  nTestCell = 43  nTrainCell = 43  nDiff = 0  (X,Y) = (1925, 1665)  Position Error = 54.7449
TrainID = 1214  dbValue = 2.36801  nTestCell = 43  nTrainCell = 41  nDiff = 2  (X,Y) = (1855, 1595)  Position Error = 63.0635
TrainID = 2314  dbValue = 2.37356  nTestCell = 43  nTrainCell = 40  nDiff = 3  (X,Y) = (1755, 1655)  Position Error = 116.004
TrainID = 1155  dbValue = 2.40548  nTestCell = 43  nTrainCell = 40  nDiff = 3  (X,Y) = (1905, 1615)  Position Error = 53.2635
TrainID = 809  dbValue = 2.41767  nTestCell = 43  nTrainCell = 43  nDiff = 0  (X,Y) = (1905, 1745)  Position Error = 95.2733
TrainID = 2810  dbValue = 2.41827  nTestCell = 43  nTrainCell = 43  nDiff = 0  (X,Y) = (1875, 1755)  Position Error = 99.0808
TrainID = 2257  dbValue = 2.42546  nTestCell = 43  nTrainCell = 43  nDiff = 0  (X,Y) = (1895, 1765)  Position Error = 111.611
TrainID = 2482  dbValue = 2.46496  nTestCell = 43  nTrainCell = 40  nDiff = 3  (X,Y) = (1965, 1735)  Position Error = 122.788
TrainID = 1661  dbValue = 2.47425  nTestCell = 43  nTrainCell = 43  nDiff = 0  (X,Y) = (1835, 1715)  Position Error = 69.1158
TrainID = 2467  dbValue = 2.50492  nTestCell = 43  nTrainCell = 43  nDiff = 0  (X,Y) = (1765, 1715)  Position Error = 121.314
TrainID = 1913  dbValue = 2.51213  nTestCell = 43  nTrainCell = 43  nDiff = 0  (X,Y) = (1895, 1755)  Position Error = 101.868
TrainID = 588  dbValue = 2.55589  nTestCell = 43  nTrainCell = 43  nDiff = 0  (X,Y) = (1875, 1795)  Position Error = 139.058
TrainID = 2410  dbValue = 2.57101  nTestCell = 43  nTrainCell = 40  nDiff = 3  (X,Y) = (1735, 1675)  Position Error = 137.321
TrainID = 2486  dbValue = 2.57705  nTestCell = 43  nTrainCell = 42  nDiff = 1  (X,Y) = (1765, 1725)  Position Error = 126.479
TrainID = 1352  dbValue = 2.6144  nTestCell = 43  nTrainCell = 43  nDiff = 0  (X,Y) = (1785, 1725)  Position Error = 110.259
TrainID = 2298  dbValue = 2.63247  nTestCell = 43  nTrainCell = 40  nDiff = 3  (X,Y) = (1915, 1755)  Position Error = 108.337
TrainID = 1465  dbValue = 2.64351  nTestCell = 43  nTrainCell = 43  nDiff = 0  (X,Y) = (1865, 1745)  Position Error = 89.202
TrainID = 335  dbValue = 2.64704  nTestCell = 43  nTrainCell = 43  nDiff = 0  (X,Y) = (1785, 1725)  Position Error = 110.259
TrainID = 2742  dbValue = 2.65084  nTestCell = 43  nTrainCell = 43  nDiff = 0  (X,Y) = (1845, 1745)  Position Error = 92.72
TrainID = 1401  dbValue = 2.66806  nTestCell = 43  nTrainCell = 43  nDiff = 0  (X,Y) = (1855, 1775)  Position Error = 120.071
TrainID = 355  dbValue = 2.67026  nTestCell = 43  nTrainCell = 43  nDiff = 0  (X,Y) = (1835, 1735)  Position Error = 86.8159
TrainID = 721  dbValue = 2.70122  nTestCell = 43  nTrainCell = 40  nDiff = 3  (X,Y) = (1965, 1655)  Position Error = 94.0053
TrainID = 2970  dbValue = 2.70501  nTestCell = 43  nTrainCell = 40  nDiff = 3  (X,Y) = (1785, 1545)  Position Error = 140.417
TrainID = 1057  dbValue = 2.70661  nTestCell = 43  nTrainCell = 41  nDiff = 2  (X,Y) = (1845, 1605)  Position Error = 57.2451
TrainID = 2420  dbValue = 2.70924  nTestCell = 43  nTrainCell = 40  nDiff = 3  (X,Y) = (1735, 1625)  Position Error = 139.488
TrainID = 1813  dbValue = 2.724  nTestCell = 43  nTrainCell = 40  nDiff = 3  (X,Y) = (1945, 1535)  Position Error = 141.834
TrainID = 1177  dbValue = 2.73837  nTestCell = 43  nTrainCell = 43  nDiff = 0  (X,Y) = (1845, 1765)  Position Error = 112.058
TrainID = 2638  dbValue = 2.75165  nTestCell = 43  nTrainCell = 42  nDiff = 1  (X,Y) = (1765, 1725)  Position Error = 126.479
TrainID = 2898  dbValue = 2.75315  nTestCell = 43  nTrainCell = 43  nDiff = 0  (X,Y) = (1835, 1775)  Position Error = 124.326
TrainID = 1182  dbValue = 2.78298  nTestCell = 43  nTrainCell = 40  nDiff = 3  (X,Y) = (1975, 1745)  Position Error = 136.883
TrainID = 987  dbValue = 2.79537  nTestCell = 43  nTrainCell = 43  nDiff = 0  (X,Y) = (1855, 1755)  Position Error = 100.285
TrainID = 1453  dbValue = 2.80009  nTestCell = 43  nTrainCell = 40  nDiff = 3  (X,Y) = (1745, 1635)  Position Error = 127.738
TrainID = 461  dbValue = 2.81342  nTestCell = 43  nTrainCell = 40  nDiff = 3  (X,Y) = (1785, 1545)  Position Error = 140.417
TrainID = 1944  dbValue = 2.83468  nTestCell = 43  nTrainCell = 40  nDiff = 3  (X,Y) = (1715, 1655)  Position Error = 156.003
TrainID = 2985  dbValue = 2.83475  nTestCell = 43  nTrainCell = 40  nDiff = 3  (X,Y) = (1965, 1535)  Position Error = 153.222
TrainID = 1424  dbValue = 2.83985  nTestCell = 43  nTrainCell = 40  nDiff = 3  (X,Y) = (1785, 1565)  Position Error = 125.208
TrainID = 1547  dbValue = 2.86252  nTestCell = 43  nTrainCell = 43  nDiff = 0  (X,Y) = (1825, 1775)  Position Error = 127.581
TrainID = 2519  dbValue = 2.87039  nTestCell = 43  nTrainCell = 40  nDiff = 3  (X,Y) = (1835, 1515)  Position Error = 145.523
TrainID = 2017  dbValue = 2.87292  nTestCell = 43  nTrainCell = 40  nDiff = 3  (X,Y) = (1915, 1785)  Position Error = 136.297
TrainID = 1696  dbValue = 2.91376  nTestCell = 43  nTrainCell = 43  nDiff = 0  (X,Y) = (1885, 1795)  Position Error = 139.703
TrainID = 630  dbValue = 2.93952  nTestCell = 43  nTrainCell = 40  nDiff = 3  (X,Y) = (1895, 1785)  Position Error = 131.214
TrainID = 529  dbValue = 2.95595  nTestCell = 43  nTrainCell = 40  nDiff = 3  (X,Y) = (1745, 1705)  Position Error = 135.192
TrainID = 2115  dbValue = 2.98062  nTestCell = 43  nTrainCell = 40  nDiff = 3  (X,Y) = (1945, 1795)  Position Error = 157.471
TrainID = 1434  dbValue = 2.99061  nTestCell = 43  nTrainCell = 40  nDiff = 3  (X,Y) = (1725, 1655)  Position Error = 146.003
TrainID = 328  dbValue = 2.99523  nTestCell = 43  nTrainCell = 40  nDiff = 3  (X,Y) = (1925, 1795)  Position Error = 149.121
TrainID = 1979  dbValue = 3.00233  nTestCell = 43  nTrainCell = 40  nDiff = 3  (X,Y) = (1965, 1535)  Position Error = 153.222
TrainID = 359  dbValue = 3.03549  nTestCell = 43  nTrainCell = 40  nDiff = 3  (X,Y) = (1685, 1625)  Position Error = 188.566
TrainID = 2355  dbValue = 3.04037  nTestCell = 43  nTrainCell = 40  nDiff = 3  (X,Y) = (1955, 1775)  Position Error = 145.661
TrainID = 676  dbValue = 3.04426  nTestCell = 43  nTrainCell = 40  nDiff = 3  (X,Y) = (1975, 1765)  Position Error = 150.655
TrainID = 998  dbValue = 3.09579  nTestCell = 43  nTrainCell = 40  nDiff = 3  (X,Y) = (1995, 1755)  Position Error = 158.673
TrainID = 2155  dbValue = 3.10084  nTestCell = 43  nTrainCell = 41  nDiff = 2  (X,Y) = (1995, 1635)  Position Error = 125.766
TrainID = 491  dbValue = 3.16497  nTestCell = 43  nTrainCell = 41  nDiff = 2  (X,Y) = (1925, 1725)  Position Error = 87.6185
TrainID = 2101  dbValue = 3.24879  nTestCell = 43  nTrainCell = 43  nDiff = 0  (X,Y) = (1805, 1735)  Position Error = 102.942
TrainID = 1066  dbValue = 3.26984  nTestCell = 43  nTrainCell = 40  nDiff = 3  (X,Y) = (1695, 1625)  Position Error = 178.709
TrainID = 2685  dbValue = 3.27163  nTestCell = 43  nTrainCell = 40  nDiff = 3  (X,Y) = (1735, 1665)  Position Error = 136.297
TrainID = 1912  dbValue = 3.33748  nTestCell = 43  nTrainCell = 40  nDiff = 3  (X,Y) = (1755, 1725)  Position Error = 134.97
TrainID = 1922  dbValue = 3.37735  nTestCell = 43  nTrainCell = 40  nDiff = 3  (X,Y) = (1685, 1655)  Position Error = 186.003
TrainID = 2974  dbValue = 3.38073  nTestCell = 43  nTrainCell = 40  nDiff = 3  (X,Y) = (2015, 1675)  Position Error = 145.248
TrainID = 416  dbValue = 3.38895  nTestCell = 43  nTrainCell = 43  nDiff = 0  (X,Y) = (1775, 1735)  Position Error = 124.326
TrainID = 1207  dbValue = 3.40072  nTestCell = 43  nTrainCell = 40  nDiff = 3  (X,Y) = (1945, 1495)  Position Error = 177.192
TrainID = 2972  dbValue = 3.4362  nTestCell = 43  nTrainCell = 40  nDiff = 3  (X,Y) = (1925, 1805)  Position Error = 158.483
TrainID = 2496  dbValue = 3.4369  nTestCell = 43  nTrainCell = 40  nDiff = 3  (X,Y) = (1665, 1645)  Position Error = 206.293
TrainID = 2080  dbValue = 3.45178  nTestCell = 43  nTrainCell = 40  nDiff = 3  (X,Y) = (1985, 1775)  Position Error = 164.794
TrainID = 2201  dbValue = 3.46738  nTestCell = 43  nTrainCell = 40  nDiff = 3  (X,Y) = (1985, 1795)  Position Error = 179.769
TrainID = 1940  dbValue = 3.48414  nTestCell = 43  nTrainCell = 43  nDiff = 0  (X,Y) = (1795, 1745)  Position Error = 117.034
TrainID = 1712  dbValue = 3.4848  nTestCell = 43  nTrainCell = 40  nDiff = 3  (X,Y) = (1965, 1785)  Position Error = 159.615
TrainID = 2801  dbValue = 3.49008  nTestCell = 43  nTrainCell = 40  nDiff = 3  (X,Y) = (2035, 1715)  Position Error = 174.29
TrainID = 1877  dbValue = 3.50325  nTestCell = 43  nTrainCell = 40  nDiff = 3  (X,Y) = (1955, 1795)  Position Error = 162.41
TrainID = 1358  dbValue = 3.50782  nTestCell = 43  nTrainCell = 40  nDiff = 3  (X,Y) = (1855, 1525)  Position Error = 131.973
TrainID = 347  dbValue = 3.53434  nTestCell = 43  nTrainCell = 40  nDiff = 3  (X,Y) = (1775, 1605)  Position Error = 108.706
TrainID = 887  dbValue = 3.54008  nTestCell = 43  nTrainCell = 41  nDiff = 2  (X,Y) = (1985, 1675)  Position Error = 115.572
TrainID = 542  dbValue = 3.5687  nTestCell = 43  nTrainCell = 40  nDiff = 3  (X,Y) = (1975, 1775)  Position Error = 158.041
TrainID = 867  dbValue = 3.65305  nTestCell = 43  nTrainCell = 41  nDiff = 2  (X,Y) = (1955, 1705)  Position Error = 97.2471
TrainID = 2193  dbValue = 3.68979  nTestCell = 43  nTrainCell = 40  nDiff = 3  (X,Y) = (1985, 1785)  Position Error = 172.154
TrainID = 1631  dbValue = 3.69279  nTestCell = 43  nTrainCell = 40  nDiff = 3  (X,Y) = (2025, 1645)  Position Error = 154.392
TrainID = 539  dbValue = 3.69572  nTestCell = 43  nTrainCell = 40  nDiff = 3  (X,Y) = (1995, 1825)  Position Error = 209.612
TrainID = 1921  dbValue = 3.71395  nTestCell = 43  nTrainCell = 40  nDiff = 3  (X,Y) = (2015, 1815)  Position Error = 214.516
TrainID = 2662  dbValue = 3.71693  nTestCell = 43  nTrainCell = 40  nDiff = 3  (X,Y) = (2045, 1715)  Position Error = 183.731
TrainID = 2505  dbValue = 3.78344  nTestCell = 43  nTrainCell = 40  nDiff = 3  (X,Y) = (2005, 1815)  Position Error = 207.935
TrainID = 977  dbValue = 3.80697  nTestCell = 43  nTrainCell = 41  nDiff = 2  (X,Y) = (1835, 1795)  Position Error = 143.586
TrainID = 2665  dbValue = 3.82748  nTestCell = 43  nTrainCell = 40  nDiff = 3  (X,Y) = (2045, 1755)  Position Error = 200.192
TrainID = 2737  dbValue = 3.84537  nTestCell = 43  nTrainCell = 40  nDiff = 3  (X,Y) = (2055, 1765)  Position Error = 213.862
TrainID = 1565  dbValue = 3.85844  nTestCell = 43  nTrainCell = 41  nDiff = 2  (X,Y) = (1995, 1675)  Position Error = 125.447
TrainID = 2259  dbValue = 3.90084  nTestCell = 43  nTrainCell = 40  nDiff = 3  (X,Y) = (2045, 1755)  Position Error = 200.192
TrainID = 678  dbValue = 3.92098  nTestCell = 43  nTrainCell = 41  nDiff = 2  (X,Y) = (1905, 1785)  Position Error = 133.405
TrainID = 2780  dbValue = 3.97969  nTestCell = 43  nTrainCell = 40  nDiff = 3  (X,Y) = (2055, 1795)  Position Error = 230.601
TrainID = 723  dbValue = 4.00262  nTestCell = 43  nTrainCell = 41  nDiff = 2  (X,Y) = (1945, 1775)  Position Error = 140.132
TrainID = 1400  dbValue = 4.07988  nTestCell = 43  nTrainCell = 40  nDiff = 3  (X,Y) = (1965, 1435)  Position Error = 240.16
TrainID = 1648  dbValue = 4.08627  nTestCell = 43  nTrainCell = 41  nDiff = 2  (X,Y) = (1845, 1835)  Position Error = 180.878
TrainID = 854  dbValue = 4.13642  nTestCell = 43  nTrainCell = 40  nDiff = 3  (X,Y) = (1985, 1445)  Position Error = 239.827
TrainID = 399  dbValue = 4.14093  nTestCell = 43  nTrainCell = 41  nDiff = 2  (X,Y) = (1845, 1825)  Position Error = 170.988
TrainID = 2308  dbValue = 4.14689  nTestCell = 43  nTrainCell = 40  nDiff = 3  (X,Y) = (2055, 1775)  Position Error = 219.128
TrainID = 2234  dbValue = 4.18351  nTestCell = 43  nTrainCell = 41  nDiff = 2  (X,Y) = (1995, 1795)  Position Error = 186.271
TrainID = 2303  dbValue = 4.23013  nTestCell = 43  nTrainCell = 41  nDiff = 2  (X,Y) = (2015, 1755)  Position Error = 174.748
TrainID = 1824  dbValue = 4.24519  nTestCell = 43  nTrainCell = 41  nDiff = 2  (X,Y) = (1805, 1825)  Position Error = 181.43
TrainID = 1117  dbValue = 4.28358  nTestCell = 43  nTrainCell = 41  nDiff = 2  (X,Y) = (1795, 1785)  Position Error = 149.723
TrainID = 2087  dbValue = 4.41732  nTestCell = 43  nTrainCell = 40  nDiff = 3  (X,Y) = (2035, 1835)  Position Error = 242.769
TrainID = 1237  dbValue = 4.46977  nTestCell = 43  nTrainCell = 41  nDiff = 2  (X,Y) = (1765, 1755)  Position Error = 145.041
TrainID = 1729  dbValue = 4.88024  nTestCell = 43  nTrainCell = 41  nDiff = 2  (X,Y) = (1795, 1865)  Position Error = 222.389
TrainID = 586  dbValue = 4.96484  nTestCell = 43  nTrainCell = 41  nDiff = 2  (X,Y) = (1815, 1855)  Position Error = 206.729
TrainID = 621  dbValue = 5.18928  nTestCell = 43  nTrainCell = 41  nDiff = 2  (X,Y) = (1875, 1415)  Position Error = 241.033
