trainID = 131  0.924  2.237  1.2613  0.8859  1.2038  0.5895  1.7763  0.309  2.8813  7.3133  1.763  0.5704  0.8018  2.0493  0.4604  1.7856  1.2103  0.1879  0.5276  3.0856  0.7515  1.5092  1.213  0.836  0.997  5.4748  1.4077  2.5413  0.4736  0.3904  1.8013  3.0573  0.5268  0.7168  2.8798  1.963  3.3042  0.2183  3.4291  1.0679  2.1399  2.513  1.2469  
trainID = 147  1.325  3.023  3.3273  2.7241  0.8933  4.1619  0.7977  1.026  1.7502  4.3003  0.071  3.3671  2.518  0.2228  10.7306  3.547  2.7371  0.0018  2.267  0.9212  1.218  1.1328  5.4276  2.5856  0.289  1.4  4.0196  0.6934  0.2972  6.0393  1.8422  2.5914  3.0119  0.0272  1.5715  5.207  2.485  1.9241  0.711  2.0551  0.1278  1.149  4.5299  0.2788  
trainID = 195  1.149  2.5224  3.9947  1.8819  0.9857  1.7907  0.9074  0.476  1.4854  2.0282  1.2453  1.0263  3.3776  1.1587  8.3053  5.6003  0.0024  4.4532  3.695  1.949  0.6271  0.2071  0.6071  1.542  0.955  1.0295  1.6015  5.6712  5.8407  3.9944  5.3678  1.3767  7.3547  2.2834  1.2116  0.232  0.2169  6.5906  3.3064  1.1288  3.8038  0.6846  4.8956  
trainID = 199  1.5904  1.5246  0.2931  0.0179  0.3073  0.2521  3.676  2.8073  3.1343  0.384  1.6598  1.1376  0.1967  4.1115  2.2555  0.4571  1.7089  0.6115  2.9406  1.161  0.8973  0.4377  1.4153  0.74  0.477  2.9713  0.955  2.9597  1.5965  1.0637  0.7762  1.3447  5.5978  1.0884  2.1077  0.6108  3.2733  3.0033  2.3396  0.269  0.3996  4.6989  0.5755  1.636  
trainID = 246  1.8376  4.31  0.5285  0.8094  1.1547  2.1143  1.008  2.7683  4.4483  2.3938  1.9879  2.8463  1.5908  6.8624  4.2907  0.3529  3.5535  1.3362  1.828  1.204  1.43  1.1918  0.295  1.645  3.1211  0.2265  5.4685  6.4899  8.7122  8.1656  2.0248  6.3433  0.4001  1.3039  0.656  0.6407  8.3553  1.9854  0.3385  4.0896  0.5656  0.8346  32.6198  
trainID = 322  1.5057  3.05  3.5839  0.4447  1.121  0.9391  0.062  3.2085  5.2733  0.184  0.3431  0.3297  2.6032  4.4997  1.3  2.1315  0.7123  1.8566  2.1472  1.589  1.8614  1.0966  1.6538  0.944  2.8012  2.561  1.2184  3.5507  0.2924  2.0012  1.1162  1.9627  3.7367  0.1973  0.7043  0.4209  2.132  2.8879  3.9274  2.2516  0.518  3.9159  2.7291  2.025  
trainID = 326  2.6034  4.0234  2.5219  0.219  3.3761  3.0403  0.28  3.0361  5.1673  5.8447  4.3754  4.116  6.8438  9.0634  6.963  2.3194  3.5545  2.4942  1.117  4.0543  1.6548  2.973  0.08  0.088  3.7383  1.4543  5.0786  15.3327  16.4844  16.5202  1.6988  11.2759  0.9266  1.228  0.475  5.7389  11.5651  6.4031  0.4019  2.1431  0.3943  1.1661  34.8069  
trainID = 327  4.2134  3.1146  0.534  0.7268  2.2616  0.7597  2.0587  6.0267  3.7583  0.664  1.9029  0.0141  2.7752  7.5339  2.7836  0.0152  0.9994  0.0469  1.7131  0.565  0.4399  2.0219  0.1346  0.825  3.3427  3.398  1.3384  1.9112  0.0572  1.0267  0.7384  0.6848  0.699  2.382  1.8844  1.608  2.3511  2.9235  2.19  1.6178  1.0673  2.998  0.6346  
trainID = 364  0.797  0.5043  1.3268  1.0012  1.99  0.1382  0.2378  1.022  2.1223  3.4283  0.941  0.5218  0.4158  2.8549  2.6258  1.3118  1.6722  0.5664  0.0616  1.8658  1.926  2.0621  2.8174  1.2339  1.681  1.964  1.4466  0.3386  2.1075  0.0108  0.8456  2.2272  0.5697  1.4268  0.2141  1.0641  1.7438  1.1752  4.483  1.5407  1.5477  0.003  1.5765  1.4283  3.529  
trainID = 394  0.336  1.7954  4.4889  1.2839  0.5447  0.9658  0.7211  0.264  2.1946  2.0902  1.4948  0.799  3.0265  2.6622  1.8216  0.6228  0.7927  1.3607  0.1944  0.321  1.1505  2.3728  0.5558  0.365  2.1667  0.2747  1.169  1.6546  3.7882  0.0423  0.0335  0.0366  2.0589  2.5792  0.4094  0.194  0.7303  0.9488  0.6867  0.4875  0.9589  3.4129  2.7547  
trainID = 415  1.8  3.9055  2.2389  1.6574  0.8116  0.5131  0.067  4.0225  4.3123  2.011  2.0314  0.9769  0.4979  2.1989  5.0244  3.2714  3.0344  2.5706  3.4712  4.5084  2.7851  2.5483  1.7987  1.321  0.557  3.9987  1.4867  2.662  3.06  4.2887  4.9227  3.5901  4.4907  0.7088  0.8314  2.495  1.1283  7.2059  2.9223  0.4248  2.141  2.5304  0.1056  
trainID = 419  0.371  4.6756  0.9973  3.8005  2.4815  3.8132  2.2667  2.7109  3.774  4.7373  2.308  3.4229  2.049  1.0493  14.4368  2.7589  11.069  2.9636  4.3214  7.9988  1.898  1.839  5.3339  0.1805  2.0879  0.474  5.1131  0.9087  4.7772  4.0778  5.0636  5.0111  0.6827  3.4514  0.1628  4.0179  0.779  1.2696  3.0268  1.3513  0.8943  1.781  5.7899  0.1942  
trainID = 423  4.2599  5.6302  2.8999  2.3944  1.8515  1.7783  2.595  2.9092  5.1063  3.3859  3.5114  3.3426  7.1018  7.7477  8.956  1.0567  3.8578  4.3539  1.959  5.0869  4.1258  0.2217  2.257  0.527  1.3947  0.7441  4.244  9.4386  12.0581  9.4639  2.6388  10.4565  0.9263  0.4837  1.531  3.8067  8.7802  5.0153  1.1469  3.8097  0.3332  2.5733  37.21  
trainID = 479  0.1355  3.469  1.1929  0.0339  0.3177  1.1156  1.3095  2.3522  4.1233  1.2811  2.8599  0.9482  0.3417  7.86  3.5706  1.1332  3.378  1.8108  1.404  2.0424  2.3693  0.6405  0.118  0.352  2.0046  1.3379  3.0302  0.2748  0.7292  2.8446  2.8479  1.5589  0.3489  0.4129  0.63  1.5451  5.0993  3.0258  1.0861  0.004  3.7809  1.5234  
trainID = 556  3.1817  3.833  1.3739  1.5239  0.7807  0.4767  1.04  0.897  1.5354  2.6946  0.0218  1.9445  5.546  5.8174  5.5478  0.2072  3.322  5.6438  1.873  4.7593  2.8124  0.8498  1.213  0.978  2.521  0.6205  4.3722  7.0328  8.8774  7.4619  2.8003  7.1982  1.3359  1.3106  0.7582  2.7002  6.8515  2.3359  2.0219  2.704  0.6126  3.3661  35.5998  
trainID = 563  0.9958  3.8227  0.7145  1.907  0.6499  0.4851  1.775  1.3561  4.2643  2.678  0.9558  2.3233  5.3068  3.0558  2.6704  1.9964  1.5409  2.9391  0.936  3.9841  0.6546  0.738  0.441  0.946  2.1242  1.3583  3.9146  0.674  4.9403  1.5364  0.5469  2.9537  1.259  0.9243  0.191  0.0296  6.49  2.8016  0.8237  2.0326  4.0599  0.535  
trainID = 570  0.2  0.2093  4.4197  2.3902  2.1978  0.6869  1.904  1.466  0.9175  2.0486  0.0114  2.0836  0.9627  0.9408  1.405  0.9981  0.112  1.1429  1.1489  0.984  0.359  0.4531  0.1468  0.175  0.462  2.6856  0.6408  0.2763  1.4469  2.0464  0.2442  1.9084  0.1527  1.9491  1.3236  0.727  2.2867  2.7624  0.8144  0.817  0.5355  3.4469  0.6873  
trainID = 606  3.7152  4.9117  3.4669  1.6334  4.1934  0.6203  0.496  3.3709  5.0233  0.252  5.6718  6.4514  6.947  3.8616  11.152  6.9364  2.4853  2.5123  2.4952  2.116  4.3458  0.1966  0.8302  1.626  0.125  1.9316  1.0249  7.2209  10.6371  15.008  13.1542  4.6088  10.0867  1.4382  2.4156  2.397  4.1221  10.7029  5.0921  1.56  5.2097  1.0648  5.267  33.3835  
trainID = 607  1.301  1.9347  0.3545  2.0239  1.7834  0.1403  0.8157  1.003  2.3154  2.1455  0.274  1.2352  0.9025  0.157  1.3589  5.9356  3.4726  0.164  4.1252  2.6256  2.552  1.7117  4.9413  0.1063  0.624  0.962  1.2466  1.0027  1.3146  3.0621  2.8825  4.9904  0.8356  0.4017  1.6759  3.5873  0.032  3.9269  0.992  0.6123  1.3622  0.805  3.304  0.2794  
trainID = 651  0.615  2.5019  5.5854  0.4563  2.3289  3.2426  0.0327  0.003  0.2414  1.8138  0.892  0.8365  2.2886  3.831  6.5152  8.0618  1.5798  2.7164  0.0329  2.6017  2.747  0.5174  3.4345  0.6811  0.248  1.254  1.0008  1.1589  3.1487  3.044  0.6574  1.5524  3.9275  2.8297  3.6381  3.0939  0.57  0.4225  3.9131  0.0367  0.1167  1.0199  2.0703  3.114  
trainID = 691  0.161  3.3353  0.0969  0.8797  0.5495  2.444  1.0241  1.0931  4.4224  3.3453  0.996  2.7782  0.2153  0.4408  3.8771  10.8591  2.5629  0.4832  3.8365  3.9613  0.8383  1.588  1.8597  0.497  1.5466  5.4462  3.8726  1.5281  3.7928  0.5132  1.6286  2.0751  3.8026  0.387  3.0285  3.1378  1.4734  2.1641  0.118  4.6939  0.1335  1.041  
trainID = 717  3.5241  3.2839  1.2769  3.4844  0.976  0.1778  1.909  3.8127  2.0765  2.9041  1.9884  1.361  4.4853  5.1709  3.744  2.4858  2.7419  3.0622  1.877  2.9585  2.3093  1.7119  1.426  0.395  5.6021  0.5037  5.1904  6.3357  6.9064  3.1083  2.9966  6.3606  3.7296  1.1735  2.2886  1.9847  5.7771  6.4003  0.8504  2.4088  1.3851  2.9699  35.6846  
trainID = 724  0.323  1.7192  3.6201  1.6198  0.0966  1.5161  0.7343  0.287  0.2465  4.0383  1.6477  1.0402  0.4695  2.0063  1.5869  0.9242  2.1271  0.7825  0.9467  1.541  2.2071  5.353  0.5969  1.586  1.253  1.0296  0.7743  2.7471  1.2199  1.0092  1.1273  0.1447  1.9944  4.1114  3.1702  0.727  2.2612  2.4849  1.6586  0.2143  2.2939  4.4199  0.8648  
trainID = 761  3.3301  0.2473  0.8689  1.0348  0.8223  2.0103  0.364  5.1435  5.1673  0.141  0.2343  0.1248  1.3062  6.6329  2.2229  2.7061  0.6936  2.7364  2.8401  0.135  0.7608  0.3288  2.2846  0.15  0.328  3.8084  1.9539  2.7557  0.7206  1.9858  0.681  2.5428  3.6071  2.8562  1.0328  1.755  3.0106  2.2508  0.6926  1.4012  0.5917  3.6229  1.4597  1.706  
trainID = 794  2.439  2.6634  6.4902  0.4396  4.3165  1.1048  1.7763  0.484  3.1518  1.5715  1.173  3.8456  1.5787  2.5011  4.5694  9.093  0.2865  0.3924  3.9351  0.4607  3.4087  3.3166  2.6428  0.4665  1.909  2.1056  0.8201  1.3602  7.6582  0.4283  2.0923  0.5492  4.1909  0.384  1.9664  2.3929  1.477  0.2233  2.6732  0.7375  1.4912  1.0337  2.2461  1.8785  
trainID = 836  0.72  1.0297  4.7826  1.3389  0.015  1.475  2.2963  1.729  2.9054  5.5983  2.3569  2.8315  3.1825  1.4284  8.612  3.5444  1.0322  0.4966  0.163  3.8654  3.5947  2.6207  0.3194  1.989  2.0756  0.3369  2.4307  4.883  2.2746  3.5884  0.1132  2.237  3.7774  3.8029  2.2508  0.512  0.5875  6.1377  2.0383  1.1574  0.3535  2.7313  0.8015  2.518  
trainID = 839  1.3745  0.7194  0.7696  1.4942  0.4246  1.9193  1.776  4.1842  3.6963  0.79  0.9345  0.5009  1.8238  8.1501  1.1401  2.2975  2.6111  1.2508  3.0741  1.222  0.9539  0.5129  1.4932  1.068  1.28  2.9833  0.8165  1.6987  0.6562  0.2815  1.8346  1.5  2.341  2.3406  2.0881  0.7777  1.7689  0.027  3.4069  4.8781  0.059  1.968  0.7109  
trainID = 851  1.9848  3.01  1.6133  0.5488  1.1227  2.9659  0.204  0.2413  1.7564  0.2487  1.0545  1.4816  1.8316  1.1294  1.1059  0.4562  0.0941  0.6231  0.547  0.8002  3.1804  0.692  2.0374  1.094  0.7226  0.4703  2.8426  0.7076  0.7229  0.5628  1.2048  0.1471  0.0833  1.5532  1.089  0.2707  0.6528  0.2837  2.5853  1.097  3.9319  2.9159  0.563  
trainID = 873  2.002  2.9481  1.9858  0.4332  2.6469  3.1508  2.1044  1.9993  1.0401  3.7223  2.1349  0.3754  0.1211  10.3328  4.8049  3.9806  2.101  0.2647  4.0647  1.588  0.3343  2.0975  0.3636  3.8886  0.731  0.6092  3.3415  0.3211  3.2836  0.2382  2.5843  0.9297  1.9565  0.86  3.6829  0.73  0.9978  0.6964  1.7054  2.4779  0.09  2.2927  1.461  
trainID = 927  0.287  2.8732  4.8071  2.6569  1.9224  3.0949  1.3526  0.23  1.7527  4.3863  3.4387  1.151  0.6973  3.6179  7.6072  6.4055  2.605  0.8758  2.4192  4.2224  5.7425  2.9382  1.8236  1.203  1.199  4.9864  0.4488  3.1899  7.9999  10.3001  8.588  1.6664  10.9082  1.0885  1.0619  0.3519  2.9981  9.1073  4.2398  3.0556  3.0473  1.5949  1.2286  34.1689  
trainID = 975  1.279  1.8798  2.1197  0.8976  2.6403  1.3758  0.2799  0.568  3.9536  4.3673  1.391  0.9505  0.0946  0.6643  6.212  1.1705  4.4538  0.1188  1.7496  3.2087  2.547  0.9185  4.4476  1.5189  2.4919  2.0066  2.2337  2.6076  1.4496  3.6578  2.5074  2.4815  1.5857  0.893  1.1406  2.3726  0.86  3.1712  0.5026  0.0738  1.1689  2.573  4.7819  0.5944  
trainID = 1003  0.1101  4.0652  1.5229  0.9816  0.2783  3.0796  1.063  3.5989  6.5783  0.729  0.4621  0.9265  3.4528  6.8104  0.0841  0.6877  1.1969  1.7631  1.7699  1.305  1.6533  0.0345  1.0937  3.8333  0.717  2.9953  0.1126  4.7188  0.7669  3.203  1.7584  1.0395  2.1435  1.1588  1.572  1.329  2.0033  5.1082  3.1893  2.5698  1.039  3.2538  1.7817  2.428  
trainID = 1027  2.279  0.42  5.7058  0.2493  0.8005  1.7841  0.2847  0.081  1.4279  3.2633  1.6693  2.1824  1.5275  5.6922  7.6151  0.2428  1.0276  2.6984  1.7538  1.67  2.7999  3.538  1.2419  2.8398  0.596  1.2904  1.1667  6.1557  0.1931  0.9762  0.1352  1.5889  1.0416  1.7596  0.9865  1.105  0.1129  5.1403  2.6001  0.3946  2.095  2.6473  2.502  
trainID = 1085  1.7615  0.5954  1.5321  1.9064  1.2745  0.4948  1.297  1.9155  3.2233  0.399  1.3041  0.3814  1.1395  1.6283  4.8591  3.6788  0.9219  1.4296  4.383  0.365  0.0614  3.4734  0.3426  3.5205  0.725  0.9634  2.0329  0.2836  0.0699  2.2858  1.2075  0.6907  0.5031  1.0042  2.9092  0.3458  1.8562  1.1229  1.8707  3.2988  0.005  5.8549  0.2324  
trainID = 1112  0.694  1.0963  3.8408  3.6691  2.9358  0.0699  2.7823  1.582  0.8621  1.7585  0.535  0.5403  0.2615  0.1196  8.6848  6.903  2.8804  0.6365  0.853  2.9391  2.574  0.2401  3.1232  1.1031  0.472  1.015  0.3335  4.0826  2.7816  0.4175  1.7848  0.5068  0.9722  0.2142  0.0809  3.2855  0.682  2.5991  0.3011  0.5988  2.7616  0.72  3.7769  0.5647  
trainID = 1157  2.5203  2.5536  0.9939  0.0118  0.1893  1.4893  0.692  3.6323  3.8903  0.246  0.2474  1.0197  1.7958  7.4182  2.458  1.129  0.0169  1.222  0.4051  0.766  0.7709  0.7658  1.3751  4.6008  1.9639  2.7238  2.8204  2.6223  0.2876  0.6081  0.4951  1.1017  3.1921  1.1662  1.323  1.642  2.3983  1.1812  2.8281  2.9663  1.5519  1.731  1.0444  
TrainID = 851  dbValue = 1.21465  nTestCell = 45  nTrainCell = 43  nDiff = 2  (X,Y) = (1105, 1495)  Position Error = 33.541
TrainID = 570  dbValue = 1.22271  nTestCell = 45  nTrainCell = 43  nDiff = 2  (X,Y) = (1095, 1505)  Position Error = 28.0179
TrainID = 394  dbValue = 1.31654  nTestCell = 45  nTrainCell = 43  nDiff = 2  (X,Y) = (1115, 1505)  Position Error = 45.8803
TrainID = 364  dbValue = 1.43039  nTestCell = 45  nTrainCell = 45  nDiff = 0  (X,Y) = (1095, 1525)  Position Error = 42.72
TrainID = 1085  dbValue = 1.60814  nTestCell = 45  nTrainCell = 43  nDiff = 2  (X,Y) = (1055, 1465)  Position Error = 29.4109
TrainID = 199  dbValue = 1.62413  nTestCell = 45  nTrainCell = 44  nDiff = 1  (X,Y) = (1065, 1545)  Position Error = 56.4358
TrainID = 724  dbValue = 1.64004  nTestCell = 45  nTrainCell = 43  nDiff = 2  (X,Y) = (1125, 1505)  Position Error = 55.3624
TrainID = 131  dbValue = 1.68098  nTestCell = 45  nTrainCell = 43  nDiff = 2  (X,Y) = (1075, 1535)  Position Error = 46.0977
TrainID = 1157  dbValue = 1.7176  nTestCell = 45  nTrainCell = 43  nDiff = 2  (X,Y) = (1055, 1545)  Position Error = 58.5235
TrainID = 607  dbValue = 1.75633  nTestCell = 45  nTrainCell = 44  nDiff = 1  (X,Y) = (1045, 1445)  Position Error = 51.6236
TrainID = 839  dbValue = 1.75809  nTestCell = 45  nTrainCell = 43  nDiff = 2  (X,Y) = (1045, 1545)  Position Error = 62.1691
TrainID = 1112  dbValue = 1.78716  nTestCell = 45  nTrainCell = 44  nDiff = 1  (X,Y) = (1145, 1425)  Position Error = 97.0824
TrainID = 479  dbValue = 1.81533  nTestCell = 45  nTrainCell = 42  nDiff = 3  (X,Y) = (1175, 1535)  Position Error = 112.805
TrainID = 327  dbValue = 1.8312  nTestCell = 45  nTrainCell = 43  nDiff = 2  (X,Y) = (1045, 1545)  Position Error = 62.1691
TrainID = 761  dbValue = 1.84202  nTestCell = 45  nTrainCell = 44  nDiff = 1  (X,Y) = (1065, 1565)  Position Error = 76.3217
TrainID = 322  dbValue = 1.89523  nTestCell = 45  nTrainCell = 44  nDiff = 1  (X,Y) = (1095, 1575)  Position Error = 89.0225
TrainID = 1027  dbValue = 1.98329  nTestCell = 45  nTrainCell = 43  nDiff = 2  (X,Y) = (1205, 1485)  Position Error = 133.06
TrainID = 975  dbValue = 1.9991  nTestCell = 45  nTrainCell = 44  nDiff = 1  (X,Y) = (1085, 1425)  Position Error = 65.307
TrainID = 563  dbValue = 2.0079  nTestCell = 45  nTrainCell = 42  nDiff = 3  (X,Y) = (1135, 1565)  Position Error = 98.7168
TrainID = 873  dbValue = 2.03428  nTestCell = 45  nTrainCell = 43  nDiff = 2  (X,Y) = (1125, 1415)  Position Error = 91.022
TrainID = 1003  dbValue = 2.04473  nTestCell = 45  nTrainCell = 44  nDiff = 1  (X,Y) = (1085, 1545)  Position Error = 57.4891
TrainID = 651  dbValue = 2.05394  nTestCell = 45  nTrainCell = 44  nDiff = 1  (X,Y) = (1175, 1445)  Position Error = 112.004
TrainID = 691  dbValue = 2.20304  nTestCell = 45  nTrainCell = 42  nDiff = 3  (X,Y) = (1015, 1455)  Position Error = 66.3702
TrainID = 794  dbValue = 2.26647  nTestCell = 45  nTrainCell = 44  nDiff = 1  (X,Y) = (1205, 1485)  Position Error = 133.06
TrainID = 147  dbValue = 2.28015  nTestCell = 45  nTrainCell = 44  nDiff = 1  (X,Y) = (1105, 1405)  Position Error = 90.2497
TrainID = 836  dbValue = 2.33033  nTestCell = 45  nTrainCell = 44  nDiff = 1  (X,Y) = (1185, 1525)  Position Error = 118.596
TrainID = 415  dbValue = 2.4867  nTestCell = 45  nTrainCell = 43  nDiff = 2  (X,Y) = (1155, 1585)  Position Error = 126.905
TrainID = 195  dbValue = 2.52472  nTestCell = 45  nTrainCell = 43  nDiff = 2  (X,Y) = (1205, 1605)  Position Error = 176.479
TrainID = 419  dbValue = 3.23117  nTestCell = 45  nTrainCell = 44  nDiff = 1  (X,Y) = (1055, 1355)  Position Error = 135.074
TrainID = 246  dbValue = 3.35183  nTestCell = 45  nTrainCell = 43  nDiff = 2  (X,Y) = (1185, 1615)  Position Error = 169.248
TrainID = 556  dbValue = 3.68265  nTestCell = 45  nTrainCell = 43  nDiff = 2  (X,Y) = (1175, 1665)  Position Error = 203.924
TrainID = 717  dbValue = 3.73951  nTestCell = 45  nTrainCell = 43  nDiff = 2  (X,Y) = (1145, 1645)  Position Error = 172.235
TrainID = 927  dbValue = 4.07591  nTestCell = 45  nTrainCell = 44  nDiff = 1  (X,Y) = (1185, 1675)  Position Error = 217.635
TrainID = 423  dbValue = 4.72025  nTestCell = 45  nTrainCell = 43  nDiff = 2  (X,Y) = (1195, 1695)  Position Error = 239.927
TrainID = 326  dbValue = 5.03817  nTestCell = 45  nTrainCell = 43  nDiff = 2  (X,Y) = (1235, 1705)  Position Error = 270.601
TrainID = 606  dbValue = 5.04002  nTestCell = 45  nTrainCell = 44  nDiff = 1  (X,Y) = (1245, 1665)  Position Error = 246.789
