trainID = 338  0.7477  5.5395  1.141  0.8641  3.6468  0.9723  0.113  0.8886  1.8845  1.8831  3.871  0.971  0.3793  1.6837  1.274  3.6514  1.3348  1.1286  2.1662  1.3438  1.2908  2.121  2.4422  0.2592  2.477  2.8466  8.562  2.4421  0.5556  0.6429  0.126  0.9021  0.2055  0.3386  1.2925  0.0813  0.9643  0.1586  0.3102  0.7623  1.346  0.3461  
trainID = 389  1.303  6.3884  0.034  3.9796  1.9548  0.1656  0.6298  1.8837  2.1159  34.2892  0.7451  1.363  0.969  2.3215  4.6454  3.204  3.37  2.3344  1.7227  0.0662  1.3231  1.683  2.368  6.6461  1.0582  1.1289  5.5411  7.3167  2.0876  2.9729  5.0266  1.0143  0.3794  1.9474  1.8784  1.4875  2.7459  1.0588  2.937  3.2566  1.4343  0.088  0.0301  
trainID = 399  0.8927  12.4792  0.49  11.9691  4.6477  0.1899  3.6959  0.8608  6.7583  34.8521  35.1718  0.0461  4.4081  3.758  22.7033  5.1514  7.9384  3.7723  0.8777  6.3288  2.215  4.974  3.7879  1.5229  7.2136  6.5574  12.6906  0.418  3.6502  2.8674  1.5403  3.1866  4.4073  0.9314  1.8765  3.2888  1.4555  0.5141  4.3105  0.9293  0.295  2.7684  
trainID = 426  3.7909  6.3558  1.262  8.4295  1.0148  1.5391  1.5814  0.9485  3.8842  32.7904  0.3164  1.332  1.041  1.7097  2.4172  0.6762  9.2876  10.0956  11.7528  1.79  0.5408  6.1782  3.1911  4.6691  1.7289  3.8134  5.7541  8.2163  1.5595  4.2285  3.267  1.6221  6.5557  3.9626  2.4834  0.2805  2.3302  2.5367  0.1656  3.8699  0.5653  0.839  1.2172  
trainID = 428  4.1035  4.4423  2.6242  3.427  1.5943  3.0971  1.514  0.1575  0.3477  1.645  7.4388  7.4394  2.5353  4.6464  3.0194  3.7881  2.1777  0.469  7.0586  0.478  0.5649  1.9366  3.7596  25.3015  13.7244  2.112  0.1617  3.6246  5.1269  1.366  1.473  5.1254  5.0765  4.8999  2.7674  2.7366  2.4052  2.1966  0.9252  1.947  1.0542  34.5309  
trainID = 442  1.1223  6.2007  1.6156  4.497  3.6453  0.4235  0.5066  1.2199  2.2502  36.0193  33.6138  0.1573  3.1132  1.8528  1.2278  0.3833  1.94  0.7983  1.0519  1.6693  1.4822  4.6581  1.2723  0.0948  5.4072  12.9386  2.2339  0.0752  4.6696  2.7564  0.0898  1.3206  1.2356  0.7265  4.1734  0.2605  0.9788  2.1006  0.139  1.394  0.3264  2.236  
trainID = 492  1.7355  4.4274  1.697  0.437  1.7036  0.1908  3.6762  0.8962  0.2371  2.6949  1.422  2.3038  1.5802  3.7483  0.0656  0.4781  1.2889  2.6503  1.2773  0.9278  0.8679  0.4455  2.2813  1.9502  1.0547  1.7792  0.3387  0.4189  1.2786  0.1128  0.821  0.6831  0.1429  1.6181  1.7132  0.6257  2.352  1.8814  0.7418  0.4546  0.908  0.4875  
trainID = 554  1.6402  0.7431  0.225  0.509  1.7147  0.3798  0.601  4.2135  1.1051  1.0412  0.825  0.738  1.592  3.8758  0.4312  3.2343  3.5481  0.6935  0.4926  1.9902  2.8869  1.8962  2.0872  2.0163  0.2367  3.2762  3.6456  0.3459  0.9982  2.424  0.618  3.3279  0.0678  2.6585  4.2245  2.4431  1.3053  1.4733  1.7732  1.2223  0.504  1.7984  0.518  
trainID = 581  3.2959  7.0897  0.418  5.494  2.9794  6.2202  3.5187  1.2515  3.0942  36.1122  1.7508  3.498  0.926  0.5461  3.8425  1.6006  11.0642  7.7396  10.2513  2.0153  0.4875  3.1279  5.034  2.6138  0.6363  5.0326  7.4897  6.6131  1.0429  3.8936  2.3149  0.133  5.1321  4.0494  1.7754  0.0437  1.6105  2.5027  2.77  2.3907  1.2573  0.345  1.7493  
trainID = 666  4.5907  8.8123  2.1093  8.2972  2.925  1.6991  4.623  3.868  5.4354  35.569  0.4921  3.941  1.981  2.2686  2.1109  0.1543  15.8153  15.4938  15.1345  1.236  2.7664  7.016  6.0653  3.644  1.2189  7.8417  7.2917  8.0395  0.7759  8.514  1.8984  0.973  5.3198  2.4169  3.5642  2.6345  0.8169  0.1216  0.5618  5.6194  1.1553  3.233  0.6206  
trainID = 675  0.4896  2.9094  0.987  2.2477  2.7444  1.2219  1.0947  1.621  1.0059  1.387  0.4851  0.4064  0.896  0.7298  0.0233  1.5619  1.2431  0.7789  3.125  3.369  1.1706  1.0545  0.0051  3.7957  1.2197  4.5822  1.3456  2.0898  0.7853  4.7898  1.5164  0.309  0.5604  0.1656  1.3488  0.2325  1.9481  1.3311  0.8258  2.4349  1.8843  2.275  0.7686  1.275  
trainID = 729  1.6113  3.8959  0.038  0.221  0.2197  0.0826  2.3765  1.8163  1.7828  0.3142  0.3228  1.263  3.8443  0.6247  2.2539  1.2338  2.9409  1.785  0.3091  2.1794  0.932  4.2467  2.4213  1.2564  5.9602  3.2575  1.1509  0.5331  8.0415  1.2259  1.085  0.5332  0.2033  0.0734  0.7715  0.1876  2.0503  0.972  3.4146  2.8123  1.536  0.669  
trainID = 774  3.1825  8.1585  1.89  11.3182  1.1865  5.3333  5.1532  4.1706  3.0244  34.4245  0.6041  2.086  1.02  1.3698  2.7645  0.4761  12.6766  3.4686  25.2362  0.6288  6.1496  7.5159  4.969  3.9713  0.6999  10.8628  9.0407  6.1159  3.576  6.1591  1.4783  0.294  6.7877  3.136  3.8997  3.6295  0.4122  1.6032  5.584  3.9683  34.8343  0.432  
trainID = 848  0.8756  2.9394  3.1732  1.193  0.4729  1.7821  1.197  2.1738  0.757  0.166  3.2161  3.7004  0.9846  2.9761  5.3406  4.2084  0.6737  3.7779  5.2599  0.617  2.2593  2.24  0.1503  14.8001  2.8374  8.2203  1.6506  4.8088  2.3944  0.479  3.4064  2.9458  5.2706  3.3177  0.9807  2.2349  2.9503  2.1087  0.405  0.442  0.732  33.7619  
trainID = 849  2.5788  3.6952  1.3446  4.3135  3.0489  2.8195  4.3404  1.9222  1.3331  2.8382  0.829  0.781  3.6978  0.5674  0.3734  5.1517  5.5903  1.8778  0.3509  3.0633  4.2472  4.4839  3.3638  0.781  10.5937  4.8608  1.4068  0.1425  6.7376  2.7513  1.1029  4.7672  1.7821  1.6406  1.6985  0.3669  2.5967  2.3645  0.8815  3.4643  0.018  1.8849  
trainID = 865  3.4409  7.0553  0.664  7.6789  0.3778  0.5297  3.9829  0.5032  2.316  33.4151  0.2836  3.044  0.598  1.0208  1.8666  1.0762  9.6708  7.5382  6.5221  0.535  1.5982  2.8625  3.1839  3.2862  1.0378  5.2893  5.3043  6.7228  0.9662  5.8222  2.0273  2.707  4.2258  2.3162  3.1948  1.1005  0.6321  1.4945  0.7661  3.1148  0.25  0.539  0.4266  1.672  
trainID = 921  0.9576  7.5167  1.307  8.0216  0.9609  1.8832  4.0773  0.6564  1.5897  32.8784  1.0388  1.839  0.328  2.3669  4.1689  3.3027  8.8771  7.3276  6.9623  2.1796  0.8469  2.5683  1.5048  3.1913  3.2619  6.4178  4.3644  7.4874  1.0926  4.8341  1.7755  0.304  1.3901  3.3239  0.8712  1.9265  2.2996  0.6375  1.77  1.5289  0.3126  0.794  0.1693  
trainID = 988  0.653  6.0167  0.07  5.6448  3.4486  0.0336  2.5356  3.4341  2.4784  34.7372  1.3282  1.671  1.368  1.0443  2.3672  0.5094  5.2358  8.0209  6.1808  2.0307  1.0417  2.212  2.2797  4.8941  0.2363  4.6133  7.292  7.338  1.6061  5.2204  4.0739  0.428  3.0029  2.9456  2.91  1.6175  1.0475  1.9855  1.1871  0.4511  0.9833  0.609  1.8717  
trainID = 1045  2.1142  3.3618  1.5799  1.0624  3.2919  0.7371  1.162  3.1519  0.2731  1.1085  0.386  2.1382  1.7684  1.2192  0.6286  1.5823  3.5284  1.9742  1.5876  0.4396  1.3695  0.303  2.3261  1.5711  3.3074  3.438  1.3695  1.67  0.3898  1.0397  0.5186  1.9951  1.9344  1.9579  2.5538  2.0416  3.5493  3.1765  2.3578  0.6428  0.0449  0.097  1.0212  
trainID = 1048  1.9615  5.9312  0.595  5.4759  3.1175  1.2272  3.1276  0.4185  1.9791  33.4041  1.6018  0.387  0.484  0.3409  1.4178  1.522  6.015  8.6091  8.0141  1.637  0.3069  4.01  3.3579  5.5271  1.3527  1.5468  7.967  7.5511  0.4383  2.8975  2.5812  0.589  1.8552  0.7318  2.4194  1.9995  4.0181  1.3757  1.0883  1.5204  1.4323  0.235  0.5004  
trainID = 1049  0.4721  2.9927  0.567  1.2023  0.1201  1.2316  1.629  1.8923  0.0659  1.1607  0.4653  2.8445  0.9205  2.7235  1.1147  1.8105  1.7683  0.3364  5.109  1.917  0.7356  0.867  0.8298  0.6662  1.0389  3.1254  0.9832  5.2001  0.3781  1.4129  2.0465  2.229  2.0163  2.2757  0.2576  2.6244  2.8244  1.365  1.8651  2.6707  2.3833  0.9  3.4388  1.718  
trainID = 1053  1.66  5.1534  0.797  6.0067  2.8409  0.0212  4.4687  0.1197  2.1135  1.271  0.0769  1.393  1.899  0.3838  2.1221  1.8398  5.8884  2.6778  3.5084  2.5235  0.9916  1.9823  2.7833  2.6759  0.7298  1.6993  6.5649  6.8124  2.7063  4.7515  3.43  0.283  2.4963  4.29  1.9032  1.6155  3.1572  0.4521  2.4367  3.0628  3.5653  0.18  0.322  
trainID = 1072  3.5266  1.3239  1.116  1.5794  0.0151  1.7072  0.364  2.2324  1.4161  0.255  0.101  1.642  4.6286  3.0863  1.4922  4.6565  2.3199  4.5539  2.65  0.1844  6.1102  0.2608  3.3303  0.0096  11.4284  8.2137  6.5203  0.6939  2.0732  4.391  1.093  3.7876  0.6771  4.3835  5.0362  3.384  3.8979  0.1448  0.6855  0.6903  0.943  0.1936  1.438  
trainID = 1086  4.2039  6.0839  0.197  6.0293  1.7467  0.6932  3.1598  1.2866  0.0319  34.5883  2.279  1.61  0.696  1.1674  1.24  1.3426  6.4407  7.2032  4.8726  1.7476  2.7809  4.7539  0.812  5.0889  4.5108  0.7853  2.9842  3.8294  3.1196  0.0036  5.5829  3.2054  0.671  2.3871  2.0223  1.5048  1.6602  0.8458  2.1527  1.3233  3.0533  1.7243  0.655  0.483  
trainID = 1106  0.0433  1.7079  1.3563  2.5755  1.0062  0.1272  0.456  1.1609  0.3538  0.223  0.0548  1.741  3.3835  0.3195  2.1683  1.4767  3.0552  4.789  0.1818  2.0619  2.4345  2.1097  1.4502  2.9121  1.3076  3.4925  1.4401  1.3901  1.5097  6.9973  0.79  1.181  2.1606  0.4923  0.5427  0.7206  0.2412  1.0835  1.1653  0.6941  0.0855  0.402  0.913  
trainID = 1133  1.3967  8.2255  1.6607  5.3595  2.1182  0.5899  2.3414  2.3175  2.705  0.6635  3.851  0.548  0.2586  2.665  0.1779  6.4819  4.5607  4.8629  3.1789  0.0263  1.9607  2.7111  3.7446  0.8012  2.747  4.5631  5.1265  0.0259  4.0379  3.4262  1.417  0.2278  2.2684  0.7512  0.0472  0.0506  1.6808  3.024  3.9291  1.8423  0.947  0.2916  
trainID = 1148  1.9761  4.7202  1.745  4.9405  3.3452  0.2302  1.0912  0.6203  1.4396  32.8885  1.4261  0.255  0.606  0.8663  3.2231  0.368  6.183  3.5229  5.04  0.0757  0.3977  4.3981  0.023  2.7336  0.0951  1.5922  6.673  8.8582  1.5696  3.9639  4.9149  2.3944  1.8374  1.3563  1.201  0.9608  0.2469  0.7508  2.3768  3.6822  0.8271  2.7632  0.4482  
trainID = 1183  0.1526  4.2834  0.271  0.9725  3.6335  0.4428  0.563  0.0555  1.0111  0.84  1.018  2.573  2.2597  2.2004  2.4116  0.469  0.4665  1.4534  2.072  3.2116  2.5823  1.3305  0.7917  2.712  3.4251  0.1292  1.2573  0.0972  1.4047  1.4195  0.172  0.7771  0.3484  0.8078  1.6317  2.2152  1.6915  1.337  0.2644  1.8753  1.4537  0.6604  0.828  
trainID = 1194  2.7724  5.8835  0.864  3.7774  5.5174  0.0802  1.8701  1.0763  0.0806  1.967  0.7904  1.573  0.764  0.2552  5.9274  2.6653  4.7169  1.7698  2.0047  1.5356  0.8474  1.1251  1.9782  2.8861  1.5569  0.865  6.0693  7.7155  1.055  3.5235  3.2507  2.5233  0.541  1.4921  1.4546  0.5969  0.5566  1.1647  0.3001  1.374  1.6033  0.501  0.0233  
trainID = 1237  4.57  9.4462  0.522  11.9358  3.5699  4.1137  4.3776  2.3591  4.0999  33.9509  34.2168  0.9709  3.1728  3.4987  30.9716  13.7722  22.4051  4.3167  4.2906  8.6742  1.409  2.26  5.8661  2.2079  8.6331  9.3162  9.0894  1.4184  4.7201  3.2536  1.3227  6.7447  3.9742  2.1047  0.3645  2.7459  3.2247  3.638  3.6844  1.4503  2.94  0.5173  
trainID = 1244  0.2806  2.2671  2.7398  2.3773  0.7765  2.4532  1.07  3.2675  0.8572  0.274  1.5354  1.9906  2.9364  0.6664  5.3308  0.2245  0.4277  0.6879  1.3819  0.0083  4.2163  1.6867  0.378  2.1902  3.6067  2.0312  0.5719  1.1476  7.1316  0.9607  0.6459  3.9604  0.763  1.7217  0.5652  1.7495  3.5757  2.5076  0.9519  0.1794  0.1326  2.8463  1.5844  0.067  
trainID = 1254  0.7056  4.2946  2.188  4.1276  3.1688  0.8374  0.9415  2.1647  1.6931  0.7287  3.178  0.996  2.5118  4.7197  1.2751  0.5424  0.3422  0.3283  1.0546  1.2256  0.5018  3.546  4.5216  0.683  3.9217  1.4721  8.2197  2.6021  1.4821  2.9369  0.023  0.8306  1.5357  3.0285  0.7433  0.3147  0.1279  0.0559  0.3125  0.5603  0.015  0.0327  0.777  
trainID = 1284  2.3254  1.1549  0.956  0.6602  1.2846  1.983  1.941  0.9683  1.7145  0.3066  1.039  0.897  1.311  2.23  0.9668  0.2753  0.6225  2.621  2.219  1.992  0.5251  0.154  0.8969  0.6409  2.4062  6.154  1.2817  1.7632  0.0319  5.8181  2.4458  0.438  0.5369  1.6197  1.2306  2.0716  2.2891  0.3368  2.0271  0.7991  1.0443  0.589  1.757  0.81  
trainID = 1297  0.2054  5.5698  1.7068  2.9372  2.3046  1.5418  1.2734  0.648  0.8257  0.314  1.43  3.253  0.993  0.9602  2.9835  0.7581  0.1361  4.6569  2.3564  0.0357  0.3575  0.4444  1.2985  5.7191  1.5349  1.5754  1.5024  6.5332  0.2591  4.0504  1.8757  0.266  0.4813  2.6679  0.3243  0.1555  0.6804  0.1409  0.2596  2.7171  0.3273  0.813  2.04  
trainID = 1338  4.9235  7.7884  0.459  7.8393  4.8738  2.7101  2.5882  2.65  2.9298  32.8793  1.3647  3.91  0.821  3.6865  3.4076  0.4483  12.1395  12.6718  12.8435  2.3587  2.9729  6.209  3.2071  3.3093  0.1063  4.874  7.2601  7.8302  0.2548  4.6613  4.0033  0.672  4.1421  4.6849  2.0471  0.1428  1.4304  3.4187  0.2686  4.152  1.6603  1.508  1.6083  
trainID = 1375  1.5901  4.8059  1.102  7.4844  3.5737  0.9662  1.2777  1.141  1.0619  1.816  2.9735  2.344  1.383  0.3526  5.6031  0.0134  0.2736  1.7293  2.2004  0.431  0.2747  1.7171  3.1635  0.3443  2.5229  3.0921  2.6223  8.7388  3.3573  3.3158  3.1022  1.0405  0.0306  1.1742  3.5418  1.9197  5.4427  0.4069  0.3645  1.9157  0.7973  0.696  1.6097  
trainID = 1414  1.3668  3.9297  0.064  4.7807  1.0786  0.5796  2.6962  0.1538  3.0263  2.3201  1.214  1.793  5.5879  0.3157  0.4012  4.1253  7.2792  4.5721  1.462  1.8915  1.3692  0.939  3.5257  3.2431  1.4959  9.6689  8.0066  2.782  0.0748  5.4286  0.6628  0.477  3.8613  3.0069  2.7659  0.1365  2.4472  2.2277  2.705  3.1964  3.2803  0.577  0.6906  
trainID = 1436  2.6841  2.4071  0.147  4.5395  1.8285  3.5192  0.599  2.8555  1.2531  1.4085  1.785  1.2  4.8554  6.9712  1.5904  3.636  2.9943  3.6889  3.624  1.1277  6.9266  0.901  1.8142  0.0489  3.0968  20.3123  15.1977  8.9048  1.7458  7.2583  5.1753  0.487  3.0243  1.9635  3.1576  2.6168  1.9824  2.7238  3.494  3.3645  0.2144  1.079  1.6058  0.719  
trainID = 1473  1.1623  3.2586  0.838  3.638  0.2522  1.8755  0.255  3.8702  0.0875  1.7184  0.083  1.789  0.1785  3.5463  1.6386  2.7048  2.1357  5.1702  0.2006  1.7518  2.0936  0.955  2.1499  1.3213  1.9851  6.3134  0.0991  6.9258  0.2985  1.4469  1.6305  1.6385  0.1386  0.5276  1.7381  0.9598  1.4559  0.9061  0.1475  1.5434  1.8293  0.461  3.4029  2.356  
trainID = 1500  1.438  3.5879  2.6092  4.2943  1.8653  1.105  2.0757  0.8731  2.089  1.968  0.8208  0.2469  2.2638  2.5385  1.7483  1.6506  6.1838  5.9928  2.9534  0.3831  1.7505  1.9161  2.7022  4.0691  2.0527  2.6844  2.3379  1.5779  0.3864  6.4407  1.1346  0.728  1.5232  1.9349  2.5074  1.1802  0.3248  0.0904  0.795  2.1841  1.6893  1.9096  1.2806  
trainID = 1529  0.0195  0.8326  0.516  0.352  1.4663  0.9291  0.196  3.0909  1.0161  0.3183  2.011  1.736  2.8644  4.2273  0.4593  1.9334  1.5967  6.2201  5.553  3.4296  2.5376  0.421  0.398  3.1533  2.0264  5.4318  0.8959  9.0011  1.6831  2.0026  3.5657  0.356  0.03  1.3106  0.9813  0.5875  1.3231  0.7602  0.4115  0.0847  3.3073  0.503  3.3427  
trainID = 1559  3.3814  7.5344  1.7428  10.7887  3.3581  3.8525  3.9736  1.9864  3.8006  36.0866  0.4089  1.454  1.339  0.0453  3.5191  0.1492  16.5717  14.8512  13.241  1.1758  1.9938  9.3082  2.3196  6.1371  3.0169  5.7679  7.6235  5.9642  0.9564  5.9817  1.7049  0.015  5.8783  2.3885  2.9042  2.0385  3.8004  1.1562  2.479  4.7596  0.6383  0.3  0.15  
trainID = 1568  2.0794  0.4481  0.928  3.4083  0.3516  2.7072  2.745  1.9817  2.7471  0.2522  0.024  3.7704  0.6603  8.373  0.0535  5.3779  4.0135  1.9452  2.5351  1.2501  5.3196  1.51  1.7055  0.435  2.3334  5.027  6.0694  9.7207  0.7889  1.5635  3.9885  1.449  0.9835  2.5921  0.6177  3.2279  3.7102  0.9511  0.1257  0.7807  2.2803  0.716  0.6622  0.617  
trainID = 1608  5.3744  7.1912  0.491  3.4951  1.2507  0.9825  3.0754  0.4339  3.5979  0.9256  0.599  0.635  0.3607  0.8448  2.6147  5.8387  4.7165  4.5356  1.3898  0.6593  0.4211  1.137  0.9154  3.622  0.9484  6.5086  5.5637  4.2679  1.5842  6.9424  0.3838  0.555  3.8254  2.306  1.387  0.2365  0.6668  1.0369  0.0978  2.6153  1.7353  0.567  0.4558  
trainID = 1636  2.6887  2.4309  1.9383  1.3848  0.706  0.1342  1.665  0.3653  0.1291  2.941  2.396  4.0369  2.1176  0.2938  0.7823  2.511  3.8043  0.5655  0.6159  2.2506  1.6781  0.8608  1.3986  0.0763  7.4917  4.2348  4.258  0.1998  9.4281  0.1419  1.635  3.6984  0.9871  2.5744  1.581  0.0127  2.3477  1.7876  3.3586  1.6633  0.285  2.7782  2.354  
trainID = 1664  0.846  1.5063  0.006  2.4293  0.2779  0.5165  1.219  1.1077  0.8217  0.2073  1.305  1.727  1.7983  1.904  1.0824  0.4337  1.9325  2.8014  0.5507  0.6283  1.6761  0.633  2.267  2.5524  1.855  4.3374  2.6133  0.4489  0.9744  5.4754  0.922  1.186  3.019  1.4126  0.6064  1.151  0.2401  1.1913  2.3111  1.7829  2.4353  0.336  0.5563  
trainID = 1714  2.8814  5.1804  0.488  1.7917  1.5048  0.2551  0.539  1.4519  1.3631  0.1219  0.853  0.211  2.1312  4.0367  1.1758  0.8554  1.1122  0.1792  2.4109  1.2414  4.0799  0.331  0.7885  3.5635  3.0018  2.9004  5.0624  0.3942  0.3102  0.4099  0.7212  1.379  2.418  2.1546  0.7148  0.5235  1.9071  0.5914  1.1094  2.2744  0.2332  0.865  1.2708  0.878  
trainID = 1721  0.7839  0.1279  1.6895  0.8052  0.5024  1.0691  1.021  0.5298  1.4861  1.28  1.2397  1.187  1.597  2.2552  2.4872  0.4969  2.9529  0.2643  2.598  1.222  4.449  0.4467  1.224  2.3259  0.0068  0.0432  10.6793  1.0807  4.3  2.2524  6.2733  0.0248  2.508  5.6365  0.0827  0.7107  2.3724  4.4894  1.2477  0.3315  1.3119  1.8413  2.353  0.4576  
trainID = 1726  2.1392  7.3989  0.705  10.448  3.1403  1.6348  2.8683  1.3354  3.1517  34.2139  0.6224  1.1241  3.358  2.8836  3.7023  0.3131  10.1463  12.7853  9.5211  2.9648  0.6565  5.4789  2.013  5.5561  0.6559  5.1117  4.6777  9.0846  0.2538  3.5266  3.7703  1.1239  4.9989  1.8384  1.0754  2.9725  2.9475  2.4327  3.036  2.7403  3.6393  1.469  0.9661  
trainID = 1729  2.6965  8.1669  0.513  9.153  6.2927  0.9905  4.6857  3.3719  2.1338  34.06  35.9398  0.2798  3.7523  2.758  16.0798  2.9384  7.5931  3.8859  0.4108  4.4314  3.7221  6.0051  2.8809  2.5721  8.6763  10.1292  1.8285  2.5211  4.1173  0.308  2.389  4.6976  2.5394  2.3165  3.9268  1.1206  1.9971  6.7063  3.3103  0.933  0.735  2.142  
trainID = 1779  3.514  8.386  0.685  5.9781  3.9433  0.4568  4.5631  1.1812  2.232  32.35  0.9204  0.965  0.862  1.5357  3.2245  0.6059  6.4937  5.3078  8.3197  0.9924  1.8588  3.7491  2.1946  4.1634  1.2629  4.1057  7.0699  8.0013  0.3106  4.5274  2.4679  1.471  1.5849  4.0909  1.766  1.2725  1.6462  1.8138  3.273  3.3243  1.1363  1.296  1.5488  
trainID = 1797  0.5606  6.3779  0.622  4.2865  0.4415  2.3372  3.6733  1.4756  0.1237  2.4921  1.249  0.167  3.4434  2.344  1.9541  5.0781  3.0409  5.0195  0.9594  1.8235  2.2488  5.1099  4.555  1.2739  3.8323  6.4817  4.1047  1.5494  3.7504  1.5772  1.325  1.3611  2.7502  0.1223  0.4495  0.6725  1.1433  1.9313  4.1489  1.2083  1.7159  0.5636  
trainID = 1824  1.7408  9.5852  0.385  10.0122  7.4626  1.4799  4.5887  4.0511  3.3171  36.0154  34.5758  0.3802  2.9754  2.1884  22.039  2.3676  9.8385  4.2215  0.3221  8.8069  3.7256  4.5886  2.1849  7.8074  8.375  13.5872  1.7849  6.1627  3.0698  1.386  5.1311  4.3924  0.1834  1.5375  6.1782  2.289  2.459  4.3677  2.2823  0.898  0.8559  2.118  
trainID = 1834  1.0687  5.8117  0.73  3.0195  1.8125  1.3173  0.727  1.6129  2.0678  2.5532  0.3476  0.102  1.8333  1.9684  0.0046  3.5156  0.9291  1.4199  0.9013  0.1802  0.0304  0.103  3.07  3.5459  1.6668  1.8495  4.3695  6.5038  1.7488  2.7925  1.1477  0.759  3.1862  3.2861  1.6546  1.8422  2.0785  2.2979  0.0824  1.2989  0.7363  0.546  0.1285  
trainID = 1875  1.6769  2.4379  1.275  0.5007  5.0018  0.5548  0.983  0.3213  2.9601  2.5988  2.03  0.875  2.0514  0.2595  2.0566  2.3952  1.3886  1.7907  2.467  0.4979  2.2963  1.433  2.5801  2.4683  0.8964  7.714  1.5565  6.027  1.3663  2.0017  2.8526  0.557  2.2786  0.6907  3.0845  1.7787  0.4697  1.7982  3.0146  2.613  1.1843  0.226  1.0112  0.539  
trainID = 1905  4.655  1.2723  2.134  3.3482  3.2897  1.3393  1.639  2.5896  0.2311  0.4742  0.554  0.286  6.8224  6.303  0.7082  5.2433  3.9964  5.7271  3.036  2.5063  4.1778  0.563  1.956  1.4063  3.4602  15.2807  13.4906  11.7418  2.0206  4.5254  7.6107  4.479  2.5627  4.5271  0.423  2.883  3.0135  3.5701  2.1489  2.114  0.1455  1.6677  1.9282  0.553  
trainID = 1929  1.1943  4.8282  0.247  0.556  3.5306  3.0872  1.248  2.7034  0.4898  0.9635  1.355  0.308  2.7779  1.7012  3.878  0.4552  0.7248  0.2446  1.598  0.3025  2.8999  0.7559  1.0484  1.0361  6.5758  0.6168  4.6137  0.5912  0.9698  2.6329  2.6808  2.0169  0.7419  0.6563  1.6672  0.2677  2.0522  2.42  1.4697  1.2694  2.2996  0.7145  0.808  
trainID = 1931  2.3388  3.7615  0.479  5.5757  0.8303  3.2511  0.9618  2.5691  1.5586  1.384  1.2967  0.128  0.021  2.788  0.7747  0.7175  4.929  4.705  6.3443  0.6585  1.6882  3.4237  1.815  3.4364  0.1188  10.7013  5.663  4.1984  1.8372  5.3054  1.1781  0.605  5.4827  0.8175  1.3984  0.8985  0.1944  2.5437  2.0756  2.1144  1.2463  0.865  0.7979  
trainID = 1935  0.5701  3.4891  3.0684  1.9922  0.091  1.1216  0.073  2.8335  1.2585  0.3484  0.8715  2.2893  2.5811  2.0643  1.0948  1.6151  0.3086  0.5053  1.5575  0.8564  1.6811  0.906  3.0904  0.2034  8.6827  3.6909  1.2592  0.5651  5.6897  3.1972  2.776  2.0399  1.7927  3.2468  0.1204  1.4102  0.3554  0.3957  2.0752  2.1543  1.009  1.5977  
trainID = 1965  0.9828  2.6335  1.9622  1.3757  2.4148  0.2847  0.5255  0.0099  0.1921  0.4175  1.4014  1.582  1.8081  0.6297  1.1728  3.2056  1.9215  0.3884  2.084  1.9749  0.289  0.035  0.1445  1.8478  0.0742  2.6617  0.6186  2.9589  0.5369  2.7381  1.3221  2.43  0.5108  3.4661  0.248  1.3971  1.4979  0.7593  0.4074  0.7372  1.2603  0.029  1.4092  
trainID = 1974  2.5331  7.2865  1.3803  5.6958  3.1704  2.1917  2.7383  1.7088  3.6594  34.3856  0.5361  1.993  2.477  2.1807  1.4749  0.0102  5.9464  7.7508  6.3046  1.465  2.4938  4.2289  3.527  3.4438  0.3566  2.9985  7.4407  7.4982  1.0562  3.8811  4.7296  1.004  2.7633  2.3261  1.6342  2.0315  1.4011  0.4963  2.0187  2.184  0.2881  0.539  1.3777  
trainID = 2028  0.3844  0.2596  0.594  1.9529  0.0515  2.8182  0.447  1.9659  1.3291  3.958  0.1868  1.142  2.1225  3.6923  0.5278  4.188  1.8285  0.4207  2.889  2.8639  1.0687  0.009  2.9696  1.0247  5.4526  8.0551  0.2045  8.5394  4.4387  3.5579  2.1886  2.5328  0.5197  3.0374  5.119  2.6593  1.8166  3.4685  4.7593  0.593  0.092  0.648  
trainID = 2049  1.1489  6.2125  1.808  2.1262  1.3819  0.9066  1.53  1.8259  2.8085  0.572  1.797  1.095  1.264  1.5531  3.0966  0.9638  1.8883  0.6882  0.2669  0.016  1.9137  0.2469  1.3896  2.6035  1.175  0.8987  2.1075  2.3285  3.0261  2.9581  1.6621  1.955  1.6223  0.7441  1.9145  0.3915  1.3941  0.2156  0.2248  0.9419  0.6103  0.039  0.5418  2.55  
trainID = 2056  1.4153  2.8971  0.398  2.6657  0.667  1.6319  1.7426  1.3244  0.8459  0.8327  0.729  0.294  0.6294  4.4779  0.5379  2.7553  0.1534  3.1328  1.7822  2.3428  0.873  2.2164  0.9789  0.253  3.3919  2.9455  4.0519  0.1344  3.9902  0.0371  0.141  0.5804  2.309  0.2829  2.9025  0.3925  2.5137  0.4463  0.9228  1.7023  2.2126  0.4279  
trainID = 2095  3.4734  4.1935  0.45  2.6755  3.429  0.0369  1.066  0.1273  2.3956  1.0735  0.181  0.067  0.8519  0.4295  1.2795  3.089  4.079  2.2776  1.4825  2.2348  1.3503  2.3847  3.7428  2.2099  4.3389  3.3315  2.8001  3.5189  1.8418  4.786  2.2318  1.9131  2.7645  1.0518  0.7361  1.6587  1.0454  1.4854  1.5712  3.8393  1.738  1.1628  
trainID = 2108  2.5251  5.9296  0.15  7.5481  0.4656  3.154  3.4124  0.1709  4.7224  32.9889  0.1729  3.206  0.728  4.0177  2.4339  0.0452  9.4361  12.4598  8.9639  0.6017  2.1884  6.6617  3.8148  3.7206  0.2607  6.1497  8.7637  5.5983  1.8905  6.9655  0.5871  0.14  3.0233  2.7406  0.5058  2.5465  1.6643  2.1487  1.4319  4.2265  2.1953  1.064  0.0542  
trainID = 2124  3.2295  5.7692  1.837  5.3389  0.7353  0.9907  4.7021  1.2172  1.253  35.4331  0.6462  2.817  0.833  0.2631  3.2712  1.0273  3.0331  1.6656  1.8738  0.266  2.3447  0.4906  3.6415  1.8727  0.412  1.3666  7.4485  7.237  3.1717  5.2533  4.5406  1.103  0.1115  2.6639  0.8661  2.3535  3.6099  0.6751  0.0983  4.1896  0.0069  0.213  2.8732  
trainID = 2132  0.6504  0.6672  0.171  0.553  0.4217  0.5549  0.677  1.4036  0.9161  0.3403  0.8924  2.292  0.5186  7.0802  3.0004  4.4836  0.1099  2.574  4.103  1.9196  3.25  3.1472  0.2021  2.4942  8.384  3.0115  9.0645  1.2091  2.1683  2.3051  3.802  0.33  0.4897  0.9287  0.2511  3.991  2.1192  0.2076  0.4891  2.9633  0.474  2.9469  
trainID = 2140  4.6569  5.9391  0.943  5.9814  1.4344  3.0734  3.0322  0.5154  3.1688  34.9123  0.6151  1.562  0.088  2.4347  1.5326  2.0137  8.415  9.0695  10.7427  0.6025  1.9657  4.1626  5.0995  6.2251  0.4427  8.1769  7.3464  2.9743  0.7436  4.2737  2.2954  0.843  4.8637  3.5173  4.6738  0.2795  2.0706  1.9845  2.582  4.1514  2.1793  2.021  0.4608  
trainID = 2170  0.5793  4.3748  0.049  1.0361  1.079  1.3904  1.367  1.1743  0.2874  1.3288  2.673  1.236  2.5983  2.428  0.5072  2.6762  0.6759  1.4315  1.177  0.4671  0.986  0.26  0.8107  2.5818  0.127  0.2453  0.9887  1.3806  0.9184  1.637  0.7368  0.306  0.5938  0.691  0.4258  3.1467  0.4616  1.4326  0.6187  1.3938  0.5196  0.919  0.3781  0.761  
trainID = 2208  0.9621  0.6461  1.075  0.5845  0.5751  0.5927  1.6024  0.7492  1.6362  2.533  0.772  3.6164  1.4533  1.7781  1.3794  0.5717  2.0487  0.7942  1.0477  1.5702  2.9973  0.481  0.0535  1.781  1.2821  3.7034  0.0072  3.3523  0.0588  3.0716  1.3816  1.559  2.8029  2.5325  1.1546  3.4763  0.7402  0.9193  0.2965  2.3311  3.7413  0.424  1.015  
trainID = 2217  3.3759  3.0243  2.37  1.3207  0.2886  1.0337  2.3661  0.7619  0.1606  1.097  1.889  0.485  2.2756  1.0794  0.9764  1.3702  2.7645  3.3013  0.5529  1.1837  1.9684  2.2551  4.4827  0.0911  6.9482  3.6434  2.0039  1.3607  8.4439  1.0162  2.356  4.1574  1.3892  0.4505  0.7305  0.1616  2.2497  1.7419  1.9327  0.6493  0.666  0.4825  1.886  
trainID = 2243  1.3191  3.5179  0.603  0.6239  2.2079  0.1925  3.0563  2.0098  2.3091  0.7498  0.67  0.834  0.2993  3.7113  1.3759  2.4218  1.3683  1.987  1.6287  0.6431  4.3929  0.603  0.2902  1.0153  4.1055  2.7516  3.0271  2.0679  0.5135  0.0423  1.574  1.999  0.0319  0.8423  1.5733  0.4152  0.7284  0.7719  1.6866  0.6566  0.5043  0.657  0.3765  
trainID = 2249  1.0479  3.6834  0.542  0.7602  0.7122  2.1462  0.728  0.7883  1.7101  1.8843  0.381  0.43  5.1105  3.7519  2.2789  2.195  3.4981  3.4528  3.187  0.3675  5.7248  0.2441  1.4231  1.8651  11.2812  5.7779  2.7429  0.1217  4.5653  1.4934  0.873  2.9541  2.5695  4.233  2.9775  0.7504  2.5075  2.6723  2.041  0.2571  0.107  0.3975  0.309  
trainID = 2263  1.453  6.3305  0.303  4.676  1.2812  0.6441  1.4521  0.7552  4.6336  0.005  1.9463  0.883  0.318  2.2364  2.6052  0.9381  2.4496  4.4934  4.0097  1.9821  1.9306  0.7662  3.2928  4.4069  1.7698  2.8026  4.47  5.0651  0.9086  3.4519  0.3139  0.262  1.5644  0.0486  0.4339  1.7615  0.4728  1.8989  2.485  2.6978  0.2245  1  1.6833  
trainID = 2266  1.4179  9.4412  0.125  8.1766  2.9991  2.6222  4.7237  3.2921  2.7338  34.3647  1.2718  2.088  0.162  2.7037  1.328  0.013  17.825  17.4526  16.0984  0.3306  0.7542  6.9282  4.5532  5.6911  2.6539  8.3367  6.3775  7.3913  1.2709  5.8327  1.5582  2.0257  3.7153  3.5493  2.7467  2.1315  3.3368  1.8371  3.591  4.074  2.9763  0.375  0.4522  
trainID = 2297  3.9921  3.9276  1.03  6.3497  0.0836  1.4134  3.8283  1.7516  2.4667  0.541  0.7614  0.13  1.313  1.9965  2.2388  1.5546  6.3952  2.9921  7.1336  0.6422  3.9476  6.2533  1.294  3.8232  2.0745  0.6488  10.1622  7.541  3.1968  2.443  5.3433  0.9505  1.0329  3.3149  2.4376  3.0274  0.9865  0.4842  3.4447  2.985  3.7371  34.8993  
trainID = 2311  2.0486  3.1449  0.762  0.6451  0.8404  0.9591  1.3628  1.4914  1.3001  0.2128  0.384  0.761  1.7353  2.0673  1.8547  0.0084  0.2153  1.2805  2.942  2.4499  1.6574  0.9521  2.3148  1.4017  5.5658  1.8329  0.7154  3.8174  5.3106  0.5898  1.447  0.6642  0.4293  1.3372  1.7563  2.9128  0.2002  0.7798  0.2909  2.3053  1.6804  2.5555  1.505  
trainID = 2332  1.3252  6.3447  1.896  6.6038  3.9709  0.4237  1.9979  2.3718  1.2205  34.4576  1.9842  1.195  0.165  1.859  3.9186  1.5439  8.3279  8.182  8.482  1.8655  1.0969  3.1831  2.7647  3.3767  1.5419  4.4134  6.3972  8.2662  1.5158  2.7344  2.9138  1.6286  2.4484  4.4753  0.8208  0.3506  2.9386  3.0477  0.2691  2.8233  0.3203  1.364  0.7038  
trainID = 2580  2.6335  1.6981  3.0242  0.7614  0.2739  0.1595  0.087  2.2443  0.5354  0.5504  2.14  1.75  1.3525  3.1009  0.8817  2.6595  1.0312  3.644  3.698  2.1715  3.5742  0.773  0.9129  0.6948  2.6838  2.0897  3.3034  6.2615  0.7667  0.969  1.6523  0.328  1.6038  0.3268  1.0207  2.5244  0.8526  0.7289  0.7281  1.4162  0.725  0.2  0.7515  2.65  
trainID = 2599  2.548  3.274  2.7329  4.3165  1.3749  2.9325  0.9065  1.6929  3.4896  0.027  0.7849  2.319  1.503  4.1109  2.0098  0.2659  5.7057  3.4408  3.207  1.8789  2.5983  2.3195  0.606  1.9949  2.7534  0.73  10.2851  4.5842  0.5566  1.1979  3.3059  1.7219  0.294  3.3979  2.7475  1.8708  3.6565  0.4835  0.5798  0.9769  2.9561  35.5733  
trainID = 2624  0.2971  4.4209  1.9989  4.0969  2.0801  0.657  2.1869  2.5999  0.2011  2.006  0.8408  2.364  0.281  0.9877  1.6372  0.0808  0.8371  3.2549  2.3672  1.745  0.9835  0.5482  3.0064  3.3499  1.2773  2.6336  3.1425  7.8572  2.7399  3.3279  2.5597  0.786  1.1658  0.7249  1.2318  1.3049  2.1329  1.9685  1.8752  1.8803  0.9883  1.048  1.3829  1.706  
trainID = 2633  1.0128  1.6974  1.32  1.0584  2.7726  1.9442  3.3623  1.8927  2.3911  0.887  1.1667  3.853  1.257  0.4708  0.6165  1.2122  1.8846  0.3312  1.2591  1.2625  1.2848  1.7861  0.303  0.0718  2.7418  2.7904  1.2705  0.3822  1.1623  2.3283  1.3803  1.7211  2.183  1.3263  1.7074  1.1662  0.2354  1.5629  0.7408  0.663  0.4217  0.9953  1.29  1.5228  2.27  
trainID = 2637  0.5566  4.4961  0.456  2.168  3.7854  1.8471  2.3316  1.5255  1.0334  0.6586  2.891  2.2082  1.2337  2.8594  0.7537  0.5536  4.5843  3.1437  1.7571  2.2787  2.1657  1.9536  2.4184  2.2683  0.536  3.8712  3.6421  0.9442  4.0405  0.7719  0.327  0.2709  2.2164  0.3238  1.8065  1.4102  0.1992  0.6812  1.062  0.3703  0.189  2.118  
trainID = 2716  1.9286  2.9843  0.423  3.1073  3.3499  1.2092  1.505  1.4221  1.2656  0.3506  1.478  1.9848  1.9749  3.0832  0.7237  2.28  4.938  3.6979  0.6108  0.5424  0.195  2.4995  2.7388  0.7696  2.0403  2.9021  7.7154  0.0449  1.22  3.9848  0.453  2.3618  1.4141  2.1888  0.7635  0.6848  1.1887  0.4727  0.2474  3.1893  0.191  0.4818  2.516  
trainID = 2734  0.8581  5.3768  0.849  4.6433  2.6408  2.8389  5.2108  0.4452  1.7551  34.3334  1.788  1.819  0.616  0.5708  4.9025  3.454  5.8044  7.6777  4.2058  0.8712  1.0056  2.2617  1.9437  5.3991  1.3889  6.4589  6.1404  9.9472  0.432  3.1943  2.8923  1.5113  0.7827  2.8895  2.1198  1.5935  0.2454  3.1547  1.8064  3.219  2.4613  0.16  0.3178  
trainID = 2735  2.1599  6.6551  0.71  7.6929  3.4097  0.3745  3.4709  0.4187  0.3722  33.4323  0.9526  1.003  1.223  0.8873  2.2211  1.221  3.309  6.1767  5.1963  0.3861  0.5073  1.9944  2.7569  4.2931  0.6331  1.3381  3.5205  8.2996  2.1727  3.4302  2.7018  1.224  1.5609  2.0729  2.047  0.4808  0.3074  0.8023  0.0597  2.6075  0.5496  0.317  1.8654  3.08  
trainID = 2796  3.1049  5.0778  1.893  4.418  0.0965  0.6335  2.4793  0.8523  2.8202  1.6281  0.316  1.85  0.7264  3.1769  0.1605  2.8384  2.4291  4.1815  2.3235  1.2444  1.5492  2.125  2.4846  0.9486  4.9273  3.3508  2.0609  0.4477  5.443  0.0826  1.302  1.3168  3.4401  0.339  1.982  2.0232  1.1367  1.3036  0.5083  3.2633  0.284  0.46  
trainID = 2798  1.5905  3.7207  0.962  1.3139  2.385  1.6236  0.745  0.6108  0.8111  1.276  2.1638  1.557  0.29  1.6377  1.6031  0.4307  1.6398  0.6746  0.4277  0.7739  1.1103  2.2429  0.21  0.9992  1.0315  0.5039  2.2753  0.9141  2.7074  0.58  1.7998  1.0138  0.111  0.5579  1.5404  3.3438  1.2662  1.5303  1.858  0.051  0.8756  2.0973  0.365  1.035  
trainID = 2804  0.4223  5.8425  1.634  7.679  2.2462  2.3664  2.4209  1.0739  0.1315  33.9038  0.8565  1.662  1.086  1.749  4.1691  0.5048  7.3487  7.0403  8.4311  2.2321  0.2205  3.8958  3.7097  3.3764  0.4832  4.0866  5.7003  7.1361  1.3001  3.8037  1.3303  0.217  3.3511  2.0137  2.3352  1.1345  1.0047  1.8278  4.972  1.2292  0.312  0.513  0.7374  1.634  
trainID = 2809  3.6023  2.6231  0.502  1.9295  0.3079  0.236  0.8259  0.5312  0.6321  0.193  2.545  1.492  1.3934  2.2488  0.7791  3.9252  1.757  2.2006  3.182  2.1451  2.6303  0.325  2.0467  1.5938  3.31  0.2241  1.968  3.8881  0.154  0.3538  3.2598  1.4256  0.0099  2.4783  0.7307  2.351  2.8963  0.4769  2.4802  0.2794  0.9168  1.611  0.789  1.571  
trainID = 2848  0.2494  0.0774  0.356  1.7719  2.7081  0.7342  1.6608  3.2921  1.1531  1.3542  2.5794  0.687  0.4662  6.0769  0.842  2.8252  1.2279  3.8611  2.3455  2.7659  3.9924  0.678  1.299  0.7403  1.0425  1.3587  4.827  7.667  1.6394  0.8546  2.1513  0.259  2.4047  2.5948  1.5064  2.8741  3.1346  1.8162  1.219  0.8676  0.9063  2.8412  2.0931  0.238  
trainID = 2854  0.927  5.2478  2.1662  2.556  3.4057  2.4761  0.513  0.1497  4.186  2.2358  5.0999  4.2307  2.6411  2.5234  2.3247  5.3615  1.1477  1.4947  3.8236  0.96  0.9007  1.722  0.2911  11.3612  3.8538  8.1187  0.3279  7.7217  2.5652  0.608  6.0029  1.8561  5.8558  2.4331  0.9324  2.5774  2.6416  1.6937  2.3775  0.048  2.0248  36.4507  
trainID = 2877  1.3998  4.8447  0.387  3.3631  0.7294  0.6615  1.6424  0.5084  0.1711  0.231  0.5199  2.416  0.891  0.0341  1.415  0.3764  1.1163  1.5642  1.9732  2.1361  1.1041  0.4423  2.7711  5.5311  1.4169  0.1846  2.029  3.7448  1.3286  0.8599  2.0116  0.342  1.6697  2.1538  4.1028  1.4139  1.7445  1.6875  0.1766  1.4448  2.0423  0.411  4.3174  
trainID = 2999  0.6087  4.436  0.39  3.9962  0.3231  0.7574  4.0924  1.6163  1.1151  1.8561  1.46  2.3028  2.4365  1.3416  0.9281  2.9046  4.351  4.1607  1.3692  0.5533  2.1366  0.727  0.1812  1.9774  2.7691  5.8482  2.8793  1.0638  2.2891  5.273  0.411  1.746  2.6793  2.2185  1.4691  0.8287  0.0104  0.2524  0.4452  2.7952  1.0553  0.479  0.3643  1.613  
TrainID = 2170  dbValue = 1.15582  nTestCell = 45  nTrainCell = 44  nDiff = 1  (X,Y) = (1625, 2015)  Position Error = 35
TrainID = 1965  dbValue = 1.26387  nTestCell = 45  nTrainCell = 43  nDiff = 2  (X,Y) = (1625, 1965)  Position Error = 30.4138
TrainID = 2798  dbValue = 1.27856  nTestCell = 45  nTrainCell = 44  nDiff = 1  (X,Y) = (1645, 2015)  Position Error = 49.6488
TrainID = 492  dbValue = 1.34274  nTestCell = 45  nTrainCell = 42  nDiff = 3  (X,Y) = (1615, 1975)  Position Error = 16.2788
TrainID = 1183  dbValue = 1.38541  nTestCell = 45  nTrainCell = 43  nDiff = 2  (X,Y) = (1605, 2035)  Position Error = 48.0104
TrainID = 2633  dbValue = 1.44354  nTestCell = 45  nTrainCell = 45  nDiff = 0  (X,Y) = (1635, 2015)  Position Error = 41.7732
TrainID = 2243  dbValue = 1.44547  nTestCell = 45  nTrainCell = 43  nDiff = 2  (X,Y) = (1595, 2035)  Position Error = 48.8365
TrainID = 1664  dbValue = 1.46707  nTestCell = 45  nTrainCell = 43  nDiff = 2  (X,Y) = (1615, 1945)  Position Error = 43.4166
TrainID = 1284  dbValue = 1.48034  nTestCell = 45  nTrainCell = 44  nDiff = 1  (X,Y) = (1555, 1975)  Position Error = 50.448
TrainID = 1106  dbValue = 1.48273  nTestCell = 45  nTrainCell = 43  nDiff = 2  (X,Y) = (1625, 1935)  Position Error = 56.0803
TrainID = 675  dbValue = 1.50093  nTestCell = 45  nTrainCell = 44  nDiff = 1  (X,Y) = (1605, 1935)  Position Error = 52.0096
TrainID = 2049  dbValue = 1.50918  nTestCell = 45  nTrainCell = 44  nDiff = 1  (X,Y) = (1675, 1985)  Position Error = 71.0282
TrainID = 2208  dbValue = 1.51513  nTestCell = 45  nTrainCell = 43  nDiff = 2  (X,Y) = (1585, 1985)  Position Error = 19.105
TrainID = 1714  dbValue = 1.53787  nTestCell = 45  nTrainCell = 44  nDiff = 1  (X,Y) = (1595, 2045)  Position Error = 58.6941
TrainID = 2056  dbValue = 1.5467  nTestCell = 45  nTrainCell = 42  nDiff = 3  (X,Y) = (1655, 1955)  Position Error = 60.208
TrainID = 338  dbValue = 1.57041  nTestCell = 45  nTrainCell = 42  nDiff = 3  (X,Y) = (1705, 1965)  Position Error = 103.368
TrainID = 2311  dbValue = 1.59273  nTestCell = 45  nTrainCell = 43  nDiff = 2  (X,Y) = (1575, 1955)  Position Error = 43.1856
TrainID = 2809  dbValue = 1.60957  nTestCell = 45  nTrainCell = 44  nDiff = 1  (X,Y) = (1565, 2045)  Position Error = 69.8928
TrainID = 2877  dbValue = 1.61188  nTestCell = 45  nTrainCell = 43  nDiff = 2  (X,Y) = (1675, 1965)  Position Error = 74.3303
TrainID = 2580  dbValue = 1.63487  nTestCell = 45  nTrainCell = 44  nDiff = 1  (X,Y) = (1555, 2045)  Position Error = 75.9276
TrainID = 1297  dbValue = 1.64915  nTestCell = 45  nTrainCell = 43  nDiff = 2  (X,Y) = (1685, 1955)  Position Error = 87.0919
TrainID = 554  dbValue = 1.65909  nTestCell = 45  nTrainCell = 43  nDiff = 2  (X,Y) = (1575, 2045)  Position Error = 64.846
TrainID = 1045  dbValue = 1.66908  nTestCell = 45  nTrainCell = 43  nDiff = 2  (X,Y) = (1595, 2025)  Position Error = 39.0512
TrainID = 1049  dbValue = 1.68626  nTestCell = 45  nTrainCell = 44  nDiff = 1  (X,Y) = (1555, 1985)  Position Error = 49.0408
TrainID = 1929  dbValue = 1.69763  nTestCell = 45  nTrainCell = 43  nDiff = 2  (X,Y) = (1645, 2055)  Position Error = 79.404
TrainID = 729  dbValue = 1.72497  nTestCell = 45  nTrainCell = 42  nDiff = 3  (X,Y) = (1595, 1925)  Position Error = 62.6498
TrainID = 1244  dbValue = 1.74374  nTestCell = 45  nTrainCell = 44  nDiff = 1  (X,Y) = (1555, 2025)  Position Error = 62.0081
TrainID = 1254  dbValue = 1.75041  nTestCell = 45  nTrainCell = 43  nDiff = 2  (X,Y) = (1705, 1995)  Position Error = 101.316
TrainID = 2637  dbValue = 1.77876  nTestCell = 45  nTrainCell = 42  nDiff = 3  (X,Y) = (1645, 1955)  Position Error = 52.0096
TrainID = 1834  dbValue = 1.78249  nTestCell = 45  nTrainCell = 43  nDiff = 2  (X,Y) = (1665, 1955)  Position Error = 68.884
TrainID = 1473  dbValue = 1.78359  nTestCell = 45  nTrainCell = 44  nDiff = 1  (X,Y) = (1545, 1995)  Position Error = 59.5399
TrainID = 1935  dbValue = 1.82211  nTestCell = 45  nTrainCell = 42  nDiff = 3  (X,Y) = (1565, 1925)  Position Error = 73.2462
TrainID = 2716  dbValue = 1.84006  nTestCell = 45  nTrainCell = 43  nDiff = 2  (X,Y) = (1695, 1925)  Position Error = 110.114
TrainID = 1721  dbValue = 1.86463  nTestCell = 45  nTrainCell = 44  nDiff = 1  (X,Y) = (1545, 1925)  Position Error = 85.5862
TrainID = 2999  dbValue = 1.87525  nTestCell = 45  nTrainCell = 44  nDiff = 1  (X,Y) = (1625, 1915)  Position Error = 75
TrainID = 1875  dbValue = 1.92182  nTestCell = 45  nTrainCell = 44  nDiff = 1  (X,Y) = (1655, 2065)  Position Error = 93.1933
TrainID = 2624  dbValue = 1.92187  nTestCell = 45  nTrainCell = 44  nDiff = 1  (X,Y) = (1695, 1965)  Position Error = 93.6216
TrainID = 2217  dbValue = 1.92427  nTestCell = 45  nTrainCell = 43  nDiff = 2  (X,Y) = (1605, 1895)  Position Error = 92.0054
TrainID = 1529  dbValue = 1.92749  nTestCell = 45  nTrainCell = 43  nDiff = 2  (X,Y) = (1525, 2025)  Position Error = 87.6641
TrainID = 2848  dbValue = 1.95544  nTestCell = 45  nTrainCell = 44  nDiff = 1  (X,Y) = (1545, 2065)  Position Error = 97.8008
TrainID = 2796  dbValue = 1.97688  nTestCell = 45  nTrainCell = 42  nDiff = 3  (X,Y) = (1625, 1915)  Position Error = 75
TrainID = 2263  dbValue = 2.02573  nTestCell = 45  nTrainCell = 43  nDiff = 2  (X,Y) = (1675, 1905)  Position Error = 108.467
TrainID = 2095  dbValue = 2.05704  nTestCell = 45  nTrainCell = 42  nDiff = 3  (X,Y) = (1675, 1925)  Position Error = 94.2603
TrainID = 1636  dbValue = 2.06019  nTestCell = 45  nTrainCell = 43  nDiff = 2  (X,Y) = (1575, 1905)  Position Error = 86.977
TrainID = 1194  dbValue = 2.06732  nTestCell = 45  nTrainCell = 43  nDiff = 2  (X,Y) = (1735, 1955)  Position Error = 134.852
TrainID = 2132  dbValue = 2.0847  nTestCell = 45  nTrainCell = 42  nDiff = 3  (X,Y) = (1525, 2015)  Position Error = 83.8153
TrainID = 1500  dbValue = 2.09041  nTestCell = 45  nTrainCell = 43  nDiff = 2  (X,Y) = (1665, 1905)  Position Error = 102.201
TrainID = 1375  dbValue = 2.17008  nTestCell = 45  nTrainCell = 43  nDiff = 2  (X,Y) = (1715, 1995)  Position Error = 111.288
TrainID = 2249  dbValue = 2.2452  nTestCell = 45  nTrainCell = 43  nDiff = 2  (X,Y) = (1605, 2105)  Position Error = 118.004
TrainID = 1608  dbValue = 2.25096  nTestCell = 45  nTrainCell = 43  nDiff = 2  (X,Y) = (1645, 1865)  Position Error = 128.705
TrainID = 2028  dbValue = 2.29468  nTestCell = 45  nTrainCell = 42  nDiff = 3  (X,Y) = (1525, 1995)  Position Error = 79.404
TrainID = 1568  dbValue = 2.33697  nTestCell = 45  nTrainCell = 44  nDiff = 1  (X,Y) = (1525, 2045)  Position Error = 98.0051
TrainID = 1797  dbValue = 2.36535  nTestCell = 45  nTrainCell = 42  nDiff = 3  (X,Y) = (1675, 1895)  Position Error = 116.211
TrainID = 1133  dbValue = 2.37167  nTestCell = 45  nTrainCell = 42  nDiff = 3  (X,Y) = (1685, 1895)  Position Error = 122.577
TrainID = 1931  dbValue = 2.40645  nTestCell = 45  nTrainCell = 43  nDiff = 2  (X,Y) = (1635, 1835)  Position Error = 155.129
TrainID = 1053  dbValue = 2.45712  nTestCell = 45  nTrainCell = 43  nDiff = 2  (X,Y) = (1725, 1935)  Position Error = 131.7
TrainID = 1072  dbValue = 2.51713  nTestCell = 45  nTrainCell = 43  nDiff = 2  (X,Y) = (1565, 2115)  Position Error = 133.81
TrainID = 1414  dbValue = 2.58619  nTestCell = 45  nTrainCell = 43  nDiff = 2  (X,Y) = (1615, 1865)  Position Error = 122.495
TrainID = 849  dbValue = 2.67747  nTestCell = 45  nTrainCell = 42  nDiff = 3  (X,Y) = (1625, 1845)  Position Error = 143.544
TrainID = 2735  dbValue = 2.95215  nTestCell = 45  nTrainCell = 44  nDiff = 1  (X,Y) = (1725, 1915)  Position Error = 140.801
TrainID = 1148  dbValue = 2.99133  nTestCell = 45  nTrainCell = 43  nDiff = 2  (X,Y) = (1735, 1915)  Position Error = 149.482
TrainID = 389  dbValue = 2.99756  nTestCell = 45  nTrainCell = 43  nDiff = 2  (X,Y) = (1735, 1925)  Position Error = 144.931
TrainID = 2124  dbValue = 3.0871  nTestCell = 45  nTrainCell = 43  nDiff = 2  (X,Y) = (1725, 1935)  Position Error = 131.7
TrainID = 2599  dbValue = 3.18359  nTestCell = 45  nTrainCell = 42  nDiff = 3  (X,Y) = (1605, 1855)  Position Error = 132.004
TrainID = 1086  dbValue = 3.23999  nTestCell = 45  nTrainCell = 44  nDiff = 1  (X,Y) = (1695, 1885)  Position Error = 136.693
TrainID = 1048  dbValue = 3.31553  nTestCell = 45  nTrainCell = 43  nDiff = 2  (X,Y) = (1735, 1865)  Position Error = 179.011
TrainID = 2804  dbValue = 3.38919  nTestCell = 45  nTrainCell = 44  nDiff = 1  (X,Y) = (1695, 1855)  Position Error = 160.328
TrainID = 1436  dbValue = 3.4211  nTestCell = 45  nTrainCell = 44  nDiff = 1  (X,Y) = (1535, 2155)  Position Error = 181.618
TrainID = 848  dbValue = 3.42574  nTestCell = 45  nTrainCell = 42  nDiff = 3  (X,Y) = (1625, 2145)  Position Error = 159.389
TrainID = 988  dbValue = 3.45709  nTestCell = 45  nTrainCell = 43  nDiff = 2  (X,Y) = (1715, 1895)  Position Error = 144.17
TrainID = 1905  dbValue = 3.46372  nTestCell = 45  nTrainCell = 44  nDiff = 1  (X,Y) = (1535, 2135)  Position Error = 163.294
TrainID = 865  dbValue = 3.46953  nTestCell = 45  nTrainCell = 44  nDiff = 1  (X,Y) = (1685, 1845)  Position Error = 163.478
TrainID = 921  dbValue = 3.50959  nTestCell = 45  nTrainCell = 43  nDiff = 2  (X,Y) = (1695, 1855)  Position Error = 160.328
TrainID = 2734  dbValue = 3.53457  nTestCell = 45  nTrainCell = 43  nDiff = 2  (X,Y) = (1715, 1885)  Position Error = 150.748
TrainID = 1974  dbValue = 3.59551  nTestCell = 45  nTrainCell = 43  nDiff = 2  (X,Y) = (1735, 1885)  Position Error = 166.027
TrainID = 1779  dbValue = 3.63842  nTestCell = 45  nTrainCell = 43  nDiff = 2  (X,Y) = (1745, 1875)  Position Error = 180.069
TrainID = 2332  dbValue = 3.66348  nTestCell = 45  nTrainCell = 43  nDiff = 2  (X,Y) = (1735, 1855)  Position Error = 185.97
TrainID = 442  dbValue = 3.66375  nTestCell = 45  nTrainCell = 42  nDiff = 3  (X,Y) = (1765, 1965)  Position Error = 162.496
TrainID = 2297  dbValue = 3.68022  nTestCell = 45  nTrainCell = 42  nDiff = 3  (X,Y) = (1615, 1815)  Position Error = 172.351
TrainID = 2854  dbValue = 3.71035  nTestCell = 45  nTrainCell = 42  nDiff = 3  (X,Y) = (1655, 2175)  Position Error = 194.795
TrainID = 2108  dbValue = 3.98777  nTestCell = 45  nTrainCell = 43  nDiff = 2  (X,Y) = (1695, 1815)  Position Error = 194.589
TrainID = 426  dbValue = 3.99047  nTestCell = 45  nTrainCell = 43  nDiff = 2  (X,Y) = (1745, 1845)  Position Error = 200.112
TrainID = 2140  dbValue = 4.04803  nTestCell = 45  nTrainCell = 43  nDiff = 2  (X,Y) = (1685, 1815)  Position Error = 190.118
TrainID = 581  dbValue = 4.06404  nTestCell = 45  nTrainCell = 43  nDiff = 2  (X,Y) = (1735, 1855)  Position Error = 185.97
TrainID = 1726  dbValue = 4.29027  nTestCell = 45  nTrainCell = 43  nDiff = 2  (X,Y) = (1725, 1835)  Position Error = 194.281
TrainID = 428  dbValue = 4.40046  nTestCell = 45  nTrainCell = 42  nDiff = 3  (X,Y) = (1545, 2185)  Position Error = 206.603
TrainID = 1338  dbValue = 4.50503  nTestCell = 45  nTrainCell = 43  nDiff = 2  (X,Y) = (1715, 1805)  Position Error = 213.178
TrainID = 1559  dbValue = 4.80331  nTestCell = 45  nTrainCell = 43  nDiff = 2  (X,Y) = (1735, 1795)  Position Error = 232.433
TrainID = 2266  dbValue = 4.91461  nTestCell = 45  nTrainCell = 43  nDiff = 2  (X,Y) = (1745, 1785)  Position Error = 246.343
TrainID = 666  dbValue = 5.08524  nTestCell = 45  nTrainCell = 43  nDiff = 2  (X,Y) = (1745, 1785)  Position Error = 246.343
TrainID = 1729  dbValue = 5.37399  nTestCell = 45  nTrainCell = 42  nDiff = 3  (X,Y) = (1795, 1865)  Position Error = 226.638
TrainID = 399  dbValue = 5.67601  nTestCell = 45  nTrainCell = 42  nDiff = 3  (X,Y) = (1845, 1825)  Position Error = 290.388
TrainID = 1824  dbValue = 5.99329  nTestCell = 45  nTrainCell = 42  nDiff = 3  (X,Y) = (1805, 1825)  Position Error = 258.157
TrainID = 774  dbValue = 6.03076  nTestCell = 45  nTrainCell = 42  nDiff = 3  (X,Y) = (1685, 1735)  Position Error = 264.698
TrainID = 1237  dbValue = 6.81238  nTestCell = 45  nTrainCell = 42  nDiff = 3  (X,Y) = (1765, 1755)  Position Error = 282.392
