trainID = 413  3.3937  2.7204  0.096  0.82  2.4137  0.943  36.4566  5.1851  4.7128  0.9146  6.8032  0.1467  0.3525  0.1129  2.9052  0.7268  1.2165  3.2461  0.727  1.8748  3.7093  2.236  4.6272  1.3159  3.1435  4.2217  9.8199  12.2456  0.3755  1.4153  2.601  0.7755  0.85  1.0177  1.6737  3.1676  2.3205  3.234  0.2175  1.7069  0.639  0.833  0.8451  2.881  1.78  1.8814  
trainID = 613  0.5879  0.0262  2.201  0.601  2.959  0.459  35.7766  2.4422  1.7236  1.1153  5.6368  0.8577  0.044  0.3432  1.3005  1.5338  3.105  1.8782  2.6028  0.1407  2.4593  3.2873  1.8985  2.6745  2.2795  1.4633  18.1536  15.7979  0.5417  2.7823  3.474  2.8287  0.061  2.5626  2.9798  3.8023  3.3721  3.6976  3.1339  0.9848  0.954  2.173  0.7802  4.8965  0.685  0.7342  
trainID = 760  2.6243  0.176  0.7825  0.314  2.9049  0.864  2.8621  1.8163  1.0812  4.8525  0.9996  0.5574  0.6337  1.6418  1.3644  0.984  2.3904  2.7308  1.0639  0.5967  1.899  2.787  1.2075  1.8681  1.472  15.7413  14.6829  0.1775  3.2937  4.2969  0.4342  0.412  0.4184  2.5848  5.8062  2.3052  2.5237  2.3011  1.1895  1.242  2.7489  1.7136  2.11  0.214  3.3415  
trainID = 779  0.6755  0.5892  3.657  0.36  3.2377  0.534  3.2969  2.8899  2.0846  7.5429  0.9631  3.3552  0.375  4.6699  0.5882  3.01  0.241  3.0758  0.1279  1.5403  0.245  1.2668  1.3486  0.0109  2.0518  20.1874  16.9025  0.3225  2.4378  0.354  0.4948  0.983  1.025  2.9644  3.4821  2.6702  3.4824  2.1766  0.7716  0.162  2.2319  2.3414  2.334  2.6926  1.5322  
trainID = 997  0.8095  2.3651  1.519  1.657  2.8557  0.327  0.065  4.1584  2.0529  4.1548  0.5484  2.2346  1.6335  1.509  2.2024  1.7056  1.7595  0.6275  1.16  1.6378  0.6505  0.4586  1.9753  1.778  1.2956  1.5328  0.7905  2.0029  4.9002  1.8141  1.4956  1.7907  2.3611  0.2235  1.191  0.5247  3.0496  1.0213  0.689  3.9688  3.734  1.1808  0.649  0.376  0.635  0.882  0.001  0.7219  
trainID = 1030  3.2708  1.6708  2.0035  4.7795  0.9324  0.703  2.0642  2.1389  2.1079  1.8748  0.2284  3.0706  4.5697  5.4993  2.7869  4.6424  2.7042  5.1541  0.4353  2.08  5.2506  0.9895  4.1203  2.493  0.9012  1.5734  1.053  3.1138  3.7724  5.3536  0.2496  4.1428  6.7408  3.0395  4.44  0.343  1.6692  1.0977  1.2857  0.9157  0.9769  0.8606  2.104  0.501  1.0176  
trainID = 1067  3.7281  0.3191  2.099  2.3118  1.1409  1.0581  0.569  1.572  2.9439  2.9597  0.7757  2.1156  0.024  4.0347  0.8943  2.6814  1.3864  0.8367  1.09  2.4557  0.3127  1.7871  2.9703  1.964  0.2957  0.5345  0.3213  4.535  2.1584  5.3071  0.2653  1.6128  4.1346  0.35  1.4731  2.247  0.5236  3.2695  3.9051  5.2744  1.6393  0.7159  0.484  0.769  0.7966  1.012  0.09  0.1101  
trainID = 1076  2.6804  0.63  0.3161  0.146  1.2416  1.5616  34.9736  1.0013  2.4636  0.3673  3.7905  0.1955  1.4468  2.7736  2.2587  1.0399  2.903  0.4495  0.7668  3.224  1.0803  2.6129  2.3159  0.6281  2.3117  0.9372  9.9218  9.3744  0.9663  0.9324  0.3451  0.9263  2.3371  0.2403  0.915  2.0477  3.6054  2.4709  1.6796  1.9384  0.005  0.923  2.404  1.496  1.225  2.5858  
trainID = 1274  0.8369  0.3605  2.057  2.276  1.51  1.0539  0.585  2.7823  0.1851  0.7407  0.7492  0.0866  5.6966  3.038  1.7098  4.5997  0.3392  2.0281  0.404  2.4462  5.6991  2.2416  2.7243  1.596  0.1122  2.0109  1.584  6.807  3.5122  3.9415  2.3872  5.0018  5.0624  3.7902  3.187  2.0798  1.9989  0.542  3.8291  2.1549  1.0941  1.0207  0.305  0.994  0.8984  34.4862  
trainID = 1390  0.2754  1.7299  0.5631  1.839  3.6624  1.618  1.426  1.8838  1.3109  1.673  0.5165  1.2644  0.986  3.1384  0.5361  1.895  0.0553  2.57  0.7751  0.7086  0.1533  1.8062  3.3803  0.879  0.4099  1.9782  0.626  3.0308  6.8965  4.2626  0.1127  0.3228  2.3444  1.1659  0.746  4.5124  1.3519  1.8526  1.6294  1.0933  0.6846  1.0037  2.3363  1.007  1.213  2.435  1.544  0.3174  
trainID = 1393  1.3483  0.295  0.205  2.7736  3.0629  0.72  36.9356  3.4853  1.6917  2.0256  1.8319  5.2508  0.1814  3.5226  0.4354  0.7596  0.446  1.0426  3.3688  0.1208  3.4013  3.1571  1.5285  0.5836  1.2944  7.4401  20.3352  0.385  0.6161  2.8217  0.4476  0.3233  0.346  3.4829  5.1268  3.3132  1.8107  3.2623  1.4864  1.6099  2.1777  0.055  2.3472  3.122  4.0528  1.3773  
trainID = 1396  1.4702  4.5221  1.136  0.517  3.3558  1.248  0.05  0.1396  0.9059  1.4709  1.5947  2.3746  1.471  3.6054  1.0047  2.7421  1.1931  1.5535  0.292  2.504  0.9052  35.9408  0.176  5.0893  2.1546  12.1946  12.8497  6.2038  1.1544  2.1334  1.9112  1.3819  0.8471  4.6744  1.9841  0.871  0.9063  2.264  3.0509  0.273  0.088  0.084  0.7417  2.656  0.653  1.7068  
trainID = 1406  0.0114  0.4389  2.048  2.0573  2.3302  0.474  0.753  0.8209  1.4299  1.2546  1.4497  2.6986  0.0058  7.1628  1.8522  3.5397  1.7898  2.488  1.3016  4.6509  1.5308  34.7178  1.5719  2.3859  0.383  20.06  11.2261  1.0616  2.2221  2.1939  3.925  2.061  1.085  3.8634  0.7761  1.752  0.8914  4.9708  3.1276  2.2991  1.4315  0.212  0.2341  3.9855  1.753  0.7361  
trainID = 1438  1.5014  1.0291  1.703  0.126  2.9835  1.717  1.462  2.5261  5.2799  3.0048  1.9497  3.9486  2.5318  4.291  1.6748  2.6619  3.9392  0.3605  0.9044  2.4873  3.0118  37.0878  0.881  1.9307  1.1941  24.0199  15.5469  1.9998  3.6643  5.3251  2.0117  1.191  3.04  5.8574  3.2902  0.5538  2.4072  4.643  0.1644  1.4912  0.855  1.23  1.0877  1.716  2.6973  1.9521  
trainID = 1579  1.6608  1.7856  0.385  2.458  0.5774  0.131  0.159  0.8263  1.9959  1.9297  2.2367  3.9126  1.5892  7.5803  0.3971  3.8357  2.7984  4.0041  1.8581  1.5843  1.9136  33.7538  1.9919  2.1259  0.9449  3.7912  0.4623  8.5023  2.0854  2.2116  6.4021  3.0597  0.838  3.3653  1.0342  1.1171  5.1369  2.923  0.0603  0.8583  1.242  1.323  0.3525  2.015  1.774  3.4629  
trainID = 1598  2.3671  1.3183  1.861  1.116  0.1291  0.674  0.553  0.6384  1.1269  0.2365  0.9477  0.2925  2.7942  2.0833  0.8843  1.5875  0.1437  1.7646  0.001  2.4983  1.7359  1.8666  2.3843  1.714  0.849  1.554  0.1977  2.4846  0.0948  1.6993  1.1871  2.9296  3.2537  4.0155  0.362  0.2313  1.6775  2.2287  1.3737  4.7523  1.1378  1.5003  0.898  0.021  0.093  1.614  0.004  0.9183  
trainID = 1718  0.6787  0.6431  1.883  1.932  2.3014  2.178  1.346  1.1563  0.5575  5.6772  2.1642  2.8526  1.696  2.4107  1.0272  3.656  0.1002  2.4808  1.1123  1.3033  0.286  1.7795  1.7964  1.7194  1.9165  12.8403  6.277  0.1398  1.0034  1.9378  0.6295  0.8654  1.6741  1.7102  2.83  0.2736  2.0423  3.2032  2.4182  0.686  0.276  1.2795  1.49  1.076  0.3487  
trainID = 1771  0.9862  2.7456  0.07  3.4057  0.1304  0.176  37.6866  0.2411  0.7622  2.5966  3.5379  0.8028  1.3666  2.4377  2.3461  0.0021  0.039  1.2266  0.4456  0.8709  2.9303  3.3136  5.2364  2.0612  1.0909  2.9867  3.6617  5.8452  0.8849  2.1196  1.0652  2.4907  1.3273  1.2873  1.2245  1.6934  1.2889  3.5345  0.1576  0.2857  1.181  2.4075  0.5609  1.756  1.723  1.2514  
trainID = 1772  1.3969  1.5688  0.9644  5.0298  1.641  0.32  0.329  2.6112  0.5789  1.1521  1.9427  2.0256  2.0606  4.5524  1.8747  2.8504  0.6868  2.7032  1.5282  1.6585  2.4951  0.7995  1.8003  1.725  1.8438  3.5931  2.3899  2.6393  1.4218  2.0886  0.9455  2.1824  2.1546  1.4123  0.197  0.3384  0.3916  0.0276  1.1357  1.1317  1.8053  0.3131  0.062  1.234  0.5791  0.909  0.032  0.6712  
trainID = 1845  0.4344  0.1482  1.478  3.2196  3.8576  1.739  36.1766  1.4603  1.0087  1.8746  4.3334  1.3899  1.8485  1.2704  2.8275  1.3973  1.748  0.4013  0.0698  3.2913  2.2423  3.652  1.5877  0.7909  0.2976  1.04  6.9659  4.938  1.3603  2.3058  0.2402  0.0129  0.6151  0.292  0.8168  2.5623  0.8281  1.9023  1.7483  1.6476  0.016  1.039  2.5639  3.2448  0.584  0.2235  
trainID = 2085  1.0867  0.4416  1.737  2.2317  2.7224  0.362  1.728  0.7687  2.7069  0.6573  0.3957  1.5736  0.421  1.0759  0.3985  5.3696  1.9791  0.9448  3.078  1.9677  2.4482  0.8162  2.6653  0.539  0.5402  0.6702  0.1811  0.2534  2.3868  0.5725  0.9791  0.4866  2.3753  2.5139  0.06  0.1405  0.8199  1.158  0.4012  1.3551  1.5323  3.9139  0.416  0.076  0.3321  4.2379  0.147  0.4478  
trainID = 2086  2.4596  1.4053  1.345  0.962  2.1546  0.135  36.6826  2.4898  0.2653  3.4786  3.6149  1.7536  1.8649  1.6555  2.4348  1.3239  0.902  0.2471  2.5648  1.6534  0.884  0.719  0.9959  0.0953  0.4803  0.0338  15.4994  8.0826  0.9621  0.3394  1.494  0.6392  0.8731  0.3345  3.0426  2.3972  0.684  4.5145  0.0811  0.0251  3.659  0.623  0.0175  1.909  2.5442  0.6274  
trainID = 2144  3.5064  1.0426  1.831  0.187  3.9551  1.1094  36.4666  3.6916  4.9189  1.2715  7.4743  0.2623  1.0785  0.926  2.6732  0.242  0.478  0.5673  0.1481  0.5287  1.0076  4.233  2.8757  2.6386  1.3849  0.7194  16.6683  16.5408  1.4741  0.0971  0.9463  0.3571  0.7256  1.5016  2.033  2.6505  0.9096  4.5077  1.0067  0.7587  1.051  3.7649  0.3335  3.8521  2.8466  1.7058  
trainID = 2228  1.1937  1.6616  2.411  1.573  1.5236  0.586  37.1056  0.4916  2.02  0.5388  5.7362  0.5548  0.7277  0.9722  4.0854  0.3233  0.5074  2.8587  0.8493  0.2374  0.0114  1.176  3.8368  2.0571  1.8294  1.5684  10.4365  6.2546  0.9699  1.0271  0.8683  2.0545  1.92  1.4298  0.5681  1.9961  0.7886  2.0036  1.6725  0.3467  1.045  2.1274  0.6958  4.7073  2.6197  0.8197  
trainID = 2271  1.3356  2.4387  0.768  1.209  2.2738  1.2397  1.957  3.0176  0.1446  0.8172  1.3944  0.2409  1.6268  4.5089  1.6544  0.9847  0.9099  2.6425  0.8581  0.9243  1.5096  0.8751  3.0943  0.313  0.594  2.9104  0.4292  2.0601  0.3554  0.1053  3.1053  1.6738  3.2927  2.4334  1.835  0.851  1.8118  2.5237  3.4053  2.9424  2.963  2.5313  0.076  0.988  0.6534  0.232  0.787  0.8114  
trainID = 2281  2.4635  0.5815  0.012  0.673  0.9623  0.925  35.6596  2.0309  0.2712  1.9326  4.8441  0.4503  1.9031  0.8484  1.0795  1.8666  2.503  0.7251  1.4168  1.0103  1.2873  2.6056  0.5083  0.8161  0.4712  1.659  14.5687  5.2739  2.2446  4.7666  0.1711  2.3722  1.823  0.7387  0.7811  1.7832  0.5655  2.9878  1.0015  2.2931  0.474  1.351  0.3625  0.214  0.228  1.3295  
trainID = 2294  2.159  1.0968  1.686  1.652  0.5261  2.2307  1.002  1.6971  0.9459  2.7337  0.079  0.3236  0.2434  2.9263  1.542  2.4156  0.1464  2.6349  1.4479  2.8014  1.5178  0.2782  1.1069  2.0184  1.2449  5.8534  6.8214  3.9024  0.6544  0.0347  0.3016  2.5255  3.16  4.0344  0.8255  2.0451  0.6772  5.155  3.7327  2.084  1.225  0.704  0.1671  2.443  1.3  1.2977  
trainID = 2319  0.4967  1.6135  0.78  3.9399  2.3572  0.068  0.111  0.4482  1.8219  0.041  2.9897  1.6416  4.0042  7.0199  1.3831  5.2378  1.444  4.5926  1.141  3.6847  3.134  34.7288  0.4514  2.7147  2.9149  1.7062  1.8211  3.9404  0.5559  0.9786  2.9424  0.4644  1.031  0.0675  2.4664  1.506  3.1502  2.9704  3.0759  0.1665  2.2178  0.732  1.5094  1.06  0.2  2.0816  
trainID = 2368  0.633  1.3189  2.306  0.512  4.0298  0.9013  36.8206  3.79  1.8123  1.2837  3.5266  4.7514  1.1759  1.6746  1.8538  0.4397  0.155  1.243  0.1871  2.3086  0.7043  0.61  1.1237  0.9645  2.7413  8.6319  22.7607  1.598  0.1498  2.3104  0.0941  0.0982  0.2183  4.4284  5.4937  4.5162  3.2275  3.945  3.4368  4.1821  0.931  2.0643  2.6611  2.815  0.923  0.9243  
trainID = 2444  0.7195  2.7252  0.708  3.6912  0.7936  2.4569  0.902  0.2758  2.0689  0.6557  1.831  1.0787  0.5624  0.5405  2.8344  0.2046  1.2705  1.1153  0.77  0.9709  0.5009  3.7611  1.0943  0.234  2.8106  1.8302  0.1541  0.2836  0.0256  3.1247  0.7808  0.1423  1.2954  3.7771  1.635  0.1929  1.3878  1.0509  2.8651  1.7764  1.0922  0.649  34.776  3.5427  1.95  1.4922  
trainID = 2488  1.3169  0.6796  2.341  2.2287  0.1429  1.8985  1.375  2.589  3.8679  0.7433  0.5374  1.4119  1.2947  1.1457  0.957  0.7784  0.9664  0.9573  0.4634  1.0959  0.3412  0.7415  2.8833  2.8193  1.0086  1.156  2.4926  3.2329  1.3093  5.5724  1.3856  1.5546  3.9485  2.8788  0.188  0.9541  1.5038  0.7394  1.1205  0.4604  0.5395  0.6499  3.246  1.787  1.3233  
trainID = 2566  1.4933  1.109  0.6382  0.715  0.264  0.34  2.1361  0.6552  1.0302  2.9146  1.6537  1.6376  1.4011  2.3744  1.691  1.1787  0.2708  2.3097  2.71  1.4411  2.8381  0.7712  0.7146  0.986  0.4564  1.3985  0.0236  0.0137  2.7949  0.0235  3.1555  0.2847  3.499  0.772  1.319  1.2066  0.065  0.9836  0.0058  1.2978  1.2238  0.2441  2.154  1.703  1.9419  2.315  0.89  0.0929  
trainID = 2598  1.5184  3.615  3.842  0.706  3.6531  1.4611  0.115  1.336  3.5379  3.4227  0.297  1.1874  1.3246  5.1112  0.8554  1.1653  0.1942  0.9294  0.006  3.6908  0.4378  0.1065  0.975  0.072  0.8361  1.3497  3.6798  8.6676  10.5248  8.7238  2.67  2.768  1.4628  1.4045  0.052  3.9854  1.4071  0.7651  0.5202  2.1843  2.5473  0.1282  0.98  1.505  0.424  3.2505  2.5119  1.0022  
trainID = 2701  3.1334  1.0265  2.919  0.795  2.7122  2.3785  37.0616  4.0805  0.8077  0.4077  2.1824  0.848  1.9501  0.3465  3.9153  1.1557  0.974  1.0498  0.6167  1.0829  0.7522  0.321  3.1419  1.556  0.876  1.42  11.8134  3.3658  0.5225  2.3228  0.4209  2.1444  0.037  0.436  0.3422  3.3477  0.7524  3.6233  2.6352  2.2254  1.215  0.692  1.0728  1.068  1.42  0.3468  
trainID = 2733  2.123  2.6486  1.41  3.8792  0.346  3.3788  2.4065  1.9017  1.3349  1.637  0.2544  0.6191  0.2261  0.8398  1.6384  1.5594  1.3014  4.1551  2.485  2.6293  3.3654  0.5618  4.2893  3.588  0.8687  0.6949  1.9951  3.098  1.9179  4.6594  1.8032  2.1386  2.9284  2.4726  2.309  1.2774  2.3962  2.0002  0.9959  4.4906  1.5308  0.203  0.551  1.9241  1.5968  0.491  1.309  0.5631  
trainID = 2750  0.0319  1.751  1.651  2.465  0.1712  1.7496  1.308  0.8494  0.5739  0.8756  1.1587  1.144  1.6778  1.7279  3.3129  1.4145  2.3457  0.7208  1.041  0.4046  1.9194  1.068  1.8403  0.728  2.2658  2.8109  2.1015  5.2557  4.3902  5.306  0.9274  1.8991  0.0519  1.6487  0.9729  2.1641  4.3954  1.7782  1.4514  1.5627  0.3991  1.631  0.739  0.604  1.7133  
trainID = 2832  2.9057  0.245  1.292  2.118  1.6526  2.6011  1.229  2.1539  2.2339  3.0167  1.8467  2.4696  0.2215  2.1148  2.253  4.104  0.9539  1.4223  1.053  2.2527  0.3241  1.1921  3.6333  1.765  1.5251  1.3709  0.2494  3.0688  6.4743  5.2711  1.6694  1.6392  1.1481  2.671  1.002  3.3453  1.0122  2.6552  1.2172  4.8337  1.0573  1.1858  0.944  0.34  2.2075  0.862  0.382  1.3091  
trainID = 2864  1.4202  1.4571  0.7985  2.3314  1.7391  1.9422  0.659  3.2289  2.3489  1.9692  0.8117  0.1845  3.1947  1.2434  1.1089  1.6798  1.2884  2.3372  1.168  0.8542  0.4399  4.7372  0.4944  0.684  0.8775  0.9341  0.2213  0.6319  3.941  0.7906  1.7194  1.0505  1.3489  0.3971  0.283  3.4222  0.8105  0.3438  0.8845  3.6424  1.483  2.4348  0.952  1.127  0.2779  1.587  0.476  0.0816  
trainID = 2890  2.5104  0.6209  2.335  3.1471  1.4692  0.589  37.5386  2.0453  1.3101  2.8856  5.0622  0.2744  3.1187  0.0052  0.848  1.103  3.415  1.7858  0.3431  3.0661  2.3653  1.348  3.4083  0.2173  0.9213  0.7922  13.7038  7.5663  1.4234  2.1391  0.7009  2.1578  0.3688  1.1727  0.1276  3.8423  1.2743  3.5848  0.167  0.531  1.5674  2.4787  1.5854  3.216  0.138  1.7281  
trainID = 2901  1.496  1.2421  0.6459  0.995  3.1327  0.397  35.8626  0.7253  0.8926  3.2976  1.4698  1.4354  2.5229  1.6708  0.8  0.3011  2.365  2.3013  0.7573  2.794  1.8623  0.082  1.4044  1.7265  0.7695  1.2821  4.5794  0.9519  0.4259  0.0978  1.7342  0.2938  1.783  0.9788  1.0304  2.4718  1.0894  2.7091  0.3524  1.1835  0.883  1.12  1.2009  2.76  0.624  1.1742  
trainID = 2939  1.1219  0.605  0.49  2.486  1.8264  0.046  0.134  0.0638  2.6539  2.114  1.9327  1.3106  1.6868  2.5807  1.3397  1.862  2.8867  1.7783  1.78  2.6758  0.6595  0.3282  3.5653  1.973  1.1245  0.7451  0.4024  0.8782  0.7014  2.6055  0.3373  0.9408  2.1367  1.1511  0.194  0.337  0.9502  0.4615  1.2749  4.5622  0.3318  0.4901  1.053  1.28  0.2791  1.92  0.398  1.2167  
TrainID = 2566  dbValue = 1.27371  nTestCell = 48  nTrainCell = 48  nDiff = 0  (X,Y) = (1955, 1205)  Position Error = 50.4876
TrainID = 2939  dbValue = 1.3265  nTestCell = 48  nTrainCell = 48  nDiff = 0  (X,Y) = (1925, 1245)  Position Error = 38.5876
TrainID = 2085  dbValue = 1.33566  nTestCell = 48  nTrainCell = 48  nDiff = 0  (X,Y) = (1965, 1215)  Position Error = 60.075
TrainID = 1598  dbValue = 1.37074  nTestCell = 48  nTrainCell = 48  nDiff = 0  (X,Y) = (1945, 1185)  Position Error = 48.2597
TrainID = 2864  dbValue = 1.41331  nTestCell = 48  nTrainCell = 48  nDiff = 0  (X,Y) = (1935, 1255)  Position Error = 52.4309
TrainID = 1772  dbValue = 1.53738  nTestCell = 48  nTrainCell = 48  nDiff = 0  (X,Y) = (1985, 1185)  Position Error = 84.4334
TrainID = 2488  dbValue = 1.5695  nTestCell = 48  nTrainCell = 45  nDiff = 3  (X,Y) = (1885, 1195)  Position Error = 26.2488
TrainID = 2271  dbValue = 1.5856  nTestCell = 48  nTrainCell = 48  nDiff = 0  (X,Y) = (1955, 1185)  Position Error = 56.8243
TrainID = 997  dbValue = 1.59742  nTestCell = 48  nTrainCell = 48  nDiff = 0  (X,Y) = (1945, 1255)  Position Error = 58.7282
TrainID = 1390  dbValue = 1.61504  nTestCell = 48  nTrainCell = 48  nDiff = 0  (X,Y) = (1975, 1245)  Position Error = 77.3886
TrainID = 2750  dbValue = 1.68886  nTestCell = 48  nTrainCell = 45  nDiff = 3  (X,Y) = (1855, 1195)  Position Error = 52.811
TrainID = 1067  dbValue = 1.74697  nTestCell = 48  nTrainCell = 48  nDiff = 0  (X,Y) = (1975, 1245)  Position Error = 77.3886
TrainID = 2294  dbValue = 1.85652  nTestCell = 48  nTrainCell = 46  nDiff = 2  (X,Y) = (2005, 1245)  Position Error = 105.304
TrainID = 2832  dbValue = 1.92697  nTestCell = 48  nTrainCell = 48  nDiff = 0  (X,Y) = (1985, 1235)  Position Error = 83.2406
TrainID = 2733  dbValue = 1.93319  nTestCell = 48  nTrainCell = 48  nDiff = 0  (X,Y) = (1935, 1175)  Position Error = 47.634
TrainID = 1718  dbValue = 1.9479  nTestCell = 48  nTrainCell = 45  nDiff = 3  (X,Y) = (1915, 1305)  Position Error = 93.5361
TrainID = 2444  dbValue = 2.13913  nTestCell = 48  nTrainCell = 46  nDiff = 2  (X,Y) = (1915, 1195)  Position Error = 19.7231
TrainID = 2598  dbValue = 2.14396  nTestCell = 48  nTrainCell = 48  nDiff = 0  (X,Y) = (1995, 1275)  Position Error = 109.859
TrainID = 2901  dbValue = 2.16684  nTestCell = 48  nTrainCell = 46  nDiff = 2  (X,Y) = (1925, 1255)  Position Error = 47.4236
TrainID = 760  dbValue = 2.40026  nTestCell = 48  nTrainCell = 45  nDiff = 3  (X,Y) = (1885, 1345)  Position Error = 134.495
TrainID = 1030  dbValue = 2.46048  nTestCell = 48  nTrainCell = 45  nDiff = 3  (X,Y) = (1985, 1125)  Position Error = 118.191
TrainID = 1845  dbValue = 2.46721  nTestCell = 48  nTrainCell = 46  nDiff = 2  (X,Y) = (1905, 1275)  Position Error = 63
TrainID = 2281  dbValue = 2.49644  nTestCell = 48  nTrainCell = 46  nDiff = 2  (X,Y) = (1925, 1305)  Position Error = 95.1262
TrainID = 1771  dbValue = 2.50524  nTestCell = 48  nTrainCell = 46  nDiff = 2  (X,Y) = (1875, 1275)  Position Error = 69.7782
TrainID = 2701  dbValue = 2.55031  nTestCell = 48  nTrainCell = 46  nDiff = 2  (X,Y) = (1925, 1295)  Position Error = 85.3756
TrainID = 779  dbValue = 2.60635  nTestCell = 48  nTrainCell = 45  nDiff = 3  (X,Y) = (1915, 1345)  Position Error = 133.375
TrainID = 1076  dbValue = 2.6186  nTestCell = 48  nTrainCell = 46  nDiff = 2  (X,Y) = (1875, 1285)  Position Error = 78.924
TrainID = 2228  dbValue = 2.62582  nTestCell = 48  nTrainCell = 46  nDiff = 2  (X,Y) = (1875, 1295)  Position Error = 88.2553
TrainID = 2086  dbValue = 2.62935  nTestCell = 48  nTrainCell = 46  nDiff = 2  (X,Y) = (1905, 1305)  Position Error = 93
TrainID = 2319  dbValue = 2.68268  nTestCell = 48  nTrainCell = 46  nDiff = 2  (X,Y) = (2035, 1185)  Position Error = 132.774
TrainID = 2890  dbValue = 2.86953  nTestCell = 48  nTrainCell = 46  nDiff = 2  (X,Y) = (1905, 1305)  Position Error = 93
TrainID = 1274  dbValue = 2.88142  nTestCell = 48  nTrainCell = 46  nDiff = 2  (X,Y) = (1975, 1135)  Position Error = 104.062
TrainID = 1579  dbValue = 2.92288  nTestCell = 48  nTrainCell = 46  nDiff = 2  (X,Y) = (2035, 1185)  Position Error = 132.774
TrainID = 1396  dbValue = 2.95752  nTestCell = 48  nTrainCell = 46  nDiff = 2  (X,Y) = (2015, 1275)  Position Error = 126.764
TrainID = 413  dbValue = 3.15873  nTestCell = 48  nTrainCell = 46  nDiff = 2  (X,Y) = (1875, 1305)  Position Error = 97.719
TrainID = 1393  dbValue = 3.16102  nTestCell = 48  nTrainCell = 46  nDiff = 2  (X,Y) = (1975, 1305)  Position Error = 116.4
TrainID = 2144  dbValue = 3.23802  nTestCell = 48  nTrainCell = 46  nDiff = 2  (X,Y) = (1905, 1355)  Position Error = 143
TrainID = 1406  dbValue = 3.23943  nTestCell = 48  nTrainCell = 46  nDiff = 2  (X,Y) = (2025, 1285)  Position Error = 140.46
TrainID = 2368  dbValue = 3.31037  nTestCell = 48  nTrainCell = 46  nDiff = 2  (X,Y) = (1985, 1315)  Position Error = 130.419
TrainID = 613  dbValue = 3.34331  nTestCell = 48  nTrainCell = 46  nDiff = 2  (X,Y) = (1895, 1345)  Position Error = 133.375
TrainID = 1438  dbValue = 3.80286  nTestCell = 48  nTrainCell = 46  nDiff = 2  (X,Y) = (2015, 1295)  Position Error = 137.801
