trainID = 129  0.3573  5.7656  0.749  2.8219  0.0557  2.6233  2.0789  0.9239  1.4747  0.1837  1.169  1.1486  2.3297  0.1642  0.9681  2.9734  0.6635  0.2466  1.0433  2.0206  1.5015  1.292  0.2953  0.5323  0.4373  1.3409  5.0507  4.5934  2.5901  0.0745  0.1264  3.211  1.3926  0.0864  0.3574  0.2507  0.1823  2.0673  1.8194  3.5754  0.924  1.618  0.4086  
trainID = 141  2.2575  0.0959  0.011  3.1902  1.6661  1.4153  0.3605  0.085  0.3598  1.8525  1.984  1.131  1.0328  0.2562  2.2281  1.808  1.0719  1.3189  0.5175  2.2734  4.454  1.574  0.6443  1.0492  1.4419  4.3835  1.0068  1.8684  0.7161  1.9906  1.9753  0.3405  0.6885  3.1747  1.6601  0.1479  1.8078  0.8218  2.2889  1.3953  0.825  2.057  3.2823  
trainID = 142  3.0818  1.9092  0.782  2.1063  1.0244  1.7106  3.3837  0.4913  0.235  0.0096  1.6331  0.7989  1.7108  3.0652  1.0987  5.1571  0.7515  3.0278  0.7321  0.2079  1.4381  0.876  2.659  0.9613  1.3237  1.4964  1.858  1.4464  0.3093  1.5304  2.2681  1.387  1.2453  0.9528  3.2105  0.5033  4.2907  0.3586  0.3909  0.2156  0.059  1.114  2.639  
trainID = 166  3.3143  4.541  4.2683  1.3547  5.6546  2.7581  3.252  1.212  3.231  3.3672  6.6192  4.2942  8.3624  10.2719  6.393  0.5568  2.4119  8.7492  0.537  3.244  3.8935  1.464  13.0644  1.7966  7.4915  2.851  10.9068  9.4959  0.171  3.2383  4.25  4.9441  2.4392  0.8437  4.9707  5.9565  7.0158  1.2577  4.6988  1.4919  
trainID = 171  3.2761  0.449  0.113  4.29  2.2605  0.2153  3.4387  1.1004  2.8961  0.0251  0.875  1.499  3.2378  5.8666  1.1702  4.9866  5.0211  6.1895  3.9665  4.211  8.2272  0.133  3.4673  2.8792  1.1258  18.3936  10.1889  0.7467  0.3611  7.2762  6.522  1.462  2.7885  5.2627  2.8433  2.2538  2.5196  2.0708  1.126  3.2278  0.142  1.604  1.1533  
trainID = 175  1.8442  3.5604  1.1527  5.1875  1.3516  3.2605  2.4949  1.716  3.1586  0.4699  1.308  0.8082  6.8009  1.8446  1.1959  4.1386  5.4958  4.8748  2.4203  1.2012  4.7685  1.342  2.7651  0.0754  1.5382  5.3186  9.5324  5.8473  0.9716  2.3102  0.4017  0.571  4.1802  0.3631  0.8792  1.1241  1.1111  1.776  2.4921  1.6072  0.5922  1.39  0.3236  
trainID = 180  6.814  0.9819  3.1383  2.5797  2.0159  4.2461  2.0846  1.854  0.894  5.8097  6.7409  1.5492  6.7681  8.2953  6.5103  2.6125  0.542  10.0432  2.518  4.2813  1.6197  2.8934  25.7719  15.4301  2.7024  0.8883  9.8865  8.8292  0.587  4.0491  4.2088  2.1511  4.5879  3.4851  1.3929  5.7633  4.0573  0.77  3.0628  0.6773  
trainID = 185  3.973  3.3624  1.589  5.2611  0.4871  1.6723  1.1028  0.5597  4.5481  0.6675  0.2  1.2451  1.6644  9.9166  2.4186  6.0387  9.1403  5.7615  2.4005  1.0609  5.9831  2.13  3.226  1.5371  0.1489  1.3822  7.0517  15.3526  0.4508  4.1435  5.8951  3.5033  1.3215  2.7908  1.1669  4.4838  3.5901  1.17  0.914  3.3724  
trainID = 198  4.9425  3.4039  2.8933  2.2977  3.22  2.3921  2.6331  1.385  0.257  6.7999  4.3154  0.712  4.0492  10.5584  5.583  3.3965  3.6403  6.7642  1.468  0.5895  0.2118  0.0446  16.4502  3.6172  6.5961  1.6599  9.7671  4.9638  1.295  5.2061  3.1981  5.7539  2.28  0.232  2.9676  4.6861  6.2784  0.499  2.502  1.4799  
trainID = 211  0.4516  1.119  0.254  1.7335  1.0594  1.2399  0.8717  0.4521  0.742  0.1056  0.549  1.296  2.3496  0.3372  0.3948  1.1173  2.7315  0.9486  1.5525  2.3388  1.1076  0.192  1.1993  2.5712  2.0288  1.2672  1.2955  1.2239  0.646  3.0474  1.1527  0.528  0.6442  1.6756  0.2298  1.581  0.8467  0.0123  0.9739  1.7111  0.5813  1.301  1.1691  
trainID = 222  2.5173  2.5512  1.2263  4.7347  3.492  1.6821  0.2335  0.413  0.286  5.0479  3.6394  4.1805  5.3198  8.5045  5.6316  2.4035  4.009  7.8802  0.097  2.0866  2.4513  1.598  14.1025  5.1494  6.0427  2.3618  10.0716  7.2696  0.464  5.3603  4.4375  7.5215  3.62  0.7488  5.5275  6.9239  7.0641  1.3909  3.1808  0.4617  
trainID = 236  1.8323  2.4823  0.574  3.4635  1.9637  0.5097  0.6707  3.0135  2.4971  2.0926  1.2053  0.249  1.3193  6.6661  1.5411  5.1203  5.4705  3.1089  1.1445  1.3104  4.5372  34.6777  2.8251  2.6886  1.2121  8.2138  2.4801  11.8181  0.5781  1.1717  4.0331  1.8733  0.5757  3.3781  0.7781  0.3802  2.5203  2.661  1.37  2.6508  
trainID = 258  1.6419  0.9173  0.622  2.2711  0.2582  1.0052  0.6227  2.0958  1.4951  0.3718  1.621  2.0184  0.013  3.0977  0.0017  3.4633  4.5514  1.6286  0.1445  0.7078  5.3356  1.8172  0.9677  2.2104  2.0449  1.7904  2.8642  0.9702  1.7772  6.2694  1.8441  0.4841  1.7418  0.2775  1.9406  0.6314  1.0437  3.8956  4.0027  1.146  1.587  2.4434  
trainID = 278  1.5073  9.2172  0.47  6.7642  2.7937  0.9155  3.0011  3.2331  2.9461  34.6784  3.9001  5.4826  2.6573  13.4926  1.0987  8.6828  2.8863  3.3439  1.7107  3.2724  3.7419  3.8627  1.1594  10.6478  12.9098  2.3016  0.2806  5.1173  1.1428  2.3886  1.0128  0.0839  4.2415  5.9491  0.2202  0.0274  3.6554  1.3261  3.3876  1.201  
trainID = 286  3.651  1.6066  1.944  2.5494  2.0558  0.737  0.5867  0.1482  0.9621  2.1753  3.325  3.4  2.9938  2.4398  0.8866  1.4519  0.5307  0.5014  3.294  2.3739  1.247  0.652  2.6142  0.256  1.6727  0.8182  5.1385  4.344  1.6661  0.6186  1.2007  0.345  0.4641  0.0628  1.1489  1.6308  2.8722  0.5028  1.4313  1.1165  2.103  2.612  0.5151  
trainID = 300  5.7726  3.8485  2.5183  4.7416  2.8595  6.3573  1.9882  1.7623  2.3124  0.7133  0.9103  0.581  6.1848  0.3081  0.0703  6.6739  4.5644  16.1345  2.6646  2.474  6.623  2.7294  3.1869  0.6832  13.1903  8.5272  4.2102  3.69  4.8014  2.4408  2.187  7.3699  0.2426  3.0235  2.5285  1.353  2.5934  0.8566  2.6548  36.7664  
trainID = 311  1.1521  6.5362  1.441  5.2779  2.4439  3.2785  1.3886  2.7516  1.013  33.4654  4.0196  4.5301  1.5492  5.2875  1.3695  5.9082  2.7204  1.5425  0.9926  2.8515  1.0715  5.7167  1.4019  8.6529  12.3109  0.4838  0.7329  3.3704  2.5922  2.8936  0.9006  0.4214  3.3215  5.9524  1.0173  0.4902  2.5697  0.153  2.076  0.8242  
trainID = 320  2.4825  6.5799  2.4317  8.2653  0.1759  4.3108  6.2932  2.9943  3.6887  0.5486  0.682  1.027  3.7457  1.5067  3.3376  14.5907  5.3898  29.9166  2.0856  1.3452  7.3985  4.052  1.9538  1.6321  8.4517  8.4759  11.3905  1.1363  2.2013  0.0937  1.134  6.8919  4.6907  3.5717  2.6795  2.5502  3.1864  3.3651  3.2392  35.1254  
trainID = 338  0.2961  4.4205  0.887  0.8694  2.5874  0.2676  0.7587  1.3407  1.1425  1.7775  3.322  0.325  1.9703  1.3465  1.6688  2.5341  1.3967  2.0772  0.6137  3.6826  2.3984  0.9217  0.129  2.288  3.7442  4.1421  9.7859  3.0881  2.4918  1.7956  0.654  0.2579  1.4701  0.1088  2.8735  0.928  0.9766  1.1325  1.4009  0.181  0.045  0.823  
trainID = 350  0.1261  3.105  0.9603  2.6777  2.9656  0.7127  2.1042  0.21  1.691  1.2509  1.6542  1.3442  3.3556  1.8883  3.8449  1.0857  2.6349  5.5026  0.064  0.5827  0.5139  2.2912  9.3502  0.4512  11.8863  3.2428  8.3703  1.2158  1.384  2.8298  2.1719  2.8285  0.3209  1.3159  1.3656  3.505  2.8826  0.127  2.106  0.2674  
trainID = 367  1.769  2.6104  3.7723  1.7307  2.4492  3.0891  2.0094  0.275  0.212  3.121  3.2814  3.7781  5.0437  8.5854  5.4736  2.6855  1.9198  7.4042  0.546  2.743  2.1854  0.7564  14.1082  3.6548  9.2774  0.2224  12.3078  8.2882  0.4161  2.4608  7.5255  7.5593  1.3367  1.9985  5.6812  4.0862  5.9968  2.2092  5.1814  0.9939  
trainID = 369  2.7676  8.2412  0.49  7.5157  0.9949  3.9918  3.2925  3.2531  1.2586  0.4593  0.627  1.03  4.5978  1.1182  3.212  14.6501  4.5499  24.4968  2.8004  0.8234  8.5716  4.8039  2.2499  2.6449  8.836  10.0038  8.3278  0.4543  5.1519  0.2915  1.337  5.9285  2.2778  4.1461  1.3369  4.0577  3.0544  2.9501  4.9469  37.1134  
trainID = 377  4.4975  5.0489  0.473  6.697  1.3114  0.8863  5.1797  2.7318  2.3781  2.3981  0.712  2.246  4.4343  11.5402  1.0526  7.7137  8.9512  5.5634  1.4605  2.3557  5.075  34.8214  5.0917  6.0187  3.5897  6.0447  1.2301  13.5711  1.4696  6.944  8.3461  0.7911  2.3839  6.3511  1.4858  0.5721  3.5959  1.665  1.703  5.0994  
trainID = 389  0.8514  5.2694  0.288  2.2461  0.8954  1.0743  0.2419  2.3358  1.3739  0.6395  0.814  0.327  4.6711  4.3082  3.5988  2.2527  0.3971  0.7741  1.6187  3.6619  0.5754  1.1687  4.0749  3.087  2.3961  6.8366  8.5406  2.7336  0.0745  3.8739  0.4863  1.0236  0.2718  1.6486  3.0685  3.5926  1.0465  1.9631  1.5455  0.853  1.389  1.1992  
trainID = 399  0.4411  11.3602  0.744  10.2356  3.5883  1.4298  2.8242  1.3129  6.0163  35.2774  2.3035  4.0709  4.1528  21.586  7.8829  6.9898  5.3248  3.2165  5.2212  2.023  3.7747  1.2167  3.5517  5.9464  7.8529  13.9145  1.064  0.6028  1.7147  1.0123  3.8308  2.7317  1.1612  3.4575  4.1355  1.4432  0.4598  2.5994  0.348  1.596  1.5993  
trainID = 426  3.3393  5.2368  1.008  6.696  0.0446  2.779  0.7097  1.4006  3.1422  0.2108  0.783  2.337  4.0593  2.08  0.2814  8.1703  7.3641  10.8042  3.3425  2.8796  5.0706  1.9918  2.0979  3.7577  2.5462  7.0496  9.4402  2.2055  1.1811  2.1143  1.0941  7.1999  2.287  2.7132  1.8615  3.1769  2.5244  1.1395  2.1588  0.016  2.14  2.3863  
trainID = 428  5.837  3.3829  1.3843  4.2987  1.1422  3.8391  0.2631  0.8967  0.349  5.0892  7.7766  2.9301  5.7637  5.7509  4.7367  0.6252  1.8698  8.1662  0.286  1.7642  4.5078  1.7308  26.5687  12.4289  0.8881  0.4843  6.672  6.2796  1.894  0.8288  6.801  4.8467  3.3189  1.9207  2.7489  3.3791  3.9077  1.5065  0.646  2.2233  
trainID = 442  1.5739  5.0817  1.3616  2.7635  2.5859  1.6634  0.3651  0.7678  1.5082  33.7194  2.5069  2.776  2.2476  0.1105  2.3482  0.9914  0.7542  1.2869  0.5617  0.2829  2.0869  0.7565  1.1724  6.7027  14.1625  2.8799  2.9722  3.5169  2.2284  0.734  0.355  1.0058  2.3075  5.0201  0.2482  0.0049  0.3895  0.4423  0.093  0.8427  
trainID = 445  0.2548  3.3647  0.5043  0.6357  0.6518  1.2701  1.721  0.893  0.8356  2.3734  0.5375  3.0837  0.8217  4.2492  1.2908  2.5301  1.3184  5.9873  1.469  0.4391  1.2714  0.1912  7.8523  0.1422  12.8023  2.568  7.2403  2.6585  0.874  1.5797  1.7117  2.5862  0.7714  2.7521  2.2904  1.5766  0.5178  2.4751  1.731  1.3916  
trainID = 456  1.8941  1.1643  0.08  5.4108  1.5063  2.1644  3.3997  2.4082  3.4021  1.0732  0.8532  0  1.6836  5.3534  0.1275  2.8041  3.7389  4.287  0.7583  2.4359  3.752  36.0683  2.0177  3.292  0.8805  2.614  8.0107  12.9258  1.3106  6.4073  5.6359  2.2018  2.2418  5.3947  2.0199  1.3843  2.3239  1.851  3.14  2.2078  
trainID = 457  5.854  1.7504  1.398  2.4847  3.006  1.4811  1.4873  1.1512  0.599  3.1467  6.5141  1.6154  5.6744  7.669  6.5075  2.1985  0.9949  8.4502  0.68  2.7489  1.5384  0.2115  25.2471  11.3947  4.3316  1.6197  7.2349  6.9025  1.645  6.1976  6.5459  6.7415  2.8251  1.1645  1.3746  0.8098  3.1676  1.935  2.291  3.287  
trainID = 492  1.2839  3.3084  1.951  1.2965  0.6442  1.4307  2.8045  1.3483  0.9791  2.5893  0.873  1.0078  3.9298  3.4111  0.4604  1.5954  4.0204  3.5989  0.2752  3.2666  1.9755  0.7538  0.2899  0.0786  0.2125  3.0747  0.8852  0.2271  1.7688  1.0399  1.349  0.0389  1.5327  1.8479  0.1322  0.221  2.3643  2.8553  2.4529  1.0359  0.393  0.6816  
trainID = 546  3.5233  1.6224  0.908  4.0191  0.7741  0.1444  3.1147  2.2163  1.9411  0.339  0.462  2.0646  2.7113  10.0278  0.6506  6.6015  5.946  6.4182  1.1965  0.0022  7.077  36.5507  4.9226  3.1679  3.1314  0.0375  7.4996  16.8932  1.1872  6.5613  8.6523  0.8654  3.73  3.4909  1.0599  1.3317  4.864  2.892  0.441  2.795  
trainID = 550  3.9429  4.209  1.632  4.997  0.3779  0.2989  2.5217  2.8926  2.9461  1.3781  1.421  1.2391  5.27  11.349  2.1218  6.6111  5.8699  4.6501  1.1905  1.782  3.7376  36.2741  3.682  2.1064  3.8387  4.5587  4.027  12.9675  1.4481  3.7969  7.6902  2.3871  1.8505  5.2048  2.4945  0.9154  1.9002  1.642  2.208  4.2797  
trainID = 553  2.7981  1.9745  2.0025  3.4745  2.3825  2.087  3.1537  3.1956  0.0703  3.0623  0.7581  2.2716  0.171  7.4842  0.1721  2.173  5.5999  4.5009  1.5501  0.0493  3.9054  1.753  2.1747  2.002  3.0116  4.383  2.0109  10.4755  1.6619  3.665  0.7562  0.5728  1.5722  2.9225  0.9997  1.4575  2.3928  3.096  0.814  2.9172  
trainID = 554  2.0918  0.3759  0.029  1.2245  0.6553  1.6197  1.4727  3.7614  1.8471  0.9356  0.276  0.558  0.7576  4.213  0.826  4.3516  6.2796  1.6421  1.0599  0.3486  3.9945  3.0955  0.484  0.0125  1.0305  1.9807  2.4217  0.9919  4.0456  3.5767  0.09  2.6837  1.6078  2.4287  2.6435  1.5964  1.3176  2.4472  3.4843  0.641  1.805  2.9675  
trainID = 579  4.5335  6.4392  0.866  10.0431  0.9389  5.8729  6.8899  4.3328  5.9987  0.263  0.322  0.074  5.993  2.0909  0.7078  10.6975  1.0657  27.8823  2.0479  2.8262  9.1431  6.109  3.2359  0.5727  9.0734  9.8464  7.8575  3.1374  4.3649  0.221  1.035  9.2159  0.1192  3.6398  4.1745  2.144  3.1854  1.5341  4.6403  37.4244  
trainID = 580  2.4984  7.7202  0.832  5.9079  1.7284  1.557  3.2071  1.5075  1.0238  33.8974  2.3904  2.8659  3.4624  7.4056  3.4233  9.33  2.4707  2.2938  3.25  1.0215  0.5555  1.8619  1.7069  8.6859  10.5025  0.7425  1.8545  0.4001  0.974  4.0785  0.7016  0.8536  4.2845  2.5065  0.6509  1.4543  0.8814  0.49  2.839  1.6753  
trainID = 581  2.8443  5.9707  0.672  3.7605  1.92  7.4601  2.647  1.7036  2.3522  1.8564  2.949  2.222  2.8957  3.5053  1.9954  9.9469  5.0081  9.3027  3.5678  2.8263  2.0203  3.8347  0.0426  1.3925  3.7654  8.7852  7.837  1.6889  0.8462  1.1622  0.661  5.7763  2.3738  2.0052  1.5373  2.4572  2.4904  1.7961  0.6796  0.676  1.646  0.5802  
trainID = 586  0.5574  8.4682  1.3477  5.9872  3.9027  2.6056  1.8524  3.6939  3.2737  33.7054  0.8635  3.9228  1.734  16.3786  2.3281  7.352  3.5975  3.4356  4.6246  1.9938  2.6189  3.7317  0.026  10.7613  13.9443  2.5291  0.1759  2.722  1.375  3.1042  3.3914  0.1267  3.4615  5.305  1.617  0.5329  2.445  0.7786  2.162  0.8992  
trainID = 597  5.5505  5.155  0.171  4.9548  0.2166  3.3789  3.336  2.4162  2.0348  1.0086  0.212  0.688  6.4824  0.0918  1.6095  7.1042  4.5977  18.247  0.7997  5.083  6.1176  2.9603  1.6442  0.008  11.5737  7.27  5.101  0.0157  4.1077  0.1483  1.869  4.9963  1.4452  5.5651  4.4015  1.006  1.48  1.6601  2.0881  36.5564  
trainID = 634  3.3653  4.2491  3.6684  3.6062  2.2257  3.2616  2.314  1.3203  0.3222  0.1121  1.203  0.2  5.5101  0.768  2.923  3.9311  1.0055  7.5008  2.8747  2.2801  3.7701  3.9996  1.6089  1.7567  10.4212  10.3838  2.2372  1.0246  3.5605  3.01  1.423  4.835  2.0711  3.9786  2.3405  0.496  1.4101  1.7321  0.6459  37.4304  
trainID = 666  4.1391  7.6933  1.8553  6.5637  1.8656  2.939  3.7513  4.3201  4.6934  0.3865  3.392  3.277  4.6182  1.7737  0.2405  14.698  12.7623  14.1859  2.7885  0.4276  5.9084  4.866  1.0728  3.2477  6.5745  8.5872  9.2634  0.1299  5.4666  0.7457  1.501  5.964  0.7413  3.794  4.2155  1.6636  0.1339  0.4121  3.9083  0.574  1.932  0.5485  
trainID = 675  0.038  1.7904  0.733  0.5142  1.685  0.018  0.223  1.1689  0.2639  0.3795  0.9554  0.4  3.0794  0.3139  1.1671  0.1258  1.9526  2.1764  1.8165  1.1682  0.0531  1.2044  1.2245  0.8091  3.315  2.6411  3.3137  1.4313  1.7424  2.6691  0.219  1.2046  1.8412  1.5786  1.8135  1.1014  1.3188  0.1481  0.7238  1.303  0.974  1.9377  
trainID = 697  2.5176  3.2714  0.695  6.28  2.0332  0.9333  1.8407  2.873  1.4531  0.2389  0.04  0.575  1.9399  11.3099  0.1419  4.6905  6.3816  3.3  1.2885  3.2943  5.0182  34.5281  4.2904  4.1731  0.4462  5.9018  4.4064  12.3557  0.491  2.4408  5.8898  0.252  0.6116  4.1735  0.2189  1.0684  2.6806  0.254  1.311  3.3164  
trainID = 705  2.8702  4.1573  0.38  3.4765  1.988  1.0631  2.2137  1.3018  1.9541  0.2257  0.7484  0.8973  0.6532  8.7119  0.5147  4.6219  3.7784  5.2109  1.4995  0.9183  1.9286  34.6853  2.2264  2.7496  0.1632  7.5158  3.0916  10.6988  1.6486  3.3658  4.9767  0.4766  0.9383  2.4555  0.1756  2.4544  2.8592  0.357  1.817  3.7519  
trainID = 729  1.1597  2.7769  0.292  1.5125  0.8397  1.1573  1.5048  1.3642  1.0408  0.4198  0.8718  0.033  6.1939  0.2875  1.8591  0.1165  0.2094  0.8364  1.2434  0.1594  0.1756  3.0474  0.1499  0.7724  4.693  4.553  0.073  0.1129  4.9941  0.0732  1.613  1.1774  1.4723  0.1564  2.3525  1.0343  2.038  1.9459  1.7035  2.231  0.235  1.8381  
trainID = 743  1.3999  3.2729  1.5253  0.1239  1.9702  0.3035  1.1144  0.053  2.348  0.9575  1.3156  2.9274  3.1429  1.1416  3.4023  1.0921  2.5302  4.6418  0.796  0.9096  1.3449  1.4931  8.1427  4.0234  12.3178  1.2621  6.1961  2.2564  0.248  2.1902  2.9855  2.7721  0.0207  0.523  3.1162  2.1853  2.5035  0.159  3.9768  1.3011  
trainID = 774  2.7309  7.0395  2.144  9.5847  0.1271  6.5732  4.2815  4.6227  2.2824  0.7097  1.537  0.276  3.7194  2.4273  0.0813  11.5593  0.7371  24.2876  2.1813  3.8108  6.4083  3.7697  1.4001  2.7287  9.5956  10.3362  7.3398  2.93  3.1117  0.3256  0.234  7.4319  1.4604  4.1295  5.2105  0.4345  1.5909  4.6101  2.2572  36.0034  
trainID = 815  3.7545  2.7962  0.0149  0.5807  2.3299  2.3661  1.1945  1.024  1.118  5.1127  1.7758  3.5798  5.4858  5.905  4.2147  0.2349  0.7738  7.4133  1.506  0.0954  3.1765  0.9589  14.4989  5.1514  5.2279  2.344  7.1978  7.0117  0.264  3.0581  2.2148  4.2847  0.669  0.4782  2.7065  1.7043  4.5227  3.416  3.7824  1.9932  
trainID = 823  3.8969  6.8562  0.841  9.5786  2.9353  5.1575  3.6527  4.8204  5.0733  0.3228  0.454  0.878  7.6782  0.8943  1.5997  14.7695  2.5812  31.012  3.879  2.0485  8.5312  2.4815  1.8686  1.0507  7.3814  10.6473  8.7441  2.1545  4.9818  1.678  0.784  8.2829  0.9753  3.9637  3.6145  1.7727  1.9515  0.028  3.1076  37.1294  
trainID = 841  1.3473  4.5683  1.775  7.0277  2.8343  2.7247  0.6587  1.5192  1.1432  33.2424  1.4567  4.9885  3.3993  8.3726  1.1153  6.7903  3.7659  4.6232  3.5906  3.4347  0.6603  4.1617  0.011  8.6979  9.4702  1.7171  2.6357  3.3428  0.048  3.9265  0.6135  0.3321  2.0405  4.6166  0.9334  0.3801  0.2423  3.191  1.865  0.2847  
trainID = 848  0.8579  1.88  1.9333  2.0647  0.0208  2.5241  2.2794  0.208  1.462  0.8665  4.0376  1.3794  4.0934  8.0721  5.157  0.8788  1.4391  6.3675  0.425  3.4586  0.3312  2.1791  16.0673  1.5419  9.4442  2.2966  7.8562  3.5471  0.049  2.7622  4.6214  5.0408  1.7367  0.134  2.2472  3.9242  3.8198  0.9863  1.743  0.4371  
trainID = 849  2.1272  2.5762  1.0906  2.58  1.9895  4.0594  3.4687  2.3743  0.5911  2.7326  0.28  0.515  6.0474  0.9046  0.7682  4.0344  2.8588  0.9292  1.9034  0.7245  3.1396  3.2846  0.7926  1.2478  9.3265  6.1563  2.6307  0.5035  3.6902  1.5986  0.5749  5.4114  0.1065  1.8704  3.2795  1.2136  2.5844  1.3906  0.8296  2.883  1.283  3.054  
trainID = 856  3.1956  5.6371  0.352  1.5373  2.514  2.4529  1.7075  2.5198  1.0454  2.7656  2.0838  0.439  7.0577  2.832  2.4262  2.5715  0.3751  5.7322  1.4992  0.3211  3.9169  3.1483  1.1074  1.9501  11.306  7.9905  0.9305  1.0517  3.6812  2.6893  4.313  3.5785  0.1677  3.3733  2.4355  0.5803  3.3844  2.3701  0.7971  35.7904  
trainID = 865  2.9893  5.9363  0.918  5.9454  0.6816  0.7102  3.1112  0.9553  1.574  0.178  2.495  0.698  3.3704  1.5294  0.6814  8.5535  4.8067  5.5735  1.0175  3.937  1.7549  1.9846  0.715  3.0666  4.0221  6.5998  7.9467  1.6122  2.7748  0.8746  3.235  4.87  0.6406  3.4246  2.6815  1.4788  1.4822  0.2078  1.4037  0.3313  1.84  0.7425  
trainID = 921  0.506  6.3977  1.561  6.2881  0.0985  3.1231  3.2056  1.1085  0.8477  0.9332  1.29  1.624  4.7165  3.8317  3.6975  7.7598  4.5961  6.0137  0.6271  3.1857  1.4607  0.3055  0.6201  5.2907  5.1506  5.6599  8.7113  1.7386  1.7867  0.6228  0.224  2.0343  1.6483  1.101  3.5075  3.1463  0.6252  0.7961  0.1822  0.8939  0.507  0.9998  
trainID = 924  4.422  5.7042  1.3528  6.0957  1.3286  3.1455  3.2315  4.7894  1.602  0.7413  0.839  0.159  7.4567  2.1271  0.763  11.4859  7.3992  10.1448  1.6769  0.7181  4.882  1.8369  4.1779  3.0645  9.6738  8.7527  5.3116  0.6441  3.3404  0.9809  1.687  9.0999  1.0979  3.4505  3.2805  4.0177  3.3834  1.3022  2.8924  35.2624  
trainID = 960  1.7241  1.1755  1.4487  5.3889  0.6038  3.6094  1.3287  1.0244  1.7911  1.0903  1.1507  0.8874  0.3488  8.3437  1.0539  4.3755  5.6115  4.0475  1.7675  2.3979  3.8964  1.329  1.659  0.7002  0.1599  3.561  4.7226  11.7105  0.1391  4.8565  5.7215  3.1271  0.4688  1.9693  0.6618  0.8299  1.9972  2.216  0.745  1.545  
trainID = 963  1.6229  0.1775  2.1043  1.6217  3.7779  2.2941  0.5823  1.4031  2.933  3.9768  2.9425  2.5245  6.2958  7.4262  5.4311  0.5813  3.1192  6.6948  0.724  2.7065  0.3558  0.0211  15.6588  3.4753  6.6621  0.351  13.044  5.6484  0.954  2.6902  4.2144  5.2714  1.0052  1.4351  6.0919  4.722  4.2472  0.8807  3.3981  0.3485  
trainID = 970  0.3475  0.8217  1.2167  2.9909  2.1347  2.1282  0.4678  1.9311  1.4531  0.5948  1.866  0.491  8.276  0.9421  3.9854  3.7285  0.8293  0.4477  0.9178  0.6645  1.1828  0.5623  0.1479  0.4276  8.3674  4.6455  0.9836  0.9283  5.7407  2.5267  2.908  4.054  0.4227  5.023  1.5035  0.8333  1.8663  1.4771  1.4431  3.9755  
trainID = 977  3.94  8.1952  2.1797  10.7228  5.6815  4.1566  2.2212  2.8704  4.6348  35.3524  0.5594  3.9314  4.5895  24.4004  9.5675  8.6823  4.0273  3.135  7.9214  4.5095  3.6499  4.1287  5.2054  9.2795  13.828  1.3819  1.6188  0.8915  0.322  6.7479  3.0754  1.6492  4.6685  5.5825  1.5419  2.5091  2.5821  0.55  0.08  0.1076  
trainID = 988  0.2014  4.8977  0.184  3.9113  2.3892  1.2063  1.6639  3.8862  1.7364  1.4338  1.122  0.072  3.3939  2.03  0.9042  4.1185  5.2894  5.2322  0.4782  3.3805  1.1044  1.0804  2.3229  1.7925  3.3461  8.5875  8.5619  2.2521  2.173  2.9212  0.1  3.6471  1.27  3.1398  3.1985  1.8942  1.9732  0.2132  2.1622  0.402  1.91  0.7026  
trainID = 1018  5.0889  4.4294  0.375  8.7087  1.4819  3.4344  3.0831  5.6702  3.0093  0.2133  1.865  2.885  5.9126  2.8068  0.0008  12.6673  8.2845  18.5111  3.0822  0.2017  5.6842  5.3438  0.272  3.5837  7.6627  8.7383  7.5858  2.2754  4.6292  0.7332  1.075  7.1549  2.6359  1.7895  3.9005  2.1961  3.1784  2.7771  3.8732  35.0654  
trainID = 1045  2.5658  2.2428  1.3259  2.7959  2.2325  0.5028  0.2903  2.6998  1.0151  1.0029  0.163  0.8422  0.5812  1.5564  1.0234  2.6996  6.2599  2.9228  0.0351  1.8992  2.4771  0.111  1.1268  1.0001  1.2786  4.7052  0.074  0.4461  0.2562  2.0077  1.6713  1.4671  1.2902  3.6335  2.324  0.4606  2.7026  3.1888  3.3317  2.3539  0.6262  1.204  2.1903  
trainID = 1048  1.5099  4.8122  0.341  3.7424  2.0581  2.4671  2.2559  0.8706  1.2371  1.7074  0.162  0.812  2.6905  1.0806  1.9168  4.8977  5.8776  7.0655  3.1895  2.6457  2.9024  2.1586  2.9559  0.6761  0.2796  9.2625  8.775  1.0843  0.1499  1.4285  1.117  2.4994  0.9438  2.6492  3.5805  4.8648  1.3634  0.1144  0.1907  0.851  1.536  0.6687  
trainID = 1049  0.0205  1.8737  0.313  0.5312  0.9393  2.4715  2.5007  1.4402  0.8079  1.0551  1.0143  1.5485  1.4291  3.0607  0.7199  2.9278  0.9632  1.285  3.5565  0.4218  1.8432  1.059  0.3695  1.905  0.9899  1.8582  2.2787  3.9762  0.2679  1.6345  3.1992  2.757  2.6605  3.9513  0.4874  1.0434  1.9777  1.3527  0.8912  0.9596  1.802  2.201  4.6079  
trainID = 1053  1.2084  4.0344  1.051  4.2732  1.7815  1.2611  3.597  0.3324  1.3715  0.0287  0.844  0.603  2.7334  1.7849  2.2346  4.7711  0.0537  2.5598  4.076  1.3472  0.8747  1.584  0.1047  2.7586  0.4321  7.8604  8.0363  3.3523  1.7041  2.2773  0.245  3.1405  2.6144  1.6734  3.1965  4.0039  0.4644  1.4628  1.3517  2.984  1.121  0.8471  
trainID = 1063  3.6961  4.1048  0.486  4.9217  6.5045  3.2049  1.3609  1.692  2.5063  2.2018  0.211  0.356  6.2362  0.7695  1.0642  6.0289  0.9775  14.8842  1.289  2.1069  4.5765  3.6228  2.5529  0.9465  12.8252  8.7984  4.6528  3.7104  3.3355  0.0024  2.313  6.3006  2.6839  5.2413  2.2545  0.4785  0.3045  0.2082  3.1476  36.6394  
trainID = 1072  3.9782  0.2049  0.862  3.3129  1.0745  0.4673  0.5077  1.7803  2.1581  0.3606  0.448  0.346  2.279  3.4235  1.887  5.7738  5.0514  5.5025  1.0975  2.5232  7.2178  0.9385  0.7591  2.0384  12.6956  6.9182  5.2964  0.0479  5.1206  5.5437  1.621  3.1434  2.3527  4.1537  3.4552  2.5373  3.9102  1.1187  2.3966  0.109  2.244  0.9755  
trainID = 1086  3.7523  4.9649  0.451  4.2958  0.6873  0.5467  2.2881  1.7387  0.7101  2.3846  1.061  1.992  3.517  0.9028  1.7374  5.3234  4.4717  3.924  3.3001  0.4421  3.6463  0.62  3.8896  1.9396  2.8141  1.717  5.1249  4.3435  0.6496  2.5355  2.0527  0.143  3.0313  0.3467  1.275  0.0792  1.6925  2.1404  0.3494  1.3422  1.143  0.646  0.6861  
trainID = 1104  3.9519  2.5519  1.9333  3.0877  1.2603  4.5931  2.4935  0.131  1.0172  5.11  5.3637  3.7533  4.0906  5.2395  4.4024  0.9976  3.0348  6.3119  1.076  2.6513  0.935  1.4242  20.6128  8.7627  3.8456  0.7182  10.6252  8.9704  0.35  4.1812  3.4368  4.7431  1.7371  0.8751  4.6157  4.3872  7.722  0.419  3.4285  1.228  
trainID = 1106  0.4949  0.5889  1.1023  0.842  0.0532  1.1127  1.3277  1.613  0.3882  0.1604  1.192  2.0875  2.6691  1.8311  1.8715  1.9379  2.0575  0.7668  0.5094  0.0957  1.0021  0.2509  0.3409  0.7212  2.2253  2.7356  2.614  0.8637  3.9499  0.3627  1.709  2.8048  1.1833  0.7725  0.8604  0.6055  1.0958  0.1914  2.4052  0.4958  1.703  0.2561  
trainID = 1117  2.568  8.9222  1.3323  9.688  1.4662  3.7161  2.917  2.4219  3.9224  35.0594  3.5937  4.0596  3.5786  26.5048  0.5563  13.1263  3.9796  0.1885  6.9514  5.3823  0.5295  5.4737  6.187  10.1551  12.4602  0.8711  1.1293  1.091  0.6135  5.2775  2.3114  1.7189  5.1825  4.5192  1.026  0.9856  3.2245  0.278  0.527  0.2407  
trainID = 1133  0.9451  7.1065  1.4067  3.626  1.0588  1.8298  1.4697  2.7696  1.963  0.7691  3.302  1.844  2.6082  2.3278  0.5727  5.3646  1.8292  3.9143  4.7314  2.3125  0.8531  1.5118  1.1734  1.2276  1.4798  5.8586  6.3504  0.6719  0.9905  2.2735  1.945  0.872  0.5928  0.5214  1.6282  0.7961  1.6685  2.0501  2.218  1.261  2.248  1.4607  
trainID = 1148  1.5245  3.6012  1.999  3.207  2.2858  1.4701  0.2195  1.0724  0.6976  1.5317  0.294  0.69  1.4833  2.8859  0.7628  5.0657  0.7914  4.0914  1.4768  1.9411  3.2905  1.2223  0.1624  1.9337  0.325  7.9685  10.0821  2.2156  0.9165  3.7622  1.8664  2.4816  0.3193  0.9712  0.6202  0.5998  0.7385  1.4029  1.9711  1.4084  4.0642  1.6173  
trainID = 1164  5.0849  1.2378  2.8143  1.0397  3.333  1.0711  0.43  1.199  0.129  4.987  5.6967  1.325  3.4714  6.4462  7.8593  3.7415  4.7  6.9584  1.483  1.8829  0.4797  0.379  21.4783  10.1282  2.2844  1.1199  8.1824  7.8591  1.3578  2.2471  4.308  4.2675  1.3326  0.5777  1.0691  3.4535  4.4986  0.4272  3.3496  6.5253  
trainID = 1183  0.6042  3.1644  0.525  0.761  2.5741  0.7971  1.4347  0.5076  1.7531  0.9456  0.469  1.277  0.0899  2.5376  2.8064  1.5863  3.198  2.402  0.5195  0.8728  3.6899  2.5298  3.3629  0.6832  4.6923  1.1663  2.4812  0.5488  4.4521  2.5722  0.356  0.1329  2.024  0.578  0.0507  1.3685  1.7038  2.3109  1.9755  1.294  2.7547  0.5087  
trainID = 1188  2.4409  0.8746  2.7358  6.313  0.019  1.2109  1.1097  0.8773  0.8741  0.0655  3.3034  0.711  1.3373  13.7839  3.0321  6.3719  4.773  2.4829  0.4062  1.8425  3.7868  34.5652  3.9992  4.2864  2.4092  6.2213  0.1285  9.8336  0.5573  1.4512  8.6421  1.8696  1.2669  5.8706  0.1797  0.195  1.1152  2.311  2.549  2.6202  
trainID = 1194  2.3208  4.7645  1.118  2.0439  4.458  1.3201  0.9984  1.5284  0.8226  0.6848  1.024  2.06  2.0944  5.5902  3.0601  3.5996  0.9617  1.0561  3.0881  3.1862  2.2327  0.7789  0.3149  3.5857  0.4022  7.3648  8.9394  1.701  0.4761  2.098  1.9953  0.1032  0.1835  1.2248  0.9841  0.2901  1.1524  0.6738  0.3371  1.022  1.802  1.1458  
TrainID = 211  dbValue = 1.13092  nTestCell = 43  nTrainCell = 43  nDiff = 0  (X,Y) = (1615, 1995)  Position Error = 40.3113
TrainID = 1106  dbValue = 1.23455  nTestCell = 43  nTrainCell = 42  nDiff = 1  (X,Y) = (1625, 1935)  Position Error = 34.7131
TrainID = 675  dbValue = 1.25087  nTestCell = 43  nTrainCell = 42  nDiff = 1  (X,Y) = (1605, 1935)  Position Error = 23.7697
TrainID = 729  dbValue = 1.43619  nTestCell = 43  nTrainCell = 42  nDiff = 1  (X,Y) = (1595, 1925)  Position Error = 33.2415
TrainID = 129  dbValue = 1.47648  nTestCell = 43  nTrainCell = 43  nDiff = 0  (X,Y) = (1655, 1955)  Position Error = 56.0803
TrainID = 141  dbValue = 1.50022  nTestCell = 43  nTrainCell = 43  nDiff = 0  (X,Y) = (1625, 2025)  Position Error = 71.8679
TrainID = 142  dbValue = 1.5221  nTestCell = 43  nTrainCell = 43  nDiff = 0  (X,Y) = (1575, 1985)  Position Error = 36.1248
TrainID = 492  dbValue = 1.55441  nTestCell = 43  nTrainCell = 42  nDiff = 1  (X,Y) = (1615, 1975)  Position Error = 23.3452
TrainID = 1183  dbValue = 1.66814  nTestCell = 43  nTrainCell = 42  nDiff = 1  (X,Y) = (1605, 2035)  Position Error = 77.2334
TrainID = 286  dbValue = 1.68943  nTestCell = 43  nTrainCell = 43  nDiff = 0  (X,Y) = (1675, 1965)  Position Error = 76.3217
TrainID = 1049  dbValue = 1.69658  nTestCell = 43  nTrainCell = 43  nDiff = 0  (X,Y) = (1555, 1985)  Position Error = 51.6236
TrainID = 1045  dbValue = 1.7345  nTestCell = 43  nTrainCell = 43  nDiff = 0  (X,Y) = (1595, 2025)  Position Error = 67.1193
TrainID = 338  dbValue = 1.78382  nTestCell = 43  nTrainCell = 42  nDiff = 1  (X,Y) = (1705, 1965)  Position Error = 106.231
TrainID = 258  dbValue = 1.8008  nTestCell = 43  nTrainCell = 42  nDiff = 1  (X,Y) = (1565, 2035)  Position Error = 84.1724
TrainID = 554  dbValue = 1.89695  nTestCell = 43  nTrainCell = 42  nDiff = 1  (X,Y) = (1575, 2045)  Position Error = 90.2497
TrainID = 1194  dbValue = 2.01399  nTestCell = 43  nTrainCell = 42  nDiff = 1  (X,Y) = (1735, 1955)  Position Error = 136.033
TrainID = 1148  dbValue = 2.07216  nTestCell = 43  nTrainCell = 42  nDiff = 1  (X,Y) = (1735, 1915)  Position Error = 142.636
TrainID = 1086  dbValue = 2.10927  nTestCell = 43  nTrainCell = 43  nDiff = 0  (X,Y) = (1695, 1885)  Position Error = 120.603
TrainID = 389  dbValue = 2.12115  nTestCell = 43  nTrainCell = 42  nDiff = 1  (X,Y) = (1735, 1925)  Position Error = 139.946
TrainID = 970  dbValue = 2.13135  nTestCell = 43  nTrainCell = 40  nDiff = 3  (X,Y) = (1575, 1875)  Position Error = 86.4002
TrainID = 1133  dbValue = 2.17627  nTestCell = 43  nTrainCell = 42  nDiff = 1  (X,Y) = (1685, 1895)  Position Error = 106.607
TrainID = 1053  dbValue = 2.19134  nTestCell = 43  nTrainCell = 42  nDiff = 1  (X,Y) = (1725, 1935)  Position Error = 128.082
TrainID = 445  dbValue = 2.23038  nTestCell = 43  nTrainCell = 40  nDiff = 3  (X,Y) = (1675, 2085)  Position Error = 148.003
TrainID = 743  dbValue = 2.34965  nTestCell = 43  nTrainCell = 40  nDiff = 3  (X,Y) = (1685, 2075)  Position Error = 145.207
TrainID = 849  dbValue = 2.36682  nTestCell = 43  nTrainCell = 42  nDiff = 1  (X,Y) = (1625, 1845)  Position Error = 115.953
TrainID = 350  dbValue = 2.40467  nTestCell = 43  nTrainCell = 40  nDiff = 3  (X,Y) = (1685, 2095)  Position Error = 161.756
TrainID = 1048  dbValue = 2.41408  nTestCell = 43  nTrainCell = 42  nDiff = 1  (X,Y) = (1735, 1865)  Position Error = 164.757
TrainID = 988  dbValue = 2.43538  nTestCell = 43  nTrainCell = 42  nDiff = 1  (X,Y) = (1715, 1895)  Position Error = 132.004
TrainID = 175  dbValue = 2.45501  nTestCell = 43  nTrainCell = 43  nDiff = 0  (X,Y) = (1665, 1855)  Position Error = 122.332
TrainID = 960  dbValue = 2.52963  nTestCell = 43  nTrainCell = 40  nDiff = 3  (X,Y) = (1515, 2065)  Position Error = 136.033
TrainID = 553  dbValue = 2.53688  nTestCell = 43  nTrainCell = 40  nDiff = 3  (X,Y) = (1515, 2035)  Position Error = 113.952
TrainID = 921  dbValue = 2.58152  nTestCell = 43  nTrainCell = 42  nDiff = 1  (X,Y) = (1695, 1855)  Position Error = 140.801
TrainID = 865  dbValue = 2.6036  nTestCell = 43  nTrainCell = 42  nDiff = 1  (X,Y) = (1685, 1845)  Position Error = 142.004
TrainID = 1072  dbValue = 2.80076  nTestCell = 43  nTrainCell = 42  nDiff = 1  (X,Y) = (1565, 2115)  Position Error = 160.639
TrainID = 442  dbValue = 2.82945  nTestCell = 43  nTrainCell = 40  nDiff = 3  (X,Y) = (1765, 1965)  Position Error = 166.148
TrainID = 848  dbValue = 3.00426  nTestCell = 43  nTrainCell = 40  nDiff = 3  (X,Y) = (1625, 2145)  Position Error = 188.799
TrainID = 581  dbValue = 3.08238  nTestCell = 43  nTrainCell = 42  nDiff = 1  (X,Y) = (1735, 1855)  Position Error = 170.602
TrainID = 815  dbValue = 3.14843  nTestCell = 43  nTrainCell = 40  nDiff = 3  (X,Y) = (1595, 2125)  Position Error = 167.048
TrainID = 426  dbValue = 3.1624  nTestCell = 43  nTrainCell = 42  nDiff = 1  (X,Y) = (1745, 1845)  Position Error = 184.621
TrainID = 171  dbValue = 3.27587  nTestCell = 43  nTrainCell = 43  nDiff = 0  (X,Y) = (1565, 2135)  Position Error = 180.236
TrainID = 185  dbValue = 3.31708  nTestCell = 43  nTrainCell = 40  nDiff = 3  (X,Y) = (1515, 2105)  Position Error = 169.307
TrainID = 705  dbValue = 3.38802  nTestCell = 43  nTrainCell = 40  nDiff = 3  (X,Y) = (1485, 2015)  Position Error = 127.456
TrainID = 236  dbValue = 3.41645  nTestCell = 43  nTrainCell = 40  nDiff = 3  (X,Y) = (1485, 2035)  Position Error = 137.568
TrainID = 963  dbValue = 3.48537  nTestCell = 43  nTrainCell = 40  nDiff = 3  (X,Y) = (1635, 2205)  Position Error = 249.61
TrainID = 856  dbValue = 3.59068  nTestCell = 43  nTrainCell = 40  nDiff = 3  (X,Y) = (1605, 1815)  Position Error = 143.126
TrainID = 580  dbValue = 3.63732  nTestCell = 43  nTrainCell = 40  nDiff = 3  (X,Y) = (1755, 1865)  Position Error = 181.618
TrainID = 311  dbValue = 3.66181  nTestCell = 43  nTrainCell = 40  nDiff = 3  (X,Y) = (1765, 1895)  Position Error = 177.553
TrainID = 841  dbValue = 3.68871  nTestCell = 43  nTrainCell = 40  nDiff = 3  (X,Y) = (1785, 1875)  Position Error = 203.679
TrainID = 1188  dbValue = 3.71058  nTestCell = 43  nTrainCell = 40  nDiff = 3  (X,Y) = (1445, 2045)  Position Error = 176.876
TrainID = 697  dbValue = 3.72314  nTestCell = 43  nTrainCell = 40  nDiff = 3  (X,Y) = (1445, 2065)  Position Error = 187.523
TrainID = 1164  dbValue = 3.75538  nTestCell = 43  nTrainCell = 40  nDiff = 3  (X,Y) = (1555, 2175)  Position Error = 221.416
TrainID = 456  dbValue = 3.75562  nTestCell = 43  nTrainCell = 40  nDiff = 3  (X,Y) = (1495, 2075)  Position Error = 156.541
TrainID = 634  dbValue = 3.76941  nTestCell = 43  nTrainCell = 40  nDiff = 3  (X,Y) = (1615, 1815)  Position Error = 143.892
TrainID = 198  dbValue = 3.77475  nTestCell = 43  nTrainCell = 40  nDiff = 3  (X,Y) = (1615, 2175)  Position Error = 217.589
TrainID = 1104  dbValue = 3.90172  nTestCell = 43  nTrainCell = 40  nDiff = 3  (X,Y) = (1595, 2175)  Position Error = 217.037
TrainID = 367  dbValue = 3.96863  nTestCell = 43  nTrainCell = 40  nDiff = 3  (X,Y) = (1615, 2225)  Position Error = 267.479
TrainID = 666  dbValue = 3.99099  nTestCell = 43  nTrainCell = 42  nDiff = 1  (X,Y) = (1745, 1785)  Position Error = 226.374
TrainID = 428  dbValue = 3.99333  nTestCell = 43  nTrainCell = 40  nDiff = 3  (X,Y) = (1545, 2185)  Position Error = 233.335
TrainID = 222  dbValue = 4.0421  nTestCell = 43  nTrainCell = 40  nDiff = 3  (X,Y) = (1625, 2205)  Position Error = 248.365
TrainID = 457  dbValue = 4.04691  nTestCell = 43  nTrainCell = 40  nDiff = 3  (X,Y) = (1535, 2185)  Position Error = 235.85
TrainID = 1063  dbValue = 4.22993  nTestCell = 43  nTrainCell = 40  nDiff = 3  (X,Y) = (1625, 1765)  Position Error = 194.743
TrainID = 546  dbValue = 4.29584  nTestCell = 43  nTrainCell = 40  nDiff = 3  (X,Y) = (1485, 2105)  Position Error = 186.024
TrainID = 597  dbValue = 4.3288  nTestCell = 43  nTrainCell = 40  nDiff = 3  (X,Y) = (1625, 1745)  Position Error = 214.581
TrainID = 586  dbValue = 4.33331  nTestCell = 43  nTrainCell = 40  nDiff = 3  (X,Y) = (1815, 1855)  Position Error = 239.301
TrainID = 550  dbValue = 4.34275  nTestCell = 43  nTrainCell = 40  nDiff = 3  (X,Y) = (1425, 2095)  Position Error = 221.461
TrainID = 166  dbValue = 4.41586  nTestCell = 43  nTrainCell = 40  nDiff = 3  (X,Y) = (1625, 2225)  Position Error = 268.263
TrainID = 278  dbValue = 4.41779  nTestCell = 43  nTrainCell = 40  nDiff = 3  (X,Y) = (1805, 1875)  Position Error = 222.092
TrainID = 180  dbValue = 4.57733  nTestCell = 43  nTrainCell = 40  nDiff = 3  (X,Y) = (1535, 2175)  Position Error = 226.241
TrainID = 300  dbValue = 4.57745  nTestCell = 43  nTrainCell = 40  nDiff = 3  (X,Y) = (1615, 1755)  Position Error = 203.63
TrainID = 924  dbValue = 4.58303  nTestCell = 43  nTrainCell = 40  nDiff = 3  (X,Y) = (1675, 1785)  Position Error = 188.958
TrainID = 377  dbValue = 4.83702  nTestCell = 43  nTrainCell = 40  nDiff = 3  (X,Y) = (1415, 2105)  Position Error = 235.51
TrainID = 399  dbValue = 4.8784  nTestCell = 43  nTrainCell = 41  nDiff = 2  (X,Y) = (1845, 1825)  Position Error = 279.652
TrainID = 1018  dbValue = 5.04664  nTestCell = 43  nTrainCell = 40  nDiff = 3  (X,Y) = (1695, 1755)  Position Error = 224.555
TrainID = 774  dbValue = 5.05052  nTestCell = 43  nTrainCell = 40  nDiff = 3  (X,Y) = (1685, 1735)  Position Error = 239.008
TrainID = 1117  dbValue = 5.09341  nTestCell = 43  nTrainCell = 40  nDiff = 3  (X,Y) = (1795, 1785)  Position Error = 261.429
TrainID = 369  dbValue = 5.21637  nTestCell = 43  nTrainCell = 40  nDiff = 3  (X,Y) = (1715, 1745)  Position Error = 242.539
TrainID = 320  dbValue = 5.36544  nTestCell = 43  nTrainCell = 40  nDiff = 3  (X,Y) = (1715, 1735)  Position Error = 251.366
TrainID = 823  dbValue = 5.50145  nTestCell = 43  nTrainCell = 40  nDiff = 3  (X,Y) = (1715, 1725)  Position Error = 260.279
TrainID = 579  dbValue = 5.51398  nTestCell = 43  nTrainCell = 40  nDiff = 3  (X,Y) = (1695, 1725)  Position Error = 252.002
TrainID = 977  dbValue = 5.51696  nTestCell = 43  nTrainCell = 40  nDiff = 3  (X,Y) = (1835, 1795)  Position Error = 286.819
