trainID = 139  0.0116  2.4016  1.66  4.719  1.1447  2.0432  1.82  0.591  1.3803  1.5721  1.8453  1.3045  2.209  7.545  2.0315  1.4891  0.2799  1.2684  0.375  0.0922  3.4474  0.65  1.6028  0.307  1.3193  3.449  3.9572  9.3003  10.7379  11.7929  1.8679  3.1091  4.5378  0.3554  0.903  2.5567  1.3539  2.6471  0.4585  0.9275  2.5841  0.8479  32.5276  0.271  3.946  1.562  
trainID = 171  1.357  0.338  1.088  2.62  0.8217  1.4546  0.31  2.1983  2.2833  0.7511  0.481  1.517  0.3538  2.741  0.1964  1.7774  0.9527  0.2811  2.76  3.9649  0.285  35.5192  1.2458  0.1959  0.3607  15.7285  0.5446  20.5945  1.4212  2.328  3.1544  0.9486  0.924  1.5011  1.6989  1.9074  2.5146  3.0539  0.8501  0.3  0.245  1.287  2.9165  3.9649  1.634  0.1594  1.044  
trainID = 185  0.6601  3.4734  0.614  1.6489  0.9517  0.433  4.8515  2.739  3.9353  0.1087  0.594  1.2271  1.9272  1.309  1.4448  0.7253  3.1665  0.7091  1.194  0.8148  1.9591  33.2562  1.4871  1.1462  1.3376  1.2829  3.6818  5.9886  1.3315  0.8047  3.7813  0.9888  0.167  0.9391  2.3589  2.8397  2.2434  2.15  2.5077  0.0623  0.783  1.231  0.6974  1.275  1.8569  0.2168  
trainID = 377  0.1356  5.1599  1.448  0.213  2.7502  0.353  1.431  0.5669  1.7653  1.6219  1.106  2.264  0.8427  2.9326  2.0264  0.9497  2.9774  0.9072  0.254  2.6018  2.8672  0.5648  2.8318  3.8871  0.3786  3.3354  2.1032  8.7098  9.5034  7.7701  0.3127  1.9958  1.3303  0.5554  0.187  3.2351  1.9355  1.7773  1.3169  2.4689  1.404  0.0681  1.278  1.386  1.0296  1.328  0.165  4.2379  
trainID = 438  2.0849  4.779  0.382  2.9904  3.8725  2.578  34.8637  0.2462  5.5191  3.592  4.0327  5.4486  0.9356  1.053  1.7181  0.7093  2.153  3.7504  1.6192  1.871  2.6018  2.282  1.5541  3.2771  0.8039  8.3321  1.3266  14.5749  1.8707  0.6131  2.1757  0.6661  1.198  3.2107  3.417  1.3837  0.6444  0.5133  1.247  1.5015  2.399  3.722  1.8133  3.4544  2.0441  0.3603  
trainID = 456  2.739  1.2753  0.895  1.4992  0.0675  3.4037  0.349  0.8905  2.7893  0.297  1.2472  0.018  1.908  3.2542  1.1013  3.9599  2.2349  2.1836  1.9648  2.1898  4.1902  0.6821  5.0488  0.759  2.6954  0.6087  0.606  5.2791  2.7228  8.4154  0.4717  1.4591  4.0405  2.2414  3.682  0.025  3.3462  1.9194  0.3605  3.003  0.5918  1.2039  1.464  2.823  1.862  2.244  1.492  1.303  1.572  
trainID = 546  1.1098  1.7334  0.067  2.8909  0.6647  1.0949  0.634  1.0824  1.3283  0.4372  0.068  2.0466  0.8803  1.4202  1.6244  0.1625  0.0278  0.0524  0.01  0.2439  0.8652  1.1645  3.7428  2.35  0.2095  0.4846  1.6449  2.7026  3.2339  4.448  0.5951  1.6131  1.0241  0.369  0.011  0.934  2.0098  0.4312  1.5433  0.0768  0.6444  1.3362  2.505  0.758  1.2748  1.168  0.036  0.328  
trainID = 550  0.6902  4.32  2.607  1.913  1.0609  0.9404  1.227  0.4061  2.3333  0.6019  1.815  1.2211  1.6784  2.7414  3.0956  0.1529  0.1039  1.8205  0.016  2.0281  4.2046  0.8879  2.7418  1.69  1.0311  0.5769  2.3522  7.2238  6.7065  8.3737  0.3342  1.1513  1.9862  0.8637  1.3701  0.2803  3.5315  6.0117  0.1706  3.4776  1.0607  1.6276  1.255  1.891  0.2099  0.594  0.869  0.883  0.627  
trainID = 697  2.1155  3.3824  0.28  0.63  0.5944  0.306  1.908  0.4257  0.8403  0.5373  0.354  0.593  1.6517  2.7023  0.8319  2.0735  0.4078  3.1706  0.082  3.5404  2.924  0.8581  3.5938  0.92  0.4227  1.4898  1.0403  8.5669  6.3271  8.9855  1.2913  2.5074  3.7866  1.541  1.1951  2.3983  0.8924  3.5496  0.8607  1.202  0.9077  0.8472  0.133  1.628  0.7534  0.316  0.038  2.1061  
trainID = 770  2.1415  3.471  1.482  0.702  1.0299  2.8754  1.0528  4.2773  1.1371  5.2312  2.6661  0.2978  1.7286  4.2781  2.8146  0.3053  1.2317  0.642  1.3125  3.0738  0.991  1.2661  2.1737  0.6716  7.9506  8.7571  20.4681  2.4899  2.3932  4.2272  4.1027  2.5895  1.5171  0.7406  0.6121  5.4289  3.3952  1.193  0.7238  2.894  4.1329  0.1227  2.485  1.9839  3.7111  1.997  
trainID = 960  2.909  1.2865  2.4237  1.5211  2.0426  4.8487  2.42  2.2743  1.1783  0.3141  1.5447  0.8694  3.2428  0.2639  0.0801  2.3885  0.3623  2.4231  0.561  2.1518  4.0458  34.0572  3.0541  1.9831  1.3266  6.2261  6.0109  9.6307  1.9214  0.0917  3.9549  1.2846  1.008  0.7394  1.9827  3.6924  3.0649  0.3213  1.1462  1.5306  1.829  0.428  2.5248  1.426  0.121  0.5416  
trainID = 1072  0.6549  0.0939  1.837  3.5971  2.5133  0.772  3.241  1.5184  1.5453  1.1368  0.842  0.328  1.3126  5.1841  0.9132  0.9902  0.9224  0.9681  0.109  2.2771  0.7244  3.7746  3.4424  3.5249  10.0305  3.8153  16.0448  1.7344  0.1724  4.1327  1.7666  0.757  2.4411  3.0093  0.706  2.4969  4.8933  0.8574  1.1312  0.278  1.927  3.0943  4.9128  1.714  1.0872  0.847  
trainID = 1077  0.8127  3.1192  2.058  1.6872  1.4421  0.129  2.2832  2.5696  1.1872  4.2624  2.5032  0.6136  0.0615  2.0566  0.8106  2.359  1.3874  0.6594  0.3206  3.0698  2.653  1.2667  1.4763  2.7007  5.8704  10.3896  19.3517  0.0147  3.066  1.7737  1.4533  3.6846  0.1708  1.4232  0.4053  3.7918  2.5288  0.6363  0.8556  0.8114  0.77  0.1654  2.7563  2.4369  3.4147  0.036  
trainID = 1184  2.8396  1.6757  3.1739  1.6066  1.6382  1.9285  3.4852  0.8312  3.6723  0.8824  3.3799  1.0244  0.8854  2.652  2.7058  0.7207  1.8848  1.4084  1.866  2.6665  3.1616  0.5933  4.1978  2.24  1.7988  1.6163  3.1502  10.2519  8.3661  11.7553  2.1  1.9975  0.9473  0.4801  0.438  2.3067  1.9711  2.2807  0.0625  1.7121  0.0586  0.6342  0.191  2.7053  2.8718  1.72  
trainID = 1188  2.1922  0.9856  3.7108  0.597  1.4198  2.4502  2.639  2.4214  0.2613  0.7107  3.6974  0.729  2.2543  5.1763  4.0059  0.3921  1.2008  3.9877  1.6127  1.5964  4.1554  0.821  3.0248  1.163  0.7139  1.6031  0.9227  8.8864  10.605  11.5076  1.225  3.497  1.0343  3.2711  1.2716  3.3571  3.014  2.8943  0.8364  1.1628  1.7811  2.4126  1.924  2.232  1.4496  1.531  0.821  1.4028  
trainID = 1193  0.4444  2.7911  0.241  1.3742  1.4445  1.352  33.7027  1.6246  0.098  0.814  3.2074  5.3758  0.2737  0.0916  3.9398  0.4238  0.861  0.8965  1.5106  0.1711  2.8828  1.84  1.4714  0.6432  1.355  4.1304  7.1129  12.6842  2.4111  3.3357  0.6598  2.3013  1.9997  0.6371  0.035  0.3248  1.7892  2.4018  3.6872  0.2566  0.909  2.6776  0.1068  2.023  1.569  1.7433  0.493  
TrainID = 546  dbValue = 1.14755  nTestCell = 49  nTrainCell = 48  nDiff = 1  (X,Y) = (1485, 2105)  Position Error = 34.2053
TrainID = 697  dbValue = 1.8231  nTestCell = 49  nTrainCell = 48  nDiff = 1  (X,Y) = (1445, 2065)  Position Error = 69.6419
TrainID = 550  dbValue = 1.93379  nTestCell = 49  nTrainCell = 49  nDiff = 0  (X,Y) = (1425, 2095)  Position Error = 53.7587
TrainID = 456  dbValue = 2.04856  nTestCell = 49  nTrainCell = 49  nDiff = 0  (X,Y) = (1495, 2075)  Position Error = 64.8845
TrainID = 377  dbValue = 2.08895  nTestCell = 49  nTrainCell = 48  nDiff = 1  (X,Y) = (1415, 2105)  Position Error = 55.9464
TrainID = 1077  dbValue = 2.33251  nTestCell = 49  nTrainCell = 46  nDiff = 3  (X,Y) = (1415, 2195)  Position Error = 79.8123
TrainID = 185  dbValue = 2.36742  nTestCell = 49  nTrainCell = 46  nDiff = 3  (X,Y) = (1515, 2105)  Position Error = 57.7062
TrainID = 1072  dbValue = 2.39287  nTestCell = 49  nTrainCell = 46  nDiff = 3  (X,Y) = (1565, 2115)  Position Error = 102.421
TrainID = 1184  dbValue = 2.40295  nTestCell = 49  nTrainCell = 46  nDiff = 3  (X,Y) = (1415, 2065)  Position Error = 83.006
TrainID = 1188  dbValue = 2.51169  nTestCell = 49  nTrainCell = 48  nDiff = 1  (X,Y) = (1445, 2045)  Position Error = 89.0505
TrainID = 1193  dbValue = 2.59827  nTestCell = 49  nTrainCell = 47  nDiff = 2  (X,Y) = (1425, 2165)  Position Error = 51.0882
TrainID = 960  dbValue = 2.80541  nTestCell = 49  nTrainCell = 46  nDiff = 3  (X,Y) = (1515, 2065)  Position Error = 84.2021
TrainID = 770  dbValue = 2.8428  nTestCell = 49  nTrainCell = 46  nDiff = 3  (X,Y) = (1395, 2195)  Position Error = 93.4345
TrainID = 171  dbValue = 2.86329  nTestCell = 49  nTrainCell = 47  nDiff = 2  (X,Y) = (1565, 2135)  Position Error = 101.045
TrainID = 139  dbValue = 3.10441  nTestCell = 49  nTrainCell = 46  nDiff = 3  (X,Y) = (1405, 2045)  Position Error = 105.119
TrainID = 438  dbValue = 3.28664  nTestCell = 49  nTrainCell = 46  nDiff = 3  (X,Y) = (1375, 2145)  Position Error = 89.9444
