trainID = 309  1.6918  1.5673  1.029  0.6083  3.3155  1.104  2.1049  0.948  0.185  2.903  3.7253  0.5332  3.8915  1.6029  0.7504  0.8431  3.8224  0.2382  0.756  2.4568  0.5332  3.3349  10.4926  8.4764  11.3865  2.7062  0.9907  4.5297  1.435  1.7267  2.087  2.6839  2.536  0.319  1.7658  0.61  1.5613  3.3438  5.1463  2.0187  0.468  0.827  4.4861  2.7476  0.39  2.3402  0.288  0.751  1.4527  
trainID = 502  1.927  0.9286  3.968  36.492  4.5761  2.878  1.106  1.1536  1.3108  4.723  2.6121  0.13  0.2902  1.4968  2.3429  0.3282  0.445  0.0647  3.7975  0.5961  22.2152  4.6845  12.2831  0.0541  6.8895  9.7351  0.756  0.9508  0.5677  0.9036  1.3963  0.848  3.228  0.0271  1.5431  6.643  1.1515  2.1398  2.428  3.8504  2.1736  2.2437  0.5283  1.7702  1.735  2.1277  2.5938  
trainID = 505  0.6643  2.5403  0.467  0.453  1.1531  2.1643  0.9933  0.587  2.354  0.4263  0.6978  0.9506  0.2604  0.6668  3.0765  2.9278  0.3348  0.5252  1.688  1.4358  3.2516  0.1  1.9314  4.9991  2.2834  0.4442  1.2234  0.487  0.378  1.3427  0.96  0.9635  3.262  1.026  0.0059  0.7326  4.4272  5.3681  2.8739  0.5039  0.184  1.389  3.4308  0.4828  1.084  1.3898  1.1048  
trainID = 562  1.7623  1.6769  0.531  35.505  1.5951  2.0812  0.595  4.037  1.08  1.1534  1.665  0.1625  0.13  3.3918  0.4096  1.5042  0.538  2.3779  3.8917  1.4729  11.5379  7.4329  8.408  0.2376  4.8311  4.4389  1.055  2.4484  1.6164  0.5004  0.064  0.176  1.7405  3.2742  0.014  5.628  0.8042  1.1172  0.188  1.454  0.2353  1.6505  1.141  0.539  0.348  2.1019  3.6563  
trainID = 644  4.6233  1.337  1.473  0.984  2.249  2.1834  36.325  1.3496  6.3309  2.9475  1.1163  1.879  0.903  0.4686  2.7505  1.6362  0.706  2.9057  2.9154  9.413  9.4079  14.5151  0.9287  6.4969  2.4691  1.711  2.406  0.4102  0.4877  1.402  1.204  1.9586  0.2888  0.7232  4.8918  1.4387  2.4886  0.5988  4.3743  2.5636  4.0411  0.276  2.9772  0.445  0.094  0.2204  
trainID = 870  2.8939  2.2879  2.342  0.078  1.0523  0.438  1.8698  0.969  2.486  2.8101  2.8633  1.757  0.6605  2.467  0.2283  1.4672  0.7016  0.272  0.4217  2.2171  0.1045  8.2765  5.2463  8.6537  2.3708  2.863  2.5019  1.767  0.5798  0.0654  3.5809  0.909  0.871  0.7562  0.3785  0.1739  3.1137  2.8291  1.3621  3.4379  4.148  2.8932  0.1435  0.315  2.5212  0.212  2.403  0.4621  
trainID = 890  4.2564  1.9282  0.084  1.089  0.4189  0.073  35.458  0.7677  5.6948  4.2625  0.2008  1.3372  1.7146  2.7308  1.5474  0.9235  1.049  2.052  2.4848  4.5902  12.8809  9.9321  13.4721  3.2287  9.5861  5.0772  4.615  2.2659  0.3216  2.0659  1.003  1.143  2.4824  2.839  5.9104  6.7675  2.6314  2.3425  1.8176  3.3926  3.1523  5.1379  1.5715  2.1238  1.738  3.2001  0.8433  
trainID = 931  2.3156  0.6974  2.682  0.039  0.556  2.847  2.1834  1.165  2.444  0.1261  2.9399  1.1167  1.2333  3.0725  0.4295  2.6298  2.8199  0.2922  0.6742  2.4763  4.4063  9.2137  6.7184  12.0886  0.6027  6.2794  1.952  0.513  3.2472  1.6564  2.7909  1.78  0.373  1.5313  1.6742  0.2661  7.8414  0.2258  0.4197  2.4825  2.1511  4.3413  3.3163  0.274  1.2427  0.793  1.921  1.7437  
trainID = 937  0.998  1.7107  0.114  34.672  2.5033  2.7671  0.634  2.6658  0.7969  1.2402  2.6215  1.6939  3.0298  2.5878  0.1562  2.5682  1.48  0.0409  4.8452  0.111  24.3254  16.0872  7.4857  0.7647  3.7688  4.8745  0.47  0.6795  3.2557  0.1285  3.0174  0.005  1.0727  2.5642  2.1838  2.8109  0.9187  1.0348  0.9166  2.5158  1.5054  0.5966  1.323  1.7596  0.473  0.432  0.8263  
trainID = 976  1.1475  0.6851  1.8978  34.442  2.7585  2.6847  1.536  2.2098  0.1  2.2707  0.3235  0.4118  0.7101  4.1528  0.603  0.2906  3.0872  3.3535  1.0522  13.8412  9.2057  6.5333  1.6041  4.6615  3.3523  0.008  1.8214  0.0687  1.6245  1.3224  2.1181  1.3043  1.53  1.7525  4.3928  1.3135  1.5694  0.056  4.2024  1.6065  0.2307  1.044  1.5314  1.103  2.2644  1.8953  
trainID = 981  0.2118  0.2888  0.327  35.033  2.7831  0.563  0.33  2.0126  0.7254  3.1057  1.1735  0.8298  0.7533  4.1508  1.2518  0.0644  0.005  3.0061  2.3314  2.5595  17.703  6.8606  7.9912  2.6451  4.4546  4.9237  0.148  1.0376  0.1044  0.8142  1.227  0.992  3.2382  3.8754  3.1461  6.493  2.7159  0.1941  0.9297  4.691  0.1368  1.5949  0.399  1.0956  0.601  1.188  0.7433  
trainID = 992  2.2888  0.5157  0.062  2.591  1.8001  1.9994  0.8963  0.178  0.01  1.106  2.9705  0.2108  0.7159  1.1632  0.3807  1.8088  1.0744  0.5484  2.4044  2.8919  1.6694  7.4401  2.7141  4.4537  0.2345  0.7402  1.2426  1.732  1.5394  0.2681  6.3033  0.718  0.593  1.4933  2.1253  1.173  2.9135  1.042  1.6698  1.861  1.14  0.1718  1.107  2.81  0.2555  0.144  0.192  0.1379  
trainID = 1073  1.98  1.1141  1.984  3.9593  1.33  0.464  0.5114  0.2286  3.3602  2.6424  0.844  1.2371  2.4678  1.6995  1.0112  1.217  2.8532  1.9824  2.6111  16.3256  2.3111  9.9346  1.5666  5.1805  4.8909  0.378  2.3273  0.5854  2.1221  3.015  1.7439  5.1639  3.4706  0.7379  6.9222  2.2755  2.1275  2.3952  6.0449  0.0616  2.908  3.8429  1.8343  0.044  1.908  0.2313  
trainID = 1189  2.4508  0.0245  2.2715  1.859  1.41  0.831  1.0378  2.5812  0.875  4.8095  1.1371  0.8798  2.7061  1.7493  3.1633  0.5216  2.0224  1.1062  1.188  0.8784  5.2753  0.0184  10.6197  3.1482  2.4226  3.3608  0.009  1.4389  0.961  1.7719  0.1647  3.9271  2.055  0.881  2.5258  0.4277  0.2785  2.6401  1.6227  2.7559  1.285  2.0719  0.968  0.4771  0.087  3.5894  34.3626  
trainID = 1240  3.5756  1.0722  0.497  1.503  1.6322  1.1823  2.2777  0.929  1.3865  2.2597  3.1141  1.7036  2.1949  1.0989  3.3899  1.0206  1.2471  0.6554  0.327  1.4675  3.0083  1.168  11.396  5.3282  6.5641  0.469  0.5489  1.7158  2.6656  2.4849  3.2218  2.1978  2.103  0.178  1.8385  3.0165  1.5179  2.6479  1.4748  0.6405  1.9687  3.125  0.0888  1.3082  2.609  3.7126  35.7106  
trainID = 1250  1.6111  0.0155  0.247  35.897  2.6186  2.7181  2.041  2.1956  0.6366  2.7592  1.165  1.3149  0.0029  4.1998  2.8587  1.1502  0.856  1.3343  2.1223  0.3554  18.3516  6.1253  11.2453  1.109  5.5023  3.2339  0.636  0.5815  0.4483  1.293  0.738  0.307  2.8701  3.9909  0.9414  4.7009  0.8532  2.9911  0.326  4.9096  1.3807  0.3135  0.184  0.9952  1.036  0.228  0.8722  
trainID = 1273  1.7298  2.191  0.658  34.084  3.6177  1.373  2.26  0.1329  0.2008  1.982  0.462  1.4712  1.3421  1.3194  1.8951  0.0391  0.228  0.5118  1.5105  2.1012  10.0293  2.2605  10.8593  0.0666  2.4996  2.2967  0.92  2.1565  0.5342  0.7169  0.658  1.104  0.8594  3.0392  0.0791  5.3535  0.6764  1.95  0.677  4.1761  1.2347  0.9608  0.389  2.3354  0.198  1.708  0.5489  
trainID = 1293  3.2889  0.0194  0.55  0.628  1.6192  1.9095  0.4733  0.675  0.141  1.3526  1.0828  0.8386  1.8803  2.7103  2.128  0.5116  1.5523  1.2146  1.531  0.3336  1.9576  1.6865  10.7098  6.0975  9.7746  2.6299  0.3376  1.8646  0.793  0.4712  0.5955  0.01  0.824  2.09  1.1525  0.6165  2.087  1.0363  2.2407  2.047  0.034  1.59  2.7872  3.2024  0.8928  2.1925  0.224  1.395  4.2357  
trainID = 1317  3.987  0.7611  0.485  1.828  3.2637  0.289  0.7985  0.147  0.147  4.4699  5.2256  0.6171  2.2034  2.9068  2.8199  1.1865  1.5389  3.3576  0.5492  0.409  3.0189  11.9508  5.6609  13.825  5.2964  3.4008  1.3674  2.4346  0.1944  2.9367  4.2129  1.828  3.042  1.718  0.4731  0.9275  4.0164  2.7362  3.1724  1.244  2.3675  3.619  2.1458  3.2841  2.6738  2.221  0.209  1.0632  
trainID = 1426  4.0114  1.5212  0.118  1.053  1.863  1.825  5.7582  2.7397  0.919  0.7144  2.1787  0.3414  0.3817  2.2556  0.4489  0.8117  0.6233  0.2927  0.7289  0.8541  0.8181  7.6679  2.9594  8.6857  1.4177  2.5699  0.2887  1.129  0.813  3.1029  1.1365  0.405  1.452  0.2101  0.5551  0.0762  3.242  3.8282  2.2375  1.0752  2.77  2.3913  0.0217  0.726  1.3766  0.424  0.326  0.5196  
trainID = 1431  0.7521  0.1371  1.471  34.327  1.5742  1.409  2.221  2.3041  4.3334  2.9659  1.8598  3.4836  1.5079  1.0282  2.1345  0.7232  1.004  2.9165  1.7634  1.5581  16.7525  2.5018  13.8751  1.0064  6.4662  6.0905  3.9514  2.9343  0.967  2.383  0.016  1.841  4.2351  3.3326  0.6684  5.1373  2.2981  2.4264  3.1349  4.2592  2.6121  1.9592  1.5995  1.4028  3.3196  2.7627  1.4103  
trainID = 1474  1.9969  0.3738  2.1387  3.246  0.1663  3.329  1.9009  0.264  1.856  5.0185  4.0662  0.5711  3.7861  0.7089  2.7703  0.4764  2.6853  0.4349  1.0222  1.3518  1.3536  14.5408  7.4757  6.9326  2.6119  0.0847  3.0096  0.24  1.0786  0.0251  4.0754  2.85  0.283  2.7973  0.5032  0.5309  2.9718  2.0332  3.7024  0.243  0.625  2.2692  1.263  1.109  1.9833  34.8976  
trainID = 1575  3.3903  1.1532  2.3328  0.301  1.7207  1.396  0.9788  0.079  0.354  3.4085  3.7436  2.0597  0.8989  2.8459  4.5546  2.1798  3.542  0.1858  1.84  2.1084  0.3783  2.3992  11.2895  8.2943  14.4756  1.7385  2.7906  1.7466  1.991  0.9649  2.2056  37.6931  0.1911  0.2378  2.0121  4.0947  0.8719  0.3105  1.0266  0.568  2.5315  4.3668  0.3755  2.5341  0.24  0.984  0.1676  
trainID = 1669  2.8442  0.4022  0.042  3.049  0.6668  0.802  0.2515  1.128  0.541  0.6323  4.0681  3.8618  3.379  1.7473  0.2671  2.7538  1.1489  0.3402  0.07  0.5327  2.1303  0.1832  11.8118  7.7672  14.6566  3.595  2.8886  1.1555  1.22  1.8377  1.835  2.7589  3.599  2.345  1.937  1.6488  4.3805  4.6916  0.9934  1.5475  2.2254  3.2264  1.5179  5.4863  0.498  3.7918  1.492  1.331  0.4174  
trainID = 1705  0.303  2.2803  2.458  35.939  1.3977  0.908  0.125  0.3267  0.8711  2.012  2.5177  1.1542  1.0085  1.2925  2.1655  1.6472  2.1744  1.5717  1.7184  13.517  0.9499  11.7579  0.4064  6.9893  3.544  1.694  1.3737  1.1537  1.5102  2.1759  1.4762  2.3389  2.753  2.1398  4.6171  1.1019  0.6818  2.6083  4.9618  3.7086  2.5212  0.296  0.3017  0.506  1.096  0.5953  
trainID = 2005  3.6041  0.8162  2.1886  0.6301  0.3064  2.2592  0.5888  0.389  0.965  5.8981  3.2711  1.0692  3.9631  0.7595  2.3531  0.5526  0.4652  3.124  0.508  1.0602  1.3321  1.0294  17.5887  6.9531  4.5675  0.7896  2.7953  1.7265  2.5821  3.2745  3.2896  4.7076  1.553  1.039  1.9667  0.0783  0.5933  2.7742  4.0124  5.9959  0.093  5.5953  1.8576  2.2325  0.11  4.2374  37.4636  
trainID = 2109  1.2185  0.8087  0.266  1.253  0.7305  1.848  0.9337  0.681  0.522  2.3661  0.8067  1.3588  3.1882  2.9901  2.3274  0.4665  1.4473  2.1055  0.769  0.3368  1.403  13.9406  2.9531  1.972  1.6916  2.2864  1.4647  2.8611  2.3804  2.3471  4.4722  2.103  0.266  1.8547  0.4955  0.5962  5.0504  2.9435  2.0935  0.147  0.992  0.3672  0.2857  1.82  2.4613  35.2046  
trainID = 2389  3.1868  1.2299  0.311  1.896  1.0029  0.408  2.047  1.082  1.507  0.5025  2.4952  2.8917  0.4142  1.0439  1.0027  0.7325  1.1545  0.9662  1.7901  0.4862  1.8511  8.9056  6.3575  11.169  2.8664  4.19  1.5953  0.076  1.6479  1.3847  3.1558  1.223  0.935  3.4171  4.4626  2.8467  5.3566  0.0808  0.3987  3.6984  2.3014  3.0767  3.0373  1.9219  0.0805  1.9555  0.514  1.9053  
trainID = 2405  2.5584  0.2253  2.128  0.716  2.2783  2.646  2.761  0.254  1.627  1.1199  3.5285  0.0593  0.6608  0.4962  1.2225  0.9483  2.4082  0.165  0.3386  0.4608  0.1392  9.4346  7.3221  11.3212  3.247  3.5824  1.8055  1.52  0.4698  1.5633  3.4966  0.982  0.894  1.3121  1.8909  0.1413  2.786  1.0289  1.8898  0.9347  2.8509  0.4486  2.4695  1.511  3.3212  1.6533  0.182  0.3763  
trainID = 2575  2.2996  0.6132  0.008  35.198  4.1112  0.189  1.811  1.4083  2.9271  1.4311  1.5169  0.3987  0.4865  0.1545  1.7437  0.128  0.382  3.5095  0.6758  1.5563  9.9302  3.093  10.003  1.3618  4.805  3.2157  0.141  3.3357  0.0271  4.297  0.855  1.3471  0.8248  2.4553  1.8095  5.2562  1.6409  1.8456  2.853  2.7922  0.674  1.8493  0.373  0.3624  0.479  2.758  1.7614  
trainID = 2607  2.0569  2.0973  1.483  36.224  6.1381  4.0611  0.102  4.0003  0.7464  1.0585  2.7733  0.42  0.5675  1.6169  3.0478  0.6692  0.309  2.5193  2.0441  0.7708  16.8366  3.552  11.4784  0.4825  4.8314  5.1547  0.892  0.9028  0.3174  3.8843  0.932  1.7611  4.3149  5.1907  0.1048  6.7569  1.4669  0.5002  1.0005  3.691  0.5709  2.4116  0.057  2.4479  1.9115  0.939  0.9817  
trainID = 2622  1.8076  0.1681  0.684  35.682  1.7152  2.9974  1.679  0.4797  3.3195  1.8484  0.2258  2.7279  0.8841  2.0038  1.2928  0.5872  0.864  0.0856  2.7976  0.1608  12.4751  0.3361  10.7296  0.7042  6.8109  4.7999  0.08  0.163  1.9573  1.6583  1.587  0.492  2.8989  5.4804  0.3818  5.6415  1.0115  0.1448  1.1067  2.88  0.5109  3.2576  0.814  1.3993  1.447  2.3108  0.5686  
trainID = 2762  0.971  0.7417  2.1559  34.784  1.6709  1.307  1.2647  2.6023  2.4718  2.5022  0.1424  2.4407  0.0483  2.2398  1.5326  2.3552  0.9641  1.6839  0.5748  15.9372  3.195  9.8024  1.8734  4.8803  5.498  3.0346  0.2659  0.6547  1.7886  0.385  0.542  3.1734  4.7081  0.0296  6.7839  1.0154  3.7042  1.0145  4.5339  0.7036  2.7613  0.5192  0.2156  0.947  0.62  0.197  
trainID = 2884  2.2994  0.384  0.537  34.291  2.2644  0.546  1.297  0.2925  2.5726  0.8085  0.3722  0.8597  0.162  1.7388  2.7487  0.5872  0.5345  2.1868  1.5442  11.8196  2.0872  9.6568  1.6276  5.5594  5.7012  0.503  0.3948  0.9945  0.5423  0.474  1.757  0.8829  1.5087  2.5949  7.5337  1.5119  1.6986  1.9728  5.3875  1.0766  1.9899  1.9392  3.102  0.648  0.808  0.5045  
trainID = 2885  4.0762  2.3158  0.65  0.126  0.0526  0.294  2.0677  0.58  1.102  4.971  3.529  0.7347  2.0242  4.8986  3.7975  0.0094  3.0596  3.3121  0.382  1.0223  2.1634  3.1869  15.5597  6.4893  5.8774  1.7394  2.1245  3.0621  1.915  0.2794  3.0551  2.4874  0.613  0.124  4.4393  0.0091  0.03  2.1318  1.8968  1.8085  0.31  1.611  0.9677  1.1901  1.357  3.9894  36.4406  
trainID = 2897  5.8906  0.5152  0.8013  0.218  1.3512  0.195  2.0147  0.92  0.679  2.4841  5.4206  3.4279  3.528  2.1689  0.663  0.4454  3.8645  1.0735  0.679  1.3741  2.0548  1.8007  14.3666  8.8065  15.6169  3.3078  2.5772  3.2374  0.242  1.0449  2.0263  37.2631  0.4218  0.1937  0.3423  0.4242  2.827  1.6511  0.842  0.641  2.2413  1.2373  1.302  4.324  1.21  0.265  0.4413  
trainID = 2976  3.2062  0.9165  1.777  1.017  0.2398  1.23  2.6305  0.369  1.018  4.064  2.0645  0.5781  0.7442  0.3142  1.6409  0.3476  0.1117  0.4782  0.339  0.8642  3.201  1.9891  8.1677  6.1104  13.7222  3.0136  4.7306  0.4975  0.491  0.8366  0.5028  4.0162  1.616  0.53  2.0753  1.317  1.5905  3.5367  0.7328  2.4704  1.2427  1.796  3.3273  2.9582  1.2263  2.9103  1.977  2.124  0.2685  
TrainID = 505  dbValue = 1.48926  nTestCell = 49  nTrainCell = 47  nDiff = 2  (X,Y) = (1045, 2155)  Position Error = 17.4929
TrainID = 992  dbValue = 1.53127  nTestCell = 49  nTrainCell = 48  nDiff = 1  (X,Y) = (1095, 2155)  Position Error = 60.8769
TrainID = 1426  dbValue = 1.70136  nTestCell = 49  nTrainCell = 48  nDiff = 1  (X,Y) = (1085, 2145)  Position Error = 55.0091
TrainID = 1293  dbValue = 1.83705  nTestCell = 49  nTrainCell = 49  nDiff = 0  (X,Y) = (1125, 2135)  Position Error = 95.6347
TrainID = 870  dbValue = 1.94212  nTestCell = 49  nTrainCell = 48  nDiff = 1  (X,Y) = (1115, 2155)  Position Error = 80.4114
TrainID = 2405  dbValue = 1.98284  nTestCell = 49  nTrainCell = 48  nDiff = 1  (X,Y) = (1125, 2185)  Position Error = 90.2552
TrainID = 2976  dbValue = 2.10058  nTestCell = 49  nTrainCell = 49  nDiff = 0  (X,Y) = (1115, 2165)  Position Error = 79.1581
TrainID = 2389  dbValue = 2.22002  nTestCell = 49  nTrainCell = 48  nDiff = 1  (X,Y) = (1125, 2215)  Position Error = 99.7296
TrainID = 309  dbValue = 2.35737  nTestCell = 49  nTrainCell = 49  nDiff = 0  (X,Y) = (1135, 2135)  Position Error = 105.005
TrainID = 931  dbValue = 2.3872  nTestCell = 49  nTrainCell = 48  nDiff = 1  (X,Y) = (1125, 2225)  Position Error = 104.623
TrainID = 1669  dbValue = 2.47952  nTestCell = 49  nTrainCell = 49  nDiff = 0  (X,Y) = (1145, 2165)  Position Error = 109.115
TrainID = 1273  dbValue = 2.4978  nTestCell = 49  nTrainCell = 47  nDiff = 2  (X,Y) = (1065, 2235)  Position Error = 71.1758
TrainID = 1189  dbValue = 2.60953  nTestCell = 49  nTrainCell = 47  nDiff = 2  (X,Y) = (1075, 2105)  Position Error = 75.8024
TrainID = 2109  dbValue = 2.62775  nTestCell = 49  nTrainCell = 46  nDiff = 3  (X,Y) = (1075, 2095)  Position Error = 84.534
TrainID = 1317  dbValue = 2.66729  nTestCell = 49  nTrainCell = 48  nDiff = 1  (X,Y) = (1125, 2125)  Position Error = 99.7296
TrainID = 1073  dbValue = 2.69231  nTestCell = 49  nTrainCell = 46  nDiff = 3  (X,Y) = (1085, 2275)  Position Error = 115.871
TrainID = 2575  dbValue = 2.78074  nTestCell = 49  nTrainCell = 47  nDiff = 2  (X,Y) = (1085, 2215)  Position Error = 66.5282
TrainID = 562  dbValue = 2.81275  nTestCell = 49  nTrainCell = 47  nDiff = 2  (X,Y) = (1055, 2235)  Position Error = 67.72
TrainID = 2884  dbValue = 2.83268  nTestCell = 49  nTrainCell = 46  nDiff = 3  (X,Y) = (1095, 2255)  Position Error = 103.47
TrainID = 2622  dbValue = 2.84378  nTestCell = 49  nTrainCell = 47  nDiff = 2  (X,Y) = (1085, 2255)  Position Error = 98.1122
TrainID = 1240  dbValue = 2.8775  nTestCell = 49  nTrainCell = 47  nDiff = 2  (X,Y) = (1085, 2105)  Position Error = 81.4002
TrainID = 976  dbValue = 2.94944  nTestCell = 49  nTrainCell = 46  nDiff = 3  (X,Y) = (1035, 2225)  Position Error = 55.0091
TrainID = 1474  dbValue = 2.99246  nTestCell = 49  nTrainCell = 46  nDiff = 3  (X,Y) = (1105, 2085)  Position Error = 109.481
TrainID = 981  dbValue = 3.00956  nTestCell = 49  nTrainCell = 47  nDiff = 2  (X,Y) = (1045, 2255)  Position Error = 85.4751
TrainID = 1705  dbValue = 3.01405  nTestCell = 49  nTrainCell = 46  nDiff = 3  (X,Y) = (1095, 2255)  Position Error = 103.47
TrainID = 1250  dbValue = 3.02688  nTestCell = 49  nTrainCell = 47  nDiff = 2  (X,Y) = (1075, 2285)  Position Error = 121.433
TrainID = 2885  dbValue = 3.06091  nTestCell = 49  nTrainCell = 47  nDiff = 2  (X,Y) = (1095, 2085)  Position Error = 103.47
TrainID = 2762  dbValue = 3.07037  nTestCell = 49  nTrainCell = 46  nDiff = 3  (X,Y) = (1075, 2275)  Position Error = 112.009
TrainID = 1575  dbValue = 3.09686  nTestCell = 49  nTrainCell = 47  nDiff = 2  (X,Y) = (1155, 2155)  Position Error = 119.942
TrainID = 2897  dbValue = 3.15792  nTestCell = 49  nTrainCell = 47  nDiff = 2  (X,Y) = (1165, 2125)  Position Error = 136.624
TrainID = 937  dbValue = 3.25601  nTestCell = 49  nTrainCell = 47  nDiff = 2  (X,Y) = (1015, 2255)  Position Error = 87.5557
TrainID = 2005  dbValue = 3.29808  nTestCell = 49  nTrainCell = 47  nDiff = 2  (X,Y) = (1095, 2065)  Position Error = 120.441
TrainID = 2607  dbValue = 3.32077  nTestCell = 49  nTrainCell = 47  nDiff = 2  (X,Y) = (1075, 2275)  Position Error = 112.009
TrainID = 644  dbValue = 3.33294  nTestCell = 49  nTrainCell = 46  nDiff = 3  (X,Y) = (1155, 2215)  Position Error = 127.224
TrainID = 502  dbValue = 3.5454  nTestCell = 49  nTrainCell = 47  nDiff = 2  (X,Y) = (1065, 2295)  Position Error = 128.32
TrainID = 1431  dbValue = 3.59186  nTestCell = 49  nTrainCell = 47  nDiff = 2  (X,Y) = (1095, 2275)  Position Error = 120.441
TrainID = 890  dbValue = 3.91925  nTestCell = 49  nTrainCell = 47  nDiff = 2  (X,Y) = (1165, 2245)  Position Error = 149.218
