trainID = 600  1.242  1.7541  0.567  0.401  2.9918  1.9844  35.9745  2.6956  4.098  2.4347  5.6353  0.8159  0.4  2.8753  2.2389  0.3279  0.514  1.0142  2.114  0.4201  1.34  3.1938  1.5659  1.5119  0.7359  1.8517  9.2565  3.4217  2.4501  3.9443  2.6867  3.5149  0.2463  0.6507  1.6304  2.0344  3.1844  1.2529  0.8879  0.3503  2.912  4.3767  0.5652  3.7261  2.576  0.2062  0.139  
trainID = 709  1.7746  2.1749  0.572  2.5544  0.492  0.0745  35.0174  1.9774  3.684  0.1197  7.4391  2.705  1.2525  3.9993  6.3842  3.7485  1.3903  0.2803  4.2649  2.5044  3.456  4.5768  5.6052  2.7558  3.5175  1.706  10.7552  3.8958  0.6699  2.5992  2.596  2.1705  0.6093  0.5776  1.7111  0.7113  4.9218  0.6792  2.5102  1.4505  1.941  2.4577  1.328  3.7991  1.189  1.3982  0.873  
trainID = 824  0.0816  1.5329  1.951  0.111  3.1242  1.9094  0.347  0.0807  4.272  2.2467  2.1833  0.0466  1.3616  1.743  3.1253  1.9504  2.037  1.3276  1.0394  3.6942  2.504  3.7108  0.5164  1.325  4.5671  4.4561  1.1295  4.1906  0.7181  0.5715  0.1774  1.7259  0.5931  0.0412  1.7506  0.7199  1.7485  2.3602  1.0473  2.2792  0.789  0.39  1.8355  1.9078  0.532  1.153  2.2231  1.319  0.7558  0.107  
trainID = 843  0.7882  3.6407  0.6897  1.193  3.1109  2.9094  1.136  1.8002  3.2614  1.5633  3.6526  1.2506  3.4788  0.1403  2.4074  0.6406  0.175  0.6958  0.4188  1.1101  2.036  2.4078  3.2963  2.1927  2.7508  4.1729  7.1906  4.4794  1.0241  1.4031  1.4499  0.9948  2.7823  2.7148  0.9308  1.562  1.9346  0.1668  0.2824  0.659  0.8  1.9265  2.3299  1.4623  0.291  0.3515  1.9011  0.397  0.3329  1.011  
trainID = 919  2.7697  1.7963  0.351  0.519  1.9155  0.0878  35.7215  0.2168  1.2644  1.9597  3.2146  0.3904  0.0354  3.2493  2.6132  0.468  1.244  0.5277  2.1355  0.215  1.457  2.1548  3.5383  3.6126  1.3801  1.0885  11.0031  7.2664  1.6618  1.7806  1.4679  0.7929  1.3873  0.9689  0.0255  1.1154  2.9437  0.079  0.444  2.5375  1.616  1.7937  0.325  1.0521  2.734  2.6673  0.47  
trainID = 996  1.0153  0.8814  0.206  0.319  1.9566  1.1204  0.22  1.2114  0.3342  2.5627  1.0433  2.0571  0.0279  0.5862  0.3628  0.5672  1.488  0.7968  1.0597  3.348  0.95  1.3648  2.1251  1.6226  0.3669  4.6588  1.5678  2.3388  0.0187  1.8812  1.5352  0.3579  0.3895  3.1317  1.7188  3.2467  0.1451  0.1231  0.3102  1.7944  33.3348  0.384  0.113  3.3781  0.9981  0.039  0.0563  
trainID = 1093  1.0971  4.7593  1.688  0.165  1.6882  0.5783  1.079  0.9652  2.8891  1.9097  2.0945  1.3238  0.0479  0.5747  4.6302  1.0542  0.305  1.2566  2.0137  2.01  0.044  1.5618  3.9867  0.9149  3.0626  4.7761  3.9041  9.6398  0.361  0.5249  0.86  1.6316  1.0523  2.7169  1.601  0.2811  2.2418  2.217  0.0824  2.4827  1.176  1.6467  0.6096  1.0028  2.251  3.6957  2.1071  0.207  0.7449  0.085  
trainID = 1191  1.7663  5.1907  0.114  1.0061  0.2133  0.3727  35.1994  0.2129  4.638  2.7527  5.3571  3.5817  0.3894  1.9092  3.654  0.8382  0.534  2.3134  1.8273  0.7462  0.467  3.7798  4.5038  5.0286  3.3456  5.7283  1.4784  12.3685  2.2025  0.4308  2.2568  1.4678  0.1744  2.5211  2.0645  1.0078  2.4302  0.382  1.5021  0.2203  0.099  1.0177  0.7069  2.9041  0.388  0.8862  2.358  
trainID = 1242  0.3197  5.4953  3.079  0.477  3.3934  1.0144  0.0108  3.924  0.8249  1.8644  1.6405  1.5285  0.3321  1.2709  0.5215  1.326  1.5212  3.7607  0.2204  0.328  2.9638  2.688  3.6193  2.1813  5.9601  11.8594  0.0592  0.7588  1.526  1.9565  1.756  1.1209  1.6382  2.8252  2.7443  2.2936  0.7425  0.211  0.8016  0.064  0.5147  2.071  0.7181  1.759  1.1653  0.7779  1.536  1.4656  2.039  
trainID = 1325  0.1822  3.4605  0.042  0.007  1.8178  1.2624  0.522  1.0798  2.7322  2.1877  3.058  0.3915  0.1675  1.0821  4.5089  1.1182  0.9889  0.3332  0.5425  0.4653  0.279  2.7638  2.9765  1.5445  2.0618  1.8845  2.892  6.3361  0.0407  0.265  1.7378  1.8261  0.0879  2.503  0.9275  1.7607  2.5001  2.7122  2.4862  1.7908  2.128  2.2657  1.7158  0.4707  0.634  0.1254  2.1101  2.266  0.3925  
trainID = 1433  0.151  0.0629  0.277  1.116  2.179  0.1372  0.3482  2.8685  1.2763  0.7744  0.9148  1.6173  1.7549  0.07  0.331  0.7907  0.0096  1.034  4.1378  2.2339  1.8134  3.3609  6.3296  15.7939  6.7843  0.489  3.8508  2.76  1.8616  1.7708  3.0086  6.3303  4.3611  3.4936  2.5172  1.0656  0.7394  1.599  0.7997  1.4275  4.0003  0.559  1.1766  0.7941  1.1663  1.3089  37.6291  
trainID = 1439  0.7399  1.9633  2.334  1.1774  3.4549  1.1504  0.635  1.3597  1.1191  0.6234  1.1659  2.7068  1.3661  0.2946  1.2245  1.4378  0.194  2.141  0.6607  0.0715  0.6199  0.2029  3.2199  0.5002  0.9752  1.5266  3.9165  1.1823  2.4436  0.9715  1.1317  1.6127  0.994  1.6843  1.0318  2.328  0.0574  0.7585  0.6248  1.2568  1.4476  0.066  2.7641  2.0331  0.172  0.6954  0.392  
trainID = 1467  1.726  3.825  0.3196  0.446  0.8928  1.8846  1.3432  1.1789  0.4262  0.7037  0.3101  2.4031  1.9195  1.0783  1.2802  1.8157  1.6069  1.181  1.8668  4.9295  2.1844  4.5189  1.1337  12.0386  8.7983  0.0914  1.2753  3.2783  1.7909  0.9214  2.365  5.2158  1.4759  3.3938  2.0541  5.0702  0.8567  2.856  1.0587  0.2922  1.8908  2.46  1.1048  0.9761  0.344  1.3457  34.7975  
trainID = 1553  1.1198  2.4278  1.868  0.336  1.3787  3.0124  0.193  1.1328  0.0201  0.784  2.1535  2.6035  1.6055  1.4417  3.1948  0.8392  0.3519  0.8429  2.1538  1.5459  0.9168  1.3519  1.1604  2.4754  9.4323  1.4454  0.9093  0.3012  3.34  0.6836  1.006  0.7918  0.8816  0.2906  0.03  0.3075  0.2599  2.529  0.6386  1.1419  0.1406  1.149  0.0118  1.7041  2.2793  1.449  0.939  
trainID = 1686  1.6812  3.3624  0.714  0.037  1.6273  3.7444  35.8074  0.58  3.4569  3.1957  2.9216  1.367  0.0566  2.0579  2.7101  3.0316  2.081  0.1849  0.9677  0.294  0.92  1.8628  2.9355  5.5575  0.7511  3.9264  3.1566  11.8712  1.7581  1.0703  1.7807  2.9743  0.2045  2.9444  1.9814  0.5532  2.5633  1.6847  0.2039  0.3197  1.884  1.5547  0.0413  2.1991  3.312  1.0616  1.968  
trainID = 1800  0.6688  5.2519  2.207  0.6376  2.6308  1.8094  37.0348  0.0143  1.0199  1.2769  4.7752  2.4691  0.6145  2.2888  2.6137  0.2514  0.9995  1.2778  2.3287  3.4972  1.783  2.0478  5.2211  4.361  3.4354  7.7391  1.9616  13.2432  0.4849  0.0551  1.3245  0.8172  3.0843  2.3427  0.8998  1.1166  5.0735  0.8052  0.3645  0.939  1.265  0.1825  0.5893  2.2251  0.162  0.4222  1.158  
trainID = 1801  1.4833  1.0424  0.8471  0.48  2.3063  2.9644  1.223  0.0476  0.9633  3.4097  1.6005  0.8081  0.2336  1.1364  3.8666  0.9925  0.464  1.2975  0.6827  2.4419  1.1546  3.3568  3.1783  0.8823  0.5404  1.1398  1.4752  0.1141  1.1283  1.0157  1.5591  1.4476  1.1113  3.4589  1.9344  0.6712  3.0979  0.7834  0.2554  3.4183  3.025  0.8367  0.3269  0.928  2.119  0.0193  2.7041  1.0382  1.8879  
trainID = 1809  0.5806  2.7987  0.346  1.1624  0.5792  0.4698  1.54  0.7372  0.3884  3.9277  1.0757  2.169  0.1154  1.1625  3.5443  2.3637  2.191  3.321  2.506  0.3912  0.939  2.0928  1.5975  0.2656  1.1222  4.416  10.4358  0.2464  3.3819  2.2122  0.0718  0.079  0.8323  2.0659  1.8233  1.2135  0.5531  0.0438  2.2653  2.9621  32.5858  1.2654  2.317  1.358  4.0661  2.059  0.7895  0.653  
trainID = 1898  1.4927  2.5316  1.527  1.4818  0.434  4.8924  0.5593  1.3531  1.5962  0.3054  0.6763  0.6965  0.2498  1.53  1.2567  2.118  2.2353  0.9437  0.9422  1.231  1.4708  4.6086  2.596  1.8077  1.1309  0.2577  0.2296  0.459  0.4722  0.1248  0.9387  1.3823  1.9631  0.916  2.9534  0.6545  1.6268  0.6359  2.2712  1.261  1.7057  0.0199  3.5445  0.478  0.4641  2.5541  0.215  0.8067  0.536  
trainID = 1969  1.0128  0.5529  0.557  0.829  1.9787  1.2434  1.168  1.4768  1.4836  0.0532  0.3078  4.3565  3.5784  2.0389  0.0878  2.0683  0.997  1.3185  1.6988  0.4128  1.1227  0.169  1.101  0.4381  2.0103  6.7353  8.561  2.5664  0.9382  4.1473  2.049  1.7856  0.112  0.5285  4.5242  0.6741  0.2933  1.3709  2.1566  1.6987  33.7218  3.0408  1.572  1.8748  5.4561  3.681  0.7295  0.145  
trainID = 2021  1.058  0.8961  1.8  1.0559  0.354  2.8504  0.649  3.055  2.3673  0.2407  2.619  0.1743  0.5658  1.7834  3.6419  0.888  0.627  1.6449  1.8905  2.4532  1.927  0.3437  0.0095  0.8028  0.7097  1.3535  5.5721  6.508  2.0094  2.5222  2.9049  1.2551  0.2001  1.9869  0.1895  3.371  4.331  1.1229  0.9351  0.9816  1.405  0.682  4.5017  0.0722  1.458  0.1852  3.2601  0.234  1.7489  0.028  
trainID = 2024  0.386  4.0456  0.4847  1.582  0.8977  2.1964  4.0647  1.5341  1.7817  2.1915  1.2828  4.7288  0.5737  1.475  2.889  0.7517  3.373  0.286  5.6458  2.798  2.5279  3.8522  8.3114  18.3918  2.7301  1.3599  1.8024  1.9308  0.7561  0.6103  4.0447  6.2095  0.4596  4.953  0.7287  2.9592  0.7798  0.1984  0.9918  2.0552  2.9837  0.054  0.0859  1.3331  0.732  0.5039  37.7207  
trainID = 2083  0.8777  5.822  0.897  0.128  3.5071  0.1126  0.844  0.613  2.4777  2.7957  3.5194  1.8158  2.731  1.8348  2.5904  0.1513  1.5691  2.0301  0.7283  3.3473  1.547  1.1338  2.8062  2.7584  2.2485  2.6457  1.7512  7.5053  0.5088  0.4627  3.6386  0.1432  0.9016  2.7035  3.4854  2.9333  4.9905  0.5109  0.7655  1.982  0.549  0.9587  0.7019  1.686  0.555  0.3609  2.8701  2.107  0.4887  0.819  
trainID = 2107  0.3674  1.5321  1.5294  2.171  0.7318  1.4309  34.6673  1.2814  3.866  1.7256  5.8465  1.2463  0.6346  1.7111  1.8351  0.7345  0.201  1.1272  4.0862  0.9539  0.342  2.4038  3.3876  1.632  1.981  2.1512  10.5326  4.609  0.1983  2.7928  1.416  2.6385  0.9989  0.8037  1.2999  1.1744  2.3412  0.2039  1.0823  3.7468  2.922  2.4537  1.9046  0.6641  0.662  0.3586  1.095  
trainID = 2119  2.4551  6.5932  2.341  0.044  1.3597  1.5834  34.702  0.6891  5.28  1.7843  3.6927  2.1274  2.7275  0.12  3.3317  0.0744  0.6624  0.6578  0.1742  0.3732  1.287  3.2848  3.0563  3.3363  1.525  10.8377  1.8388  15.2166  1.9922  0.9449  0.5836  0.2222  0.6016  4.6087  2.2193  3.1783  5.6358  0.1639  1.7904  1.868  0.711  2.3707  1.4746  0.9031  0.37  1.0095  1.355  
trainID = 2171  3.2712  3.8888  0.787  2.7347  4.3186  0.541  38.239  0.6179  3.0687  3.4097  10.0859  1.7861  0.8983  1.9899  3.6442  4.082  1.38  1.7289  2.157  3.3904  3.423  2.7708  5.0202  4.2559  2.8613  0.6154  9.4451  5.2245  0.182  2.6669  3.5228  1.6854  1.1123  0.7071  0.5598  1.7967  2.5161  1.6409  0.8779  2.4204  1.34  1.1357  0.5413  2.5681  2.119  0.4041  1.027  
trainID = 2196  0.7389  4.3734  1.084  1.838  1.8316  4.3254  1.766  1.5173  0.7584  2.5497  1.426  0.0733  1.2751  1.7907  1.4877  0.2761  0.166  2.9014  4.6117  0.1008  2.298  2.4138  0.0626  3.3028  0.8875  1.2667  5.374  7.8996  2.4331  0.2978  2.7211  2.2481  2.5103  1.2263  2.3318  3.7151  2.8536  0.0459  0.939  0.5946  2.615  1.8187  0.9631  1.9422  0.637  2.194  1.0941  1.135  0.8903  1.679  
trainID = 2250  0.7064  0.3351  0.414  0.112  2.1856  0.6285  2.943  2.82  0.0349  1.6414  1.5266  2.41  1.5132  0.6379  0.2596  1.9262  3.363  2.5613  0.4815  0.2224  0.8974  0.5587  1.1498  2.3311  0.7181  2.9524  3.473  6.4281  0.5217  1.1836  2.8496  0.2098  1.9207  1.249  0.3999  3.7224  0.2972  0.361  0.4483  1.8116  2.745  1.4585  0.4209  1.5905  1.715  2.8966  0.501  0.423  1.0541  0.676  
trainID = 2282  3.2307  2.4653  1.212  0.9702  0.2073  0.3866  38.8133  1.6514  2.6369  0.792  4.3601  0.3053  1.2087  0.5698  3.3456  1.8917  1.334  1.977  0.557  1.4134  0.417  1.5618  5.5001  2.7538  3.4789  1.3643  6.894  6.4257  0.6035  3.02  1.8901  1.5149  2.8983  2.0938  1.0053  1.2785  2.8934  0.5645  0.0621  1.1536  1.093  1.6407  3.0795  0.6531  2.139  0.6943  0.947  
trainID = 2293  0.003  2.3317  3.7964  2.017  1.398  3.0396  0.6142  0.3896  4.796  4.8519  0.6051  4.653  0.7983  1.37  0.4491  1.4297  1.4622  1.53  3.8578  4.345  4.6319  4.146  9.3655  18.4  3.5953  2.0495  3.4873  0.1472  0.2764  0.0955  2.7808  5.3814  0.6544  5.6741  1.7798  2.8537  1.3919  1.473  0.3449  2.0279  2.6281  0.459  2.6775  1.6216  0.988  0.0463  36.6046  
trainID = 2576  1.8961  3.9965  0.285  0.7752  2.3897  2.2484  35.0461  2.1017  3.1306  1.5815  4.4297  3.5549  0.0748  0.7143  3.794  1.6859  0.7309  3.0228  0.031  1.5273  3.445  3.2048  2.6033  1.5914  1.1767  4.424  3.7913  11.6677  1.6814  0.682  2.3588  0.5831  0.821  2.3188  2.981  0.2962  3.5749  1.8696  2.0105  0.5717  2.552  2.3887  0.5725  3.6211  1.8857  0.0775  2.073  
trainID = 2672  0.8569  3.111  0.835  0.211  1.2106  0.9654  0.034  0.676  1.8333  1.9347  2.3883  1.3833  1.271  0.1772  3.635  0.8184  1.131  2.7515  0.7617  1.1585  2.263  1.1288  0.5575  0.9129  1.5289  3.2342  3.2358  2.119  0.951  1.4015  1.6194  0.6374  0.1244  2.5472  2.0425  1.626  1.2411  0.2494  0.8888  0.673  2.093  1.8187  0.0206  0.5821  0.71  0.1543  2.5861  2.439  0.6805  0.806  
trainID = 2741  2.0554  4.3319  0.728  0.8769  0.5702  0.0727  36.9755  2.4569  1.5479  3.5127  3.7057  1.3913  0.1884  0.7365  4.3677  1.069  1.253  1.1208  3.4254  1.4191  0.29  5.0608  2.7225  3.3168  3.4544  0.9602  7.9416  5.6317  1.1717  4.2178  2.7694  1.1629  1.4828  1.3845  2.1125  2.0913  5.4396  1.0247  2.4465  1.0539  0.9551  2.3637  1.7955  2.3991  1.495  0.5263  1.341  
trainID = 2771  2.7555  4.6967  2.3842  0.778  0.3163  0.7064  36.4865  2.5531  4.729  2.3807  6.2317  2.6694  0.804  3.1441  4.0848  1.2723  1.2333  0.2323  1.5421  0.6948  1.637  1.5808  3.7381  3.5041  0.851  0.6283  8.3197  8.9189  1.2753  2.3055  4.8027  0.6976  2.9683  2.648  0.9057  1.0774  4.1883  0.0803  0.7299  0.618  0.79  1.9667  1.3217  4.7271  3.33  2.2667  0.361  
trainID = 2775  1.3097  2.8001  0.825  0.094  2.8498  2.5494  0.896  2.095  1.2392  0.4891  0.13  0.0842  1.105  0.6102  2.5639  1.1108  0.865  2.3543  2.9589  0.619  0.197  0.7906  2.5297  2.6496  0.4613  0.6041  3.3644  1.6127  0.3155  2.002  1.9627  1.477  0.2358  0.6457  0.0105  2.3606  0.9342  0.1209  1.2693  0.1799  0.677  2.4517  1.005  0.9465  1.537  2.1832  2.0081  1.1257  0.0466  0.094  
trainID = 2837  0.4595  1.6501  0.899  1.038  0.5192  2.5364  1.092  1.8322  2.4562  2.3307  0.8987  0.3111  0.7009  1.5218  1.1392  0.468  2.949  0.3974  0.7738  0.6422  0.347  1.9908  3.9668  3.003  0.658  0.9302  2.7208  0.1429  2.2157  0.1814  0.4913  0.2565  0.2111  4.1627  1.2253  2.5353  1.251  2.3462  2.2171  2.6784  0.599  0.1636  1.1294  1.17  3.1211  1.0725  3.5671  0.138  2.0777  0.44  
trainID = 2867  2.7396  1.2816  2.832  1.851  3.3074  1.7204  0.497  2.0802  2.0437  0.6165  0.5413  1.4312  1.1739  3.7591  0.5302  2.203  3.9499  0.6487  0.5099  1.293  3.0538  2.5386  1.4948  0.6338  3.0004  5.6219  9.9154  0.0967  1.2099  2.3683  3.1567  2.2994  1.2339  0.1531  2.2348  0.7899  0.2275  3.4884  0.9507  0.851  2.1018  0.143  1.0583  1.371  0.2808  1.6991  2.6019  1.3516  0.139  
trainID = 2910  0.9986  3.0957  3.098  0.225  1.0065  1.4384  34.9171  0.9057  3.642  1.7632  2.1861  0.321  1.2099  1.4147  1.7365  2.1539  0.8678  1.5873  0.6061  0.3051  1.227  2.4058  0.9542  3.0704  2.6835  0.6978  8.1119  8.4889  1.4654  0.5742  2.6127  1.4555  1.7813  1.1253  0.121  2.6881  4.8223  2.4476  0.3516  1.6489  1.958  2.8417  2.2561  3.1211  0.019  1.1836  1.426  
trainID = 2918  2.9462  3.1193  0.352  1.9  1.7433  0.1144  36.5315  2.1368  5.432  2.6387  5.0218  2.4695  1.4874  2.6616  2.3167  3.6358  0.37  0.5532  0.293  0.0009  0.203  2.8588  2.3297  3.2644  4.0999  4.6757  5.8261  9.9995  1.3004  0.8812  2.818  1.2453  0.1281  2.188  2.7565  2.0167  4.6639  0.5709  0.0369  0.0528  2.988  2.1987  0.9071  1.1071  2.302  1.4989  0.026  
trainID = 2996  1.06  2.2656  0.063  0.419  1.2891  1.8354  0.85  0.3159  0.542  1.0823  0.6347  0.8265  0.6684  0.6866  2.9783  0.9168  1.1059  1.4451  0.5967  0.2439  0.8526  1.6008  1.3685  0.0746  0.1354  4.5211  0.0611  4.3078  4.2629  0.2111  3.6649  0.1784  0.6165  2.6193  0.5648  3.6637  1.5894  1.6805  2.6271  1.1627  34.5368  0.181  0.142  1.356  1.3061  2.061  1.5849  0.959  
trainID = 3000  2.226  1.8798  1.689  0.46  1.42  4.4744  1.635  0.7071  0.7095  1.9937  1.1899  1.728  1.575  1.1056  0.8971  0.9243  1.4537  1.4093  2.7927  2.1014  2.555  0.8818  0.0168  2.5067  1.0829  0.3412  7.5934  7.4889  3.9909  0.9755  0.4192  1.8023  2.05  2.8378  2.7789  4.1377  2.5328  0.2656  1.1581  1.1228  0.657  0.5534  1.1012  0.3464  0.237  1.2544  1.1999  0.498  0.9  1.485  
TrainID = 2775  dbValue = 1.26694  nTestCell = 50  nTrainCell = 50  nDiff = 0  (X,Y) = (1645, 2575)  Position Error = 13.3417
TrainID = 1439  dbValue = 1.28572  nTestCell = 50  nTrainCell = 47  nDiff = 3  (X,Y) = (1615, 2585)  Position Error = 27.1662
TrainID = 1898  dbValue = 1.34974  nTestCell = 50  nTrainCell = 49  nDiff = 1  (X,Y) = (1665, 2595)  Position Error = 24.0416
TrainID = 2672  dbValue = 1.36032  nTestCell = 50  nTrainCell = 50  nDiff = 0  (X,Y) = (1635, 2585)  Position Error = 7.61577
TrainID = 1553  dbValue = 1.41641  nTestCell = 50  nTrainCell = 47  nDiff = 3  (X,Y) = (1625, 2645)  Position Error = 59.4811
TrainID = 2837  dbValue = 1.43251  nTestCell = 50  nTrainCell = 50  nDiff = 0  (X,Y) = (1675, 2605)  Position Error = 37.1214
TrainID = 2250  dbValue = 1.47373  nTestCell = 50  nTrainCell = 50  nDiff = 0  (X,Y) = (1615, 2605)  Position Error = 31.9061
TrainID = 1801  dbValue = 1.48773  nTestCell = 50  nTrainCell = 49  nDiff = 1  (X,Y) = (1665, 2605)  Position Error = 28.6007
TrainID = 1325  dbValue = 1.58029  nTestCell = 50  nTrainCell = 49  nDiff = 1  (X,Y) = (1685, 2575)  Position Error = 44.9222
TrainID = 824  dbValue = 1.62619  nTestCell = 50  nTrainCell = 50  nDiff = 0  (X,Y) = (1695, 2585)  Position Error = 53.0848
TrainID = 2021  dbValue = 1.66451  nTestCell = 50  nTrainCell = 50  nDiff = 0  (X,Y) = (1675, 2565)  Position Error = 40.2244
TrainID = 3000  dbValue = 1.74284  nTestCell = 50  nTrainCell = 50  nDiff = 0  (X,Y) = (1675, 2635)  Position Error = 57.4282
TrainID = 843  dbValue = 1.78594  nTestCell = 50  nTrainCell = 50  nDiff = 0  (X,Y) = (1705, 2605)  Position Error = 65.2534
TrainID = 1093  dbValue = 1.79196  nTestCell = 50  nTrainCell = 50  nDiff = 0  (X,Y) = (1705, 2585)  Position Error = 63.0714
TrainID = 2867  dbValue = 1.85868  nTestCell = 50  nTrainCell = 49  nDiff = 1  (X,Y) = (1645, 2645)  Position Error = 57.0789
TrainID = 1242  dbValue = 1.8912  nTestCell = 50  nTrainCell = 49  nDiff = 1  (X,Y) = (1705, 2615)  Position Error = 68.542
TrainID = 996  dbValue = 1.89606  nTestCell = 50  nTrainCell = 47  nDiff = 3  (X,Y) = (1605, 2585)  Position Error = 37.1214
TrainID = 2083  dbValue = 1.89821  nTestCell = 50  nTrainCell = 50  nDiff = 0  (X,Y) = (1695, 2585)  Position Error = 53.0848
TrainID = 2196  dbValue = 1.90563  nTestCell = 50  nTrainCell = 50  nDiff = 0  (X,Y) = (1655, 2645)  Position Error = 58.4637
TrainID = 2996  dbValue = 2.03573  nTestCell = 50  nTrainCell = 48  nDiff = 2  (X,Y) = (1605, 2605)  Position Error = 40.7185
TrainID = 1809  dbValue = 2.39756  nTestCell = 50  nTrainCell = 48  nDiff = 2  (X,Y) = (1605, 2555)  Position Error = 49.5782
TrainID = 1969  dbValue = 2.50882  nTestCell = 50  nTrainCell = 48  nDiff = 2  (X,Y) = (1585, 2545)  Position Error = 71.4003
TrainID = 919  dbValue = 2.51188  nTestCell = 50  nTrainCell = 47  nDiff = 3  (X,Y) = (1685, 2535)  Position Error = 68.2495
TrainID = 2107  dbValue = 2.62713  nTestCell = 50  nTrainCell = 47  nDiff = 3  (X,Y) = (1665, 2535)  Position Error = 57.7754
TrainID = 2910  dbValue = 2.65995  nTestCell = 50  nTrainCell = 47  nDiff = 3  (X,Y) = (1685, 2535)  Position Error = 68.2495
TrainID = 2282  dbValue = 2.70103  nTestCell = 50  nTrainCell = 47  nDiff = 3  (X,Y) = (1705, 2535)  Position Error = 82.3286
TrainID = 600  dbValue = 2.78108  nTestCell = 50  nTrainCell = 47  nDiff = 3  (X,Y) = (1675, 2515)  Position Error = 80.1124
TrainID = 1686  dbValue = 2.78551  nTestCell = 50  nTrainCell = 47  nDiff = 3  (X,Y) = (1715, 2575)  Position Error = 74.1485
TrainID = 1191  dbValue = 2.85823  nTestCell = 50  nTrainCell = 47  nDiff = 3  (X,Y) = (1755, 2555)  Position Error = 117.72
TrainID = 1467  dbValue = 2.8665  nTestCell = 50  nTrainCell = 47  nDiff = 3  (X,Y) = (1705, 2645)  Position Error = 84.9588
TrainID = 1800  dbValue = 2.91002  nTestCell = 50  nTrainCell = 47  nDiff = 3  (X,Y) = (1725, 2575)  Position Error = 84.0119
TrainID = 2576  dbValue = 2.93277  nTestCell = 50  nTrainCell = 47  nDiff = 3  (X,Y) = (1745, 2555)  Position Error = 108.157
TrainID = 2741  dbValue = 2.94503  nTestCell = 50  nTrainCell = 47  nDiff = 3  (X,Y) = (1735, 2515)  Position Error = 118.229
TrainID = 2918  dbValue = 2.95038  nTestCell = 50  nTrainCell = 47  nDiff = 3  (X,Y) = (1755, 2535)  Position Error = 124.812
TrainID = 1433  dbValue = 2.95479  nTestCell = 50  nTrainCell = 47  nDiff = 3  (X,Y) = (1725, 2655)  Position Error = 106.668
TrainID = 2119  dbValue = 3.04592  nTestCell = 50  nTrainCell = 47  nDiff = 3  (X,Y) = (1735, 2595)  Position Error = 93.2631
TrainID = 2771  dbValue = 3.10496  nTestCell = 50  nTrainCell = 47  nDiff = 3  (X,Y) = (1735, 2515)  Position Error = 118.229
TrainID = 2024  dbValue = 3.23477  nTestCell = 50  nTrainCell = 47  nDiff = 3  (X,Y) = (1745, 2645)  Position Error = 117.72
TrainID = 709  dbValue = 3.25256  nTestCell = 50  nTrainCell = 47  nDiff = 3  (X,Y) = (1745, 2495)  Position Error = 138.773
TrainID = 2171  dbValue = 3.28636  nTestCell = 50  nTrainCell = 47  nDiff = 3  (X,Y) = (1745, 2495)  Position Error = 138.773
TrainID = 2293  dbValue = 3.38977  nTestCell = 50  nTrainCell = 47  nDiff = 3  (X,Y) = (1755, 2635)  Position Error = 122.385
