trainID = 336  0.7914  3.4361  1.312  3.013  1.8711  2.6006  33.6387  2.5473  2.4538  0.1787  3.2393  1.3019  2.1231  0.3571  0.4522  0.4405  0.246  0.9892  0.1698  0.7086  0.419  0.348  2.6465  0.9267  5.554  4.451  0.9026  11.965  1.9824  2.4094  1.3253  3.9794  0.4148  0.0047  3.9456  0.5263  4.2194  1.1493  2.1  2.568  1.1703  0.9  2.2153  0.209  1.2858  2.4141  
trainID = 340  0.198  4.1076  1.38  1.022  1.7874  1.408  0.82  0.2658  2.287  2.6785  0.6446  0.4901  2.0845  6.9546  0.9317  1.1325  0.3316  0.9648  2.9703  2.0869  2.7132  32.928  0.792  3.0406  3.1631  1.0362  1.2669  12.4922  0.241  0.1606  4.2261  1.3462  1.9899  2.0224  0.5361  1.0497  1.0554  0.5978  2.0827  0.942  2.2113  0.029  1.1151  2.074  1.321  2.3403  
trainID = 444  0.1984  0.0908  0.611  1.414  0.9998  2.6168  0.043  2.7722  2.456  4.3933  0.2211  0.6285  1.5933  1.4653  1.6287  0.297  3.0092  1.3382  3.3176  0.7403  0.6787  3.1211  0.938  0.775  1.7995  2.7079  0.5164  3.1463  0.2224  2.5841  1.5656  1.106  2.4014  0.0353  1.7089  1.1013  1.6993  0.3845  3.8954  2.0242  3.9222  0.1084  2.6963  1.576  0.2416  1.2102  1.463  0.4451  
trainID = 472  1.1487  1.4722  1.1  0.2862  2.8641  0.72  1.8748  0.0712  2.542  0.5859  0.3095  0.5785  0.9422  8.5405  1.721  0.6401  0.5439  1.6488  1.917  2.1986  2.4918  33.343  0.3512  0.2319  1.1174  0.8762  0.2949  10.6828  0.9412  1.0177  4.6635  0.6349  4.5869  1.3867  0.3259  0.2798  0.4996  2.1298  1.2861  0.7059  1.0721  0.779  2.682  2.2505  1.016  1.4362  
trainID = 513  0.2321  1.0288  1.244  2.042  0.878  2.3505  1.216  1.7179  0.143  0.2155  0.783  0.7865  0.7654  6.2503  0.0261  1.9177  0.0512  2.019  5.8744  1.8949  0.6404  31.756  2.2623  1.0387  0.5031  7.0567  6.3915  5.997  0.6063  0.9136  5.8222  3.5458  1.2269  1.8694  2.9833  0.6115  0.1338  2.343  1.1093  0.094  2.2293  1.1087  1.3851  2.1887  2.084  1.7859  
trainID = 519  1.8371  1.2445  0.788  0.5315  0.1906  2.4475  1.097  1.5361  1.29  1.4463  0.2712  3.0665  1.4394  3.3121  1.9535  1.4551  0.4201  0.1383  0.132  1.5132  1.5899  3.536  0.948  0.521  1.7626  1.5328  4.31  11.4571  4.8047  7.8588  4.5027  6.7247  4.7134  1.2149  2.5179  2.3824  2.0211  3.76  0.6971  2.7394  0.4361  0.2284  2.5373  1.489  1.0733  34.754  
trainID = 536  2.5723  1.0685  1.377  0.811  0.3275  0.041  1.224  1.1892  1.771  1.7612  0.8185  0.4255  1.9876  0.6132  1.0685  1.6974  0.3662  1.874  0.515  0.4287  1.228  2.6731  1.191  0.698  1.0587  2.808  5.9019  8.6524  4.7881  7.3251  1.9799  1.3787  0.1169  1.0467  0.009  0.1083  0.7743  0.5464  3.0189  2.1511  1.1398  0.3589  2.9093  1.398  1.799  0.143  0.752  0.2396  
trainID = 834  1.263  4.3077  0.663  1.7497  0.4093  2.3624  1.069  1.3575  0.15  1.2248  2.3711  0.7475  1.4796  6.6126  1.0986  1.4137  2.6177  2.6233  2.136  0.5789  0.2257  33.516  3.9214  1.4692  0.5996  10.9995  2.5197  16.8015  0.4313  2.2776  5.0621  0.2327  2.1719  2.8174  1.4304  2.4122  2.328  1.3903  0.8414  0.9218  1.8573  0.086  0.7911  0.731  4.213  2.3376  
trainID = 879  0.0778  0.4273  0.46  0.7782  0.6029  0.33  0.61  0.3767  1.631  1.1824  1.4038  1.7933  2.0148  0.2733  2.4811  0.2809  0.6656  0.528  1.037  2.546  4.7279  2.8182  0.926  0.479  0.974  0.9567  4.2174  8.0495  4.236  8.6859  3.8426  3.4709  5.2971  0.4403  0.7199  1.5475  3.5794  0.5827  1.2608  0.4696  0.824  0.6064  0.488  0.856  1.7383  
trainID = 899  2.6485  1.2911  2.147  1.321  0.5176  1.784  34.5537  1.3254  1.9383  1.4258  4.5744  0.5692  0.1396  3.3286  4.4316  2.504  0.591  0.6686  1.4056  4.5501  0.814  1.175  0.8865  1.827  4.3583  7.1817  12.9987  19.3675  3.7275  0.8258  1.0667  3.1056  0.7948  0.3323  0.9264  0.014  4.1846  2.2611  2.9216  0.1058  1.0373  1.7947  2.9585  1.2927  1.9959  2.3467  
trainID = 900  0.5729  1.9022  0.121  0.3662  0.7636  0.308  0.622  1.4759  2.287  2.2136  0.3211  0.5555  0.7802  0.5199  0.5975  0.0213  1.3962  1.9496  1.278  0.8641  2.636  2.486  1.87  0.991  3.1094  3.0606  4.1005  5.7927  1.3656  8.5574  2.3606  2.5686  3.2998  1.8371  1.5469  0.4195  1.7527  2.0242  1.7834  3.4912  2.3894  0.4607  0.0835  2.469  3.5459  0.637  0.221  0.4935  
trainID = 918  2.1948  1.1265  0.058  2.886  0.1476  0.672  34.5337  2.7256  0.8313  0.3365  5.7607  3.1605  2.4079  1.774  2.6145  3.9207  2.1995  1.3752  0.7506  2.8619  1.866  0.973  0.9585  1.6021  2.0279  6.9432  15.1462  19.8736  2.7396  0.3093  0.1603  1.4249  0.0709  0.1818  0.9239  2.0974  1.6442  0.566  4.6799  0.033  3.3713  3.0158  2.2659  0.809  2.3019  0.529  
trainID = 1010  0.4969  1.584  2.4564  1.4457  2.3001  2.2774  1.1809  0.7838  1.68  1.026  1.5801  0.4975  1.4857  8.2014  2.582  1.2431  0.6529  0.8294  0.874  2.8749  0.33  33.814  1.5666  0.1641  2.2076  5.3275  2.9196  14.3876  1.2552  0.0836  7.1838  1.3577  2.0129  2.9584  0.1553  0.1612  1.6285  0.7221  3.1733  0.029  1.9003  0.387  0.0552  2.1491  1.3747  2.903  
trainID = 1038  4.5996  0.5889  0.548  0.3664  0.7933  1.9887  0.019  1.0416  2.883  0.9534  1.8874  0.5145  2.8412  2.6691  4.1681  0.4586  0.7051  0.4881  1.478  1.8855  5.6237  1.9309  0.392  1.021  0.8799  0.1106  1.9831  8.3257  4.8192  11.0695  0.2019  4.8462  4.1317  2.5163  1.6462  1.0424  4.1887  1.0765  0.3875  0.5724  0.578  1.945  2.7593  2.186  0.8851  
trainID = 1058  2.3067  0.5921  0.677  1.8547  1.2008  4.2564  2.006  1.28  0.189  1.5827  0.2381  2.6165  0.9407  1.6443  1.9878  2.5436  2.1589  0.0064  2.4974  0.1179  2.3605  1.2066  0.481  1.245  2.2142  1.1243  2.7158  1.2937  1.8361  1.931  1.9616  0.3377  3.7279  0.9666  0.5185  0.295  1.0322  1.1619  2.4942  0.5795  0.9418  3.1532  1.4343  2.418  2.0311  2.612  0.495  1.2043  
trainID = 1124  0.0022  0.9511  2.0737  0.669  0.4642  0.828  1.314  1.6004  1.847  0.6144  0.8951  1.1907  2.7874  2.1157  3.0132  0.2053  1.5859  0.9495  4.0854  0.4318  1.9644  4.1877  0.435  0.549  1.7406  0.2581  1.6425  0.466  5.3181  0.1274  2.675  0.1665  2.4493  1.8827  0.2232  0.0702  1.1982  1.0339  1.6604  3.7393  2.9455  1.5337  1.6493  0.176  2.7801  0.081  0.167  0.6471  
trainID = 1196  1.2833  2.677  0.996  0.9554  1.3304  2.7173  3.33  0.6092  1.618  1.5093  1.091  0.2226  1.2667  1.5406  0.9895  0.0009  1.9467  1.5744  0.076  1.9246  4.7919  1.2648  1.259  1.706  0.0516  0.6542  2.6053  7.4364  3.4241  9.672  3.0567  4.5005  4.2271  1.4028  0.5008  1.6746  2.943  1.2797  1.2512  0.2659  0.7817  1.4797  0.6013  0.914  0.8875  0.261  1.406  3.4198  
TrainID = 1124  dbValue = 1.44565  nTestCell = 48  nTrainCell = 48  nDiff = 0  (X,Y) = (1485, 1265)  Position Error = 36.4005
TrainID = 444  dbValue = 1.53976  nTestCell = 48  nTrainCell = 48  nDiff = 0  (X,Y) = (1465, 1235)  Position Error = 25
TrainID = 1058  dbValue = 1.55146  nTestCell = 48  nTrainCell = 48  nDiff = 0  (X,Y) = (1465, 1255)  Position Error = 15
TrainID = 536  dbValue = 1.62774  nTestCell = 48  nTrainCell = 48  nDiff = 0  (X,Y) = (1415, 1235)  Position Error = 40.3113
TrainID = 900  dbValue = 1.7556  nTestCell = 48  nTrainCell = 48  nDiff = 0  (X,Y) = (1425, 1235)  Position Error = 32.0156
TrainID = 879  dbValue = 1.80654  nTestCell = 48  nTrainCell = 45  nDiff = 3  (X,Y) = (1425, 1185)  Position Error = 74.3303
TrainID = 1196  dbValue = 1.9037  nTestCell = 48  nTrainCell = 48  nDiff = 0  (X,Y) = (1435, 1225)  Position Error = 33.541
TrainID = 1038  dbValue = 2.13325  nTestCell = 48  nTrainCell = 45  nDiff = 3  (X,Y) = (1465, 1145)  Position Error = 111.018
TrainID = 472  dbValue = 2.36496  nTestCell = 48  nTrainCell = 46  nDiff = 2  (X,Y) = (1525, 1215)  Position Error = 85
TrainID = 340  dbValue = 2.55041  nTestCell = 48  nTrainCell = 46  nDiff = 2  (X,Y) = (1545, 1215)  Position Error = 103.078
TrainID = 513  dbValue = 2.58963  nTestCell = 48  nTrainCell = 46  nDiff = 2  (X,Y) = (1525, 1265)  Position Error = 75.6637
TrainID = 336  dbValue = 2.65005  nTestCell = 48  nTrainCell = 46  nDiff = 2  (X,Y) = (1395, 1265)  Position Error = 55.9017
TrainID = 1010  dbValue = 2.74477  nTestCell = 48  nTrainCell = 46  nDiff = 2  (X,Y) = (1565, 1225)  Position Error = 118.849
TrainID = 519  dbValue = 2.96136  nTestCell = 48  nTrainCell = 46  nDiff = 2  (X,Y) = (1455, 1175)  Position Error = 80.1561
TrainID = 834  dbValue = 3.0135  nTestCell = 48  nTrainCell = 46  nDiff = 2  (X,Y) = (1575, 1255)  Position Error = 125
TrainID = 918  dbValue = 3.23592  nTestCell = 48  nTrainCell = 46  nDiff = 2  (X,Y) = (1435, 1335)  Position Error = 81.3941
TrainID = 899  dbValue = 3.30469  nTestCell = 48  nTrainCell = 46  nDiff = 2  (X,Y) = (1405, 1325)  Position Error = 83.2166
