trainID = 324  0.7249  0.5122  0.343  2.2187  3.4099  2.5522  1.456  0.5313  0.438  2.1178  3.6751  2.8502  0.6005  6.0323  4.6538  0.9265  3.1506  2.7352  0.633  2.6503  1.2367  2.1889  0.365  0.324  0.5286  3.3884  1.4648  1.4727  0.6934  2.5965  0.345  4.5199  1.0927  1.2232  1.431  0.9216  1.2598  0.093  0.5347  0.3098  1.2917  0.2111  
trainID = 336  4.5537  2.5699  2.338  2.535  3.2505  0.5962  32.8846  0.6325  3.1169  1.8293  8.2324  2.6897  0.9976  1.7795  0.5076  0.5575  0.113  2.3654  3.5649  0.9374  0.036  1.746  4.0411  2.4508  1.5545  9.2209  8.798  0.6666  1.0073  2.6382  4.9333  5.1953  2.8147  2.657  3.0304  2.4176  2.9252  2.101  4.3808  5.319  32.1245  33.6399  
trainID = 340  3.9603  4.9738  2.406  1.5  3.1668  0.5964  0.319  1.0199  1.117  0.5013  1.3077  1.5179  2.9086  2.963  0.1938  0.2899  0.6282  1.9628  2.6113  5.4415  0.6819  32.6992  0.6026  1.5165  0.8364  14.7081  6.6285  0.1394  2.7487  5.2082  0.6181  2.5621  0.41  4.6841  6.4399  0.8416  2.3496  1.5495  4.3635  1.809  33.2247  33.7137  
trainID = 376  1.8363  0.5579  2.887  2.3472  0.3397  1.1193  1.23  1.1271  0.423  1.4185  0.6062  1.3956  0.8973  7.293  9.2075  0.4328  4.6362  1.1574  0.381  2.1802  3.9949  2.3365  1.894  0.075  2.3322  1.6269  1.376  2.1467  3.9739  3.9751  1.0706  3.4468  2.3785  0.8055  0.033  2.314  0.6538  1.4753  1.0884  2.8807  0.219  0.3908  
trainID = 385  2.1024  0.1685  0.272  2.1703  0.1756  1.4912  0.054  2.5202  2.5398  1.0953  1.2193  0.1646  0.3639  0.4847  2.4031  1.6657  0.1019  0.8002  0.505  3.2809  1.03  2.232  0.6474  1.096  0.3119  2.3925  1.1201  0.1043  1.1306  2.7829  1.1359  0.2549  2.887  0.1882  0.148  0.8795  0.7225  0.785  3.3069  0.6955  2.2365  1.2547  
trainID = 392  2.8602  3.0104  1.6714  3.986  0.3498  2.3995  0.217  2.2633  0.711  1.499  4.7888  0.8461  5.4847  14.4079  6.8598  1.2775  4.6954  0.1608  2.604  0.9253  1.0132  1.5019  0.6021  2.673  0.2036  4.8603  4.0556  5.6793  4.6009  6.0465  2.6368  2.2775  2.8588  2.0882  0.383  4.5923  2.0492  1.3406  2.2267  1.1187  2.5367  0.699  
trainID = 444  3.9607  0.957  0.415  0.936  2.3792  0.6124  0.544  2.0181  1.286  1.2135  0.442  2.6365  6.5864  2.5263  0.5032  1.7194  3.969  2.3362  2.9586  2.6143  2.7164  3.3499  1.393  2.173  0.4049  4.232  3.4831  10.5256  7.673  10.0475  1.4241  3.9416  1.2066  1.1806  0.691  3.763  5.2767  2.2758  2.6012  2.9759  6.203  2.6426  34.0982  35.6089  
trainID = 472  2.6136  2.3384  0.074  0.1918  4.2435  2.7244  2.3758  0.6829  1.372  2.5939  0.9726  2.5865  4.0509  4.5489  0.5955  2.0625  0.4159  0.6508  1.558  5.5532  0.9033  33.1142  1.0434  1.2922  2.8821  12.7957  8.1903  1.9488  2.0485  4.0299  1.0555  1.8508  2.187  4.0484  6.6501  1.6115  0.7946  3.0815  3.5669  3.4569  31.6578  34.6178  
trainID = 503  1.0113  0.3951  2.0415  3.6346  1.0039  3.459  3.277  1.7075  2.3964  3.5909  2.8669  1.3258  6.7279  2.8368  8.675  2.9056  2.6381  4.8594  1.517  1.1411  0.9303  0.6416  0.378  0.466  3.5973  1.9603  3.6754  3.0689  5.4184  5.7207  0.7107  7.4114  0.0304  0.3292  0.226  1.9598  3.5691  0.1887  0.5264  0.5197  1.4805  0.9214  
trainID = 513  3.5302  1.895  2.27  1.564  2.2574  0.3461  0.715  0.9638  1.027  2.9643  1.4461  2.7945  5.7585  2.2587  1.1516  3.3401  1.011  3.017  5.5154  5.2495  2.7547  31.5272  0.8677  0.4854  4.5026  20.7286  14.2869  6.6346  2.3834  5.9612  2.2142  4.7617  1.173  4.5311  9.9593  1.2798  1.428  3.2947  3.3901  2.845  32.9547  34.2681  
trainID = 519  1.9252  2.1107  0.238  1.0095  1.1888  0.4431  1.598  2.2902  0.12  1.7335  0.9343  5.0745  3.5537  0.6795  0.828  0.0327  0.5397  0.8597  0.227  1.8414  1.8052  3.7648  1.403  1.919  0.368  3.0569  0.3105  2.2148  3.0907  4.7728  1.513  1.6771  1.1054  2.4308  0.118  0.2793  4.9549  1.8687  0.5971  1.7877  2.7169  2.9794  33.2665  1.3  
trainID = 536  6.3346  0.2023  0.351  0.333  1.7069  2.0454  0.723  0.4351  0.601  1.4186  1.4816  2.4335  6.9807  4.6048  0.057  3.1198  0.5936  2.872  0.874  3.7833  2.1671  2.9019  1.646  2.096  2.4533  4.3321  1.9024  5.0195  3.1073  5.3065  1.0098  3.6689  3.4911  2.2626  2.3909  2.77  6.2017  1.3449  1.7247  3.1028  3.4206  3.1099  32.5408  35.8144  
trainID = 540  4.063  3.8108  2.4754  2.6547  1.1965  0.7438  0.608  2.7665  0.337  3.2203  4.4763  1.4679  3.3501  13.2825  7.3289  3.1244  2.6543  1.0232  1.617  0.2716  0.7045  5.2502  2.206  1.569  0.8246  4.3181  5.5073  4.0429  5.2052  1.8849  0.4825  4.2528  3.0204  0.6738  0.262  6.5526  3.4982  1.3812  3.2451  0.3213  1.5779  0.9745  
trainID = 545  1.1978  1.9162  0.84  1.5243  2.3407  0.102  0.76  0.5566  0.318  1.7363  0.381  0.1084  2.9868  2.7655  2.1134  1.2398  1.3271  1.7669  3.044  2.3275  0.7555  33.0942  2.7306  3.3322  3.1085  4.5288  4.3025  0.5333  1.7296  2.3578  2.4896  1.9798  0.027  2.9979  4.916  0.6222  1.5918  1.3147  0.268  2.5083  32.3629  
trainID = 567  2.432  1.3592  0.5143  2.8057  1.1436  0.4108  0.362  1.1305  0.42  0.1466  1.4286  0.4847  1.914  3.0463  2.106  0.3373  0.7933  1.2907  0.09  2.0313  0.204  3.5427  2.431  2.737  3.4923  2.6247  0.774  3.5991  0.4402  0.0748  1.7957  1.1443  0.4561  0.117  2.766  1.4239  2.2441  1.8745  0.6228  0.0178  2.1165  0.2771  0.249  
trainID = 577  0.6354  0.6182  1.8872  0.7886  0.0463  2.1648  2.0833  1.033  0.922  0.5883  2.6839  0.8428  2.3527  0.757  4.7004  0.226  0.7843  1.1731  2.285  0.959  5.365  1.5842  2.267  2.141  3.593  2.3875  0.4897  2.0474  2.8479  3.2474  0.1402  3.6986  0.5276  0.582  2.131  0.2252  0.5193  1.3813  1.0013  0.1995  1.0424  0.5196  1.376  
trainID = 578  1.0214  3.6068  2.5505  0.776  2.2345  1.3669  1.132  0.6262  0.256  0.3458  2.7543  1.5048  0.6016  10.3414  6.8496  0.0118  6.3796  1.2979  1.277  1.1707  3.5511  2.0818  0.9322  0.463  0.0722  4.2844  1.4856  2.657  2.4373  1.6911  2.4126  3.7601  2.6327  0.577  2.324  3.3331  0.546  0.2237  1.0602  0.5488  2.383  1.4864  2.243  
trainID = 594  0.0473  0.7044  1.2759  2.6788  0.0198  4.9648  0.603  1.4757  1.55  1.1427  3.0288  1.4092  2.0758  3.2866  7.7383  0.5068  4.6015  0.0503  0.747  0.5774  3.2159  2.5175  0.171  0.573  2.2799  4.5569  0.7369  0.8422  3.3026  2.5608  0.8241  1.3056  0.9036  0.8295  0.132  0.1947  2.1911  2.801  1.9515  0.645  0.184  0.6863  
trainID = 649  0.6888  1.7469  0.9911  1.095  0.1993  1.4748  2.5476  0.2563  1.572  1.5181  1.0807  2.9955  0.9373  1.6476  2.8602  0.2994  0.0003  0.3735  2.7841  4.4634  3.4399  2.735  0.892  2.004  0.6763  1.5756  1.0031  1.8501  0.8395  1.6655  2.1305  1.6252  0.067  0.1966  0.19  0.4941  1.63  0.2487  0.17  0.5833  2.5743  0.1464  1.475  1.241  
trainID = 663  3.7114  1.7448  1.538  1.0508  3.2611  0.7454  34.8256  1.2676  0.9607  1.5516  8.5903  4.9353  1.8205  3.3563  2.1573  4.7156  1.636  4.0204  1.2195  4.4814  0.512  1.381  4.2576  2.918  0.7879  2.66  1.2621  1.027  2.1187  2.3597  3.7482  0.803  2.8682  0.0165  2.2056  1.6021  2.9803  2.0141  1.2825  1.6777  35.4941  
trainID = 679  0.8113  1.36  0.092  1.6597  0.1274  0.9553  0.604  0.2065  1.859  0.271  2.7837  1.6097  2.1902  5.9345  3.5035  1.3547  2.5519  3.6812  0.339  3.1699  1.1706  0.3095  1.9123  1.86  1.5378  3.4197  2.2525  2.2108  1.8398  2.0656  0.5579  3.0763  0.8321  0.204  1.9  2.0792  1.0625  0.1898  0.305  1.0477  0.215  1.9519  1.692  
trainID = 737  0.2361  3.4385  3.8902  5.6765  2.4685  2.671  1.588  0.5426  0.686  4.0256  6.4241  0.3802  12.2578  9.9597  13.026  3.6807  9.8017  8.6821  0.724  1.9497  4.506  0.9049  1.2679  0.186  5.7703  0.9773  6.6427  3.8532  6.8518  6.3139  3.4948  6.1965  0.0753  3.7151  2.2199  4.6592  6.0663  3.2017  1.2701  3.4467  0.943  2.7043  
trainID = 766  2.9676  1.5153  1.4621  2.0827  0.186  0.4942  0.432  1.2131  0.157  1.4565  2.9376  0.0761  0.7433  10.473  6.4977  0.5822  4.1468  0.2329  1.699  0.5107  1.481  1.367  0.764  2.34  1.3175  5.5406  0.7334  1.1176  0.7242  2.2825  0.9694  0.5218  0.7511  1.5624  2.1321  2.0097  1.2155  0.3285  0.0284  0.6521  0.283  2.8071  0.613  
trainID = 834  2.4993  5.1739  0.363  2.2277  1.7887  0.358  1.57  2.1116  1.02  1.955  1.708  2.7555  3.5135  2.621  0.0269  0.0087  1.6579  3.6213  1.777  3.9335  3.1694  33.2872  2.5268  0.0549  3.3999  24.6714  5.3757  4.1699  2.5584  7.3252  1.4541  1.4486  0.228  5.4791  8.4064  0.5209  3.6222  2.342  3.1222  3.6728  33.5487  33.7164  
trainID = 837  2.3602  0.0545  2.3671  2.9923  1.4839  1.5754  2.5521  0.1576  0.443  0.8178  3.3575  0.821  0.8232  1.8162  6.2062  0.1817  2.2324  0.3201  0.792  0.357  2.3347  2.652  0.8  0.242  0.8307  3.3272  1.4361  0.844  2.4174  1.0313  1.9555  4.2908  0.8131  0.5271  0.898  0.9517  1.1579  0.6202  0.8021  0.5383  0.9185  0.6658  
trainID = 863  2.3601  1.0116  1.2563  1.2253  1.8804  1.2335  0.682  0.2909  1.175  0.71  4.6231  0.3885  2.0921  8.6715  5.3319  1.1619  5.052  0.2732  1.419  1.2087  1.1722  0.2885  1.527  0.97  0.4085  3.7808  4.3893  0.4354  5.7298  3.8338  1.3208  4.8205  0.8668  1.4879  1.966  3.7699  2.4221  1.6226  0.4468  0.114  0.439  0.69  0.457  
trainID = 874  1.7874  2.4994  0.71  1.4452  0.4718  4.1948  1.342  0.5074  0.938  1.8391  0.9067  2.0337  1.3208  1.1805  2.7345  0.7142  0.9192  3.2729  1.7455  1.6755  0.2612  1.7367  2.082  2.073  0.756  2.9354  1.6603  2.2035  0.2348  2.0287  0.8925  1.3001  0.7102  4.0995  0.846  0.3124  1.6721  1.9569  1.5023  0.3911  0.661  0.4319  0.109  
trainID = 879  3.8401  0.4389  0.566  1.2562  1.9823  1.6744  0.109  0.3774  0.461  1.9974  2.0669  0.2147  2.9783  3.7183  1.3556  1.1415  1.6254  1.526  0.678  0.8086  1.3328  3.047  1.381  0.919  0.4206  2.4808  0.2179  5.6224  3.6594  3.9457  0.8529  1.5767  1.6891  1.6562  1.68  1.1142  3.3966  1.3086  0.0334  1.4213  1.4568  2.1446  34.3157  
trainID = 899  6.4108  2.1573  3.173  0.843  1.897  0.2204  33.7996  4.5052  2.6014  0.5822  9.5675  3.4224  1.2651  4.751  5.3914  3.502  0.232  4.0232  4.8007  4.7789  1.269  2.573  2.2811  3.3511  0.3588  6.4902  20.8941  6.7359  0.7378  5.8734  4.6747  4.3215  3.1947  2.3294  6.0496  1.9053  2.8904  3.2128  5.2024  2.6452  31.3813  33.7073  
trainID = 900  3.1894  1.036  0.905  0.8442  2.143  2.3124  1.123  2.23  1.117  0.9662  0.342  2.5635  5.7733  3.4717  0.528  1.4011  2.356  2.9476  0.919  2.4905  0.7591  2.7148  2.325  2.389  4.504  4.5847  0.101  7.8792  6.5298  4.0742  0.6291  2.479  0.3082  3.053  0.853  2.2422  5.2233  3.9155  0.4892  4.4429  4.6702  2.2903  30.7939  35.5605  
trainID = 905  3.9455  1.5329  3.5945  4.3588  2.0504  2.4776  0.303  0.6484  0.383  2.2672  4.4095  0.5499  8.9218  12.3806  14.7717  0.3027  6.6851  5.3825  1.591  2.0625  4.1544  0.105  1.891  2.292  3.3428  1.3076  4.5973  5.0716  6.2969  5.4767  0.9618  5.371  0.5769  2.3264  0.352  4.3859  6.2745  0.4396  0.1779  1.4477  1.1536  0.2963  
trainID = 918  5.9571  0.2603  1.084  2.408  1.2318  2.6764  33.7796  5.9054  1.4944  2.3445  10.7538  0.8311  1.2824  3.1964  3.5743  4.9187  1.8405  1.9794  4.1457  3.0907  2.321  0.425  2.3531  3.1262  1.9716  6.7287  23.0416  7.242  0.2501  5.3569  3.7683  2.6408  2.4708  2.4799  6.0521  3.9887  0.35  1.5177  6.9607  2.718  32.0739  35.525  
trainID = 973  0.5455  1.2408  3.8379  2.4886  0.317  1.338  1.6966  1.9909  2.3877  0.8425  4.8046  0.4355  7.0396  4.9098  7.7342  1.6094  0.0527  4.4481  0.077  0.3468  2.8161  1.7653  2.662  0.832  1.8337  2.7674  0.8631  2.1875  4.0802  4.078  1.4418  3.6443  1.2253  2.6311  2.1731  0.7475  0.5022  1.202  1.5592  0.9447  2.9321  0.2102  
trainID = 990  3.8413  1.9026  1.0983  3.2232  0.4943  1.6475  0.761  0.9427  1.034  0.5147  0.264  0.5968  1.3234  2.8561  3.6179  0.9102  1.3191  3.9153  2.8772  4.1127  2.5906  2.1954  0.096  2.184  0.948  1.6326  1.426  0.3685  3.4354  0.8823  0.9406  2.3579  0.7263  1.3668  0.703  1.9002  0.5005  0.8618  2.8631  0.1176  0.755  0.386  1.569  
trainID = 1010  3.2654  2.4502  1.4304  1.9237  3.6795  0.273  1.6819  0.0297  0.51  2.1538  0.917  2.5055  3.5074  4.2098  1.4565  2.6655  0.3069  0.1686  0.515  6.2295  3.7251  33.5852  0.172  1.36  6.2071  18.9994  4.9758  1.756  1.7345  5.1312  3.5758  2.5736  0.387  5.6201  6.8207  1.7301  2.9227  1.6738  5.4541  2.78  34.2846  33.151  
trainID = 1038  0.8373  0.2773  1.574  0.1116  0.5861  0.0157  0.52  0.2875  1.713  2.2264  2.5505  2.5225  2.1519  1.3225  3.0426  1.881  0.2547  0.5099  1.119  1.4691  2.2286  2.1597  0.063  2.419  0.5147  1.6347  2.0164  5.3462  3.0762  1.5621  3.1916  0.2014  0.5237  1.3004  4.0461  3.7041  2.7873  2.9678  1.6817  0.3793  2.8588  0.806  33.4547  
trainID = 1055  2.1282  1.4487  0.7449  1.7596  1.3002  1.7555  1.238  0.8864  1.325  0.9799  3.6402  0.026  0.9096  6.4242  6.3493  1.541  4.8162  2.8892  0.885  1.4967  2.1598  1.6564  1.173  3.7637  0.0805  3.5696  0.1684  0.2735  0.9547  2.948  1.1672  1.6762  0.3333  0.815  0.842  3.386  0.5346  0.4287  1.0165  0.9907  1.1885  0.9707  
trainID = 1058  1.4556  0.2741  0.349  2.3327  2.5802  2.252  1.505  2.0341  0.981  1.5971  0.425  4.6245  5.9338  2.3473  0.8623  3.966  1.1991  1.0044  2.1384  3.2367  1.0346  1.4354  0.936  2.643  3.6088  2.6484  1.2837  12.3782  9.7315  10.7006  1.0281  4.7099  0.1199  0.2493  2.9184  2.9567  5.9438  3.0532  1.2  0.3722  3.2226  5.9042  32.3087  34.8497  
trainID = 1068  1.2788  4.1712  4.8948  3.8758  1.9766  5.2158  0.255  0.4606  3.1929  4.4006  6.4132  2.2377  5.746  26.4874  20.3969  1.6142  10.0211  6.7495  1.636  0.2052  4.8309  1.6896  0.069  2.539  6.7431  3.351  6.1528  4.6679  7.2262  10.9308  3.7018  6.3135  1.9725  2.2859  2.828  5.3764  6.1814  2.4607  0.8489  2.3317  0.992  1.6762  1.808  
trainID = 1102  1.3943  0.9912  1.4314  3.0814  0.512  2.1447  0.896  0.0884  1.035  1.3388  0.7442  1.3439  3.8383  3.4877  1.7818  2.613  1.7648  0.4787  2.1845  1.1358  1.994  2.9241  0.87  2.599  0.6951  3.8595  0.8663  4.8647  0.9192  2.0337  0.7894  0.1564  1.2592  1.8595  3.4034  1.2865  0.9138  1.1895  1.135  0.9837  4.4425  2.8669  1.102  1.996  
trainID = 1124  3.7645  1.8173  1.0477  0.191  0.9152  1.1764  0.813  0.8463  0.677  2.5654  0.232  0.8173  7.7805  1.8759  1.8877  1.6277  0.6261  1.9475  3.7264  2.9228  1.4307  4.4165  0.02  1.947  0.346  1.7822  2.357  14.1379  13.2135  12.5042  0.3147  4.8811  1.1587  3.0986  2.6231  2.5915  5.7778  2.9252  2.9546  4.691  5.2263  4.2847  31.5597  35.4069  
trainID = 1196  5.0456  1.8108  2.022  1.4334  2.7098  0.7129  2.829  1.3633  0.448  1.6705  1.7541  1.7854  3.7264  2.451  0.136  1.4215  2.9065  2.5724  0.435  5.2792  1.3968  1.4936  1.714  3.104  1.4462  2.1783  1.3942  6.2355  4.4713  2.9596  0.067  0.5471  0.6191  2.6187  2.9007  0.9871  4.033  3.171  0.043  1.2176  3.0625  4.2307  33.4523  32.6342  
trainID = 1217  3.2592  2.9457  0.677  0.8214  6.1399  1.3364  5.2274  0.132  2.8155  7.9476  2.1175  2.1458  1.7936  0.0184  0.6544  0.217  6.4872  6.3837  5.1988  0.416  0.83  1.0154  1.6821  0.2491  16.1735  25.549  12.1793  1.6016  6.716  0.4551  2.3352  1.71  3.5233  6.4916  2.3226  0.9435  3.2874  5.5496  2.8017  32.627  37.6998  
trainID = 1249  2.9327  2.756  3.082  0.093  3.8034  1.2014  0.104  1.1997  1.131  0.8324  3.572  0.3687  3.1942  2.7767  2.4827  1.2043  0.2356  2.2752  1.386  5.5443  3.4216  32.5072  1.4084  1.515  3.7779  28.3675  8.0236  5.1914  0.987  5.9632  1.1195  2.8978  2.001  4.7701  6.9802  2.2686  4.5089  2.5483  5.0812  4.535  34.4523  34.3898  
trainID = 1255  1.1104  1.498  0.195  1.9721  3.3552  0.9803  0.746  1.7286  0.282  3.2168  1.1817  0.3169  3.0524  0.6516  0.3188  0.6689  1.7845  1.6407  2.4215  2.8766  1.6733  33.4822  0.0531  1.2392  2.1794  10.2122  6.085  3.7835  0.2465  2.0611  3.024  0.7351  0.677  3.839  5.8878  0.1036  3.8761  3.0032  3.7575  2.6766  31.542  35.0389  
trainID = 1290  3.2955  2.6925  0.5125  1.3162  4.4934  1.2027  1.794  2.3121  0.753  1.8886  2.8959  0.4568  0.8043  3.2741  1.9733  1.2248  0.6575  1.6272  1.71  3.4376  0.5591  1.3822  1.601  0.443  2.1712  4.1725  1.7469  2.9259  3.9272  0.8337  0.5463  1.7044  0.4779  0.3047  0.683  1.0791  3.0473  0.0664  1.943  1.1267  2.3863  2.3822  33.0305  0.465  
trainID = 1387  0.2388  5.1596  2.872  1.1208  3.7941  0.2223  1.593  1.6475  0.844  2.6828  2.803  2.6745  4.1907  2.1332  2.7555  3.0318  0.8236  0.9007  1.637  6.8261  3.0443  1.4502  0.8292  2.5621  24.4958  10.3531  2.7989  3.5822  6.9344  1.0146  3.8366  0.892  6.2091  8.0133  0.8174  3.2047  4.5278  5.6948  3.3994  32.1447  34.5371  
trainID = 1494  1.2826  2.8361  0.516  1.4436  3.8813  1.5684  0.626  0.0735  1.257  4.7039  0.999  3.2435  5.2518  4.3106  0.5626  1.2208  1.0139  1.3472  2.382  6.6635  3.8567  35.1022  0.5402  0.0919  3.7909  22.2365  5.9341  6.7474  1.4516  7.2545  2.609  0.5188  1.132  5.0561  8.675  2.6058  3.7056  3.5782  5.8388  5.8834  34.3818  32.2891  
trainID = 1524  3.2506  1.2813  2.093  1.182  2.0355  0.1473  32.6116  0.2352  2.9288  1.1827  10.8364  3.5491  2.2875  4.7684  0.7878  2.8404  0.8  2.6386  4.7287  1.1432  0.259  0.323  1.9167  4.8629  0.2716  7.7716  15.1088  2.6237  0.1862  4.8163  2.6497  2.3128  2.4253  2.2762  5.9158  3.8491  0.2331  3.3223  6.2304  3.9004  32.5911  36.2389  
trainID = 1558  3.9617  1.7087  2  0.3755  5.132  1.7159  0.296  0.8526  1.831  3.8931  1.11  4.2975  6.9589  3.5026  0.3439  2.0458  2.0585  3.8275  1.368  5.6244  2.7074  32.1992  0.2356  1.9142  2.1275  28.7124  10.8392  5.2494  3.7552  6.8112  0.902  1.4263  2.388  5.8831  7.8858  3.5172  5.6771  1.5421  2.5196  2.1673  33.5885  35.7726  
trainID = 1576  2.0527  1.2636  1.88  1.3312  6.1629  0.2163  33.9076  2.9205  1.6181  1.0812  10.4428  2.7151  0.5072  3.8574  3.2249  3.5519  0.874  0.9314  1.4464  2.8805  0.104  3.5856  2.1525  4.2369  1.1048  5.5423  13.4799  0.3204  1.0356  5.8911  0.0688  2.2215  3.0759  0.8592  4.2325  5.2355  3.7968  0.3972  4.3181  3.1968  30.3495  34.8818  
trainID = 1580  4.9143  3.9029  2.501  1.4892  3.0411  1.5774  0.082  1.1584  2.706  2.6747  0.124  1.7062  5.6956  2.1173  0.2229  1.7517  1.5074  0.4041  1.685  4.8652  2.6512  33.3962  0.6913  0.2407  1.9931  26.0782  13.1411  3.9815  4.2139  5.5818  1.7479  0.0313  1.965  3.4559  6.7968  2.6333  3.4492  4.0611  5.6414  3.4369  33.8892  35.406  
trainID = 1640  1.5205  0.6351  0.6739  0.918  2.0512  1.2903  0.475  1.2406  0.254  0.5611  1.691  1.8872  0.8617  2.059  1.0498  1.5978  0.9104  0.3792  2.0615  4.2631  1.866  0.9114  0.296  3.0014  1.0279  1.7589  1.3174  1.4684  1.64  0.0152  1.5669  1.5812  0.4176  0.4168  1.153  2.9946  3.8126  1.473  0.125  0.3192  3.2245  1.7805  32.5139  0.116  
trainID = 1660  3.1293  1.1657  2.842  0.187  2.3965  1.7784  0.287  1.0116  0.48  2.6748  0.048  1.8072  3.0139  3.4025  0.9874  2.7618  0.616  0.3592  2.864  3.1888  0.3124  0.7684  3.0254  4.892  5.7622  5.1439  6.214  0.9791  3.5018  0.0906  0.9345  0.187  2.4135  7.2557  2.1451  4.217  0.653  5.2263  3.0841  31.9651  35.5472  
trainID = 1703  1.9087  1.1157  0.7416  2.247  0.6879  1.1434  1.468  0.9516  1.561  3.383  1.7439  0.1856  6.4336  2.7187  0.7611  3.1754  2.3487  3.0719  0.108  2.3718  0.9094  2.5748  0.089  0.745  0.3793  2.1646  3.3229  9.2533  4.7946  5.7506  1.4697  3.3298  0.8439  1.6832  1.304  2.3388  4.0848  2.8814  1.4962  2.2375  4.4609  1.941  30.1607  35.2392  
trainID = 1725  4.4328  1.7631  0.612  0.7665  2.2971  1.4389  1.488  0.5869  0.548  1.5424  2.1807  1.0641  1.7961  5.574  3.1921  0.9754  2.3278  3.1203  0.857  0.7964  1.2511  1.5296  0.11  1.997  2.38  3.2706  0.1391  1.0744  2.6538  1.0657  2.1393  0.2918  0.5544  2.1707  0.707  1.5346  0.1234  0.7901  2.0013  0.4658  2.0147  0.7985  
trainID = 1733  3.0026  0.5387  0.775  0.0939  1.3767  1.1694  0.333  0.0303  0.128  0.1211  1.6511  0.0731  3.1022  8.5348  7.1257  0.1217  1.4427  1.561  0.265  0.9433  0.0101  3.2153  0.883  1.528  1.7813  3.9721  2.8058  0.3463  0.4012  0.816  0.9435  1.5506  1.3926  0.7706  0.163  2.8124  0.1519  2.0385  1.775  0.816  4.035  0.9324  
trainID = 1769  1.2705  2.6784  1.237  0.3645  4.5753  1.1574  0.904  1.9142  1.278  3.251  0.558  3.3055  4.6209  2.9855  0.509  2.1074  1.7948  0.0721  0.351  2.8791  2.2293  31.9532  2.2146  2.1129  3.0733  26.1075  14.9092  3.3508  0.8213  7.0449  0.9009  3.2607  1.074  5.2661  8.1149  1.567  1.3914  0.2939  5.3687  2.0168  32.7251  34.8094  
trainID = 1775  1.5406  0.6229  0.327  3.4952  0.7452  1.2283  1.177  0.1803  1.551  0.7804  0.8622  0.5689  1.2727  1.7986  3.2373  0.0146  0.0125  0.5772  2.7461  1.5894  1.458  1.1147  2.238  0.986  1.0359  0.0267  3.6249  3.8715  3.8109  2.2865  2.836  2.3668  3.2977  2.3231  1.114  2.6085  3.5402  1.3101  1.3707  5.0279  3.5485  1.4481  33.8126  0.625  
trainID = 1777  2.9026  2.6644  0.591  0.03  4.4053  1.9124  0.398  1.647  1.34  5.7672  0.5653  2.1188  6.8133  1.0251  0.3522  3.0449  3.1261  3.1155  2.0723  2.1363  1.3815  0.5986  0.945  2.8611  0.056  1.5108  1.7957  13.1562  10.0769  10.5931  2.2758  5.5779  2.0179  1.8218  2.1824  3.8838  6.3906  2.2811  1.0406  3.7526  3.7997  2.5309  30.5358  35.7752  
trainID = 1778  5.9036  1.1868  0.519  1.095  2.8622  0.9004  34.0166  2.7166  1.4057  1.3695  11.3216  3.3323  0.7155  5.6302  2.6635  4.6912  1.199  1.3995  4.8057  1.6236  2.839  1.048  5.0594  6.5127  0.5763  7.1475  12.6088  2.0062  1.3289  6.5465  4.857  2.4315  4.0261  2.0034  5.1402  3.6552  3.9432  1.951  5.3584  3.5775  27.297  34.9428  
trainID = 1794  5.6576  0.4917  1.5852  0.277  1.3713  1.7884  33.1846  3.8333  3.2556  0.0933  9.9868  4.1186  0.5927  1.5937  4.0314  3.806  0.394  4.4952  4.1057  2.2041  1.434  0.116  1.4194  2.4225  0.8416  8.2441  15.2757  2.9909  1.3658  5.9934  2.9297  3.936  2.5033  2.5886  5.9953  1.946  2.1641  3.4367  3.8368  0.8994  33.5332  36.6815  
trainID = 1837  3.1131  0.0809  0.14  0.365  2.7247  0.6208  1.532  1.7259  0.278  2.6187  0.841  1.3843  4.0264  2.165  2.8079  1.8049  0.1105  3.1619  0.01  1.828  1.63  1.1447  1.121  0.939  1.0794  2.513  0.6564  5.7194  5.4151  3.8194  0.6377  2.0666  0.5779  1.2391  1.105  2.2552  3.4375  0.6655  0.7711  0.2556  4.4768  1.4883  31.7357  34.9523  
trainID = 1838  3.6717  1.7161  2.297  2.7343  0.5826  1.0894  1.317  0.9388  2.7515  1.6347  0.18  4.1805  4.3222  3.8459  0.8477  3.4662  1.3325  2.3425  0.325  3.74  5.3557  34.3372  0.0879  3.311  1.7592  29.5029  13.7043  3.7966  2.108  5.438  1.2658  4.5178  0.502  6.4421  8.6859  2.3535  3.0471  1.2267  6.6149  4.8634  33.4731  32.5026  
trainID = 1850  2.6371  1.8148  3.12  0.1419  1.4788  1.0794  2.1213  0.8586  3.3929  4.0284  1.239  5.8695  4.1963  0.9553  2.0212  2.1158  1.6515  3.7039  2.1056  4.8578  2.6692  32.6902  0.4991  0.5972  5.647  21.1488  8.986  2.2989  1.9326  3.3757  0.7722  1.4393  0.266  3.9687  7.8182  2.0422  0.8176  3.0889  4.9423  5.9713  31.5506  35.2175  
trainID = 1856  3.3411  1.5418  0.9228  1.8103  5.3339  2.3908  2.017  0.5491  1.436  3.923  0.7688  1.3318  4.4772  2.2146  1.4981  2.2822  1.3912  1.1856  1.167  3.2755  1.3281  1.524  3.094  0.861  0.4778  1.425  0.1428  8.2008  8.5776  5.0846  2.0118  1.438  0.2741  2.6726  0.816  1.9961  5.0604  2.4849  0.5155  3.156  3.8552  2.2379  31.3452  34.1233  
trainID = 1879  3.4105  1.4412  0.314  2.366  3.523  1.1954  33.7696  5.0187  2.6773  2.2985  12.1381  2.2571  0.5867  3.7286  2.9752  3.9187  1.755  1.7879  3.8487  1.7328  0.268  1.423  1.3064  2.4637  3.0239  10.9406  25.5598  1.2477  0.3935  6.6551  5.3036  3.5867  1.019  2.457  8.6427  3.4628  3.2699  4.1075  6.3874  4.8957  30.0335  37.1165  
trainID = 1888  3.9068  3.4979  0.305  2.4729  0.7231  0.4689  0.693  2.4911  0.45  0.0973  1.2322  3.1285  3.3008  2.3478  1.0939  1.5651  0.4065  2.1081  0.336  2.7879  0.9193  33.1692  0.7967  1.9484  3.1306  9.0765  4.1144  2.7414  0.8513  3.2423  0.4859  2.8452  0.509  1.8929  5.7546  0.0854  2.7345  2.5883  3.6511  4.3937  33.3957  34.1819  
trainID = 1920  2.1116  4.0447  0.264  0.881  3.2905  0.192  1.516  1.9873  0.794  0.305  2.8643  1.5268  4.689  0.7917  0.5656  2.0497  1.0996  2.6297  0.48  2.4659  2.3075  2.2841  2.239  0.831  0.3325  2.8618  0.9459  5.6916  5.7367  7.687  2.0696  2.8668  0.3092  0.8249  1.676  2.6882  3.3769  0.9583  0.7075  3.4941  3.6945  2.3946  31.7225  32.2283  
trainID = 1927  4.9405  4.512  0.8354  0.0044  5.8146  1.4299  0.502  2.2471  0.727  0.7046  1.673  5.2405  4.9064  2.125  0.1596  2.7301  0.8429  0.5441  2.0975  4.6324  2.639  33.1752  1.3228  2.8484  4.2878  25.7306  12.7159  9.5139  1.783  7.203  0.0613  2.4323  0.311  5.8441  9.3918  2.6197  3.0062  2.5471  7.2398  3.7954  33.5588  33.8951  
trainID = 1937  5.9384  1.5557  0.6066  0.558  0.0917  0.2356  1.015  1.1749  1.651  1.1951  1.7949  2.1165  6.2516  3.9458  1.5323  2.7574  1.418  3.3172  0.191  2.1285  1.5821  2.4389  1.3107  1.635  3.2602  4.7358  0.4397  0.3682  0.8074  0.2018  0.9462  1.6029  1.5922  1.6333  2.6652  1.5295  0.511  1.9862  0.0925  1.2613  4.0322  0.3735  36.9079  
trainID = 1966  5.4232  1.3933  1.022  0.93  1.0694  1.0084  33.8926  2.973  5.1149  2.0914  11.634  4.4407  0.1062  2.37  4.0611  5.2084  0.756  2.6142  3.1578  4.2776  1.333  2.005  3.4275  5.0075  1.3777  6.3925  17.0391  4.0607  0.6781  2.0049  4.3143  3.8423  3.3581  1.812  5.5139  4.3627  3.1685  2.6009  3.8576  3.788  32.5319  37.0162  
trainID = 2031  2.2246  3.2102  1.781  4.7342  5.143  0.3805  3.1255  0.2506  3.4403  0.2801  0.274  5.3535  1.1755  3.6874  2.1718  2.7934  0.6721  0.2855  1.149  5.8536  0.0401  0.8633  1.9921  3.4732  13.6595  4.4775  2.5546  4.4114  1.8688  3.3807  0.9374  2.886  2.4361  6.855  0.2637  3.7615  2.7933  5.0689  3.7216  34.4469  33.2406  
trainID = 2037  3.1831  0.6573  1.572  1.0011  5.8205  1.6414  32.4076  2.3841  0.8997  2.2135  6.0667  0.7468  3.7299  1.352  0.1339  3.5734  0.106  4.543  4.3977  1.6212  0.395  1.62  2.5452  0.9571  1.1493  13.7247  21.6285  6.1119  2.2951  6.3151  1.6211  2.3152  0.253  5.5391  6.9863  2.0863  2.0776  1.9428  5.1797  3.0285  32.182  36.8204  
trainID = 2063  5.8518  0.9161  0.5662  1.099  4.2288  0.9934  34.2886  3.9292  4.1892  1.0553  10.2176  4.0453  0.8277  2.9344  2.3433  5.3477  1.061  1.9743  4.0307  3.299  0.137  0.884  2.819  2.1922  1.3524  3.8767  16.1762  4.6578  0.301  5.2156  3.4357  3.937  3.1758  2.5073  6.1068  4.1224  3.0248  0.5004  4.6974  3.2504  32.2509  36.0256  
trainID = 2082  4.955  4.6076  2.7398  0.3069  0.9474  1.9225  1.099  0.3596  1.685  2.5083  1.8738  1.2075  8.6228  12.6714  4.554  2.3896  3.4459  3.6604  1.092  1.3301  0.0878  0.6803  0.665  5.2677  2.5113  5.2044  1.3871  2.9691  0.0785  2.7979  1.5608  1.1086  2.0223  1.628  2.4472  2.5541  2.8097  0.4137  2.5718  1.9588  0.614  0.8077  3.735  
trainID = 2094  3.7309  0.3796  0.71  1.2754  2.3774  1.0083  2.3474  1.6104  1.274  1.5175  2.9674  1.465  4.5182  4.9865  1.6673  1.8029  0.7581  3.1493  0.875  1.0266  1.4911  3.3413  0.895  0.59  1.9974  3.28  0.538  0.5444  1.4701  0.7421  0.5053  0.7534  2.7583  0.2975  2.1748  1.6737  0.5596  0.3815  1.0669  0.5786  0.13  2.0488  2.38  1.379  
trainID = 2098  1.3112  0.9815  1.129  1.5651  3.4897  0.4795  0.085  1.4217  0.168  1.3695  0.6034  1.9287  3.3079  3.7785  1.7349  2.3592  0.1693  0.3325  0.86  2.7091  0.4094  1.9703  1.699  0.888  0.0211  6.2319  0.224  1.3174  1.0174  0.9078  3.4438  1.2917  0.1752  0.2226  1.517  1.3936  2.6841  0.5146  0.608  0.359  2.6314  1.405  0.299  
trainID = 2105  2.7871  1.0535  1.915  0.0849  1.2763  0.4093  0.453  1.3989  0.084  0.6842  2.1276  0.4085  5.4946  5.9095  2.9873  4.9734  0.2798  3.217  0.29  2.0286  1.0242  4.4923  1.7374  3.0398  4.0099  4.3254  1.3965  3.8282  0.9799  0.6364  0.6136  2.4634  2.4987  2.5602  2.3485  1.7046  4.7556  3.1541  2.9179  1.1877  3.0059  2.6928  34.622  
trainID = 2173  4.1138  1.4006  0.613  0.079  1.9076  1.4744  34.8376  1.5133  1.8526  0.517  5.0954  3.9893  2.3927  2.0304  1.0923  0.6062  1.643  4.2868  5.8167  2.3891  1.951  2.558  1.3597  4.412  0.4848  6.7051  6.128  5.9746  1.8177  3.9271  3.6684  1.13  1.295  0.4886  3.1129  1.8028  3.9211  2.1233  4.8491  3.5153  33.5048  35.3248  
trainID = 2207  1.5096  2.1351  1.1393  3.3942  0.2758  1.5796  0.948  1.883  0.416  0.4504  2.5192  2.4805  3.7372  1.9945  4.0066  3.4248  0.7877  2.6858  0.894  3.9265  0.272  0.9266  0.483  1.494  1.2431  4.7512  0.716  1.7757  0.0081  2.3758  1.6507  1.1525  0.6893  0.2188  0.897  1.8111  3.2657  2.1452  2.168  1.8976  4.0056  1.9553  
trainID = 2255  4.0155  0.637  3.571  1.124  2.6025  4.5664  34.6336  3.7435  0.323  2.0998  9.328  4.5459  1.2743  0.5739  4.1396  4.8228  2.4078  4.2051  3.6384  0.6226  2.17  1.312  2.4569  2.4598  3.603  9.304  20.8466  1.3031  2.0825  6.6829  3.2593  1.87  2.8592  2.7531  7.6132  2.6936  0.1638  3.033  5.956  2.6708  31.873  35.6097  
trainID = 2268  3.0912  3.8415  0.382  0.7812  0.3707  0.1594  35.1976  0.924  2.6236  1.5308  9.0887  10.1091  4.1069  4.6645  3.0902  2.884  0.735  0.2551  0.9008  3.0627  1.608  2.362  1.5615  6.7624  1.8035  0.6314  1.1933  3.8335  1.4124  0.4368  0.5209  0.1325  1.064  1.8717  0.0173  1.7125  3.3704  0.8667  1.8767  0.1667  1.495  
trainID = 2372  3.1613  1.9933  0.848  1.08  3.6788  1.8874  0.664  0.2924  2.3726  1.3805  0.7915  1.4767  0.1419  1.6961  0.0489  1.2316  0.2627  0.3201  0.245  3.624  0.9952  2.3814  1.4092  1.77  1.3427  1.9356  3.8719  4.4316  1.8465  0.9295  0.8082  2.3433  0.0153  2.9588  0.822  2.9096  4.5127  0.7664  2.8788  0.8897  3.0968  3.136  32.6343  0.177  
trainID = 2421  4.0607  0.2817  0.9778  0.2477  2.2297  1.5614  0.109  1.4698  1.531  0.0661  0.195  1.6308  3.9193  3.2662  0.6081  2.0412  1.2943  2.2944  0.985  3.8364  1.1245  1.3428  0.354  1.375  1.8205  2.6934  0.0389  6.9331  2.5959  4.7187  0.8535  1.763  0.4251  3.0379  0.876  0.6861  5.1387  2.889  2.1873  2.4526  3.1451  0.4938  32.9859  34.9378  
trainID = 2440  4.0318  1.0661  0.086  2.0766  5.2115  1.9035  0.192  0.3747  2.072  1.5293  0.089  1.7298  3.4275  2.0235  3.0167  0.0893  1.7308  1.5239  0.527  3.0401  0.6525  1.3674  0.142  1.33  2.4214  2.3773  1.5798  9.1103  9.4399  5.9688  0.9972  4.0124  1.6599  0.9694  4.1387  3.1507  4.2594  3.3994  0.1086  2.0935  3.5951  1.8468  34.1364  35.9967  
trainID = 2453  3.1674  1.6323  0.096  1.0502  3.6112  0.375  1.054  1.0792  0  4.2405  0.8876  4.4685  4.2983  1.572  2.4521  2.8779  0.0575  1.0238  3.0642  5.688  4.0287  1.357  0.3469  2.173  25.449  11.9422  0.6242  3.8243  6.2753  0.1069  1.4915  2.069  4.6721  7.9386  1.4633  3.8105  3.1711  2.8269  4.0953  30.9447  35.4445  
trainID = 2504  6.5363  0.4519  3.025  0.2828  5.7294  0.6524  35.2376  4.1723  2.4017  1.8782  12.0212  2.3876  1.0499  5.4344  4.6402  4.9362  0.378  2.1314  5.7397  3.6741  0.529  0.389  1.5916  4.4564  0.3324  7.8295  20.108  7.1555  0.3706  6.8732  6.2059  4.2972  2.2442  3.7241  6.4518  4.5572  1.9193  4.7232  2.314  4.489  29.7961  38.5581  
trainID = 2512  1.7679  2.583  2.303  0.506  2.8786  0.1042  0.478  1.0051  1.293  3.657  0.303  3.4505  2.4859  1.3482  0.2244  0.7155  0.4052  2.9168  0.021  5.0288  1.6736  0.1283  0.4327  2.1573  0.7376  14.2669  8.6707  8.4843  1.5182  6.3155  0.672  2.2633  0.474  3.2283  4.0898  0.0901  0.9312  3.2853  6.3916  3.9403  32.0095  36.7012  
trainID = 2536  3.3967  2.8787  2.052  0.638  2.9237  2.5186  0.578  0.0745  2.6113  1.1868  0.5  2.3585  5.0257  1.9188  1.038  1.2388  1.373  0.5496  2.0574  2.3461  1.5439  4.6378  0.473  1.1  0.039  2.1757  0.172  8.5889  6.1626  4.606  0.3691  1.701  0.4365  1.48  1.384  4.7291  4.4365  0.1067  0.7381  2.6065  2.7239  0.7534  33.2806  32.4674  
trainID = 2560  5.6464  1.3695  0.551  2.047  3.2679  2.7554  33.7006  2.8996  0.043  1.7079  9.0368  4.2782  2.0964  3.4329  3.7797  3.1374  0.403  0.8583  5.4687  5.0428  0.205  0.994  1.7273  2.1509  0.2985  9.7366  13.3073  4.3168  0.7765  5.5151  4.1906  2.1739  3.3911  2.4073  3.2938  4.4027  0.8396  2.2823  3.0023  3.0598  29.5931  35.4469  
trainID = 2600  4.6835  1.1286  0.785  2.114  0.2048  0.3518  33.9316  1.5569  0.487  0.4042  7.9078  2.8342  0.5473  3.2846  1.1175  4.0352  0.211  2.3261  3.658  3.8622  0.546  2.102  3.6422  2.2334  2.6021  7.6909  7.0912  5.2767  0.0996  2.0692  3.0429  4.952  2.2753  2.8689  6.4222  2.356  2.0927  4.3122  3.1436  1.387  29.7278  33.4989  
trainID = 2608  5.9436  0.4929  0.739  1.994  2.99  2.0664  35.4246  4.3351  0.266  0.5378  9.5765  3.4745  0.9271  3.1146  1.9821  3.9411  1.331  3.5389  4.1967  4.6427  1.444  1.251  1.257  2.1265  3.9943  12.7572  18.6001  0.3978  0.1827  5.1454  2.8391  2.0959  1.838  2.1997  6.175  3.0416  0.8287  3.8897  4.9583  1.9  33.299  34.0473  
trainID = 2779  4.412  0.5534  0.143  1.668  0.6604  0.7184  1.302  0.3773  0.398  2.7738  0.8543  1.9945  7.4655  2.3315  0.6058  0.5783  4.3008  4.2104  0.905  2.331  1.1791  2.1471  2.162  0.037  0.3666  4.4606  0.263  5.0012  4.7485  4.4073  0.5113  1.3024  2.536  2.2123  1.433  1.7804  1.4354  2.6469  1.8514  2.447  0.498  1.1498  31.8003  35.3553  
trainID = 2784  4.1844  0.0072  1.894  1.2362  0.6497  1.9514  0.9302  0.9683  1.4333  9.2145  2.673  0.52  4.7012  2.7241  1.7731  0.183  4.2468  2.1498  3.5674  1.449  2.11  0.2171  3.726  1.8556  9.1151  9.5104  4.2194  2.4606  3.6821  0.3262  4.4949  2.7995  3.1087  6.5449  1.4391  0.5132  0.2399  5.0101  3.1631  30.8868  34.621  
trainID = 2787  7.9063  1.8758  2.398  2.389  2.3404  0.6014  32.9906  1.1685  1.3795  1.1273  7.1091  5.947  0.7139  4.8518  0.58  2.6479  1.173  4.8249  2.9246  4.6512  2.1296  3.1647  5.1731  4.0139  3.764  1.4641  3.4654  1.0052  0.8454  1.2552  3.8016  2.6196  1.202  1.4006  0.3109  3.6284  3.0808  1.0459  1.8825  2.063  36.368  
trainID = 2813  1.511  0.1839  0.399  2.7724  1.385  0.0736  1.696  0.059  1.097  2.0736  0.748  1.0878  1.7428  2.902  1.6491  0.7259  2.589  2.0847  0.642  2.069  0.1601  0.0187  1.147  2.127  1.2907  1.7785  1.1343  2.1445  1.0764  2.2598  2.1496  0.0789  1.7691  1.2505  2.052  2.4582  0.6809  2.8222  1.5583  0.6667  2.8204  1.4677  1.124  
trainID = 2833  4.3273  3.2235  0.251  1.0025  1.7466  0.6854  1.6508  3.8809  1.658  0.0978  0.503  3.7455  3.6841  0.9763  2.4431  0.9262  0.4006  1.4872  2.6716  5.2911  1.2282  31.7542  0.4545  0.7805  6.3601  6.9584  5.042  4.0209  1.9133  2.0238  0.5234  0.3466  2.2245  2.4878  3.3537  0.1427  1.6171  0.7864  3.4779  2.6457  33.924  35.5154  
trainID = 2836  3.8155  0.4731  2.469  1.286  2.7341  0.1627  0.181  1.4689  1.862  2.2989  0.21  2.4835  1.5044  1.0195  0.92  0.6489  1.6092  1.1458  0.265  4.203  0.236  1.399  0.083  0.548  0.6025  3.8577  2.1506  7.7598  6.0518  5.1394  1.4979  3.0405  0.0707  1.0405  0.262  1.6839  4.5229  1.0881  0.0641  3.5022  3.0269  2.4017  33.8538  34.1767  
trainID = 2846  4.939  1.9065  2.551  0.0542  2.3904  1.5404  1.7696  1.5231  0.848  2.5938  0.289  3.6015  5.3957  0.5138  1.3499  0.4359  1.128  3.4369  2.6334  5.206  1.0818  0.9718  3.423  0.172  0.7774  0.8035  2.1668  15.9067  16.651  14.8353  3.3692  6.6215  2.0324  4.6055  0.269  2.9603  7.5129  2.6842  1.0498  2.9848  4.3279  8.5379  33.6442  35.6438  
trainID = 2857  4.0168  0.4433  1.065  0.641  4.6868  0.9344  0.538  1.2131  0.402  2.9547  0.121  3.9355  6.2884  3.4959  2.1437  1.6362  0.3657  1.4534  1.7515  2.1209  2.627  5.033  3.526  2.471  2.0648  3.2909  0.034  5.2078  4.3066  5.5902  1.6256  4.1122  1.01  1.9735  2.6299  0.9915  4.4669  3.0008  1.8707  1.101  2.7486  2.1234  34.0743  34.0468  
trainID = 2955  4.0229  2.2495  0.409  1.443  2.1108  1.8454  34.8826  1.6755  7.3233  1.9996  10.477  3.7001  1.4751  2.9563  3.6845  3.7752  0.7  1.9735  5.6307  2.9181  0.365  1.239  3.5158  4.3042  1.2315  7.2893  15.7587  4.6742  1.0144  5.8  5.8145  2.0099  3.0749  3.0354  5.2458  3.0156  2.879  1.1645  6.3883  3.4521  31.7179  35.4159  
trainID = 2963  2.7851  1.1047  1.214  3.5309  3.3515  0.7247  0.454  1.1969  0.221  0.2868  1.5293  3.6445  1.0172  1.2435  0.6502  1.5136  2.08  1.6702  1.299  5.4231  0.739  0.4013  0.058  3.6523  9.9343  4.0832  0.9792  2.3416  4.2022  0.2089  0.9208  1.487  1.1834  4.721  0.0405  3.6357  2.1108  2.607  3.8995  33.4636  34.6916  
TrainID = 385  dbValue = 1.2124  nTestCell = 44  nTrainCell = 42  nDiff = 2  (X,Y) = (1455, 1105)  Position Error = 30.8707
TrainID = 649  dbValue = 1.34057  nTestCell = 44  nTrainCell = 44  nDiff = 0  (X,Y) = (1455, 1115)  Position Error = 36.2353
TrainID = 567  dbValue = 1.37841  nTestCell = 44  nTrainCell = 43  nDiff = 1  (X,Y) = (1425, 1135)  Position Error = 43.0465
TrainID = 2098  dbValue = 1.41895  nTestCell = 44  nTrainCell = 43  nDiff = 1  (X,Y) = (1405, 1165)  Position Error = 76.243
TrainID = 2813  dbValue = 1.43084  nTestCell = 44  nTrainCell = 43  nDiff = 1  (X,Y) = (1445, 1135)  Position Error = 46.6154
TrainID = 874  dbValue = 1.46733  nTestCell = 44  nTrainCell = 43  nDiff = 1  (X,Y) = (1445, 1125)  Position Error = 37.5899
TrainID = 837  dbValue = 1.47061  nTestCell = 44  nTrainCell = 42  nDiff = 2  (X,Y) = (1415, 1075)  Position Error = 20.8087
TrainID = 577  dbValue = 1.55454  nTestCell = 44  nTrainCell = 43  nDiff = 1  (X,Y) = (1415, 1055)  Position Error = 38.8973
TrainID = 1733  dbValue = 1.56024  nTestCell = 44  nTrainCell = 42  nDiff = 2  (X,Y) = (1395, 1125)  Position Error = 45.9674
TrainID = 1725  dbValue = 1.58149  nTestCell = 44  nTrainCell = 42  nDiff = 2  (X,Y) = (1365, 1145)  Position Error = 81.5659
TrainID = 990  dbValue = 1.58277  nTestCell = 44  nTrainCell = 43  nDiff = 1  (X,Y) = (1425, 1105)  Position Error = 13.1529
TrainID = 679  dbValue = 1.59899  nTestCell = 44  nTrainCell = 43  nDiff = 1  (X,Y) = (1395, 1095)  Position Error = 32.1403
TrainID = 2094  dbValue = 1.61418  nTestCell = 44  nTrainCell = 44  nDiff = 0  (X,Y) = (1405, 1155)  Position Error = 66.7308
TrainID = 324  dbValue = 1.65962  nTestCell = 44  nTrainCell = 42  nDiff = 2  (X,Y) = (1375, 1065)  Position Error = 58.5918
TrainID = 766  dbValue = 1.66064  nTestCell = 44  nTrainCell = 43  nDiff = 1  (X,Y) = (1345, 1085)  Position Error = 82.2982
TrainID = 594  dbValue = 1.71165  nTestCell = 44  nTrainCell = 42  nDiff = 2  (X,Y) = (1375, 1065)  Position Error = 58.5918
TrainID = 1055  dbValue = 1.72954  nTestCell = 44  nTrainCell = 42  nDiff = 2  (X,Y) = (1375, 1095)  Position Error = 52.0865
TrainID = 1102  dbValue = 1.75671  nTestCell = 44  nTrainCell = 44  nDiff = 0  (X,Y) = (1415, 1165)  Position Error = 73.9797
TrainID = 2207  dbValue = 1.81167  nTestCell = 44  nTrainCell = 42  nDiff = 2  (X,Y) = (1395, 1155)  Position Error = 70.6612
TrainID = 376  dbValue = 1.95145  nTestCell = 44  nTrainCell = 42  nDiff = 2  (X,Y) = (1355, 1055)  Position Error = 80.9506
TrainID = 863  dbValue = 1.97688  nTestCell = 44  nTrainCell = 43  nDiff = 1  (X,Y) = (1325, 1095)  Position Error = 102.044
TrainID = 1640  dbValue = 2.07222  nTestCell = 44  nTrainCell = 44  nDiff = 0  (X,Y) = (1475, 1125)  Position Error = 58.2495
TrainID = 578  dbValue = 2.07654  nTestCell = 44  nTrainCell = 43  nDiff = 1  (X,Y) = (1345, 1075)  Position Error = 83.7437
TrainID = 973  dbValue = 2.17243  nTestCell = 44  nTrainCell = 42  nDiff = 2  (X,Y) = (1375, 1025)  Position Error = 84.8116
TrainID = 2372  dbValue = 2.41044  nTestCell = 44  nTrainCell = 44  nDiff = 0  (X,Y) = (1485, 1135)  Position Error = 72.2011
TrainID = 1038  dbValue = 2.41619  nTestCell = 44  nTrainCell = 43  nDiff = 1  (X,Y) = (1465, 1145)  Position Error = 65.215
TrainID = 519  dbValue = 2.42109  nTestCell = 44  nTrainCell = 44  nDiff = 0  (X,Y) = (1455, 1175)  Position Error = 87.5957
TrainID = 503  dbValue = 2.4224  nTestCell = 44  nTrainCell = 42  nDiff = 2  (X,Y) = (1385, 985)  Position Error = 114.948
TrainID = 879  dbValue = 2.42997  nTestCell = 44  nTrainCell = 43  nDiff = 1  (X,Y) = (1425, 1185)  Position Error = 93.0215
TrainID = 1290  dbValue = 2.43926  nTestCell = 44  nTrainCell = 44  nDiff = 0  (X,Y) = (1465, 1155)  Position Error = 73.5731
TrainID = 1775  dbValue = 2.50022  nTestCell = 44  nTrainCell = 44  nDiff = 0  (X,Y) = (1485, 1155)  Position Error = 85.6329
TrainID = 2082  dbValue = 2.50836  nTestCell = 44  nTrainCell = 43  nDiff = 1  (X,Y) = (1295, 1135)  Position Error = 138.827
TrainID = 1937  dbValue = 2.59044  nTestCell = 44  nTrainCell = 43  nDiff = 1  (X,Y) = (1365, 1185)  Position Error = 111.772
TrainID = 392  dbValue = 2.78719  nTestCell = 44  nTrainCell = 42  nDiff = 2  (X,Y) = (1295, 1065)  Position Error = 134.733
TrainID = 540  dbValue = 2.81493  nTestCell = 44  nTrainCell = 42  nDiff = 2  (X,Y) = (1295, 1075)  Position Error = 133.09
TrainID = 2105  dbValue = 2.97343  nTestCell = 44  nTrainCell = 43  nDiff = 1  (X,Y) = (1365, 1205)  Position Error = 128.891
TrainID = 2268  dbValue = 2.98776  nTestCell = 44  nTrainCell = 41  nDiff = 3  (X,Y) = (1315, 1175)  Position Error = 139.402
TrainID = 1837  dbValue = 3.20547  nTestCell = 44  nTrainCell = 44  nDiff = 0  (X,Y) = (1435, 1185)  Position Error = 93.3435
TrainID = 905  dbValue = 3.25994  nTestCell = 44  nTrainCell = 42  nDiff = 2  (X,Y) = (1315, 965)  Position Error = 169.331
TrainID = 545  dbValue = 3.33911  nTestCell = 44  nTrainCell = 41  nDiff = 3  (X,Y) = (1505, 1175)  Position Error = 113.899
TrainID = 2421  dbValue = 3.35169  nTestCell = 44  nTrainCell = 44  nDiff = 0  (X,Y) = (1435, 1215)  Position Error = 123.26
TrainID = 2836  dbValue = 3.38228  nTestCell = 44  nTrainCell = 44  nDiff = 0  (X,Y) = (1465, 1205)  Position Error = 119.218
TrainID = 2779  dbValue = 3.41626  nTestCell = 44  nTrainCell = 44  nDiff = 0  (X,Y) = (1405, 1225)  Position Error = 134.807
TrainID = 2536  dbValue = 3.49945  nTestCell = 44  nTrainCell = 44  nDiff = 0  (X,Y) = (1485, 1215)  Position Error = 135.989
TrainID = 1920  dbValue = 3.51084  nTestCell = 44  nTrainCell = 44  nDiff = 0  (X,Y) = (1475, 1205)  Position Error = 122.772
TrainID = 1196  dbValue = 3.60205  nTestCell = 44  nTrainCell = 44  nDiff = 0  (X,Y) = (1435, 1225)  Position Error = 133.24
TrainID = 2963  dbValue = 3.66588  nTestCell = 44  nTrainCell = 41  nDiff = 3  (X,Y) = (1525, 1175)  Position Error = 128.425
TrainID = 1703  dbValue = 3.6723  nTestCell = 44  nTrainCell = 44  nDiff = 0  (X,Y) = (1435, 1225)  Position Error = 133.24
TrainID = 1856  dbValue = 3.76274  nTestCell = 44  nTrainCell = 44  nDiff = 0  (X,Y) = (1495, 1225)  Position Error = 149.375
TrainID = 2857  dbValue = 3.86668  nTestCell = 44  nTrainCell = 44  nDiff = 0  (X,Y) = (1425, 1205)  Position Error = 113.018
TrainID = 2440  dbValue = 3.87488  nTestCell = 44  nTrainCell = 44  nDiff = 0  (X,Y) = (1455, 1225)  Position Error = 135.915
TrainID = 1660  dbValue = 3.88584  nTestCell = 44  nTrainCell = 41  nDiff = 3  (X,Y) = (1515, 1205)  Position Error = 143.224
TrainID = 900  dbValue = 3.89705  nTestCell = 44  nTrainCell = 44  nDiff = 0  (X,Y) = (1425, 1235)  Position Error = 143.014
TrainID = 663  dbValue = 3.94063  nTestCell = 44  nTrainCell = 41  nDiff = 3  (X,Y) = (1375, 1225)  Position Error = 142.804
TrainID = 536  dbValue = 3.97128  nTestCell = 44  nTrainCell = 44  nDiff = 0  (X,Y) = (1415, 1235)  Position Error = 143.503
TrainID = 737  dbValue = 3.98514  nTestCell = 44  nTrainCell = 42  nDiff = 2  (X,Y) = (1315, 945)  Position Error = 184.805
TrainID = 2512  dbValue = 4.09373  nTestCell = 44  nTrainCell = 42  nDiff = 2  (X,Y) = (1505, 1245)  Position Error = 171.735
TrainID = 2787  dbValue = 4.22644  nTestCell = 44  nTrainCell = 41  nDiff = 3  (X,Y) = (1365, 1245)  Position Error = 165.085
TrainID = 1058  dbValue = 4.23489  nTestCell = 44  nTrainCell = 44  nDiff = 0  (X,Y) = (1465, 1255)  Position Error = 167.371
TrainID = 2784  dbValue = 4.30489  nTestCell = 44  nTrainCell = 41  nDiff = 3  (X,Y) = (1425, 1265)  Position Error = 173.012
TrainID = 444  dbValue = 4.32958  nTestCell = 44  nTrainCell = 44  nDiff = 0  (X,Y) = (1465, 1235)  Position Error = 147.963
TrainID = 1777  dbValue = 4.38338  nTestCell = 44  nTrainCell = 44  nDiff = 0  (X,Y) = (1465, 1285)  Position Error = 196.705
TrainID = 1255  dbValue = 4.40891  nTestCell = 44  nTrainCell = 42  nDiff = 2  (X,Y) = (1515, 1215)  Position Error = 151.238
TrainID = 2031  dbValue = 4.41751  nTestCell = 44  nTrainCell = 41  nDiff = 3  (X,Y) = (1565, 1185)  Position Error = 166.412
TrainID = 1888  dbValue = 4.42669  nTestCell = 44  nTrainCell = 42  nDiff = 2  (X,Y) = (1515, 1195)  Position Error = 135.473
TrainID = 1124  dbValue = 4.47515  nTestCell = 44  nTrainCell = 44  nDiff = 0  (X,Y) = (1485, 1265)  Position Error = 182.464
TrainID = 2833  dbValue = 4.48175  nTestCell = 44  nTrainCell = 42  nDiff = 2  (X,Y) = (1515, 1185)  Position Error = 128.035
TrainID = 1068  dbValue = 4.60946  nTestCell = 44  nTrainCell = 43  nDiff = 1  (X,Y) = (1265, 925)  Position Error = 232.665
TrainID = 340  dbValue = 4.70763  nTestCell = 44  nTrainCell = 42  nDiff = 2  (X,Y) = (1545, 1215)  Position Error = 170.449
TrainID = 2453  dbValue = 4.7988  nTestCell = 44  nTrainCell = 41  nDiff = 3  (X,Y) = (1535, 1265)  Position Error = 203.944
TrainID = 2600  dbValue = 4.87772  nTestCell = 44  nTrainCell = 42  nDiff = 2  (X,Y) = (1425, 1265)  Position Error = 173.012
TrainID = 472  dbValue = 4.88172  nTestCell = 44  nTrainCell = 42  nDiff = 2  (X,Y) = (1525, 1215)  Position Error = 157.267
TrainID = 2846  dbValue = 4.93497  nTestCell = 44  nTrainCell = 44  nDiff = 0  (X,Y) = (1505, 1285)  Position Error = 208.166
TrainID = 2173  dbValue = 4.94535  nTestCell = 44  nTrainCell = 42  nDiff = 2  (X,Y) = (1425, 1255)  Position Error = 163.012
TrainID = 336  dbValue = 4.99404  nTestCell = 44  nTrainCell = 42  nDiff = 2  (X,Y) = (1395, 1265)  Position Error = 175.935
TrainID = 1576  dbValue = 5.0703  nTestCell = 44  nTrainCell = 42  nDiff = 2  (X,Y) = (1405, 1285)  Position Error = 194.25
TrainID = 1387  dbValue = 5.08031  nTestCell = 44  nTrainCell = 41  nDiff = 3  (X,Y) = (1545, 1255)  Position Error = 201.229
TrainID = 1010  dbValue = 5.20236  nTestCell = 44  nTrainCell = 42  nDiff = 2  (X,Y) = (1565, 1225)  Position Error = 191.659
TrainID = 1524  dbValue = 5.27174  nTestCell = 44  nTrainCell = 42  nDiff = 2  (X,Y) = (1425, 1295)  Position Error = 203.01
TrainID = 2560  dbValue = 5.34843  nTestCell = 44  nTrainCell = 42  nDiff = 2  (X,Y) = (1425, 1285)  Position Error = 193.01
TrainID = 834  dbValue = 5.35216  nTestCell = 44  nTrainCell = 42  nDiff = 2  (X,Y) = (1575, 1255)  Position Error = 220.166
TrainID = 1850  dbValue = 5.40782  nTestCell = 44  nTrainCell = 42  nDiff = 2  (X,Y) = (1535, 1245)  Position Error = 187.278
TrainID = 1794  dbValue = 5.41477  nTestCell = 44  nTrainCell = 42  nDiff = 2  (X,Y) = (1425, 1295)  Position Error = 203.01
TrainID = 1217  dbValue = 5.42628  nTestCell = 44  nTrainCell = 41  nDiff = 3  (X,Y) = (1485, 1305)  Position Error = 220.756
TrainID = 1769  dbValue = 5.43856  nTestCell = 44  nTrainCell = 42  nDiff = 2  (X,Y) = (1535, 1275)  Position Error = 212.492
TrainID = 2063  dbValue = 5.56774  nTestCell = 44  nTrainCell = 42  nDiff = 2  (X,Y) = (1375, 1315)  Position Error = 228.983
TrainID = 1778  dbValue = 5.57653  nTestCell = 44  nTrainCell = 42  nDiff = 2  (X,Y) = (1395, 1305)  Position Error = 215.39
TrainID = 2037  dbValue = 5.59107  nTestCell = 44  nTrainCell = 42  nDiff = 2  (X,Y) = (1465, 1305)  Position Error = 216.363
TrainID = 2608  dbValue = 5.61388  nTestCell = 44  nTrainCell = 42  nDiff = 2  (X,Y) = (1435, 1305)  Position Error = 213.15
TrainID = 1249  dbValue = 5.64026  nTestCell = 44  nTrainCell = 42  nDiff = 2  (X,Y) = (1565, 1255)  Position Error = 213.572
TrainID = 1494  dbValue = 5.67769  nTestCell = 44  nTrainCell = 42  nDiff = 2  (X,Y) = (1575, 1245)  Position Error = 212.869
TrainID = 1580  dbValue = 5.68118  nTestCell = 44  nTrainCell = 42  nDiff = 2  (X,Y) = (1555, 1265)  Position Error = 215.205
TrainID = 513  dbValue = 5.74541  nTestCell = 44  nTrainCell = 42  nDiff = 2  (X,Y) = (1525, 1265)  Position Error = 198.829
TrainID = 1966  dbValue = 5.78659  nTestCell = 44  nTrainCell = 42  nDiff = 2  (X,Y) = (1395, 1315)  Position Error = 225.284
TrainID = 2955  dbValue = 5.80138  nTestCell = 44  nTrainCell = 42  nDiff = 2  (X,Y) = (1385, 1305)  Position Error = 217.101
TrainID = 2255  dbValue = 5.84405  nTestCell = 44  nTrainCell = 42  nDiff = 2  (X,Y) = (1425, 1315)  Position Error = 223.009
TrainID = 918  dbValue = 5.85992  nTestCell = 44  nTrainCell = 42  nDiff = 2  (X,Y) = (1435, 1335)  Position Error = 243.132
TrainID = 1838  dbValue = 5.90979  nTestCell = 44  nTrainCell = 42  nDiff = 2  (X,Y) = (1555, 1275)  Position Error = 223.323
TrainID = 899  dbValue = 5.95245  nTestCell = 44  nTrainCell = 42  nDiff = 2  (X,Y) = (1405, 1325)  Position Error = 234.036
TrainID = 1558  dbValue = 5.96963  nTestCell = 44  nTrainCell = 42  nDiff = 2  (X,Y) = (1555, 1265)  Position Error = 215.205
TrainID = 1927  dbValue = 6.01408  nTestCell = 44  nTrainCell = 42  nDiff = 2  (X,Y) = (1525, 1275)  Position Error = 207.589
TrainID = 1879  dbValue = 6.05493  nTestCell = 44  nTrainCell = 42  nDiff = 2  (X,Y) = (1445, 1315)  Position Error = 223.725
TrainID = 2504  dbValue = 6.23037  nTestCell = 44  nTrainCell = 42  nDiff = 2  (X,Y) = (1395, 1335)  Position Error = 245.098
