trainID = 321  3.9636  2.6984  3.8109  1.7053  2.5066  2.6217  2.495  4.726  0.6737  1.7766  1.4642  1.6232  8.0655  8.5503  0.562  2.359  2.6502  2.883  0.168  2.2001  3.6145  2.0318  3.462  4.4151  3.9349  1.9343  4.4644  1.4247  2.1317  1.9207  2.3068  0.2383  3.8883  2.9767  2.2102  3.4048  1.2925  4.3094  1.5881  0.3089  0.3087  1.4838  
trainID = 333  1.149  4.6307  4.8686  2.6277  0.3928  0.5098  0.2982  1.292  2.434  0.126  0.507  2.4802  4.1487  9.3539  8.638  0.3717  4.9702  3.7303  5.0902  0.641  0.736  1.1171  2.0649  1.989  5.1353  1.5373  0.8313  5.5923  2.6467  1.7314  1.5114  0.8818  0.7631  4.4769  1.2829  0.352  3.726  1.6561  4.1524  2.9618  1.4912  1.0158  2.5741  
trainID = 345  3.8574  4.4508  0.785  0.2008  0.3636  1.1243  2.643  2.3026  1.52  1.3088  3.6189  2.7294  7.3618  10.9472  0.2294  4.6383  2.5335  5.9859  1.321  1.0571  2.5279  2.9912  1.817  6.6689  3.4073  1.8555  7.7135  1.8989  0.1831  1.1234  2.8366  0.9398  3.6214  0.8303  0.165  3.9469  1.9825  3.2581  2.4056  0.874  0.8687  1.3501  
trainID = 346  1.046  6.0045  2.8145  0.9341  0.6265  3.4457  2.272  4.4291  1.608  2.7383  2.4236  3.7118  9.56  12.7442  2.6854  5.9661  3.2417  1.9149  2.5227  0.1232  0.7487  3.3453  3.701  4.025  1.3524  2.2931  11.4769  3.6493  0.4235  4.0957  2.6516  0.157  3.3063  1.417  0.515  1.9248  4.5985  5.1666  2.967  1.6775  0.3716  1.1813  
trainID = 374  0.233  0.8275  2.4948  1.575  1.5394  1.5874  1.8275  1.633  0.6168  1.506  1.2298  0.3743  0.086  0.6835  3.0384  3.1411  2.3943  2.0388  2.8873  2.7457  2.0662  1.3411  0.1304  3.0019  0.9012  0.5356  1.3244  2.8774  0.3855  0.4015  1.0172  1.1664  0.697  2.4074  3.4707  2.9423  1.021  1.1401  2.6576  3.4276  
trainID = 398  0.741  1.8766  3.1127  4.2327  2.7186  1.0998  1.0343  0.8885  0.4533  0.223  0.7444  3.458  4.3536  7.6018  0.9456  4.1631  2.1042  6.5194  5.605  1.244  0.5527  1.4753  1.3222  2.438  5.2233  4.0733  3.5277  6.4056  4.7935  3.1033  2.7013  0.9939  6.3459  3.0222  5.9492  0.828  0.964  1.784  0.9476  0.663  
trainID = 402  0.871  1.2218  4.7587  4.5066  1.0894  2.5461  0.0662  3.262  3.8964  1.69  2.4249  4.325  1.863  4.2635  16.2504  2.8403  6.033  7.1161  0.6515  0.104  2.364  2.3111  1.04  2.556  2.976  0.1868  0.3493  9.0536  5.4127  1.4692  1.6235  3.0392  3.4285  3.7947  1.3298  0.49  2.9974  4.4831  6.0307  2.858  0.9429  1.2996  0.2421  
trainID = 413  7.95  4.9089  1.549  4.9933  3.7168  3.4517  37.7299  4.7568  5.3412  1.677  14.2526  3.5042  4.0304  6.3441  2.9687  6.1288  3.3845  4.6065  7.0047  5.0386  1.129  4.083  6.979  1.4285  5.8158  2.8469  15.9208  2.91  1.1881  6.9852  8.6973  4.1866  2.097  0.5277  3.0341  8.468  4.6882  3.419  1.1139  1.607  
trainID = 518  0.37  2.5523  3.9911  2.9934  2.165  1.1392  1.7147  4.56  0.1986  1.587  5.1322  1.616  4.5403  0.9823  9.3214  2.9458  3.2613  0.2115  3.3797  2.5946  0.537  1.5073  1.1901  2.954  3.092  1.8121  1.4706  5.8587  0.6145  0.9596  1.3705  1.2911  3.1239  4.5588  1.0917  0.435  3.2524  2.6221  3.2744  2.5589  2.3246  1.9316  0.7309  
trainID = 522  1.598  0.47  4.5819  6.3301  2.156  1.1473  3.9106  0.543  3.6736  1.841  5.6232  5.7608  4.8733  13.2872  19.573  16.1392  4.931  10.4141  6.0768  1.824  2.2146  0.1001  1.8493  2.119  4.9773  5.7022  2.4892  9.8572  5.6043  4.7222  2.9369  3.9158  6.7345  1.0173  3.316  0.341  2.8729  6.5984  0.09  1.9647  2.446  0.5516  0.014  
trainID = 571  1.3439  2.9873  2.2668  0.3402  0.5797  1.4554  0.91  3.7531  1.49  2.9166  2.262  2.7145  0.9277  10.5685  2.8132  6.1129  2.5312  0.3781  0.641  0.6184  1.0525  2.8969  4.3477  2.246  1.0203  0.335  7.525  3.9021  1.0966  3.1939  0.3751  1.5312  3.3966  0.0387  0.233  2.0695  4.5923  4.2805  2.9891  2.0613  0.5166  3.9246  
trainID = 572  36.6817  2.6842  2.7917  6.3631  1.5339  1.8483  2.7264  1.169  1.9901  1.4316  2.8869  1.857  1.693  7.3073  2.8789  4.2381  2.8383  4.0035  7.7204  3.7302  0.3112  1.1451  1.1539  0.033  3.225  3.9198  2.3175  7.0255  6.0664  4.1242  1.5175  1.6397  5.5728  1.796  3.9385  1.336  0.9256  0.629  0.4316  0.0104  
trainID = 589  0.586  5.8081  4.4865  2.7239  1.5723  1.6284  0.791  2.7897  1.133  4.789  3.3649  4.9181  6.9772  15.8781  8.654  4.8448  5.3106  5.1318  0.527  2.8021  0.5875  1.6717  2.428  4.8353  2.9296  0.7343  6.5895  6.5179  2.6096  1.7695  3.4598  4.1054  3.6457  3.0826  0.028  4.6058  3.0448  2.6481  1.9843  0.053  2.6076  0.3086  
trainID = 613  5.1442  2.2147  0.556  3.5723  4.2621  2.9677  37.0499  2.0139  2.352  3.7069  13.0862  2.7932  4.4269  6.1138  1.364  6.9358  0.937  3.2386  8.8805  3.0231  2.379  5.1343  4.2503  2.7871  4.9518  5.6053  24.2545  6.4623  0.2709  8.3522  9.5703  7.7908  1.308  3.0526  7.6876  9.1027  5.7398  3.8826  4.4653  4.2987  
trainID = 619  0.424  1.9005  2.8373  0.171  3.7067  0.4734  1.228  1.1459  0.909  1.7703  1.0378  0.662  1.7742  1.9631  2.9276  2.8723  0.1085  1.1914  3.5539  4.1393  1.5768  32.764  0.7472  4.2575  1.8443  0.2198  0.3331  2.7066  2.3294  1.2357  1.3463  1.6937  1.855  1.1129  0.7633  4.4421  2.3972  0.7384  0.2097  2.3812  
trainID = 636  2.2582  2.2112  0.886  3.4573  3.8832  0.6764  3.329  1.9221  0.337  0.011  1.3901  2.5224  7.2977  6.056  1.4118  4.6724  0.4861  4.7881  0.284  0.9195  2.6418  3.9524  2.833  2.968  4.1554  1.051  4.3642  1.4645  4.649  4.9719  0.9704  2.1431  3.0452  4.2015  1.5928  2.901  1.9995  5.0559  3.0337  1.7436  2.6474  2.1662  
trainID = 645  0.177  1.5927  4.2777  5.0596  0.6736  0.3625  1.4501  2.692  1.2261  0.052  3.4053  1.7155  3.6303  2.3754  7.2356  2.2907  3.6678  1.9209  1.6131  1.225  0.6085  0.8918  1.986  3.022  3.546  0.775  2.8307  3.3428  2.5762  0.3995  0.6002  1.7673  2.5966  1.3728  0.5147  0.191  1.2155  2.7828  2.7419  1.4154  1.191  0.0533  0.439  
trainID = 671  5.775  2.0009  1.141  0.293  1.0815  2.3357  37.7159  0.1774  0.6814  3.1697  9.0504  5.1424  4.0868  5.8949  4.384  4.8075  1.93  3.0834  7.5205  2.7243  4.7423  5.0991  5.3635  0.851  5.6333  7.2254  9.1271  2.8002  1.9849  6.9649  5.6573  5.0235  2.1208  0.663  4.5087  7.6549  3.297  1.6236  5.3048  2.5685  
trainID = 714  5.6681  2.2593  1.735  3.4413  4.2799  2.9097  37.4589  1.1516  4.293  1.2431  10.9061  5.8386  4.6852  5.4865  0.5902  3.73  1.302  1.4992  6.7042  2.5978  2.773  3.593  5.8625  1.1259  4.0926  4.8846  9.4186  1.3226  0.5314  6.5071  5.5284  3.2893  2.5057  0.1524  2.3156  8.5535  2.4527  2.3731  3.2238  2.8943  
trainID = 715  0.6729  6.6342  2.2602  0.7319  0.7537  0.1342  5.545  1.2059  1.367  4.1267  2.3566  3.613  5.6686  13.7776  2.8388  5.8987  6.0288  0.0839  2.315  1.4299  1.3117  3.3537  4.6066  3.096  0.2247  3.8004  9.9727  3.7324  2.6783  0.179  1.0696  2.1331  3.3761  1.5484  0.796  2.1087  4.5739  2.5536  3.0921  1.027  0.0125  0.6803  
trainID = 718  2.865  1.2448  3.1812  3.8134  1.4163  3.98  1.8683  0.144  0.2691  2.703  2.6283  2.7655  3.906  9.9279  0.9827  8.6901  4.0798  5.4664  6.6874  1.885  2.0133  0.1726  0.8104  3.657  3.873  2.5209  2.375  10.6305  7.1282  3.6958  2.5658  4.5008  5.5161  2.7382  3.7857  3.5083  2.3122  0.74  0.5986  0.036  
trainID = 742  1.141  0.6679  8.9393  4.303  3.1474  0.3567  1.4307  2.033  3.709  0.924  6.2865  3.6776  6.1346  5.6035  20.9172  5.7707  4.5574  7.495  3.6035  2.0181  2.351  4.195  1.342  0.5479  13.775  7.9663  6.7398  3.5171  3.3618  2.0038  5.6829  2.4288  1.4226  4.7413  4.1149  3.6344  4.3488  2.262  0.0829  0.9033  
trainID = 787  0.954  1.074  6.2959  5.3579  2.8165  0.2193  3.3472  3.29  1.8879  0.408  3.7083  5.2614  6.6717  5.6122  23.9499  16.2269  6.5591  10.5901  3.7653  0.346  2.7724  2.8717  3.9291  0.004  4.639  5.6703  0.6338  11.6474  7.0882  6.0499  1.9811  3.0434  5.9694  2.8776  2.0682  1.339  4.0442  6.5705  3.718  0.1235  2.682  4.6856  2.2356  
trainID = 804  0.033  4.9971  4.6016  1.688  0.8379  2.6777  2.1467  0.4772  4.1131  3.3753  9.29  8.7158  2.7175  3.0051  2.582  5.5235  2.7061  0.7265  4.9167  1.678  2.867  2.688  3.3221  2.556  5.5068  2.5645  2.3912  2.5997  5.2838  4.5859  5.9563  3.913  0.018  2.3236  0.526  7.7929  5.4382  3.3333  2.5317  1.9642  
trainID = 885  0.574  0.264  2.093  3.0979  0.7068  0.5199  3.1802  0.7558  0.5608  1.4203  2.7845  1.7797  0.274  5.1251  0.5689  5.3709  1.2789  2.6623  6.3279  2.076  1.0589  1.6279  0.4043  3.136  2.255  2.074  2.2936  6.4141  1.9511  5.8372  0.5292  1.4473  4.8929  1.7798  2.2529  3.176  1.1309  0.168  2.0045  0.0558  
trainID = 886  0.409  2.2141  4.239  2.0738  0.1877  0.532  0.4061  0.763  2.7275  2.194  1.7877  1.5589  3.4764  1.5825  8.887  3.1984  2.9422  2.7262  1.7304  1.217  1.6412  0.2277  1.2069  4.9215  4.7823  1.4245  0.5651  4.9921  3.4076  2.7064  0.1778  1.5386  1.4681  1.8765  1.7871  1.249  2.299  1.8262  3.4157  2.7141  1.18  1.171  2.5659  
trainID = 944  3.2491  4.2059  2.5197  0.1604  2.0526  0.5068  2.221  4.6712  0.912  1.0492  1.1701  1.8499  3.5578  7.7195  1.6696  4.8596  1.3248  5.7287  1.931  2.8988  3.7718  3.1691  2.817  5.2304  5.2905  0.6947  3.3006  1.6816  0.1804  2.2162  2.8208  0.8518  6.2578  4.4371  0.519  2.4574  0.6361  4.8765  3.2606  0.153  0.2816  2.2408  
trainID = 985  5.3913  3.6227  1.452  1.7765  2.499  2.0657  38.4159  0.3729  3.5955  1.5488  11.1811  5.7177  3.7672  5.1877  3.999  5.0383  1.859  2.855  6.0302  5.2217  0.504  2.895  3.9836  0.5834  4.161  2.287  10.0464  1.7765  1.6701  4.9246  6.7068  4.6486  0.878  0.9671  2.0207  6.0758  6.506  3.2096  1.2315  2.1612  
trainID = 997  3.7468  4.5536  0.126  2.5163  4.1588  2.8357  2.002  5.4317  1.405  3.7265  1.1768  0.357  9.0829  2.1419  6.5853  4.7514  1.823  6.0295  1.008  2.9982  5.6272  2.7052  2.863  3.625  3.6474  1.4202  3.4628  9.0715  11.0011  11.1497  0.683  7.3606  3.7352  5.1856  0.056  0.0347  7.7574  6.3217  3.0567  4.1538  5.0654  2.1331  
trainID = 1000  33.8229  2.7968  5.1404  2.172  4.0672  2.9128  1.7382  1.357  1.2653  1.0183  2.0597  2.2495  4.7449  13.7391  4.3293  9.0895  2.053  5.8561  8.5564  0.777  2.0054  3.4364  0.9589  0.381  5.4167  3.1187  2.8452  6.021  6.9167  6.3072  2.3465  2.2484  6.2218  0.5161  4.9076  2.455  0.0656  1.4683  1.3096  1.5841  
trainID = 1028  3.1918  3.7421  4.3438  2.9169  1.7528  2.5113  1.097  3.5353  1.629  0.251  0.3878  5.0752  4.6755  10.8354  2.6796  5.1249  5.5676  1.1452  0.873  0.0645  2.7589  3.6061  2.763  3.546  0.1701  2.8411  7.132  2.2763  2.4371  0.8511  2.2367  2.2099  2.8411  1.957  2.8437  2.1694  4.7817  4.0962  2.9368  0.523  0.3686  3.2833  
trainID = 1030  1.2855  0.5177  3.6485  0.6062  0.3707  1.8057  0.0028  3.4122  1.46  1.4465  0.4  0.479  2.8797  1.8484  1.596  1.8146  2.6407  0.2479  2.6033  3.4404  1.0271  2.1743  0.718  4.34  1.4506  1.4608  3.7253  3.9548  2.3285  3.982  0.563  1.4271  0.6445  1.9226  3.193  0.833  3.0386  6.3981  1.082  1.1007  0.3545  2.4533  
trainID = 1067  0.8282  1.8694  0.454  1.8615  2.444  1.4506  1.498  2.8453  2.296  2.5314  0.1473  0.476  7.4734  0.3838  5.2772  3.7756  1.4499  4.5653  1.078  3.8161  6.5904  1.3767  1.868  0.117  2.6475  0.6471  2.9936  11.6036  8.2593  14.6427  0.5473  3.9571  1.9617  4.6121  2.7201  2.737  4.1842  8.5699  1.5374  5.4594  2.9707  4.0298  
trainID = 1076  7.2367  1.5585  1.9611  4.3193  2.5447  0.9471  36.2469  0.573  3.092  2.2243  11.2399  3.4554  5.8297  3.6834  2.3222  6.4419  0.735  1.8099  7.0445  0.0602  3.758  4.4599  4.6677  0.5155  4.984  8.0058  16.0227  0.0388  1.7789  6.5023  6.4414  5.8884  3.5841  0.2497  5.6228  7.3481  5.9731  2.6559  3.011  5.2523  
trainID = 1081  2.508  4.1561  2.4615  0.2873  1.2381  1.6922  2.029  0.5035  0.471  2.1377  3.3451  1.1831  2.2153  6.3498  1.6342  4.0813  3.031  2.8943  0.562  0.0125  2.4119  1.1944  1.869  2.568  0.9566  1.362  3.3347  3.5158  0.6934  0.5117  1.8744  0.5511  0.9539  1.5142  1.137  1.3681  1.963  4.5778  1.9251  1.267  0.7936  2.3961  
trainID = 1094  1.32  0.9467  1.7293  1.846  1.0851  1.4152  1.9288  0.559  3.2476  1.5207  0.9053  0.8662  3.7309  3.5601  2.6628  1.6546  1.0152  1.4044  5.4824  3.4935  2.1845  0.0689  1.3972  1.756  2.219  1.1002  2.0001  3.6078  2.5175  0.6137  2.6083  1.2676  1.1383  2.165  0.086  3.9057  1.1095  0.6377  0.3693  0.0449  
trainID = 1149  36.5082  4.5548  5.705  5.5129  3.2549  2.8912  1.6744  2.2889  1.8038  0.5474  5.1279  4.6316  4.5075  17.4814  7.3868  12.2535  3.4628  11.0627  5.0532  2.531  4.265  2.8121  0.6999  0.353  4.4783  8.7318  2.0373  7.6396  7.4429  7.2032  2.9785  4.6648  7.1835  2.1971  5.5254  0.997  2.2786  0.5421  1.4886  0.6454  
trainID = 1168  0.293  2.5813  1.9985  1.824  0.6143  0.3473  0.0582  0.997  1.6231  0.463  1.9174  3.5865  3.8556  0.1518  3.1506  0.0284  3.117  0.1496  2.4864  1.252  1.7434  1.2193  0.5945  2.421  2.686  1.5739  0.0222  2.9298  3.0361  1.681  1.1229  3.1698  0.9055  2.4768  0.1309  0.566  0.9586  1.6979  3.3395  0.9696  0.194  0.41  2.4197  
trainID = 1258  0.212  7.9121  4.2816  0.13  1.6469  3.2176  2.6847  37.8469  1.6975  4.1293  0.012  14.1415  3.7087  2.7099  4.6762  3.7502  5.4131  0.209  2.8225  8.5875  4.4301  2.032  4.273  5.2772  2.4649  5.23  1.9956  14.2588  3.5563  0.694  6.7858  7.9995  3.9601  2.4529  1.2032  4.7513  8.9485  3.3449  5.2339  4.1932  1.9908  
trainID = 1267  4.6254  5.0537  1.847  3.6973  1.5117  0.7484  38.1329  1.3918  2.9531  1.934  14.0491  9.5203  0.3986  4.4803  4.1536  5.5091  0.424  0.5448  5.5574  5.603  4.4739  5.112  3.6392  0.8199  3.3902  2.2982  2.745  1.722  3.0503  3.5682  6.3994  3.3686  0.116  0.974  0.1737  7.3261  4.7009  1.6832  0.404  1.1227  
trainID = 1274  3.7194  1.828  0.412  1.8973  2.8131  1.4548  1.482  4.0556  0.833  0.3124  0.1208  2.505  1.7528  0.6129  2.6731  1.8573  0.4027  3.3739  1.764  3.8066  0.5786  0.9222  2.114  3.443  2.2396  1.8983  1.0883  0.2616  2.5887  5.3941  3.1998  0.5681  1.0339  1.1719  1.94  2.5698  2.7089  5.8424  1.4614  2.3399  2.4255  2.2932  
trainID = 1377  3.7746  6.5026  0.081  3.5083  2.3994  0.4378  1.147  2.3191  3.421  0.9883  3.7046  2.7831  11.1477  11.4502  0.5124  4.0209  2.7773  4.7886  0.223  0.5435  5.1775  2.8654  1.8  4.022  2.0866  0.7259  6.2672  1.5303  0.7987  0.9287  2.0353  0.4821  6.1062  0.8367  1.671  2.957  1.1246  5.7158  4.0661  0.6279  0.1468  1.0367  
trainID = 1390  4.2809  0.4586  2.2081  2.3343  4.9655  0.8907  3.493  3.1571  0.663  1.2447  0.1119  1.3272  6.4634  0.5125  3.8468  4.562  0.1188  2.832  2.9431  2.069  6.431  1.3576  1.458  2.726  2.7617  1.8656  2.0463  10.0994  12.9974  13.5982  0.6999  5.2471  3.7519  3.7962  0.501  5.0024  6.0597  7.153  0.7383  1.2783  2.016  4.3176  
trainID = 1393  5.9046  1.8935  1.44  1.3997  4.366  3.2287  38.2089  3.057  1.0633  0.566  9.2813  1.5999  4.5643  2.9344  0.4989  4.6424  1.722  2.403  9.6465  3.043  1.437  5.0041  3.8803  0.471  1.3779  14.5087  26.4361  8.9506  0.1965  8.3916  5.6487  4.6388  0.901  3.9729  9.8346  8.6136  0.557  3.4473  2.8178  4.9238  
trainID = 1396  3.0861  2.3336  0.509  3.6563  4.6589  3.7567  2.017  1.4129  0.258  1.0426  0.9663  0.217  8.9204  0.0455  5.3876  3.7149  1.1296  3.8485  1.876  3.8644  7.1829  32.777  2.1758  4.9767  0.5177  19.2632  18.9506  15.5394  0.3418  7.7033  4.1851  3.5802  2.0941  5.1644  6.6919  6.1714  1.4614  2.449  4.3823  3.5869  
trainID = 1406  4.5449  1.7496  0.403  2.116  3.6333  2.0347  2.82  2.0942  0.782  0.8263  0.8213  0.107  7.4436  3.5119  6.2351  2.9173  1.8533  2.914  3.4696  6.0113  7.8085  31.554  0.7799  2.2733  2.2893  27.1286  17.327  10.3972  1.4095  7.7638  2.1713  2.9011  0.162  4.3534  5.4839  7.0524  1.4763  5.1558  4.459  5.613  
trainID = 1438  6.0577  1.1594  0.058  4.2993  4.2866  4.2257  3.529  3.7994  4.632  2.5765  1.3213  1.357  9.9812  0.6401  6.0577  3.7951  4.0027  5.0415  3.0724  3.8477  9.2895  33.924  3.2328  1.8181  1.4782  31.0885  21.6478  11.3354  2.8517  10.895  4.0846  3.7711  1.793  6.3474  7.998  5.8542  0.0395  4.828  1.4958  4.8051  
trainID = 1579  2.8955  0.4029  1.26  1.7153  0.7257  2.3777  1.908  2.0996  1.348  1.5014  1.6083  1.321  5.8602  3.9294  3.9858  2.6213  2.7349  1.3979  4.0261  2.9447  4.3641  30.59  0.3599  2.0133  1.7274  10.8598  6.5632  0.8333  1.2728  3.3583  0.3058  1.9024  0.409  3.8553  5.742  4.1833  2.7692  3.108  1.2711  4.1722  
trainID = 1598  2.1892  3.5068  0.216  3.0573  1.174  3.1827  2.62  0.6349  0.479  0.6648  0.3193  2.8841  4.6552  1.5676  3.4986  4.8695  0.2072  3.6374  2.169  3.8587  4.5418  1.2972  2.454  0.133  1.5028  1.4414  2.4746  4.584  6.0061  7.6363  0.3745  2.6403  2.8426  0.9466  0.885  0.2587  3.0303  7.5291  0.994  4.9373  2.4692  4.8142  
trainID = 1722  4.3434  5.6825  1.914  1.1956  0.8666  1.3988  1.767  3.9813  2.244  1.4568  3.1837  3.3574  7.2916  9.8374  0.8618  5.1852  2.7913  6.0203  2.9125  1.979  4.2728  4.1792  0.493  4.9469  3.6559  3.7795  6.1393  0.3513  4.2094  4.6537  1.9364  1.1  6.2393  0.294  2.4291  2.1623  1.8306  7.2385  4.1187  2.109  1.9221  1.8445  
trainID = 1771  3.5701  4.9341  1.715  0.7676  1.4335  2.3327  38.9599  0.1872  1.3906  0.005  10.9873  4.4537  3.0163  4.0193  2.4096  5.3999  2.129  2.587  6.7233  4.0347  1.908  5.1606  7.5882  2.1738  3.7632  4.0819  9.7626  3.4904  0.0723  7.6895  5.0311  2.4714  2.5743  0.7973  5.9323  6.9938  3.6566  3.7195  1.489  3.5996  
trainID = 1772  0.73  3.1594  0.6197  2.6094  0.8565  2.9441  2.1887  1.738  3.8845  0.069  0.7238  1.3143  0.566  5.3888  0.9015  2.5082  3.6066  0.6233  2.6988  3.6962  3.0189  3.7826  2.3643  3.038  3.572  0.508  3.4805  0.2824  4.4293  7.5227  7.247  0.1329  3.3875  3.9417  3.5498  1.05  0.8284  5.0994  5.2728  1.232  1.3167  3.1367  3.0008  
trainID = 1789  3.8844  5.3194  2.6575  1.9296  0.0473  0.5229  38.4559  1.5192  1.2976  1.4384  9.9674  8.0607  2.5206  6.3181  1.7781  3.1979  1.823  0.1655  5.6223  3.7092  3.5  2.815  4.6269  0.8441  3.9245  4.2002  3.5032  0.5644  1.8616  0.084  4.7968  3.8352  1.7419  0.7232  1.907  8.3054  3.7517  1.8336  3.0754  2.3262  
trainID = 1845  4.1219  2.3367  0.167  0.9537  5.1607  4.2477  37.4499  1.032  0.3803  0.717  11.7828  5.0408  2.5344  5.1866  2.891  6.7993  0.42  1.7617  6.3475  6.4551  2.596  5.499  3.9395  0.9035  2.9699  8.1086  13.0668  4.3976  0.5477  7.8757  5.8561  4.9492  1.8621  0.782  3.891  7.8627  1.5396  2.0873  3.0797  4.9615  
trainID = 1883  2.3763  1.3617  1.568  1.8978  1.9423  0.7523  0.1139  1.1961  1.1652  0.6253  0.6363  2.0339  3.1361  4.2243  2.1289  0.9278  0.685  0.2762  1.458  4.525  2.1894  33.298  0.9281  4.7833  1.5524  7.381  5.3102  0.6001  1.5575  3.4031  0.7706  2.7902  0.465  2.3185  3.1186  4.1666  1.5624  2.3486  2.3722  2.7706  
trainID = 1918  1.617  3.4085  3.1444  1.698  1.8725  0.4143  3.1987  2.325  2.267  1.762  0.5355  0.8983  2.6462  8.8698  4.0941  1.9648  2.2815  0.0583  4.4994  0.814  1.2636  5.4324  0.3496  1.736  1.826  1.3232  1.4192  3.5316  2.8866  5.636  4.273  1.1529  3.4691  4.4195  1.9924  1.5032  0.7434  0.8827  4.4761  1.2825  1.4611  1.7112  2.6756  
trainID = 1987  5.3896  4.2604  0.772  2.8833  1.6795  1.1459  1.549  3.9738  1.583  0.0315  1.6351  1.7918  10.8013  8.1046  1.193  7.4251  4.9928  4.2903  2.239  0.1097  3.1258  2.665  3.9492  4.324  2.51  1.472  6.3266  2.0576  0.6951  1.5495  1.0582  1.7921  8.1017  2.096  2.9133  2.2229  0.0823  4.691  3.3814  3.6573  0.9816  1.6594  
trainID = 2085  5.643  1.7469  0.092  1.9416  4.0255  2.1467  3.795  2.042  2.059  0.229  0.2327  1.018  7.0284  2.575  4.7814  1.0874  2.0426  4.4572  0.91  3.3281  3.8295  2.3476  2.173  1.308  1.8116  0.5576  2.4912  7.322  8.4877  8.7631  0.1665  5.0833  3.721  2.4482  1.187  0.3495  3.8879  6.4584  1.9665  1.5401  2.8637  7.2278  
trainID = 2086  7.0159  3.5938  0.3  5.1353  3.4577  2.3737  37.9559  2.0615  0.3631  0.887  11.0643  5.4045  6.2478  4.8015  2.4983  6.7259  3.07  1.1133  8.8425  4.8172  3.9543  1.128  3.3477  0.0173  2.192  7.1024  21.6003  1.253  1.7747  5.9093  7.5903  4.3229  2.1201  0.8245  7.7504  7.6976  3.0517  4.6995  1.2503  3.339  
trainID = 2144  8.0627  3.2311  0.186  3.9863  5.2582  1.3993  37.7399  3.2633  5.5473  1.3201  14.9237  3.9132  5.4614  5.531  2.7367  5.644  2.646  0.7931  6.4258  2.6351  3.8307  6.08  5.2275  2.7512  4.0572  6.3492  22.7692  7.2052  2.2867  5.4728  7.0426  5.3192  1.9726  1.9916  6.7408  7.9509  3.2773  4.6927  2.3381  4.0726  
trainID = 2200  1.7018  3.4746  2.7913  1.1995  2.5109  0.8792  2.547  2.989  2.033  0.3814  0.6658  3.9769  6.1891  5.0243  0.6018  2.0909  1  3.8459  1.214  0.7577  2.9089  0.8469  0.386  3.722  2.9264  2.5666  3.8678  3.9545  2.3901  4.0774  1.4694  1.1287  4.6911  4.4303  1.7941  0.5987  2.179  5.7423  1.7119  3.3833  0.5482  1.2819  
trainID = 2228  5.75  3.8501  0.766  5.7463  2.8267  1.9227  38.3789  0.0633  2.6484  2.0528  13.1856  4.2057  3.6552  5.4848  4.1489  5.7253  2.6754  4.2191  5.4284  2.9264  4.8269  3.023  6.1886  2.1697  4.5017  5.5002  16.5374  3.081  1.7825  6.597  5.228  7.0166  0.673  1.9198  4.1397  7.2965  3.1563  2.1886  3.0039  3.6606  
trainID = 2271  3.2207  0.2502  0.877  2.9643  3.5769  1.269  4.024  4.2909  0.7925  1.2455  2.0228  2.3507  5.8226  0.858  2.7285  5.4723  0.9734  2.7595  3.0261  2.2847  4.7681  2.2887  1.744  2.16  1.7578  2.7978  2.2431  5.0085  5.7455  9.2303  2.2927  7.2437  2.8036  2.5287  3.082  1.341  2.896  7.8241  1.0376  3.1274  1.6316  0.7826  
trainID = 2281  7.0198  1.607  1.657  3.5003  2.2654  3.4337  36.9329  1.6026  0.3572  0.659  12.2935  3.2006  2.4798  5.6086  1.143  7.2686  0.335  2.0855  7.6945  4.1741  3.551  4.4526  2.8601  0.9287  3.1435  8.7276  20.6696  4.0617  1.432  10.3365  6.2674  7.3343  0.576  1.2287  5.4889  7.0836  1.8022  3.1728  2.3329  5.607  
trainID = 2294  2.3973  1.0917  0.041  2.5213  1.8292  0.278  1.065  2.9704  0.298  2.3054  0.7074  2.268  7.206  0.7246  5.9249  4.0414  0.0829  2.7671  3.6159  4.1618  7.7955  2.8856  1.2449  1.9058  1.4274  12.922  12.9223  13.238  1.467  5.6046  5.7947  2.4366  1.913  4.5244  5.5333  7.3455  1.6905  5.34  5.0641  5.3979  
trainID = 2319  0.009  5.053  0.575  0.865  0.2334  3.6603  2.4407  1.956  1.7215  1.174  0.3873  2.3613  0.95  3.4452  3.369  5.766  1.2192  1.3805  0.8094  1.027  5.0451  3.1437  31.565  1.9004  2.6021  0.2426  8.7748  7.922  5.3952  0.2567  6.5485  3.1539  4.4977  0.216  0.4225  7.1742  3.7944  0.7825  3.1554  4.4073  3.4804  
trainID = 2349  1.7852  3.6398  0.446  0.1891  2.2004  0.228  2.625  3.0083  1.026  2.8586  1.4718  0.549  6.1889  4.9698  0.2764  5.095  3.194  2.1458  0.579  0.7903  4.1086  2.3835  2.572  1.669  1.0417  0.1772  3.9527  1.8244  2.3556  3.0519  1.5486  1.7235  2.78  0.4536  1.273  0.5949  0.2518  6.4325  5.7446  2.7267  0.8003  1.9176  
trainID = 2368  5.1893  0.8696  0.661  3.6613  5.3329  1.6074  38.0939  3.3617  2.4407  1.3079  10.976  1.1005  3.207  4.7824  1.9173  4.9623  2.013  2.6034  6.4648  0.8552  4.134  1.237  1.2281  0.8519  0.069  15.7005  28.8616  7.7376  0.6628  7.8803  6.0022  4.8639  1.4653  4.9184  10.2015  9.8166  0.8598  4.13  4.7682  7.496  
trainID = 2444  5.2758  4.9137  0.937  0.4821  2.0967  0.0518  1.165  1.5491  1.421  0.2274  2.4594  3.6703  6.887  4.1914  1.5485  6.2524  1.334  4.2867  1.398  0.3895  6.7786  0.5973  3.744  2.081  5.1624  1.7176  2.8264  7.3522  6.0753  6.2109  1.5934  5.4276  4.8009  1.185  0.388  0.2971  3.32  6.3513  5.2328  1.9614  0.2392  2.6649  
trainID = 2488  3.2394  1.5089  0.696  1.9446  1.1602  0.6102  3.442  3.8623  3.22  1.1716  0.091  4.0035  8.7441  4.7966  3.4259  5.6786  1.0299  6.3593  2.6314  0.2645  6.6189  2.4223  1.955  4.6663  3.3604  1.2686  5.1649  3.8357  4.7916  3.7632  0.573  4.0153  2.1478  2.0833  1.435  1.4441  3.204  6.0398  3.4882  0.6454  0.7919  2.664  
trainID = 2523  3.6729  3.6738  0.51  2.1201  2.2525  0.3501  4.216  2.8174  1.3  0.1239  0.1423  3.2974  4.7169  6.9503  1.2483  3.7963  1.788  4.4436  2.9865  1.5862  3.234  0.8  2.123  3.078  2.7533  0.8294  3.3456  2.5526  3.035  3.6063  1.4814  1.3683  3.4812  2.4117  1.8781  0.6677  1.6827  4.8442  0.1398  1.7233  0.7961  2.6963  
trainID = 2566  3.063  1.0795  2.2832  3.4583  1.0391  2.8487  0.0691  1.9285  1.6781  2.4863  1.0253  0.954  6.0483  1.2765  2.6919  5.2783  0.2073  3.0923  0.542  2.8015  3.4396  3.935  4.1237  0.861  1.8954  1.2859  2.6959  7.0823  8.8958  9.3591  2.3429  5.2852  2.5973  4.1901  0.072  0.7166  4.6428  4.3168  2.3619  1.4828  2.5552  3.558  
trainID = 2598  3.0379  1.4265  2.197  3.4673  4.9562  1.0476  2.182  2.6093  2.89  2.9944  0.9254  1.4042  8.774  1.4603  3.5275  5.2917  0.1307  4.4726  2.162  5.0512  6.7155  3.2703  3.8633  1.775  1.5157  1.2371  1.0075  15.7362  16.6257  18.0594  1.8574  8.3379  4.6335  6.3666  1.195  4.4754  6.1149  6.0655  1.8475  2.3693  3.8787  3.4421  
trainID = 2639  5.8557  5.8784  0.547  0.8641  3.6028  2.9937  36.8529  1.2535  3.083  3.8518  11.3398  8.3835  3.0337  4.8777  4.2465  5.6795  0.988  0.2608  6.3312  4.0236  3.628  3.468  7.0493  1.099  5.968  1.1677  2.6125  3.1951  1.7951  3.6708  6.6842  2.7243  2.163  0.5276  0.9823  7.3409  3.5085  1.1954  1.7832  4.7539  
trainID = 2677  4.5221  4.5381  1.521  2.2321  1.6833  2.0027  36.7429  1.8372  2.8021  4.3381  13.2978  4.3132  2.5661  6.3664  4.1639  5.8964  0.673  0.259  4.1334  4.8098  3.673  2.947  4.8528  1.9958  5.2731  5.499  10.0284  1.9614  3.1508  2.4434  6.0286  4.4633  2.5052  0.5213  1.3237  6.8627  3.9562  2.3082  2.0303  4.1059  
trainID = 2701  7.6897  3.215  1.274  4.9683  4.0153  0.1302  38.3349  3.6522  0.1793  2.1839  9.6318  4.4989  2.4328  6.1105  3.9788  4.2463  1.194  2.4102  6.8944  4.2467  4.0861  2.168  5.4937  1.4434  1.7963  8.4886  17.9143  5.9698  1.3351  7.8927  6.5172  7.1065  1.284  0.926  4.3656  8.6481  3.1201  3.8083  3.9666  1.0885  
trainID = 2733  2.4333  0.4601  0.235  0.2941  0.9571  0.8701  0.3395  3.175  0.687  2.0653  0.8828  3.2107  7.2233  2.8111  2.7445  4.8976  1.3649  1.2469  0.317  3.9897  2.9123  3.7256  0.549  5.435  1.4831  0.5823  0.6772  3.9706  4.183  4.6762  0.9906  3.4313  3.1679  2.4895  1.062  0.7874  2.3116  7.3006  3.3636  4.6756  2.8622  3.5169  
trainID = 2750  4.5882  3.9395  0.006  1.7083  1.4743  0.7591  0.759  2.1227  0.074  1.3039  0.5303  3.7356  9.1272  5.3788  1.07  5.0425  2.4092  6.1228  1.127  0.9558  4.3583  2.0958  2.998  2.575  4.6176  2.9235  4.7738  1.8129  1.7107  4.0296  0.1148  3.6708  6.0444  3.3134  2.2199  1.6741  0.3124  7.0786  3.8191  1.7477  0.9323  4.9449  
trainID = 2832  1.6506  1.9435  0.353  2.0553  2.9557  0.0924  0.838  0.8806  1.586  2.5884  1.2183  0.122  7.2279  1.5361  2.1299  2.353  1.0174  3.9797  1.115  3.6131  6.6018  1.9717  1.205  3.612  3.8769  1.4835  2.9217  10.1374  12.5752  14.6067  0.8568  7.2091  4.9482  2.2911  2.249  3.8353  5.72  7.9556  1.1505  5.0187  2.3887  2.1281  
trainID = 2864  5.9765  0.7314  2.4435  1.8419  3.0422  0.5665  2.726  4.5022  1.701  1.5409  0.1833  2.7761  10.6441  2.4075  5.4918  4.7772  1.3519  3.0648  1  2.2146  5.8378  1.5734  4.3439  2.531  3.2293  1.0467  2.8936  6.4367  10.0419  8.545  0.9068  6.6204  7.4452  4.565  0.964  3.9122  5.5183  5.6442  1.4832  3.8274  2.8144  0.8791  
trainID = 2890  7.0667  2.8094  0.69  1.0262  2.7723  3.0977  38.8119  1.617  1.9385  0.294  12.5116  3.9253  7.5016  6.4518  0.9115  6.505  1.247  3.1462  6.6208  0.0977  2.473  3.195  5.7601  0.3299  3.5936  7.8608  19.8047  1.7693  0.6108  7.709  6.7972  7.1199  1.6158  1.6627  4.8354  9.1427  3.642  3.7698  1.4984  2.7829  
trainID = 2901  6.0523  3.4306  2.2909  3.1783  4.4358  2.1117  37.1359  0.297  1.521  0.706  8.9192  2.2155  1.86  8.1278  0.8635  5.1009  0.197  3.6617  5.5204  0.3698  2.976  1.929  3.7562  1.6139  1.9028  8.3507  10.6803  8.3837  1.2385  5.6677  4.3621  4.6683  0.536  1.4688  3.6774  7.7722  3.4571  2.8941  1.6838  4.4974  
trainID = 2939  3.4344  2.7935  1.155  1.6873  3.1295  2.4627  2.201  1.2095  2.006  1.6857  1.3043  1.281  9.1362  6.2316  5.7226  4.595  2.9502  3.6237  0.388  4.0362  6.9372  2.8356  1.273  3.82  3.4763  0.6325  3.0747  6.1904  6.8023  6.7301  0.4753  6.5107  3.9596  6.1132  1.053  0.153  5.658  5.7619  3.6426  4.7472  1.6632  3.804  
TrainID = 1168  dbValue = 1.55264  nTestCell = 43  nTrainCell = 43  nDiff = 0  (X,Y) = (1935, 1085)  Position Error = 50.8035
TrainID = 374  dbValue = 1.6343  nTestCell = 43  nTrainCell = 40  nDiff = 3  (X,Y) = (1995, 1095)  Position Error = 59.1692
TrainID = 1094  dbValue = 1.77928  nTestCell = 43  nTrainCell = 40  nDiff = 3  (X,Y) = (1955, 1015)  Position Error = 30.6757
TrainID = 1030  dbValue = 1.9209  nTestCell = 43  nTrainCell = 42  nDiff = 1  (X,Y) = (1985, 1125)  Position Error = 83.4326
TrainID = 1081  dbValue = 1.94123  nTestCell = 43  nTrainCell = 42  nDiff = 1  (X,Y) = (1875, 1075)  Position Error = 95.1893
TrainID = 645  dbValue = 1.94193  nTestCell = 43  nTrainCell = 43  nDiff = 0  (X,Y) = (1855, 1045)  Position Error = 110.005
TrainID = 1274  dbValue = 2.0419  nTestCell = 43  nTrainCell = 42  nDiff = 1  (X,Y) = (1975, 1135)  Position Error = 91.5478
TrainID = 885  dbValue = 2.14776  nTestCell = 43  nTrainCell = 40  nDiff = 3  (X,Y) = (1915, 975)  Position Error = 85.2115
TrainID = 886  dbValue = 2.18598  nTestCell = 43  nTrainCell = 43  nDiff = 0  (X,Y) = (1855, 1075)  Position Error = 114.285
TrainID = 2349  dbValue = 2.20595  nTestCell = 43  nTrainCell = 42  nDiff = 1  (X,Y) = (1885, 1125)  Position Error = 113.846
TrainID = 2523  dbValue = 2.39335  nTestCell = 43  nTrainCell = 42  nDiff = 1  (X,Y) = (1905, 1145)  Position Error = 117.478
TrainID = 571  dbValue = 2.41036  nTestCell = 43  nTrainCell = 42  nDiff = 1  (X,Y) = (1825, 1045)  Position Error = 140.004
TrainID = 1918  dbValue = 2.41433  nTestCell = 43  nTrainCell = 43  nDiff = 0  (X,Y) = (1905, 1175)  Position Error = 144.087
TrainID = 518  dbValue = 2.41438  nTestCell = 43  nTrainCell = 43  nDiff = 0  (X,Y) = (1865, 1075)  Position Error = 104.695
TrainID = 2200  dbValue = 2.43999  nTestCell = 43  nTrainCell = 42  nDiff = 1  (X,Y) = (1905, 1155)  Position Error = 126.178
TrainID = 2733  dbValue = 2.48473  nTestCell = 43  nTrainCell = 42  nDiff = 1  (X,Y) = (1935, 1175)  Position Error = 134.391
TrainID = 619  dbValue = 2.49376  nTestCell = 43  nTrainCell = 40  nDiff = 3  (X,Y) = (1995, 1085)  Position Error = 50.8035
TrainID = 333  dbValue = 2.52295  nTestCell = 43  nTrainCell = 43  nDiff = 0  (X,Y) = (1825, 1135)  Position Error = 166.976
TrainID = 1598  dbValue = 2.59963  nTestCell = 43  nTrainCell = 42  nDiff = 1  (X,Y) = (1945, 1185)  Position Error = 142.411
TrainID = 1772  dbValue = 2.60514  nTestCell = 43  nTrainCell = 43  nDiff = 0  (X,Y) = (1985, 1185)  Position Error = 142.411
TrainID = 321  dbValue = 2.64652  nTestCell = 43  nTrainCell = 42  nDiff = 1  (X,Y) = (1855, 1145)  Position Error = 149.335
TrainID = 944  dbValue = 2.65244  nTestCell = 43  nTrainCell = 42  nDiff = 1  (X,Y) = (1855, 1135)  Position Error = 142.762
TrainID = 345  dbValue = 2.67249  nTestCell = 43  nTrainCell = 42  nDiff = 1  (X,Y) = (1795, 1105)  Position Error = 180.613
TrainID = 636  dbValue = 2.69883  nTestCell = 43  nTrainCell = 42  nDiff = 1  (X,Y) = (1895, 1175)  Position Error = 148.529
TrainID = 398  dbValue = 2.75584  nTestCell = 43  nTrainCell = 40  nDiff = 3  (X,Y) = (1895, 945)  Position Error = 121.248
TrainID = 1377  dbValue = 2.84616  nTestCell = 43  nTrainCell = 42  nDiff = 1  (X,Y) = (1825, 1135)  Position Error = 166.976
TrainID = 2750  dbValue = 2.85719  nTestCell = 43  nTrainCell = 42  nDiff = 1  (X,Y) = (1855, 1195)  Position Error = 186.818
TrainID = 1028  dbValue = 2.85783  nTestCell = 43  nTrainCell = 42  nDiff = 1  (X,Y) = (1825, 1065)  Position Error = 141.566
TrainID = 2566  dbValue = 2.89396  nTestCell = 43  nTrainCell = 42  nDiff = 1  (X,Y) = (1955, 1205)  Position Error = 161.31
TrainID = 1883  dbValue = 2.91792  nTestCell = 43  nTrainCell = 40  nDiff = 3  (X,Y) = (2035, 1135)  Position Error = 114.809
TrainID = 715  dbValue = 2.93737  nTestCell = 43  nTrainCell = 42  nDiff = 1  (X,Y) = (1795, 1055)  Position Error = 170.356
TrainID = 2488  dbValue = 2.95854  nTestCell = 43  nTrainCell = 42  nDiff = 1  (X,Y) = (1885, 1195)  Position Error = 170.883
TrainID = 2271  dbValue = 2.97963  nTestCell = 43  nTrainCell = 42  nDiff = 1  (X,Y) = (1955, 1185)  Position Error = 141.354
TrainID = 2444  dbValue = 3.01295  nTestCell = 43  nTrainCell = 42  nDiff = 1  (X,Y) = (1915, 1195)  Position Error = 159.063
TrainID = 402  dbValue = 3.02461  nTestCell = 43  nTrainCell = 43  nDiff = 0  (X,Y) = (1775, 1015)  Position Error = 192.2
TrainID = 1987  dbValue = 3.02768  nTestCell = 43  nTrainCell = 42  nDiff = 1  (X,Y) = (1815, 1165)  Position Error = 192.72
TrainID = 2085  dbValue = 3.02792  nTestCell = 43  nTrainCell = 42  nDiff = 1  (X,Y) = (1965, 1215)  Position Error = 171
TrainID = 346  dbValue = 3.13946  nTestCell = 43  nTrainCell = 42  nDiff = 1  (X,Y) = (1795, 1075)  Position Error = 172.803
TrainID = 1722  dbValue = 3.2899  nTestCell = 43  nTrainCell = 42  nDiff = 1  (X,Y) = (1845, 1165)  Position Error = 170.414
TrainID = 718  dbValue = 3.29206  nTestCell = 43  nTrainCell = 40  nDiff = 3  (X,Y) = (1855, 935)  Position Error = 154.858
TrainID = 1067  dbValue = 3.34651  nTestCell = 43  nTrainCell = 42  nDiff = 1  (X,Y) = (1975, 1245)  Position Error = 201.249
TrainID = 804  dbValue = 3.37427  nTestCell = 43  nTrainCell = 40  nDiff = 3  (X,Y) = (1845, 1205)  Position Error = 200.801
TrainID = 1579  dbValue = 3.4081  nTestCell = 43  nTrainCell = 40  nDiff = 3  (X,Y) = (2035, 1185)  Position Error = 157.42
TrainID = 2832  dbValue = 3.42855  nTestCell = 43  nTrainCell = 42  nDiff = 1  (X,Y) = (1985, 1235)  Position Error = 192.044
TrainID = 1390  dbValue = 3.43774  nTestCell = 43  nTrainCell = 42  nDiff = 1  (X,Y) = (1975, 1245)  Position Error = 201.249
TrainID = 589  dbValue = 3.4515  nTestCell = 43  nTrainCell = 42  nDiff = 1  (X,Y) = (1805, 965)  Position Error = 178.44
TrainID = 2939  dbValue = 3.48446  nTestCell = 43  nTrainCell = 42  nDiff = 1  (X,Y) = (1925, 1245)  Position Error = 204.941
TrainID = 2319  dbValue = 3.48496  nTestCell = 43  nTrainCell = 41  nDiff = 2  (X,Y) = (2035, 1185)  Position Error = 157.42
TrainID = 2864  dbValue = 3.57245  nTestCell = 43  nTrainCell = 42  nDiff = 1  (X,Y) = (1935, 1255)  Position Error = 213.122
TrainID = 572  dbValue = 3.63731  nTestCell = 43  nTrainCell = 40  nDiff = 3  (X,Y) = (1935, 935)  Position Error = 113.053
TrainID = 2294  dbValue = 3.81876  nTestCell = 43  nTrainCell = 40  nDiff = 3  (X,Y) = (2005, 1245)  Position Error = 204.941
TrainID = 1789  dbValue = 3.96138  nTestCell = 43  nTrainCell = 40  nDiff = 3  (X,Y) = (1855, 1205)  Position Error = 194.99
TrainID = 997  dbValue = 3.96602  nTestCell = 43  nTrainCell = 42  nDiff = 1  (X,Y) = (1945, 1255)  Position Error = 211.946
TrainID = 742  dbValue = 4.20344  nTestCell = 43  nTrainCell = 40  nDiff = 3  (X,Y) = (1735, 985)  Position Error = 237.447
TrainID = 1267  dbValue = 4.23057  nTestCell = 43  nTrainCell = 40  nDiff = 3  (X,Y) = (1815, 1175)  Position Error = 199.151
TrainID = 1000  dbValue = 4.25689  nTestCell = 43  nTrainCell = 40  nDiff = 3  (X,Y) = (1855, 905)  Position Error = 177.26
TrainID = 2598  dbValue = 4.29517  nTestCell = 43  nTrainCell = 42  nDiff = 1  (X,Y) = (1995, 1275)  Position Error = 232.94
TrainID = 522  dbValue = 4.35322  nTestCell = 43  nTrainCell = 43  nDiff = 0  (X,Y) = (1795, 915)  Position Error = 213.403
TrainID = 985  dbValue = 4.47085  nTestCell = 43  nTrainCell = 40  nDiff = 3  (X,Y) = (1865, 1265)  Position Error = 242.572
TrainID = 2639  dbValue = 4.4816  nTestCell = 43  nTrainCell = 40  nDiff = 3  (X,Y) = (1845, 1205)  Position Error = 200.801
TrainID = 2901  dbValue = 4.48778  nTestCell = 43  nTrainCell = 40  nDiff = 3  (X,Y) = (1925, 1255)  Position Error = 214.758
TrainID = 714  dbValue = 4.52949  nTestCell = 43  nTrainCell = 40  nDiff = 3  (X,Y) = (1865, 1255)  Position Error = 233.497
TrainID = 787  dbValue = 4.53455  nTestCell = 43  nTrainCell = 43  nDiff = 0  (X,Y) = (1765, 915)  Position Error = 237.994
TrainID = 1771  dbValue = 4.57528  nTestCell = 43  nTrainCell = 40  nDiff = 3  (X,Y) = (1875, 1275)  Position Error = 247.913
TrainID = 2677  dbValue = 4.61572  nTestCell = 43  nTrainCell = 40  nDiff = 3  (X,Y) = (1845, 1265)  Position Error = 251.478
TrainID = 671  dbValue = 4.78024  nTestCell = 43  nTrainCell = 40  nDiff = 3  (X,Y) = (1885, 1255)  Position Error = 225.657
TrainID = 1845  dbValue = 4.81404  nTestCell = 43  nTrainCell = 40  nDiff = 3  (X,Y) = (1905, 1275)  Position Error = 238.665
TrainID = 1258  dbValue = 4.99671  nTestCell = 43  nTrainCell = 41  nDiff = 2  (X,Y) = (1855, 1305)  Position Error = 283.233
TrainID = 1076  dbValue = 5.00215  nTestCell = 43  nTrainCell = 40  nDiff = 3  (X,Y) = (1875, 1285)  Position Error = 257.257
TrainID = 1396  dbValue = 5.04741  nTestCell = 43  nTrainCell = 40  nDiff = 3  (X,Y) = (2015, 1275)  Position Error = 236.349
TrainID = 1406  dbValue = 5.09619  nTestCell = 43  nTrainCell = 40  nDiff = 3  (X,Y) = (2025, 1285)  Position Error = 248.357
TrainID = 2890  dbValue = 5.12538  nTestCell = 43  nTrainCell = 40  nDiff = 3  (X,Y) = (1905, 1305)  Position Error = 267.808
TrainID = 2281  dbValue = 5.15938  nTestCell = 43  nTrainCell = 40  nDiff = 3  (X,Y) = (1925, 1305)  Position Error = 264.047
TrainID = 2228  dbValue = 5.20378  nTestCell = 43  nTrainCell = 40  nDiff = 3  (X,Y) = (1875, 1295)  Position Error = 266.648
TrainID = 2086  dbValue = 5.21636  nTestCell = 43  nTrainCell = 40  nDiff = 3  (X,Y) = (1905, 1305)  Position Error = 267.808
TrainID = 2701  dbValue = 5.21765  nTestCell = 43  nTrainCell = 40  nDiff = 3  (X,Y) = (1925, 1295)  Position Error = 254.167
TrainID = 1149  dbValue = 5.3101  nTestCell = 43  nTrainCell = 40  nDiff = 3  (X,Y) = (1835, 875)  Position Error = 213.216
TrainID = 1393  dbValue = 5.43682  nTestCell = 43  nTrainCell = 40  nDiff = 3  (X,Y) = (1975, 1305)  Position Error = 261.192
TrainID = 413  dbValue = 5.51157  nTestCell = 43  nTrainCell = 40  nDiff = 3  (X,Y) = (1875, 1305)  Position Error = 276.082
TrainID = 2368  dbValue = 5.60731  nTestCell = 43  nTrainCell = 40  nDiff = 3  (X,Y) = (1985, 1315)  Position Error = 271.737
TrainID = 2144  dbValue = 5.80331  nTestCell = 43  nTrainCell = 40  nDiff = 3  (X,Y) = (1905, 1355)  Position Error = 316.735
TrainID = 613  dbValue = 5.89962  nTestCell = 43  nTrainCell = 40  nDiff = 3  (X,Y) = (1895, 1345)  Position Error = 309.032
TrainID = 1438  dbValue = 6.05795  nTestCell = 43  nTrainCell = 40  nDiff = 3  (X,Y) = (2015, 1295)  Position Error = 255.932
