trainID = 139  0.3527  2.0288  3.2905  2.7899  0.4014  1.1331  33.1847  1.242  0.286  1.0693  1.2885  6.3832  1.2198  2.5574  1.0872  2.8383  1.8803  2.935  3.976  0.5466  1.6314  0.741  2.443  4.7854  0.6606  1.6089  1.5702  2.4868  4.7262  0.2185  1.0669  3.9647  0.0753  0.586  2.6234  9.0387  0.5031  0.8368  0.0812  0.2202  2.9829  1.318  1.833  6.1933  0.4595  
trainID = 143  0.8945  0.986  4.4965  2.6901  0.1796  4.2093  0.585  1.5046  2.2989  0.3198  0.1583  0.0457  3.4327  1.9943  0.2317  0.2401  2.182  0.1704  2.0138  0.7697  1.5217  1.4799  1.48  2.1101  1.2419  0.4693  8.0973  0.1386  0.2077  3.2327  0.3971  0.7517  1.2626  2.1277  6.6851  1.7952  3.3352  0.4364  3.0705  1.5197  2.853  2.602  0.4412  0.0645  0.382  
trainID = 144  2.451  1.1387  4.0095  2.2731  1.045  4.6893  34.1541  0.5813  2.0949  2.57  3.8482  1.4682  0.929  0.7075  0.8573  1.0718  1.863  3.7581  3.9485  3.0444  2.126  2.21  2.1415  2.0517  1.086  0.4646  3.3798  4.232  0.213  0.9014  1.0013  1.443  0.6092  0.1766  7.552  4.0177  0.6271  1.7085  1.7644  1.8129  4.6369  1.3523  1.6474  
trainID = 171  1.0159  4.7684  3.8625  0.6909  2.3678  1.7217  35.974  2.0372  1.257  4.11  4.528  9.0662  4.7853  1.3755  4.0709  0.893  0.2  8.0331  3.1858  36.5006  4.7119  3.9137  2.709  26.599  12.6801  4.0754  3.0706  6.504  2.5813  0.5179  0.565  6.6812  12.0915  0.2366  2.1363  4.0626  1.5138  3.5308  34.1261  5.5269  3.8813  0.9431  0.438  
trainID = 194  1.0809  0.5393  3.1945  0.3535  0.3019  0.4366  34.1101  0.624  1.8641  2.6255  1.4794  7.7158  3.7351  1.4639  0.5131  3.5759  1.9368  0.462  4.0709  3.615  0.0491  1.821  2.104  5.0254  1.01  1.2511  0.2474  3.031  6.4615  0.9807  0.2336  1.0231  1.0709  0.3018  1.6285  5.1897  0.8319  1.4731  1.8923  0.7785  2.132  1.488  1.466  
trainID = 204  0.3279  0.1252  3.4225  2.7231  0.6482  4.5073  0.733  2.7493  3.6025  0.2285  1.253  0.8118  1.6795  0.8372  1.1553  2.0154  0.114  0.8168  0.3243  1.2132  0.356  0.436  0.635  0.489  2.6065  0.285  9.6638  0.2074  2.063  5.3992  0.8165  0.9427  0.1091  2.3179  7.1689  1.2345  4.0971  0.4046  2.1575  5.0113  2.339  3.457  0.5993  0.1733  1.664  
trainID = 240  1.8502  0.5412  3.8775  2.6002  2.2508  0.169  35.2835  0.878  0.1345  2.014  0.708  5.9797  1.6577  0.4639  1.5628  0.073  0.6076  1.218  3.6071  1.9531  2.3583  1.6689  1.168  2.5318  3.4441  1.2121  0.7834  0.8916  3.0968  1.3745  0.578  3.4046  2.8948  1.431  1.6892  7.2277  0.7107  0.4374  0.7559  1.2143  1.3003  1.325  1.018  
trainID = 270  2.003  0.8379  1.0862  0.4497  1.4248  2.8273  1.076  0.2845  6.3378  1.2256  1.5014  2.2505  1.6546  1.5505  0.7548  1.4123  30.6322  0.497  2.0603  1.6368  1.2339  1.1956  3.3181  2.0471  1.6839  3.3159  0.8353  0.5118  0.1422  0.1478  0.6808  0.5206  0.5899  1.9096  3.6991  3.1199  0.2969  0.6293  2.439  3.658  1.7083  0.2961  1.796  
trainID = 377  0.2055  0.7295  3.5025  1.7161  1.2041  2.8233  34.3426  0.3358  0.33  4.857  3.3315  3.3926  2.5625  1.3516  0.1408  1.5191  2.306  1.4664  0.0336  1.5462  0.488  1.1371  3.0875  0.7742  0.2451  2.1607  3.7213  8.749  1.9621  6.1718  0.7572  0.1247  1.302  1.945  8.4571  0.3667  1.6952  3.4776  0.9599  3.8989  30.18  2.89  2.0823  3.1354  
trainID = 401  0.4336  1.7285  3.0545  2.0531  1.8098  1.1521  1.062  0.8282  3.4121  0.9196  1.7371  0.1908  1.5295  1.4211  2.1119  0.9777  0.22  2.4608  2.3175  1.4966  0.356  2.057  0.3453  1.1272  0.0031  0.2776  6.0118  1.9436  1.3878  1.475  2.154  3.6551  0.8598  2.2251  7.2135  0.972  1.0005  1.5427  0.0425  2.7488  1.85  2.6563  0.3279  
trainID = 438  2.426  0.3486  5.3325  1.0613  2.3264  5.7543  1.088  1.5323  4.7431  0.999  0.1415  0.8766  5.5245  0.6511  1.4001  0.0974  0.407  0.3178  1.2816  0.8896  0.258  0.468  1.912  0.8325  1.5444  2.5384  11.8981  1.9442  0.2213  4.7891  2.7488  0.2354  0.291  1.9694  6.9756  0.7603  1.0227  1.522  1.1169  2.3293  29.3963  5.0164  0.2032  0.7422  
trainID = 456  2.3979  3.1551  4.0555  0.4299  1.6136  0.2274  34.6662  0.9891  0.4712  2.611  6.0822  9.5794  3.4876  3.558  5.3531  2.7955  4.5248  6.258  1.2894  0.2993  2.705  1.991  6.1615  3.5009  2.9543  5.5914  10.5019  8.1037  2.1211  5.6351  3.4674  2.6721  5.171  5.1551  7.0464  0.2246  0.7388  4.0117  1.7721  2.6269  33.0716  0.682  3.7393  2.4055  2.178  
trainID = 471  1.6906  2.0868  5.2365  1.7856  0.7417  0.4729  0.83  0.25  0.0114  2.2953  0.1139  3.472  0.525  0.4768  0.1456  1.8802  1.1755  1.501  0.635  1.3185  0.4373  0.9874  0.8719  1.2113  0.4715  3.8768  0.8764  0.3695  0.3474  0.8918  1.446  3.0525  1.3939  1.035  1.1075  4.3225  0.6651  4.1785  1.1267  0.4499  3.0604  1.22  1.8253  1.5223  
trainID = 516  3.2117  0.6252  3.5355  1.3511  0.0049  1.3685  1.662  1.7175  2.795  0.7233  2.1029  1.0407  3.4143  0.7027  2.4311  0.5942  1.46  2.56  2.7038  0.2868  0.016  0.013  0.4456  2.3836  2.1914  2.139  4.3896  3.6813  1.0757  2.4106  0.9853  1.6002  0.3349  4.1597  6.4433  1.187  2.5511  2.1134  0.689  3.7256  1.71  1.022  1.6183  0.3682  0.082  
trainID = 546  0.7687  2.697  4.8835  0.9618  0.8814  2.0814  34.8581  1.7233  0.844  0.5464  5.0545  4.905  2.9645  0.2394  3.146  0.6643  2.57  3.8243  2.0356  0.1831  1.399  0.4  3.2566  3.625  0.7034  8.1679  9.9908  12.0711  2.2445  5.7891  0.451  0.7997  1.478  4.2461  8.3828  1.7128  1.165  0.9319  1.7195  5.167  32.4844  0.394  2.2113  0.7745  
trainID = 550  0.3491  0.1104  2.3435  0.0161  0.4852  2.2359  34.1818  1.266  0.6842  1.039  1.3719  2.4958  3.5838  1.4933  0.249  3.2221  2.4324  2.576  2.0401  1.3038  0.0935  0.398  4.44  4.4972  4.6865  0.0039  3.6467  6.5182  8.1454  1.9836  3.0247  1.4131  1.2944  0.1189  4.8998  6.8611  3.8677  0.5489  4.4863  1.3032  2.2032  30.9997  2.156  3.1163  0.2195  1.233  
trainID = 697  1.7744  1.048  4.6705  1.2991  2.1405  2.8703  34.2014  1.8234  0.422  3.186  5.8259  3.6229  3.757  1.6716  2.7104  3.7825  2.478  0.5278  0.0232  1.8395  1.25  1.83  3.8888  2.6198  3.3886  2.3036  6.8976  7.5336  2.9407  1.6686  3.2135  1.9717  0.2939  2.7818  9.5002  1.4056  0.4824  2.2107  1.4562  2.9836  31.963  1.246  2.2093  1.0036  
trainID = 770  2.4826  0.9594  3.4685  1.2271  0.5162  0.3009  0.323  2.3389  3.5013  1.4559  1.057  3.6591  4.2911  2.1305  1.1599  2.2027  2.8653  2.8365  3.5428  0.3311  0.73  1.759  2.2  1.9359  3.0199  2.9199  21.9818  3.949  0.8405  6.5692  4.8003  3.672  1.1005  6.6972  11.1332  1.5319  5.8072  4.4039  3.5569  4.5546  31.0869  4.047  0.2634  2.6086  1.391  
trainID = 791  0.4997  2.5411  1.9408  1.7101  2.1586  0.0651  35.3703  0.003  1.5779  3.117  1.1641  1.1159  1.6658  1.5396  0.4935  2.4529  0.0694  1.839  0.256  2.3513  1.0519  1.5067  0.881  2.1235  1.2531  0.3525  2.4911  1.7431  1.8009  0.9949  0.5098  1.7681  2.232  0.4831  0.405  1.2541  0.2736  2.4503  0.502  0.5878  0.67  2.247  34.2538  1.82  
trainID = 884  0.7264  1.0108  1.304  0.8531  0.9355  0.7729  0.056  0.812  4.968  0.8163  1.2943  1.2629  3.185  2.2343  0.0293  0.6011  2.8547  4.3709  1.0244  1.0701  0.593  1.1432  3.6464  0.5473  1.1166  0.7549  2.1876  1.9445  0.1912  3.794  2.7597  1.9255  0.389  3.2415  5.4568  0.3156  2.6534  2.4631  0.2717  1.3429  2.638  1.6183  2.2667  0.236  
trainID = 957  1.4706  0.6799  2.5966  2.7641  1.0008  3.2403  1.335  2.6412  1.6765  1.2513  0.9174  2.1361  3.0509  2.6073  0.5136  0.3514  1.176  0.2999  1.6319  2.3894  0.438  1.927  2.7764  0.2879  0.6665  1.8696  9.4464  0.5257  0.9644  2.7394  1.6669  0.0633  0.755  0.5645  8.1671  0.951  3.0798  3.6129  1.6143  2.6621  3.384  1.55  2.5073  0.0616  2.555  
trainID = 960  2.5679  3.1439  2.5268  0.408  0.4965  1.6724  36.05  0.504  0.972  0.7687  1.7236  7.417  6.5891  4.669  1.9866  3.4805  3.035  1.999  6.22  1.145  35.0386  6.5202  6.0927  3.6749  4.6444  7.2138  6.8884  3.5708  4.0843  3.3818  0.8539  2.497  4.4407  12.3753  1.5484  2.6866  1.33  1.2177  2.3002  33.7344  2.988  2.3683  1.6441  
trainID = 1077  1.1538  1.3112  7.0085  0.2419  2.9882  3.0473  3.5693  1.7936  1.4058  0.0882  3.822  3.9753  0.3404  1.0616  1.4225  0.201  2.6808  2.2414  1.302  0.726  0.097  2.1994  2.6333  0.3524  5.0001  23.6143  2.8326  1.6347  7.242  2.3468  1.0226  2.1956  5.0093  11.8158  2.5493  4.1701  3.5375  3.0002  4.6864  31.375  4.3183  0.1896  2.3122  0.57  
trainID = 1143  2.0878  1.1179  3.7865  0.5057  2.634  0.4282  0.311  1.373  0.1111  2.7404  0.7377  0.3079  1.3785  0.4324  2.0433  0.9368  0.7602  1.213  0.2462  1.7796  0.9708  0.554  1.965  2.4669  1.4666  0.0919  4.2838  0.5069  0.9597  0.0477  0.4956  0.3359  3.2307  0.1208  0.5899  1.4882  0.4297  1.9583  0.4876  1.9143  0.3552  33.9058  1.32  
trainID = 1184  2.4985  2.7547  1.7766  0.3225  0.0921  1.2478  32.9445  2.1685  2.6039  1.5686  5.0596  3.6732  1.8831  0.3188  1.2334  2.0203  0.694  1.4017  0.2608  1.5747  1.854  0.51  1.6673  2.4933  0.8019  0.6186  4.8586  4.7638  0.4506  2.1785  0.3742  0.9108  1.927  2.8734  8.4215  0.1367  0.3158  2.7208  2.3053  4.465  1.371  0.458  1.7693  2.326  
trainID = 1188  1.8511  3.4448  1.2397  1.3321  0.1263  0.7261  36.1971  1.9968  2.9214  3.322  6.4285  1.1489  0.583  0.0098  4.319  4.5996  4.1727  5.6646  1.2546  1.8024  0.681  1.587  4.18  2.5065  1.4256  1.9841  2.6197  5.0115  2.8744  0.679  0.4612  3.7018  0.2174  1.823  7.3786  0.7503  1.2147  2.1715  0.5828  1.4182  32.6592  3.093  3.0683  2.5053  
trainID = 1193  0.7855  1.6393  5.1915  0.5549  0.1016  1.8243  0.073  2.9107  0.874  3.407  0.9668  0.9494  4.8626  0.4935  0.8216  0.1881  1.699  3.1717  1.3902  1.1525  0.539  0.91  1.9947  3.4664  0.9933  6.7401  20.3376  3.8349  0.7617  7.5117  1.2329  1.8706  0.5107  5.8172  10.3576  2.4688  1.4109  3.4105  1.3233  3.5742  31.1028  3.585  0.6783  0.6408  1.099  
TrainID = 471  dbValue = 1.44071  nTestCell = 46  nTrainCell = 44  nDiff = 2  (X,Y) = (1325, 2065)  Position Error = 18.7883
TrainID = 884  dbValue = 1.67452  nTestCell = 46  nTrainCell = 44  nDiff = 2  (X,Y) = (1365, 2075)  Position Error = 59.7746
TrainID = 401  dbValue = 1.70114  nTestCell = 46  nTrainCell = 43  nDiff = 3  (X,Y) = (1355, 2115)  Position Error = 74.6525
TrainID = 143  dbValue = 1.71347  nTestCell = 46  nTrainCell = 45  nDiff = 1  (X,Y) = (1345, 2125)  Position Error = 77.4145
TrainID = 516  dbValue = 1.81393  nTestCell = 46  nTrainCell = 45  nDiff = 1  (X,Y) = (1365, 2105)  Position Error = 74.5185
TrainID = 204  dbValue = 1.86492  nTestCell = 46  nTrainCell = 45  nDiff = 1  (X,Y) = (1355, 2135)  Position Error = 91.0659
TrainID = 957  dbValue = 1.96814  nTestCell = 46  nTrainCell = 45  nDiff = 1  (X,Y) = (1365, 2135)  Position Error = 96.6075
TrainID = 1143  dbValue = 1.97387  nTestCell = 46  nTrainCell = 43  nDiff = 3  (X,Y) = (1305, 2025)  Position Error = 32.1403
TrainID = 270  dbValue = 2.26229  nTestCell = 46  nTrainCell = 43  nDiff = 3  (X,Y) = (1285, 2065)  Position Error = 24.3516
TrainID = 240  dbValue = 2.55689  nTestCell = 46  nTrainCell = 43  nDiff = 3  (X,Y) = (1395, 2015)  Position Error = 96.6075
TrainID = 1184  dbValue = 2.65156  nTestCell = 46  nTrainCell = 44  nDiff = 2  (X,Y) = (1415, 2065)  Position Error = 107.299
TrainID = 194  dbValue = 2.67881  nTestCell = 46  nTrainCell = 43  nDiff = 3  (X,Y) = (1415, 2015)  Position Error = 114.948
TrainID = 438  dbValue = 2.68032  nTestCell = 46  nTrainCell = 44  nDiff = 2  (X,Y) = (1375, 2145)  Position Error = 110.603
TrainID = 139  dbValue = 2.73657  nTestCell = 46  nTrainCell = 45  nDiff = 1  (X,Y) = (1405, 2045)  Position Error = 97.7394
TrainID = 791  dbValue = 2.85424  nTestCell = 46  nTrainCell = 44  nDiff = 2  (X,Y) = (1325, 2015)  Position Error = 45.31
TrainID = 144  dbValue = 2.87577  nTestCell = 46  nTrainCell = 43  nDiff = 3  (X,Y) = (1385, 2055)  Position Error = 77.026
TrainID = 1193  dbValue = 3.3162  nTestCell = 46  nTrainCell = 45  nDiff = 1  (X,Y) = (1425, 2165)  Position Error = 159.226
TrainID = 377  dbValue = 3.57876  nTestCell = 46  nTrainCell = 44  nDiff = 2  (X,Y) = (1415, 2105)  Position Error = 117.273
TrainID = 550  dbValue = 3.60083  nTestCell = 46  nTrainCell = 46  nDiff = 0  (X,Y) = (1425, 2095)  Position Error = 123.016
TrainID = 1077  dbValue = 3.75194  nTestCell = 46  nTrainCell = 44  nDiff = 2  (X,Y) = (1415, 2195)  Position Error = 174.622
TrainID = 1188  dbValue = 3.81215  nTestCell = 46  nTrainCell = 44  nDiff = 2  (X,Y) = (1445, 2045)  Position Error = 137.525
TrainID = 770  dbValue = 3.8491  nTestCell = 46  nTrainCell = 45  nDiff = 1  (X,Y) = (1395, 2195)  Position Error = 163.135
TrainID = 697  dbValue = 4.0163  nTestCell = 46  nTrainCell = 44  nDiff = 2  (X,Y) = (1445, 2065)  Position Error = 137.233
TrainID = 546  dbValue = 4.21358  nTestCell = 46  nTrainCell = 44  nDiff = 2  (X,Y) = (1485, 2105)  Position Error = 183.393
TrainID = 456  dbValue = 4.84606  nTestCell = 46  nTrainCell = 45  nDiff = 1  (X,Y) = (1495, 2075)  Position Error = 187.864
TrainID = 960  dbValue = 5.5458  nTestCell = 46  nTrainCell = 43  nDiff = 3  (X,Y) = (1515, 2065)  Position Error = 207.155
TrainID = 171  dbValue = 6.36139  nTestCell = 46  nTrainCell = 43  nDiff = 3  (X,Y) = (1565, 2135)  Position Error = 268.576
