trainID = 310  36.3885  0.4572  2.49  0.5214  0.0328  2.2833  0.9033  1.1802  0.5286  0.262  0.3997  1.8405  0.305  2.3284  0.6527  1.5252  4.1882  2.9436  5.6755  0.6891  2.0932  1.9932  0.448  2.9129  1.6698  2.247  1.4415  0.7735  0.363  2.1175  0.6357  1.4271  0.942  0.4822  1.1644  2.4554  1.41  0.0101  1.1173  1.3035  0.836  1.57  0.723  0.6143  
trainID = 316  34.798  0.4662  6.2477  1.5414  7.7708  2.9892  0.6087  2.5514  1.0454  2.4023  37.2046  32.88  0.8234  3.8185  3.6298  20.0294  0.0721  11.0541  5.4818  0.8674  3.8917  5.0513  3.4173  1.301  3.4101  2.6371  5.4782  1.8307  0.2088  3.9739  0.656  2.2257  1.9762  3.518  2.778  5.9563  1.5868  0.667  2.4142  2.3702  2.0516  1.1952  
trainID = 323  1.505  2.6964  2.8833  0.1846  3.0783  0.3518  0.454  1.1731  3.4265  3.1776  1.9525  0.193  0.735  5.2918  6.0378  1.9503  5.0156  2.2151  2.388  0.0149  0.7915  5.2044  0.777  0.143  0.1248  1.3915  4.8808  7.0999  9.7705  0.6901  6.0677  3.3969  2.108  3.9802  0.9235  1.175  3.1378  1.1292  3.2746  3.8261  2.5086  0.28  2.1564  4.8011  
trainID = 334  35.0119  2.5873  5.6477  2.1394  8.1421  1.7567  3.0454  4.8445  1.5472  2.8071  33.7637  0.969  1.99  1.4589  0.4162  4.0573  3.4097  16.2152  18.2092  19.1853  1.7295  0.733  5.9262  3.8476  2.3845  2.574  0.1586  4.4312  5.3156  1.5615  0.4916  1.8306  0.864  2.3263  3.4461  6.2841  1.437  1.9199  0.7847  3.7075  1.8119  2.0382  2.3  1.3672  
trainID = 370  1.5368  0.5698  4.0534  0.6693  0.2583  0.3377  0.8191  0.9678  2.1447  0.5976  0.64  1.862  2.7963  4.3552  3.5762  0.2756  0.7714  1.9077  1.3412  2.2176  3.3251  1.5321  0.9185  0.1987  9.4079  3.9636  2.0757  0.9728  1.5722  0.3225  0.16  2.862  1.8423  1.0476  1.0658  2.813  1.5053  1.8534  1.5156  1.348  3.0917  0.0727  
trainID = 410  4.3872  0.9567  3.9514  1.7753  0.1614  0.3468  0.3398  2.302  1.1098  0.491  0.7449  0.673  7.2033  1.8161  5.1477  6.6124  1.9244  1.6857  0.3981  3.5855  3.5536  0.8017  0.6547  2.3111  14.4535  5.9501  2.6962  0.7568  6.4597  0.6982  0.344  3.7026  1.1843  1.6889  1.661  4.4423  3.0193  1.4081  3.3424  0.496  1.808  0.3519  
trainID = 424  35.2896  1.435  4.9154  3.7024  5.3184  4.4334  0.8368  5.0928  0.7157  2.6759  37.1615  33.454  1.8777  4.6385  4.9947  12.9077  1.9265  6.7941  7.0567  2.2235  4.2156  6.2496  4.0523  3.248  2.0106  2.2631  10.1194  0.4202  1.5578  3.4343  0.4113  2.3565  4.0206  1.6492  1.502  2.1793  2.7931  2.3095  3.404  1.595  2.426  0.3286  
trainID = 535  34.3762  0.9183  5.4799  2.3184  9.5897  3.1898  2.8472  3.9422  5.0578  2.8228  37.1483  35.249  0.008  4.6135  3.4558  31.0445  2.025  16.8872  3.0077  2.3416  4.5853  5.935  4.5003  1.691  0.9184  1.7477  6.2642  1.8054  0.4134  1.2949  1.054  3.03  4.9462  4.3693  1.484  5.9678  0.8109  0.77  2.7242  0.224  0.021  1.8078  
trainID = 538  31.3982  0.4898  5.7317  1.8574  8.4073  3.4336  0.3086  3.3371  0.6881  3.4515  38.5757  35.764  2.4384  3.5121  4.1789  25.2292  5.2026  11.9986  2.0808  0.0764  4.4143  4.3088  2.6493  2.855  1.0869  6.0053  9.2493  1.0499  0.0226  3.5561  0.019  1.749  2.0522  3.2832  2.133  4.7272  0.3481  2.3245  3.8101  0.245  0.763  0.0668  
trainID = 558  33.7747  2.0529  6.6607  0.2733  10.0012  6.1347  0.2152  4.8964  5.1542  1.5881  38.195  34.722  2.3885  3.3006  5.0896  25.6545  7.1823  10.7142  6.1192  0.0674  3.4518  3.7722  4.0963  2.85  0.7981  4.5915  8.243  0.1539  1.0654  3.8389  0.5581  2.1643  3.6389  0.72  1.9  6.1203  0.3392  3.8035  3.0257  2.078  1.591  0.2517  
trainID = 612  4.4715  4.1077  3.9374  3.3555  1.4963  0.981  1.6621  1.6791  2.0656  1.0506  2.1347  1.408  3.4268  3.1423  3.221  5.1868  2.4177  0.4348  0.8269  1.9023  3.4979  0.577  0.1663  1.7936  0.4158  11.8331  7.6819  5.6009  0.8624  5.4676  2.1899  1.061  3.1366  0.702  1.3546  1.3349  1.2811  1.732  1.527  0.4091  0.203  0.861  2.0483  
trainID = 615  32.5016  1.9049  7.0847  2.1534  7.6773  4.5569  0.4736  4.4772  2.7672  1.2837  35.5819  33.881  1.5361  5.1502  3.572  12.6587  1.9689  8.5534  3.2141  2.9776  4.2499  5.7722  2.1522  1.1758  2.5469  3.0955  9.6573  0.0892  0.1314  4.2199  0.3318  0.4377  3.682  3.9568  0.6467  2.0359  0.2334  0.5972  1.9459  0.393  1.154  0.4286  
trainID = 627  4.257  2.39  1.6444  2.471  0.6445  2.3167  2.3691  0.915  3.7906  0.7433  0.676  0.008  7.4806  4.7243  2.8061  7.0179  6.5038  7.8626  0.2636  3.0226  7.5775  0.088  0.7565  0.7685  2.4509  20.7119  11.6943  2.16  1.5322  10.6889  3.9435  0.284  5.8492  2.0997  3.237  4.014  1.1324  3.0038  4.6111  4.7031  1.453  3.5422  0.3569  
trainID = 685  32.5026  0.4106  6.1467  0.9014  8.1494  3.1126  1.9192  4.1305  2.1296  0.3123  33.9634  34.07  0.6267  4.8549  5.7894  13.6813  12.9145  15.3264  3.4971  0.1781  7.1764  5.0039  4.0553  1.929  0.3039  4.8092  5.642  0.2979  0.9067  1.4205  2.8135  0.6584  5.0061  4.2954  0.071  3.6387  1.8568  1.5315  4.4601  0.25  1.323  1.7322  
trainID = 690  1.6125  1.4952  0.1851  3.9712  0.8602  2.429  0.7281  0.8021  0.7425  34.3912  1.7819  2.937  1.483  1.1208  2.1386  2.6223  1.9072  4.1306  5.61  2.5725  1.0411  0.7417  1.4204  1.3043  0.1977  5.1473  0.6822  4.3111  2.2257  1.8522  4.0909  0.854  1.2128  0.8848  1.2172  0.5797  1.5542  1.5938  1.3315  0.1744  0.643  1.111  0.3855  
trainID = 692  0.125  1.17  0.6662  3.1614  1.4854  0.9934  1.1621  1.8803  0.4044  2.3396  0.962  0.6393  0.691  1.8738  0.254  4.1026  3.8344  0.8746  0.2636  0.6196  3.9775  3.2821  1.6387  1.551  2.1189  2.7123  0.371  6.0819  1.0462  6.2756  0.1167  1.5489  2.6715  0.153  4.5833  2.0612  0.0292  0.081  2.3651  0.0222  1.3195  0.9835  2.7088  1.53  0.3051  
trainID = 708  32.596  2.5934  2.3957  1.4394  2.4425  1.6641  0.903  1.4204  2.3637  0.1118  34.882  1.2396  3.008  0.118  1.2806  2.2541  2.4102  6.068  10.5457  8.3774  2.2079  2.197  2.4824  3.9267  0.3493  1.2882  1.5652  1.1044  4.2665  2.8488  0.1822  3.2151  1.583  0.9508  1.8797  2.3362  0.905  2.0526  0.2111  0.6514  2.3485  1.19  0.883  1.1341  
trainID = 711  31.1959  1.0405  3.7887  2.2474  4.1883  5.644  0.6698  2.4275  2.2114  1.9595  35.095  34.867  4.6648  6.0086  7.1919  15.0928  3.2212  5.7896  5.8562  4.1253  1.1462  5.679  3.4843  1.677  5.2155  3.5226  11.9802  1.0785  2.5521  2.886  0.2089  0.0462  3.3748  0.3937  0.076  5.7403  3.8851  0.5896  3.1734  1.324  1.759  2.4792  
trainID = 739  1.1144  1.5506  1.5594  2.4548  0.0123  0.7785  0.3844  1.587  1.6616  1.21  0.0436  0.012  0.271  1.7454  1.3822  1.723  4.0401  2.1595  0.5791  1.1254  1.1458  5.2256  0.2876  2.1495  0.4647  8.9106  6.893  0.8104  0.6361  2.0432  1.3797  1.771  4.3692  1.4167  1.4346  2.0979  0.532  0.0027  0.0243  0.2714  1.314  0.752  0.3269  
trainID = 749  34.0522  0.6516  2.8334  3.6544  6.6276  2.9129  0.0522  4.3448  0.572  0.2414  35.9269  33.481  2.5165  3.0025  4.8041  10.8794  3.6754  7.4954  6.4734  1.4143  4.288  2.2313  2.2683  1.0999  3.5764  1.4577  6.7531  0.2768  0.5778  3.7898  0.2971  1.1328  1.6617  0.664  0.5796  2.783  0.8524  1.4545  2.9402  0.944  1.271  1.5898  
trainID = 772  0.6588  0.9104  1.7434  1.9122  2.5697  2.4737  0.4761  0.1845  1.1637  1.6214  0.106  0.896  2.8676  5.2101  5.9777  2.4169  0.0444  1.4919  1.1808  0.9077  3.431  1.4993  2.2736  1.708  10.9591  1.7239  7.044  1.9602  3.083  3.3188  1.299  2.4659  0.7606  1.6307  0.973  2.7515  1.0877  0.967  1.731  0.595  0.508  0.0222  
trainID = 785  0.371  0.9304  1.6681  0.3196  0.1756  1.6264  2.1917  1.2542  0.2889  1.9706  0.323  2.319  0.138  3.6  3.182  1.9982  3.8488  1.0445  0.4784  0.3663  1.7839  2.0285  1.2353  2.7685  0.0757  9.2944  1.7447  3.4187  0.1726  0.3437  1.5763  0.5968  4.9953  0.4342  1.7961  2.2783  0.3015  0.1066  0.3003  1.0011  0.248  2.2567  0.7179  
trainID = 899  35.9018  1.7375  3.4483  1.2309  6.1273  2.3462  2.7592  1.9137  0.4726  2.7322  34.686  2.5411  1.2  1.209  1.3554  2.0656  1.3976  5.3542  2.8605  15.0158  0.9856  3.0306  4.3624  3.8079  1.4336  0.7797  3.7891  5.7226  1.7362  2.9203  1.7895  1.1381  0.329  1.3713  1.8733  4.6138  0.5387  0.8555  0.7681  0.0126  4.9781  35.8234  
trainID = 914  3.1213  3.8326  2.7184  4.1815  1.7058  1.4133  1.8921  2.6171  1.5006  1.8543  0.8372  1.252  4.5125  4.0392  2.9262  5.1235  3.1264  4.4389  1.8654  0.4108  2.8717  2.2193  0.1815  2.5825  7.5168  7.2196  10.0217  1.4201  5.1829  3.0562  2.018  3.4573  1.0563  0.1431  5.4346  1.174  2.2069  3.2888  0.5146  1.154  1.115  0.7531  
trainID = 918  36.567  0.3373  4.5553  0.5314  4.941  0.2451  5.3067  3.4683  1.3445  1.3155  32.6422  0.8529  2.252  0.939  1.4274  2.2905  3.728  5.5927  5.008  14.5097  1.9735  3.5471  5.2688  5.4886  2.1575  0.6292  3.7866  3.6392  4.2766  4.6154  0.0312  1.0653  2.663  0.1502  2.5659  3.3774  1.153  1.2896  2.8698  0.2934  3.1604  36.6254  
trainID = 933  32.1511  3.0675  5.3421  1.2954  8.531  7.641  0.159  6.0323  2.775  3.6384  35.9301  35.641  4.0544  5.3025  5.0046  18.4852  8.1098  8.0672  6.6144  3.2064  5.7885  3.4141  4.2753  2.069  1.485  3.7698  11.7577  2.7515  3.0225  0.9094  0.5407  1.6231  7.9121  1.7487  1.997  3.2622  1.4231  1.5255  4.1229  0.862  1.77  0.4498  
trainID = 994  35.4037  3.7745  3.8731  0.1555  4.1305  2.3531  0.3422  2.7687  2.3445  1.4405  33.7815  33.96  0.0859  3.189  3.1233  6.3048  4.6824  8.8273  2.4825  1.0124  0.1516  1.9148  2.8353  3.379  4.1443  3.6032  7.3667  1.565  1.5555  2.1421  1.4773  1.6325  5.6302  3.0951  2.862  4.9886  0.1438  1.9685  4.1689  2.4913  1.746  0.0331  
trainID = 1031  2.8113  1.8074  5.6484  2.2081  0.6447  2.2197  2.2541  2.4973  2.3996  1.9243  0.9543  0.276  5.9  4.6061  2.8274  4.5559  4.8989  4.7202  0.2254  1.4784  6.4576  1.409  0.1899  0.6084  2.0497  16.6019  10.9222  7.6797  1.9964  8.997  4.0678  0.233  3.7218  4.0537  1.7978  4.1899  0.4171  2.4693  1.2039  2.9612  3.5551  0.549  1.324  
trainID = 1032  2.2269  0.7461  0.2845  0.5799  0.2191  1.5921  0.6161  1.0676  0.4626  0.7013  1.1628  0.909  3.3084  2.5195  2.3305  4.8231  1.2157  3.045  3.3167  0.9746  4.2421  0.5486  0.6787  2.0102  9.9072  3.8116  1.7723  0.232  0.0071  0.1542  2.046  2.56  0.0767  0.6244  2.3892  1.7495  2.4913  1.9864  3.2611  1.699  2.3321  1.3409  
trainID = 1061  32.412  0.1187  5.5447  1.5014  3.012  1.2938  0.9196  2.5386  0.5583  0.8119  33.3352  0.3901  1.227  2.187  0.2993  2.4574  3.2841  4.2141  6.5089  8.1044  1.4665  1.8767  3.3495  2.5553  3.8263  3.024  0.4524  4.4249  5.4798  0.5156  0.0345  2.5218  3.351  3.161  2.8775  4.6536  1.652  1.5467  2.4168  1.1185  1.2796  0.475  0.663  0.2173  
trainID = 1091  0.6046  0.1436  0.6174  1.342  0.2825  1.2189  0.1165  0.3757  0.88  1.6353  0.415  1.54  0.5605  0.2333  1.3755  2.8066  2.3197  1.1894  0.9324  1.5304  1.0467  0.799  0.7435  1.2317  0.1109  3.99  3.1627  1.5955  3.3943  0.3471  1.8848  2.886  2.6516  0.8926  1.5885  2.5486  1.1393  0.5232  0.0336  0.5877  0.4  1.344  2.2703  
trainID = 1100  1.0755  0.6262  3.0414  0.7122  1.6867  1.0029  0.8661  0.0444  2.4016  1.9869  0.07  1.787  4.0739  3.0515  3.0553  0.7156  0.34  0.2505  0.8791  1.7989  3.3592  1.4979  1.6737  2.8416  9.5277  2.8035  4.8124  0.3738  2.0489  1.3544  1.568  0.7653  1.1552  0.3998  2.3115  4.2408  1.7362  2.6381  3.0692  0.634  3.5186  1.2085  
trainID = 1110  0.8227  1.9476  2.8954  1.2793  1.3285  0.9338  0.7368  0.1673  1.8226  2.3251  0.999  0.504  2.141  0.6574  5.5222  5.5055  1.5587  1.2025  0.4741  0.5884  5.1629  0.675  1.7635  0.3253  0.1562  11.4305  2.478  5.2988  0.576  4.645  1.2087  1.064  6.4355  0.9474  1.1574  1.9603  3.1192  0.0824  0.1803  3.4045  0.215  1.359  2.0647  
trainID = 1145  31.5666  1.3586  5.2602  1.3674  6.1396  0.7646  0.551  3.5629  2.5148  4.0643  35.259  1.6054  4.158  0.669  0.0628  4.2335  3.3501  6.6795  8.1307  7.3463  5.1868  0.5406  2.6571  2.866  2.8618  3.5963  2.307  3.8238  2.9119  7.5878  3.4383  0.7211  4.1019  0.328  3.126  3.3819  0.6408  0.591  2.123  2.6638  2.9315  2.0234  0.125  0.272  0.0193  
trainID = 1146  32.9417  0.5144  2.6404  0.4474  2.7159  1.5418  2.5721  5.0426  0.9994  1.8127  34.7896  0.8088  1.956  1.259  1.4674  3.1757  4.2815  4.9346  4.217  4.9187  1.9785  4.506  2.1211  5.2488  2.4785  0.2653  2.6198  1.5304  4.2342  0.2403  1.4116  0.2174  0.69  0.2503  1.5051  2.7837  0.238  1.9294  0.0388  1.5144  0.3835  1.747  0.856  2.4146  
trainID = 1217  31.6589  1.0153  5.9177  1.0024  7.7472  3.1937  1.8785  4.8711  4.9372  5.5798  37.15  2.961  0.485  2.194  0.0897  3.7346  2.0055  15.0375  7.5154  33.931  3.325  2.188  8.582  5.7942  2.9183  0.4142  3.3471  5.3053  3.6831  2.8457  1.4423  0.9816  0.418  3.44  3.119  3.0816  1.885  2.1677  1.0802  0.6225  0.9856  34.6804  
trainID = 1218  1.457  0.6553  2.2096  1.6412  0.2746  1.1095  0.4226  1.7423  0.1907  2.3166  0.0143  0.3  0.063  1.1711  0.9012  1.2101  0.4231  0.7747  1.7348  0.7822  1.0865  0.0222  3.4234  0.0905  0.7438  0.5906  0.5635  2.9232  3.349  1.8854  1.4023  1.759  0.7427  0.9702  0.2001  1.7222  0.0957  2.6098  1.1928  0.0595  0.067  0.224  2.2861  
trainID = 1233  1.7277  3.0402  0.4754  4.8361  2.1869  1.1838  0.5989  2.3729  2.4646  2.1874  0.555  1.9859  1.9903  4.5435  0.0145  5.105  3.3477  4.0881  0.3114  0.0532  4.18  1.379  0.4752  3.0564  3.8949  6.0594  8.1754  8.4604  1.3154  4.0193  2.7101  2.266  3.4753  0.6373  0.4665  1.1243  1.5647  2.2488  0.5813  4.4571  0.392  0.055  0.8435  
trainID = 1265  0.433  2.4409  3.783  1.9474  3.3416  4.5465  0.1525  0.3263  2.2755  0.4536  0.7765  0.853  3.5521  2.6311  5.026  4.0902  3.6953  1.3805  3.8934  0.847  1.3112  6.0438  0.9056  0.0756  3.5477  1.661  4.67  7.1168  1.7188  1.3644  2.705  2.692  0.3526  1.2385  3.1224  4.0465  0.3412  0.3273  0.6493  2.4989  1.237  0.834  2.7045  
trainID = 1269  0.576  2.1881  1.9759  1.4464  0.3882  3.1223  0.6743  0.5211  0.9894  0.4527  0.6583  1.6861  0.793  2.0571  0.0276  4.1755  5.2344  2.2881  0.6501  0.0612  1.6442  3.7859  1.388  1.5617  1.0561  1.735  9.2471  4.25  2.9384  0.6134  2.6232  1.3117  0.1652  2.7582  0.6671  0.578  0.963  1.6263  0.9223  2.0817  1.4618  0.831  0.208  0.363  
trainID = 1310  0.579  0.9728  1.2727  0.5074  5.1739  1.1902  0.6297  1.3192  0.3372  1.1833  36.4951  32.845  2.615  3.8401  5.4263  3.643  3.6369  5.0649  3.1713  2.6887  0.8852  1.1652  1.878  1.2593  5.6015  3.6428  5.9518  1.0865  0.1711  2.3342  1.564  2.7326  2.5876  1.7182  0.054  5.2658  0.9496  1.3049  2.1186  1.001  3.0515  0.3196  
trainID = 1326  33.9997  2.9384  5.332  1.7454  7.1598  0.0325  1.4921  4.3093  5.1283  2.7453  34.679  0.939  1.544  1.145  0.6484  3.4578  2.3873  13.2058  14.5906  15.3148  3.8606  0.6175  5.57  4.1188  5.5203  1.653  1.8598  4.6639  4.5281  2.6031  1.9593  0.7319  1.577  3.598  2.7404  4.2446  1.396  1.9244  2.9798  2.8875  2.8047  2.21  0.088  0.7624  
trainID = 1335  0.1416  1.1429  2.2284  1.7651  2.4698  0.9569  1.7411  2.1647  1.9647  0.439  0.0252  1.05  0.27  0.3281  0.2586  2.813  0.7063  3.2805  2.1889  3.7039  2.5716  1.213  0.5573  0.6337  0.6984  3.2957  0.7133  2.2442  1.4757  0.881  0.7937  0.245  0.9719  0.6093  0.4653  1.981  3.8742  0.1311  1.0226  0.6421  0.763  2.687  1.0745  
trainID = 1381  1.4983  0.362  2.3764  0.9167  0.1989  2.7287  2.2471  3.7999  1.6756  0.1264  0.926  1.495  4.5285  0.9862  3.6945  2.4841  2.8029  1.2622  0.3325  1.1933  4.1011  1.091  1.7921  2.0215  2.126  15.5836  3.2956  3.4839  0.7111  4.4599  0.9266  2.542  4.5867  1.3724  2.61  0.6505  1.9793  1.278  2.1099  1.9799  0.782  2.8991  1.4367  
trainID = 1388  34.2945  5.7592  5.0162  1.7994  6.4013  1.2712  3.8056  3.529  3.9154  3.5792  34.919  2.4145  0.8651  0.425  0.6225  1.3015  6.2923  15.0982  18.5775  17.0178  3.5699  2.1299  7.6382  5.1071  3.4553  0.2381  0.0686  4.654  5.3135  0.8711  0.7978  0.3285  2.829  1.4693  4.6269  2.4387  0.21  3.4231  2.2458  2.8775  2.866  2.2028  0.97  2.2121  
trainID = 1469  1.473  0.5315  1.5224  2.1194  2.5061  1.8642  0.9831  1.4603  0.2172  0.8845  1.6574  0.313  0.946  1.8485  0.8722  2.5227  2.4334  0.7368  2.2899  3.214  1.9278  1.3027  2.2506  1.8509  1.616  0.9359  0.4814  0.411  0.1188  1.794  0.7281  0.237  2.1405  0.4987  2.3736  0.5775  0.8344  0.8888  0.6326  0.9043  1.074  0.739  0.1096  
trainID = 1482  0.6487  0.7418  4.5184  3.5832  1.7382  2.1608  0.9251  0.2245  1.3604  0.596  2.0911  0.275  1.4752  3.3045  4.4963  3.2735  3.0325  0.0563  0.6046  0.4191  0.2431  3.6511  4.3806  1.2654  1.5577  9.2411  1.0649  6.7597  0.0684  1.4103  0.3203  1.226  2.7243  3.1898  3.7308  0.228  4.4005  2.846  0.8226  0.8248  3.0633  1.597  0.0407  
trainID = 1492  1.4663  0.9348  0.4854  2.209  0.1945  0.5051  1.4341  0.0445  5.2406  0.7463  0.666  0.43  3.32  0.1715  0.2861  5.0939  0.344  0.5983  0.4042  0.5519  3.369  1.754  0.7508  2.2588  3.2979  8.7961  3.8525  3.6367  0.3976  1.528  1.7368  0.436  3.6187  0.906  0.9139  1.7886  0.1869  1.7313  2.0137  1.1451  3.2525  2.4177  1.453  
trainID = 1499  1.2974  0.2569  0.6584  1.5877  1.4004  0.6407  1.0453  1.5618  2.7146  0.8988  1.1515  0.229  0.6667  1.7403  3.4146  2.0307  1.6312  1.3326  0.6321  0.0305  2.7643  1.859  0.405  0.4271  1.2911  3.6161  0.4129  3.1579  1.1548  1.0838  2.3472  1.493  4.359  0.9651  1.9757  0.321  0.6229  1.6709  1.3793  4.3148  0.916  1.436  2.676  
trainID = 1510  0.0906  0.0813  0.1545  1.3903  3.8964  0.9614  0.9741  2.7452  0.4327  1.028  0.6007  4.267  2.12  2.8562  1.0502  3.858  3.9853  1.1533  1.6911  2.259  1.0659  6.5959  0.988  1.4192  2.7953  0.7994  10.7173  4.6278  5.686  1.1825  4.7948  0.3662  1.442  5.7813  0.4587  2.8122  0.221  2.9781  1.7399  0.7142  1.5873  2.1055  2.1184  0.9628  
trainID = 1536  0.2225  3.2303  0.2638  4.5244  0.0985  2.1082  3.8608  0.4047  1.2241  0.522  1.0727  1.863  0.13  0.6738  3.5683  2.8908  2.05  4.4498  3.7222  2.5381  0.1617  2.0931  2.5733  3.4783  3.025  2.8485  0.3828  5.1787  2.9529  1.1165  1.7301  0.9192  0.7924  2.7652  2.1366  1.5374  1.4262  1.0555  0.5911  0.2532  0.484  1.724  0.9414  
trainID = 1540  33.3295  1.7349  5.8587  3.1964  7.4874  5.2986  0.8998  2.4113  2.02  0.1452  35.4717  35.81  1.4126  6.8111  6.4373  18.5405  6.0271  5.2337  2.9257  2.971  4.0544  3.5743  2.9883  1.925  5.098  4.3322  10.4631  0.0148  1.7837  2.5281  2.109  1.5828  2.5874  0.6815  1.131  6.5975  3.9483  0.6964  2.0493  1.474  1.105  2.7914  
trainID = 1554  1.1325  0.1797  4.4624  0.959  0.2843  0.1507  0.9781  1.7866  1.8396  0.2051  1.833  1.9786  2.1991  2.2071  4.3456  1.6074  1.1623  0.3871  0.7967  2.5574  3.4255  2.7211  0.8005  0.2484  7.0599  4.0246  1.2324  1.2836  2.3815  2.6445  3.673  4.2029  0.2431  1.161  2.1138  2.5518  1.7155  0.3178  0.7219  0.13  2.5926  1.3554  
trainID = 1576  31.6359  3.3222  4.4316  0.7319  5.252  1.6389  4.5315  2.8073  1.6939  2.6823  31.5942  0.6427  0.035  2.2216  1.2268  1.1798  2.8612  4.4063  4.5537  21.4313  0.6878  3.0129  9.1059  5.9079  1.5524  2.2499  5.6062  2.3924  0.8298  5.7359  2.6738  0.5865  1.734  4.164  0.8415  2.9536  0.09  1.0669  1.6648  0.7751  3.8036  34.6084  
trainID = 1585  33.5459  1.7106  6.4487  1.8414  6.6011  1.9575  2.7753  4.3282  1.4902  2.9107  35.9537  0.4477  3.575  1.141  1.0124  2.5035  4.2676  17.6479  20.7716  19.2254  4.705  0.6324  5.4517  5.8214  2.7303  1.538  0.3365  3.4149  7.644  2.4517  1.2504  0.8303  1.83  3.911  0.4752  0.2784  0.237  2.9675  2.3168  0.3043  4.7659  0.491  0.949  0.4753  
trainID = 1672  30.1997  2.4951  5.3835  1.4364  4.3401  4.5515  2.0835  1.2389  3.1726  3.7276  36.5459  34.685  2.4984  6.1818  3.7864  14.7956  3.2478  5.3972  5.0976  3.9193  2.7323  3.2087  2.9043  0.6138  3.5391  2.0609  10.7976  1.4661  0.4558  5.6419  0.5047  0.998  4.2048  1.8931  1.136  6.8876  1.2438  1.6515  3.5943  0.295  1.9077  1.6467  
trainID = 1699  33.2755  2.5111  0.0848  0.3834  0.5126  2.4704  2.755  0.9537  1.329  1.8326  2.7107  2.073  2.979  1.8779  2.2644  0.1464  0.1809  0.4158  2.7221  0.6298  1.081  1.7171  1.538  1.9304  1.8861  0.8813  1.5006  1.8659  0.3228  3.8012  1.6993  0.0411  1.585  1.4137  0.7256  3.6927  0.288  0.7005  0.656  1.4165  2.1241  36.1884  
trainID = 1719  33.2059  0.0115  6.4057  2.6164  5.631  1.7298  0.5825  2.6596  3.3557  2.0544  34.5377  33.544  1.1877  2.6587  5.9373  8.1808  8.8367  8.6794  3.9577  1.3645  5.3361  4.2779  4.9623  0.1662  4.1868  2.6304  6.8476  2.8761  0.2888  1.6882  1.301  0.4701  2.5925  1.1107  2.353  1.8857  0.5113  1.6065  4.845  1.9829  2.1433  0.0074  
trainID = 1736  0.09  0.5957  2.1774  2.6394  3.1056  0.8011  2.3451  2.9048  2.3673  0.6472  36.5384  0.2141  2.154  0.996  2.9829  1.1238  3.1221  2.5591  5.8117  5.0206  2.5668  0.0977  3.213  2.8581  2.2589  1.1745  2.2338  0.3096  2.8275  0.7933  0.4499  1.3609  1.177  3.1307  2.0919  3.3517  0.382  1.6145  2.9128  0.0153  0.4668  0.65  0.284  0.6698  
trainID = 1747  1.1276  2.7744  0.5244  3.2897  3.9506  1.3768  0.2649  1.3737  2.2406  0.8387  0.632  1.145  0.5513  1.2769  1.134  3.6392  1.011  0.7797  1.0401  1.0977  3.3278  0.1579  0.0081  1.5693  0.7339  0.9131  1.7841  0.0211  0.0775  1.9999  2.46  0.7051  1.0575  1.1023  0.12  0.3201  0.7961  0.8486  1.5458  1.857  0.601  0.3778  
trainID = 1767  34.7253  5.358  5.0365  1.8844  7.0784  1.253  3.5573  3.1875  0.4107  5.5078  31.6337  0.2674  0.998  1.114  0.7452  2.5437  2.8455  9.8873  11.9348  11.8351  4.6368  1.4254  5.8562  4.0738  2.6793  1.794  0.123  4.6878  2.6376  3.3683  2.2456  0.2031  0.359  2.2358  2.511  4.2809  0.5382  2.9282  1.8238  0.7434  5.1539  2.892  1.332  0.3802  
trainID = 1778  34.9366  3.5261  4.644  0.4436  4.3732  2.2561  4.7398  1.0345  2.2553  1.543  32.0623  0.6142  2.77  2.412  4.1337  1.096  1.1801  6.0115  5.4248  19.7455  0.3945  2.3575  4.1801  5.6979  0.6022  1.1057  4.6985  3.9727  0.6834  4.1821  1.6335  0.2058  0.444  2.217  2.211  3.4461  0.053  3.0663  3.6008  0.7672  3.7426  37.5474  
trainID = 1783  2.1653  1.5948  1.8524  5.5821  1.6286  3.6877  2.0091  3.1216  4.0886  1.7944  0.223  3.6296  5.1251  5.8869  3.9434  6.7765  6.6282  4.464  0.8654  0.742  6.8332  1.9412  0.6605  3.3613  21.2206  13.4732  8.2164  3.2786  7.1168  4.2071  3.567  5.6252  3.2517  4.0062  5.416  0.1318  1.6218  3.6606  4.0388  0.45  4.3449  0.0424  
trainID = 1792  1.2933  2.4762  1.3854  2.0145  0.3941  0.714  2.5151  2.2644  2.9946  0.064  1.3949  1.8356  5.1453  2.4297  3.3503  4.6825  2.13  4.2641  0.3701  0.5438  4.2945  1.157  0.7711  0.9399  2.0175  12.1216  1.3755  2.6928  0.1959  6.1511  2.4163  0.949  6.2475  1.479  0.9742  3.8209  1.5666  1.3446  0.5521  2.1173  0.855  0.49  1.6393  
trainID = 1823  0.8393  0.9434  0.6074  2.5525  1.2833  0.7532  0.193  1.3246  0.3442  1.0063  0.9977  1.244  2.173  0.9244  2.5469  4.538  1.0333  0.9793  1.8612  0.256  2.5306  0.848  1.333  0.2914  0.9865  4.4745  3.4826  1.9671  1.6096  0.2298  0.2459  1.213  4.1171  0.2361  1.8604  2.3362  1.6251  0.739  3.0779  0.0771  1.02  0.167  2.4612  
trainID = 1849  35.5465  3.4613  6.5647  0.9754  5.7488  2.3716  1.7581  4.8039  3.1191  3.3759  34.1234  0.0336  3.07  0.864  0.8274  4.7768  5.87  15.9532  16.9628  17.5798  2.424  1.2078  6.5488  4.5629  3.6603  1.667  0.5828  3.9172  7.3532  0.2205  2.6002  1.4235  0.5857  2.981  0.7027  3.4364  2.141  4.8544  1.4478  3.2795  2.6469  0.908  1.41  2.2217  
trainID = 1863  33.3235  2.7445  2.4625  1.5014  4.0628  3.4467  1.2714  2.5485  1.1414  0.3461  1.354  1.1118  1.381  0.106  1.2899  1.7181  4.9817  2.4605  4.341  6.0587  1.4919  0.1696  0.4499  1.289  3.245  0.633  1.0478  2.9525  1.7685  1.4682  2.839  0.8934  1.0503  4.029  0.5866  3.4575  3.3736  1.858  3.0647  0.4903  1.9975  2.2744  0.002  1.651  0.6783  
trainID = 1879  34.2758  1.224  3.3724  0.4854  3.5567  1.1809  3.4376  2.9361  1.9436  2.3155  32.4507  0.505  0.199  0.059  0.3807  2.953  1.2675  9.8046  7.5262  20.504  2.1169  2.2489  3.7335  4.5427  3.6093  0.6521  1.196  4.1651  1.3567  2.0256  0.6045  1.1124  2.93  3.223  0.5255  4.4737  2.184  0.6389  1.4188  0.8583  1.5689  37.1304  
trainID = 1955  1.197  0.3493  0.2451  2.0214  3.7116  2.089  0.0513  1.5767  0.6021  2.2926  0.2204  0.8486  2.1722  0.8502  2.0044  0.1805  3.7377  4.203  0.7886  2.394  1.1358  4.9861  0.0922  2.4615  1.1392  1.764  2.3553  7.1648  2.1067  0.6272  2.5639  1.959  3.7106  3.2528  1.9248  2.63  0.4223  2.5263  0.401  0.9557  1.764  0.61  0.4425  
trainID = 1957  2.3231  1.4518  2.1064  0.192  0.6551  0.6233  0.9791  1.4993  2.0406  1.1237  0.205  0.616  3.8591  1.9055  3.2008  4.6792  1.2857  2.3063  0.3194  0.7116  3.8742  1.0216  1.1995  0.8181  5.6983  4.0482  3.6777  3.0499  1.0898  2.7101  0.061  4.7591  1.7722  0.2583  2.2251  0.9127  0.218  0.6112  1.3073  0.395  1.301  0.8919  
trainID = 1966  36.7294  3.2697  0.9348  0.2783  4.0608  3.3645  4.1305  4.2947  0.8577  1.0258  33.277  2.0398  1.264  0.641  2.5018  0.4092  0.3787  5.2565  0.9945  17.691  1.0453  6.8991  4.7228  4.2871  1.2702  1.2971  4.3248  3.2652  1.4581  3.5322  3.1343  0.0047  1.72  1.4871  3.0239  2.7772  1.739  3.3946  1.2308  1.1083  1.6692  36.4754  
trainID = 1967  0.41  0.6333  0.0192  0.9677  2.4398  1.8299  2.3922  1.8247  1.3554  3.1276  0.9794  2.372  1.6627  1.6483  0.2291  2.0076  2.0314  0.9715  0.7864  1.0953  0.1177  0.8734  1.132  2.0811  0.3276  0.7865  1.502  0.2448  1.6079  2.5795  2.0471  1.6066  1.073  1.7093  3.127  2.3141  0.5857  2.1347  0.5555  1.0913  0.3772  1.803  0.305  3.793  
trainID = 2037  31.9783  3.8586  5.15  0.4004  9.6281  1.823  0.2944  5.3127  5.0527  2.6608  35.2058  0.6166  0.464  0.256  1.6195  4.4596  2.9057  12.5887  3.5949  27.8636  4.0185  2.5889  7.416  5.8142  4.8813  2.43  2.8524  5.5416  6.7042  4.1903  1.8122  0.7548  1.498  2.6637  2.674  3.6574  1.108  1.4086  3.4018  1.3017  1.865  34.1794  
trainID = 2063  33.57  2.3135  1.8605  0.7578  5.4772  2.9691  4.852  3.7303  2.5755  0.8865  32.6371  1.0612  0.206  0.48  1.8933  3.2245  0.404  2.7407  1.8574  17.0939  2.0244  3.6884  5.6014  0.045  4.1924  1.4525  0.6018  3.7319  3.5055  1.6018  6.6335  2.2945  0.5329  2.601  2.6051  2.7429  5.4732  1.9922  1.0731  5.2278  1.4255  2.6598  36.3854  
trainID = 2074  35.2292  2.3783  4.8225  1.6974  7.6774  3.0035  1.8701  5.2434  1.6028  0.7876  36.2115  2.9561  0.472  0.172  0.7017  5.3524  4.3494  14.516  16.0148  17.2683  2.5891  4.0179  4.8533  4.7755  2.0138  2.579  0.3021  4.1296  6.2877  0.1866  0.8863  0.2555  0.533  5.589  3.4308  2.0604  0.329  5.2684  0.1504  0.3159  1.4641  0.049  0.395  1.7398  
trainID = 2079  32.3376  1.6625  2.4806  0.4359  6.3483  1.1314  3.0177  1.9751  2.9036  2.5877  34.1135  1.565  1.783  0.001  0.3212  3.7079  3.9917  7.3224  8.7312  8.9539  5.1966  0.6677  4.198  4.6604  2.9803  2.791  0.3868  4.531  4.8503  2.2197  1.2304  0.4475  1.063  0.9682  2.6879  1.2403  1.133  3.2554  3.4108  0.8873  1.8539  0.251  1.076  2.6662  
trainID = 2092  0.3863  2.3991  0.0746  2.983  0.9058  1.2304  1.5928  1.9362  0.6598  0.9664  1.2064  1.9845  0.4895  0.1213  0.7098  0.6556  1.2833  1.3527  1.1517  1.6902  1.3814  3.2222  2.3719  0.7534  0.1302  0.8577  2.4429  2.6068  2.2994  1.1477  4.674  0.9817  1.1734  2.4499  2.6836  1.2624  0.1239  1.2895  0.2202  0.398  0.859  0.6387  
trainID = 2099  0.4676  1.9753  2.7504  0.9203  2.7366  0.395  1.2981  0.7875  0.0331  0.3439  2.061  2.102  3.7339  1.7889  3.318  0.7356  0.7061  1.4259  3.0571  3.407  0.5907  1.4912  2.7813  1.5659  4.5398  0.192  5.8526  2.5106  1.8437  2.6854  1.874  5.0031  0.7081  0.9059  1.3742  1.9825  0.387  3.4202  0.2267  1.8563  0.037  3.9972  
trainID = 2100  0.532  3.193  1.8394  0.6674  5.7736  0.6901  1.1073  3.5536  0.5409  1.6726  34.1545  2.543  0.72  0.531  0.0232  5.6933  3.9639  2.9719  6.2578  6.076  1.8831  2.0472  1.2587  0.025  3.9318  1.1893  1.0871  3.5023  1.7465  6.5998  1.7481  0.9915  3.6243  0.3428  0.4949  1.4081  0.8664  1.313  4.2601  0.1302  0.5287  2.4389  0.341  1.766  0.4376  
trainID = 2118  0.7013  1.3592  2.6304  2.4541  2.6583  0.0288  1.5472  0.8706  0.3387  1.0972  3.813  1.929  3.2331  3.8073  5.2838  1.3309  0.2525  1.8074  1.7682  0.345  4.1445  2.4721  1.7074  1.499  6.4669  1.0522  6.6011  3.5837  4.6747  3.306  1.0031  3.4722  2.854  0.6004  2.1003  2.8805  0.9068  1.3073  0.9914  1.382  2.511  0.7287  
trainID = 2148  34.6547  0.43  0.3529  0.8254  0.4497  3.5745  3.2455  1.0619  1.6762  0.3326  1.1952  1.0365  0.739  3.9289  0.756  0.0828  1.4221  1.7903  2.8947  1.2794  3.6535  1.7648  0.634  0.5962  0.0326  1.4679  4.2463  1.1147  1.0237  1.9916  3.0719  2.2243  3.444  0.4015  0.8202  5.517  1.427  0.6435  0.8948  2.2125  0.8363  34.6594  
trainID = 2190  33.9792  2.3965  4.5184  1.3494  7.3976  0.1608  0.9659  3.8465  2.8685  4.7321  34.7714  0.3395  0.507  1.245  0.4001  2.9919  2.8002  16.2782  14.0738  16.1469  4.7982  1.6866  4.3989  5.4981  2.8893  1.843  0.7805  4.5946  4.5472  3.1014  0.136  0.2332  1.6959  1.4347  3.1456  4.2472  0.505  3.3885  1.2447  1.8655  3.9994  1.381  3.139  1.3312  
trainID = 2220  0.3147  2.0161  2.4514  6.1512  1.168  0.4445  1.2961  1.1358  2.0466  2.9948  0.605  0.042  3.9108  5.2465  1.4367  5.483  5.5746  2.7693  0.2391  1.0842  3.3618  1.177  0.3109  0.3158  4.2745  4.525  6.7125  11.0136  0.0965  3.1272  3.1055  0.237  4.145  2.2759  0.2171  3.8558  2.1004  4.1281  2.8765  1.7813  0.217  0.948  0.6923  
trainID = 2238  32.6875  2.5282  5.4495  1.4669  7.9883  1.7021  1.0767  3.2356  0.1876  2.375  35.0285  34.449  0.6897  2.2816  4.9987  11.9038  11.3029  12.8668  3.6736  0.3839  5.5565  3.2496  4.2183  3.463  2.2301  3.3339  7.8611  1.2744  2.1209  0.0266  1.16  1.3774  1.0512  3.104  3.35  2.4779  3.2638  1.3915  1.2718  0.229  0.245  0.5666  
trainID = 2255  35.1963  2.4992  5.7267  0.2867  6.3668  3.4697  2.75  7.2386  0.7792  1.4114  34.8679  1.6152  2.101  0.052  1.5312  2.9569  1.8466  8.168  2.813  20.4486  3.8059  2.2211  5.7778  6.2594  1.7691  0.356  2.2255  4.9343  4.4628  3.1001  1.0359  1.1125  1.817  3.18  2.365  3.6706  0.481  2.8194  2.1798  2.4415  3.0757  35.4524  
trainID = 2258  0.328  2.1907  1.0665  1.9694  4.846  1.9871  2.7129  0.1967  2.922  0.2143  35.33  33.477  0.3409  5.1471  5.9232  2.525  2.4845  3.9859  2.8032  2.0205  4.2962  1.196  3.2163  2.585  6.0341  3.8983  7.9981  0.8035  1.325  3.6954  2.7784  0.2568  3.4957  2.2081  0.236  4.1542  1.3112  1.2345  0.799  0.687  1.57  1.2767  
trainID = 2302  32.8577  1.6436  1.4318  0.2275  5.0013  1.1599  2.3969  4.3987  2.1749  1.0754  34.555  0.4887  0.6937  1.5178  2.1157  3.548  4.2686  7.9874  8.5838  10.2412  5.0369  3.7693  4.2546  2.5621  0.3145  0.2894  1.8374  3.1361  4.525  0.4596  0.9607  1.0152  1.328  0.0339  1.7738  2.5179  0.6467  3.2715  0.9399  0.12  2.6678  1.596  2.681  0.0212  
trainID = 2315  1.888  1.495  3.2584  0.1766  1.1676  1.1612  1.8055  0.561  2.0645  0.9143  0.619  1.0533  1.735  1.0023  1.355  0.4705  4.6487  4.1364  0.0351  2.1116  0.529  1.4433  0.9879  0.1875  0.2816  0.4464  3.8378  8.4435  1.8829  0.9579  1.0623  2.874  2.4542  0.7953  1.2747  1.2552  2.0082  1.301  1.6203  0.9733  0.071  0.117  1.6799  
trainID = 2316  0.648  0.2344  1.7103  0.6564  0.866  2.6422  1.451  1.1186  1.602  0.2384  0.0607  1.853  2.491  1.3066  2.8334  3.0011  1.4183  0.7807  1.2352  0.9114  0.086  1.4589  1.617  1.939  0.6459  0.5627  3.451  1.6949  0.9139  4.1264  1.9026  1.3346  0.714  1.7073  0.7928  1.0182  3.1737  0.1082  1.2351  0.3261  2.1969  0.978  0.468  1.8896  
trainID = 2325  1.9886  0.0232  2.2154  2.8187  0.5859  1.1196  0.4841  1.3853  0.2555  1.3421  0.015  0.873  2.8027  2.1205  4.442  5.6696  2.8986  2.0732  2.1083  0.3116  4.3445  0.927  1.4506  2.0522  1.461  10.8709  2.755  0.4093  0.3174  4.054  0.9242  0.502  4.493  0.8033  1.7969  1.9097  1.8011  1.7791  1.2258  1.5321  0.694  0.116  0.1772  
trainID = 2335  0.813  1.0392  1.9322  1.9844  2.0223  1.5394  1.1592  2.0831  2.4822  1.4011  0.9477  0.427  0.307  3.6669  3.7276  0.8896  5.1522  2.7796  3.0675  0.0816  0.4808  2.854  0.728  1.3705  0.6205  2.0647  3.8504  6.0535  5.0411  1.8877  2.3064  2.0253  1.832  3.0257  2.1119  0.5529  2.7416  1.6148  0.6464  0.6499  1.8743  0.718  1.242  2.4067  
trainID = 2396  34.2727  1.5268  2.866  0.8124  5.2311  1.8925  2.2137  1.9586  1.0535  0.5222  34.4988  0.185  0.476  1.034  2.2821  4.0771  4.3957  5.2565  3.0537  6.716  1.4191  0.9053  1.3345  1.6372  3.0483  1.197  1.0047  5.4943  5.3042  0.7938  0.2266  1.3625  1.018  0.7316  2.4454  0.532  0.7087  2.7544  2.4018  0.0673  0.5474  0.655  1.358  0.3664  
trainID = 2422  3.1871  1.4338  1.9184  5.3733  2.0937  1.5417  2.6181  4.8961  3.9386  1.2541  0.816  0.082  6.0326  6.5781  1.2164  5.3826  6.31  5.0365  2.1274  2.0938  6.3116  0.303  1.3152  0.9264  1.5599  12.8704  15.7905  15.2945  2.6315  9.4446  6.3991  1.899  7.2345  3.2032  0.7399  2.6013  3.716  1.0265  3.082  2.4112  2.083  0.908  0.6453  
trainID = 2472  2.8475  2.9086  0.0969  2.4705  0.3228  0.8994  2.0241  1.2178  1.247  1.1676  0.347  0.116  4.7241  3.7103  4.2702  5.1484  3.4936  4.8844  1.2435  0.7162  5.5514  1.7777  2.2626  0.283  18.0077  12.0377  7.753  0.4814  9.747  6.1962  1.5125  3.4898  0.3775  2.5419  5.3229  2.9052  1.8134  1.972  3.8606  1.8627  1.645  1.448  
trainID = 2504  32.0694  2.0704  3.648  0.0651  3.6736  1.3114  2.9744  1.2303  0.2786  1.298  32.7942  1.4363  0.46  0.975  0.6659  0.9603  1.424  6.6935  2.0744  14.5962  1.3528  2.0308  2.8312  3.8322  2.3841  0.615  3.3869  3.0707  2.7073  1.4099  4.6779  0.7057  1.06  0.9923  0.2881  4.763  0.012  1.5022  3.3678  1.3075  0.1273  36.5884  
trainID = 2551  33.3246  0.139  6.9287  1.1504  7.1019  3.1551  1.2453  3.6054  2.2847  0.4727  35.3824  34.886  0.3664  3.372  5.3179  16.7314  3.8133  12.1371  5.3847  0.9418  4.8476  5.9305  2.9473  0.4502  0.3558  5.4393  6.1613  2.3506  1.4594  3.886  0.6693  2.872  5.1177  1.8383  2.656  5.2471  1.4871  0.8444  1.8497  0.673  0.945  0.4224  
trainID = 2552  1.9401  1.6421  1.5964  0.65  2.9484  0.4252  0.2376  1.0012  0.956  0.615  1.0559  2.576  2.7  3.6985  4.156  5.5115  1.2441  0.28  1.2295  2.1572  1.5189  3.6079  0.879  3.1843  0.7435  8.9486  0.9849  4.0506  0.8194  1.917  0.5439  0.047  3.4146  0.0608  2.0322  1.369  3.1582  2.8511  1.6848  1.1774  1.127  3.3571  0.0487  
trainID = 2558  33.4123  2.4814  1.4606  0.4904  1.166  1.7429  3.9004  2.2916  1.764  2.8198  0.6552  0.081  0.189  4.152  3.2878  1.7116  1.777  3.4088  11.2773  1.662  4.4179  2.9665  2.1  3.155  0.9328  2.7304  3.0639  3.9071  1.3165  4.1199  3.9022  0.5559  1.88  2.791  3.7381  3.7344  1.029  0.998  1.5988  1.6065  0.3467  35.1974  
trainID = 2608  34.8088  1.9076  5.7837  1.2753  6.1183  2.3983  3.0972  3.5501  2.9367  2.2931  34.2017  2.4049  1.375  0.113  0.3313  3.2902  5.7507  11.6212  0.5665  22.1495  1.5407  3.7586  6.198  6.0335  2.7903  0.9094  3.6637  4.5863  3.7979  2.2434  2.0336  1.8833  2.628  2.5287  3.791  2.8902  0.496  0.968  2.6728  2.9385  4.6381  37.0624  
trainID = 2621  0.6556  0.7685  1.6104  1.9465  0.5668  0.6162  1.3416  0.5756  2.0176  1.3026  0.172  0.36  0.1921  3.5939  3.6351  0.5368  2.8904  2.4323  2.9524  2.5971  0.3614  1.711  3.7393  0.0587  6.6681  1.4364  3.2485  0.8951  3.2853  0.4895  2.061  3.5402  0.7046  1.0368  0.758  2.1285  0.0957  0.9694  0.6118  1.579  0.891  2.2724  
trainID = 2626  1.431  0.0042  1.772  1.2344  0.6694  1.9515  0.0934  0.5443  1.2995  2.8496  0.2932  0.837  0.679  2.0242  2.7694  3.2284  1.3327  0.6103  0.3694  1.253  1.2322  2.6555  1.4357  0.7829  1.89  8.5872  0.5754  3.8826  1.4507  2.0388  1.3099  0.5184  5.9735  0.0197  1.5363  1.1571  0.6787  0.5998  0.1321  1.4732  1.58  0.818  0.0274  
trainID = 2634  1.4372  0.6114  1.7274  3.0543  0.6972  4.5027  1.1361  3.9825  3.5496  0.1584  1.418  1.5092  6.0749  5.7413  4.2027  4.8432  7.2383  6.1166  1.1594  0.2004  5.3179  1.267  1.5237  1.6634  0.0925  18.1215  10.7025  3.1976  2.2514  8.3646  4.3787  0.777  4.954  1.1896  0.3999  3.5615  1.1897  2.9063  2.1003  1.574  2.1737  3.0474  1.5972  
trainID = 2642  1.4008  0.967  0.6195  0.5464  1.5221  0.0812  0.7641  0.1807  2.6046  0.1104  0.281  0.31  1.6188  0.724  2.3501  2.5975  1.4423  0.8898  0.4104  1.7361  1.0176  1.7062  0.663  0.0967  2.1898  2.6066  3.2527  0.455  1.6455  1.4294  0.966  2.9328  2.2187  2.8271  2.1903  0.8692  0.0241  0.3039  0.5153  0.493  2.1439  2.4673  
trainID = 2654  33.7473  1.9234  0.323  0.9924  3.8331  0.9786  1.8143  1.2081  0.0281  1.4216  34.1939  2.3811  1.486  2.3388  0.3834  1.6346  2.9766  2.8636  6.7984  4.75  2.4802  2.8732  2.7389  2.3773  1.1893  0.8894  0.7127  2.8859  2.457  2.1561  0.1617  1.6636  0.7235  1.4496  2.4429  2.7619  0.258  1.774  1.6328  1.7005  0.4329  1.156  1.8673  0.5708  
trainID = 2661  2.8793  3.4801  0.0173  9.2717  1.0875  3.0017  1.5311  2.2795  3.7266  2.6513  0.8473  1.949  7.1115  5.2825  5.387  7.9909  7.0978  6.0165  1.5944  0.4156  8.7827  0.187  1.4496  2.2922  3.7221  13.9164  21.0423  23.7775  1.0828  9.5367  6.7341  1.42  5.163  1.7523  4.0218  5.2272  1.2297  4.0133  4.9895  4.5313  0.351  0.581  0.6949  
trainID = 2704  32.7577  0.3957  5.2255  0.9194  7.9143  3.8634  1.0324  3.4472  0.4365  2.7554  34.8404  33.109  0.2381  4.1835  8.266  21.142  4.3822  13.6304  4.4461  1.0082  5.497  4.5122  5.5183  1.897  2.0387  7.3393  7.5837  1.0456  1.8149  3.5518  1.5616  2.989  4.9004  1.785  0.462  4.6809  1.384  0.7242  2.2759  0.337  0.071  0.2505  
trainID = 2710  30.497  2.4686  4.1701  0.8801  4.7068  1.9225  1.7304  4.5732  2.7433  2.7579  36.69  1.5443  0.582  1.36  1.2733  4.3282  3.7723  13.9399  12.0862  12.203  4.6806  0.2462  4.3573  1.594  5.5463  2.888  0.0999  4.3289  3.9633  1.7439  2.1348  2.8284  1.233  2.6861  2.6255  0.7045  2.524  3.7253  3.6688  5.1335  2.9417  1.704  1.376  0.9544  
trainID = 2739  34.2116  1.9542  3.897  0.2387  1.8087  1.5599  0.9525  0.6041  2.6191  0.0736  0.418  1.555  1.419  2.6976  1.4817  1.6239  0.4087  3.4734  3.2472  5.5944  1.9162  1.4266  4.135  3.1284  1.3668  0.3693  1.035  2.3368  1.5896  2.8095  2.536  2.8421  0.068  2.807  1.1526  3.2664  0.468  1.7267  0.8314  1.8345  0.6594  35.2784  
trainID = 2753  0.8049  0.2446  0.7334  0.5116  2.9001  1.2548  0.2036  0.0278  0.8309  1.8027  1.3733  0.783  2.5174  3.1025  2.3017  1.2576  1.3063  0.8394  1.0701  2.0943  0.2523  1.2524  1.8783  0.3949  2.2835  1.5046  2.7343  3.7457  0.7057  1.1573  0.1476  1.2333  0.124  3.2366  1.0602  0.8512  0.7792  1.9155  0.3581  2.086  0.1  0.2165  
trainID = 2764  35.2775  1.5651  4.4292  1.3244  6.9577  0.1706  1.4438  3.2298  1.717  3.1059  34.1263  4.1836  0.8988  0.134  0.3736  4.2921  3.4229  11.3228  11.0612  13.5815  5.5567  1.1926  5.6679  4.4878  2.6013  1.719  0.0674  4.5662  4.3884  0.8598  0.5832  0.6694  1.785  1.3052  2.9395  2.1077  3.408  1.9759  2.2428  3.7165  3.3948  0.813  0.359  0.4873  
trainID = 2808  2.3645  0.2598  2.8784  4.0188  1.003  1.8001  1.6591  2.8451  2.3076  0.668  1.478  0.935  5.8234  4.1599  2.3776  6.3693  4.2104  2.2662  1.1064  0.2902  6.3894  0.1188  1.1231  0.6904  14.8994  5.8167  1.7189  0.1583  6.0779  1.2577  2.229  8.0651  0.8705  1.1794  3.7828  0.6365  4.1582  2.1103  1.9966  0.33  0.851  0.2919  
trainID = 2827  1.331  0.1435  1.1533  1.363  0.1208  0.5762  0.5664  0.6951  0.6225  0.2154  1.3289  1.708  1.7651  0.2677  0.1524  2.8604  1.7682  0.8744  0.0202  2.2995  1.9997  1.8754  1.9865  0.9571  0.9734  6.1209  2.6651  0.3053  0.5337  1.8054  0.8868  0.2374  3.9925  1.253  0.8731  0.622  0.3853  0.7832  0.3809  0.0576  0.347  2.605  1.3211  
trainID = 2834  36.2658  4.8879  2.6039  0.1149  4.5517  2.9188  3.5862  3.2195  0.1918  0.4  0.188  4.2503  0.45  0.4  4.2093  1.0534  1.3276  2.1439  6.0977  15.6243  1.6162  3.9589  5.5812  3.5374  2.431  1.4816  3.8474  2.9371  1.3222  4.4096  1.5478  3.3195  0.881  4.123  0.1856  4.9785  1.189  3.0349  2.2598  4.7915  2.43  35.6124  
trainID = 2858  2.4649  2.9662  2.2084  1.9958  0.3091  0.1926  0.7561  1.5579  0.7618  0.4616  2.105  1.509  3.7467  2.35  3.5417  5.5363  3.5192  4.6618  1.4577  2.4348  6.6792  1.526  0.9298  2.3645  1.8432  9.6356  7.9787  5.2282  0.1862  6.7403  2.1386  0.116  5.8319  3.3213  1.7943  2.4307  1.4751  3.629  2.8617  2.8978  0.81  2.6823  1.0104  
trainID = 2860  33.4675  0.6058  7.3397  2.5664  5.7836  3.0649  1.9935  5.7611  1.8945  0.5517  36.7626  35.033  0.1783  3.176  4.5696  7.5514  1.0923  6.5096  3.2545  2.6062  2.6339  2.0726  2.369  2.818  3.4796  2.4651  6.5922  0.8718  0.7639  2.0153  0.109  1.7604  2.0162  1.9396  2.396  5.5928  0.7757  2.0575  4.1875  1.622  1.9756  3.0638  
trainID = 2875  1.7857  2.3946  0.5314  2.3249  0.6853  2.9667  1.3519  0.5895  0.3233  1.702  1.4877  1.125  1.447  1.4942  1.3302  0.8926  1.378  3.9804  3.943  2.3969  0.4299  0.8989  2.2847  0.9802  1.671  6.3026  2.6603  1.9767  1.278  0.2964  0.1578  1.1399  0.2483  0.0671  1.9399  0.388  2.387  1.1978  1.8835  0.6469  1.751  0.157  1.429  
trainID = 2908  34.6505  3.2497  0.445  3.3114  7.9835  2.8322  3.7991  0.2332  0.6443  1.2105  33.6266  0.4912  2.027  2.372  1.0419  4.029  3.0992  9.5673  10.7644  11.7877  3.2289  1.7697  4.717  2.8942  1.6181  3.242  2.616  2.8644  5.7949  2.3969  1.8137  1.088  2.821  2.8  4.2719  2.4312  0.7483  0.2548  1.6808  0.0119  3.0205  1.683  0.528  2.4128  
trainID = 2913  0.474  0.1422  3.8809  1.9064  2.3281  1.1575  0.1337  1.3839  0.414  0.6562  0.0364  3.146  1.6712  2.1087  0.0742  3.8931  2.37  0.7218  4.1147  3.4125  3.0564  1.0144  1.8803  1.4239  2.189  6.8859  1.1287  4.4064  1.4816  1.3302  1.7326  1.406  2.321  1.9304  0.4945  1.0268  1.5395  0.6012  1.4375  1.9116  2.161  0.876  0.18  
trainID = 2955  35.688  4.5672  1.2736  0.1865  5.2178  2.6239  2.5492  3.7084  1.2343  2.459  32.6363  0.6803  0.434  0.125  2.5901  1.1125  2.9879  6.1533  2.2749  17.0775  2.7378  3.104  3.2226  6.1195  1.5534  0.0737  4.5929  4.6123  1.7476  4.9686  0.6036  0.3312  1.575  0.8483  2.2099  4.5812  2.652  1.4033  0.8246  0.7317  3.2695  35.7014  
trainID = 2968  1.0759  0.6319  1.7634  1.6906  1.4193  2.4937  1.6061  1.5247  2.2866  0.6406  1.5599  2.0186  1.9567  1.0157  2.4344  4.7767  3.645  2.1221  0.6485  0.199  3.387  0.2049  0.0573  0.2674  4.6398  4.7451  1.0133  0.4446  3.2122  1.4227  2.608  2.4686  2.9597  0.5682  0.834  1.1094  2.5981  0.7627  1.0261  0.769  0.211  0.6075  
trainID = 2987  33.1323  0.178  2.1169  0.0371  5.1632  0.2374  0.7564  2.5956  2.4769  2.0475  34.4239  0.2593  0.8172  0.169  0.2083  1.5175  2.5475  2.6346  5.8296  6.7915  2.6136  0.3787  1.1536  2.8061  1.5377  0.7713  2.035  1.1651  2.9674  1.3014  0.297  1.3219  1.109  0.4088  1.8984  1.022  2.445  2.9934  1.1503  0.3974  0.7215  0.724  1.185  0.7106  
trainID = 2994  33.5717  2.1901  3.2411  0.5574  5.3051  1.4802  2.4214  2.533  1.8091  1.481  32.324  0.1879  0.59  0.814  2.7677  3.0357  2.5965  4.7625  5.8954  7.2251  0.187  2.4451  4.3864  4.1296  1.2088  0.2951  2.7261  0.6941  2.084  1.3863  0.4167  1.6657  1.871  0.8478  1.3435  2.9289  1.89  0.6232  0.1237  2.1265  1.3777  0.077  0.529  4.394  
TrainID = 1218  dbValue = 1.1024  nTestCell = 45  nTrainCell = 43  nDiff = 2  (X,Y) = (1345, 1465)  Position Error = 28.1603
TrainID = 2827  dbValue = 1.22789  nTestCell = 45  nTrainCell = 43  nDiff = 2  (X,Y) = (1365, 1505)  Position Error = 43.7379
TrainID = 1747  dbValue = 1.24886  nTestCell = 45  nTrainCell = 42  nDiff = 3  (X,Y) = (1335, 1495)  Position Error = 50.3289
TrainID = 1469  dbValue = 1.27495  nTestCell = 45  nTrainCell = 43  nDiff = 2  (X,Y) = (1375, 1455)  Position Error = 7.28011
TrainID = 2753  dbValue = 1.28517  nTestCell = 45  nTrainCell = 42  nDiff = 3  (X,Y) = (1335, 1475)  Position Error = 40.1622
TrainID = 1091  dbValue = 1.28583  nTestCell = 45  nTrainCell = 43  nDiff = 2  (X,Y) = (1345, 1515)  Position Error = 59.9416
TrainID = 2642  dbValue = 1.28978  nTestCell = 45  nTrainCell = 42  nDiff = 3  (X,Y) = (1355, 1515)  Position Error = 55.9732
TrainID = 2092  dbValue = 1.37494  nTestCell = 45  nTrainCell = 42  nDiff = 3  (X,Y) = (1345, 1475)  Position Error = 30.8707
TrainID = 1335  dbValue = 1.37636  nTestCell = 45  nTrainCell = 43  nDiff = 2  (X,Y) = (1415, 1485)  Position Error = 47.8853
TrainID = 2316  dbValue = 1.39544  nTestCell = 45  nTrainCell = 44  nDiff = 1  (X,Y) = (1375, 1505)  Position Error = 43.0465
TrainID = 1967  dbValue = 1.42178  nTestCell = 45  nTrainCell = 44  nDiff = 1  (X,Y) = (1385, 1475)  Position Error = 17.6918
TrainID = 1823  dbValue = 1.47279  nTestCell = 45  nTrainCell = 43  nDiff = 2  (X,Y) = (1355, 1545)  Position Error = 84.9294
TrainID = 1499  dbValue = 1.52489  nTestCell = 45  nTrainCell = 43  nDiff = 2  (X,Y) = (1335, 1525)  Position Error = 73.5731
TrainID = 2626  dbValue = 1.5256  nTestCell = 45  nTrainCell = 43  nDiff = 2  (X,Y) = (1435, 1555)  Position Error = 111.772
TrainID = 2875  dbValue = 1.54191  nTestCell = 45  nTrainCell = 43  nDiff = 2  (X,Y) = (1425, 1465)  Position Error = 52.0865
TrainID = 785  dbValue = 1.57139  nTestCell = 45  nTrainCell = 43  nDiff = 2  (X,Y) = (1415, 1555)  Position Error = 102.044
TrainID = 2315  dbValue = 1.58473  nTestCell = 45  nTrainCell = 43  nDiff = 2  (X,Y) = (1305, 1535)  Position Error = 99.7647
TrainID = 739  dbValue = 1.61984  nTestCell = 45  nTrainCell = 43  nDiff = 2  (X,Y) = (1395, 1555)  Position Error = 95.5667
TrainID = 2621  dbValue = 1.65012  nTestCell = 45  nTrainCell = 42  nDiff = 3  (X,Y) = (1435, 1505)  Position Error = 75.452
TrainID = 1269  dbValue = 1.69878  nTestCell = 45  nTrainCell = 44  nDiff = 1  (X,Y) = (1405, 1575)  Position Error = 117.444
TrainID = 2968  dbValue = 1.70062  nTestCell = 45  nTrainCell = 42  nDiff = 3  (X,Y) = (1365, 1555)  Position Error = 93.3435
TrainID = 692  dbValue = 1.71193  nTestCell = 45  nTrainCell = 45  nDiff = 0  (X,Y) = (1465, 1535)  Position Error = 117.444
TrainID = 1957  dbValue = 1.7615  nTestCell = 45  nTrainCell = 42  nDiff = 3  (X,Y) = (1345, 1565)  Position Error = 106.738
TrainID = 1492  dbValue = 1.776  nTestCell = 45  nTrainCell = 43  nDiff = 2  (X,Y) = (1355, 1575)  Position Error = 114.425
TrainID = 2913  dbValue = 1.77768  nTestCell = 45  nTrainCell = 43  nDiff = 2  (X,Y) = (1465, 1495)  Position Error = 97.7394
TrainID = 370  dbValue = 1.78962  nTestCell = 45  nTrainCell = 42  nDiff = 3  (X,Y) = (1425, 1555)  Position Error = 106.55
TrainID = 1955  dbValue = 1.82631  nTestCell = 45  nTrainCell = 43  nDiff = 2  (X,Y) = (1305, 1515)  Position Error = 86.2148
TrainID = 1554  dbValue = 1.84888  nTestCell = 45  nTrainCell = 42  nDiff = 3  (X,Y) = (1395, 1565)  Position Error = 105.323
TrainID = 1536  dbValue = 1.85082  nTestCell = 45  nTrainCell = 43  nDiff = 2  (X,Y) = (1445, 1465)  Position Error = 72.0625
TrainID = 1032  dbValue = 1.85767  nTestCell = 45  nTrainCell = 42  nDiff = 3  (X,Y) = (1395, 1575)  Position Error = 115.122
TrainID = 2099  dbValue = 1.90164  nTestCell = 45  nTrainCell = 42  nDiff = 3  (X,Y) = (1455, 1525)  Position Error = 103.407
TrainID = 2325  dbValue = 1.90533  nTestCell = 45  nTrainCell = 43  nDiff = 2  (X,Y) = (1385, 1595)  Position Error = 133.54
TrainID = 2552  dbValue = 1.9569  nTestCell = 45  nTrainCell = 43  nDiff = 2  (X,Y) = (1455, 1545)  Position Error = 116.675
TrainID = 2335  dbValue = 1.95913  nTestCell = 45  nTrainCell = 44  nDiff = 1  (X,Y) = (1325, 1555)  Position Error = 104.657
TrainID = 1100  dbValue = 1.97629  nTestCell = 45  nTrainCell = 42  nDiff = 3  (X,Y) = (1425, 1545)  Position Error = 97.9439
TrainID = 772  dbValue = 2.06204  nTestCell = 45  nTrainCell = 42  nDiff = 3  (X,Y) = (1465, 1555)  Position Error = 130.817
TrainID = 1110  dbValue = 2.07259  nTestCell = 45  nTrainCell = 43  nDiff = 2  (X,Y) = (1415, 1585)  Position Error = 129.973
TrainID = 1482  dbValue = 2.09725  nTestCell = 45  nTrainCell = 43  nDiff = 2  (X,Y) = (1455, 1555)  Position Error = 123.988
TrainID = 310  dbValue = 2.18968  nTestCell = 45  nTrainCell = 44  nDiff = 1  (X,Y) = (1385, 1425)  Position Error = 38.8973
TrainID = 2118  dbValue = 2.22622  nTestCell = 45  nTrainCell = 42  nDiff = 3  (X,Y) = (1485, 1525)  Position Error = 128.503
TrainID = 1510  dbValue = 2.26261  nTestCell = 45  nTrainCell = 44  nDiff = 1  (X,Y) = (1435, 1615)  Position Error = 165.085
TrainID = 1265  dbValue = 2.26999  nTestCell = 45  nTrainCell = 43  nDiff = 2  (X,Y) = (1295, 1545)  Position Error = 113.899
TrainID = 1792  dbValue = 2.28908  nTestCell = 45  nTrainCell = 43  nDiff = 2  (X,Y) = (1365, 1595)  Position Error = 133.24
TrainID = 1381  dbValue = 2.31289  nTestCell = 45  nTrainCell = 43  nDiff = 2  (X,Y) = (1405, 1615)  Position Error = 156.311
TrainID = 612  dbValue = 2.43361  nTestCell = 45  nTrainCell = 43  nDiff = 2  (X,Y) = (1345, 1615)  Position Error = 155.541
TrainID = 1233  dbValue = 2.43967  nTestCell = 45  nTrainCell = 43  nDiff = 2  (X,Y) = (1295, 1595)  Position Error = 154.185
TrainID = 2220  dbValue = 2.50942  nTestCell = 45  nTrainCell = 43  nDiff = 2  (X,Y) = (1295, 1605)  Position Error = 162.89
TrainID = 690  dbValue = 2.51343  nTestCell = 45  nTrainCell = 43  nDiff = 2  (X,Y) = (1465, 1455)  Position Error = 92.2659
TrainID = 410  dbValue = 2.55707  nTestCell = 45  nTrainCell = 42  nDiff = 3  (X,Y) = (1405, 1615)  Position Error = 156.311
TrainID = 323  dbValue = 2.59916  nTestCell = 45  nTrainCell = 44  nDiff = 1  (X,Y) = (1305, 1605)  Position Error = 158.345
TrainID = 1736  dbValue = 2.61561  nTestCell = 45  nTrainCell = 44  nDiff = 1  (X,Y) = (1465, 1445)  Position Error = 93.5575
TrainID = 1863  dbValue = 2.67583  nTestCell = 45  nTrainCell = 45  nDiff = 0  (X,Y) = (1425, 1435)  Position Error = 58.5918
TrainID = 2808  dbValue = 2.70411  nTestCell = 45  nTrainCell = 42  nDiff = 3  (X,Y) = (1365, 1635)  Position Error = 173.185
TrainID = 2858  dbValue = 2.75924  nTestCell = 45  nTrainCell = 43  nDiff = 2  (X,Y) = (1345, 1615)  Position Error = 155.541
TrainID = 914  dbValue = 2.8085  nTestCell = 45  nTrainCell = 42  nDiff = 3  (X,Y) = (1305, 1615)  Position Error = 167.431
TrainID = 2100  dbValue = 2.81038  nTestCell = 45  nTrainCell = 45  nDiff = 0  (X,Y) = (1475, 1445)  Position Error = 103.407
TrainID = 1699  dbValue = 3.07532  nTestCell = 45  nTrainCell = 42  nDiff = 3  (X,Y) = (1345, 1415)  Position Error = 54.7083
TrainID = 2987  dbValue = 3.11486  nTestCell = 45  nTrainCell = 44  nDiff = 1  (X,Y) = (1455, 1435)  Position Error = 86.3308
TrainID = 2148  dbValue = 3.20014  nTestCell = 45  nTrainCell = 42  nDiff = 3  (X,Y) = (1325, 1415)  Position Error = 67.1789
TrainID = 2472  dbValue = 3.25488  nTestCell = 45  nTrainCell = 42  nDiff = 3  (X,Y) = (1305, 1665)  Position Error = 214.086
TrainID = 2634  dbValue = 3.29563  nTestCell = 45  nTrainCell = 43  nDiff = 2  (X,Y) = (1335, 1675)  Position Error = 216.363
TrainID = 2654  dbValue = 3.30527  nTestCell = 45  nTrainCell = 44  nDiff = 1  (X,Y) = (1415, 1405)  Position Error = 70.8025
TrainID = 1031  dbValue = 3.3096  nTestCell = 45  nTrainCell = 43  nDiff = 2  (X,Y) = (1315, 1665)  Position Error = 211.123
TrainID = 2739  dbValue = 3.41481  nTestCell = 45  nTrainCell = 42  nDiff = 3  (X,Y) = (1385, 1385)  Position Error = 77.9295
TrainID = 2396  dbValue = 3.44632  nTestCell = 45  nTrainCell = 44  nDiff = 1  (X,Y) = (1485, 1435)  Position Error = 115.209
TrainID = 1146  dbValue = 3.50544  nTestCell = 45  nTrainCell = 44  nDiff = 1  (X,Y) = (1415, 1405)  Position Error = 70.8025
TrainID = 2994  dbValue = 3.51241  nTestCell = 45  nTrainCell = 44  nDiff = 1  (X,Y) = (1425, 1385)  Position Error = 92.9139
TrainID = 708  dbValue = 3.63347  nTestCell = 45  nTrainCell = 44  nDiff = 1  (X,Y) = (1455, 1405)  Position Error = 99.8649
TrainID = 627  dbValue = 3.68757  nTestCell = 45  nTrainCell = 43  nDiff = 2  (X,Y) = (1325, 1695)  Position Error = 237.893
TrainID = 1061  dbValue = 3.7195  nTestCell = 45  nTrainCell = 44  nDiff = 1  (X,Y) = (1445, 1385)  Position Error = 105.418
TrainID = 1310  dbValue = 3.7913  nTestCell = 45  nTrainCell = 42  nDiff = 3  (X,Y) = (1515, 1475)  Position Error = 142.594
TrainID = 2422  dbValue = 3.86807  nTestCell = 45  nTrainCell = 43  nDiff = 2  (X,Y) = (1285, 1675)  Position Error = 230.463
TrainID = 2302  dbValue = 3.91196  nTestCell = 45  nTrainCell = 44  nDiff = 1  (X,Y) = (1465, 1385)  Position Error = 119.971
TrainID = 2558  dbValue = 3.94807  nTestCell = 45  nTrainCell = 42  nDiff = 3  (X,Y) = (1355, 1345)  Position Error = 118.377
TrainID = 2258  dbValue = 3.98872  nTestCell = 45  nTrainCell = 42  nDiff = 3  (X,Y) = (1515, 1455)  Position Error = 142.172
TrainID = 2079  dbValue = 4.09145  nTestCell = 45  nTrainCell = 44  nDiff = 1  (X,Y) = (1475, 1395)  Position Error = 122.037
TrainID = 1783  dbValue = 4.10176  nTestCell = 45  nTrainCell = 42  nDiff = 3  (X,Y) = (1305, 1685)  Position Error = 233.137
TrainID = 1145  dbValue = 4.21045  nTestCell = 45  nTrainCell = 45  nDiff = 0  (X,Y) = (1495, 1405)  Position Error = 134.659
TrainID = 2908  dbValue = 4.40622  nTestCell = 45  nTrainCell = 44  nDiff = 1  (X,Y) = (1455, 1355)  Position Error = 134.807
TrainID = 2504  dbValue = 4.51695  nTestCell = 45  nTrainCell = 42  nDiff = 3  (X,Y) = (1395, 1335)  Position Error = 128.891
TrainID = 2834  dbValue = 4.52287  nTestCell = 45  nTrainCell = 42  nDiff = 3  (X,Y) = (1355, 1315)  Position Error = 148.098
TrainID = 2764  dbValue = 4.53437  nTestCell = 45  nTrainCell = 44  nDiff = 1  (X,Y) = (1495, 1365)  Position Error = 155.862
TrainID = 1767  dbValue = 4.56166  nTestCell = 45  nTrainCell = 44  nDiff = 1  (X,Y) = (1475, 1355)  Position Error = 147.828
TrainID = 2661  dbValue = 4.65388  nTestCell = 45  nTrainCell = 43  nDiff = 2  (X,Y) = (1265, 1725)  Position Error = 284.311
TrainID = 2710  dbValue = 4.7254  nTestCell = 45  nTrainCell = 44  nDiff = 1  (X,Y) = (1495, 1365)  Position Error = 155.862
TrainID = 2190  dbValue = 4.85576  nTestCell = 45  nTrainCell = 44  nDiff = 1  (X,Y) = (1475, 1335)  Position Error = 162.89
TrainID = 2074  dbValue = 4.92108  nTestCell = 45  nTrainCell = 44  nDiff = 1  (X,Y) = (1495, 1345)  Position Error = 169.035
TrainID = 1326  dbValue = 4.94758  nTestCell = 45  nTrainCell = 44  nDiff = 1  (X,Y) = (1475, 1345)  Position Error = 155.219
TrainID = 749  dbValue = 4.95478  nTestCell = 45  nTrainCell = 42  nDiff = 3  (X,Y) = (1525, 1415)  Position Error = 159.101
TrainID = 899  dbValue = 4.97653  nTestCell = 45  nTrainCell = 42  nDiff = 3  (X,Y) = (1405, 1325)  Position Error = 140.688
TrainID = 1879  dbValue = 5.06412  nTestCell = 45  nTrainCell = 42  nDiff = 3  (X,Y) = (1445, 1315)  Position Error = 163.686
TrainID = 994  dbValue = 5.06977  nTestCell = 45  nTrainCell = 42  nDiff = 3  (X,Y) = (1505, 1405)  Position Error = 143.781
TrainID = 2955  dbValue = 5.07247  nTestCell = 45  nTrainCell = 42  nDiff = 3  (X,Y) = (1385, 1305)  Position Error = 157.458
TrainID = 1966  dbValue = 5.07776  nTestCell = 45  nTrainCell = 42  nDiff = 3  (X,Y) = (1395, 1315)  Position Error = 148.637
TrainID = 2063  dbValue = 5.08564  nTestCell = 45  nTrainCell = 43  nDiff = 2  (X,Y) = (1375, 1315)  Position Error = 147.014
TrainID = 1585  dbValue = 5.13553  nTestCell = 45  nTrainCell = 44  nDiff = 1  (X,Y) = (1505, 1325)  Position Error = 190.245
TrainID = 334  dbValue = 5.14715  nTestCell = 45  nTrainCell = 44  nDiff = 1  (X,Y) = (1495, 1335)  Position Error = 176.105
TrainID = 2860  dbValue = 5.17475  nTestCell = 45  nTrainCell = 42  nDiff = 3  (X,Y) = (1535, 1425)  Position Error = 166.172
TrainID = 918  dbValue = 5.20194  nTestCell = 45  nTrainCell = 42  nDiff = 3  (X,Y) = (1435, 1335)  Position Error = 141.326
TrainID = 1388  dbValue = 5.21472  nTestCell = 45  nTrainCell = 44  nDiff = 1  (X,Y) = (1485, 1325)  Position Error = 176.955
TrainID = 1849  dbValue = 5.24022  nTestCell = 45  nTrainCell = 44  nDiff = 1  (X,Y) = (1505, 1335)  Position Error = 183.175
TrainID = 1576  dbValue = 5.26008  nTestCell = 45  nTrainCell = 42  nDiff = 3  (X,Y) = (1405, 1285)  Position Error = 179.869
TrainID = 1719  dbValue = 5.26683  nTestCell = 45  nTrainCell = 42  nDiff = 3  (X,Y) = (1505, 1385)  Position Error = 152.817
TrainID = 1778  dbValue = 5.28599  nTestCell = 45  nTrainCell = 42  nDiff = 3  (X,Y) = (1395, 1305)  Position Error = 158.534
TrainID = 615  dbValue = 5.30733  nTestCell = 45  nTrainCell = 42  nDiff = 3  (X,Y) = (1545, 1415)  Position Error = 178.306
TrainID = 2238  dbValue = 5.45473  nTestCell = 45  nTrainCell = 42  nDiff = 3  (X,Y) = (1515, 1365)  Position Error = 171.968
TrainID = 1672  dbValue = 5.57542  nTestCell = 45  nTrainCell = 42  nDiff = 3  (X,Y) = (1575, 1425)  Position Error = 205.361
TrainID = 316  dbValue = 5.59232  nTestCell = 45  nTrainCell = 42  nDiff = 3  (X,Y) = (1545, 1375)  Position Error = 192.751
TrainID = 2551  dbValue = 5.62359  nTestCell = 45  nTrainCell = 42  nDiff = 3  (X,Y) = (1535, 1385)  Position Error = 179.368
TrainID = 2255  dbValue = 5.63495  nTestCell = 45  nTrainCell = 42  nDiff = 3  (X,Y) = (1425, 1315)  Position Error = 155.926
TrainID = 711  dbValue = 5.70374  nTestCell = 45  nTrainCell = 42  nDiff = 3  (X,Y) = (1585, 1445)  Position Error = 212.681
TrainID = 424  dbValue = 5.7142  nTestCell = 45  nTrainCell = 42  nDiff = 3  (X,Y) = (1545, 1405)  Position Error = 181.199
TrainID = 685  dbValue = 5.80472  nTestCell = 45  nTrainCell = 42  nDiff = 3  (X,Y) = (1515, 1345)  Position Error = 183.992
TrainID = 538  dbValue = 5.83044  nTestCell = 45  nTrainCell = 42  nDiff = 3  (X,Y) = (1575, 1355)  Position Error = 228.589
TrainID = 2608  dbValue = 5.85775  nTestCell = 45  nTrainCell = 42  nDiff = 3  (X,Y) = (1435, 1305)  Position Error = 168.799
TrainID = 2704  dbValue = 5.86222  nTestCell = 45  nTrainCell = 42  nDiff = 3  (X,Y) = (1535, 1365)  Position Error = 188.82
TrainID = 1540  dbValue = 5.89376  nTestCell = 45  nTrainCell = 42  nDiff = 3  (X,Y) = (1595, 1425)  Position Error = 225.062
TrainID = 2037  dbValue = 6.15465  nTestCell = 45  nTrainCell = 42  nDiff = 3  (X,Y) = (1465, 1305)  Position Error = 181.97
TrainID = 535  dbValue = 6.25447  nTestCell = 45  nTrainCell = 42  nDiff = 3  (X,Y) = (1535, 1335)  Position Error = 205.847
TrainID = 558  dbValue = 6.26754  nTestCell = 45  nTrainCell = 42  nDiff = 3  (X,Y) = (1575, 1355)  Position Error = 228.589
TrainID = 1217  dbValue = 6.31458  nTestCell = 45  nTrainCell = 42  nDiff = 3  (X,Y) = (1485, 1305)  Position Error = 192.855
TrainID = 933  dbValue = 6.36972  nTestCell = 45  nTrainCell = 42  nDiff = 3  (X,Y) = (1605, 1395)  Position Error = 241.481
