trainID = 316  4.4668  3.3492  2.089  35.8715  1.5392  1.822  4.2326  6.2196  1.2977  2.4298  2.4738  1.8079  2.8808  3.196  0.7486  3.2659  4.7515  4.4988  1.9953  14.3733  5.6604  2.0051  0.9647  9.7182  0.142  0.8554  1.4661  1.438  3.0523  8.1456  0.1641  0.3742  2.6627  1.6545  1.5184  3.5862  3.3519  4.8715  4.7432  2.3112  4.1456  1.8289  
trainID = 340  3.3298  3.1832  0.975  0.232  0.472  0.354  3.736  3.3277  0.7828  5.1696  4.5195  1.3936  0.7714  0.0612  0.9245  4.2963  2.4512  3.7662  1.6368  5.5358  8.4526  2.8961  16.4974  3.0148  5.5279  3.9547  1.79  4.1558  2.0483  5.3709  1.0969  6.6476  2.917  2.463  3.2855  2.5015  2.4297  1.8457  5.8999  0.875  2.1857  36.2611  
trainID = 351  0.3657  0.6546  2.0765  2.2338  0.0134  0.388  0.1968  2.333  0.0501  0.7942  0.1098  3.0017  1.6404  2.2043  0.5618  2.6137  0.1897  3.0414  3.0321  1.2952  1.4612  3.8965  1.9987  0.9878  0.4664  0.0506  2.9684  1.6438  4.3781  1.8766  0.0201  0.3632  0.6394  2.0881  2.1268  0.1468  1.4738  1.2142  1.0897  0.976  0.2356  0.003  0.022  0.1706  
trainID = 393  2.3488  0.2675  0.322  1.86  2.2344  0.642  0.0912  3.6912  1.7261  3.3171  1.0653  1.4103  0.3088  0.4854  0.5495  2.6079  0.3384  1.9846  1.1619  1.5402  3.4952  1.8972  3.3612  1.6181  3.2042  5.0584  1.668  0.1795  3.4143  0.8197  1.6007  0.7599  1.0499  2.1418  0.806  0.7701  1.0481  0.8863  0.2342  2.338  5.0205  0.25  2.264  2.5482  
trainID = 397  1.0702  0.6932  1.0868  0.146  0.505  1.938  1.0442  0.551  3.5688  2.6565  2.4234  1.4007  1.9917  0.3954  0.1321  2.5177  0.3573  1.0339  2.4381  1.533  0.3084  0.7504  1.5481  1.1553  0.9963  4.452  1.112  1.3298  2.2437  0.8369  0.7498  3.7729  3.0166  2.7659  1.6691  0.3345  1.4984  1.1394  0.5461  4.1452  2.06  0.764  1.412  0.5568  
trainID = 405  0.644  3.9351  2.265  3.7887  0.4388  2.159  3.053  0.6542  0.9196  0.4815  1.7274  1.0372  0.5644  1.8057  0.0746  1.5897  0.096  2.2072  6.7506  6.7991  4.998  3.1361  8.7647  5.0927  2.2071  4.454  0.8678  1.3125  0.8301  2.5606  4.2105  2.1868  0.8448  0.8955  1.4414  2.7897  4.4066  3.8698  2.3105  3.1734  3.163  0.1472  
trainID = 413  0.9137  1.2317  0.683  0.584  0.3258  1.328  1.454  4.4498  3.0438  0.6527  5.7154  4.9035  1.1103  1.2088  0.4779  2.7194  0.2621  2.449  0.8392  5.6818  9.4159  7.7173  6.7341  7.3457  4.0237  3.7767  2.6245  3.6643  2.0907  2.9722  4.042  4.6218  0.0645  4.8065  2.2385  0.6652  1.9239  3.5205  1.651  0.3127  1.46  3.592  0.9485  
trainID = 484  1.396  0.0108  0.977  1.455  1.8568  2.019  1.2579  0.1636  1.8099  0.3345  2.9923  0.2551  1.272  4.3847  1.2252  0.1784  2.6495  0.887  6.917  6.3775  7.6162  3.2486  6.9919  5.2215  1.8568  0.4944  2.3653  1.1005  2.3902  2.9729  3.0702  1.1315  2.1937  3.0838  0.7564  5.0435  3.706  3.4948  2.4942  0.284  2.222  1.1206  
trainID = 511  1.5833  0.9409  1.3287  1.455  0.1535  1.776  1.793  33.8613  0.8934  4.043  1.0835  2.8736  0.4207  0.4835  1.8122  1.6997  1.9029  1.6487  1.4629  0.7662  5.1145  5.2331  6.8506  3.0803  1.3823  5.299  3.0765  0.3236  1.5023  2.1473  1.8539  2.0818  0.1401  0.7483  4.0375  1.3415  1.8602  3.3699  3.4039  2.162  0.9027  1.496  1.859  1.1966  
trainID = 520  1.8295  0.8842  0.245  1.054  1.008  1.8184  1.37  1.5598  4.7019  0.5513  3.1356  1.6563  0.9377  2.4015  0.299  2.9332  0.3865  1.3902  0.5571  6.1118  5.3257  7.877  5.6912  2.0775  4.9487  4.4702  1.2101  7.2909  2.6212  1.9333  5.0795  1.6306  1.3926  4.6646  4.5287  0.618  3.1029  3.6878  0.284  3.7934  0.464  2.58  1.2211  
trainID = 523  2.5151  0.1431  2.505  0.225  0.3941  2.462  1.8643  1.851  3.4642  2.8929  2.9212  1.5673  0.6578  0.5177  1.0911  5.5959  0.6856  1.4908  3.2591  3.9082  2.9565  0.2589  2.0667  1.2504  2.2112  4.5953  1.018  2.0368  2.5317  0.2221  0.0482  4.389  1.4411  1.3218  0.1421  0.2785  2.9907  0.5529  1.878  4.2306  5.361  0.016  2.983  2.179  
trainID = 535  4.0847  2.9274  2.7846  32.5985  1.0871  2.5898  2.4137  6.019  3.5362  1.039  1.5386  1.3874  1.216  3.2523  1.2156  4.0813  3.9565  4.6728  9.0198  16.3262  11.4935  4.4792  4.1737  9.0246  0.966  0.584  0.7542  2.8905  3.9417  7.3596  0.1388  0.248  0.0163  2.0525  2.3227  0.6162  2.576  3.4345  4.4332  0.283  2.073  2.4415  
trainID = 538  2.4863  0.0506  0.802  33.7995  1.5156  2.338  3.5961  5.7752  0.3804  1.6441  2.8311  0.7587  3.5288  1.8249  1.3886  1.6509  5.0579  3.9497  3.2045  9.0986  6.6049  5.4061  1.9085  9.1956  1.268  0.293  0.7354  0.8852  0.3159  4.3745  0.6167  0.188  2.2449  1.0175  1.0417  3.5102  1.417  1.88  3.3473  0.304  1.331  0.7005  
trainID = 558  1.6073  2.3259  0.015  35.3515  0.0475  1.409  2.0022  3.0741  0.4738  0.0848  1.635  2.6221  1.785  2.2056  0.3031  1.7008  5.2694  3.039  3.6298  7.1189  5.3205  1.3677  1.7647  10.1581  0.555  0.0153  0.4751  2.7702  1.0979  5.3808  1.5127  1.2308  2.5277  0.4404  1.457  1.9235  2.1043  0.401  4.1317  2.019  0.503  0.382  
trainID = 559  0.1444  3.7463  1.274  1.38  1.2539  2.2056  0.0391  0.409  0.7395  0.3753  1.7513  3.2794  1.4693  0.8377  1.4613  3.9286  0.8196  1.4121  1.9813  0.3651  3.2796  1.382  2.3128  0.0883  3.5906  2.5592  0.816  2.3604  4.2566  5.0019  0.4524  3.2211  2.6828  1.3291  2.7399  0.7021  0.9635  0.8402  2.5924  3.3697  0.9693  36.8481  
trainID = 613  3.7195  3.9259  1.422  0.837  0.8711  0.844  2.134  1.7069  6.033  1.3772  6.8818  5.6145  0.7138  1.4391  2.0826  1.9124  1.7534  1.199  0.2121  8.4105  8.0573  8.5813  9.4925  15.6794  0.4714  4.6939  3.9915  2.7913  1.5135  3.7612  7.6223  9.2753  0.6992  3.7549  2.7021  2.6862  4.6156  3.3254  0.714  1.5487  3.4755  1.127  2.0957  
trainID = 615  5.3408  1.0528  0.885  37.1395  3.9103  0.985  4.3261  4.6519  1.1626  0.504  0.752  2.9265  3.2668  4.8187  0.921  2.5532  3.4198  4.5566  9.366  16.2701  3.1597  4.2728  1.1455  9.36  1.8432  0.1815  2.7578  0.5748  2.5939  3.9665  1.7558  0.034  2.9087  0.6667  0.2696  1.8804  1.5317  4.8017  5.2115  0.334  3.248  1.0623  
trainID = 640  0.3702  1.4643  1.033  0.539  0.215  2.015  34.7743  2.4479  0.5454  0.1908  0.3266  0.9186  0.5602  0.6858  4.0013  0.6554  1.4961  1.32  0.261  3.3165  4.5525  4.255  3.7358  4.0473  7.1588  1.331  0.6367  0.9794  0.6449  0.2304  0.4526  3.4924  0.5387  1.2946  1.9039  2.8937  0.4213  5.2534  3.4214  3.4981  2.7378  4.4271  3.478  
trainID = 658  0.4455  1.0895  2.1257  1.458  0.3507  0.295  33.0033  1.3437  2.8859  0.1755  3.1132  3.0212  1.3217  0.9351  3.0085  0.0164  0.2135  1.8405  0.2111  4.189  6.2194  4.6149  3.2486  2.1289  0.0968  0.785  0.3095  2.4  2.7997  0.6827  0.6001  2.9833  2.5695  2.6117  0.3795  1.2826  0.6325  1.1577  3.194  1.3424  0.162  3.636  1.7566  
trainID = 671  3.0887  4.1397  2.007  4.1163  2.3095  0.212  1.468  0.4844  7.7036  0.84  10.9176  3.2653  1.0539  1.658  0.9374  4.0407  2.0522  1.1643  0.1769  7.2973  9.9934  7.8998  11.1126  0.552  9.7339  2.9799  2.6042  6.7043  1.2538  2.9484  5.2327  6.0964  0.7486  6.1977  0.4431  3.5257  2.8854  4.4682  1.129  1.481  1.013  3.06  3.4414  
trainID = 714  3.1956  3.8813  0.869  0.968  0.8889  0.786  1.725  1.4586  4.092  1.0866  9.0619  2.5691  0.4555  2.0664  2.8564  5.1182  2.1787  0.805  1.3292  6.7983  9.7185  9.4405  8.7718  0.8435  8.2563  5.4962  2.1464  6.8332  2.988  2.5635  4.4173  3.9033  0.15  7.042  1.1926  1.4447  3.2112  3.1512  0.937  3.9744  1.07  3.505  1.3843  
trainID = 734  0.9119  0.0111  0.043  0.073  0.375  1.246  32.3963  0.2225  0.8869  3.7094  1.5271  1.0374  2.3921  0.5715  2.4506  0.1485  0.6416  0.842  2.4232  2.7852  4.1134  1.7122  1.1148  0.1427  3.7221  3.3787  0.1295  2.3937  2.017  3.5117  0.1959  0.0923  0.8336  2.1209  1.5689  0.1286  0.8593  0.2135  1.961  3.367  0.133  2.889  0.9656  
trainID = 749  6.1498  2.6034  1.4969  36.2845  1.3538  5.2363  5.3758  6.2959  0.6368  0.6364  2.9472  4.4516  4.4618  4.4737  1.7616  1.5728  5.5675  3.3245  11.1453  17.9766  2.1017  1.0135  0.4178  9.3219  0.91  0.0403  4.6639  1.6043  4.2317  6.8707  1.3898  0.4124  2.4786  0.7014  1.8401  3.9007  2.6175  2.75  4.2172  1.003  3.365  2.2235  
trainID = 760  1.6831  3.7761  1.5615  0.55  0.817  1.249  2.1268  5.9403  0.8193  7.6661  5.7564  1.3152  0.4622  1.7413  2.0818  0.5488  1.857  1.1762  7.522  9.5243  8.9927  9.4838  13.2671  1.5864  4.3297  4.5029  1.9684  1.7494  4.2342  4.6413  8.8803  2.7031  4.8218  1.5282  1.8534  4.8203  5.5233  4.1386  4.401  0.689  2.026  0.5116  
trainID = 768  4.3462  0.1576  0.572  33.9585  0.6727  0.499  2.8699  7.4363  2.9875  1.0247  0.2795  2.8497  2.8938  6.3594  1.1284  2.8616  2.9735  2.6213  6.7525  5.9971  7.1473  1.9804  1.8824  7.0432  2.4636  0.3375  0.384  3.302  0.5648  3.9617  1.6268  2.7312  0.2448  0.5577  0.9308  0.6249  1.0885  3.0805  3.7771  0.177  3.418  0.0009  
trainID = 779  3.6319  4.5413  2.878  0.124  1.1498  0.919  2.5616  4.8667  1.8227  4.9757  5.7199  2.5974  1.4709  1.2868  2.858  1.4848  0.28  2.8302  9.0422  9.3832  10.8717  13.0076  17.7132  0.6332  3.8297  3.647  5.9113  0.8204  4.8052  6.0847  9.2599  0.379  4.4568  2.4869  1.7289  4.4024  8.1289  2.575  0.388  0.913  4.5046  1.2977  
trainID = 784  1.0342  0.4081  1.3292  1.117  1.6065  0.09  34.5453  0.6325  2.7126  2.5423  1.9184  3.0433  0.518  0.8431  3.121  2.0464  0.181  1.281  0.4051  5.2588  7.5609  5.8827  3.6061  5.3846  3.2614  4.0783  2.2389  1.4675  1.4965  3.9662  4.9435  2.0135  0.0016  1.3439  0.3202  0.5526  2.6885  4.4428  2.157  0.4072  1.495  2.601  1.7001  
trainID = 790  2.1951  0.969  1.6339  0.811  0.5473  0.325  33.9773  0.7249  2.4913  1.1691  1.7837  1.2167  5.1735  1.8449  0.4455  2.2765  1.51  0.616  1.1888  3.3168  5.584  5.5754  3.5566  3.6522  1.6731  2.2734  1.9395  5.6337  2.8581  1.4315  0.0021  0.3879  1.9302  3.2333  1.3422  1.8448  1.496  2.6206  1.317  0.5602  0.677  0.637  3.2764  
trainID = 806  0.1425  0.7493  3.2231  1.451  1.672  2.621  33.3433  2.2235  1.3533  2.2187  3.0435  0.161  3.1714  1.2879  1.1097  3.901  1.4775  0.187  0.0537  3.5782  4.8557  3.6959  2.4452  2.8108  1.9908  1.9248  3.1104  3.1311  4.1506  2.2439  0.907  2.3145  1.8468  2.607  1.0415  2.4517  0.2204  2.6174  0.48  2.1898  1.067  0.896  1.012  
trainID = 812  4.2117  0.7458  0.702  1.392  0.1825  0.413  1.0731  0.146  0.5116  1.892  3.0972  1.7118  0.8215  2.5544  1.5806  2.6957  0.7366  1.2679  0.8854  1.5849  1.734  1.1506  1.4805  0.2772  1.9302  0.189  2.8823  0.4922  3.3693  3.5267  1.1046  4.0608  1.5151  1.4712  0.4827  0.2441  0.659  0.1437  0.7327  2.751  0.3728  1.444  0.405  1.6942  
trainID = 834  2.6021  4.5613  1.9294  2.121  1.5637  2.491  2.2823  0.312  0.1779  5.5116  4.6864  1.6748  3.0575  1.5973  1.7588  5.8043  0.0363  0.6368  3.2082  2.9723  1.5107  1.6433  12.1881  3.2051  3.4109  3.1187  1.559  0.2097  2.8763  3.4044  2.4594  5.375  2.1245  3.7043  1.4217  2.1475  2.3727  1.5217  3.0949  2.017  2.1884  34.5811  
trainID = 869  2.0187  1.7974  0.357  3.6202  1.1898  1.362  0.7873  2.7576  2.9035  0.1771  4.425  3.2013  2.4094  2.8256  0.0669  2.6214  0.7031  1.8486  2.4437  0.8721  3.1029  3.8373  1.7094  1.8148  6.5222  3.1245  1.38  2.773  5.12  4.1034  0.3077  2.9615  1.4417  2.8294  1.5474  0.1078  1.6966  0.4728  1.2772  1.441  2.2486  37.1921  
trainID = 888  0.1087  0.6624  0.241  3.2902  2.2376  2.421  0.3131  3.5837  2.7358  0.6303  1.8428  1.2689  1.6819  0.7568  1.2369  3.6004  2.7804  0.394  0.094  1.754  1.0527  2.206  2.1086  1.2692  2.4238  1.3488  2.554  0.0442  4.8226  1.5308  0.2198  3.9698  1.3965  1.179  1.8648  1.6106  0.2879  1.2018  1.2734  1.63  0.0461  0.721  2.034  1.52  
trainID = 903  3.1267  2.3385  1.318  0.18  0.6207  0.141  0.6625  1.121  2.0101  4.7833  3.6033  0.5304  2.2924  0.1512  1.3846  4.5713  0.0717  0.9817  3.1025  3.5776  7.7753  4.4495  5.3075  1.2446  1.8539  6.5104  1.388  1.538  0.743  1.6886  0.5812  2.7284  1.0472  0.9843  2.1071  1.4675  0.437  0.7522  0.4504  3.2897  3.9382  2.152  2.794  2.8481  
trainID = 904  1.2774  0.5612  1.5824  1.088  0.6663  0.702  0.843  1.9645  0.7578  0.1632  0.001  0.3527  0.2302  1.13  0.4571  1.5123  0.0899  2.0791  0.0971  4.0009  7.1173  5.0471  4.7744  5.113  0.4746  1.8685  1.4266  3.4077  0.9925  0.5457  2.0568  1.974  0.3965  0.4538  0.289  0.1553  2.097  4.7497  2.772  2.2408  0.669  4.2533  2.1689  
trainID = 933  6.4948  0.7023  1.2964  34.1895  1.0621  2.7276  3.4724  1.5678  0.53  1.0511  0.7442  0.5718  2.3398  4.4705  1.0336  0.0349  3.2675  3.124  3.5395  6.1914  2.6735  0.8725  1.3743  7.8214  0.31  0.2856  1.9931  0.4871  1.9196  1.8661  1.0849  3.1879  0.4018  0.4578  0.9158  2.3497  0.342  2.679  3.0345  0.921  3.864  1.0835  
trainID = 985  3.4724  2.5179  0.586  2.6328  0.892  0.058  0.768  34.7303  0.6799  4.7895  0.7809  8.7869  2.69  1.3735  2.3652  0.5524  3.8099  0.4452  3.074  2.0272  8.6772  10.261  9.3721  6.1742  1.4713  8.7102  3.2947  0.5639  5.6548  1.6287  4.1912  5.5368  3.6084  2.3277  2.9887  2.0291  0.5476  2.4781  3.1617  0.196  2.6566  1.178  1.016  2.388  
trainID = 995  2.4034  1.3278  0.735  1.054  1.6895  0.015  1.3668  0.7781  1.0738  0.4858  0.0615  0.9583  0.8452  1.0563  0.4901  1.2864  2.1056  0.31  0.0333  2.6108  1.3278  0.7874  0.5679  5.8485  1.586  1.8747  2.2658  0.0856  2.4385  0.1555  2.9161  0.9125  2.4059  2.2495  0.0062  2.7081  2.5578  2.495  3.1225  0.099  2.178  0.2453  
trainID = 1046  1.2577  1.4267  2.522  1.344  0.6921  1.914  3.0996  0.5389  0.9843  2.1008  0.6035  2.0161  2.8918  0.0061  0.8299  0.0169  2.2121  1.0025  2.4918  4.0181  1.7513  0.9654  4.236  6.3882  2.9339  2.035  1.145  1.3716  2.032  0.0915  1.5092  1.0492  1.0296  1.3165  0.7082  0.1128  2.5991  2.567  1.9341  0.518  2.73  1.0367  
trainID = 1075  4.3831  1.7421  2.525  35.8945  1.3718  2.039  3.7359  6.9905  2.0772  1.1176  0.1836  0.6051  2.7498  3.271  1.8566  2.8535  5.0913  3.2875  11.7528  17.4883  14.1729  2.7225  4.7495  8.2409  0.219  0.4977  1.9535  1.9414  1.9141  4.5112  0.6417  1.3514  0.3896  2.4815  2.5977  1.1506  2.6468  2.1  3.791  0.73  1.332  3.1366  
trainID = 1076  1.627  4.5821  1.0951  0.09  0.8463  1.1766  2.937  0.266  5.293  0.1054  8.7281  4.9523  0.689  3.8695  1.1244  2.4063  4.8367  0.18  0.4623  7.9931  11.3599  8.5491  11.893  7.4476  6.8949  3.1859  2.1416  5.9202  0.3889  1.4851  4.8194  7.2105  1.0554  3.5216  1.4754  1.2319  5.5692  4.9466  1.349  0.0584  0.075  3.037  0.2441  
trainID = 1080  3.2341  2.5977  0.551  0.413  1.7715  2.169  0.6534  0.512  0.0279  7.4285  3.4222  0.0748  1.5871  1.1575  4.2348  4.5477  3.1166  3.2609  4.7229  4.1281  6.964  6.6429  5.7539  2.2767  2.1794  3.0243  1.733  0.4341  1.3941  3.7749  0.494  6.2412  1.6932  2.1585  0.3808  1.9125  1.743  0.0623  1.1595  1.672  1.3972  35.5641  
trainID = 1122  2.1846  0.2843  0.394  0.883  0.7424  2.282  1.0094  1.7  1.8221  2.6042  1.8489  2.5108  2.8971  0.5557  0.9307  0.318  0.8216  2.6938  3.8788  1.8116  5.1969  2.6443  2.9662  0.536  1.999  3.6928  2.1761  0.582  1.5862  0.8433  0.5729  3.236  0.3662  1.3797  0.4357  0.205  0.4605  0.3457  0.3226  1.559  1.661  1.283  5.8926  1.8656  
trainID = 1147  0.2838  0.022  1.611  0.541  1.9134  0.6098  2.2493  0.4799  0.9645  0.2393  0.6542  2.1516  0.6815  1.201  0.8896  0.333  1.7473  2.3986  3.3709  3.5764  3.2767  2.7408  0.3316  0.7742  2.8265  1.7451  3.356  0.4493  2.0438  0.203  1.7254  0.4657  1.0277  1.5275  0.0787  0.056  2.6149  2.923  0.0396  0.762  1.78  0.8613  
trainID = 1180  0.8988  1.5355  0.957  0.918  0.4939  2.275  1.6931  0.614  4.2832  0.6642  0.2716  0.2344  0.6332  2.8038  2.1128  4.2664  2.1066  3.9  2.1367  3.1147  2.4801  1.0218  1.5862  0.2479  0.9145  7.5489  0.195  0.0965  2.2404  0.1076  0.4596  3.5204  0.9538  0.9621  0.9875  0.6828  1.411  0.0658  0.0876  3.0253  2.7062  1.408  0.362  1.1355  
trainID = 1181  0.4253  0.7233  0.615  1.145  2.5048  0.73  2.3835  3.4843  0.2766  1.9749  0.9549  0.9967  0.8267  0.7225  2.9194  0.0963  2.173  0.1217  4.6976  6.3308  6.422  4.287  4.2152  0.5554  3.6553  0.0418  3.1096  0.1856  0.103  4.4276  2.2551  1.971  2.0906  0.7543  0.3314  2.8575  3.233  0.521  2.8585  0.109  4.6757  1.6307  
trainID = 1221  4.6101  2.1759  1.101  0.316  0.2495  1.585  0.5762  1.253  0.9001  3.6517  2.3747  1.4388  1.1311  0.7531  2.3188  3.4793  0.8186  3.5072  3.9949  3.9894  5.7824  5.6447  3.5112  1.2382  1.8605  5.2877  1.293  1.1822  1.4845  1.986  2.0086  3.2293  0.2502  0.9918  2.0907  0.4694  3.2787  1.7692  0.609  1.496  2.5178  3.3743  2.65  0.8863  
trainID = 1227  0.9535  0.4902  1.1381  2.5247  1.8745  0.5805  0.2049  1.139  3.0557  1.7817  2.306  1.8628  1.5615  2.2883  0.7519  6.0274  0.2731  1.3276  3.6121  0.328  3.5941  4.1867  1.9465  0.6614  2.0681  0.7945  0.174  0.887  1.2501  3.2248  0.857  1.5816  1.6484  1.7091  2.1001  2.1285  2.9417  0.7842  0.9746  1.337  1.3791  0.701  4.115  0.8869  
trainID = 1249  4.9228  2.5466  0.37  0.655  0.6518  0.34  3.4049  1.552  0.4972  5.3559  2.2306  0.4792  1.164  0.2512  2.1498  4.1935  0.2885  1.7552  4.6683  2.5943  5.2068  4.2912  11.1666  4.7765  4.7729  3.4533  0.267  0.4423  4.7794  4.8306  0.3301  4.4883  1.9182  1.7453  0.5595  1.3935  4.5787  0.6181  1.8548  1.172  2.8618  36.7871  
trainID = 1253  6.0618  1.5443  0.385  34.2825  0.227  4.2528  4.3723  7.125  0.112  0.304  2.0131  0.2578  3.1318  4.8425  1.8646  0.8765  4.4876  1.3897  2.2886  17.2999  5.8326  3.7008  0.8865  9.6228  0.097  0.4795  1.2887  0.452  0.5095  6.0581  0.9122  3.6909  1.2798  2.2565  0.9638  2.1069  1.4137  5.7649  5.6341  0.1  0.249  3.0379  
trainID = 1255  2.8577  2.9948  2.5517  0.195  1.1807  1.189  1.0205  3.2017  0.639  8.7842  4.3945  1.0146  3.1841  0.3833  1.1143  6.8612  1.4598  3.1105  4.3925  4.1928  12.9485  2.3526  20.1415  6.01  8.675  1.5488  1.49  2.8871  0.1938  5.923  1.8349  5.1211  1.4633  3.069  2.4179  2.8405  4.1047  3.5284  3.8379  0.869  3.5109  36.4411  
trainID = 1258  0.9516  1.859  0.736  2.7624  0.1734  0.561  1.337  1.3905  4.2557  2.3177  5.8265  4.699  2.4308  2.8767  0.3036  3.4351  0.3464  1.546  0.6492  7.3836  8.3795  8.3031  5.8828  5.6837  3.3774  5.6588  2.4251  4.3621  2.3172  2.6163  5.7729  6.339  0.545  6.1498  4.0534  2.4141  2.3077  1.8953  2.611  1.8036  1.908  3.799  1.405  
trainID = 1283  0.757  1.9402  1.5191  0.136  1.8603  2.3672  3.3617  0.093  2.4382  1.2458  2.8342  1.3026  3.6744  0.9886  0.645  3.4208  2.213  2.5939  3.3402  1.9865  0.9773  1.8147  3.186  0.1  7.4486  0.2374  1.7952  5.4292  4.759  2.7998  3.1075  2.0444  1.413  2.3794  2.7324  1.0075  3.5777  0.4491  0.5267  4.1321  0.5191  37.5541  
trainID = 1319  0.4955  3.1195  0.749  1.913  2.8981  0.6225  1.2097  3.0301  0.9655  3.7431  2.9728  1.5773  0.6549  1.823  0.7103  3.5254  1.8396  1.9392  3.721  2.8125  5.414  2.3151  3.9514  2.0522  3.4891  4.0959  0.016  0.7537  1.5  2.894  0.3192  3.8694  1.1104  1.2662  1.1886  1.1285  1.3712  2.2574  4.1059  0.653  1.2003  1.75  2.322  1.9357  
trainID = 1355  2.6612  1.7846  3.013  1.06  0.5415  0.598  0.514  3.1042  0.8963  0.7132  1.3818  0.5844  0.4661  0.1486  0.74  0.891  1.9673  1.4539  0.5008  2.0549  5.2284  5.9176  1.5807  3.6194  2.2337  1.446  1.3615  0.9016  0.4306  0.1162  0.6652  1.0497  1.4427  0.5227  0.4711  0.4731  1.3477  2.7051  1.645  1.5217  1.58  3.585  0.3585  
trainID = 1387  3.709  2.5559  1.3491  1.042  1.0996  0.627  1.5545  0.783  0.4993  5.9994  1.9578  1.3483  0.576  1.1233  1.8988  2.9117  0.0888  1.7134  3.9825  3.8101  1.3351  6.6207  19.1569  2.1813  3.8017  3.5582  1.538  2.7821  3.2317  3.7975  1.1211  5.7925  0.0613  1.1317  1.6951  1.6465  1.6291  2.9257  4.0229  2.79  3.0091  35.7241  
trainID = 1389  0.3659  0.3903  1.8142  1.661  2.4011  0.068  0.635  1.6369  0.54  1.046  2.0175  4.8358  4.5103  4.363  3.5673  0.5062  4.0563  0.9035  0.7628  0.3573  1.2097  4.7421  4.8706  0.7875  0.6858  5.5017  0.5921  0.077  5.4299  4.5515  3.0611  0.1231  2.8506  4.5159  1.8166  1.2747  1.1655  2.4197  0.2264  1.1709  0.987  0.6072  36.6161  
trainID = 1393  2.9591  4.2471  0.574  3.0096  0.975  1.105  0.975  2.75  9.4483  1.7637  10.6867  10.0076  0.5764  4.6185  2.9477  4.2058  1.7335  2.141  0.0819  8.7805  11.3154  12.1552  18.3959  17.861  15.8843  4.7683  4.0309  6.7129  1.6385  4.1682  8.5426  11.4223  0.2101  8.9377  2.2668  1.0387  5.2407  5.6054  2.231  4.0477  1.701  5.8648  1.4526  
trainID = 1494  3.3862  2.4687  0.003  1.177  0.4744  0.214  0.4666  1.021  1.5604  3.822  4.1507  2.9043  2.4135  0.6768  1.1538  3.0743  0.7236  3.7038  3.0614  2.5813  0.9242  2.2017  9.6106  4.3119  3.4816  1.9638  0.036  2.497  1.9297  3.1358  0.6673  5.2916  0.8883  0.9877  0.7889  0.1749  1.9095  0.6886  1.505  0.631  0.7611  35.7661  
trainID = 1498  1.4834  0.5458  0.617  2.09  0.9828  0.6567  32.8213  0.9663  1.1503  1.3157  3.1058  1.7073  1.4234  2.1548  0.3088  1.9021  1.2667  2.2315  0.274  3.3385  4.1821  6.0956  5.895  0.0151  3.2605  2.3319  1.2926  4.4434  3.0181  2.6866  1.8056  2.1427  3.4549  2.3096  0.2743  0.1834  3.4237  2.7082  0.352  0.6248  0.439  3.401  2.3249  
trainID = 1513  2.8417  2.7541  0.068  1.112  0.6722  1.375  0.7428  5.4954  0.7083  4.3601  1.023  0.0881  1.2183  1.9935  2.4823  0.2644  0.8517  1.4292  4.3313  8.8074  6.0342  4.2285  2.4138  3.6031  1.8869  0.6657  5.5206  1.573  4.4172  2.895  4.163  0.607  3.4825  0.7762  1.1493  2.8476  1.8559  1.297  1.0708  0.941  2.071  2.3503  
trainID = 1530  0.9232  0.9933  0.012  1.881  2.6459  1.2935  0.17  2.5395  0.4079  3.74  1.6232  0.3229  0.9966  2.8319  2.5043  2.8243  1.2665  2.3252  4.8329  3.6526  9.5503  3.9244  0.6714  2.4824  2.5535  0.7169  3.9336  5.3538  0.7976  2.5585  0.3334  2.6812  1.6139  1.0215  0.8894  0.8922  3.3365  0.169  1.8395  2.5195  1.3  2.8779  
trainID = 1533  2.9162  1.0878  2.1489  0.553  2.2556  0.229  0.735  2.387  4.9011  0.6637  7.3112  4.7334  0.7461  1.0482  1.3942  3.7534  4.4744  0.482  0.2874  7.171  6.8974  7.515  7.8233  12.7579  0.7885  3.0366  4.9516  3.1951  0.7702  2.921  6.9632  10.0626  1.5654  2.8591  1.6631  1.8079  4.6851  4.5815  1.243  0.971  1.917  5.7413  0.9141  
trainID = 1540  4.4925  1.8807  1.808  35.5455  0.2705  2.211  4.516  3.9102  1.5888  2.5699  1.4992  4.065  2.7918  4.9289  2.7776  2.6767  1.7589  1.6913  3.4842  8.2741  0.16  4.5612  1.1389  9.5555  0.62  2.1478  1.7177  3.1259  1.3572  3.1607  1.6518  1.9491  1.2169  1.1105  2.2901  2.975  2.1832  3.5081  5.1081  1.415  3.199  2.1577  
trainID = 1545  0.471  1.3218  0.153  0.329  0.0127  1.1433  2.503  1.6491  2.8925  0.2679  5.7523  3.1537  0.6102  0.3377  0.6571  3.5416  1.3761  0.6306  3.2172  7.9253  9.2484  8.4302  6.1671  10.3994  1.6674  3.7852  1.6988  6.0524  1.1556  4.1662  4.77  5.8918  1.8036  4.6181  4.8921  1.5512  3.9062  3.5365  1.02  1.5769  1.244  4.0268  0.7284  
trainID = 1546  1.2465  1.9206  0.017  0.867  1.7827  2.974  0.473  34.2603  0.3228  3.4973  2.8947  5.2357  1.1122  1.9475  0.7725  0.6117  2.0032  0.5775  1.085  0.154  6.7771  8.3469  8.7366  6.2698  9.4797  5.0163  2.968  3.6227  2.4573  1.8688  3.3525  5.6391  5.4961  0.172  3.7247  2.6974  0.7719  3.457  3.5708  0.797  0.4751  2.0627  4.013  1.2861  
trainID = 1548  1.2762  2.1793  0.522  2.2828  1.0994  0.9663  33.6423  1.9481  4.7263  0.3872  0.1869  0.9894  1.4587  2.8353  0.2262  1.2042  0.655  1.704  0.6572  5.3149  8.3419  9.2748  4.3345  6.9653  0.5206  0.944  1.0938  3.8582  1.4955  3.014  1.6152  4.6267  0.9379  2.0796  1.8308  1.1922  2.1797  3.5338  3.5388  1.0417  1.427  4.9907  1.4485  
trainID = 1558  4.4543  1.218  3.2873  0.255  0.3047  0.36  0.3442  3.13  3.2675  4.63  4.3694  0.3623  3.4581  1.8035  2.1678  4.1134  0.4257  2.928  1.2391  4.2447  5.5517  7.1068  11.1086  2.0083  3.9249  5.4748  1.436  4.394  1.5653  3.925  1.5787  3.3201  2.9244  4.3069  2.9272  3.3505  4.2867  1.4819  1.26  2.912  4.2446  36.4911  
trainID = 1580  3.3406  3.3089  0.006  0.469  0.6105  4.177  1.5626  1.896  2.0042  6.0153  4.4904  0.0682  0.1078  1.6199  1.8508  4.8726  0.4819  3.8549  3.394  4.3791  2.9175  9.4087  12.3765  1.5496  5.1543  2.8249  0.526  2.3106  3.179  5.014  0.6948  5.548  0.4054  1.1851  1.6576  0.2624  1.6631  1.1812  4.0359  1.224  3.878  34.4491  
trainID = 1587  0.0626  1.6754  0.874  1.039  0.1378  0.157  0.2906  0.834  3.4342  3.0527  4.9061  1.8533  2.0625  1.3256  0.4641  4.5937  0.8275  2.2299  5.5878  0.7224  0.0173  1.3073  1.8361  0.8401  3.9559  1.377  1.617  4.0068  4.0902  3.7963  3.1784  0.9489  1.119  1.4925  1.0782  0.5281  3.2337  0.0872  2.3141  0.913  2.2606  0.398  2.477  1.3761  
trainID = 1602  0.8247  0.8744  1.943  0.639  0.2775  1.2799  0.078  0.2501  6.5284  1.1054  4.6952  2.2479  0.3042  1.4603  1.2916  2.3625  1.508  0.138  0.034  9.1579  8.1097  9.0507  7.4519  0.2241  6.2896  2.6733  0.9098  7.2732  1.7675  1.2905  3.9923  3.0179  1.4629  5.283  1.1477  0.9097  1.8253  2.9708  2.15  0.3596  1.208  3.111  3.4353  
trainID = 1647  0.4867  4.0989  2.1094  1.652  1.5547  0.127  0.051  0.939  1.577  1.626  0.2984  2.2848  1.3104  1.9793  1.8949  2.0508  4.838  0.9799  2.7492  2.2485  2.4192  0.7578  0.047  3.8279  2.1132  4.8118  3.072  1.18  1.5576  2.4848  1.7309  0.2038  5.2921  0.2137  1.4047  0.3489  0.9685  1.7856  1.3511  0.0494  0.503  0.7277  36.3451  
trainID = 1652  0.1331  0.8447  1.099  0.07  0.6863  0.168  35.0613  2.4902  3.2656  1.0989  0.2474  1.8321  0.0161  1.0079  2.5908  1.2136  1.1515  0.763  0.6722  4.4379  5.6684  5.397  2.7853  8.4915  8.2032  3.3012  1.4092  0.0698  2.3031  3.4083  4.1123  5.0186  0.7623  0.2743  3.7166  0.6679  1.0124  6.8944  2.965  0.3639  0.151  4.8006  0.9719  
trainID = 1695  1.9406  2.0904  0.402  3.5081  0.5479  0.068  0.72  2.4919  3.193  0.3412  2.7726  2.856  1.2661  2.1748  3.2126  0.5256  2.1266  1.136  0.9482  8.5893  8.7113  8.5398  7.7451  11.0012  5.6446  1.512  2.1025  2.6504  1.4718  2.6288  7.6749  5.3883  3.8662  2.5388  1.7821  0.7881  2.6164  3.9127  2.676  0.331  2.3604  3.451  0.7837  
trainID = 1718  4.9861  3.309  1.104  2.168  0.2135  1.793  0.6107  6.6003  0.2956  6.8414  6.921  2.0948  2.7919  0.9724  2.419  2.725  0.043  2.7892  8.5295  8.9354  9.1414  12.8723  10.3661  9.9923  4.0124  2.2126  8.2031  1.9447  2.9568  6.7338  8.0057  0.2731  7.4006  1.0468  2.7555  6.049  3.4885  1.746  3.1132  0.069  2.888  3.1786  
trainID = 1745  5.4758  2.0991  1.008  36.0065  0.3355  2.194  3.902  5.6505  2.2957  1.1007  0.8437  2.0495  1.6529  4.1382  1.6805  0.5789  3.8462  3.6084  3.1886  13.0213  3.5691  0.705  0.1378  7.5625  1.022  1.7822  1.3951  0.914  2.0109  5.5259  2.2241  2.6518  2.9053  1.1465  0.8176  0.1263  0.6936  2.272  6.4415  1.917  1.766  0.288  
trainID = 1765  0.6265  1.4389  0.289  2.3785  0.6969  0.325  0.254  3.1256  1.1357  0.447  1.9652  4.5158  0.2847  2.3668  1.5131  0.3172  1.7951  1.1207  1.0805  1.6057  4.097  2.8442  1.5413  4.8645  5.5927  0.548  1.6131  1.2713  0.3027  0.3038  1.4087  0.6315  2.5027  1.9405  1.6467  0.4126  1.8595  2.4347  2.129  3.5588  0.182  2.481  0.5818  
trainID = 1769  4.4653  1.7747  0.414  0.353  2.4621  0.193  0.9863  1.462  0.9295  5.1471  4.2043  0.4239  0.3952  2.0961  3.1848  6.8587  0.9038  0.949  5.2662  3.2989  2.9468  11.1768  19.7088  4.9422  3.6912  5.4737  1.294  1.9852  2.4622  3.6959  0.3715  7.6058  4.7604  1.4578  3.0777  2.0388  3.2977  2.3453  3.7639  2.214  3.2814  36.1761  
trainID = 1771  5.2936  1.2065  0.849  3.6417  1.9575  0.209  0.224  0.4942  6.9944  2.3347  8.9807  3.954  2.1244  3.5336  1.037  3.4483  0.7418  1.67  0.2384  5.0726  8.6706  9.7699  7.9691  1.1875  10.4241  5.0371  3.3288  7.3305  3.8059  2.4949  3.7724  7.52  1.4097  5.8381  2.539  0.2901  3.9165  4.1633  2.72  3.0623  0.335  3.535  4.0813  
trainID = 1799  0.4092  0.7306  2.8654  0.559  0.0021  1.652  0.3887  0.196  0.1582  0.8966  2.4472  4.0279  4.9696  1.6014  0.1511  2.6805  1.3125  0.5351  2.5308  2.3381  2.8836  2.2188  0.6267  1.2615  3.6288  2.623  1.9272  0.5661  3.2178  4.5154  1.5884  2.4435  0.2447  1.5955  0.7899  0.4082  3.8167  0.3909  1.204  4.3802  2.7539  34.7101  
trainID = 1825  1.0855  2.4094  2.5825  2.16  0.8536  1.5314  1.1627  1.575  2.0197  1.9591  2.5585  3.7553  0.0054  0.1206  1.1945  4.4338  1.8314  1.7841  3.6718  4.692  1.7423  2.4562  1.5727  1.0928  5.644  1.3003  0.182  1.542  2.3021  3.0565  1.2484  2.8635  2.8603  3.1277  2.1109  3.6895  1.5867  1.6848  2.2798  0.747  1.3986  35.8581  
trainID = 1839  1.1513  0.8591  1.136  0.542  1.3349  0.512  0.775  3.8838  0.81  0.3452  1.2984  2.0906  2.0731  1.3949  0.7339  0.0225  1.2049  1.411  0.0284  2.7085  5.0816  4.2767  3.35  6.7169  4.9429  1.336  0.8243  3.723  0.824  3.0384  1.0281  3.1031  1.0193  1.1974  2.0151  1.1924  0.5147  3.1736  4.4273  1.0624  0.394  3.734  0.3643  
trainID = 1845  4.7418  3.8039  0.699  3.4556  1.7697  2.124  1.734  0.725  8.7653  1.6127  8.1852  3.3669  2.6063  2.3663  0.5556  2.0489  1.6786  0.982  0.5768  8.7213  9.9409  10.5632  11.9958  4.4917  11.3313  5.5125  3.515  6.5055  1.3281  3.2071  5.3517  5.4787  0.5408  7.9551  0.9068  1.3006  5.2784  3.1506  0.064  0.8814  1.8238  2.396  2.6064  
trainID = 1850  4.6879  4.8712  0.492  2.6723  1.4065  1.9219  0.2089  0.781  0.5049  9.0879  2.6921  0.4323  0.2519  1.6799  1.4302  4.88  0.4639  3.6627  3.7505  0.7252  2.0119  5.2536  18.6569  3.8309  7.3604  3.8006  1.609  2.9098  1.5137  3.9926  0.1037  8.1796  1.3776  1.8842  0.8768  3.3555  2.7507  3.5198  4.2249  2.14  3.6895  36.9511  
trainID = 1857  1.7923  0.0586  1.271  1.334  0.6872  1.316  33.9703  0.4636  0.8777  0.637  0.9156  1.205  1.3131  0.8021  1.9938  0.7617  1.1934  2.2315  2.2496  3.7291  3.9624  4.0792  2.7398  1.3979  0.1618  2.3922  0.7282  5.0123  2.4143  2.0209  4.1232  0.6693  1.4239  1.4838  0.3102  1.194  0.1765  1.7115  3.4028  0.1652  1.881  3.024  1.0709  
trainID = 1859  2.6056  2.6881  1.418  1.49  0.1883  0.846  0.9108  0.324  1.2911  1.181  0.5199  0.8171  3.982  2.3182  1.0174  3.8393  0.0204  1.0913  4.0904  1.1173  4.9487  0.8857  0.4291  2.3032  1.6732  4.2159  0.436  1.6571  3.6437  0.5923  0.2264  1.0386  1.6714  0.3776  0.4274  1.8418  1.451  0.5729  0.2639  1.89  2.258  0.208  1.882  2.0304  
trainID = 1874  1.469  1.5412  0.24  1.802  0.6903  0.219  2.0081  1.5254  0.509  3.0782  0.9332  0.3167  1.2019  0.9371  0.5211  0.7768  3.3355  0.7177  3.0677  6.3367  4.3161  1.7112  1.6417  0.9591  4.1052  0.5655  4.6849  0.1111  1.8564  0.3832  2.17  0.1884  1.5648  1.6555  0.257  0.7827  0.472  3.6758  1.0805  1.29  3.391  0.4311  
trainID = 1900  3.0367  2.1603  1.2312  2.4248  1.0329  1.348  1.7079  0.685  3.1488  2.4686  1.3982  0.1086  0.9518  0.48  1.3063  3.6177  0.0798  0.6851  0.6056  1.3177  1.5906  2.0383  2.5027  3.9567  3.1895  4.0745  1.539  1.8067  1.2871  1.3628  0.9204  1.6512  0.7495  0.9835  1.24  1.5139  3.1197  0.1043  2.9322  1.343  4.7348  0.49  3.822  0.4844  
trainID = 1915  3.2048  2.2705  0.867  2.3745  2.425  0.362  2.9089  5.7208  0.8259  8.4971  4.1984  0.0581  1.7718  1.0822  2.5377  1.5906  1.259  3.4172  5.1239  5.7633  6.6507  7.1566  3.4735  6.2716  2.6121  2.2256  5.2991  0.3432  3.7682  3.2054  2.7935  0.3415  7.2291  2.063  1.9495  2.9166  4.9994  1.752  2.6793  1.09  3.674  2.7528  
trainID = 1942  4.2295  0.6939  0.391  4.2114  1.4765  1.3379  0.453  1.5286  6.6955  0.8438  4.6181  0.2267  2.6936  2.1832  1.9299  2.772  0.9677  0.7316  3.8052  5.4399  6.6685  6.3037  5.6963  4.2918  5.3453  0.447  0.8659  6.9459  1.8476  5.6762  1.0181  0.2844  0.6402  1.5328  1.9747  0.8735  1.8566  0.61  2.308  1.418  0.375  1.747  2.827  
trainID = 1952  4.2944  0.8999  1.112  0.537  1.2779  1.385  0.3061  3.4889  2.4014  6.6112  2.3175  0.1922  0.444  0.2868  2.9208  3.6567  1.8866  3.1984  4.5854  4.2194  13.0654  10.9717  9.2129  3.7456  2.2481  6.6519  0.393  0.9553  2.5628  3.4208  3.5569  6.4586  1.6514  0.0995  0.5524  1.4788  5.4277  2.2578  1.6014  4.1238  3.8666  1.388  0.286  4.1886  
trainID = 1971  1.4882  2.4471  1.0862  1.442  0.9173  0.906  0.0318  3.114  0.7305  6.1328  2.4939  1.3551  1.4194  1.2535  0.0719  2.5931  0.9297  1.7152  5.4664  2.9397  5.9064  3.6332  4.026  2.4969  2.3231  3.765  0.416  1.691  2.828  1.1354  1.1841  3.0343  1.176  1.417  0.3315  1.2575  1.6321  1.9206  0.3023  2.126  0.7133  0.048  3.704  2.8212  
trainID = 2013  1.546  0.1357  1.211  1.767  1.0808  2.431  0.2893  0.881  2.7351  3.6169  0.6727  1.7134  0.5853  1.274  4.4978  2.0798  0.6996  4.1234  3.7615  1.6948  5.311  2.062  5.191  2.5476  0.3897  5.4247  0.181  1.4604  0.234  0.3221  0.747  3.2637  3.1776  0.6761  1.757  0.4169  2.0287  0.5564  0.4039  3.7171  2.8018  1.21  4.143  1.6027  
trainID = 2072  4.4657  2.2056  0.751  1.401  0.6608  1.022  0.6185  4.7131  0.4628  6.3483  2.8813  1.6469  0.4657  0.0365  0.3543  0.5118  0.034  1.6582  5.5131  7.2038  7.3971  5.3954  7.205  2.2734  3.2305  3.1393  1.808  0.3347  2.6744  3.9267  2.6264  1.6899  3.1761  2.7242  0.7028  2.2644  5.0934  2.401  1.5976  0.923  2.821  0.3569  
trainID = 2078  0.249  3.2033  0.12  3.0063  0.3015  0.305  1.158  1.897  0.3145  0.0162  3.1103  0.6628  3.4386  5.7343  1.8767  4.3122  3.1239  2.3371  1.5672  0.8691  4.3339  4.8372  1.375  0.995  6.9636  0.2582  1.498  1.0448  3.1597  6.6315  2.486  1.9951  0.7116  3.5447  3.6328  0.8322  1.6186  1.4165  0.5663  1.312  0.9099  35.1611  
trainID = 2086  1.8478  2.5468  0.566  0.726  0.0667  0.25  1.228  1.7545  8.0219  3.2167  8.9037  3.0032  1.1071  2.7514  0.9483  2.1223  0.0407  0.3763  3.7942  9.3131  10.8271  11.3411  10.9896  13.0252  8.1867  3.1901  1.5486  4.7713  1.9544  2.9491  5.3942  9.3381  0.7059  6.443  3.519  0.5288  3.6559  4.6377  0.661  0.9084  0.488  4.3562  3.4573  
trainID = 2139  1.0281  0.5982  0.012  3.4016  0.3636  3.276  0.1159  2.1289  4.5441  0.3337  1.0749  0.7834  0.2433  0.945  0.5235  0.456  1.2281  1.7205  1.1944  3.3232  2.0528  0.2185  0.3997  4.17  2.3243  0.8341  1.9811  0.6095  0.703  0.3882  0.5087  1.6691  0.6592  2.0194  2.1007  1.0465  2.6511  3.3995  0.3116  1.208  1.922  2.8175  
trainID = 2144  0.801  2.9095  1.052  0.423  1.8672  0.7244  1.444  2.9563  2.8377  1.0096  5.0443  4.4945  0.3207  2.0219  0.7099  3.2042  2.1414  0.2527  1.1578  7.4333  8.0932  9.4759  10.2364  14.1941  0.2715  2.6781  1.1121  5.319  0.9581  3.0966  6.5613  8.3285  0.4526  6.2174  3.5122  0.559  4.3895  5.271  1.733  2.1719  2.4311  4.6586  1.1241  
trainID = 2206  2.1783  1.5679  1.7409  1.851  0.7868  1.398  0.015  0.6497  0.547  1.4029  2.3326  2.2274  0.6449  1.0223  1.803  2.3528  3.2808  0.6987  0.4217  0.267  1.306  1.835  0.7538  3.2919  0.4827  2.4514  2.0219  0.984  1.4768  3.2563  1.434  0.9713  5.7107  0.0199  3.4965  0.4426  0.2634  3.5487  0.125  0.4229  0.926  3.3125  0.032  3.435  0.956  
trainID = 2228  3.1137  2.2905  1.632  1.337  0.5643  0.201  0.805  0.2437  5.7366  0.2769  6.7824  4.202  1.4855  2.0681  0.7023  3.1229  1.8501  1.2489  1.8992  6.4722  8.6747  9.0314  9.3874  7.9623  10.0147  3.1823  2.2363  7.1336  0.7393  5.7422  6.4895  5.7274  1.107  6.3384  1.0081  1.2248  3.9775  3.6136  1.924  0.5264  3.2863  4.4317  3.6496  
trainID = 2238  5.9008  1.2387  0.261  34.3875  0.5228  2.6202  4.0151  7.5067  1.7657  1.7456  3.3316  1.8352  5.6838  5.3721  0.1954  3.3996  6.2884  3.1299  10.1209  25.6041  7.4731  3.8133  2.216  8.0534  0.728  0.1767  0.0596  0.258  2.3555  5.7627  0.3922  1.9555  1.2846  2.1585  0.6701  6.6136  5.0289  2.813  5.8856  0.288  2.339  1.2003  
trainID = 2281  1.8439  4.5336  0.791  0.909  1.1256  1.31  2.251  1.2956  8.0278  1.6707  7.6745  5.2071  2.6609  1.9443  2.3036  1.5796  0.6024  0.027  0.4696  9.8007  9.9157  10.3896  12.6148  12.0945  10.9954  6.3968  5.9758  6.0942  1.057  5.6452  5.7984  7.0766  1.3199  7.6925  1.9923  0.5538  5.9239  6.6581  2.095  3.5066  1.207  2.04  1.5004  
trainID = 2340  1.1161  3.5131  1.22  0.693  1.1656  0.692  0.46  2.9086  4.3792  0.3173  1.1371  4.1727  0.838  0.551  2.153  0.8566  0.5592  1.3674  0.7412  4.7964  6.1916  7.5597  5.0692  6.1497  4.1563  2.9968  1.972  3.907  0.333  1.3723  3.6941  5.3179  0.4841  2.3997  5.0832  0.8952  2.6469  0.9895  3.8577  0.2011  2.0478  3.711  0.3191  
trainID = 2341  2.4244  1.5681  0.531  1.407  1.6271  2.759  0.2349  2.8672  2.4237  3.2424  4.9135  1.8703  0.7994  0.0681  1.3414  0.3458  0.17  2.1302  6.2316  10.3178  9.4836  5.6255  9.5491  2.5399  4.5365  1.1788  3.5088  2.5145  5.2302  3.4002  7.7238  0.749  4.2996  1.4685  0.0484  1.9004  4.9046  1.836  0.5265  1.8867  4.8887  0.5825  
trainID = 2368  3.6744  5.271  1.527  0.748  1.9419  0.5163  1.09  3.0547  5.9443  1.0218  8.992  9.5082  1.9337  2.7705  1.5293  3.8859  3.9213  0.556  3.6852  11.4327  11.6963  13.6021  19.5877  20.2865  14.6713  4.302  3.5196  6.3594  1.4134  3.6039  9.4881  11.7892  1.4131  10.3545  2.9495  2.9891  7.8129  6.1056  0.407  3.0001  1.394  2.735  1.9056  
trainID = 2425  1.7726  1.7205  1.262  35.4735  0.599  33.8243  4.4679  3.424  1.6017  0.1419  0.5493  3.3457  2.5968  4.4188  0.6139  0.6952  1.7148  2.6202  0.3553  1.6639  2.3706  0.9146  0.0217  7.7045  1.175  1.6721  0.6884  1.3875  1.3855  0.2451  3.4437  1.9829  3.9294  0.1154  0.6395  1.5232  2.5451  2.855  2.2379  1.8922  3.864  1.2186  
trainID = 2430  0.7148  1.5594  1  1.556  1.0979  1.723  4.4704  1.8195  2.7491  1.4594  1.7173  0.4622  2.6518  2.5645  0.1139  0.1385  0.157  0.5321  3.7815  5.5821  5.0223  1.4338  5.9646  5.76  3.7084  2.8705  2.889  1.6213  2.804  2.3715  2.7825  3.9699  1.4935  3.2926  0.7874  2.8772  4.3767  2.519  3.8127  3.4822  2.959  0.2429  
trainID = 2436  0.8839  0.9796  1.5759  0.459  1.7293  0.9275  0.036  2.4554  3.3669  2.0104  3.1831  3.1642  1.0891  0.7701  1.8586  0.7034  0.0794  1.6917  0.2313  3.5756  2.5978  5.0978  1.7113  4.0545  4.655  2.3156  0.7244  5.217  3.3988  2.324  0.5162  0.0106  2.6614  2.1137  1.2555  1.6364  2.5388  1.3051  2.586  0.5598  1.9665  1.564  1.0519  
trainID = 2438  1.0874  1.1653  2.695  0.266  1.8842  3.183  0.487  4.7147  2.8256  0.9288  6.5738  3.4314  0.3811  1.1043  1.0799  1.9379  1.6016  1.766  0.8165  7.7141  8.9017  9.2829  7.3248  10.745  0.3265  5.0016  4.1738  5.1145  1.321  3.0982  6.9852  9.0508  2.7424  4.2025  4.0635  2.4513  2.9446  4.5958  2.403  0.588  0.346  3.447  2.4642  
trainID = 2453  3.7796  2.7388  1.1964  0.503  1.6271  1.471  0.0032  2.9076  0.6069  9.7046  2.2612  1.1944  1.3421  1.0002  0.4716  4.0498  0.8956  4.5206  3.5002  4.1992  2.2883  8.2098  16.9822  1.9392  4.4608  4.4659  1.099  3.1142  2.9465  3.8722  0.4752  5.1867  1.2954  3.9996  0.9992  0.6619  2.0119  4.1257  2.156  2.867  3.9165  35.1541  
trainID = 2500  0.4255  0.1855  1.1589  1.331  3.4744  0.9566  2.198  32.8853  1.9433  1.8933  1.1894  0.7085  1.5658  3.4923  0.3391  1.6937  2.008  0.358  1.9075  0.6412  4.9413  5.3298  5.9217  3.9802  2.0583  1.9712  2.971  0.7265  4.6332  3.4337  2.2924  0.631  1.2081  2.0402  5.1499  1.1344  2.2917  0.016  2.413  0.478  0.1842  0.001  3.363  2.041  
trainID = 2543  2.3029  1.6186  1.6495  0.444  0.6037  0.543  0.101  0.8915  1.5467  0.6866  4.6014  4.1253  1.1239  0.5707  1.3523  1.1225  1.1331  0.5433  0.8632  7.4442  9.2429  8.5988  5.791  4.1889  3.3212  5.7864  2.0012  3.0367  0.1791  1.2137  5.6438  4.9352  0.0479  3.1387  0.6505  0.6959  1.7571  3.165  0.105  0.7251  1.77  3.684  0.8122  
trainID = 2545  1.5727  0.7851  1.4618  2.6666  1.3016  1.6992  2.546  0.5168  3.8493  0.4682  6.3333  0.3588  1.0383  2.3979  0.6895  2.547  0.2229  0.349  2.0932  6.1577  9.1166  8.1305  3.2263  0.3205  6.612  1.8865  1.1262  6.8931  1.2536  3.1443  3.1941  0.8991  0.0435  3.8406  2.0819  1.4908  3.1215  2.0083  1.68  0.4115  1.321  1.352  1.9648  
trainID = 2677  4.3416  1.6025  0.655  2.1772  1.7077  0.121  2.441  1.5302  5.5829  2.0084  6.6702  4.0945  2.5746  1.1865  0.7173  2.9518  0.0333  0.095  1.9752  7.808  8.8486  8.26  9.3862  1.4533  8.8951  1.814  1.9173  6.333  1.814  2.564  5.091  2.9114  1.5408  5.5385  1.1277  0.2512  4.4228  3.2072  1.794  3.3443  0.719  1.785  3.5563  
trainID = 2681  2.4525  0.4757  1.2573  2.8275  1.2338  0.251  2.1517  4.2323  2.0563  5.694  0.6045  2.4406  1.8175  0.7734  4.8667  1.4139  0.749  0.7369  5.6338  8.3267  6.7985  4.3551  0.612  5.7142  3.5977  0.9808  5.927  2.7844  1.5941  1.3608  2.9642  0.4483  5.3187  0.1343  0.0505  1.4947  1.0816  0.983  0.8816  0.531  0.056  2.6494  
trainID = 2701  1.174  2.9256  2.14  0.559  0.6243  1.9935  0.849  3.3452  8.5643  0.1458  10.3362  3.9088  2.7079  1.4424  0.5322  4.6019  0.5298  0.5081  2.7542  7.1671  12.2878  11.7368  12.3758  9.3392  12.9035  3.6297  3.532  5.8444  0.8292  3.7852  5.4957  5.9533  0.2446  6.3746  2.6278  2.1875  1.4054  6.8109  2.76  1.5448  0.353  0.392  3.1767  
trainID = 2704  4.7726  1.3089  0.648  33.6045  1.6097  2.8442  4.0891  5.3454  1.7214  1.534  3.0827  1.4548  2.4998  5.5602  3.1226  3.8512  4.3865  0.1374  0.8827  18.6834  8.2367  3.0408  0.8239  8.1129  0.302  1.6616  0.2343  0.0666  1.6499  6.0401  0.621  1.9803  2.2406  0.5631  2.2817  0.662  0.3811  4.9287  4.8815  0.396  2.165  0.3832  
trainID = 2712  1.5082  1.1787  0.518  0.882  1.2597  1.025  1.354  0.5992  1.4627  0.0453  4.3577  1.5235  1.3743  0.359  3.2978  3.2998  2.7865  1.9699  0.2177  3.7909  6.1752  4.5025  4.5136  2.5781  1.625  2.0296  0.5514  2.6727  2.8519  1.445  1.8021  1.6441  0.4124  0.3214  1.2063  1.7646  1.7592  0.3661  0.559  0.0461  0.29  4.096  0.0378  
trainID = 2807  0.6697  3.891  2.089  1.95  0.0217  0.277  1.174  0.1623  5.8008  0.0874  4.5743  5.9396  0.0733  0.0297  0.4808  2.2405  3.0794  1.117  0.9822  8.5044  8.0592  6.1448  9.2338  10.2752  2.0956  4.7618  0.6948  4.5475  0.0661  2.1238  4.3313  5.9419  1.1689  2.8248  2.7605  0.0478  3.7964  4.1363  0.718  1.7652  0.959  1.712  2.7023  
trainID = 2851  1.1922  3.5826  1.302  1.561  3.2623  0.098  3.1874  2.9231  3.2628  1.1639  5.5233  2.7306  3.628  4.8133  0.176  1.3926  2.6559  3.0131  0.3935  2.904  6.4695  1.4055  6.5245  2.1907  8.9187  0.6466  1.9015  3.5909  2.847  7.4235  3.6394  5.1701  1.0009  2.8405  2.8566  2.1435  0.9347  0.2853  2.766  1.859  2.9637  36.0971  
trainID = 2853  0.4504  1.5536  1.6217  0.654  0.5776  0.185  0.6795  0.003  1.9316  0.1442  5.2844  2.8784  2.2696  2.9784  1.1727  1.6526  4.1685  2.7443  4.2572  1.7726  6.1534  0.0893  5.1514  0.9025  7.1561  0.2098  0.868  3.2528  4.1032  5.7796  2.8446  1.4637  1.6831  3.2507  1.3222  0.1386  1.5799  1.759  1.7391  1.782  2.2925  35.2391  
trainID = 2860  7.2028  2.0187  1.686  35.5595  1.3996  0.73  6.2198  6.1439  2.6825  0.7799  1.6247  3.6585  3.6738  3.638  0.311  3.911  5.394  3.559  14.4733  15.3935  1.1159  4.2324  0.7741  10.976  0.332  1.6504  0.1929  1.5075  3.2243  7.0316  2.5384  0.9293  0.7041  1.1075  2.4677  3.5462  0.9894  2.147  2.9699  1.563  4.0696  3.6975  
trainID = 2870  0.2189  1.9601  2.038  0.288  0.4063  1.69  3.9022  1.5225  0.9108  0.5019  3.2307  2.0641  2.0398  0.8349  0.4454  0.124  0.6788  0.7382  4.2797  4.7977  6.3672  4.3552  6.0782  5.0316  3.4042  1.0361  0.7606  1.5933  0.2543  0.727  4.0441  2.1335  0.7023  3.2044  1.7551  1.6963  1.4255  4.2088  1.198  0.757  4.498  0.9327  
trainID = 2890  1.797  3.3312  1.556  3.3831  0.6187  0.974  0.372  1.31  6.4465  2.6237  7.4564  4.4824  2.3609  1.1011  2.5351  2.3432  4.6788  1.105  1.7272  6.9007  10.5145  9.9395  11.748  11.2296  8.703  5.5756  3.3483  5.5644  0.8426  3.4534  6.2324  6.4231  0.7392  5.8527  2.5893  0.2807  3.0998  7.7276  0.592  2.6951  1.795  1.95  1.1018  
trainID = 2893  1.664  0.2245  1.942  0.101  1.0318  2.303  3.353  0.7947  2.1717  1.6353  2.8286  0.0471  1.6825  0.4402  0.5905  0.3681  0.5526  1.3924  0.4541  4.4576  5.7695  5.7913  1.957  2.9339  5.0131  3.5953  1.1432  6.37  1.6951  4.0652  1.3672  1.1872  2.3369  3.2365  0.5874  0.8604  0.0828  3.0568  0.69  0.8007  0.707  0.065  1.7116  
trainID = 2907  1.5896  0.5436  1.027  1.077  2.2663  2.184  1.3392  1.751  0.5237  1.9449  2.6009  1.7262  1.2397  0.8292  1.4204  4.9537  0.6079  1.9458  0.28  2.1158  4.0428  0.9841  2.7909  1.2298  3.4332  2.7782  0.274  1.8961  2.0869  4.6426  2.6135  4.5542  0.7103  2.8284  1.7598  2.6945  2.031  1.9293  1.4709  3.0262  0.2146  0.136  2.747  2.0396  
trainID = 2941  3.1756  4.0412  0.809  34.8795  1.9941  3.2057  7.8192  3.8611  1.1058  1.385  1.8544  0.9793  3.1038  5.653  0.5011  0.1795  3.3647  4.2815  6.687  11.9707  1.4954  4.2139  1.8138  9.4545  1.766  0.8374  1.5695  0.0626  0.3527  0.9931  2.9016  1.7039  1.7069  0.736  0.6038  1.9416  1.1114  1.772  1.988  0.612  1.586  0.8881  
trainID = 2971  4.9008  1.8926  1.8756  1.346  2.7438  0.329  1.2673  0.281  2.4172  3.8628  2.0256  2.4146  1.1369  0.1872  3.0498  5.0724  0.5662  0.0269  3.7388  2.7832  4.1023  2.6098  2.0145  0.9691  1.0846  4.3202  1.377  0.1818  2.4519  1.4648  0.4017  2.802  0.2499  2.8752  0.5884  2.8235  2.0727  0.3252  1.1582  1.318  1.9707  0.017  0.736  0.3774  
trainID = 2983  1.1561  2.317  1.772  2.6916  1.3383  0.264  2.0084  0.3748  2.8797  0.4805  1.1436  2.031  0.0902  3.2526  2.2737  0.9541  3.2025  0.6972  0.0989  2.1943  2.9163  1.4023  1.1203  5.6809  2.2469  1.3446  2.5891  1.1083  1.6027  1.7409  2.084  1.1077  0.3509  1.1265  2.3207  0.2124  3.3687  1.979  3.7658  1.029  2.689  0.8143  
TrainID = 351  dbValue = 1.29758  nTestCell = 45  nTrainCell = 44  nDiff = 1  (X,Y) = (1675, 1265)  Position Error = 37.8021
TrainID = 1147  dbValue = 1.36969  nTestCell = 45  nTrainCell = 42  nDiff = 3  (X,Y) = (1715, 1265)  Position Error = 69.7782
TrainID = 812  dbValue = 1.41633  nTestCell = 45  nTrainCell = 44  nDiff = 1  (X,Y) = (1645, 1245)  Position Error = 50.4876
TrainID = 995  dbValue = 1.41715  nTestCell = 45  nTrainCell = 42  nDiff = 3  (X,Y) = (1665, 1345)  Position Error = 51.6624
TrainID = 2139  dbValue = 1.45926  nTestCell = 45  nTrainCell = 42  nDiff = 3  (X,Y) = (1685, 1315)  Position Error = 38.5876
TrainID = 397  dbValue = 1.5147  nTestCell = 45  nTrainCell = 44  nDiff = 1  (X,Y) = (1655, 1325)  Position Error = 30.1496
TrainID = 1355  dbValue = 1.51809  nTestCell = 45  nTrainCell = 43  nDiff = 2  (X,Y) = (1715, 1345)  Position Error = 80.4301
TrainID = 2206  dbValue = 1.55878  nTestCell = 45  nTrainCell = 45  nDiff = 0  (X,Y) = (1625, 1275)  Position Error = 33.6006
TrainID = 1859  dbValue = 1.56092  nTestCell = 45  nTrainCell = 44  nDiff = 1  (X,Y) = (1635, 1315)  Position Error = 26.2488
TrainID = 888  dbValue = 1.58976  nTestCell = 45  nTrainCell = 44  nDiff = 1  (X,Y) = (1675, 1275)  Position Error = 30.4795
TrainID = 1180  dbValue = 1.59362  nTestCell = 45  nTrainCell = 44  nDiff = 1  (X,Y) = (1625, 1355)  Position Error = 65.7951
TrainID = 1874  dbValue = 1.63142  nTestCell = 45  nTrainCell = 42  nDiff = 3  (X,Y) = (1745, 1295)  Position Error = 93
TrainID = 1765  dbValue = 1.67512  nTestCell = 45  nTrainCell = 43  nDiff = 2  (X,Y) = (1715, 1365)  Position Error = 94.1754
TrainID = 1122  dbValue = 1.68139  nTestCell = 45  nTrainCell = 44  nDiff = 1  (X,Y) = (1615, 1305)  Position Error = 38.3275
TrainID = 393  dbValue = 1.69059  nTestCell = 45  nTrainCell = 44  nDiff = 1  (X,Y) = (1605, 1315)  Position Error = 51.0784
TrainID = 1046  dbValue = 1.71498  nTestCell = 45  nTrainCell = 42  nDiff = 3  (X,Y) = (1705, 1375)  Position Error = 95.9635
TrainID = 1227  dbValue = 1.72757  nTestCell = 45  nTrainCell = 44  nDiff = 1  (X,Y) = (1665, 1245)  Position Error = 51.6624
TrainID = 904  dbValue = 1.73487  nTestCell = 45  nTrainCell = 43  nDiff = 2  (X,Y) = (1755, 1325)  Position Error = 107.28
TrainID = 1900  dbValue = 1.75527  nTestCell = 45  nTrainCell = 44  nDiff = 1  (X,Y) = (1635, 1335)  Position Error = 43.4626
TrainID = 2983  dbValue = 1.75764  nTestCell = 45  nTrainCell = 42  nDiff = 3  (X,Y) = (1665, 1305)  Position Error = 16.4012
TrainID = 2712  dbValue = 1.76884  nTestCell = 45  nTrainCell = 43  nDiff = 2  (X,Y) = (1775, 1295)  Position Error = 123
TrainID = 2971  dbValue = 1.82295  nTestCell = 45  nTrainCell = 44  nDiff = 1  (X,Y) = (1615, 1285)  Position Error = 38.3275
TrainID = 1587  dbValue = 1.8268  nTestCell = 45  nTrainCell = 44  nDiff = 1  (X,Y) = (1645, 1255)  Position Error = 40.6079
TrainID = 1839  dbValue = 1.89895  nTestCell = 45  nTrainCell = 43  nDiff = 2  (X,Y) = (1765, 1365)  Position Error = 132.925
TrainID = 2436  dbValue = 1.92169  nTestCell = 45  nTrainCell = 43  nDiff = 2  (X,Y) = (1725, 1245)  Position Error = 88.4816
TrainID = 2907  dbValue = 1.92909  nTestCell = 45  nTrainCell = 44  nDiff = 1  (X,Y) = (1615, 1275)  Position Error = 42.0595
TrainID = 2893  dbValue = 1.93158  nTestCell = 45  nTrainCell = 43  nDiff = 2  (X,Y) = (1755, 1235)  Position Error = 119.202
TrainID = 2013  dbValue = 1.96412  nTestCell = 45  nTrainCell = 44  nDiff = 1  (X,Y) = (1605, 1325)  Position Error = 55.7584
TrainID = 523  dbValue = 1.97661  nTestCell = 45  nTrainCell = 44  nDiff = 1  (X,Y) = (1615, 1275)  Position Error = 42.0595
TrainID = 1181  dbValue = 2.00935  nTestCell = 45  nTrainCell = 42  nDiff = 3  (X,Y) = (1795, 1325)  Position Error = 146.113
TrainID = 1971  dbValue = 2.00961  nTestCell = 45  nTrainCell = 44  nDiff = 1  (X,Y) = (1595, 1285)  Position Error = 57.8705
TrainID = 1319  dbValue = 2.07457  nTestCell = 45  nTrainCell = 44  nDiff = 1  (X,Y) = (1605, 1285)  Position Error = 48.0521
TrainID = 2870  dbValue = 2.11513  nTestCell = 45  nTrainCell = 42  nDiff = 3  (X,Y) = (1755, 1375)  Position Error = 130.419
TrainID = 1530  dbValue = 2.13817  nTestCell = 45  nTrainCell = 42  nDiff = 3  (X,Y) = (1775, 1265)  Position Error = 126.606
TrainID = 734  dbValue = 2.14555  nTestCell = 45  nTrainCell = 43  nDiff = 2  (X,Y) = (1685, 1295)  Position Error = 33
TrainID = 903  dbValue = 2.15101  nTestCell = 45  nTrainCell = 44  nDiff = 1  (X,Y) = (1585, 1335)  Position Error = 78.032
TrainID = 1221  dbValue = 2.16173  nTestCell = 45  nTrainCell = 44  nDiff = 1  (X,Y) = (1585, 1325)  Position Error = 73.4098
TrainID = 1513  dbValue = 2.34449  nTestCell = 45  nTrainCell = 42  nDiff = 3  (X,Y) = (1805, 1265)  Position Error = 155.913
TrainID = 2681  dbValue = 2.3884  nTestCell = 45  nTrainCell = 42  nDiff = 3  (X,Y) = (1795, 1235)  Position Error = 155.077
TrainID = 484  dbValue = 2.41139  nTestCell = 45  nTrainCell = 42  nDiff = 3  (X,Y) = (1765, 1375)  Position Error = 138.452
TrainID = 2543  dbValue = 2.41297  nTestCell = 45  nTrainCell = 43  nDiff = 2  (X,Y) = (1835, 1305)  Position Error = 183.273
TrainID = 2545  dbValue = 2.42264  nTestCell = 45  nTrainCell = 43  nDiff = 2  (X,Y) = (1815, 1235)  Position Error = 173.692
TrainID = 1857  dbValue = 2.4267  nTestCell = 45  nTrainCell = 43  nDiff = 2  (X,Y) = (1715, 1305)  Position Error = 63.7887
TrainID = 2340  dbValue = 2.44168  nTestCell = 45  nTrainCell = 43  nDiff = 2  (X,Y) = (1795, 1365)  Position Error = 159.214
TrainID = 2430  dbValue = 2.4498  nTestCell = 45  nTrainCell = 42  nDiff = 3  (X,Y) = (1755, 1375)  Position Error = 130.419
TrainID = 658  dbValue = 2.47992  nTestCell = 45  nTrainCell = 43  nDiff = 2  (X,Y) = (1745, 1295)  Position Error = 93
TrainID = 405  dbValue = 2.49175  nTestCell = 45  nTrainCell = 42  nDiff = 3  (X,Y) = (1755, 1385)  Position Error = 136.781
TrainID = 1647  dbValue = 2.51283  nTestCell = 45  nTrainCell = 43  nDiff = 2  (X,Y) = (1625, 1235)  Position Error = 65.7951
TrainID = 1942  dbValue = 2.52983  nTestCell = 45  nTrainCell = 43  nDiff = 2  (X,Y) = (1785, 1225)  Position Error = 150.296
TrainID = 2072  dbValue = 2.54085  nTestCell = 45  nTrainCell = 42  nDiff = 3  (X,Y) = (1825, 1345)  Position Error = 180.081
TrainID = 1799  dbValue = 2.57731  nTestCell = 45  nTrainCell = 42  nDiff = 3  (X,Y) = (1635, 1225)  Position Error = 72.0347
TrainID = 520  dbValue = 2.58893  nTestCell = 45  nTrainCell = 43  nDiff = 2  (X,Y) = (1805, 1265)  Position Error = 155.913
TrainID = 1602  dbValue = 2.6259  nTestCell = 45  nTrainCell = 43  nDiff = 2  (X,Y) = (1825, 1255)  Position Error = 177.564
TrainID = 559  dbValue = 2.64835  nTestCell = 45  nTrainCell = 42  nDiff = 3  (X,Y) = (1665, 1235)  Position Error = 61.3922
TrainID = 2500  dbValue = 2.71741  nTestCell = 45  nTrainCell = 44  nDiff = 1  (X,Y) = (1735, 1225)  Position Error = 108.577
TrainID = 806  dbValue = 2.72044  nTestCell = 45  nTrainCell = 43  nDiff = 2  (X,Y) = (1745, 1235)  Position Error = 110.675
TrainID = 1498  dbValue = 2.7211  nTestCell = 45  nTrainCell = 43  nDiff = 2  (X,Y) = (1755, 1265)  Position Error = 107.28
TrainID = 790  dbValue = 2.73764  nTestCell = 45  nTrainCell = 43  nDiff = 2  (X,Y) = (1725, 1225)  Position Error = 101.139
TrainID = 640  dbValue = 2.75631  nTestCell = 45  nTrainCell = 43  nDiff = 2  (X,Y) = (1715, 1375)  Position Error = 101.828
TrainID = 511  dbValue = 2.78284  nTestCell = 45  nTrainCell = 44  nDiff = 1  (X,Y) = (1775, 1255)  Position Error = 129.341
TrainID = 413  dbValue = 2.79642  nTestCell = 45  nTrainCell = 43  nDiff = 2  (X,Y) = (1875, 1305)  Position Error = 223.224
TrainID = 933  dbValue = 2.81753  nTestCell = 45  nTrainCell = 42  nDiff = 3  (X,Y) = (1605, 1395)  Position Error = 110.494
TrainID = 1389  dbValue = 2.83072  nTestCell = 45  nTrainCell = 43  nDiff = 2  (X,Y) = (1665, 1195)  Position Error = 100.841
TrainID = 1494  dbValue = 2.83784  nTestCell = 45  nTrainCell = 42  nDiff = 3  (X,Y) = (1575, 1245)  Position Error = 91.8096
TrainID = 2807  dbValue = 2.88398  nTestCell = 45  nTrainCell = 43  nDiff = 2  (X,Y) = (1865, 1335)  Position Error = 216.723
TrainID = 1825  dbValue = 2.89839  nTestCell = 45  nTrainCell = 42  nDiff = 3  (X,Y) = (1635, 1205)  Position Error = 91.5915
TrainID = 2078  dbValue = 2.92587  nTestCell = 45  nTrainCell = 42  nDiff = 3  (X,Y) = (1675, 1195)  Position Error = 102.611
TrainID = 558  dbValue = 2.93424  nTestCell = 45  nTrainCell = 42  nDiff = 3  (X,Y) = (1575, 1355)  Position Error = 97.6166
TrainID = 784  dbValue = 2.98241  nTestCell = 45  nTrainCell = 43  nDiff = 2  (X,Y) = (1775, 1335)  Position Error = 129.341
TrainID = 869  dbValue = 2.98569  nTestCell = 45  nTrainCell = 42  nDiff = 3  (X,Y) = (1665, 1205)  Position Error = 90.934
TrainID = 2341  dbValue = 2.99178  nTestCell = 45  nTrainCell = 42  nDiff = 3  (X,Y) = (1835, 1345)  Position Error = 189.708
TrainID = 2853  dbValue = 2.99381  nTestCell = 45  nTrainCell = 42  nDiff = 3  (X,Y) = (1615, 1195)  Position Error = 106.626
TrainID = 1283  dbValue = 3.01685  nTestCell = 45  nTrainCell = 42  nDiff = 3  (X,Y) = (1635, 1205)  Position Error = 91.5915
TrainID = 1545  dbValue = 3.0298  nTestCell = 45  nTrainCell = 43  nDiff = 2  (X,Y) = (1845, 1325)  Position Error = 195.318
TrainID = 1695  dbValue = 3.04856  nTestCell = 45  nTrainCell = 43  nDiff = 2  (X,Y) = (1835, 1365)  Position Error = 195.931
TrainID = 1652  dbValue = 3.06041  nTestCell = 45  nTrainCell = 43  nDiff = 2  (X,Y) = (1775, 1405)  Position Error = 165.012
TrainID = 1952  dbValue = 3.09515  nTestCell = 45  nTrainCell = 44  nDiff = 1  (X,Y) = (1545, 1315)  Position Error = 108.853
TrainID = 1548  dbValue = 3.129  nTestCell = 45  nTrainCell = 43  nDiff = 2  (X,Y) = (1795, 1335)  Position Error = 148.489
TrainID = 1915  dbValue = 3.13108  nTestCell = 45  nTrainCell = 42  nDiff = 3  (X,Y) = (1845, 1285)  Position Error = 193.259
TrainID = 1258  dbValue = 3.15933  nTestCell = 45  nTrainCell = 43  nDiff = 2  (X,Y) = (1855, 1305)  Position Error = 203.246
TrainID = 2677  dbValue = 3.18253  nTestCell = 45  nTrainCell = 43  nDiff = 2  (X,Y) = (1845, 1265)  Position Error = 195.318
TrainID = 538  dbValue = 3.19684  nTestCell = 45  nTrainCell = 42  nDiff = 3  (X,Y) = (1575, 1355)  Position Error = 97.6166
TrainID = 768  dbValue = 3.25158  nTestCell = 45  nTrainCell = 42  nDiff = 3  (X,Y) = (1555, 1335)  Position Error = 104.924
TrainID = 1080  dbValue = 3.29205  nTestCell = 45  nTrainCell = 42  nDiff = 3  (X,Y) = (1565, 1275)  Position Error = 89.2693
TrainID = 2941  dbValue = 3.35622  nTestCell = 45  nTrainCell = 42  nDiff = 3  (X,Y) = (1575, 1415)  Position Error = 142.58
TrainID = 714  dbValue = 3.3635  nTestCell = 45  nTrainCell = 43  nDiff = 2  (X,Y) = (1865, 1255)  Position Error = 216.723
TrainID = 1533  dbValue = 3.36999  nTestCell = 45  nTrainCell = 43  nDiff = 2  (X,Y) = (1875, 1355)  Position Error = 230.931
TrainID = 2144  dbValue = 3.38722  nTestCell = 45  nTrainCell = 43  nDiff = 2  (X,Y) = (1905, 1355)  Position Error = 260.017
TrainID = 1249  dbValue = 3.38964  nTestCell = 45  nTrainCell = 42  nDiff = 3  (X,Y) = (1565, 1255)  Position Error = 95.7549
TrainID = 1745  dbValue = 3.39405  nTestCell = 45  nTrainCell = 42  nDiff = 3  (X,Y) = (1555, 1385)  Position Error = 132.322
TrainID = 1076  dbValue = 3.42139  nTestCell = 45  nTrainCell = 43  nDiff = 2  (X,Y) = (1875, 1285)  Position Error = 223.224
TrainID = 2438  dbValue = 3.42367  nTestCell = 45  nTrainCell = 43  nDiff = 2  (X,Y) = (1865, 1355)  Position Error = 221.289
TrainID = 834  dbValue = 3.45522  nTestCell = 45  nTrainCell = 42  nDiff = 3  (X,Y) = (1575, 1255)  Position Error = 86.7698
TrainID = 2425  dbValue = 3.49222  nTestCell = 45  nTrainCell = 42  nDiff = 3  (X,Y) = (1635, 1395)  Position Error = 101.435
TrainID = 1387  dbValue = 3.52814  nTestCell = 45  nTrainCell = 42  nDiff = 3  (X,Y) = (1545, 1255)  Position Error = 114.232
TrainID = 1540  dbValue = 3.54881  nTestCell = 45  nTrainCell = 42  nDiff = 3  (X,Y) = (1595, 1425)  Position Error = 141.947
TrainID = 1546  dbValue = 3.56395  nTestCell = 45  nTrainCell = 44  nDiff = 1  (X,Y) = (1845, 1305)  Position Error = 193.259
TrainID = 2228  dbValue = 3.56844  nTestCell = 45  nTrainCell = 43  nDiff = 2  (X,Y) = (1875, 1295)  Position Error = 223
TrainID = 1580  dbValue = 3.57037  nTestCell = 45  nTrainCell = 42  nDiff = 3  (X,Y) = (1555, 1265)  Position Error = 101.533
TrainID = 671  dbValue = 3.59157  nTestCell = 45  nTrainCell = 43  nDiff = 2  (X,Y) = (1885, 1255)  Position Error = 236.409
TrainID = 613  dbValue = 3.62244  nTestCell = 45  nTrainCell = 43  nDiff = 2  (X,Y) = (1895, 1345)  Position Error = 248.091
TrainID = 2704  dbValue = 3.63791  nTestCell = 45  nTrainCell = 42  nDiff = 3  (X,Y) = (1535, 1365)  Position Error = 136.341
TrainID = 2851  dbValue = 3.64859  nTestCell = 45  nTrainCell = 42  nDiff = 3  (X,Y) = (1605, 1185)  Position Error = 119.62
TrainID = 1253  dbValue = 3.65371  nTestCell = 45  nTrainCell = 42  nDiff = 3  (X,Y) = (1545, 1375)  Position Error = 133.6
TrainID = 1771  dbValue = 3.65597  nTestCell = 45  nTrainCell = 43  nDiff = 2  (X,Y) = (1875, 1275)  Position Error = 223.895
TrainID = 760  dbValue = 3.68635  nTestCell = 45  nTrainCell = 42  nDiff = 3  (X,Y) = (1885, 1345)  Position Error = 238.304
TrainID = 985  dbValue = 3.79873  nTestCell = 45  nTrainCell = 44  nDiff = 1  (X,Y) = (1865, 1265)  Position Error = 215.102
TrainID = 2453  dbValue = 3.8143  nTestCell = 45  nTrainCell = 42  nDiff = 3  (X,Y) = (1535, 1265)  Position Error = 120.785
TrainID = 2086  dbValue = 3.84794  nTestCell = 45  nTrainCell = 43  nDiff = 2  (X,Y) = (1905, 1305)  Position Error = 253.198
TrainID = 1558  dbValue = 3.85577  nTestCell = 45  nTrainCell = 42  nDiff = 3  (X,Y) = (1555, 1265)  Position Error = 101.533
TrainID = 615  dbValue = 3.86592  nTestCell = 45  nTrainCell = 42  nDiff = 3  (X,Y) = (1545, 1415)  Position Error = 160.776
TrainID = 1845  dbValue = 3.87545  nTestCell = 45  nTrainCell = 43  nDiff = 2  (X,Y) = (1905, 1275)  Position Error = 253.789
TrainID = 2890  dbValue = 3.93257  nTestCell = 45  nTrainCell = 43  nDiff = 2  (X,Y) = (1905, 1305)  Position Error = 253.198
TrainID = 1850  dbValue = 3.96657  nTestCell = 45  nTrainCell = 42  nDiff = 3  (X,Y) = (1535, 1245)  Position Error = 127.236
TrainID = 316  dbValue = 3.99927  nTestCell = 45  nTrainCell = 42  nDiff = 3  (X,Y) = (1545, 1375)  Position Error = 133.6
TrainID = 2701  dbValue = 4.00928  nTestCell = 45  nTrainCell = 43  nDiff = 2  (X,Y) = (1925, 1295)  Position Error = 273
TrainID = 340  dbValue = 4.02466  nTestCell = 45  nTrainCell = 42  nDiff = 3  (X,Y) = (1545, 1215)  Position Error = 133.6
TrainID = 535  dbValue = 4.09641  nTestCell = 45  nTrainCell = 42  nDiff = 3  (X,Y) = (1535, 1335)  Position Error = 123.649
TrainID = 779  dbValue = 4.10165  nTestCell = 45  nTrainCell = 42  nDiff = 3  (X,Y) = (1915, 1345)  Position Error = 267.711
TrainID = 1769  dbValue = 4.13179  nTestCell = 45  nTrainCell = 42  nDiff = 3  (X,Y) = (1535, 1275)  Position Error = 118.697
TrainID = 1075  dbValue = 4.14971  nTestCell = 45  nTrainCell = 42  nDiff = 3  (X,Y) = (1525, 1315)  Position Error = 128.565
TrainID = 1718  dbValue = 4.15696  nTestCell = 45  nTrainCell = 42  nDiff = 3  (X,Y) = (1915, 1305)  Position Error = 263.19
TrainID = 2860  dbValue = 4.23396  nTestCell = 45  nTrainCell = 42  nDiff = 3  (X,Y) = (1535, 1425)  Position Error = 174.897
TrainID = 2281  dbValue = 4.29236  nTestCell = 45  nTrainCell = 43  nDiff = 2  (X,Y) = (1925, 1305)  Position Error = 273.183
TrainID = 749  dbValue = 4.32922  nTestCell = 45  nTrainCell = 42  nDiff = 3  (X,Y) = (1525, 1415)  Position Error = 174.725
TrainID = 1255  dbValue = 4.42693  nTestCell = 45  nTrainCell = 42  nDiff = 3  (X,Y) = (1515, 1215)  Position Error = 158.647
TrainID = 2238  dbValue = 4.4393  nTestCell = 45  nTrainCell = 42  nDiff = 3  (X,Y) = (1515, 1365)  Position Error = 153.847
TrainID = 1393  dbValue = 5.3274  nTestCell = 45  nTrainCell = 43  nDiff = 2  (X,Y) = (1975, 1305)  Position Error = 323.155
TrainID = 2368  dbValue = 5.45093  nTestCell = 45  nTrainCell = 43  nDiff = 2  (X,Y) = (1985, 1315)  Position Error = 333.6
