trainID = 324  32.4697  5.6751  5.9024  3.3471  1.8033  2.5894  3.4226  34.2453  0.2149  2.2336  1.2389  13.8602  6.0759  1.8283  4.3009  1.7998  3.668  1.7445  1.9803  2.329  1.503  2.66  5.3163  3.5961  4.6401  2.2396  3.3408  0.2929  3.8842  0.5457  1.1121  2.9806  6.8864  0.9923  5.1915  1.8295  1.3477  1.7207  
trainID = 336  0.3965  3.8447  6.0281  2.9504  2.43  1.4666  1.892  0.195  2.9652  1.6754  3.4406  5.0273  9.4185  5.4845  3.4479  4.4428  0.3753  2.996  2.3813  0.907  5.0155  3.5976  5.2266  14.2897  14.1315  5.5027  4.0031  6.8652  2.1418  5.8728  0.2716  6.5592  8.657  3.5029  1.7316  3.6207  4.4368  7.2508  
trainID = 357  3.9261  3.8797  4.8852  4.7406  3.925  1.2741  3.2657  2.129  3.1846  32.9674  37.2308  2.9507  8.4117  4.6702  8.831  3.5432  18.8991  3.8801  7.2818  5.4412  0.3617  0.9363  1.1094  11.3628  3.4303  5.1644  0.4567  3.954  4.295  0.424  4.9731  0.0239  7.0759  2.6811  5.3873  2.4797  2.2944  4.8123  
trainID = 360  0.9002  3.9423  0.553  8.4654  2.3225  4.3761  2.0744  0.1278  0.492  33.2584  3.7735  12.0315  2.8444  4.4058  3.1108  7.5408  2.2424  3.042  5.8757  4.6388  1.3588  5.1446  10.5316  14.6498  17.9301  2.2205  7.7494  9.2247  1.631  5.7049  3.2719  2.1616  3.8796  5.0201  1.8835  5.7892  1.6616  0.332  0.459  1.2477  
trainID = 372  1.4872  4.001  3.1639  5.773  0.3041  2.6055  2.2404  0.2196  2.195  35.1464  0.9851  9.4322  2.733  1.1532  0.2063  3.8561  0.984  5.1595  1.3367  0.3085  0.4162  1.4166  2.1008  6.0409  14.6795  0.2751  0.3984  7.3162  0.088  0.2509  4.4948  1.7811  0.9543  5.5067  1.4555  2.5037  1.8985  1.155  1.535  0.5779  
trainID = 373  5.1731  2.2019  2.437  3.6289  1.5181  2.0941  3.029  3.27  3.472  35.2765  35.6474  2.7123  4.8793  1.6086  14.8791  13.1978  10.6124  0.2462  6.1813  6.0284  2.1067  0.1566  0.2935  7.2372  4.2629  3.8551  0.25  0.9571  2.3377  0.792  4.4319  2.3697  4.1172  1.1021  1.9048  3.1177  2.8474  5.1962  35.2962  
trainID = 386  0.9908  2.9463  4.5828  3.8684  2.8532  0.9779  0.5874  0.3023  1.293  35.6086  1.8674  9.6174  2.9393  1.2072  2.0666  3.923  0.9391  2.921  2.1604  5.0121  1.6009  2.5519  4.4621  7.1083  16.361  3.2285  2.8323  6.4292  0.5115  3.6411  3.579  0.3528  0.1629  5.803  2.0979  0.8933  1.6786  0.41  1.2282  0.7432  
trainID = 392  2.09  3.4042  2.0187  3.5706  1.1703  3.2699  32.5133  0.437  0.8337  3.3473  0.7652  7.775  2.2997  0.3777  3.9499  0.255  0.772  2.4315  1.7432  0.02  0.7708  1.1881  2.7255  0.6105  0.7326  1.2104  0.359  1.9495  0.0673  1.4107  2.1601  0.6901  3.5774  0.2553  2.4301  0.401  2.5927  1.2328  
trainID = 404  0.1544  1.9565  1.664  2.7805  0.6866  0.6862  0.9437  3.2841  2.2647  34.8085  2.7667  4.7075  2.0111  4.7475  6.66  1.558  1.5763  2.5607  1.0318  1.4421  2.7513  0.4822  1.8409  0.8468  5.5772  1.8187  2.8004  3.2413  0.357  1.483  1.3786  0.8406  1.4341  3.5685  0.8914  1.7513  3.3486  0.632  0.764  0.031  
trainID = 488  2.4901  5.0541  2.236  5.976  1.0016  0.2752  4.1064  1.292  0.8237  0.937  36.0694  1.9252  12.3995  0.7744  3.3874  2.7281  3.9495  2.3334  5.6568  4.7792  2.4209  2.9705  3.935  5.8411  7.648  14.8371  1.5807  2.4187  8.6745  1.718  3.6787  3.3433  1.6431  0.0556  6.0396  2.4302  3.5858  0.6517  0.115  0.107  1.5556  
trainID = 499  0.5768  6.6728  1.3498  0.2634  0.7069  0.93  0.498  0.128  3.4319  2.4273  0.366  2.4652  3.2327  3.8656  0.7331  0.3245  3.2547  0.2989  0.9166  0.72  6.9841  0.9195  4.9745  4.1377  4.8421  0.0468  2.6254  3.083  1.1604  2.2671  0.1936  1.4899  4.6502  4.9821  2.5391  1.4989  1.5481  4.7776  
trainID = 504  1.5547  1.9272  1.772  0.4116  0.1283  1.1926  2.1144  2.3644  2.6123  0.853  37.1703  0.6278  6.3747  0.9454  3.8071  4.9819  0.0989  0.2395  0.5716  2.3289  0.8844  0.9337  0.3483  0.6779  0.1226  5.7373  0.5244  1.2502  3.2868  2.4108  0.9253  0.266  1.4695  0.24  2.422  0.009  1.5117  1.112  0.928  0.722  3.5334  
trainID = 515  4.4884  2.2598  1.391  0.1419  1.1052  0.1476  1.6277  0.4136  3.2927  32.7707  35.8858  1.6319  5.3555  3.3495  10.6459  9.7658  4.3743  0.4612  4.8073  4.7654  1.9051  0.9933  2.5062  6.0094  2.0497  7.3314  3.1944  2.0367  2.5679  1.926  1.565  1.1912  4.2876  0.8561  2.5732  1.0674  0.8611  5.0769  0.267  0.425  1.4877  
trainID = 540  0.8872  2.6038  1.2147  2.2393  2.017  1.6142  32.0101  0.399  0.8876  3.0348  0.1434  9.9096  1.1743  0.8468  2.103  2.2961  0.0904  1.3168  0.1393  1.084  0.1498  1.7303  1.2738  1.0259  0.1283  2.9512  2.5133  0.0258  0.2289  0.0037  2.8051  2.6504  2.1284  0.2959  1.4117  1.1984  1.6339  0.9573  
trainID = 561  4.7601  2.1839  3.6301  4.3404  2.3759  2.775  1.421  0.357  8.6593  12.9514  0.4188  5.3633  7.0233  7.8966  0.6121  1.511  7.504  1.7369  1.1375  4.3454  12.6264  5.6704  3.2199  0.5677  12.7258  11.5133  0.155  7.2526  5.1799  5.2703  3.8003  2.4535  4.5446  5.9979  3.3625  1.2119  0.913  1.9584  
trainID = 578  3.9288  2.8078  1.1396  0.3606  1.414  2.2373  35.4028  0.312  1.9869  1.3128  0.1065  12.6581  1.7668  0.3675  5.2392  1.4292  0.3651  1.8516  1.4131  2.19  0.9022  1.764  5.2955  2.4118  2.8962  3.145  0.5832  0.4669  0.1588  0.1005  4.8671  0.5691  6.1726  0.8616  3.5966  0.9709  2.439  3.4182  
trainID = 584  1.8185  1.7195  2.31  6.1538  2.9075  1.5484  0.9834  1.8519  2.0041  37.2187  4.6781  8.6877  6.337  2.0244  1.5937  2.5603  0.0831  5.5352  0.2632  2.1584  0.5252  3.9503  8.7582  4.1144  15.1364  3.6058  3.6087  4.4527  3.041  0.0432  0.694  3.4566  0.1722  5.2648  2.0817  1.5614  2.6275  1.224  0.221  0.9379  
trainID = 594  4.9029  7.119  2.4142  2.2634  0.8403  5.8352  36.2523  0.376  1.19  1.5873  0.2021  15.3355  8.8216  1.2562  4.7206  0.3489  0.9831  1.4159  2.5163  2.08  1.3055  1.4915  6.0442  4.2266  2.0309  2.2753  3.8199  2.9214  3.6951  0.152  2.4111  4.0969  3.4355  3.8863  2.7053  2.1647  0.128  1.2455  
trainID = 602  1.9608  3.0495  0.998  1.3993  0.039  3.1278  1.3394  1.1082  0.4621  35.0391  0.4062  8.0642  2.0822  1.28  0.8977  3.1381  1.4616  1.1334  1.4347  1.4624  1.4199  3.6016  3.5454  1.7828  6.489  0.9309  1.5787  5.2363  1.614  1.7776  4.0075  1.6107  0.8101  2.3006  1.7313  2.4277  0.4322  0.196  0.302  0.1047  
trainID = 610  4.8627  3.7924  1.582  2.6741  0.987  1.3062  0.0403  2.0781  2.2025  35.0289  36.0056  0.6898  3.251  2.5505  6.0657  3.5281  4.5502  3.3854  2.7717  2.0482  2.3229  0.4227  2.006  3.5331  2.2963  2.8798  2.6359  0.5949  2.675  0.737  0.7083  0.268  2.3657  0.6221  0.9484  1.0421  1.4274  4.1172  0.608  0.079  1.097  
trainID = 648  0.675  2.1071  0.759  3.788  1.97  2.0974  0.8313  4.1289  2.8807  33.7681  1.788  0.0028  4.512  0.1029  6.0227  5.6468  2.0171  2.8983  1.5845  4.9478  1.0579  0.6621  1.0975  0.0204  2.5458  2.6226  0.912  0.4616  1.5579  3.0034  1.4865  0.8201  0.6899  0.6981  0.04  1.2727  0.423  3.8892  0.07  1.2224  1.0121  
trainID = 660  4.6001  1.2692  2.205  2.3188  0.3367  0.3701  2.6226  0.9516  1.9035  33.9317  35.4247  3.8938  6.0625  1.3043  12.4021  10.955  10.4001  3.2593  8.9231  5.5653  3.9371  3.3283  0.442  7.8593  0.9842  4.0585  3.1152  3.0627  3.6847  0.9368  3.1411  1.3503  5.8047  1.0721  3.4013  0.3636  2.5824  4.346  34.9392  
trainID = 687  1.2488  3.4118  2.787  0.1448  0.0137  1.2831  1.4383  3.601  0.8688  0.251  36.1254  2.1025  5.1805  0.9993  4.0899  3.5988  1.1617  0.3831  1.908  0.0428  0.1493  0.8852  1.4187  1.9782  1.6575  2.8322  0.6011  1.6647  0.9445  0.299  0.6628  1.0868  1.831  1.3831  1.3521  1.5612  1.0676  1.2219  1.515  0.623  0.0892  
trainID = 737  3.364  5.5196  0.613  4.7141  2.9761  0.2001  5.2611  3.289  3.5414  34.234  1.198  1.6929  4.9826  1.2311  25.5175  2.1485  6.5439  1.5467  4.8513  9.6149  3.0285  1.0774  2.839  4.7959  5.0711  0.1384  1.2156  1.5183  1.4778  0.499  1.9695  2.7162  3.0376  0.3232  0.757  0.4397  2.1164  3.3867  1.927  0.887  0.7725  
trainID = 766  1.9826  4.8993  2.228  1.6673  0.6345  1.3646  35.9897  0.28  0.8762  1.4961  1.6874  12.5164  1.6352  0.0156  4.6452  0.8036  1.1657  2.5664  3.1093  0.313  0.3431  0.5078  6.0477  3.9512  4.6093  2.5536  2.0264  3.7052  2.0404  2.2399  0.411  1.8925  4.4111  1.4138  4.6852  0.8676  0.339  4.7389  
trainID = 775  1.5273  3.6952  1.275  3.2276  0.7949  3.3371  1.0744  0.0217  0.38  35.308  3.582  10.0213  0.38  2.3419  1.7827  5.424  1.5266  4.8084  6.5289  2.3394  1.4849  2.3749  6.6427  12.9195  14.9653  1.7967  4.9231  9.9861  0.74  3.7321  2.8892  0.4576  3.3935  5.4994  1.6429  3.4064  0.3541  0.105  2.454  0.5184  
trainID = 783  0.8008  1.0211  2.261  1.8398  1.9245  1.1304  2.3474  2.2892  3.8033  34.1435  35.9301  0.9732  2.8099  1.714  2.3182  5.2834  3.5914  2.7105  3.1887  2.2666  0.0545  2.8593  0.3418  2.6967  1.0281  2.8043  1.0769  1.0543  3.477  0.103  0.5077  0.9077  1.1448  0.1895  1.6082  0.7064  0.3048  2.4066  0.302  1.237  0.0337  
trainID = 788  0.2072  0.7932  0.651  0.9332  1.5385  0.1939  1.4374  1.1877  0.6068  36.337  1.4748  6.3148  1.8832  1.2423  2.8704  3.3547  0.4925  1.7388  1.9895  0.9427  2.7062  0.844  0.1218  3.4496  6.7173  1.804  1.5409  2.7538  1.7766  3.5173  1.7393  2.2653  0.4507  5.1158  0.2407  2.3279  0.5338  2.212  0.771  3.0878  
trainID = 797  0.8699  0.5822  1.36  2.1981  0.3307  1.2022  0.4152  2.321  1.1447  34.6735  0.788  3.8293  0.014  2.9259  4.3324  0.5786  0.0754  2.9885  0.5454  0.448  1.191  2.8201  1.3223  2.2821  5.9138  0.9348  1.7663  2.8879  0.8462  1.9745  0.9656  0.4056  1.1441  3.3606  0.9603  2.3481  0.5239  1.28  1.1008  2.7055  
trainID = 846  0.8001  0.8165  1.228  1.3254  0.867  0.7239  0.2539  0.0322  0.5936  1.575  35.1271  1.6604  4.7048  0.3186  2.2837  1.3475  3.2751  0.6838  1.8807  3.7146  0.4545  1.6199  1.4781  4.3669  3.0231  2.2736  0.0503  0.578  4.0189  2.3549  2.0513  1.8353  0.2367  1.0041  3.0547  0.467  0.8401  0.7035  0.67  0.619  1.4711  
trainID = 847  3.7261  4.0496  4.2421  4.5605  1.2351  0.0217  2.138  3.9566  4.0767  33.2651  36.4949  1.9161  5.8198  2.3703  14.5995  10.3041  15.2924  0.2483  5.8914  8.0859  1.5921  2.4243  3.3622  5.2348  3.5397  5.9519  1.2838  3.2778  2.3183  0.224  4.9071  0.8542  5.0182  0.7701  2.207  0.0088  0.4932  2.1216  34.0992  
trainID = 861  2.2115  0.1166  3.8131  2.0527  4.8305  0.5477  1.5194  0.2237  1.6712  40.4306  5.2136  7.666  5.3154  5.1573  4.167  2.1821  0.2171  4.1083  2.8635  0.9985  1.0658  2.6203  8.9943  2.4464  11.1163  4.2014  3.8287  6.8936  1.814  3.1355  1.1156  1.8295  1.7381  5.1628  0.8967  0.8511  1.8398  2.115  0.88  2.3387  
trainID = 863  2.5901  5.403  2.4338  0.8099  2.7009  2.1039  34.4857  1.684  1.6227  3.1816  1.9998  11.1676  3.4367  1.1502  4.0655  0.1016  0.6596  4.2219  0.8183  1.683  1.3829  2.2676  2.3918  4.6334  0.3963  1.0023  1.675  0.5935  1.9247  0.8104  0.5771  0.1323  3.2045  2.7079  4.21  1.4057  0.495  1.2418  
trainID = 874  3.1628  3.9152  4.4001  1.0298  1.2923  5.0652  34.2692  0.294  0.4936  0.5348  3.645  14.5805  10.9277  3.7476  4.5132  5.8696  2.3401  2.1967  4.4273  0.58  0.2184  3.113  8.4414  7.2723  5.5683  6.8648  3.8883  2.9269  3.5017  4.777  3.3891  4.2146  7.2987  3.0422  3.1545  1.1286  0.717  1.4999  
trainID = 882  4.0245  5.0406  0.681  6.5609  1.7484  2.0055  4.6386  5.2654  7.5941  33.0823  37.1443  1.3865  4.6108  2.9643  21.4898  21.1771  18.0652  4.9642  7.0198  10.3516  3.5618  0.8493  0.66  5.5829  4.379  4.2746  2.7534  1.9643  2.5791  0.6318  2.0231  0.4551  3.5069  2.1531  2.4418  4.2577  0.4202  6.3107  4.822  3.74  0.5633  
trainID = 891  3.9477  4.4876  1.347  10.0346  1.6789  5.3871  1.9624  3.2164  2.242  36.1638  5.8488  15.0216  1.7382  4.3024  3.6086  7.6311  2.4364  1.4529  6.6533  6.0853  1.9296  3.5008  18.7184  23.7823  29.5905  2.163  7.9965  11.7523  0.275  4.4743  5.3883  4.4942  4.0371  6.0633  2.4444  6.5122  1.2236  0.9815  1.425  0.8679  
trainID = 894  1.9331  5.9466  1.71  9.0332  5.6632  1.9475  5.038  3.8552  4.1409  36.2211  1.322  1.1363  1.1424  2.2682  34.1483  9.4735  9.1079  6.0993  2.3475  8.9302  5.5925  3.8793  3.359  6.9517  3.8551  2.3748  0.3532  3.9699  2.1763  1.1585  2.1311  4.1045  0.6678  0.0296  3.5466  0.376  0.851  1.8739  
trainID = 898  3.9219  8.5826  0.125  6.46  3.6913  0.1851  4.4379  3.3442  4.6381  35.9136  0.298  1.5255  2.4539  0.4882  30.5572  7.8823  7.0292  4.9977  1.9926  8.112  4.4859  0.5454  0.664  4.1123  5.0178  1.9592  2.0843  3.281  1.6399  0.789  4.7781  4.7607  4.5807  0.0564  4.8486  0.02  0.959  2.067  
trainID = 905  2.1704  3.4972  1.717  8.8957  4.8817  0.0956  3.9434  2.8709  3.348  34.1282  0.205  0.0655  2.968  1.0614  22.1815  0.2724  8.2896  5.5301  1.7347  6.3153  4.0384  4.2363  0.361  2.3684  4.7408  2.1838  0.0028  0.9634  0.6406  2.034  1.144  3.3684  1.6489  2.1911  0.4837  0.6479  0.6457  4.8347  0.072  1.2096  1.6355  
trainID = 923  2.6673  5.4603  3.3551  1.7714  0.4471  1.0432  0.206  0.001  3.1497  1.6841  1.6052  2.1284  1.9294  4.8798  0.3198  0.6042  4.171  1.0671  1.8963  0.253  4.0074  0.7881  4.3725  3.6756  4.1315  0.8178  1.8131  2.7025  0.1993  1.8505  0.7742  2.5068  0.5835  1.5639  0.1225  0.275  3.1524  0.4724  
trainID = 947  1.0554  2.6776  1.875  2.5921  1.0212  0.7604  0.361  0.1121  0.6986  37.9981  1.4106  3.2229  3.4809  2.3275  1.3789  1.8559  0.4001  3.571  0.1505  2.1025  0.5562  3.3894  2.5516  2.3575  10.6976  4.1636  2.526  4.2774  2.467  0.7494  1.184  1.6016  1.7393  4.816  2.297  3.2476  1.1702  1.373  0.141  1.4629  
trainID = 973  5.4957  5.1738  0.1478  2.0732  1.1375  2.2084  36.7675  0.077  1.4902  3.3631  2.0468  20.2993  7.1984  1.2521  3.618  4.8977  5.3809  2.1681  5.0073  3.485  0.8593  3.281  5.918  2.8813  1.2533  0.7581  1.554  0.5827  4.0168  1.9536  0.37  3.1547  5.1244  0.1167  6.216  0.575  2.9881  2.142  
trainID = 1007  1.5546  5.4796  0.707  8.178  5.0189  0.5819  3.2883  6.362  6.573  36.7035  1.352  0.4456  1.786  0.4698  30.9418  8.4602  9.3831  6.1723  0.9363  9.7141  2.1273  2.4353  0.1848  4.2372  6.1716  3.5318  2.715  3.5752  1.9551  0.637  4.5671  3.2297  1.5117  0.6734  5.6003  1.067  1.8666  0.0985  
trainID = 1015  3.0437  0.1628  1.464  4.4347  0.9583  0.8461  2.9921  3.1568  4.292  31.3498  36.9199  3.2119  3.8448  2.4596  11.5046  9.4875  8.3189  0.741  3.8571  5.4027  0.682  2.0333  1.6521  6.3837  3.3867  4.8882  1.2256  3.9207  4.5463  0.406  3.7015  0.0857  4.2311  3.4891  0.2475  2.8717  0.1402  1.5317  0.414  0.438  2.9837  
trainID = 1042  4.0701  2.6395  2.865  6.8927  0.8313  0.7948  0.4827  3.6517  4.3647  34.0145  34.8839  3.1262  4.5769  1.5724  19.8241  14.7084  17.4235  1.5373  4.2309  7.6134  2.2308  0.2079  0.09  8.6113  3.6314  4.6712  3.9217  2.4443  2.9152  1.564  4.0829  0.4427  4.788  0.8021  1.0163  3.3237  1.4134  3.2212  34.2212  
trainID = 1068  4.594  3.4946  0.048  6.229  2.2434  1.2047  3.4604  2.7971  6.0862  34.316  0  2.0679  4.9717  0.6264  19.0057  14.3792  13.9148  3.6132  5.0707  7.6823  2.2438  2.2763  0.114  5.7687  2.6974  0.6283  0.4009  1.8927  6.0947  0.706  2.0865  0.819  1.6084  5.3711  1.4742  0.5548  1.3754  3.8079  0.812  0.936  0.2556  
trainID = 1074  1.0037  0.0458  1.934  2.1033  0.5836  0.0351  0.7638  0.9671  0.7651  33.442  38.014  0.5979  4.8687  0.4465  6.3616  6.815  4.9316  0.1713  3.8171  3.5563  1.9772  0.2059  1.9  4.1243  1.3416  6.0967  0.7047  2.9807  3.1908  0.488  0.4571  0.512  0.5021  2.6041  1.0399  0.1033  0.2313  1.3161  0.654  2.0115  2.1974  
trainID = 1101  3.617  5.0105  2.076  1.1414  0.2309  2.012  0.694  0.754  2.5819  7.0685  1.1039  2.8221  2.7177  4.7898  1.9178  1.1021  4.5582  2.8493  0.4197  0.463  7.9523  2.8391  0.2961  3.8519  11.3321  2.1516  1.682  6.3433  3.1648  3.1566  1.0674  1.6243  3.5199  4.8766  2.0239  3.1834  1.2334  1.7705  
trainID = 1144  1.1857  2.1893  2.518  0.6416  1.0255  1.3429  0.2533  1.6995  2.1777  37.6789  1.082  6.611  4.6402  3.8193  4.6186  1.26  0.7384  5.9994  1.8117  1.3732  1.7745  1.4605  9.8794  0.8641  11.1811  2.6894  3.1814  6.6226  0.404  3.119  0.5862  2.5723  2.3011  5.3679  1.0869  0.8634  1.3252  2.531  0.118  0.6925  
trainID = 1195  3.3136  0.9301  4.6047  1.8837  0.081  1.7757  3.422  0.9048  3.1606  32.238  36.9398  3.0735  5.8634  3.3681  10.7904  12.0069  10.3209  3.9881  3.8654  5.8865  0.9318  2.0633  0.437  7.4621  2.2999  5.897  3.2001  4.2903  3.3014  0.7656  3.0068  1.598  4.3676  1.6611  0.3297  1.1137  0.2594  2.9149  0.392  1.919  0.4546  
trainID = 1196  0.0954  4.6038  5.7121  1.018  1.8893  1.5833  36.1399  1.386  4.0032  0.3126  3.3967  9.5333  9.6572  6.6181  3.8059  2.0439  1.6396  2.4398  4.0593  0.451  2.4206  3.8701  8.1753  11.3043  9.8048  7.7957  2.9288  4.7741  3.4106  3.2962  0.3576  4.8893  9.6596  4.2563  4.6998  2.7373  3.1185  6.1625  
trainID = 1199  1.0703  1.0406  2.666  1.4861  1.2476  1.731  0.5386  3.4118  0.196  36.1486  2.6592  4.3279  3.3862  2.949  3.9258  0.2807  0.6091  2.5785  0.2295  1.0335  1.4585  1.3132  3.2089  0.7596  9.0326  0.6222  3.1942  5.4674  1.1477  1.1519  0.4278  0.1676  0.4536  4.6162  1.6867  2.7674  2.5791  1.683  0.829  1.1547  
trainID = 1291  2.7864  0.3146  3.5751  0.1119  1  0.4336  0.705  34.5232  1.7844  6.0836  0.4367  0.0091  0.4716  3.3848  0.9217  1.0745  2.09  2.3634  0.4362  0.5058  6.1971  2.8142  1.0535  1.5092  3.5358  2.3095  0.9359  3.6642  1.5552  2.5768  1.8547  3.0765  2.674  1.7809  3.0107  1.5012  3.0034  2.8527  
trainID = 1425  0.6961  2.1725  1.286  5.529  0.2939  1.0954  1.8664  0.5224  0.515  36.4766  0.266  8.7531  3.0525  1.3222  1.8822  2.6285  0.0006  3.7349  2.1978  4.6435  2.3884  3.5722  3.5299  5.1679  17.2073  0.9744  4.4922  6.8094  1.518  1.9135  2.7312  2.3404  2.2722  4.8289  0.0891  1.4668  0.1802  0.681  1.7888  1.5945  
trainID = 1428  4.0842  3.418  4.5571  0.3372  0.567  2.848  1.124  0.083  4.1234  8.3047  0.9097  5.0106  2.2341  5.3708  1.7125  0.9724  7.398  0.0999  0.329  1.9121  10.9854  8.866  3.6788  1.0822  12.8212  9.1216  0.8995  7.6079  3.6833  5.9879  4.0709  1.2534  3.3186  6.1655  4.1136  2.6594  1.9249  1.7281  
trainID = 1557  1.8749  0.4513  1.324  2.1306  2.7422  1.0118  1.5024  0.8237  2.2847  0.475  36.1331  2.3929  4.0111  1.9444  2.4742  2.0963  0.116  1.3811  1.2677  0.5109  1.1978  2.1373  3.1543  4.6376  2.794  2.5249  0.2077  0.0346  1.5279  0.032  1.3152  0.7024  0.6827  0.9231  1.6514  0.0344  1.5954  1.2319  1.16  1.3046  1.4741  
trainID = 1592  0.5546  5.0362  5.2351  1.3284  0.3046  0.36  0.224  0.638  5.4547  2.1111  3.9858  0.2654  7.0172  4.5136  0.948  1.7063  2.7789  0.3926  0.4684  0.1745  5.1543  1.8194  5.0928  9.0266  17.1966  0.1982  3.2123  7.3844  2.8912  5.0646  1.0703  3.899  6.168  4.645  0.5284  4.0968  1.9284  5.1705  
trainID = 1632  2.2323  3.9174  1.152  7.7709  0.441  2.6973  0.4197  0.3427  0.186  35.1287  3.3095  10.4394  0.8736  3.5297  2.0616  5.2765  0.059  0.7756  3.2389  1.8683  1.5583  3.4421  13.3568  11.2803  9.2366  0.3151  8.0701  6.3976  0.418  4.919  3.0676  0.9764  3.4018  2.9689  3.314  3.0624  1.7648  1.615  0.9643  2.18  
trainID = 1740  3.5284  4.6495  5.9831  1.8534  0.8547  0.785  0.52  0.616  5.0413  3.6603  3.6187  0.5028  6.163  7.3214  1.0338  0.5054  4.479  0.4944  2.4013  0.537  4.6425  1.2796  4.1732  8.1061  17.6032  0.8357  2.74  6.9459  2.092  3.2725  1.0645  4.6418  9.7931  6.6091  0.278  3.6656  2.9123  2.2283  
trainID = 1777  2.0476  9.079  4.2811  0.4454  3.5848  1.042  36.4236  0.175  8.0999  0.8762  3.7301  6.4464  11.0831  6.8343  2.1825  1.8243  2.1827  3.3348  3.2903  0.2081  0.9184  4.5376  4.9854  18.225  15.4104  15.4292  5.2716  9.8049  0.7736  2.4993  0.3607  7.786  12.0172  3.3664  5.6974  5.2723  3.8557  4.4627  
trainID = 1873  0.344  3.9392  1.559  6.6189  1.0133  0.8229  0.9054  1.3679  0.77  34.8222  3.071  11.5303  3.0657  2.667  1.3649  4.8358  1.4311  5.4023  3.5434  2.4794  2.9479  1.2905  3.6404  9.6695  12.9873  1.4619  4.6412  7.5193  2.73  2.3633  5.0995  0.6959  1.9954  4.9117  1.2497  4.017  0.8851  0.058  1.3  0.2865  
trainID = 1904  3.9743  5.4187  0.751  6.2257  0.6113  4.4011  0.0725  0.2644  0.843  35.4612  2.7206  12.8062  2.7403  0.1393  0.8443  4.8757  2.7344  1.462  5.6113  4.6083  1.1252  3.4876  13.2806  10.4608  11.0568  0.2355  6.5354  9.9701  0.302  4.4924  4.5243  0.846  2.671  7.1612  2.9141  4.2608  2.7389  0.102  0.492  0.6401  
trainID = 1925  3.479  3.6536  2.943  4.5971  0.0819  1.7757  1.9004  1.2069  0.5855  34.6533  2.0775  8.1672  2.5911  1.2151  1.6994  5.641  0.3948  3.6236  4.6245  3.9055  2.4033  2.1899  11.0449  10.043  6.1566  1.4101  6.0265  8.3628  1.827  5.2073  2.1463  1.6581  2.5536  5.3157  1.8434  3.388  0.8881  0.105  1.6514  2.5488  
trainID = 1959  2.4265  3.2907  2.531  5.9198  2.4534  5.1091  0.7299  2.89  2.445  35.841  0.2173  9.9935  1.5743  0.8969  1.8522  2.3589  1.3067  3.7827  2.6631  4.0944  0.3883  3.1368  4.4648  7.0767  14.5706  1.2715  4.7903  6.4629  0.385  4.258  1.5988  0.3755  7.464  5.9826  2.8944  2.223  0.8705  0.653  0.136  0.3572  
trainID = 1983  2.3015  5.4478  4.6571  0.9774  1.1204  1.185  0.653  0.607  8.5448  4.1393  1.4492  1.8518  4.7323  6.5607  1.5352  1.4194  1.9862  3.4951  1.3486  1.1127  7.0188  0.095  4.3707  3.2417  12.1546  1.7308  1.3602  9.3014  2.2348  3.9662  0.5519  1.7566  5.3815  4.2817  1.7758  2.3749  4.9679  4.7685  
trainID = 2018  0.929  1.7675  1.09  5.5068  0.5605  3.7171  1.4134  0.4799  0.9515  37.0665  3.1501  8.6337  4.8483  0.9276  1.43  4.1903  1.156  3.6566  3.7706  3.4601  0.5422  1.7581  4.674  4.3264  13.1926  1.3256  2.3771  7.1817  1.166  3.2702  2.9279  0.8006  0.9841  4.1135  1.2701  2.4012  2.9235  0.7738  0.362  3.1038  
trainID = 2022  0.036  5.5551  1.867  6.5463  1.1418  0.6896  0.5044  1.3981  2.582  36.5869  0.6256  10.4461  2.9864  1.5653  0.7104  2.5181  0.251  2.8574  1.6974  2.8956  0.25  5.1867  2.185  8.4196  17.7236  1.4646  2.0352  8.9619  2.301  2.1257  1.9716  0.1331  2.1384  5.5119  3.1192  3.5437  0.6795  0.721  0.503  0.5847  
trainID = 2082  0.0048  1.807  0.9503  0.1085  0.1269  2.7929  34.417  1.621  0.1756  0.4323  2.8188  4.6369  0.5632  1.9281  2.8378  1.5045  2.7276  3.2531  3.0103  2.6147  3.4857  0.844  5.394  2.0997  5.412  2.0382  1.435  3.1184  0.7692  0.9505  0.0959  1.3481  2.8169  0.6716  2.085  3.4785  0.558  2.7395  
trainID = 2147  6.5695  2.3298  4.8691  1.5824  2.9945  0.655  0.827  32.8637  6.7197  9.3813  1.3993  5.6337  4.8152  8.239  2.6244  0.5615  3.5224  3.6577  1.6003  3.7312  13.5095  4.535  4.4384  1.1653  10.2109  10.0607  0.8112  4.3775  5.6747  6.3817  2.262  1.0117  4.0957  5.5037  4.0659  1.548  2.2464  1.4308  
trainID = 2215  3.5445  3.3609  2.5874  0.4524  0.2006  0.909  0.612  1.512  3.3983  4.3272  1.6621  1.4443  0.0902  3.1235  0.8106  1.611  3.3228  0.0877  0.7112  1.5515  6.5454  2.8663  2.4722  2.0882  3.3583  2.05  0.8688  3.0632  1.4632  1.2551  0.0633  0.1106  2.8744  1.2988  0.4573  0.362  0.83  1.3297  
trainID = 2242  0.4863  1.4175  3.9861  0.3566  1.588  0.282  0.04  0.27  2.4828  0.4561  0.8908  2.6926  1.956  0.2283  4.0153  1.4942  0.0169  0.1188  1.7499  0.632  3.697  2.5433  2.3622  2.43  1.056  1.5791  1.014  1.7283  0.7233  0.8575  2.8001  1.7959  3.4321  3.2387  2.4111  1.2857  2.5349  2.4186  
trainID = 2274  3.8301  2.2751  2.8473  3.5794  1.6084  0.553  1.172  0.064  4.0253  5.7505  0.0033  1.533  2.5787  3.2726  0.0044  1.2881  3.8924  1.5544  1.5341  0.4144  5.7861  2.5916  1.5615  0.9996  8.1128  3.133  1.3996  6.8132  3.1517  4.9553  3.8397  0.1276  3.1383  5.0881  1.3563  1.5421  3.1806  1.5514  
trainID = 2395  2.7158  1.8448  2.8005  0.3523  0.0193  1.1018  0.781  0.368  0.6093  3.7732  2.4992  1.6605  0.1374  2.8494  0.2241  0.3819  4.5001  0.3235  2.1043  1.164  5.0674  2.2223  3.2352  2.3949  2.2983  0.9866  0.6277  4.2211  3.4627  2.8727  1.5671  0.4169  2.7719  1.4228  0.5036  0.275  1.3047  1.9057  
trainID = 2404  2.4497  5.1709  4.6571  0.6424  1.2367  4.307  1.274  0.157  2.6125  6.4907  2.976  0.7038  4.0653  8.3646  0.8247  0.3251  2.4339  0.3806  1.6177  2.5561  8.9789  1.8011  3.0339  6.8744  12.8907  1.6466  1.6357  8.5242  2.8995  4.0427  0.9297  2.1131  2.9569  3.6675  0.4113  5.533  2.7357  2.746  
trainID = 2459  1.4749  6.354  2.9908  1.125  1.7295  0.104  0.625  0.114  3.9759  3.2175  0.3553  1.9162  3.2833  4.1327  0.4863  0.2791  3.6108  1.0739  2.4263  0.021  8.1482  2.3292  3.1796  6.7192  9.122  0.1112  1.1943  5.383  1.4578  3.7076  0.0567  1.4389  3.3559  4.297  0.2446  2.3381  3.0138  2.9173  
trainID = 2528  1.4891  2.8009  0.674  2.4441  0.2537  3.7231  0.1705  0.4848  0.6903  36.7932  1.8634  5.8875  0.2322  1.6061  3.297  2.5409  0.1369  0.4858  2.4903  0.5228  1.8413  3.8276  3.4225  4.2851  4.1265  0.2371  1.9882  3.9176  0.4465  2.6629  1.1813  0.5309  1.9092  0.7691  0.5514  2.3805  0.6711  0.7943  3.629  0.8835  
trainID = 2542  4.0921  0.0768  3.4141  0.6564  1.5367  1.4492  0.052  35.6219  1.5675  6.6417  0.6878  0.7322  1.2431  3.5146  0.1314  4.8603  2.7764  0.9103  0.1225  1.5369  7.9905  6.0297  0.9831  0.6977  3.3474  3.8233  3.2912  6.1774  4.7809  0.2425  0.9252  0.1048  3.5443  4.742  1.8589  2.6803  1.9046  0.9005  
trainID = 2680  0.7417  1.6523  0.024  0.0461  0.1399  2.7559  1.4014  0.1129  0.6886  34.9321  1.0543  6.9802  1.9066  2.3381  1.2334  1.2041  0.63  1.2575  2.0883  1.6456  0.9322  2.0757  5.2027  4.9312  6.1912  0.5413  3.2428  5.4467  1.6992  2.4429  2.2151  0.9955  1.8342  1.604  0.9997  2.8503  1.4048  0.1  2.1983  1.8546  
trainID = 2693  0.5371  2.6834  0.646  3.1867  1.1143  2.4665  1.1634  0.3432  0.8762  35.3771  0.4848  10.3904  0.5203  1.6099  1.1844  3.2057  1.2125  3.7091  1.9483  2.0532  0.71  4.6893  4.5907  5.0035  8.0514  0.3397  5.8664  6.9916  1.459  5.5529  2.8755  2.2729  1.9761  4.1594  1.7195  1.9579  1.1246  1.452  2.0413  0.4523  
trainID = 2717  2.0758  2.9861  0.975  4.9724  1.52  3.7091  1.7424  0.3661  0.296  1.659  35.3837  0.0762  8.93  1.2995  0.2662  0.0911  4.778  1.0849  4.6731  4.3819  0.1579  0.2315  2.5852  4.2157  7.2358  13.1174  2.4303  3.0516  9.3872  0.411  4.8282  1.1724  0.6522  3.3669  2.3003  2.3952  2.2009  0.0937  0.297  1.3854  1.2256  
trainID = 2725  1.2603  2.4686  2.648  2.0599  1.73  1.6769  0.1128  1.7241  0.5082  36.1992  0.6896  9.5357  5.3593  0.8523  3.672  2.9668  0.8978  5.458  1.3587  0.3659  0.9951  2.9767  0.7851  2.9775  13.5421  1.8854  0.3668  6.9828  2.267  1.7281  3.2786  1.9615  1.9263  5.3197  0.5499  0.5881  0.8058  1.549  0.308  2.6049  
trainID = 2768  6.9995  3.0517  3.5221  4.2864  1.8787  5.157  0.823  0.055  6.6553  8.8041  2.6089  4.0306  5.3094  6.8791  0.2963  0.0633  4.5268  0.8152  1.1962  1.4154  10.9586  1.2174  2.2004  5.9265  15.2743  8.6396  1.03  6.0933  6.4299  6.6197  1.0531  1.243  5.8501  5.6531  5.4806  2.9155  4.0043  4.6792  
trainID = 2777  4.0173  5.0649  4.6791  0.2317  3.5661  0.133  0.991  0.158  7.3903  9.3289  2.0085  5.1879  5.0007  8.206  0.9084  0.084  4.0885  1.698  0.6489  3.3255  10.6005  3.7452  0.9633  1.6236  11.7169  8.7511  1.591  8.421  3.663  4.789  4.2177  0.0772  3.7467  7.4595  3.2077  2.6494  0.075  0.7765  
trainID = 2899  2.0482  0.4453  2.7219  0.7484  0.5153  1.1964  0.927  36.7067  2.0237  4.8642  1.9849  2.1876  1.9353  3.7397  1.4442  1.9676  4.0738  1.4958  2.3608  0.192  4.9039  3.8504  1.2692  0.7373  3.1504  0.9066  1.2545  1.4287  2.0914  0.1896  1.9522  2.4281  1.4371  2.2083  0.569  0.544  0.36  0.5921  
trainID = 2992  2.121  0.7465  1.492  1.4003  1.0059  1.8462  2.2484  2.1636  1.5807  36.5424  2.9299  7.5071  1.1904  0.9345  0.5934  1.6258  2.1724  2.0033  1.296  1.7306  1.5291  3.7076  6.809  4.9884  6.9689  2.2576  5.1106  5.8492  1.306  2.8547  0.6139  0.1755  1.3778  3.1666  2.4739  2.235  0.8741  1.3273  0.405  0.3782  
TrainID = 2242  dbValue = 1.65968  nTestCell = 41  nTrainCell = 38  nDiff = 3  (X,Y) = (1275, 1145)  Position Error = 61.5224
TrainID = 2395  dbValue = 1.78334  nTestCell = 41  nTrainCell = 38  nDiff = 3  (X,Y) = (1235, 1175)  Position Error = 74.0608
TrainID = 2215  dbValue = 1.80726  nTestCell = 41  nTrainCell = 38  nDiff = 3  (X,Y) = (1245, 1195)  Position Error = 94.8947
TrainID = 923  dbValue = 1.90654  nTestCell = 41  nTrainCell = 38  nDiff = 3  (X,Y) = (1275, 1165)  Position Error = 77.1038
TrainID = 499  dbValue = 2.26006  nTestCell = 41  nTrainCell = 38  nDiff = 3  (X,Y) = (1295, 1195)  Position Error = 113.159
TrainID = 687  dbValue = 2.3284  nTestCell = 41  nTrainCell = 41  nDiff = 0  (X,Y) = (1215, 1065)  Position Error = 39.8121
TrainID = 540  dbValue = 2.34536  nTestCell = 41  nTrainCell = 38  nDiff = 3  (X,Y) = (1295, 1075)  Position Error = 68.1542
TrainID = 846  dbValue = 2.3508  nTestCell = 41  nTrainCell = 41  nDiff = 0  (X,Y) = (1185, 1155)  Position Error = 71.5891
TrainID = 1557  dbValue = 2.37248  nTestCell = 41  nTrainCell = 41  nDiff = 0  (X,Y) = (1195, 1125)  Position Error = 44.1022
TrainID = 797  dbValue = 2.45891  nTestCell = 41  nTrainCell = 40  nDiff = 1  (X,Y) = (1195, 1095)  Position Error = 37.4833
TrainID = 504  dbValue = 2.47297  nTestCell = 41  nTrainCell = 41  nDiff = 0  (X,Y) = (1185, 1065)  Position Error = 59.203
TrainID = 392  dbValue = 2.56337  nTestCell = 41  nTrainCell = 38  nDiff = 3  (X,Y) = (1295, 1065)  Position Error = 72.5603
TrainID = 2459  dbValue = 2.5871  nTestCell = 41  nTrainCell = 38  nDiff = 3  (X,Y) = (1265, 1225)  Position Error = 128.316
TrainID = 2274  dbValue = 2.63445  nTestCell = 41  nTrainCell = 38  nDiff = 3  (X,Y) = (1235, 1235)  Position Error = 134.034
TrainID = 648  dbValue = 2.63643  nTestCell = 41  nTrainCell = 41  nDiff = 0  (X,Y) = (1255, 1035)  Position Error = 69.8928
TrainID = 2528  dbValue = 2.71605  nTestCell = 41  nTrainCell = 40  nDiff = 1  (X,Y) = (1165, 1155)  Position Error = 86.0523
TrainID = 2899  dbValue = 2.72241  nTestCell = 41  nTrainCell = 38  nDiff = 3  (X,Y) = (1215, 1175)  Position Error = 75.9276
TrainID = 788  dbValue = 2.75413  nTestCell = 41  nTrainCell = 40  nDiff = 1  (X,Y) = (1135, 1125)  Position Error = 99.925
TrainID = 2680  dbValue = 2.78989  nTestCell = 41  nTrainCell = 40  nDiff = 1  (X,Y) = (1175, 1175)  Position Error = 93.4077
TrainID = 602  dbValue = 2.79457  nTestCell = 41  nTrainCell = 40  nDiff = 1  (X,Y) = (1145, 1145)  Position Error = 97.4936
TrainID = 2082  dbValue = 2.83346  nTestCell = 41  nTrainCell = 38  nDiff = 3  (X,Y) = (1295, 1135)  Position Error = 71.5891
TrainID = 404  dbValue = 2.85325  nTestCell = 41  nTrainCell = 40  nDiff = 1  (X,Y) = (1185, 1035)  Position Error = 81.0247
TrainID = 1291  dbValue = 2.86624  nTestCell = 41  nTrainCell = 38  nDiff = 3  (X,Y) = (1205, 1185)  Position Error = 88.2326
TrainID = 1199  dbValue = 2.88093  nTestCell = 41  nTrainCell = 40  nDiff = 1  (X,Y) = (1165, 1065)  Position Error = 76.0592
TrainID = 1101  dbValue = 2.89471  nTestCell = 41  nTrainCell = 38  nDiff = 3  (X,Y) = (1235, 1265)  Position Error = 164.027
TrainID = 947  dbValue = 3.04551  nTestCell = 41  nTrainCell = 40  nDiff = 1  (X,Y) = (1095, 1085)  Position Error = 137.931
TrainID = 863  dbValue = 3.08874  nTestCell = 41  nTrainCell = 38  nDiff = 3  (X,Y) = (1325, 1095)  Position Error = 93.1933
TrainID = 578  dbValue = 3.12918  nTestCell = 41  nTrainCell = 38  nDiff = 3  (X,Y) = (1345, 1075)  Position Error = 115.953
TrainID = 2992  dbValue = 3.18847  nTestCell = 41  nTrainCell = 40  nDiff = 1  (X,Y) = (1125, 1175)  Position Error = 130.096
TrainID = 2542  dbValue = 3.30653  nTestCell = 41  nTrainCell = 38  nDiff = 3  (X,Y) = (1175, 1205)  Position Error = 118.596
TrainID = 1983  dbValue = 3.32783  nTestCell = 41  nTrainCell = 38  nDiff = 3  (X,Y) = (1275, 1285)  Position Error = 188.958
TrainID = 766  dbValue = 3.33315  nTestCell = 41  nTrainCell = 38  nDiff = 3  (X,Y) = (1345, 1085)  Position Error = 114.127
TrainID = 2404  dbValue = 3.33333  nTestCell = 41  nTrainCell = 38  nDiff = 3  (X,Y) = (1285, 1275)  Position Error = 181.893
TrainID = 783  dbValue = 3.34613  nTestCell = 41  nTrainCell = 41  nDiff = 0  (X,Y) = (1225, 1055)  Position Error = 46.5296
TrainID = 1592  dbValue = 3.36958  nTestCell = 41  nTrainCell = 38  nDiff = 3  (X,Y) = (1345, 1295)  Position Error = 224.511
TrainID = 2725  dbValue = 3.37356  nTestCell = 41  nTrainCell = 40  nDiff = 1  (X,Y) = (1075, 1135)  Position Error = 160.639
TrainID = 2693  dbValue = 3.44996  nTestCell = 41  nTrainCell = 40  nDiff = 1  (X,Y) = (1125, 1185)  Position Error = 136.033
TrainID = 372  dbValue = 3.4534  nTestCell = 41  nTrainCell = 40  nDiff = 1  (X,Y) = (1075, 1145)  Position Error = 163.049
TrainID = 2717  dbValue = 3.51239  nTestCell = 41  nTrainCell = 41  nDiff = 0  (X,Y) = (1095, 1175)  Position Error = 155.708
TrainID = 1144  dbValue = 3.53217  nTestCell = 41  nTrainCell = 40  nDiff = 1  (X,Y) = (1105, 1005)  Position Error = 159.201
TrainID = 1074  dbValue = 3.55761  nTestCell = 41  nTrainCell = 41  nDiff = 0  (X,Y) = (1185, 1005)  Position Error = 106.888
TrainID = 1425  dbValue = 3.61202  nTestCell = 41  nTrainCell = 40  nDiff = 1  (X,Y) = (1085, 1155)  Position Error = 156.605
TrainID = 1740  dbValue = 3.61663  nTestCell = 41  nTrainCell = 38  nDiff = 3  (X,Y) = (1345, 1305)  Position Error = 233.206
TrainID = 2018  dbValue = 3.7045  nTestCell = 41  nTrainCell = 40  nDiff = 1  (X,Y) = (1115, 1175)  Position Error = 138.438
TrainID = 610  dbValue = 3.72652  nTestCell = 41  nTrainCell = 41  nDiff = 0  (X,Y) = (1235, 1005)  Position Error = 96.0469
TrainID = 905  dbValue = 3.74689  nTestCell = 41  nTrainCell = 41  nDiff = 0  (X,Y) = (1315, 965)  Position Error = 159.327
TrainID = 386  dbValue = 3.8085  nTestCell = 41  nTrainCell = 40  nDiff = 1  (X,Y) = (1055, 1135)  Position Error = 180.236
TrainID = 2777  dbValue = 3.81029  nTestCell = 41  nTrainCell = 38  nDiff = 3  (X,Y) = (1185, 1335)  Position Error = 238.673
TrainID = 1428  dbValue = 3.82537  nTestCell = 41  nTrainCell = 38  nDiff = 3  (X,Y) = (1165, 1335)  Position Error = 243.403
TrainID = 2022  dbValue = 3.8255  nTestCell = 41  nTrainCell = 40  nDiff = 1  (X,Y) = (1065, 1165)  Position Error = 178.844
TrainID = 594  dbValue = 3.9078  nTestCell = 41  nTrainCell = 38  nDiff = 3  (X,Y) = (1375, 1065)  Position Error = 147.462
TrainID = 584  dbValue = 3.94785  nTestCell = 41  nTrainCell = 40  nDiff = 1  (X,Y) = (1055, 1065)  Position Error = 180.624
TrainID = 737  dbValue = 3.97643  nTestCell = 41  nTrainCell = 41  nDiff = 0  (X,Y) = (1315, 945)  Position Error = 176.706
TrainID = 861  dbValue = 4.00473  nTestCell = 41  nTrainCell = 40  nDiff = 1  (X,Y) = (1095, 995)  Position Error = 173.22
TrainID = 1873  dbValue = 4.0326  nTestCell = 41  nTrainCell = 40  nDiff = 1  (X,Y) = (1065, 1195)  Position Error = 191.638
TrainID = 1959  dbValue = 4.04341  nTestCell = 41  nTrainCell = 40  nDiff = 1  (X,Y) = (1085, 1175)  Position Error = 164.575
TrainID = 973  dbValue = 4.13244  nTestCell = 41  nTrainCell = 38  nDiff = 3  (X,Y) = (1375, 1025)  Position Error = 161.941
TrainID = 1925  dbValue = 4.13965  nTestCell = 41  nTrainCell = 40  nDiff = 1  (X,Y) = (1105, 1235)  Position Error = 184.621
TrainID = 1632  dbValue = 4.20073  nTestCell = 41  nTrainCell = 40  nDiff = 1  (X,Y) = (1095, 1245)  Position Error = 198.759
TrainID = 488  dbValue = 4.23037  nTestCell = 41  nTrainCell = 41  nDiff = 0  (X,Y) = (1075, 1215)  Position Error = 194.023
TrainID = 775  dbValue = 4.24156  nTestCell = 41  nTrainCell = 40  nDiff = 1  (X,Y) = (1065, 1215)  Position Error = 202.2
TrainID = 2768  dbValue = 4.30638  nTestCell = 41  nTrainCell = 38  nDiff = 3  (X,Y) = (1245, 1365)  Position Error = 264.32
TrainID = 336  dbValue = 4.32743  nTestCell = 41  nTrainCell = 38  nDiff = 3  (X,Y) = (1395, 1265)  Position Error = 231.225
TrainID = 1068  dbValue = 4.33485  nTestCell = 41  nTrainCell = 41  nDiff = 0  (X,Y) = (1265, 925)  Position Error = 179.067
TrainID = 515  dbValue = 4.36243  nTestCell = 41  nTrainCell = 41  nDiff = 0  (X,Y) = (1175, 955)  Position Error = 156.732
TrainID = 561  dbValue = 4.45859  nTestCell = 41  nTrainCell = 38  nDiff = 3  (X,Y) = (1145, 1365)  Position Error = 277.966
TrainID = 1015  dbValue = 4.57822  nTestCell = 41  nTrainCell = 41  nDiff = 0  (X,Y) = (1195, 955)  Position Error = 150.615
TrainID = 1904  dbValue = 4.59656  nTestCell = 41  nTrainCell = 40  nDiff = 1  (X,Y) = (1085, 1235)  Position Error = 198.91
TrainID = 874  dbValue = 4.69214  nTestCell = 41  nTrainCell = 38  nDiff = 3  (X,Y) = (1445, 1125)  Position Error = 214.348
TrainID = 324  dbValue = 4.75812  nTestCell = 41  nTrainCell = 38  nDiff = 3  (X,Y) = (1375, 1065)  Position Error = 147.462
TrainID = 1195  dbValue = 4.80689  nTestCell = 41  nTrainCell = 41  nDiff = 0  (X,Y) = (1185, 935)  Position Error = 172.525
TrainID = 898  dbValue = 4.82331  nTestCell = 41  nTrainCell = 38  nDiff = 3  (X,Y) = (1355, 915)  Position Error = 222.991
TrainID = 2147  dbValue = 4.94489  nTestCell = 41  nTrainCell = 38  nDiff = 3  (X,Y) = (1145, 1305)  Position Error = 221.777
TrainID = 1007  dbValue = 5.0077  nTestCell = 41  nTrainCell = 38  nDiff = 3  (X,Y) = (1345, 915)  Position Error = 217.635
TrainID = 1196  dbValue = 5.10657  nTestCell = 41  nTrainCell = 38  nDiff = 3  (X,Y) = (1435, 1225)  Position Error = 237.876
TrainID = 360  dbValue = 5.19674  nTestCell = 41  nTrainCell = 40  nDiff = 1  (X,Y) = (1045, 1255)  Position Error = 242.25
TrainID = 894  dbValue = 5.22935  nTestCell = 41  nTrainCell = 38  nDiff = 3  (X,Y) = (1355, 905)  Position Error = 231.398
TrainID = 357  dbValue = 5.96157  nTestCell = 41  nTrainCell = 38  nDiff = 3  (X,Y) = (1145, 875)  Position Error = 242.167
TrainID = 1777  dbValue = 5.99592  nTestCell = 41  nTrainCell = 38  nDiff = 3  (X,Y) = (1465, 1285)  Position Error = 296.892
TrainID = 660  dbValue = 6.07972  nTestCell = 41  nTrainCell = 39  nDiff = 2  (X,Y) = (1185, 915)  Position Error = 191.846
TrainID = 373  dbValue = 6.17245  nTestCell = 41  nTrainCell = 39  nDiff = 2  (X,Y) = (1205, 905)  Position Error = 197.851
TrainID = 847  dbValue = 6.20468  nTestCell = 41  nTrainCell = 39  nDiff = 2  (X,Y) = (1195, 905)  Position Error = 199.462
TrainID = 882  dbValue = 6.28646  nTestCell = 41  nTrainCell = 41  nDiff = 0  (X,Y) = (1245, 885)  Position Error = 216.391
TrainID = 1042  dbValue = 6.50521  nTestCell = 41  nTrainCell = 39  nDiff = 2  (X,Y) = (1225, 895)  Position Error = 206.119
TrainID = 891  dbValue = 6.57166  nTestCell = 41  nTrainCell = 40  nDiff = 1  (X,Y) = (1015, 1295)  Position Error = 291.076
