trainID = 328  3.0843  2.3557  2.736  2.633  1.6078  1.287  0.5102  4.251  3.0915  0.227  0.3869  2.2343  0.7099  3.0061  0.1623  0.542  1.259  1.2519  4.4703  6.8399  10.3006  9.1856  2.4845  2.6398  0.3642  2.4155  0.3274  2.9792  0.8757  0.845  0.088  1.6504  0.6375  4.3935  4.1156  1.0419  0.1784  1.8068  3.5093  0.9049  0.5459  2.5947  0.1193  0.275  2.321  1.4919  
trainID = 335  1.024  0.2516  1.246  2.436  2.7341  0.546  1.79  0.047  2.587  1.4076  0.0627  0.5253  0.7202  0.8121  2.0692  0.378  1.6448  1.6791  0.207  3.5149  2.5755  1.1557  5.9161  3.0399  9.0703  0.2116  3.1794  0.968  0.375  3.7053  0.2583  3.8377  2.258  0.699  0.5064  2.589  1.3524  0.0034  0.3181  0.2826  0.6658  0.047  0.2545  2.1665  0.584  1.1052  33.6072  
trainID = 355  0.381  2.2071  0.791  1.284  0.0523  0.839  3.1924  0.378  4.938  2.6341  2.3098  2.4545  1.2697  1.1332  0.8465  0.953  1.9143  2.1351  1.3002  0.2962  3.5797  1.0549  3.0377  2.743  0.9366  1.1577  0.5327  0.124  2.7503  3.0648  2.7505  0.093  0.18  0.5216  0.1772  0.9047  3.4643  0.4862  0.4741  0.962  3.1984  0.1587  0.2986  1.635  0.249  2.597  2.895  0.1858  
trainID = 399  1.8343  1.7311  0.867  34.8783  4.3033  3.17  3.705  0.098  0.4792  0.259  1.363  4.1075  1.1837  1.3519  0.8385  0.1098  0.389  0.6182  1.1586  1.35  9.4696  0.4914  6.6328  1.6555  1.2808  4.5387  2.038  1.4894  2.8479  1.8812  1.9562  0.682  0.4999  4.0448  2.6751  2.7759  2.5867  0.4848  0.1393  4.1711  0.2554  1.3063  2.3559  2.0149  2.393  2.322  2.1135  
trainID = 416  1.6879  0.3082  0.108  2.139  0.7465  0.597  0.2216  3.007  4.216  2.7145  0.2918  5.0238  0.5244  0.8938  0.9093  1.0247  0.4751  0.1429  1.067  0.2889  4.5568  0.8095  6.1018  5.0849  5.6468  0.1363  3.4314  0.5727  1.803  1.5758  0.8935  1.7947  0.557  2.274  0.8077  0.8704  1.2876  0.3534  2.4488  2.081  3.096  1.15  1.79  4.1685  0.238  0.4121  0.2549  
trainID = 448  1.295  0.5052  1.22  2.122  0.3258  1.605  1.578  0.447  3.298  2.3217  1.6381  3.0983  3.9658  1.1183  1.5103  0.34  0.2346  0.8311  0.0236  2.0951  0.4233  10.2765  3.679  9.6151  2.3105  3.1891  2.5653  1.559  5.544  1.0651  0.4936  1.016  1.2509  2.0824  0.1572  0.6412  2.3538  1.6559  3.6624  0.874  1.8625  1.4047  0.2486  0.543  0.0924  35.5312  
trainID = 496  3.1647  1.193  3.6261  3.9842  0.0597  0.2  0.3965  0.946  3.041  6.74  2.9659  3.1396  2.7942  2.3719  1.4472  0.6172  1.1333  1.3759  0.424  0.5227  0.0222  0.9821  11.9936  7.0059  4.1895  1.4016  6.6778  3.1121  1.011  5.4408  4.0188  1.4979  0.02  0.612  3.374  1.204  1.8392  0.6696  0.5677  2.7946  1.844  0.876  0.1867  2.7585  0.882  0.5428  35.0772  
trainID = 586  0.352  5.2825  0.805  36.6543  4.187  0.278  1.6133  4.1504  0.7936  0.9168  2.3348  1.7265  1.5589  1.4159  1.2383  2.1611  1.183  2.0582  1.3067  1.0688  14.677  5.0634  6.2706  0.0718  1.4999  5.1353  1.432  0.2306  1.3685  3.6621  0.554  0.502  6.4723  1.1364  2.7049  4.241  3.0136  0.5225  2.248  4.8977  0.9151  1.4801  1.3632  2.1693  3.5196  2.888  0.385  
trainID = 588  2.8654  0.1625  0.936  1.447  0.9071  1.003  1.1978  0.683  3.646  3.5318  5.131  0.5397  1.2856  4.7322  1.9278  0.5603  4.8576  0.5632  1.1135  0.7334  0.5024  5.2163  5.0476  5.5674  2.4437  1.9782  0.2209  3.1599  2.3432  2.4366  1.7905  1.428  1.43  1.0358  2.458  3.9664  3.4147  2.0948  1.1863  0.8868  1.7075  1.9887  0.3812  1.1264  1.9042  0.638  2.968  0.5532  
trainID = 618  3.7936  1.1318  0.111  0.836  0.5051  0.976  0.0598  1.569  2.644  2.9898  5.3778  2.9531  1.3626  1.4572  1.0308  1.6329  0.0749  0.2569  0.217  0.0187  1.0272  0.0832  7.8471  3.9483  0.2592  2.7543  4.5767  2.3315  1.78  5.4792  2.6988  0.5106  0.59  0.372  1.343  1.8903  3.4857  0.0516  0.1162  2.8597  1.618  1.8834  0.4989  1.0149  0.241  0.1818  34.7062  
trainID = 678  2.4763  0.5865  0.493  2.221  2.4872  2.276  35.503  1.2414  6.6597  0.0431  0.8058  4.4121  0.5741  2.0249  0.9183  3.2371  3.0913  0.8573  2.0913  6.3534  9.0541  7.6058  4.4282  3.1216  0.6807  2.005  0.7706  0.9691  0.3397  1.132  0.061  3.2605  1.1374  4.2409  2.9597  2.7626  0.0074  1.0741  0.123  0.4356  1.595  0.032  0.1064  1.24  2.037  1.9171  
trainID = 809  4.5262  0.3579  0.538  2.04  1.3817  1.139  1.1886  0.598  2.134  0.5294  4.9593  0.7093  0.322  1.9714  0.1162  1.6359  2.7632  0.5183  0.251  2.0545  0.3111  4.0963  5.9381  8.8907  8.1978  4.0774  0.8028  1.7704  2.2368  1.8645  0.2274  2.0807  2.976  0.348  1.9932  0.2073  4.5823  1.1903  0.9667  0.0848  1.663  2.1722  1.9439  0.4263  0.021  0.846  1.45  2.763  0.8151  
trainID = 954  4.2204  0.6389  1.057  2.904  2.6559  1.252  0.7292  3.831  2.951  1.7432  3.3953  2.0968  0.2045  0.5977  1.3439  1.1359  3.4001  0.5247  1.101  2.7502  0.3233  2.5156  3.9331  5.3907  8.1289  4.6251  1.2534  2.8271  0.03  1.848  1.2251  1.7028  2.385  1.27  0.1436  0.2604  4.0485  1.392  0.6919  2.2807  2.306  1.118  4.2941  1.7444  1.6343  0.029  0.217  2.019  1.7777  
trainID = 977  0.861  0.2905  1.223  34.3403  0.8044  0.005  0.7813  0.5852  2.5724  2.4678  1.966  2.55  0.1978  0.4133  3.7036  0.7141  0.464  2.3623  1.2981  1.7867  6.6552  2.176  4.9403  0.358  1.1993  1.8385  2.4802  1.109  0.5088  1.1464  0.477  0.105  1.2409  2.6182  2.5886  3.0938  1.5707  1.308  1.195  1.254  0.5991  1.6788  0.613  2.0322  2.191  0.806  0.4066  
trainID = 987  2.1511  0.1725  1.5211  1.93  2.0501  0.443  2.5725  1.977  3.765  1.0733  1.6218  4.4335  0.4985  0.8207  0.0692  0.0835  2.6278  0.3263  1.2603  1.8061  1.4356  1.8941  2.6373  3.3996  0.4034  1.8044  1.3833  0.719  0.4964  1.7237  1.7537  0.321  1.8852  1.5105  0.0361  0.5048  1.8074  0.2512  2.0943  2.784  0.651  1.7539  2.7024  2.976  1.1791  1.422  4.6096  0.258  
trainID = 1099  3.9875  3.3188  2.0873  2.461  1.1995  1.53  0.7934  1.868  2.835  3.4664  3.8283  0.7068  1.2348  0.9062  0.5938  0.0046  2.7884  1.2121  1.884  0.6345  1.2049  0.7564  2.2869  2.8244  5.5445  1.6442  0.2642  5.5957  0.398  2.2411  1.0208  1.2126  1.052  0.034  0.3061  0.6006  0.8311  1.2319  3.6495  3.6368  1.4  2.6134  2.7196  1.3759  0.532  0.3306  1.15  2.057  2.8061  
trainID = 1117  0.9879  0.0148  2.188  34.4243  2.1764  0.732  1.6287  0.4496  1.6429  2.0273  1.2702  2.9985  0.9102  1.7239  2.0723  2.7381  0.171  0.672  1.1699  0.7758  4.5508  6.8352  0.4963  0.3103  1.7472  2.8085  0.5  3.1873  0.7785  0.2736  3.7024  1.24  0.2593  1.7426  1.2208  2.583  2.0602  1.1085  0.2595  2.7244  0.1649  1.1629  0.9105  1.3898  3.019  0.199  0.2735  
trainID = 1177  0.138  1.4338  0.316  3.317  2.3637  0.65  1.6362  0.817  3.321  0.1247  2.9001  0.4392  0.3454  0.5747  0.6624  1.9919  3.3433  1.4331  0.1163  0.2876  0.1401  2.5302  3.3143  5.2478  4.7693  0.0628  0.9071  1.607  0.506  0.0412  0.0722  0.395  1.716  0.0222  0.4892  1.0569  1.0258  0.4693  1.4195  0.3778  1.226  1.5697  0.0314  0.7748  0.5507  0.731  2.785  0.2377  
trainID = 1237  0.6258  1.8426  0.903  33.8643  0.626  0.137  3.737  0.0647  0.5986  3.6648  0.6813  2.6092  1.4747  1.0366  0.0627  2.3271  0.566  0.3988  2.3939  1.0907  1.2013  18.4322  7.8339  2.1999  3.8875  2.1933  0.781  3.9632  1.9959  4.5952  0.122  0.003  0.9196  1.286  0.9261  0.9395  1.5168  0.0986  0.0783  0.613  0.1777  3.0755  0.768  2.641  1.872  0.913  1.1722  
trainID = 1352  1.0109  1.1156  2.2185  3.232  1.4678  0.212  0.5845  0.381  3.515  0.1611  1.4725  2.6464  0.4953  0.8811  1.5003  1.8429  1.5261  1.0931  1.797  0.782  1.6352  1.2293  5.9951  5.6697  5.4813  1.6794  2.0824  0.9069  0.793  4.7693  1.306  1.1215  0.245  0.17  2.9804  2.2816  0.302  0.7851  2.5717  1.7973  2.597  3.5744  2.2437  2.6605  0.404  0.9941  37.7052  
trainID = 1356  4.4211  2.2651  1.4907  4.6233  0.1162  0.509  4.5472  1.117  4.466  3.9535  6.0404  1.2818  3.2486  1.2617  0.1016  0.5333  2.6294  2.2382  0.828  2.1255  1.5211  1.2601  6.6957  9.5788  9.1025  4.0656  1.703  2.8809  3.2711  1.6155  4.9988  2.2221  0.2518  3.3472  2.5101  1.8016  2.0516  1.465  3.6572  3.3374  2.0439  0.597  0.3013  0.59  1.03  0.3862  
trainID = 1401  1.244  1.3243  0.848  0.645  2.2156  0.928  2.9862  1.082  3.942  0.6334  4.7969  0.374  0.6176  2.5737  1.4687  0.2968  3.2113  0.5127  1.6053  0.2889  1.2515  2.9523  6.7533  4.029  3.0051  0.8357  0.6706  1.012  0.4659  2.4779  1.5389  2  1.055  2.766  2.2974  3.2005  2.4026  2.2513  0.2478  0.1461  0.257  2.146  1.5849  1.294  2.0072  1.395  3.4872  0.3164  
trainID = 1465  3.4721  3.0236  0.18  3.7137  2.2602  0.704  0.8937  2.014  5.845  1.7102  7.6372  2.4453  0.6713  4.338  0.6813  1.3659  2.3574  1.2071  0.841  0.9171  0.7996  1.8442  1.0505  7.1026  6.5591  3.026  0.8254  2.2939  0.225  4.2948  0.7604  1.7768  0.368  1.545  0.1863  0.7819  2.0923  0.639  1.608  0.6492  1.377  1.5041  4.5424  1.5546  0.492  1.7057  2.249  3.5283  0.7344  
trainID = 1547  3.1347  1.2227  2.6555  2.812  0.3734  2.6214  4.0746  0.883  3.858  1.8308  2.1879  0.4907  1.8231  1.2238  1.1105  0.4252  2.714  0.444  0.892  0.5777  1.8621  1.6091  1.1533  1.8475  1.8114  1.5859  1.1376  2.5523  0.607  2.6015  1.6187  2.9535  0.204  1.8779  2.4029  0.0575  0.0537  1.5234  2.8383  1.4071  0.0276  1.9773  1.9855  0.6809  0.227  1.2128  2.844  2.047  0.9773  
trainID = 1648  3.9127  1.9628  1.394  37.2803  2.2047  0.642  5.342  1.5921  2.5391  0.804  0.3199  3.5603  3.314  0.6452  2.1014  0.566  1.0531  1.6369  1.172  8.0616  0.0451  7.0015  0.7714  1.5348  3.8387  0.64  2.118  1.1794  3.3558  1.7163  0.191  1.0427  2.2825  1.2468  3.784  4.5965  1.3494  0.6051  4.4805  1.2888  0.4851  2.2455  0.6856  2.199  2.161  1.6198  
trainID = 1661  3.0057  0.1717  0.892  0.715  2.2741  0.194  0.8903  0.901  2.95  0.4294  4.5137  4.541  1.1033  1.5581  0.2764  2.1479  0.2879  1.3216  0.8069  1.9147  2.1645  0.5806  3.9175  3.2196  0.7311  2.3678  2.9581  0.389  0.9082  1.2219  3.0217  0.836  1.311  1.3054  1.0413  0.5026  1.8716  0.2371  4.6347  0.2903  1.259  1.3569  0.319  0.925  0.1477  0.789  0.88  0.2096  
trainID = 1696  0.958  1.3727  1.4765  2.022  2.8937  0.312  3.0821  0.562  5.256  0.5581  3.3625  0.1608  0.7281  2.1975  1.9862  2.2759  2.1151  1.0611  0.687  4.3302  0.0579  0.6043  7.9619  7.4933  8.5727  0.9878  2.7159  0.0669  3.3312  1.3361  0.2842  2.719  0.114  1.984  4.1202  1.4645  1.9679  2.8506  3.8387  0.9917  1.3631  0.806  1.0956  0.3813  2.6345  0.5451  3.1128  1.969  1.1059  
trainID = 1709  6.6992  0.2349  0.706  2.57  0.9892  1.477  0.5372  2.056  2.96  1.252  4.5576  0.1686  1.2346  1.6595  0.1054  1.0017  2.7166  1.2125  2.5456  0.2291  2.0327  3.9488  8.3528  6.5118  4.0641  1.3405  1.658  1.603  0.3537  1.7601  1.1245  1.724  0.821  1.5937  0.1333  4.2208  2.4051  0.4671  2.2482  0.805  2.1865  3.4342  1.0787  1.8448  1.1612  2.793  2.263  0.2331  
trainID = 1729  0.6393  2.3927  0.445  34.3973  2.4995  1.1423  3.728  2.7181  2.1242  0.5416  0.3732  1.5964  3.4408  3.2369  0.0464  2.9781  1.157  0.2923  1.8144  0.35  16.0931  7.5984  6.9781  1.7691  0.0077  6.4361  2.3366  1.5022  1.5374  3.1331  0.261  0.676  5.1414  1.9259  0.1137  4.1864  3.7158  0.7651  1.709  4.9687  0.5457  1.2698  0.8729  0.3809  0.012  2.96  1.3899  
trainID = 1824  1.1155  0.6147  2.741  34.2653  3.4552  0.276  2.83  1.8589  3.2941  1.9288  0.4702  0.9172  2.2575  2.8079  2.0018  1.7891  0.207  0.1919  2.5913  0.2196  10.1339  7.0276  4.7327  2.1047  0.7252  2.0606  1.416  1.8477  2.1676  3.1296  1.1555  0.02  0.0939  2.2272  3.5717  4.1428  0.0742  0.2824  2.787  2.2266  0.2405  2.4382  0.411  1.9577  1.04  1.129  1.5108  
trainID = 1881  4.273  0.472  1.8555  2.731  0.6949  1.182  1.0826  2.326  4.244  2.085  4.5995  1.1766  2.0276  1.1674  2.7282  0.6533  4.1387  1.5217  2.7414  4.7816  2.437  6.4628  9.1869  7.5957  3.2619  2.1822  1.292  0.817  2.9787  5.3895  33.0487  1.5493  0.7247  5.8314  0.6806  0.6848  4.2989  0.6317  2.7008  1.8527  0.3898  0.536  0.5735  3.3604  0.193  3.0549  
trainID = 1895  5.3778  1.4654  3.0341  0.712  0.4482  0.994  0.5804  1.823  1.1396  3.6621  6.2961  1.5323  1.3038  2.1706  2.4373  0.2564  2.0218  1.9421  0.8442  0.702  2.8748  4.5418  4.3094  8.6286  2.9195  3.1145  2.6165  0.534  1.7631  3.3045  33.3857  0.3125  0.7614  3.4757  1.4129  0.5271  2.7364  0.783  1.8406  0.5446  0.4197  0.13  0.4044  2.672  0.866  1.7872  
trainID = 1913  5.2249  1.168  0.641  3.068  0.8737  0.012  2.6442  1.294  5.063  2.8574  5.1425  3.4413  3.4279  2.3673  0.9182  1.8859  2.8048  1.7791  0.459  2.0604  2.2153  2.2237  5.948  9.1644  8.4101  0.515  0.2476  0.281  0.148  1.4842  4.7049  2.5395  0.069  0.942  2.3611  0.4379  3.2171  4.2771  0.4747  2.0972  0.1343  3.2489  0.9248  0.7648  0.5218  0.4359  1.673  2.217  1.4345  
trainID = 1940  0.403  1.7065  0.124  0.23  1.5844  0.341  2.4905  0.202  0.1712  1.2401  0.9299  4.1839  0.2369  0.1995  2.5113  3.0549  1.2025  0.9381  0.558  0.0974  0.9467  0.8688  8.07  5.2217  2.3931  4.0649  2.5956  1.486  0.521  1.4652  0.4201  2.8313  0.587  0.909  0.0404  2.8124  2.2005  0.8887  0.0247  1.767  0.7825  1.7533  0.8788  1.7031  1.0029  3.6338  0.254  0.759  2.5384  
trainID = 1982  4.1622  2.5903  0.151  3.5574  1.5536  0.425  0.5388  1.956  5.114  4.1184  4.5974  2.4456  0.9136  0.5215  0.7311  0.0253  4.3196  0.0034  0.6374  0.9115  3.3899  3.0093  5.5693  5.1616  3.0222  2.1929  2.4154  1.98  1.9564  2.8623  0.0819  1.1438  0.444  0.3278  1.0809  1.007  1.5982  2.1653  2.3646  3.171  0.353  1.4086  0.8418  0.129  0.7873  2.985  2.995  1.4779  
trainID = 2101  0.817  0.1228  1.146  0.791  2.2978  0.641  2.8049  0.346  2.3  3.0096  1.3296  3.6078  0.8495  3.785  1.2335  2.0829  2.5892  0.6821  1.5272  1.3226  1.7456  5.1593  1.7564  2.8881  0.563  1.8381  1.2555  0.438  3.3153  3.9179  0.294  1.027  1.165  1.6475  1.6059  2.5023  1.942  0.634  1.9073  1.351  0.055  1.9848  1.7697  0.5292  0.422  1.473  2.483  1.6427  
trainID = 2225  4.7868  0.595  3.824  2.886  0.8663  0.344  0.0223  0.097  1.6869  2.4119  5.6671  3.4336  1.8211  0.0773  2.721  1.053  0.8601  1.5253  1.141  2.4231  0.0328  1.1381  8.9595  6.5853  0.3845  3.0153  5.7813  2.1965  0.696  3.5312  5.6399  2.1838  0.438  2.0617  3.406  0.7766  2.5961  1.1542  2.8142  3.3849  0.893  2.6063  2.8264  0.7227  0.251  0.4658  35.0162  
trainID = 2226  2.8288  1.8054  0.797  1.921  0.4408  0.204  0.6574  1.436  1.9298  3.8291  2.2315  5.288  1.9872  0.2968  3.2119  0.5817  1.2432  1.5297  3.1793  2.447  2.7528  16.5012  4.9476  11.2548  2.2375  6.56  1.1643  0.078  3.7461  2.8554  1.5126  2.822  0.774  2.5288  0.0164  0.5807  0.5658  1.2454  3.458  1.57  0.192  2.6792  3.9455  0.627  2.8752  35.5942  
trainID = 2257  4.5733  2.1717  0.505  2.115  2.962  1.9945  0.0029  2.266  4.036  3.8752  5.5695  1.9557  0.1094  1.6935  1.6575  0.4244  3.2257  0.5538  0.344  1.8487  1.8017  0.6319  4.5623  6.8083  7.7129  1.6826  4.5607  0.4696  2.5479  1.739  2.2279  0.1848  1.081  0.578  2.0828  1.0741  4.3279  1.8726  0.7793  1.7614  0.2984  1.839  1.097  2.0726  1.4329  0.4602  3.1415  0.529  1.5627  
trainID = 2467  1.8458  0.8427  2.9749  0.865  2.1093  1.43  0.5933  0.3817  0.8973  2.1796  3.1377  2.6047  0.0547  1.9704  0.0517  1.7619  0.1442  1.2421  0.143  1.5717  1.5184  0.9134  5.6096  2.9781  18.8454  1.9613  3.0969  0.3861  0.281  3.4567  1.5428  0.7785  0.969  2.7933  1.8612  2.2723  0.1834  1.9067  0.0623  3.2645  1.532  0.104  2.245  0.9528  1.981  0.267  34.7572  
trainID = 2486  0.4727  1.426  0.986  1.58  2.6828  0.689  1.591  0.896  2.359  3.1514  0.1747  2.0893  2.0927  0.6078  1.5498  1.8589  0.1346  0.6321  2.439  0.8545  0.4968  1.3391  5.2341  8.1975  15.8992  0.3919  0.7803  0.5514  0.164  3.8991  1.6544  0.6213  1.7481  1.6305  0.3728  0.5775  0.1601  0.0305  1.0783  3.1518  0.9343  2.7545  1.6394  1.531  0.615  0.1234  
trainID = 2583  7.5765  0.6179  1.7904  2.642  1.0758  2.9052  2.3568  3.87  4.537  1.9356  7.265  1.8466  2.6108  0.9479  3.7236  1.0786  3.6185  1.8372  1.269  3.9948  0.3141  0.7495  9.6437  9.8091  8.7661  4.4801  3.4147  6.7329  1.332  0.5062  5.3792  33.4167  0.5849  0.8171  4.6188  0.2124  1.932  3.1403  0.9912  2.5183  2.7056  0.7244  0.97  0.5168  0.67  0.797  1.0032  
trainID = 2605  1.6346  0.4859  2.5996  2.461  2.0041  1.682  0.0197  1.414  0.7668  5.0484  0.7289  3.3953  0.6088  1.7191  1.4324  0.3047  1.7854  0.1826  0.224  0.1923  1.8875  0.5045  9.7628  4.3011  10.8995  0.1499  4.8909  1.5227  1.061  3.8931  2.9949  1.8654  0.236  0.672  2.6993  0.028  0.3915  1.502  0.1533  2.4224  1.856  1.6485  0.7638  2.5355  1.223  0.429  35.2332  
trainID = 2638  0.9466  0.6846  0.25  2.52  1.6266  0.398  0.0857  0.042  3.115  0.4715  0.1278  4.9774  1.5718  0.1456  2.5243  3.3819  0.5506  2.1541  0.671  2.4423  0.0082  0.7044  8.3284  8.0248  22.392  1.7487  3.2016  1.8888  2.5719  0.8522  2.5307  0.939  1.023  0.9215  2.8622  1.3971  1.2827  0.4892  2.713  2.121  1.014  2.1466  2.9735  1.501  0.752  35.8722  
trainID = 2707  0.5238  0.7855  2.6443  4.0607  2.0782  0.809  1.3631  2.925  2.249  1.7818  0.8417  5.3944  1.4654  0.9372  0.6092  1.8349  0.5744  1.6441  0.839  0.2481  3.341  1.7853  14.4058  3.1757  14.0941  1.569  4.2592  1.0964  0.401  4.5033  3.4053  0.6695  1.446  0.482  0.7124  0.7944  0.7748  1.5821  3.1482  1.3273  2.152  0.148  1.3948  2.7995  2.196  0.1254  36.8012  
trainID = 2742  0.7057  1.8573  1.6827  2.256  0.434  2.323  1.832  1.331  3.474  0.0425  3.2681  3.3733  1.0975  1.689  1.1178  1.6639  3.825  0.5403  0.264  2.5734  0.2314  0.4919  1.1136  1.8909  3.314  1.0655  3.286  1.4373  0.408  0.4243  2.0343  2.0368  0.057  0.825  0.4207  1.1046  1.5173  0.6589  1.6635  3.6411  2.43  2.9031  0.1553  0.9929  0.264  0.2721  0.343  1.388  0.0939  
trainID = 2810  2.0472  3.9706  1.6423  2.155  3.2425  0.534  0.8732  0.121  3.853  1.6676  4.7227  1.3158  1.0162  2.6229  1.3989  1.7119  2.386  0.4417  3.8969  1.1374  2.3706  4.2374  5.1373  4.5583  2.5101  1.9411  0.6326  1.552  0.8156  2.4376  1.354  1.224  0.672  0.4644  2.9771  2.6698  2.2546  0.6614  1.9197  1.069  2.1752  1.4437  0.4493  2.1958  1.4296  1.95  3.4965  1.2801  
trainID = 2866  5.906  0.5935  1.064  1.195  1.788  0.95  3.5834  2.475  3.481  2.8821  2.7958  2.643  0.2093  1.2715  2.1122  0.3244  2.5668  1.6606  1.156  0.7946  1.2112  4.0348  5.6418  5.3813  3.188  1.802  0.4765  2.9638  3.8681  2.2708  2.2439  0.125  0.003  0.4491  0.0378  5.1179  1.5113  0.0756  1.3974  0.1273  2.6814  2.7097  1.1475  1.494  0.3828  3.7859  1.761  0.1016  
trainID = 2891  0.9913  0.119  1.5329  0.953  1.2012  0.676  1.4033  0.423  0.7229  2.0077  1.1888  3.0189  3.8862  1.7532  0.3534  0.6008  0.0312  1.253  0.196  0.6023  3.4858  0.8333  4.7153  1.739  6.9895  0.5549  3.1033  1.5245  1.549  2.8258  1.4235  2.4714  0.797  0.364  0.6969  1.2056  0.6394  1.5663  2.5454  2.2314  1.2997  1.5785  0.057  3.1365  1.615  1.0119  35.6372  
trainID = 2898  1.524  1.417  0.117  0.996  0.8971  1.472  0.6656  3.544  3.329  1.4387  3.9675  0.6792  0.2834  0.2157  1.417  0.0917  2.6463  0.0141  1.128  0.8905  0.586  0.9971  1.029  0.9999  3.7037  0.8741  1.0127  1.3252  0.118  3.9348  0.3644  1.4706  0.98  1.1047  2.3263  0.824  1.3056  2.2765  3.6435  1.0215  1.628  1.432  1.9578  0.0671  2.354  0.7484  2.328  1.546  0.718  
trainID = 2920  3.1044  1.4977  0.677  3.8511  0.6233  0.959  1.3181  1.785  1.8728  2.0102  3.9852  1.6506  0.7618  0.4397  2.5032  0.777  1.4763  1.717  2.1486  1.2054  2.3884  1.2962  6.3935  4.1377  4.1503  3.6839  4.6916  1.805  3.0853  3.0196  0.5442  0.302  2.144  0.5922  1.7602  3.3637  0.3125  0.4016  3.0697  0.834  0.706  1.0255  0.7641  0.936  0.533  0.948  1.513  2.0831  
TrainID = 1177  dbValue = 1.25599  nTestCell = 49  nTrainCell = 48  nDiff = 1  (X,Y) = (1845, 1765)  Position Error = 64.405
TrainID = 2898  dbValue = 1.41654  nTestCell = 49  nTrainCell = 49  nDiff = 0  (X,Y) = (1835, 1775)  Position Error = 68.0294
TrainID = 1661  dbValue = 1.46439  nTestCell = 49  nTrainCell = 48  nDiff = 1  (X,Y) = (1835, 1715)  Position Error = 28.0713
TrainID = 2742  dbValue = 1.46561  nTestCell = 49  nTrainCell = 49  nDiff = 0  (X,Y) = (1845, 1745)  Position Error = 49.679
TrainID = 355  dbValue = 1.49004  nTestCell = 49  nTrainCell = 48  nDiff = 1  (X,Y) = (1835, 1735)  Position Error = 35.609
TrainID = 1940  dbValue = 1.54745  nTestCell = 49  nTrainCell = 49  nDiff = 0  (X,Y) = (1795, 1745)  Position Error = 34.176
TrainID = 987  dbValue = 1.57501  nTestCell = 49  nTrainCell = 48  nDiff = 1  (X,Y) = (1855, 1755)  Position Error = 63.7809
TrainID = 1547  dbValue = 1.61304  nTestCell = 49  nTrainCell = 49  nDiff = 0  (X,Y) = (1825, 1775)  Position Error = 64.56
TrainID = 2101  dbValue = 1.67913  nTestCell = 49  nTrainCell = 48  nDiff = 1  (X,Y) = (1805, 1735)  Position Error = 22.0907
TrainID = 416  dbValue = 1.71455  nTestCell = 49  nTrainCell = 47  nDiff = 2  (X,Y) = (1775, 1735)  Position Error = 38.833
TrainID = 1401  dbValue = 1.78002  nTestCell = 49  nTrainCell = 48  nDiff = 1  (X,Y) = (1855, 1775)  Position Error = 78.4092
TrainID = 1099  dbValue = 1.8094  nTestCell = 49  nTrainCell = 49  nDiff = 0  (X,Y) = (1865, 1725)  Position Error = 59.2284
TrainID = 2486  dbValue = 1.82269  nTestCell = 49  nTrainCell = 46  nDiff = 3  (X,Y) = (1765, 1725)  Position Error = 43.6807
TrainID = 2920  dbValue = 1.89266  nTestCell = 49  nTrainCell = 48  nDiff = 1  (X,Y) = (1875, 1715)  Position Error = 68.0294
TrainID = 809  dbValue = 1.93218  nTestCell = 49  nTrainCell = 49  nDiff = 0  (X,Y) = (1905, 1745)  Position Error = 103.092
TrainID = 1982  dbValue = 1.98322  nTestCell = 49  nTrainCell = 48  nDiff = 1  (X,Y) = (1865, 1715)  Position Error = 58.0345
TrainID = 2866  dbValue = 1.98839  nTestCell = 49  nTrainCell = 48  nDiff = 1  (X,Y) = (1865, 1725)  Position Error = 59.2284
TrainID = 2810  dbValue = 2.01324  nTestCell = 49  nTrainCell = 48  nDiff = 1  (X,Y) = (1875, 1755)  Position Error = 79.925
TrainID = 1709  dbValue = 2.0224  nTestCell = 49  nTrainCell = 48  nDiff = 1  (X,Y) = (1875, 1735)  Position Error = 71.4703
TrainID = 588  dbValue = 2.03539  nTestCell = 49  nTrainCell = 48  nDiff = 1  (X,Y) = (1875, 1795)  Position Error = 106.527
TrainID = 954  dbValue = 2.03974  nTestCell = 49  nTrainCell = 49  nDiff = 0  (X,Y) = (1875, 1725)  Position Error = 69.0507
TrainID = 1465  dbValue = 2.08967  nTestCell = 49  nTrainCell = 49  nDiff = 0  (X,Y) = (1865, 1745)  Position Error = 66.242
TrainID = 2257  dbValue = 2.09804  nTestCell = 49  nTrainCell = 49  nDiff = 0  (X,Y) = (1895, 1765)  Position Error = 102.215
TrainID = 1696  dbValue = 2.11987  nTestCell = 49  nTrainCell = 49  nDiff = 0  (X,Y) = (1885, 1795)  Position Error = 113.172
TrainID = 328  dbValue = 2.18995  nTestCell = 49  nTrainCell = 46  nDiff = 3  (X,Y) = (1925, 1795)  Position Error = 143.694
TrainID = 977  dbValue = 2.24631  nTestCell = 49  nTrainCell = 47  nDiff = 2  (X,Y) = (1835, 1795)  Position Error = 86.6487
TrainID = 1913  dbValue = 2.24991  nTestCell = 49  nTrainCell = 49  nDiff = 0  (X,Y) = (1895, 1755)  Position Error = 97.509
TrainID = 1117  dbValue = 2.26131  nTestCell = 49  nTrainCell = 47  nDiff = 2  (X,Y) = (1795, 1785)  Position Error = 72.9932
TrainID = 335  dbValue = 2.26414  nTestCell = 49  nTrainCell = 47  nDiff = 2  (X,Y) = (1785, 1725)  Position Error = 25.0599
TrainID = 2891  dbValue = 2.30875  nTestCell = 49  nTrainCell = 47  nDiff = 2  (X,Y) = (1805, 1695)  Position Error = 18.1108
TrainID = 618  dbValue = 2.40738  nTestCell = 49  nTrainCell = 47  nDiff = 2  (X,Y) = (1835, 1675)  Position Error = 47.2017
TrainID = 1352  dbValue = 2.59396  nTestCell = 49  nTrainCell = 47  nDiff = 2  (X,Y) = (1785, 1725)  Position Error = 25.0599
TrainID = 1356  dbValue = 2.6105  nTestCell = 49  nTrainCell = 46  nDiff = 3  (X,Y) = (1925, 1705)  Position Error = 118.271
TrainID = 1237  dbValue = 2.61512  nTestCell = 49  nTrainCell = 47  nDiff = 2  (X,Y) = (1765, 1755)  Position Error = 59.397
TrainID = 2467  dbValue = 2.62386  nTestCell = 49  nTrainCell = 47  nDiff = 2  (X,Y) = (1765, 1715)  Position Error = 42.0476
TrainID = 2605  dbValue = 2.6429  nTestCell = 49  nTrainCell = 47  nDiff = 2  (X,Y) = (1805, 1655)  Position Error = 58.0345
TrainID = 448  dbValue = 2.68847  nTestCell = 49  nTrainCell = 46  nDiff = 3  (X,Y) = (1795, 1675)  Position Error = 39.8497
TrainID = 1824  dbValue = 2.69121  nTestCell = 49  nTrainCell = 47  nDiff = 2  (X,Y) = (1805, 1825)  Position Error = 112.018
TrainID = 1895  dbValue = 2.72628  nTestCell = 49  nTrainCell = 46  nDiff = 3  (X,Y) = (1895, 1705)  Position Error = 88.3629
TrainID = 399  dbValue = 2.7425  nTestCell = 49  nTrainCell = 47  nDiff = 2  (X,Y) = (1845, 1825)  Position Error = 118.271
TrainID = 678  dbValue = 2.85759  nTestCell = 49  nTrainCell = 46  nDiff = 3  (X,Y) = (1905, 1785)  Position Error = 121.606
TrainID = 1648  dbValue = 2.88192  nTestCell = 49  nTrainCell = 46  nDiff = 3  (X,Y) = (1845, 1835)  Position Error = 127.781
TrainID = 2225  dbValue = 2.93192  nTestCell = 49  nTrainCell = 47  nDiff = 2  (X,Y) = (1855, 1645)  Position Error = 83.2346
TrainID = 496  dbValue = 2.99457  nTestCell = 49  nTrainCell = 47  nDiff = 2  (X,Y) = (1835, 1635)  Position Error = 82.8734
TrainID = 2638  dbValue = 3.02058  nTestCell = 49  nTrainCell = 46  nDiff = 3  (X,Y) = (1765, 1725)  Position Error = 43.6807
TrainID = 2707  dbValue = 3.0255  nTestCell = 49  nTrainCell = 47  nDiff = 2  (X,Y) = (1775, 1665)  Position Error = 57.6888
TrainID = 1729  dbValue = 3.06807  nTestCell = 49  nTrainCell = 47  nDiff = 2  (X,Y) = (1795, 1865)  Position Error = 152.473
TrainID = 586  dbValue = 3.18104  nTestCell = 49  nTrainCell = 47  nDiff = 2  (X,Y) = (1815, 1855)  Position Error = 142.225
TrainID = 1881  dbValue = 3.22167  nTestCell = 49  nTrainCell = 46  nDiff = 3  (X,Y) = (1905, 1725)  Position Error = 98.732
TrainID = 2226  dbValue = 3.28109  nTestCell = 49  nTrainCell = 46  nDiff = 3  (X,Y) = (1785, 1645)  Position Error = 71.4703
TrainID = 2583  dbValue = 3.49459  nTestCell = 49  nTrainCell = 47  nDiff = 2  (X,Y) = (1925, 1665)  Position Error = 127.389
