trainID = 321  4.134  0.5069  1.3696  1.7826  1.6078  2.1821  3.7164  3.0206  0.9457  1.3444  0.1365  2.3925  5.333  5.0496  2.0853  1.3779  3.5196  0.8239  2.2142  3.0148  1.9107  0.5099  0.398  0.5131  3.2544  3.2725  0.8424  1.1046  0.0466  0.8715  2.7166  0.4401  3.1034  1.711  1.5362  1.368  3.7564  1.131  0.296  1.2779  0.4291  0.9507  
trainID = 333  0.657  4.8011  2.6771  0.1864  0.4701  0.389  0.7378  2.5134  0.7286  0.146  2.614  0.8795  0.133  6.6214  5.1373  1.1516  1.2333  4.5997  3.0311  1.7412  1.5507  0.5867  0.4768  1.075  1.2333  0.8568  0.5069  1.9703  0.1174  3.9097  0.4622  0.472  0.5613  3.692  0.0172  0.322  1.6892  4.12  1.288  1.0777  2.4602  0.278  2.041  
trainID = 345  4.0278  2.2593  1.6563  0.1235  1.2624  1.5639  3.8644  0.5972  1.248  1.8122  2.0182  1.2863  4.6293  7.4465  1.2939  0.9014  3.4029  3.9268  1.0612  0.2424  0.8241  0.4495  1.247  2.7669  2.7268  3.1937  4.0915  0.6304  2.3614  2.1726  3.2464  0.738  2.8365  0.4354  0.839  1.9101  4.4464  2.1823  0.5215  1.843  0.1309  1.8832  
trainID = 346  1.2164  3.813  0.3732  0.8568  1.5253  3.0061  3.4934  2.7237  1.336  0.3827  0.8229  0.3039  6.8275  9.2435  1.1621  2.2292  4.1111  0.1442  0.1405  0.9379  0.9551  0.8036  0.637  0.123  0.6719  3.6313  7.8549  1.12  2.6018  5.1449  3.0614  0.0448  2.5214  0.1513  0.159  0.112  7.0624  0.2738  1.0829  2.6465  1.1094  0.6482  
trainID = 374  0.259  0.9979  0.3033  0.8663  1.6167  0.6886  2.2671  2.8544  1.0886  1.234  4.3508  1.975  3.9297  3.416  6.5391  4.6644  1.3426  1.1694  0.8282  0.3635  2.8809  0.3627  0.8109  1.6637  2.7208  1.9937  0.8539  1.8282  0.0243  0.1997  0.2323  0.0993  0.023  4.4442  1.0068  2.4981  2.9051  2.1091  1.9198  2.8945  
trainID = 398  1.233  1.7062  0.9212  1.7914  2.6413  1.9986  1.4739  0.3329  1.2521  0.495  2.3766  1.8573  0.3379  10.3343  4.4463  2.6398  1.6327  7.3888  7.6641  1.1382  0.262  3.1791  1.2195  0.626  1.3213  4.7538  2.1895  2.7836  2.2642  5.2816  3.7505  1.4037  6.5477  2.2373  8.4131  4.6124  0.9201  0.815  1.6854  1.1961  
trainID = 402  1.363  1.0514  2.5672  2.0653  1.0121  3.4449  0.5058  4.4834  2.191  1.418  0.6961  2.7243  2.1527  1.531  12.7497  1.317  2.2961  7.9855  2.7106  2.2782  1.5493  0.6073  1.5017  0.508  0.926  0.8673  1.6875  5.4316  2.8834  3.6475  2.6727  3.449  3.6303  3.0098  2.5955  0.184  0.9606  6.947  0.5903  0.9739  1.9119  2.0374  0.7752  
trainID = 413  8.1204  2.7174  0.8923  5.0706  2.818  3.0121  36.0245  7.8778  3.7405  2.3387  11.5201  0.0035  5.5537  2.6072  3.8381  4.0697  1.0023  5.4212  5.3009  2.4969  1.935  0.181  6.2985  2.7667  2.1938  5.3762  13.7425  3.9592  1.5979  6.7834  7.9124  2.9209  1.423  1.5091  0.5702  3.0276  2.8041  4.388  0.3761  1.0739  
trainID = 518  0.862  2.7227  1.7996  0.5521  2.0877  2.038  1.2751  5.7814  1.5068  1.859  2.0112  0.0153  0.5246  1.7502  5.8207  1.4225  0.4756  1.0809  1.3206  0.2124  0.2777  0.1965  1.3516  0.11  0.81  1.1316  0.1324  2.2367  3.1438  3.1379  0.3213  1.7009  2.9221  3.7739  0.174  0.239  1.2156  5.086  2.166  0.6748  3.2936  2.6694  0.1978  
trainID = 522  2.09  0.6404  2.3904  3.8888  2.0787  2.0461  4.3502  1.7644  1.9682  1.569  2.5022  4.1601  0.8576  16.0197  16.0723  14.6159  1.1941  11.2835  8.1359  0.5582  1.3999  1.8039  0.6924  0.945  1.0753  6.3827  1.151  6.2352  3.075  6.9005  3.9861  4.3256  6.9363  0.2324  4.5817  1.015  0.8361  9.0623  5.5304  0.0806  1.477  1.2894  0.5471  
trainID = 571  1.1735  0.7958  0.1745  0.4175  1.4785  1.895  2.1314  2.0477  1.218  0.2044  0.6613  1.3012  1.8048  7.0678  1.2899  2.376  3.4006  1.681  1.7412  1.4331  0.6513  0.3552  1.2837  1.656  1.7008  1.0032  3.903  1.3728  3.2749  4.2431  0.7849  1.733  2.6117  1.3044  0.907  0.0327  7.0562  1.1599  1.105  3.0303  1.2544  3.3915  
trainID = 572  37.1737  2.5138  0.6002  3.9218  1.4566  2.7471  3.166  2.3904  0.2847  1.7036  0.2341  0.2563  2.3227  10.0398  6.3796  2.7148  0.8986  4.8729  9.7795  1.348  0.5035  2.8489  1.3878  3.031  0.677  4.6003  0.9793  3.4035  3.5371  6.3025  2.5667  2.0495  5.7746  1.0111  6.4024  4.1044  2.8097  0.34  1.1694  0.5435  
trainID = 589  0.4156  3.6166  2.0452  2.6466  2.4711  2.068  2.0124  1.0843  0.861  1.668  1.7642  0.9024  9.7097  12.3774  7.1307  1.1079  6.18  7.1909  2.9092  1.9874  1.1163  0.87  0.636  0.9333  3.6101  0.6039  2.9675  3.9886  4.7879  2.8187  3.8696  4.3072  2.8608  4.3483  0.702  2.569  5.5087  2.7923  0.1002  0.916  3.3454  0.8417  
trainID = 613  5.3146  0.0232  2.9973  3.6496  3.3633  2.5281  35.3445  5.1349  0.7513  0.3088  10.3537  0.7075  5.9502  2.3769  2.2334  4.8767  3.3192  4.0533  7.1767  0.4814  0.685  1.2323  3.5698  4.1253  1.3298  8.1346  22.0762  7.5115  0.6807  8.1504  8.7854  6.5251  0.634  5.0894  5.2237  3.6623  3.8557  4.8516  3.7275  3.7656  
trainID = 619  0.2536  0.291  0.396  0.2483  2.8079  0.913  2.4494  0.5595  0.637  1.3507  0.5629  4.6777  0.9583  5.4638  4.4509  0.8646  0.7609  0.8677  1.1717  4.954  3.2806  35.3057  0.0667  2.9193  1.7777  2.3095  2.5114  1.6574  2.7392  1.0339  0.5614  0.428  2.529  3.1497  1.7006  0.9983  0.5131  1.7074  0.5281  1.8481  
trainID = 636  2.4286  0.0197  1.5553  3.5346  2.9844  0.2368  4.5504  0.2167  0.065  3.132  0.2106  1.4933  4.5652  2.5553  2.9351  0.9355  1.3555  2.729  2.0982  1.7342  0.938  1.4107  0.231  0.934  3.4749  2.3892  0.7422  3.9938  2.4707  3.9227  0.5606  1.9413  2.2603  2.9358  0.9188  0.8642  0.4644  0.3845  1.1496  2.7126  1.9096  1.6331  
trainID = 645  0.669  1.7631  2.0862  2.6183  0.7509  0.5363  1.0105  3.9134  0.4793  0.324  0.2843  0.1148  0.3854  0.3571  3.7349  0.7674  0.0691  2.7903  3.6722  1.1572  1.4232  2.5956  0.5557  0.042  0.356  1.4555  1.4925  0.2792  0.0469  1.7788  1.6494  2.1771  2.7984  0.5879  1.7804  0.865  0.8213  5.2467  2.6985  0.4687  0.222  0.6845  0.9721  
trainID = 671  5.9454  0.1906  3.5823  0.3703  0.1827  1.8961  36.0105  2.9436  0.9193  0.846  6.3179  1.6417  5.6101  2.158  5.2534  2.7484  4.3122  3.8981  5.8167  0.1826  1.6783  1.1971  4.683  2.1892  2.0113  9.7547  6.9488  1.751  2.3947  6.7631  4.8724  3.7578  1.4468  2.6998  2.0448  2.2145  1.4129  2.5926  4.567  2.0354  
trainID = 714  5.8385  0.0678  0.7063  3.5186  3.3811  2.4701  35.7535  1.9694  2.6923  2.7726  8.1736  2.3379  6.2085  1.7496  1.4596  1.6709  3.6842  2.3139  5.0004  0.0561  0.291  0.309  5.182  2.4641  0.4706  7.4139  7.2403  0.2734  0.1216  6.3053  4.7435  2.0236  1.8317  1.8844  0.1483  3.1131  0.5686  3.3421  2.486  2.3612  
trainID = 715  0.8433  4.4427  0.1811  0.8092  0.1451  0.3054  6.7664  0.4995  1.095  1.0057  0.7559  0.4027  2.9361  10.2769  1.3155  2.1618  6.8982  2.143  0.0672  0.6152  0.3921  0.812  1.5426  0.806  0.9052  5.1386  6.3507  1.2031  4.8566  1.2282  1.4794  2.3349  2.5912  0.2827  1.47  0.0719  7.0378  2.8868  1.208  0.058  0.7503  0.1472  
trainID = 718  3.357  1.0744  0.9897  1.3721  1.339  4.8788  2.3079  1.3654  1.9745  2.431  0.4927  1.1648  0.1097  12.6604  2.518  7.1668  0.3429  6.3358  8.7465  0.4972  1.1986  1.5312  3.3521  0.593  0.029  3.2014  1.0368  7.0085  4.5989  5.8741  3.615  4.9106  5.7179  1.9533  6.2496  1.9321  0.4281  0.229  0.1392  0.5691  
trainID = 742  1.633  0.8383  6.7478  1.8617  3.0701  0.5421  1.8703  3.2544  2.0036  0.652  3.1655  2.0769  2.1189  2.871  17.4165  4.2474  0.8205  8.3644  5.6626  0.5236  0.713  0.293  2.0225  1.8861  10.153  5.437  8.9181  4.5663  3.7716  2.2056  4.898  3.6945  0.7486  2.7045  6.5788  1.806  2.4647  1.293  0.8207  0.3702  
trainID = 787  1.446  0.9036  4.1044  2.9166  2.7392  1.1181  3.7868  4.5114  0.1825  0.68  0.5873  3.6607  2.656  8.3447  20.4492  14.7036  2.8222  11.4595  5.8244  2.0362  1.9577  4.5755  1.3874  3.068  0.737  6.3508  0.7044  8.0254  4.5589  8.2282  3.0303  3.4532  6.1712  2.0927  3.3339  2.013  2.0074  9.0344  1.7224  1.7606  1.713  5.4234  2.7687  
trainID = 804  0.525  5.1675  2.4101  0.7533  0.9152  1.7789  1.7071  2.6438  2.5124  0.6404  6.5575  5.2151  4.2408  0.7318  3.4514  3.4644  0.3239  1.5412  3.2129  0.8637  0.197  1.214  2.6416  3.8942  1.8848  5.0938  0.2129  1.5505  5.6936  4.3841  5.1714  2.6473  0.692  0.2868  1.9379  2.3525  3.5541  4.3023  1.7939  1.4311  
trainID = 885  0.082  0.0936  0.0985  0.6566  0.6295  1.4187  3.6198  0.4656  1.1446  1.6923  0.3365  0.179  3.7417  7.8576  4.0696  3.8476  2.458  3.5317  8.387  0.3062  0.2442  3.3317  2.1374  0.072  1.647  2.7545  0.9554  2.7921  0.5782  8.0155  1.5784  1.8571  5.0947  0.9949  4.7168  2.2644  0.7532  1.137  1.2667  0.4773  
trainID = 886  0.901  2.3845  2.0475  0.3675  0.1104  1.4308  0.8457  1.9844  1.0221  1.922  1.3333  0.0418  0.5393  1.15  5.3863  1.6751  0.7947  3.5956  0.3287  3.5992  0.8265  1.4761  1.3348  1.8575  0.8803  0.744  1.9033  1.3701  0.8783  4.8847  1.227  1.9484  1.6699  1.0916  3.0528  0.575  0.2622  4.2901  2.0247  0.83  0.211  0.4332  2.0328  
trainID = 944  3.4195  2.0144  0.0784  0.2377  1.1538  0.9464  3.4424  2.9658  0.64  2.0718  0.4306  2.1658  0.8253  4.2188  3.1929  1.1227  2.1942  3.6696  0.4512  3.7135  2.068  0.6274  0.247  1.3284  4.61  2.0329  0.3214  4.2109  2.3587  1.167  3.2306  0.65  5.4729  3.1714  1.193  0.4206  1.8278  0.5639  1.3765  0.816  1.0194  1.7077  
trainID = 985  5.5617  1.4312  0.9893  1.8538  1.6002  1.6261  36.7105  2.7481  1.9948  2.4669  8.4486  2.217  5.2905  1.4508  4.8684  2.9792  0.5232  3.6697  4.3264  2.68  2.56  1.007  3.3031  1.9216  0.539  4.8163  7.8681  0.7273  2.0799  4.7228  5.9219  3.3829  0.204  3.0039  0.4432  0.6354  4.6219  4.1786  0.4937  1.6281  
trainID = 997  3.9172  2.3621  2.3153  2.5936  3.26  2.3961  3.2234  3.7263  1.133  6.8475  0.4239  3.6587  6.3504  1.3588  8.1086  1.0145  2.6924  3.9704  1.3742  3.8129  3.9234  0.1635  0.201  0.277  2.9669  0.082  0.1592  11.6008  8.8228  10.1005  0.2732  7.1588  2.9503  3.9199  0.618  2.0021  5.2935  0.8813  1.1726  5.1228  4.3276  1.6  
trainID = 1000  34.3149  2.6264  2.9489  0.2693  3.9899  3.8116  2.1778  2.5784  0.4401  1.2903  1.0613  0.6488  0.7292  16.4716  0.8286  7.5662  1.6839  6.7255  10.6155  1.6052  1.1907  5.1402  1.5828  2.683  1.5147  3.7992  1.507  2.399  4.3874  8.4855  3.3957  2.6582  6.4236  0.2688  7.3715  2.9854  1.9497  2.4373  2.0474  2.1172  
trainID = 1028  3.3622  1.5506  1.9025  2.8396  2.6516  2.9509  2.3184  1.8299  1.357  3.372  1.2129  1.0595  1.943  7.3347  1.1563  1.388  6.437  0.9139  3.2552  0.7502  1.0551  1.0644  0.301  0.356  0.5104  4.1793  3.51  0.253  4.6154  0.1981  2.6465  2.4117  2.0562  0.6913  2.1697  0.1326  7.2456  1.3442  1.0527  0.446  1.1064  2.7502  
trainID = 1030  1.4559  1.6738  1.2072  0.5289  0.5281  1.3661  1.2242  1.7068  1.188  4.5675  1.2007  4.4947  0.1472  5.3491  3.1193  1.9223  1.7713  1.8112  0.2211  4.2551  0.6767  0.3674  2.346  0.438  0.7701  0.1226  0.1033  6.4841  0.1502  2.9328  0.9728  1.2253  1.4294  0.6569  3.867  2.8698  0.5747  0.9577  0.8021  2.0697  0.3833  1.9202  
trainID = 1067  0.9986  0.3221  2.8953  1.9388  1.5452  1.011  2.7194  1.1399  2.024  5.6524  1.748  3.5397  4.7409  3.8845  6.8005  0.0387  2.3193  2.5062  1.3042  4.6308  4.8866  1.165  1.196  4.019  1.967  1.9853  0.6284  14.1329  6.081  13.5935  0.9571  3.7553  1.1768  3.3464  2.0461  4.7738  1.7203  3.1295  3.4215  6.4284  2.2329  3.4967  
trainID = 1076  7.4071  0.633  0.4802  4.3966  1.6459  0.5075  34.5415  3.694  1.4913  1.7914  8.5074  0.0453  7.353  0.0535  3.1916  4.3828  3.1172  2.6246  5.3407  2.6019  0.694  0.5579  3.9872  0.8227  1.362  10.5351  13.8444  1.088  2.1887  6.3005  5.6565  4.6227  2.9101  2.2865  3.1589  1.9077  4.089  3.6249  2.2732  4.7192  
trainID = 1081  2.6784  1.9646  0.0202  0.21  0.3393  2.1318  3.2504  1.2019  0.743  0.9833  1.7444  2.8326  0.5172  2.8491  0.1109  0.3444  3.9004  0.8352  1.8202  0.8022  0.7081  1.3473  1.195  1.334  0.2761  2.7002  0.2873  0.9865  1.4849  1.5609  2.2842  0.7529  0.169  0.2485  1.811  0.6687  4.4269  0.8626  0.041  0.298  1.5314  1.863  
trainID = 1094  1.812  0.7763  0.4622  0.5953  1.0078  2.314  2.3684  1.7804  1.5422  1.7927  2.2157  0.7345  0.2848  6.2926  6.1635  0.1313  2.7217  2.2738  7.5415  1.1113  1.3698  1.7727  1.1445  1.308  1.683  1.7807  0.6619  0.0142  0.0118  1.5646  3.6575  1.6774  1.3401  1.3801  2.3779  1.5347  0.7746  1.6067  0.3685  0.4882  
trainID = 1149  37.0002  4.3844  3.5135  3.0716  3.1776  3.79  2.114  1.0675  0.0984  0.8194  2.0069  3.0309  0.4918  20.2139  3.8861  10.7302  0.2741  11.9321  7.1123  0.1488  3.4503  4.5159  1.8418  3.417  0.5763  9.4123  0.6991  4.0176  4.9136  9.3815  4.0277  5.0746  7.3853  1.4122  7.9893  4.4434  0.3945  1.5111  2.2264  1.1785  
trainID = 1168  0.785  2.7517  0.193  0.6173  0.537  1.2461  0.3814  2.2184  0.0823  0.191  1.2036  1.9858  0.1601  2.8843  0.3501  1.5517  0.6199  1.019  0.4273  1.1302  2.5581  0.4845  3.1362  0.643  1.216  0.8934  1.3604  0.6922  5.5654  0.4973  2.1721  3.5796  1.1073  1.6919  1.1348  1.24  2.9954  0.766  2.1009  0.9145  1.163  0.3278  1.8866  
trainID = 1258  0.704  8.0825  2.0901  2.3113  1.7242  2.3188  2.2451  36.1415  4.8185  2.5286  4.0037  11.409  0.208  4.2332  0.9393  4.6196  3.354  2.5912  3.6372  6.8837  1.8884  1.032  0.371  4.5967  3.8031  1.608  4.5249  12.0805  4.6055  0.2842  6.584  7.2146  2.6944  1.7789  3.24  2.2874  3.5081  1.4608  6.2029  3.4554  1.4577  
trainID = 1267  4.7958  2.8622  0.5943  3.7746  0.6129  0.3088  36.4275  1.7292  1.3524  2.0817  11.3166  6.0196  1.9219  0.7434  5.023  3.45  1.9582  0.2699  3.8536  3.0613  1.4099  1.21  2.9587  2.1581  0.2318  0.2311  0.5667  0.6728  3.4601  3.3664  5.6145  2.1029  0.79  1.0628  2.6376  1.8857  2.8168  2.6522  0.3338  0.5896  
trainID = 1274  3.8898  0.3635  2.8533  1.9746  1.9143  1.0152  2.7034  2.3502  1.105  3.4334  1.7215  1.5107  0.9797  2.8878  4.1964  1.8796  1.2721  1.3148  0.6182  4.6213  1.1252  1.6195  0.95  0.459  1.5591  0.5601  2.5337  2.7909  0.4104  4.3449  3.6096  0.3663  0.249  0.0938  2.614  4.6066  0.245  0.402  3.3455  3.3089  1.6877  1.7601  
trainID = 1377  3.945  4.3111  2.5223  3.5856  1.5006  0.0018  2.3684  0.6137  3.149  2.1327  2.1039  1.2326  8.4152  7.9495  1.0109  0.284  3.6467  2.7295  2.1592  1.3582  3.4737  0.3237  1.264  0.12  1.4061  2.0641  2.6452  0.999  1.3796  1.9779  2.4451  0.6839  5.3213  0.429  0.997  0.9202  3.5885  0.2754  2.182  1.5969  0.591  0.5036  
trainID = 1390  4.4513  1.7329  0.2332  2.4116  4.0667  0.4511  4.7144  1.4517  0.391  4.3657  1.4888  2.6885  3.7309  2.9882  5.3701  0.8251  0.9882  0.7729  0.5609  2.8837  4.7272  1.1841  1.606  1.176  2.0812  0.5274  1.5757  12.6287  10.8191  12.549  1.1097  5.0453  2.967  2.5305  0.173  7.0392  3.5958  1.7126  1.1458  2.2473  1.2782  3.7845  
trainID = 1393  6.075  0.298  1.0013  1.477  3.4672  2.7891  36.5035  6.178  2.664  3.4497  6.5488  5.1006  6.0876  0.8025  1.3683  2.5833  0.6602  3.2177  7.9427  0.5013  1.627  1.1021  3.1998  0.8672  2.2441  17.038  24.2578  7.9014  0.6063  8.1898  4.8638  3.3731  0.227  6.0097  7.3707  3.1732  1.3271  4.4163  2.08  4.3907  
trainID = 1396  3.2565  4.5251  1.9323  3.7336  3.7601  3.3171  3.2384  0.2925  0.014  4.1636  2.567  3.7987  6.1879  3.4552  6.9109  0.022  0.2602  1.7894  0.5062  4.6791  5.4791  35.3187  1.4953  3.6385  3.1043  21.7925  16.7723  14.4902  0.068  7.5015  3.4002  2.3145  1.4201  7.2012  4.228  0.731  0.4227  3.418  3.6445  3.0538  
trainID = 1406  4.7153  0.4419  2.8443  2.1933  2.7345  1.5951  4.0414  0.3888  0.51  3.9473  2.422  4.1227  4.7111  7.0126  7.7584  0.8196  2.7227  0.8549  1.0874  6.826  6.1047  34.0957  0.0994  0.9351  1.3327  29.6579  15.1487  9.348  0.9997  7.562  1.3864  1.6354  0.512  6.3902  3.02  1.612  0.4078  6.1248  3.7212  5.0799  
trainID = 1438  6.2281  1.0321  2.4993  4.3766  3.3878  3.7861  4.7504  2.094  4.36  5.6975  2.922  5.3727  7.2487  4.1408  7.581  0.0582  4.8721  2.9824  0.6902  4.6624  7.5857  36.4657  2.5523  0.4799  2.1438  33.6178  19.4695  10.2862  2.4419  10.6932  3.2997  2.5054  2.467  8.3842  5.5341  0.4138  1.9236  5.797  0.758  4.272  
trainID = 1579  3.0659  1.7886  1.1813  1.7926  0.1731  1.9381  3.1294  0.3942  1.076  4.6224  3.209  5.3367  3.1277  7.4301  5.5091  1.1156  1.8655  0.6612  1.6439  3.7594  2.6603  33.1317  0.3206  0.6751  1.8946  13.3891  4.3849  0.2159  0.863  3.1565  1.0907  0.6367  0.265  5.8921  3.2781  1.2571  4.6533  4.077  0.5333  3.6391  
trainID = 1598  2.3596  1.3153  2.6573  3.1346  0.2752  2.7431  3.8414  1.0705  0.207  2.4562  1.92  1.1316  1.9227  1.9331  5.0219  1.1326  1.0766  1.5783  0.2132  4.6734  2.838  1.2445  0.61  3.769  0.8223  0.1032  1.1474  7.1133  3.8278  6.5871  0.0353  2.4385  2.0577  0.3191  0.211  2.2955  0.5664  2.0887  0.8901  5.9063  1.7314  4.2811  
trainID = 1722  4.5138  3.491  0.5273  1.2729  0.0322  0.9592  2.9884  2.2759  1.972  1.6642  1.583  0.6583  4.5591  6.3367  2.3851  1.4483  3.6607  3.9612  0.5303  2.7937  2.569  1.6375  2.571  1.0449  2.9754  5.1177  2.5173  2.178  2.0311  3.6045  2.3462  0.8982  5.4544  0.9717  1.7551  0.1255  0.6333  1.7981  2.2346  3.078  1.1843  1.3114  
trainID = 1771  3.7405  2.7426  0.7263  0.8449  0.5347  1.8931  37.2545  2.9338  0.2101  4.0207  8.2548  0.953  4.5396  0.2824  3.279  3.3408  0.2532  3.4017  5.0195  1.493  1.156  1.2586  6.9077  3.512  0.1412  6.6112  7.5843  2.4412  0.3375  7.4877  4.2462  1.2057  1.9003  1.2395  3.4684  1.5534  1.7725  4.6885  0.7512  3.0665  
trainID = 1772  0.238  3.3298  1.5718  0.1681  0.7792  2.0453  1.7491  2.9594  2.1791  0.341  3.8448  2.915  3.4497  2.6563  4.4022  4.0315  0.1303  0.2461  0.6397  1.314  3.8336  2.0788  0.1774  0.026  0.33  0.1725  2.1423  3.3396  6.9586  5.3444  6.1978  0.2769  3.1857  3.1568  2.2841  0.376  2.8652  2.6355  0.1676  0.6521  2.2857  2.3989  2.4677  
trainID = 1789  4.0548  3.1279  0.2162  2.0069  0.9461  0.0833  36.7505  4.6402  0.3031  2.5773  7.2349  4.56  4.0439  2.5812  2.6475  1.1388  0.5592  0.6492  3.9185  1.1675  0.436  1.087  3.9464  0.4941  0.3025  6.7295  1.3249  1.6136  2.2714  0.2858  4.0119  2.5695  1.0679  1.3136  0.5569  2.865  1.8676  2.8026  2.3376  1.7931  
trainID = 1845  4.2923  0.1452  2.2743  1.031  4.2619  3.8081  35.7445  4.153  1.981  3.2987  9.0503  1.5401  4.0577  1.4497  3.7604  4.7402  1.9622  2.5764  4.6437  3.9134  0.468  1.597  3.259  2.2417  0.6521  10.6379  10.8885  3.3484  0.1379  7.6739  5.0712  3.6835  1.1881  2.8188  1.4271  2.4223  0.3445  3.0563  2.3419  4.4284  
trainID = 1883  2.5467  0.8298  0.8733  1.8205  1.0435  0.3127  1.1075  0.5093  1.4372  3.7463  2.237  1.9818  0.4036  7.725  3.6522  2.8091  0.1844  1.7829  0.9242  5.3397  0.4856  35.8397  0.2476  3.4451  5.1744  9.9103  3.1319  0.4491  1.1477  3.2013  0.0143  1.5245  1.139  4.3553  0.6547  1.2738  3.4465  3.3176  1.6344  2.2375  
trainID = 1918  2.109  3.5789  0.9529  0.7433  1.9498  1.3131  2.7591  3.5464  0.5616  1.49  2.5855  2.499  1.3695  6.1373  0.5934  3.4881  1.4554  0.9277  2.4403  3.1962  2.0783  3.7286  2.1921  1.328  2.076  0.6427  2.7574  0.0904  5.4159  3.4577  3.2238  1.5627  3.2673  3.6346  0.7267  0.8292  2.7802  3.3466  0.9643  0.6016  2.4301  0.9734  2.1425  
trainID = 1987  5.56  2.0689  1.6693  2.9606  2.5783  0.7063  2.7704  2.2684  1.311  3.0895  0.0344  2.2239  8.0688  4.6039  2.7163  3.6882  5.8622  2.2312  0.1432  0.9244  1.422  0.1233  0.8852  0.422  1.8295  2.8102  2.7046  0.4717  1.4832  2.5987  1.468  1.5903  7.3168  0.8303  2.2393  0.1861  2.3816  0.7494  1.4973  4.6263  1.7194  1.1263  
trainID = 2085  5.8134  0.4446  2.5333  2.0189  3.1267  1.7071  5.0164  0.3366  1.787  3.35  1.368  2.9977  4.2959  0.9257  6.3047  2.6495  2.912  2.3981  3.2922  4.1428  2.1257  0.1941  0.891  2.594  1.1311  0.7806  1.1308  9.8513  6.3094  7.7139  0.2433  4.8815  2.9361  1.1825  0.513  2.3863  1.424  1.018  0.0824  2.5091  2.1259  6.6947  
trainID = 2086  7.1863  1.4023  2.1413  5.2126  2.5589  1.9341  36.2505  5.1825  1.2376  4.9027  8.3318  1.9038  7.7711  1.0646  3.3677  4.6668  0.6878  1.928  7.1387  2.2755  0.8903  2.774  2.6672  1.3555  1.43  9.6317  19.422  0.2038  2.1845  5.7075  6.8054  3.0572  1.4461  2.8613  5.2865  2.2572  1.1676  5.6685  0.5125  2.8059  
trainID = 2144  8.2331  1.0396  2.6273  4.0636  4.3594  0.9597  36.0345  6.3843  3.9466  2.6956  12.1912  0.4125  6.9847  1.7941  3.6061  3.5849  0.2638  1.6078  4.722  0.0934  0.7667  2.178  4.547  4.0894  0.4352  8.8785  20.5909  8.2544  2.6965  5.271  6.2577  4.0535  1.2986  4.0284  4.2769  2.5105  1.3932  5.6617  1.6003  3.5395  
trainID = 2200  1.8722  1.2831  0.35  1.2768  1.6121  0.4396  3.7684  1.2836  1.761  3.5024  0.9349  0.0388  3.4566  1.5236  2.1251  1.646  1.8694  1.7868  3.5962  1.5724  1.2051  1.6948  2.678  0.18  2.2459  1.2284  0.2458  6.4838  0.2118  3.0282  1.0596  0.9269  3.9062  3.1646  1.1201  2.6355  0.2849  0.3019  0.1722  4.3523  0.1896  0.7488  
trainID = 2228  5.9204  1.6586  3.2073  5.8236  1.9279  1.4831  36.6735  3.1843  1.0477  1.9629  10.4531  0.705  5.1785  1.7479  5.0183  3.6662  0.2932  5.0338  3.7246  0.3847  1.7629  0.879  5.5081  3.5079  0.8797  8.0295  14.3591  2.0318  2.1923  6.3952  4.4431  5.7509  1.347  3.9566  1.6758  1.8561  1.2722  3.1576  2.2661  3.1275  
trainID = 2271  3.3911  2.4417  1.5643  3.0416  2.6781  0.8294  5.2454  2.5855  1.0645  1.8755  0.4221  1.665  3.0901  4.3587  4.2518  1.7354  1.8428  0.7004  0.6439  3.0994  3.0643  0.253  1.32  1.742  1.0773  1.4596  1.3789  7.5378  3.5672  8.1811  1.8829  7.0419  2.0187  1.263  2.408  3.3778  0.4321  2.3837  2.9217  4.0964  2.3694  0.2495  
trainID = 2281  7.1902  0.5845  0.7843  3.5776  1.3666  2.9941  35.2275  4.7236  1.2435  3.3567  9.561  0.3001  4.0031  1.8717  2.0124  5.2095  2.7172  2.9002  5.9907  1.6324  0.487  0.5506  2.1796  2.2669  0.4785  11.2569  18.4913  3.0125  1.0222  10.1347  5.4825  6.0686  1.25  3.2655  3.025  1.6432  0.0819  4.1418  1.5951  5.0739  
trainID = 2294  2.5677  1.0998  2.4823  2.5986  0.9304  0.1616  2.2864  1.265  0.026  5.4264  0.8933  1.7477  4.4735  2.7761  7.4482  0.3045  0.7865  0.708  1.2337  4.9765  6.0917  0.3439  0.5644  0.5676  2.1946  15.4513  10.744  12.1888  1.8768  5.4028  5.0098  1.1709  2.587  6.5612  3.0694  1.9051  0.1936  6.309  4.3263  4.8648  
trainID = 2319  0.483  5.2234  1.6165  1.5763  0.3107  2.7615  2.0011  3.1774  0.0161  0.902  2.7337  3.962  3.0657  0.7127  6.8697  7.2893  2.5177  0.5111  1.2497  1.3552  5.8598  1.4399  34.1067  1.2199  1.2639  3.8646  11.3041  5.7437  4.346  0.6665  6.3467  2.369  3.232  0.458  2.4593  4.7103  1.646  2.6666  4.1244  3.6695  2.9473  
trainID = 2349  1.9556  1.4483  2.8873  0.2664  1.3016  0.2116  3.8464  1.3029  0.754  0.2624  0.1289  4.5647  3.4564  1.4691  1.7997  1.3581  4.0634  0.0867  1.8032  1.605  2.4048  0.1582  0.492  2.233  1.7222  1.161  0.3307  4.3537  0.1773  2.0027  1.9584  1.5217  1.9951  1.7193  0.599  2.6317  2.7157  0.9921  3.8605  3.6957  0.0625  1.3845  
trainID = 2368  5.3597  1.3219  3.1023  3.7386  4.4341  1.1678  36.3885  6.4827  0.84  2.7078  8.2435  4.6012  4.7303  1.0455  2.7867  2.9032  0.3692  3.4181  4.761  1.6865  1.07  2.665  0.5476  0.4863  3.691  18.2298  26.6833  6.6884  1.0726  7.6785  5.2173  3.5982  0.7913  6.9552  7.7376  4.3762  2.7439  5.099  4.0304  6.9629  
trainID = 2444  5.4462  2.7222  1.5043  0.5594  1.1979  0.3878  2.3864  0.1563  1.149  3.3484  0.8587  0.3454  4.1545  0.6907  3.0718  2.5155  2.2034  2.2276  0.9842  1.2042  5.0748  3.139  0.68  1.821  4.4819  0.3794  0.7956  9.8815  3.897  5.1617  2.0032  5.2258  4.016  0.0807  1.062  2.3339  0.8561  0.9109  3.3487  2.9304  0.4986  2.1318  
trainID = 2488  3.4098  0.6826  3.1373  2.0219  0.2614  0.1706  4.6634  2.1569  2.948  1.9494  1.5097  0.0122  6.0116  1.2959  4.9492  1.9417  1.8993  4.3002  0.2492  1.0792  4.9151  0.1194  1.109  0.7643  2.6799  2.6068  1.5429  6.365  2.6133  2.714  0.1632  3.8135  1.3629  0.8176  0.761  3.4809  0.7401  0.5994  1.6041  1.6144  0.0541  2.1309  
trainID = 2523  3.8433  1.4823  1.9313  2.1974  1.3537  0.0895  5.4374  1.112  1.028  3.2449  1.743  0.7183  1.9844  3.4496  2.7716  0.0594  2.6574  2.3845  0.6043  2.4009  1.5302  1.7417  0.941  0.824  2.0728  2.1676  0.2764  5.0819  0.8567  2.5571  1.0716  1.1665  2.6963  1.146  1.2041  2.7045  0.7812  0.5962  2.0239  2.6923  0.0583  2.1632  
trainID = 2566  3.2334  1.112  0.1581  3.5356  0.1403  2.4091  1.1523  0.2231  1.9501  5.6073  2.626  3.0617  3.3158  2.2242  4.2152  1.5414  0.6621  1.0332  2.9242  3.6162  1.7358  1.3933  1.0597  3.041  1.2149  0.0523  0.9261  9.6116  6.7175  8.3099  1.9331  5.0834  1.8124  2.9244  0.746  1.3202  2.1789  1.1236  0.4778  2.4518  1.8174  3.0249  
trainID = 2598  3.2083  3.618  4.6383  3.5446  4.0574  0.608  3.4034  0.9039  2.618  6.1154  0.6753  2.6115  6.0415  4.961  5.0508  1.5548  0.7387  2.4135  0.2202  5.8659  5.0117  0.7286  0.7993  2.127  0.8352  0.1011  4.6295  18.2655  14.4474  17.0102  1.4476  8.1361  3.8486  5.1009  0.521  6.5122  3.651  0.6251  0.0366  3.3383  3.1409  2.909  
trainID = 2639  6.0261  3.6869  1.8943  0.9414  2.704  2.5541  35.1475  1.8675  1.4823  0.1639  8.6073  4.8828  4.557  1.1408  5.1159  3.6204  3.3702  1.0755  4.6274  1.4819  0.564  0.434  6.3688  2.4372  2.346  1.3616  0.4342  2.1459  2.2049  3.469  5.8993  1.4586  1.489  2.5644  1.4816  1.9005  1.6244  2.1644  1.0454  4.2208  
trainID = 2677  4.6925  2.3466  0.9203  2.3094  0.7845  1.5631  35.0375  4.9582  1.2014  0.3224  10.5653  0.8125  4.0894  2.6295  5.0333  3.8373  1.7092  1.0737  2.4296  2.2681  0.609  0.955  4.1723  3.334  1.6511  8.0283  7.8501  0.9122  3.5606  2.2416  5.2437  3.1976  1.8312  2.5581  1.1402  1.4223  2.0721  3.2772  1.2925  3.5728  
trainID = 2701  7.8601  1.0235  3.7153  5.0456  3.1165  0.3094  36.6295  6.7732  1.78  1.8318  6.8993  0.9982  3.9561  2.3736  4.8482  2.1872  1.1882  3.2249  5.1906  1.705  1.0221  1.734  4.8132  0.1052  1.8257  11.0179  15.736  4.9206  1.7449  7.6909  5.7323  5.8408  0.61  2.9628  1.9017  3.2077  1.236  4.7773  3.2288  0.5554  
trainID = 2733  2.6037  2.6516  2.2063  0.3714  0.0583  1.3097  0.8819  1.4696  0.415  1.0557  0.7179  0.805  4.4908  0.6896  4.2678  1.1607  2.2343  0.8122  2.6992  4.8044  1.2085  1.1839  2.515  1.533  0.8026  0.7559  2.9448  6.4999  2.0047  3.627  0.5808  3.2295  2.383  1.2238  1.736  1.2494  0.1523  1.8602  1.4795  5.6446  2.1244  2.9838  
trainID = 2750  4.7586  1.748  2.4473  1.7856  0.5755  0.3195  1.9804  0.4173  0.346  1.8171  2.131  0.2801  6.3947  1.8781  2.5933  1.3056  3.2786  4.0637  1.2552  1.7705  2.6545  0.4459  0.066  1.327  3.9371  4.2617  1.1518  4.3422  0.4676  2.9804  0.295  3.469  5.2595  2.0477  1.5459  0.3627  2.1515  1.6382  1.935  2.7167  0.1945  4.4118  
trainID = 2832  1.821  0.248  2.0883  2.1326  2.0569  0.532  2.0594  2.586  1.314  5.7094  2.819  3.8937  4.4954  1.9646  3.6532  1.3839  1.8868  1.9206  1.2672  4.4278  4.898  0.57  1.859  0.29  3.1964  2.8217  0.7003  12.6667  10.3969  13.5575  0.447  7.0073  4.1633  1.0254  1.575  5.8721  3.2561  2.5152  0.7336  5.9877  1.6509  1.595  
trainID = 2864  6.1469  1.4601  0.0022  1.9192  2.1434  0.1269  3.9474  2.7968  1.429  4.6619  1.784  1.2396  7.9116  1.0932  7.0151  1.0403  2.2213  1.0057  1.3822  3.0293  4.134  4.1151  1.2799  1.371  2.5488  2.3849  0.7284  8.966  7.8636  7.4958  0.497  6.4186  6.6603  3.2993  0.29  5.949  3.0544  0.2038  0.4009  4.7964  2.0766  0.346  
trainID = 2890  7.2371  0.6179  3.1313  1.1035  1.8735  2.6581  37.1065  4.738  0.3378  4.3097  9.7791  0.4246  9.0249  2.7149  1.7809  4.4459  3.6292  3.9609  4.917  2.444  0.591  0.707  5.0796  1.6681  0.0284  10.3901  17.6264  0.7201  0.201  7.5072  6.0123  5.8542  0.9418  3.6995  2.3715  3.7023  1.7579  4.7388  0.7606  2.2498  
trainID = 2901  6.2227  1.2391  0.1504  3.2556  3.537  1.6721  35.4305  3.418  0.0797  4.7217  6.1867  1.2852  3.3833  4.3909  1.7329  3.0418  2.5792  4.4764  3.8166  2.1719  0.088  1.973  3.0757  0.2757  1.7192  10.88  8.502  7.3345  1.6483  5.4659  3.5772  3.4026  1.21  3.5056  1.2135  2.3318  1.573  3.8631  0.946  3.9643  
trainID = 2939  3.6048  0.602  1.2863  1.7646  2.2307  2.0231  3.4224  0.4959  1.734  4.8067  2.905  2.7347  6.4037  2.7309  7.2459  0.8581  3.8196  1.5646  1.9942  4.8509  5.2334  0.2939  1.791  0.082  2.7958  0.7057  0.5473  8.7197  4.624  5.6809  0.8851  6.3089  3.1747  4.8475  0.379  2.1898  3.1941  0.3215  1.7585  5.7162  0.9254  3.2709  
TrainID = 1081  dbValue = 1.33612  nTestCell = 43  nTrainCell = 42  nDiff = 1  (X,Y) = (1875, 1075)  Position Error = 38.1182
TrainID = 1168  dbValue = 1.35957  nTestCell = 43  nTrainCell = 43  nDiff = 0  (X,Y) = (1935, 1085)  Position Error = 25.5539
TrainID = 645  dbValue = 1.36003  nTestCell = 43  nTrainCell = 43  nDiff = 0  (X,Y) = (1855, 1045)  Position Error = 63.9766
TrainID = 886  dbValue = 1.56428  nTestCell = 43  nTrainCell = 43  nDiff = 0  (X,Y) = (1855, 1075)  Position Error = 58.0775
TrainID = 333  dbValue = 1.65612  nTestCell = 43  nTrainCell = 43  nDiff = 0  (X,Y) = (1825, 1135)  Position Error = 108.227
TrainID = 518  dbValue = 1.6763  nTestCell = 43  nTrainCell = 43  nDiff = 0  (X,Y) = (1865, 1075)  Position Error = 48.0937
TrainID = 1030  dbValue = 1.71092  nTestCell = 43  nTrainCell = 42  nDiff = 1  (X,Y) = (1985, 1125)  Position Error = 89.4036
TrainID = 2349  dbValue = 1.73199  nTestCell = 43  nTrainCell = 42  nDiff = 1  (X,Y) = (1885, 1125)  Position Error = 59.9416
TrainID = 2200  dbValue = 1.75627  nTestCell = 43  nTrainCell = 42  nDiff = 1  (X,Y) = (1905, 1155)  Position Error = 83.3847
TrainID = 1094  dbValue = 1.76097  nTestCell = 43  nTrainCell = 40  nDiff = 3  (X,Y) = (1955, 1015)  Position Error = 70.8025
TrainID = 374  dbValue = 1.80564  nTestCell = 43  nTrainCell = 40  nDiff = 3  (X,Y) = (1995, 1095)  Position Error = 85.1645
TrainID = 2523  dbValue = 1.82968  nTestCell = 43  nTrainCell = 42  nDiff = 1  (X,Y) = (1905, 1145)  Position Error = 73.437
TrainID = 636  dbValue = 1.84708  nTestCell = 43  nTrainCell = 42  nDiff = 1  (X,Y) = (1895, 1175)  Position Error = 104.561
TrainID = 321  dbValue = 1.85708  nTestCell = 43  nTrainCell = 42  nDiff = 1  (X,Y) = (1855, 1145)  Position Error = 93.2363
TrainID = 571  dbValue = 1.85972  nTestCell = 43  nTrainCell = 42  nDiff = 1  (X,Y) = (1825, 1045)  Position Error = 92.0489
TrainID = 944  dbValue = 1.88991  nTestCell = 43  nTrainCell = 42  nDiff = 1  (X,Y) = (1855, 1135)  Position Error = 85.6329
TrainID = 1274  dbValue = 1.93443  nTestCell = 43  nTrainCell = 42  nDiff = 1  (X,Y) = (1975, 1135)  Position Error = 88.3912
TrainID = 2733  dbValue = 1.98637  nTestCell = 43  nTrainCell = 42  nDiff = 1  (X,Y) = (1935, 1175)  Position Error = 105.323
TrainID = 345  dbValue = 2.05001  nTestCell = 43  nTrainCell = 42  nDiff = 1  (X,Y) = (1795, 1105)  Position Error = 122.528
TrainID = 346  dbValue = 2.073  nTestCell = 43  nTrainCell = 42  nDiff = 1  (X,Y) = (1795, 1075)  Position Error = 118.038
TrainID = 715  dbValue = 2.07665  nTestCell = 43  nTrainCell = 42  nDiff = 1  (X,Y) = (1795, 1055)  Position Error = 119.218
TrainID = 2488  dbValue = 2.0767  nTestCell = 43  nTrainCell = 42  nDiff = 1  (X,Y) = (1885, 1195)  Position Error = 126.147
TrainID = 2750  dbValue = 2.11447  nTestCell = 43  nTrainCell = 42  nDiff = 1  (X,Y) = (1855, 1195)  Position Error = 135.989
TrainID = 1028  dbValue = 2.13527  nTestCell = 43  nTrainCell = 42  nDiff = 1  (X,Y) = (1825, 1065)  Position Error = 88.278
TrainID = 1772  dbValue = 2.14753  nTestCell = 43  nTrainCell = 43  nDiff = 0  (X,Y) = (1985, 1185)  Position Error = 133.989
TrainID = 1377  dbValue = 2.14779  nTestCell = 43  nTrainCell = 42  nDiff = 1  (X,Y) = (1825, 1135)  Position Error = 108.227
TrainID = 1598  dbValue = 2.1797  nTestCell = 43  nTrainCell = 42  nDiff = 1  (X,Y) = (1945, 1185)  Position Error = 117.444
TrainID = 885  dbValue = 2.18212  nTestCell = 43  nTrainCell = 40  nDiff = 3  (X,Y) = (1915, 975)  Position Error = 97.0206
TrainID = 1918  dbValue = 2.1848  nTestCell = 43  nTrainCell = 43  nDiff = 0  (X,Y) = (1905, 1175)  Position Error = 103.31
TrainID = 1722  dbValue = 2.27739  nTestCell = 43  nTrainCell = 42  nDiff = 1  (X,Y) = (1845, 1165)  Position Error = 115.209
TrainID = 1987  dbValue = 2.28478  nTestCell = 43  nTrainCell = 42  nDiff = 1  (X,Y) = (1815, 1165)  Position Error = 135.104
TrainID = 2444  dbValue = 2.32914  nTestCell = 43  nTrainCell = 42  nDiff = 1  (X,Y) = (1915, 1195)  Position Error = 123.016
TrainID = 402  dbValue = 2.46257  nTestCell = 43  nTrainCell = 43  nDiff = 0  (X,Y) = (1775, 1015)  Position Error = 149.308
TrainID = 2566  dbValue = 2.46898  nTestCell = 43  nTrainCell = 42  nDiff = 1  (X,Y) = (1955, 1205)  Position Error = 139.474
TrainID = 804  dbValue = 2.4898  nTestCell = 43  nTrainCell = 40  nDiff = 3  (X,Y) = (1845, 1205)  Position Error = 149.375
TrainID = 2271  dbValue = 2.53698  nTestCell = 43  nTrainCell = 42  nDiff = 1  (X,Y) = (1955, 1185)  Position Error = 120.553
TrainID = 619  dbValue = 2.5551  nTestCell = 43  nTrainCell = 40  nDiff = 3  (X,Y) = (1995, 1085)  Position Error = 83.0241
TrainID = 398  dbValue = 2.72809  nTestCell = 43  nTrainCell = 40  nDiff = 3  (X,Y) = (1895, 945)  Position Error = 128.269
TrainID = 2085  dbValue = 2.76522  nTestCell = 43  nTrainCell = 42  nDiff = 1  (X,Y) = (1965, 1215)  Position Error = 152.161
TrainID = 2939  dbValue = 2.8696  nTestCell = 43  nTrainCell = 42  nDiff = 1  (X,Y) = (1925, 1245)  Position Error = 173.416
TrainID = 718  dbValue = 2.8823  nTestCell = 43  nTrainCell = 40  nDiff = 3  (X,Y) = (1855, 935)  Position Error = 148.772
TrainID = 589  dbValue = 2.96767  nTestCell = 43  nTrainCell = 42  nDiff = 1  (X,Y) = (1805, 965)  Position Error = 152.03
TrainID = 2864  dbValue = 3.02943  nTestCell = 43  nTrainCell = 42  nDiff = 1  (X,Y) = (1935, 1255)  Position Error = 184.318
TrainID = 1390  dbValue = 3.04929  nTestCell = 43  nTrainCell = 42  nDiff = 1  (X,Y) = (1975, 1245)  Position Error = 183.774
TrainID = 1789  dbValue = 3.0721  nTestCell = 43  nTrainCell = 40  nDiff = 3  (X,Y) = (1855, 1205)  Position Error = 145.097
TrainID = 1883  dbValue = 3.09742  nTestCell = 43  nTrainCell = 40  nDiff = 3  (X,Y) = (2035, 1135)  Position Error = 137.306
TrainID = 2832  dbValue = 3.21535  nTestCell = 43  nTrainCell = 42  nDiff = 1  (X,Y) = (1985, 1235)  Position Error = 178.194
TrainID = 1267  dbValue = 3.22271  nTestCell = 43  nTrainCell = 40  nDiff = 3  (X,Y) = (1815, 1175)  Position Error = 142.172
TrainID = 1067  dbValue = 3.28331  nTestCell = 43  nTrainCell = 42  nDiff = 1  (X,Y) = (1975, 1245)  Position Error = 183.774
TrainID = 997  dbValue = 3.28944  nTestCell = 43  nTrainCell = 42  nDiff = 1  (X,Y) = (1945, 1255)  Position Error = 185.777
TrainID = 742  dbValue = 3.37714  nTestCell = 43  nTrainCell = 40  nDiff = 3  (X,Y) = (1735, 985)  Position Error = 198.124
TrainID = 2294  dbValue = 3.39038  nTestCell = 43  nTrainCell = 40  nDiff = 3  (X,Y) = (2005, 1245)  Position Error = 195.941
TrainID = 1579  dbValue = 3.47085  nTestCell = 43  nTrainCell = 40  nDiff = 3  (X,Y) = (2035, 1185)  Position Error = 166.292
TrainID = 2639  dbValue = 3.51403  nTestCell = 43  nTrainCell = 40  nDiff = 3  (X,Y) = (1845, 1205)  Position Error = 149.375
TrainID = 714  dbValue = 3.60996  nTestCell = 43  nTrainCell = 40  nDiff = 3  (X,Y) = (1865, 1255)  Position Error = 189.19
TrainID = 1771  dbValue = 3.67619  nTestCell = 43  nTrainCell = 40  nDiff = 3  (X,Y) = (1875, 1275)  Position Error = 206.526
TrainID = 985  dbValue = 3.68738  nTestCell = 43  nTrainCell = 40  nDiff = 3  (X,Y) = (1865, 1265)  Position Error = 198.879
TrainID = 2677  dbValue = 3.68764  nTestCell = 43  nTrainCell = 40  nDiff = 3  (X,Y) = (1845, 1265)  Position Error = 204.629
TrainID = 572  dbValue = 3.72116  nTestCell = 43  nTrainCell = 40  nDiff = 3  (X,Y) = (1935, 935)  Position Error = 138.755
TrainID = 2319  dbValue = 3.72632  nTestCell = 43  nTrainCell = 41  nDiff = 2  (X,Y) = (2035, 1185)  Position Error = 166.292
TrainID = 522  dbValue = 3.90108  nTestCell = 43  nTrainCell = 43  nDiff = 0  (X,Y) = (1795, 915)  Position Error = 196.4
TrainID = 671  dbValue = 3.94603  nTestCell = 43  nTrainCell = 40  nDiff = 3  (X,Y) = (1885, 1255)  Position Error = 185.13
TrainID = 2598  dbValue = 3.95408  nTestCell = 43  nTrainCell = 42  nDiff = 1  (X,Y) = (1995, 1275)  Position Error = 218.936
TrainID = 2901  dbValue = 3.98353  nTestCell = 43  nTrainCell = 40  nDiff = 3  (X,Y) = (1925, 1255)  Position Error = 183.393
TrainID = 1845  dbValue = 4.15927  nTestCell = 43  nTrainCell = 40  nDiff = 3  (X,Y) = (1905, 1275)  Position Error = 203.158
TrainID = 787  dbValue = 4.16395  nTestCell = 43  nTrainCell = 43  nDiff = 0  (X,Y) = (1765, 915)  Position Error = 215.761
TrainID = 1000  dbValue = 4.16819  nTestCell = 43  nTrainCell = 40  nDiff = 3  (X,Y) = (1855, 905)  Position Error = 176.785
TrainID = 1076  dbValue = 4.26089  nTestCell = 43  nTrainCell = 40  nDiff = 3  (X,Y) = (1875, 1285)  Position Error = 216.363
TrainID = 2228  dbValue = 4.33733  nTestCell = 43  nTrainCell = 40  nDiff = 3  (X,Y) = (1875, 1295)  Position Error = 226.214
TrainID = 1258  dbValue = 4.37859  nTestCell = 43  nTrainCell = 41  nDiff = 2  (X,Y) = (1855, 1305)  Position Error = 240.11
TrainID = 2281  dbValue = 4.46886  nTestCell = 43  nTrainCell = 40  nDiff = 3  (X,Y) = (1925, 1305)  Position Error = 233.309
TrainID = 2701  dbValue = 4.53299  nTestCell = 43  nTrainCell = 40  nDiff = 3  (X,Y) = (1925, 1295)  Position Error = 223.323
TrainID = 2890  dbValue = 4.57106  nTestCell = 43  nTrainCell = 40  nDiff = 3  (X,Y) = (1905, 1305)  Position Error = 233.137
TrainID = 413  dbValue = 4.63164  nTestCell = 43  nTrainCell = 40  nDiff = 3  (X,Y) = (1875, 1305)  Position Error = 236.078
TrainID = 2086  dbValue = 4.63198  nTestCell = 43  nTrainCell = 40  nDiff = 3  (X,Y) = (1905, 1305)  Position Error = 233.137
TrainID = 1149  dbValue = 4.9183  nTestCell = 43  nTrainCell = 40  nDiff = 3  (X,Y) = (1835, 875)  Position Error = 211.88
TrainID = 1406  dbValue = 4.92307  nTestCell = 43  nTrainCell = 40  nDiff = 3  (X,Y) = (2025, 1285)  Position Error = 240.651
TrainID = 1396  dbValue = 4.9476  nTestCell = 43  nTrainCell = 40  nDiff = 3  (X,Y) = (2015, 1275)  Position Error = 227.185
TrainID = 2144  dbValue = 4.9483  nTestCell = 43  nTrainCell = 40  nDiff = 3  (X,Y) = (1905, 1355)  Position Error = 283.113
TrainID = 1393  dbValue = 5.07452  nTestCell = 43  nTrainCell = 40  nDiff = 3  (X,Y) = (1975, 1305)  Position Error = 241.108
TrainID = 613  dbValue = 5.11401  nTestCell = 43  nTrainCell = 40  nDiff = 3  (X,Y) = (1895, 1345)  Position Error = 273.593
TrainID = 2368  dbValue = 5.41033  nTestCell = 43  nTrainCell = 40  nDiff = 3  (X,Y) = (1985, 1315)  Position Error = 253.442
TrainID = 1438  dbValue = 5.99583  nTestCell = 43  nTrainCell = 40  nDiff = 3  (X,Y) = (2015, 1295)  Position Error = 245.22
