trainID = 322  0.7313  1.7887  2.698  1.6485  0.5315  2.7154  0.247  0.3272  2.04  1.4199  0.9001  3.405  2.4504  1.7604  0.3459  0.498  2.0445  1.6196  1.4966  1.1099  0.4126  0.4408  0.108  1.8042  2.9138  0.1893  1.0094  0.1812  2.3916  0.6851  1.0946  3.2099  0.9141  2.1755  2.3839  1.1722  3.1062  0.4983  1.1837  2.6579  1.4029  1.4822  
trainID = 323  0.027  2.2719  5.3417  0.3598  1.1842  3.9652  1.9317  0.092  0.0904  3.286  0.3156  3.09  4.9468  0.6262  12.4967  4.2368  3.2103  7.3362  1.383  0.7357  3.7742  1.471  36.7213  5.4796  5.2831  5.4941  11.6385  7.0065  0.1183  2.7377  7.4288  2.7049  1.8147  0.821  5.7075  11.2389  0.9101  3.7617  2.6555  4.1337  2.4088  32.8213  
trainID = 326  0.3664  2.7621  1.636  0.9848  3.9656  1.264  0.029  0.1548  2.146  4.0817  3.805  4.9178  4.7945  9.5238  5.1774  1.1091  3.7424  1.9666  1.9686  3.3028  3.164  4.186  0.756  0.909  1.7365  2.862  2.5373  15.8063  16.8748  14.7189  1.3585  10.7491  1.6434  4.1078  1.488  9.0431  11.7834  2.974  1.4698  0.0032  2.9073  0.0808  35.6378  
trainID = 327  1.9764  1.8533  1.4199  1.9306  1.6721  1.0166  1.7497  3.1454  3.555  3.6659  0.5845  1.9734  5.4846  2.3232  1.8008  0.2109  0.2348  1.1855  2.5206  0.3116  0.5127  1.0784  0.011  2.3457  2.0768  0.0693  0.6301  0.5308  1.4171  2.5397  2.3725  0.1722  3.0988  0.9954  0.355  0.9531  3.1418  1.2391  0.5499  1.0726  0.485  1.8815  
trainID = 364  1.721  2.7413  0.0655  1.8871  0.7862  0.4513  1.5385  1.331  0.759  3.885  1.2412  0.1546  3.6567  0.5765  1.7722  0.1134  0.6439  0.1263  1.3382  1.1596  1.3106  1.3082  0.0209  0.845  0.967  4.0282  1.0691  0.4338  0.4628  0.4552  0.4259  3.627  0.9  0.9309  1.8157  3.7068  2.129  4.7013  1.8884  0.4798  2.1429  0.9365  0.1814  
trainID = 394  0.588  0.4416  3.2276  2.1698  1.7485  0.3763  1.0552  0.573  0.6867  5.2231  0.2682  1.3694  3.8283  4.7115  2.282  2.4084  0.4176  1.5486  0.722  2.7646  1.902  0.8636  0.6572  1.201  1.1697  5.7495  2.5767  0.8867  3.3146  0.3481  1.7678  3.0939  1.5321  1.8624  2.4704  2.157  2.5739  1.1671  2.7424  0.5804  1.181  0.8999  1.5078  
trainID = 415  0.437  2.6442  1.353  2.8612  1.4011  2.2894  0.242  1.1412  3.001  0.2684  0.4065  0.3039  0.1496  5.4848  1.4858  1.8241  2.7585  2.9436  1.4228  2.0336  1.0391  3.0117  2.157  0.44  1.4761  0.079  0.1207  3.5336  4.6791  3.1214  0.5328  3.9639  0.008  3.7112  0.532  4.4325  7.4242  0.5068  1.4927  0.0011  0.0174  1.1413  
trainID = 419  33.9239  1.295  6.9126  0.264  4.6864  1.2777  3.2237  4.043  2.4019  0.8927  2.576  5.1859  1.4786  0.2475  16.4861  2.2985  12.8546  1.7533  4.1335  8.5264  1.1876  2.5905  3.8247  1.0325  1.2519  1.471  10.5879  2.3164  7.3185  3.6042  4.6732  6.8124  3.74  3.9782  0.554  1.1381  1.184  2.0346  2.8085  2.0778  0.1736  3.9209  3.2769  1.4411  
trainID = 423  2.0229  4.3689  2.014  3.5982  2.441  0.002  2.904  0.0279  2.207  1.6229  2.941  4.1444  5.0525  8.2081  7.1704  0.1536  4.0457  3.8263  1.1266  4.3354  5.635  0.9913  3.093  0.47  4.0801  0.6636  1.7027  9.9122  12.4485  7.6626  0.4185  9.9297  1.6431  3.3635  3.494  7.1109  8.9985  1.5862  0.079  1.6698  2.1798  1.3264  35.3829  
trainID = 479  2.1015  2.2077  0.307  1.2377  0.2718  0.6607  1.0005  0.5291  3.19  0.4819  2.2895  1.75  2.391  8.3204  1.785  2.3435  3.5659  1.2832  1.6816  1.2909  0.8601  1.8535  0.954  1.349  3.4702  2.7456  0.4889  0.1988  1.1196  1.0433  0.2094  1.0321  0.3679  2.4669  1.333  1.7591  5.3176  0.4033  0.0182  2.1359  1.2679  0.2765  0.957  
trainID = 556  0.9447  2.5717  0.488  0.3201  1.3702  1.2996  1.349  1.9843  5.7779  0.9316  0.5486  2.7463  3.4967  6.2778  3.7622  1.4175  3.5099  5.1162  1.2126  4.0078  4.3216  0.3632  0.377  0.019  2.9538  2.0282  1.8309  7.5064  9.2678  5.6606  0.257  6.6714  2.0527  4.1904  2.7212  6.0044  7.0698  1.0932  0.954  0.5641  3.1256  2.1192  35.6856  
trainID = 563  1.2412  2.5614  0.1714  0.7032  1.2394  1.2912  2.084  1.5252  3.049  0.915  0.3854  3.1251  3.2575  3.5162  0.8848  0.7861  1.353  2.4115  2.1496  3.2326  0.8546  0.475  1.277  0.051  3.3506  0.0494  1.3733  1.1476  5.3307  0.2649  2.5104  2.4269  1.9758  3.8041  1.772  3.3338  6.7083  0.6275  0.2442  0.1073  1.5469  0.7119  0.027  
trainID = 570  0.724  2.0277  3.1584  3.2761  0.994  0.0974  3.6803  1.775  1.9638  5.2647  1.7516  2.654  1.7645  2.9901  1.8654  2.7837  1.0983  0.955  0.6213  2.1016  0.3925  1.0561  1.0662  0.661  1.459  2.7892  0.7669  2.8176  0.9733  2.4368  2.0455  1.1489  0.6795  1.2323  1.5562  1.236  1.0175  2.9807  2.6147  0.2509  1.6044  0.9339  1.9342  
trainID = 576  33.3652  1.798  5.5323  3.8873  2.5999  0.1658  2.5705  5.0492  0.943  1.3047  6.1052  2.4804  0.2394  0.7147  12.3165  11.584  2.1875  0.7237  1.472  6.5455  1.4796  1.6807  3.976  3.3196  0.664  1.905  4.9073  5.4187  0.7286  1.2568  2.063  3.4658  2.6055  2.8434  1.2149  2.5968  1.2567  0.4931  2.4729  1.3179  3.3228  0.825  
trainID = 606  1.4782  3.6504  2.581  2.8372  4.7829  1.156  0.805  0.4896  2.29  3.9088  5.881  7.7488  1.8123  11.6124  5.1508  1.275  2.7002  1.9676  0.9696  3.5943  1.3126  2.0432  0.79  1.122  3.5432  2.4326  4.6796  11.1107  15.3984  11.3529  1.5515  9.5599  0.7214  5.2954  0.434  7.4263  10.9212  1.663  2.6279  3.0698  1.4482  4.0201  33.3763  
trainID = 607  0.342  2.225  4.1717  0.9068  1.138  0.5796  0.7298  2.592  1.312  0.5659  5.1678  0.5278  0.3321  0.9588  3.4082  5.4752  5.2582  1.3743  3.9373  3.1532  0.5336  2.4632  3.4321  1.3193  0.212  0.035  6.7214  0.405  3.8559  2.5885  2.4921  6.7917  2.2217  0.9285  0.9591  0.7075  1.931  0.6227  1.2103  2.8168  0.2943  2.9449  0.791  1.5263  
trainID = 651  1.539  4.7389  4.3241  0.4296  1.1251  2.6531  1.7436  0.312  3.1227  5.4995  2.5995  1.7182  4.6328  8.5645  8.5222  0.2058  3.9267  0.2208  3.1293  0.3386  0.2341  1.9253  0.5319  0.588  0.257  6.4756  2.5666  0.6074  2.5704  1.0478  3.3537  0.8702  3.3565  2.9213  0.2141  1.393  3.7267  4.1314  3.3924  0.9512  1.12  0.4427  1.8671  
trainID = 717  1.2871  2.0226  0.391  4.6882  1.5655  1.5985  2.218  0.9314  5.2368  1.1411  1.418  2.1628  2.436  5.6313  1.9584  1.2755  2.9298  2.5346  1.2086  2.207  3.8185  0.4989  0.59  0.602  0.1273  1.9114  2.6491  6.8093  7.2968  1.307  0.0607  5.8338  4.4464  4.0533  4.2516  5.2889  5.9954  2.9712  0.2175  0.2689  1.1279  1.723  0.707  
trainID = 724  0.007  0.601  3.9562  2.3588  2.5057  1.1072  0.9266  2.5106  0.596  2.6348  3.275  0.1153  0.4698  0.3323  4.0556  2.0473  2.7098  0.9168  0.9704  0.4191  1.5446  1.4556  3.8438  1.8099  0.75  2.25  4.4452  0.6334  0.2058  0.7463  0.6188  0.674  3.202  1.4676  3.3946  0.2904  1.236  1.043  2.7032  1.7705  0.8536  0.154  1.9069  0.3821  
trainID = 761  1.0931  1.014  0.017  2.2386  0.2328  0.234  0.673  2.2622  2.146  1.5287  0.6952  0.5044  4.5836  2.6833  0.9205  0.5167  2.5485  2.3125  3.2206  1.5123  1.838  1.0716  0.686  0.669  1.6664  0.5462  0.2144  1.1942  2.3762  1.1203  0.5145  3.0803  3.573  1.847  0.208  0.2936  2.4691  2.7365  0.3333  1.5482  1.1099  0.2128  
trainID = 794  3.363  4.9004  5.2289  0.4463  3.1127  0.5153  3.5526  0.793  0.2705  5.7418  2.0826  1.0083  3.3029  6.6187  9.5534  1.4991  1.6027  4.123  0.0669  0.3231  2.5651  1.1336  0.7465  2.745  1.1086  6.2949  2.7679  5.1169  0.9019  2.4827  1.2521  1.1336  0.1428  1.2496  0.4869  0.486  3.5275  2.8915  2.6916  2.5591  1.1062  0.2669  0.6316  0.387  
trainID = 836  1.644  1.2073  3.5213  0.453  1.1888  2.0645  4.0726  2.038  0.0241  1.715  0.5939  2.2611  3.9843  3.4777  9.0724  1.7588  2.2425  0.6845  0.6906  0.7798  2.8432  1.1115  1.5324  2.825  1.0786  5.8117  3.8384  2.3417  2.7482  3.9788  1.9145  0.8203  3.2506  3.0861  0.629  1.451  3.8917  6.356  1.3908  0.0895  1.7864  0.2183  0.4454  0.431  
trainID = 839  0.8625  0.5419  1.6555  2.698  1.0141  0.143  2.085  1.3029  3.617  2.6975  0.0695  2.6256  6.1008  0.6797  0.5119  1.4008  1.4387  2.5465  4.3076  1.7054  2.0221  0.2802  0.232  0.283  2.4915  2.2242  0.8426  0.1826  0.6719  0.0333  1.5573  1.8142  3.0574  0.7917  2.7407  1.5353  0.1913  0.0222  3.8102  2.1989  0.545  0.536  
trainID = 851  4.2218  1.7487  2.4992  0.655  0.5332  4.7422  0.105  2.64  5.5569  2.0117  0.4841  2.2834  3.8809  1.5898  0.6797  1.6665  0.0938  0.0955  2.5386  1.5517  1.6712  0.521  1.2014  0.097  4.7522  0.9374  0.3013  0.234  1.1133  1.2385  1.8525  0.6739  0.6335  1.3266  0.874  3.0335  0.8711  3.1454  1.5174  3.2369  1.4189  1.669  
trainID = 873  32.1962  2.926  5.1851  0.7245  1.3191  1.4431  2.5613  3.8807  1.6903  1.8412  3.591  3.8979  0.9458  0.9229  12.3821  5.2653  5.7662  3.3113  0.4526  4.5923  1.4976  1.0858  0.5883  0.8494  3.0526  0.266  4.8656  4.7492  2.2202  2.81  0.1522  4.3856  3.987  2.4833  0.1432  0.8031  1.233  2.3064  0.9147  1.7237  3.5458  2.2299  0.2203  0.2141  
trainID = 927  0.637  0.6362  3.5458  1.771  3.1262  3.6844  0.4237  0.079  1.1286  2.927  1.6757  0.5806  1.4991  1.5686  8.0676  4.6199  1.3947  1.0637  1.8916  1.1368  4.991  4.4474  0.6106  2.039  2.196  0.4884  1.8565  0.6486  8.4735  10.6905  6.7867  1.3909  10.3814  0.3717  3.9417  2.3149  6.3023  9.3256  0.8107  1.9877  0.9074  0.9181  0.0183  36.4041  
trainID = 975  33.2522  0.355  4.1168  0.8584  1.7835  1.4365  0.7863  1.4964  0.259  1.0723  2.946  2.7135  0.665  1.4661  8.2613  0.7101  6.2394  1.0915  1.5617  3.7363  0.5386  0.167  2.9384  2.7319  1.6559  1.0096  7.7085  4.0153  3.9909  3.1842  2.117  4.2828  4.643  0.3662  0.4238  0.5072  1.103  0.133  0.7209  3.3553  0.101  4.7129  2.2689  0.6525  
trainID = 1003  2.1269  2.8039  2.4088  2.1854  0.3112  4.8559  1.372  0.7176  0.735  2.2251  0.3561  4.2546  4.7611  0.5445  1.0979  0.0134  1.5752  1.2423  1.7806  0.9018  1.4747  0.1193  2.9973  0.28  2.4795  1.2951  2.1775  1.2405  3.5934  0.0429  2.0178  1.6167  1.8756  4.4518  0.634  1.3009  5.3265  0.2398  1.5019  1.1009  0.7408  3.0286  
trainID = 1027  3.203  2.657  4.4445  0.6366  0.4033  1.1946  2.061  0.228  1.4534  4.05  0.0937  1.612  2.3293  7.7415  8.0755  2.0284  2.2379  2.8863  2.2814  1.4156  2.0484  2.0288  2.4549  2.0038  0.401  4.1844  2.5744  3.6144  0.6667  1.3666  1.6661  1.4684  0.5148  1.0428  1.8933  0.858  3.1913  5.3586  0.829  0.6733  4.2349  0.1343  1.2551  0.476  
trainID = 1085  3.9985  0.6659  2.418  3.1102  0.685  2.2711  1.606  0.9658  4.09  3.0671  0.189  0.3377  0.421  4.3987  5.4644  0.2884  1.2417  4.9106  2.7206  0.8129  1.9642  0.8704  2.6845  0.272  6.4382  3.4406  2.2577  0.5435  1.8954  3.0088  3.748  1.0299  1.721  0.0294  2.3088  1.448  0.9046  1.5584  2.2309  2.1449  3.3419  1.0145  
trainID = 1112  32.6873  1.618  3.3333  2.5795  4.555  1.732  0.6594  4.5586  1.273  2.0192  5.5548  1.2227  0.8319  0.9214  10.7341  7.3634  4.666  1.8468  1.0409  3.4667  0.5116  0.9916  1.614  0.1099  0.364  0.018  5.8083  5.4903  0.2403  0.8911  1.3944  2.3081  2.0851  0.3126  0.6359  0.4057  1.281  0.7051  0.5194  4.0279  1.6937  2.8599  1.2639  0.6822  
trainID = 1157  0.2833  1.2923  0.108  1.2156  0.7788  0.287  1.001  0.751  3.423  1.5156  0.4493  0.994  5.3689  1.9976  0.6566  1.1934  1.0341  0.1225  2.3196  0.0194  2.275  0.1621  3.7648  0.9669  2.751  1.4127  0.081  0.186  0.2177  1.3062  1.9556  2.6653  1.883  1.5568  0.321  0.9059  1.3995  0.601  1.8984  0.588  0.782  0.2025  
trainID = 1222  2.467  2.0544  1.0756  0.1474  0.9053  0.4676  1.3698  1.4899  5.0639  0.0097  1.7452  3.9331  0.4452  5.9966  1.181  0.5223  1.0983  1.8628  0.7186  2.2242  0.2974  0.2311  0.577  1.167  4.3426  0.9879  3.4017  1.4292  2.8339  0.1014  0.664  1.4813  1.6023  1.4771  1.25  4.6301  4.2455  1.0863  1.4808  1.3556  0.5049  1.3601  
trainID = 1286  0.0679  4.1882  0.717  3.4792  2.1835  2.076  0.118  0.5126  4.405  1.4764  5.173  2.8533  2.1516  10.4235  4.2088  0.0653  5.1148  0.314  1.8316  1.6984  5.0155  2.5998  0.308  0.007  4.4109  1.4992  3.4605  12.1301  9.4276  9.2761  0.0797  6.0707  0.5845  3.3705  0.368  9.1861  10.4003  0.3346  0.2683  3.7814  3.6267  2.723  35.2524  
trainID = 1303  34.8696  1.196  5.9315  0.5814  4.3796  0.1193  1.8695  4.89  1.3371  1.7207  5.6754  4.9902  1.4776  1.0328  18.0156  3.6142  9.9462  0.8505  3.8705  7.2845  1.1906  1.9292  2.9474  1.6375  1.435  1.2088  7.9292  4.8826  6.4181  4.1299  3.342  5.7287  3.1435  3.8565  2.3994  2.6726  0.333  0.4428  1.4392  3.6349  2.2779  2.8989  2.0899  1.9632  
trainID = 1314  0.307  0.5921  2.944  2.367  5.2272  4.7816  1.772  33.4066  0.8404  0.1304  4.5898  6.9941  6.92  6.2169  0.5338  3.9998  2.6951  1.1816  1.824  5.825  1.5837  1.1641  1.587  2.3566  0.581  0.0449  8.0033  19.8265  0.1597  1.8018  8.8315  4.3624  7.5943  4.1995  3.753  10.7269  3.9282  0.7769  1.4213  2.5702  1.4826  35.8987  
trainID = 1347  3.017  4.4802  0.5053  1.6128  3.5061  1.3479  0.381  0.6488  3.009  2.1397  1.4518  4.6088  0.2653  4.2838  2.2419  0.0033  2.3169  2.936  0.0772  0.608  0.4148  0.3934  0.913  0.115  3.5648  0.2288  0.058  2.2273  5.2896  1.4345  1.8997  4.4796  0.7992  2.6601  2.9688  4.2294  7.1445  1.2042  0.5009  1.5087  1.608  0.1301  0.698  
trainID = 1428  32.121  37.8893  9.4203  4.5285  3.0591  1.687  5.1845  7.5213  0.8059  2.5129  4.367  0.1586  0.5397  2.4807  13.7509  9.0368  6.417  3.1033  0.9946  11.565  0.3479  0.9574  6.2957  2.632  0.709  1.212  8.4416  3.1726  1.1277  5.389  2.6411  5.745  1.5656  3.7619  2.1148  4.3549  2.2611  0.7208  4.0669  1.0769  3.5317  1.053  
trainID = 1560  1.834  1.8476  1.0926  0.206  0.7996  0.0854  3.1955  2.6249  1.0726  2.433  3.4205  1.805  0.4879  4.6992  1.4656  4.1251  0.0503  0.3765  1.7692  3.6606  1.3995  1.8185  0.2198  1.17  1.922  4.9983  2.2966  2.2473  0.5606  0.8625  3.9903  2.4209  0.079  2.5689  1.2983  0.89  0.5844  1.4853  0.9654  0.3887  1.5772  0.9829  1.666  
trainID = 1586  33.2845  38.0231  5.4019  0.9295  2.0976  0.4872  4.432  6.1304  0.183  2.4013  5.6231  3.5727  0.2946  1.6604  16.0059  8.2699  8.5478  2.6805  4.8171  5.4605  1.5306  1.609  4.8015  2.6888  1.641  0.401  8.8385  3.4331  4.0852  3.9041  2.9042  6.5262  2.5621  4.0207  0.7902  2.4521  2.5349  1.1836  2.6009  2.3869  2.5876  0.403  
trainID = 1619  1.4382  3.1738  0.874  0.3691  0.0944  2.3144  1.357  0.8555  5.4698  0.7171  1.0425  4.5318  0.2115  1.9898  0.0517  0.3819  0.2018  4.0698  1.0126  0.7889  0.2143  1.3082  0.652  1.5929  2.3036  2.8195  3.3003  1.4766  4.8502  3.2547  2.7355  1.8326  1.9633  0.0377  1.862  3.4829  4.4455  2.8305  0.0041  2.6789  0.3863  1.6577  
trainID = 1633  0.078  1.0807  2.7792  1.7738  0.9882  0.1081  2.2835  0.9514  0.9811  4.288  0.7816  2.4725  4.3398  0.8121  5.14  0.313  2.3592  2.2898  1.7306  3.3816  3.049  0.1316  0.8529  0.203  0.436  2.3268  0.5009  1.8617  1.2338  3.5498  0.6624  2.3181  3.2654  1.4314  2.1365  1.512  3.8942  5.0957  0.9884  1.7752  0.9337  0.6199  1.6921  
trainID = 1675  1.212  4.0539  1.6747  0.775  1.7153  1.8468  3.1284  0.961  2.4463  5.1822  1.79  1.2145  0.2995  4.5023  9.3712  0.8205  3.3447  3.8411  1.6997  0.0454  1.3774  0.7656  2.71  1.72  2.326  4.5945  2.4439  2.7623  2.396  1.2074  0.097  1.1507  2.2333  0.3026  0.4367  1.875  4.364  3.6517  1.8463  1.4349  2.8089  0.2885  1.6524  
trainID = 1679  1.0917  2.2217  0.2956  3.0922  3.9103  1.609  2.369  0.9638  3.213  2.7746  1.5782  4.8498  4.8879  9.3316  3.4339  0.6948  1.4889  3.6396  0.2516  3.1308  2.9763  0.3057  1.605  1.273  4.8437  1.277  1.8001  16.1358  18.4956  9.7922  1.5591  7.8564  3.5134  7.5127  1.608  9.8661  13.223  0.1782  0.0117  1.1033  2.9495  2.8296  31.4719  
trainID = 1688  35.8748  3.9267  3.1635  3.2237  1.3354  0.9468  5.3153  0.485  1.1182  4.083  1.9748  0.2503  1.0346  11.2903  2.5321  6.4178  3.9798  1.3609  4.7449  0.7916  0.3389  3.3392  0.0638  0.846  0.521  4.3784  2.7808  1.0803  2.1203  1.8256  4.4799  2.8109  2.6451  1.6438  2.2749  1.262  2.3947  0.3639  4.0189  0.533  2.6129  1.7529  0.7516  
trainID = 1728  2.9819  3.2883  2.248  1.7727  4.5913  1.2835  0.842  2.4899  3.326  0.2752  0.1279  2.1704  0.6475  10.6928  1.9359  1.8624  4.6895  0.1251  0.3576  3.0403  0.6875  1.8303  0.527  2.003  5.0967  3.1706  5.9729  4.216  6.5738  0.2777  0.6217  3.1703  0.6332  3.1877  1.92  4.8239  8.2134  0.3387  0.5967  0.8597  2.2215  0.5375  37.2857  
trainID = 1761  4.9719  1.5731  1.297  2.9042  0.3392  4.0637  0.343  2.761  6.7194  1.3985  3.053  2.568  2.8249  8.0039  0.867  0.9159  3.8704  2.8228  0.9916  1.5731  0.1433  0.9856  1.85  1.85  3.8648  4.2634  1.3159  4.1472  4.9008  1.9379  2.2467  3.1624  0.7434  3.4706  0.511  2.5  5.6773  1.3603  2.7783  1.2451  1.525  3.06  
trainID = 1768  2.135  6.0696  2.3243  2.7468  0.3618  1.2144  3.5449  0.139  0.8877  7.6658  1.4661  0.1595  3.1196  6.1586  11.1593  0.5446  2.1288  1.9154  2.6483  0.0901  2.4977  2.2086  2.5675  2.445  0.187  7.0009  4.4383  1.8849  0.5824  1.8175  2.4998  2.1196  0.2191  0.824  1.0332  2.51  3.5181  4.971  2.4393  1.8668  0.7096  1.9849  0.3707  
trainID = 1776  2.9231  1.8316  2.945  2.1814  3.9328  0.4188  0.285  1.0951  2.169  0.6395  1.7258  2.7086  1.1445  10.0802  3.3191  3.7432  2.5086  1.544  0.2786  1.3848  2.5008  1.9046  0.691  1.58  3.331  4.1409  2.5044  7.7905  7.3027  2.0299  0.305  5.1377  0.7433  4.0299  1.158  4.2645  8.2168  2.4438  1.6184  1.3617  0.2162  0.6259  35.4267  
trainID = 1791  2.634  2.3753  0.7399  2.3111  0.6418  0.09  0.338  0.8017  3.238  0.2235  0.294  2.6744  1.3668  7.4515  0.8357  3.2163  1.5976  0.6045  0.9273  1.0543  0.0618  1.5886  1.47  0.928  3.7105  0.3877  3.2595  2.8411  5.9379  1.6205  0.5941  4.6773  0.3207  1.75  0.716  2.5592  8.5859  1.6064  1.9542  0.3932  2.0857  1.5593  
trainID = 1851  1.8384  6.5244  0.121  0.7292  2.6727  1.2819  2.314  1.0204  4.256  0.7612  2.0593  3.1369  1.3847  10.6484  3.3121  0.8271  3.4446  0.2729  1.2186  4.9646  0.9627  1.1861  1.756  1.599  1.696  0.4249  5.2949  9.6902  8.4972  7.3858  0.933  6.1202  1.594  3.6864  2.2159  4.7888  9.0577  1.9051  2.2119  0.0943  2.101  0.0157  36.303  
trainID = 1869  1.2892  2.4158  1.125  0.5156  0.1052  4.699  1.127  0.4111  2.127  1.1853  0.2767  0.0164  0.2928  1.2458  0.1157  1.8938  2.6653  0.4759  1.5596  1.3032  2.064  0.1634  3.4633  0.513  4.6455  1.5789  1.8584  0.623  0.5496  4.3071  4.516  3.5291  1.4358  0.5757  0.879  1.7331  3.3814  1.6864  0.7092  1.3274  0.7234  0.7337  0.268  
trainID = 1924  0.8339  2.2279  3.409  4.4932  2.7546  3.0733  2.16  0.7949  4.786  0.4643  1.6769  2.4817  2.2068  9.3904  3.1429  1.04  2.5847  2.9051  1.8066  2.7261  5.315  0.406  0.279  0.477  0.2439  0.3517  0.5814  8.5571  9.7697  4.1908  0.7686  8.8511  0.8879  4.689  1.77  3.712  6.5509  0.3656  1.701  2.9512  1.4032  1.9771  35.6555  
trainID = 1953  1.224  2.4189  1.7315  1.0715  0.2539  0.4304  2.3938  0.42  3.2404  4.47  0.9113  1.5189  2.2425  7.2487  8.222  0.269  0.5745  1.6414  0.3153  1.9456  0.8364  2.8821  0.4464  0.927  2.864  6.6258  4.6066  0.853  0.5356  0.6713  3.6391  1.5877  1.8503  1.784  1.7899  1.249  2.2392  6.0821  2.3132  3.2207  0.8403  1.0879  0.9181  1.445  
trainID = 1975  33.7897  4.4846  1.4321  0.659  2.0079  1.5397  3.786  1.5243  0.5344  2.56  1.9515  0.3835  1.9797  10.0477  3.1985  2.616  0.3893  2.0017  3.9208  1.4186  1.8882  0.6465  1.2604  1.1239  3.02  5.7231  2.8122  4.0593  1.9864  0.6108  3.804  1.4451  1.5875  2.1191  1.3672  0.042  0.0126  3.1011  3.2281  0.4258  0.4909  1.0604  1.0696  
trainID = 1994  2.3623  4.6471  1.519  1.6618  2.9007  0.976  0.215  1.0286  2.103  1.4872  1.3103  5.2198  0.2343  10.7441  5.2121  0.6292  1.8296  3.1052  0.6826  2.4101  3.1117  1.2179  4.687  2.537  4.1791  2.4718  4.4517  12.8601  12.6499  9.5299  2.7077  7.0955  0.3496  5.6742  0.109  6.6446  9.5498  0.3999  2.3662  0.9489  1.071  3.3861  36.0452  
trainID = 2036  0.4326  5.0751  2.154  3.3572  3.3269  0.256  1.109  1.7082  4.061  2.0703  2.5905  2.8638  2.5484  13.0981  4.0734  0.7627  2.1982  1.9713  0.8506  4.1794  2.9887  1.0759  0.279  2.698  0.7093  3.4927  1.6927  16.7233  16.194  14.8626  0.7374  7.6241  0.4573  5.0983  0.123  6.8449  10.7082  1.3772  1.8359  1.7776  3.1699  4.2776  38.748  
trainID = 2040  0.779  3.5889  4.3877  0.559  3.4232  2.3651  1.997  1.6238  0.7867  4.544  0.8002  2.648  3.4816  0.2491  11.2623  2.11  2.6305  3.0602  0.3005  0.7325  2.2024  0.6719  1.7162  1.987  4.256  2.2886  2.2941  5.6857  6.3144  7.9066  3.4937  1.3616  5.6158  0.9569  3.9069  4.3929  6.0229  10.1844  0.8224  1.4548  2.3939  0.8101  0.6068  33.694  
trainID = 2051  0.17  0.0806  2.2508  0.7346  2.37  2.2129  0.356  0.25  0.7176  2.405  2.7116  2.779  5.1058  5.3041  8.048  2.3101  2.043  3.3019  4.2822  2.4366  0.689  3.6564  1.37  1.1956  0.484  1.4278  0.032  1.0055  8.4355  8.2032  4.7131  2.6755  6.3723  2.1275  4.133  2.872  2.0733  9.8513  2.8985  3.2254  1.3371  0.9112  0.6387  35.868  
trainID = 2073  3.4315  3.7033  0.465  0.381  3.0182  1.7365  2.912  1.5115  3.555  1.0346  2.962  5.0518  0.6694  3.7379  5.3998  0.8633  3.0658  2.1563  2.1296  3.9253  0.1816  0.3365  1.1691  0.047  2.1958  1.4278  0.0321  3.5788  7.9974  2.0962  1.0394  5.7009  1.9362  3.0908  0.808  3.394  9.9462  1.2475  0.919  0.5624  1.1974  2.6966  
trainID = 2091  0.29  1.379  1.8867  0.4986  2.2168  1.2201  2.0789  0.181  2.204  0.4249  4.449  2.3424  0.8979  1.3154  0.1066  3.291  2.3133  1.1543  1.2448  1.2256  3.2386  2.4187  0.5218  2.0234  1.4948  0.934  3.8093  0.2523  3.055  2.4436  1.9861  1.7496  1.1943  0.8862  0.3273  1.075  1.431  0.772  1.3214  0.8749  2.8529  1.0334  0.0273  0.2568  1.032  
trainID = 2175  1.2119  2.9399  0.209  1.1777  2.51  0.4316  0.846  0.1962  3.387  1.1541  0.6834  2.1026  2.4766  4.0863  3.7094  1.4472  3.0459  2.3073  0.4656  0.6415  0.0962  0.4918  0.475  2.335  1.3044  1.2228  0.5432  0.9725  4.409  1.5457  0.1302  5.5648  0.1493  2.527  2.8621  3.042  5.6687  1.4098  2.1828  2.0519  0.9366  0.7717  
trainID = 2223  5.9143  6.5993  0.8013  1.3153  4.3023  0.9753  0.543  1.073  3.73  0.7118  2.905  4.4648  2.7919  10.469  2.778  2.3526  4.575  0.3578  0.1722  2.1234  3.6054  3.1321  2.536  0.85  2.2783  2.3434  1.6866  3.2755  6.022  0.1371  1.0344  5.2449  0.3301  4.1767  1.506  5.0515  4.9519  0.2099  4.9449  1.8807  1.2209  2.439  36.065  
trainID = 2227  2.857  3.6686  3.535  1.6387  4.1247  1.8338  1.086  0.1547  2.624  0.4922  1.51  3.7398  2.5981  11.3216  3.9214  1.6316  3.9749  2.1426  2.5256  1.5073  3.8775  1.1555  3.144  0.564  3.6424  0.8262  2.9454  12.8  12.3343  8.173  0.7278  8.2175  1.2751  3.2613  3.2768  5.5635  9.3957  1.7204  1.8981  0.2806  4.0176  3.746  36.0434  
trainID = 2295  1.1006  3.6237  2.168  0.313  3.0293  2.2097  1.78  0.4791  1.243  0.9554  1.9143  2.1884  0.1215  9.1135  3.0442  1.0028  3.1306  0.1687  0.5372  0.3934  1.8421  0.3642  1.958  1.4578  3.2979  1.7665  2.527  3.5272  5.5832  0.1157  1.1778  5.9642  0.574  3.6765  1.851  5.2721  6.2716  3.7089  1.509  1.112  2.7496  1.4009  1.643  
trainID = 2312  3.6211  3.8144  1.175  1.8846  2.1306  1.886  0.079  1.163  2.795  3.4373  0.5059  3.3574  2.2134  7.216  3.9266  0.2686  2.6475  3.1314  1.5886  1.6311  2.7669  2.3642  0.27  0.087  1.7959  1.2839  1.7788  4.5954  6.931  5.3401  1.122  5.4629  0.2417  2.1296  1.151  2.9958  7.4043  1.2162  0.0752  0.4587  0.0758  1.7468  34.6871  
trainID = 2313  1.296  1.762  1.5631  0.796  1.0933  0.0005  1.6857  1.143  2.0579  2.252  1.3135  0.4833  4.6578  3.9102  2.1653  1.1365  1.6055  2.6022  1.6548  0.4736  0.0992  0.3978  0.5436  0.654  3.321  3.0171  3.8362  2.3124  0.0811  0.7248  0.163  0.693  3.1353  0.8622  1.537  2.5172  1.6263  4.8141  1.7884  0.4181  3.6149  1.809  1.1124  0.764  
trainID = 2367  4.5428  3.252  0.507  0.1244  1.8144  3.7721  0.467  2.5152  4.809  0.252  3.835  3.2881  4.36  9.2313  0.2256  2.7093  2.4142  0.6432  2.5966  1.9869  0.2724  2.5841  0.896  0.058  6.9651  4.3686  1.1702  1.0756  1.7847  1.9325  1.7961  1.4678  0.2361  2.5726  1.829  0.9009  4.7036  0.7224  1.6594  0.4073  1.3609  1.0964  
trainID = 2407  34.0542  0.605  6.2376  0.8242  2.5953  0.6292  2.8693  5.1299  0.396  0.8223  5.8529  2.3388  2.4351  1.2489  11.0309  2.0007  7.9606  0.4509  2.4466  4.0982  0.6676  3.997  4.2347  0.5911  1.123  0.419  7.0377  1.1303  3.3209  2.9022  2.2656  4.8427  2.5447  3.7014  0.2456  0.833  0.116  0.0155  1.1557  4.8539  0.4811  5.0129  1.3849  2.8055  
trainID = 2435  0.671  1.8416  1.386  4.0622  1.641  0.364  0.573  0.1239  0.91  0.8241  4.258  5.0048  2.6697  9.5096  3.6494  1.0346  3.6129  1.2443  1.5586  3.2381  3.0579  2.2181  1.281  1.336  0.2229  1.6413  0.5506  10.1558  12.6599  7.3611  0.7817  5.599  2.2567  5.1219  2.2858  7.6015  9.6853  2.5199  2.0253  0.8107  3.6442  0.2452  34.305  
trainID = 2533  0.2477  2.9569  0.4461  2.6188  2.2042  1.5812  1.1035  1.3908  2.674  0.1721  2.968  2.9909  1.9442  9.0355  3.2713  0.36  1.5677  1.1859  0.6706  2.5464  2.7242  1.268  3.827  1.973  3.3255  2.8064  2.9492  7.5748  8.2605  6.8423  0.4415  6.3322  0.0071  3.2769  2.106  5.3215  9.2347  0.286  0.8926  3.5034  1.1779  3.3644  36.3276  
trainID = 2594  4.1694  0.1326  0.6376  0.6776  1.9212  1.9102  0.144  1.0735  2.496  1.7272  0.2251  1.5208  3.0244  2.3284  0.8567  1.3369  1.652  1.8121  2.3976  0.5135  2.5751  1.5488  1.846  1.474  4.4552  1.9188  0.2721  0.9058  1.7179  0.732  0.2607  2.3947  0.4408  0.2037  0.71  0.6292  1.655  1.3782  0.0961  2.7569  0.224  0.9228  
trainID = 2609  0.7464  5.5097  0.5602  3.9602  5.8806  0.99  2.71  1.061  1.508  4.1506  2.829  5.0258  4.7283  10.2125  2.4376  1.166  1.3923  4.5319  1.7626  3.5152  5.0708  1.4259  1.1664  0.233  3.9598  1.0577  1.1533  18.7806  17.7256  15.063  0.6268  9.6393  0.1359  5.1526  0.426  9.0561  9.3466  0.6984  0.613  4.0311  2.9614  4.642  35.1454  
trainID = 2636  0.31  1.383  1.2256  0.138  3.7902  3.293  0.067  34.1356  2.5508  2.1949  2.8872  7.3468  7.5719  5.0892  0.51  2.4056  5.3547  1.5406  3.4147  5.565  0.9596  0.935  0.259  1.6076  2.2501  2.1507  12.6595  13.9847  7.0378  0.0862  7.1456  1.6382  4.129  4.4306  5.3816  9.3688  0.6381  1.8349  3.7054  2.7622  3.3683  35.195  
trainID = 2643  32.0975  8.3049  1.94  1.3961  0.9144  3.3865  4.6654  1.9934  1.5653  4.975  1.4748  1.3837  0.2906  14.2205  1.1199  8.3536  1.1844  1.6125  6.4468  3.7676  1.3641  2.195  1.6873  0.021  0.427  9.8484  1.4603  3.3705  3.7179  0.14  7.136  4.504  0.2882  0.3523  0.1616  0.693  2.3706  1.0268  4.3769  0.885  3.4509  1.3549  0.0772  
trainID = 2652  2.5559  4.1932  1.945  1.359  3.6228  3.8279  1.3464  0.0826  6.1703  2.7909  0.8918  5.9758  4.4436  11.1021  0.7174  1.9273  2.9341  0.3334  0.2125  1.9459  1.2294  2.2846  0.052  1.713  3.0383  3.7351  3.4398  3.3472  6.0181  1.1545  0.0304  2.7658  3.4375  3.3796  1.008  3.3575  7.3127  1.4599  1.7043  2.1289  1.9839  0.1123  0.602  
trainID = 2686  0.6949  2.7349  2.735  0.8004  3.4172  3.0914  1.457  2.2862  4.663  0.7829  3.043  3.8733  1.8127  8.3953  5.081  1.7379  3.4403  2.5452  0.6451  2.6831  2.337  1.6445  0.276  2.998  2.2567  0.6508  2.823  9.8115  9.6026  5.5853  1.3905  5.1421  0.2104  5.6731  0.201  6.2535  6.708  0.2164  3.6167  1.513  2.5019  1.9579  34.5652  
trainID = 2694  3.5995  0.9638  1.0937  0.7885  1.3219  3.6445  0.116  2.7895  4.784  0.1197  0.1906  1.4447  7.2306  9.4903  1.47  1.5967  0.3925  2.6129  0.8606  2.1473  3.8883  0.0449  0.498  1.745  6.3557  1.4266  2.8041  1.8751  1.2568  1.1754  2.1476  1.7572  2.2316  0.4488  0.644  1.6507  1.6633  1.659  3.2699  1.8709  0.1397  0.6623  0.26  
trainID = 2699  4.5457  3.5362  1.185  1.7141  1.3827  2.8758  0.658  0.7478  5.1104  1.4933  2.659  5.3318  0.8731  10.3818  2.6228  2.6374  5.3923  0.0469  0.0734  2.8363  1.0611  1.2099  0.499  0.677  4.8483  2.7352  4.9891  2.8137  3.3239  0.2972  0.6097  4.7123  0.3743  1.2968  0.024  4.0074  6.4335  0.2434  2.6488  1.3012  3.5909  0.4629  35.9996  
trainID = 2744  0.2157  2.0577  1.657  2.7732  1.0376  2.2565  2.976  2.5978  2.621  0.748  1.2105  1.5063  0.9735  4.3597  2.4067  0.3023  3.0473  2.4874  0.2426  1.8478  3.5372  0.7309  0.414  0.291  1.7487  3.0819  0.5465  5.1076  5.4452  4.1092  0.46  6.8966  1.6914  4.6701  0.435  3.9652  5.1984  2.3032  3.1576  2.1579  0.9019  2.3272  
trainID = 2747  0.3864  4.774  1.5014  2.3064  0.8993  1.6662  1.1848  1.5261  4.978  1.4432  1.9346  4.9848  0.6655  8.6514  3.9868  1.181  4.7074  2.352  0.1102  4.2311  2.2938  3.4465  0.64  0.887  1.6993  2.8816  3.7269  6.0499  5.277  3.9255  2.8486  5.6703  0.8123  0.2814  0.982  2.1675  8.1529  2.2406  0.668  1.2915  0.4782  0.9669  36.7859  
trainID = 2757  0.4277  4.158  0.4005  3.9352  4.0896  1.664  1.494  0.5208  4.012  0.1607  0.2361  2.2416  4.3349  6.8343  4.8671  0.9875  3.002  1.5034  0.8186  3.3914  4.1125  1.0242  0.031  0.533  1.9641  0.3083  3.0734  10.2109  12.2916  9.0572  0.4  9.016  3.9376  1.8256  2.6372  7.2302  9.7127  0.2306  1.2956  2.0136  0.1594  1.1951  33.0321  
trainID = 2773  0.4624  2.6228  0.641  1.3323  2.534  0.224  0.136  0.2458  3.741  2.7101  1.7233  5.3618  1.701  8.0184  0.6735  0.5913  5.4832  1.2105  0.5606  2.7118  3.8493  1.4461  0.782  1.1529  1.9742  0.7633  1.7189  6.3854  7.619  4.9051  1.2529  7.1855  2.3709  2.3145  1.169  5.513  9.0198  0.5645  2.4215  3.5429  2.3554  2.3895  34.8372  
trainID = 2783  4.0527  0.0477  0.4764  1.441  0.0873  1.0646  0.147  1.19  5.7033  1.5358  0.152  2.0258  5.2183  8.4387  2.2276  0.6641  2.3892  2.3413  1.0416  0.5771  2.6915  3.6443  0.467  1.1914  4.2706  2.7707  1.5285  0.3425  2.7749  4.6877  0.8199  1.7183  1.3294  0.5969  1.417  2.9399  1.9784  2.3812  1.539  2.4949  2.8559  2.7158  
trainID = 2819  4.128  3.8587  0.036  0.8894  1.0768  1.062  0.8165  1.3238  3.799  0.9479  1.6484  2.7647  3.5165  8.1516  1.0739  1.2293  4.036  2.8869  1.3506  2.7872  0.792  1.9217  1.14  0.779  3.2176  0.7246  4.4105  4.6873  3.8204  2.1531  0.3955  4.3094  1.2531  0.7204  1.518  2.8574  3.4849  0.8097  1.6853  1.8599  0.5742  2.6398  
trainID = 2845  3.1266  3.8713  0.295  1.9785  1.5253  2.2699  0.687  2.8596  6.4661  0.852  3.62  4.6598  2.4868  11.1711  1.7128  2.1259  3.137  0.664  0.9812  2.6541  0.005  1.1489  0.698  1.359  3.4736  2.6999  2.0739  6.6437  4.3855  1.7568  0.3881  6.337  1.3268  1.9962  1.234  5.7185  10.8089  2.0287  1.1135  1.8169  0.5384  0.7207  35.1574  
trainID = 2849  0.6163  4.7121  1.259  1.5245  4.626  0.09  1.617  0.1946  4.452  0.8312  1.6786  6.0368  4.3831  9.4757  3.0425  0.1922  4.6176  2.4657  1.7286  4.0166  4.3982  1.1322  0.487  1.743  3.3733  3.0009  1.6178  16.881  15.2936  15.6174  1.9784  8.5018  0.0221  4.2281  1.606  7.2051  9.1126  0.8043  0.354  4.232  2.4209  2.9599  36.5912  
trainID = 2855  34.3028  0.944  6.07  1.0638  2.6942  1.1209  0.2461  5.9367  0.7698  0.1224  4.191  1.8339  1.8039  1.1722  13.1194  8.1777  5.7114  1.3377  1.873  8.3744  0.8816  2.5961  1.9609  3.0127  0.854  0.534  4.3607  1.5553  0.9881  2.8608  3.1468  3.3095  2.4501  3.6653  0.8814  4.636  0.013  3.1183  0.3357  4.7259  1.4161  3.9119  1.9049  1.5549  
trainID = 2865  1.065  3.7707  2.2254  1.0059  1.0597  0.2327  1.4349  0.034  0.8022  2.633  0.2329  1.3596  0.8256  4.873  9.2052  2.5355  3.9808  3.2082  0.4062  0.1786  1.7457  2.7128  2.1099  2.383  2.481  6.1365  4.335  1.1272  1.5459  1.2782  1.1695  2.6394  0.0156  2.6982  2.2704  0.66  4.4346  4.307  2.7725  3.1133  0.2239  1.2859  0.1204  
trainID = 2878  2.0277  0.3906  2.5689  2.6276  2.5745  1.7045  3.903  0.9581  3.043  3.5302  0.7028  0.5917  7.5074  0.2414  0.5433  0.3995  1.771  3.5767  1.4266  1.88  1.295  0.5819  0.086  0.168  2.5266  0.9384  0.3171  0.7254  2.0733  3.0837  1.8889  4.496  1.7414  1.095  2.066  1.6241  4.4519  0.7899  2.5186  1.2566  0.1194  0.7199  
trainID = 2887  5.585  5.3926  0.383  1.2001  0.0609  2.5154  0.9208  1.612  4.201  0.6818  1.2421  1.7219  9.1073  13.0374  0.8626  3.4027  3.743  1.6277  1.9466  1.1893  2.5419  0.8445  0.075  1.062  5.8983  2.892  1.3712  0.8047  2.4934  3.8506  1.0373  2.3013  1.983  0.9526  1.7999  4.7321  3.236  2.0487  3.3799  0.418  1.3827  3.134  
trainID = 2937  3.2475  2.0717  1.193  1.0598  0.1439  1.1136  1.273  0.8511  4.758  0.5107  1.6468  3.8891  2.5337  8.3683  1.2919  1.6773  4.0477  2.1181  0.8206  2.9225  2.1298  0.4837  0.667  1.404  4.1501  1.5143  2.7852  1.3836  4.1949  0.9486  0.7343  3.5786  0.1747  3.7828  2.187  4.2751  8.0453  0.7077  0.1009  2.6569  0.6081  1.517  
trainID = 2978  1.9277  2.7367  0.207  0.2781  2.5295  1.7138  2.624  1.6237  0.392  1.7748  1.9875  1.7072  2.068  5.548  5.0815  0.7943  3.6696  4.2452  0.4336  1.4736  1.4606  3.3014  0.273  1.3711  1.5435  2.5332  1.591  8.2709  7.713  4.1551  0.3244  7.4109  2.0565  5.6341  1.641  5.5704  4.5591  0.515  0.6543  0.2168  3.2539  0.1855  34.1737  
trainID = 2980  0.182  0.9316  1.875  0.077  1.9597  0.65  1.073  0.375  0.5894  3.694  1.1027  0.5514  4.077  4.0373  3.1882  1.9715  0.2309  0.6745  3.8751  1.6816  2.4042  3.0787  1.0992  1.766  0.04  0.2368  1.2987  1.9579  4.1715  6.634  1.9198  0.6114  3.9074  1.7947  3.7388  1.819  4.0489  8.5048  0.8277  2.6829  1.6684  1.0562  1.2901  
TrainID = 1157  dbValue = 1.2546  nTestCell = 45  nTrainCell = 42  nDiff = 3  (X,Y) = (1055, 1545)  Position Error = 27.7308
TrainID = 364  dbValue = 1.41197  nTestCell = 45  nTrainCell = 43  nDiff = 2  (X,Y) = (1095, 1525)  Position Error = 28.4429
TrainID = 2594  dbValue = 1.42082  nTestCell = 45  nTrainCell = 42  nDiff = 3  (X,Y) = (1095, 1515)  Position Error = 28.4429
TrainID = 761  dbValue = 1.43442  nTestCell = 45  nTrainCell = 42  nDiff = 3  (X,Y) = (1065, 1565)  Position Error = 45.0444
TrainID = 322  dbValue = 1.45703  nTestCell = 45  nTrainCell = 42  nDiff = 3  (X,Y) = (1095, 1575)  Position Error = 61.7171
TrainID = 2091  dbValue = 1.50516  nTestCell = 45  nTrainCell = 45  nDiff = 0  (X,Y) = (1065, 1495)  Position Error = 25.0799
TrainID = 1869  dbValue = 1.53744  nTestCell = 45  nTrainCell = 43  nDiff = 2  (X,Y) = (1095, 1515)  Position Error = 28.4429
TrainID = 839  dbValue = 1.57304  nTestCell = 45  nTrainCell = 42  nDiff = 3  (X,Y) = (1045, 1545)  Position Error = 33.3017
TrainID = 327  dbValue = 1.57484  nTestCell = 45  nTrainCell = 42  nDiff = 3  (X,Y) = (1045, 1545)  Position Error = 33.3017
TrainID = 724  dbValue = 1.58856  nTestCell = 45  nTrainCell = 44  nDiff = 1  (X,Y) = (1125, 1505)  Position Error = 59.9083
TrainID = 479  dbValue = 1.63527  nTestCell = 45  nTrainCell = 43  nDiff = 2  (X,Y) = (1175, 1535)  Position Error = 109.037
TrainID = 2313  dbValue = 1.67032  nTestCell = 45  nTrainCell = 44  nDiff = 1  (X,Y) = (1105, 1505)  Position Error = 40.8534
TrainID = 1222  dbValue = 1.69726  nTestCell = 45  nTrainCell = 42  nDiff = 3  (X,Y) = (1145, 1525)  Position Error = 78.1601
TrainID = 1560  dbValue = 1.70799  nTestCell = 45  nTrainCell = 43  nDiff = 2  (X,Y) = (1095, 1465)  Position Error = 61.7171
TrainID = 851  dbValue = 1.71185  nTestCell = 45  nTrainCell = 42  nDiff = 3  (X,Y) = (1105, 1495)  Position Error = 45.4863
TrainID = 570  dbValue = 1.74884  nTestCell = 45  nTrainCell = 43  nDiff = 2  (X,Y) = (1095, 1505)  Position Error = 31.7648
TrainID = 563  dbValue = 1.76402  nTestCell = 45  nTrainCell = 43  nDiff = 2  (X,Y) = (1135, 1565)  Position Error = 81.5414
TrainID = 2175  dbValue = 1.8029  nTestCell = 45  nTrainCell = 42  nDiff = 3  (X,Y) = (1135, 1615)  Position Error = 116.829
TrainID = 1003  dbValue = 1.80488  nTestCell = 45  nTrainCell = 42  nDiff = 3  (X,Y) = (1085, 1545)  Position Error = 30.8058
TrainID = 2878  dbValue = 1.82218  nTestCell = 45  nTrainCell = 42  nDiff = 3  (X,Y) = (1065, 1575)  Position Error = 55.0364
TrainID = 1619  dbValue = 1.82464  nTestCell = 45  nTrainCell = 42  nDiff = 3  (X,Y) = (1105, 1555)  Position Error = 51.6624
TrainID = 394  dbValue = 1.82827  nTestCell = 45  nTrainCell = 43  nDiff = 2  (X,Y) = (1115, 1505)  Position Error = 50.2892
TrainID = 1633  dbValue = 1.84657  nTestCell = 45  nTrainCell = 43  nDiff = 2  (X,Y) = (1155, 1555)  Position Error = 94.7048
TrainID = 415  dbValue = 1.85413  nTestCell = 45  nTrainCell = 42  nDiff = 3  (X,Y) = (1155, 1585)  Position Error = 109.403
TrainID = 1347  dbValue = 1.95142  nTestCell = 45  nTrainCell = 43  nDiff = 2  (X,Y) = (1155, 1595)  Position Error = 115.624
TrainID = 1791  dbValue = 1.95294  nTestCell = 45  nTrainCell = 42  nDiff = 3  (X,Y) = (1185, 1565)  Position Error = 126.289
TrainID = 2694  dbValue = 2.00307  nTestCell = 45  nTrainCell = 43  nDiff = 2  (X,Y) = (1165, 1475)  Position Error = 107.838
TrainID = 2980  dbValue = 2.078  nTestCell = 45  nTrainCell = 43  nDiff = 2  (X,Y) = (1125, 1615)  Position Error = 111.306
TrainID = 607  dbValue = 2.08999  nTestCell = 45  nTrainCell = 44  nDiff = 1  (X,Y) = (1045, 1445)  Position Error = 78.1601
TrainID = 2783  dbValue = 2.0947  nTestCell = 45  nTrainCell = 42  nDiff = 3  (X,Y) = (1155, 1465)  Position Error = 103.774
TrainID = 1085  dbValue = 2.10758  nTestCell = 45  nTrainCell = 42  nDiff = 3  (X,Y) = (1055, 1465)  Position Error = 56.2939
TrainID = 1953  dbValue = 2.13269  nTestCell = 45  nTrainCell = 44  nDiff = 1  (X,Y) = (1165, 1475)  Position Error = 107.838
TrainID = 2865  dbValue = 2.1543  nTestCell = 45  nTrainCell = 43  nDiff = 2  (X,Y) = (1195, 1485)  Position Error = 132.699
TrainID = 1027  dbValue = 2.18119  nTestCell = 45  nTrainCell = 44  nDiff = 1  (X,Y) = (1205, 1485)  Position Error = 142.369
TrainID = 1675  dbValue = 2.19464  nTestCell = 45  nTrainCell = 43  nDiff = 2  (X,Y) = (1175, 1505)  Position Error = 109.037
TrainID = 836  dbValue = 2.21237  nTestCell = 45  nTrainCell = 44  nDiff = 1  (X,Y) = (1185, 1525)  Position Error = 118.106
TrainID = 2819  dbValue = 2.21755  nTestCell = 45  nTrainCell = 42  nDiff = 3  (X,Y) = (1185, 1555)  Position Error = 123.081
TrainID = 2367  dbValue = 2.21919  nTestCell = 45  nTrainCell = 42  nDiff = 3  (X,Y) = (1175, 1495)  Position Error = 110.856
TrainID = 2937  dbValue = 2.22781  nTestCell = 45  nTrainCell = 42  nDiff = 3  (X,Y) = (1175, 1535)  Position Error = 109.037
TrainID = 2295  dbValue = 2.27597  nTestCell = 45  nTrainCell = 43  nDiff = 2  (X,Y) = (1215, 1565)  Position Error = 154.69
TrainID = 2744  dbValue = 2.29765  nTestCell = 45  nTrainCell = 42  nDiff = 3  (X,Y) = (1135, 1605)  Position Error = 108.853
TrainID = 794  dbValue = 2.33593  nTestCell = 45  nTrainCell = 44  nDiff = 1  (X,Y) = (1205, 1485)  Position Error = 142.369
TrainID = 651  dbValue = 2.41606  nTestCell = 45  nTrainCell = 43  nDiff = 2  (X,Y) = (1175, 1445)  Position Error = 131.488
TrainID = 2073  dbValue = 2.45977  nTestCell = 45  nTrainCell = 42  nDiff = 3  (X,Y) = (1175, 1605)  Position Error = 137.437
TrainID = 1768  dbValue = 2.49245  nTestCell = 45  nTrainCell = 43  nDiff = 2  (X,Y) = (1195, 1465)  Position Error = 139.316
TrainID = 717  dbValue = 2.49763  nTestCell = 45  nTrainCell = 43  nDiff = 2  (X,Y) = (1145, 1645)  Position Error = 147.34
TrainID = 1761  dbValue = 2.55716  nTestCell = 45  nTrainCell = 42  nDiff = 3  (X,Y) = (1195, 1555)  Position Error = 132.699
TrainID = 2887  dbValue = 2.58744  nTestCell = 45  nTrainCell = 42  nDiff = 3  (X,Y) = (1205, 1455)  Position Error = 152.542
TrainID = 2652  dbValue = 2.64355  nTestCell = 45  nTrainCell = 43  nDiff = 2  (X,Y) = (1215, 1555)  Position Error = 152.082
TrainID = 1975  dbValue = 2.863  nTestCell = 45  nTrainCell = 43  nDiff = 2  (X,Y) = (1115, 1425)  Position Error = 106.438
TrainID = 975  dbValue = 2.91216  nTestCell = 45  nTrainCell = 44  nDiff = 1  (X,Y) = (1085, 1425)  Position Error = 96.6902
TrainID = 1112  dbValue = 2.92905  nTestCell = 45  nTrainCell = 44  nDiff = 1  (X,Y) = (1145, 1425)  Position Error = 122.919
TrainID = 2312  dbValue = 3.12681  nTestCell = 45  nTrainCell = 43  nDiff = 2  (X,Y) = (1195, 1605)  Position Error = 153.652
TrainID = 873  dbValue = 3.20959  nTestCell = 45  nTrainCell = 44  nDiff = 1  (X,Y) = (1125, 1415)  Position Error = 119.954
TrainID = 1688  dbValue = 3.22531  nTestCell = 45  nTrainCell = 43  nDiff = 2  (X,Y) = (1125, 1425)  Position Error = 111.306
TrainID = 2699  dbValue = 3.26193  nTestCell = 45  nTrainCell = 43  nDiff = 2  (X,Y) = (1235, 1575)  Position Error = 176.774
TrainID = 2978  dbValue = 3.28428  nTestCell = 45  nTrainCell = 43  nDiff = 2  (X,Y) = (1165, 1665)  Position Error = 175.011
TrainID = 1728  dbValue = 3.33753  nTestCell = 45  nTrainCell = 43  nDiff = 2  (X,Y) = (1235, 1565)  Position Error = 173.922
TrainID = 1776  dbValue = 3.39959  nTestCell = 45  nTrainCell = 43  nDiff = 2  (X,Y) = (1215, 1595)  Position Error = 165.919
TrainID = 2407  dbValue = 3.40247  nTestCell = 45  nTrainCell = 44  nDiff = 1  (X,Y) = (1085, 1395)  Position Error = 126.289
TrainID = 2747  dbValue = 3.43359  nTestCell = 45  nTrainCell = 43  nDiff = 2  (X,Y) = (1215, 1585)  Position Error = 161.645
TrainID = 2773  dbValue = 3.44692  nTestCell = 45  nTrainCell = 43  nDiff = 2  (X,Y) = (1185, 1645)  Position Error = 171.898
TrainID = 2845  dbValue = 3.50171  nTestCell = 45  nTrainCell = 43  nDiff = 2  (X,Y) = (1215, 1585)  Position Error = 161.645
TrainID = 2643  dbValue = 3.53493  nTestCell = 45  nTrainCell = 43  nDiff = 2  (X,Y) = (1095, 1385)  Position Error = 137.873
TrainID = 2855  dbValue = 3.53498  nTestCell = 45  nTrainCell = 44  nDiff = 1  (X,Y) = (1125, 1385)  Position Error = 146.932
TrainID = 2051  dbValue = 3.54695  nTestCell = 45  nTrainCell = 44  nDiff = 1  (X,Y) = (1155, 1665)  Position Error = 169.614
TrainID = 2223  dbValue = 3.57855  nTestCell = 45  nTrainCell = 43  nDiff = 2  (X,Y) = (1225, 1575)  Position Error = 167.299
TrainID = 576  dbValue = 3.60474  nTestCell = 45  nTrainCell = 42  nDiff = 3  (X,Y) = (1165, 1405)  Position Error = 151.093
TrainID = 2533  dbValue = 3.62229  nTestCell = 45  nTrainCell = 43  nDiff = 2  (X,Y) = (1205, 1635)  Position Error = 179.636
TrainID = 556  dbValue = 3.6272  nTestCell = 45  nTrainCell = 43  nDiff = 2  (X,Y) = (1175, 1665)  Position Error = 180.801
TrainID = 927  dbValue = 3.63091  nTestCell = 45  nTrainCell = 44  nDiff = 1  (X,Y) = (1185, 1675)  Position Error = 194.805
TrainID = 1924  dbValue = 3.63751  nTestCell = 45  nTrainCell = 43  nDiff = 2  (X,Y) = (1175, 1675)  Position Error = 188.915
TrainID = 2040  dbValue = 3.69021  nTestCell = 45  nTrainCell = 44  nDiff = 1  (X,Y) = (1245, 1605)  Position Error = 197.254
TrainID = 1851  dbValue = 3.77461  nTestCell = 45  nTrainCell = 43  nDiff = 2  (X,Y) = (1225, 1625)  Position Error = 189.708
TrainID = 2686  dbValue = 3.81058  nTestCell = 45  nTrainCell = 43  nDiff = 2  (X,Y) = (1235, 1625)  Position Error = 198.114
TrainID = 2757  dbValue = 3.82259  nTestCell = 45  nTrainCell = 43  nDiff = 2  (X,Y) = (1185, 1695)  Position Error = 211.066
TrainID = 2435  dbValue = 3.84985  nTestCell = 45  nTrainCell = 43  nDiff = 2  (X,Y) = (1205, 1655)  Position Error = 193.052
TrainID = 1286  dbValue = 4.12184  nTestCell = 45  nTrainCell = 43  nDiff = 2  (X,Y) = (1215, 1655)  Position Error = 200.322
TrainID = 1303  dbValue = 4.17234  nTestCell = 45  nTrainCell = 44  nDiff = 1  (X,Y) = (1085, 1355)  Position Error = 165.979
TrainID = 419  dbValue = 4.26045  nTestCell = 45  nTrainCell = 44  nDiff = 1  (X,Y) = (1055, 1355)  Position Error = 165.436
TrainID = 1994  dbValue = 4.28655  nTestCell = 45  nTrainCell = 43  nDiff = 2  (X,Y) = (1255, 1665)  Position Error = 237.422
TrainID = 2227  dbValue = 4.32032  nTestCell = 45  nTrainCell = 43  nDiff = 2  (X,Y) = (1255, 1665)  Position Error = 237.422
TrainID = 423  dbValue = 4.32684  nTestCell = 45  nTrainCell = 43  nDiff = 2  (X,Y) = (1195, 1695)  Position Error = 216.816
TrainID = 1679  dbValue = 4.58175  nTestCell = 45  nTrainCell = 43  nDiff = 2  (X,Y) = (1225, 1715)  Position Error = 250.976
TrainID = 2849  dbValue = 4.67723  nTestCell = 45  nTrainCell = 43  nDiff = 2  (X,Y) = (1235, 1695)  Position Error = 242.588
TrainID = 2036  dbValue = 4.70191  nTestCell = 45  nTrainCell = 43  nDiff = 2  (X,Y) = (1235, 1695)  Position Error = 242.588
TrainID = 606  dbValue = 4.71143  nTestCell = 45  nTrainCell = 43  nDiff = 2  (X,Y) = (1245, 1665)  Position Error = 229.584
TrainID = 326  dbValue = 4.75571  nTestCell = 45  nTrainCell = 43  nDiff = 2  (X,Y) = (1235, 1705)  Position Error = 249.898
TrainID = 2609  dbValue = 4.94857  nTestCell = 45  nTrainCell = 43  nDiff = 2  (X,Y) = (1235, 1715)  Position Error = 257.389
TrainID = 2636  dbValue = 5.0548  nTestCell = 45  nTrainCell = 42  nDiff = 3  (X,Y) = (1195, 1705)  Position Error = 224.964
TrainID = 323  dbValue = 5.07282  nTestCell = 45  nTrainCell = 42  nDiff = 3  (X,Y) = (1305, 1605)  Position Error = 252.723
TrainID = 1586  dbValue = 5.09972  nTestCell = 45  nTrainCell = 42  nDiff = 3  (X,Y) = (1105, 1355)  Position Error = 169.319
TrainID = 1314  dbValue = 5.13815  nTestCell = 45  nTrainCell = 42  nDiff = 3  (X,Y) = (1145, 1735)  Position Error = 228.712
TrainID = 1428  dbValue = 5.24576  nTestCell = 45  nTrainCell = 42  nDiff = 3  (X,Y) = (1165, 1335)  Position Error = 209.354
