trainID = 303  1.0286  2.5413  0.197  1.409  0.5753  2.387  2.4653  1.2636  1.6321  1.0902  2.2796  0.2981  3.9969  0.3939  0.5606  1.0138  2.3619  0.2808  5.2867  6.9197  5.3257  2.5575  2.9034  0.5738  1.541  0.4169  2.2382  2.9417  1.07  0.276  1.3675  1.1462  2.9763  3.369  2.058  2.6891  2.7647  1.6445  0.2649  4.4628  3.7478  3.5281  1.129  0.583  0.2712  
trainID = 304  1.2002  3.0029  0.227  1.866  0.4372  0.732  1.0849  1.5929  0.5432  3.9647  0.5925  0.8275  0.8654  0.739  0.7411  0.478  1.9542  2.0655  1.7249  9.1796  10.2757  10.7001  2.3127  3.1189  1.6032  0.088  3.2341  1.9332  3.1932  0.783  0.055  0.1036  0.0261  5.2113  5.4727  2.8714  1.1759  2.4707  1.1795  4.1689  3.6641  0.3423  5.2921  1.465  2.73  2.4926  
trainID = 451  1.6145  3.1823  0.164  1.79  0.8711  2.287  2.5105  3.726  2.3042  1.4963  3.6475  1.1707  2.108  0.8878  1.2436  0.0854  4.944  0.0397  6.3998  8.2977  8.2724  4.3995  4.8634  2.5368  0.783  0.9641  0.7086  1.7067  2.1346  0.246  1.5846  2.0626  3.4269  0.5455  2.4656  1.6448  0.5096  1.4679  1.1383  1.3543  0.0552  3.3214  1.134  2.194  0.2011  
trainID = 662  3.2701  4.5843  0.488  1.365  0.6439  3.2792  1.3966  1.3983  2.5159  1.4026  0.8785  3.8004  2.7229  0.8176  0.6596  0.243  2.5815  0.732  0.0127  3.7976  5.4304  8.2779  4.2343  3.5719  0.3947  0.266  0.2237  0.5169  0.256  0.086  2.39  3.5145  1.2021  3.2435  1.4746  2.4776  0.342  1.3826  0.5332  0.8812  2.478  3.2338  4.205  1.595  1.73  2.0758  
trainID = 684  2.4904  0.7428  1.484  0.619  1.631  1.51  0.6203  0.0503  0.1379  0.0479  0.4542  2.2592  3.2689  0.924  0.3546  0.6468  0.9684  1.3957  0.2572  4.6076  0.7832  1.2184  1.2272  1.1411  1.5244  1.7167  1.3002  1.8593  1.169  1.161  1.0354  0.2721  1.1944  2.347  0.2173  1.1339  1.7327  0.3604  1.0522  0.5631  1.5108  3.7398  1.7221  0.7754  0.0026  1.264  
trainID = 706  3.3737  2.067  0.274  0.182  0.8081  0.775  0.001  0.9626  0.7877  0.2474  0.6797  1.4743  2.5886  2.6649  0.3027  0.0084  1.298  1.9707  1.8405  0.3096  6.2668  6.2952  5.0914  2.2989  2.4414  0.6938  1.292  0.5093  2.3987  1.3033  0.546  1.035  0.7334  0.1611  4.6028  1.2873  0.1718  0.9172  0.0052  0.3382  2.0582  1.1516  1.5768  2.0906  1.076  1.355  2.808  
trainID = 777  2.957  0.2961  0.736  0.704  0.2593  1.13  1.734  2.4744  0.8283  0.6025  0.3221  0.7996  2.8779  2.1842  0.8371  1.6239  1.494  0.3216  1.8641  4.5574  0.3956  1.2957  1.8033  4.8782  1.078  1.686  0.2421  4.8636  0.397  0.261  0.5978  0.7467  0.5105  1.1102  2.623  2.0592  0.6775  0.1914  0.1434  0.9824  2.2498  2.709  0.234  1.621  3.9835  
trainID = 991  0.5439  1.6145  0.088  2.054  2.2007  1.323  1.0467  2.666  1.0477  2.189  2.041  0.3877  1.9497  1.0492  2.3626  1.237  0.4831  2.6975  2.6886  10.075  10.5762  11.1352  1.9187  1.9975  3.3325  1.068  0.8388  0.1161  2.1867  0.117  1.155  1.1813  2.2738  4.4581  4.5883  2.4549  1.0681  0.6817  0.9755  1.2775  7.1888  2.0028  5.0691  0.002  0.534  0.2657  
trainID = 1296  1.9909  0.8135  2.1696  0.595  2.4322  0.815  0.3471  2.4674  2.6957  2.66  0.9233  1.3786  2.3719  0.4138  0.8325  0.3978  1.3604  0.7852  3.8096  6.2629  7.2569  2.7443  2.0067  3.8286  2.4309  3.3661  0.1526  3.5134  0.42  3.6744  0.1726  1.3411  0.0295  1.4214  1.8156  0.2165  2.1407  1.2348  2.2189  3.7757  0.0738  2.5656  0.189  0.36  4.6066  
trainID = 1330  0.3503  1.2449  1.559  0.75  0.7139  0.055  1.1808  2.1166  1.079  1.2936  1.2725  1.9094  1.5985  1.6599  0.14  0.963  0.5741  3.0633  0.8196  0.9096  3.3197  0.9003  0.3187  0.2607  1.3812  1.381  0.9385  0.6874  3.4601  0.134  2.01  0.6932  0.0663  0.1627  0.7864  2.9019  1.5213  2.9007  1.9624  1.3321  2.3669  3.0588  4.3857  0.796  1.206  1.1251  
trainID = 1523  1.276  3.5461  0.878  2.2883  1.2759  1.524  0.2067  1.1836  0.4854  1.7385  0.9156  1.9101  3.6629  0.0871  1.9886  1.1973  2.3862  0.1951  5.2282  8.5241  4.1834  3.462  0.3635  2.5047  1.351  0.9285  1.1857  1.3105  0.37  1.773  0.5481  0.2948  1.3209  3.4105  1.4056  0.9451  2.1467  0.1387  1.6096  4.6468  2.3228  2.1914  0.868  1.387  2.41  
trainID = 1526  1.5883  0.8492  0.406  33.5936  4.6285  4.6526  1.8285  4.8388  0.772  0.0728  3.1779  2.6653  1.4296  0.278  0.5945  3.0385  0.6812  13.3281  20.2413  2.7441  2.9402  0.4519  9.8788  0.139  1.1007  3.7687  1.8393  1.029  4.2331  2.2065  3.5174  2.1673  1.9662  1.0476  2.0614  0.1226  0.2586  3.3633  3.9081  2.1759  6.4696  0.849  0.406  2.7176  0.973  
trainID = 1666  4.2214  0.7581  2.659  1.037  0.269  0.936  0.524  1.2058  0.3042  1.2639  2.828  2.133  0.2531  0.5431  2.3665  1.8756  0.7445  1.1164  1.2659  4.4408  4.7141  2.641  0.2501  4.616  3.2152  2.8487  3.4378  0.1212  31.1822  2.6691  1.8776  4.012  0.6932  0.157  3.5219  0.1528  2.1807  1.3283  0.9343  1.0288  0.9055  0.489  1.6972  4.2982  2.359  
trainID = 1812  4.5352  1.4583  1.185  1.178  1.5903  1.895  0.3392  3.7247  1.2778  2.2222  1.043  0.427  1.8249  0.1689  2.6956  3.0414  1.0954  2.8707  1.6525  1.9545  1.511  0.3359  0.9327  3.5408  1.138  0.1921  0.3244  2.8774  0.655  0.63  0.0802  1.4073  0.0508  2.185  0.2205  0.034  2.7847  1.5252  3.3901  0.39  0.5899  3.9221  0.316  0.662  3.6284  
trainID = 2114  1.0833  1.2014  0.278  0.804  1.2241  2.044  0.0719  1.2547  1.8554  0.481  1.0932  0.704  3.3229  0.5346  0.9627  0.425  2.329  1.9183  0.8017  3.9509  5.4844  4.0478  2.8025  2.1373  5.6228  0.434  1.3691  1.7872  2.9635  1.71  3.206  0.5752  1.737  0.773  2.9229  1.1249  0.098  1.1826  2.1382  3.3032  1.693  0.6888  2.3183  0.463  1.3657  0.9152  
trainID = 2392  0.882  5.0828  1.124  1.242  0.3506  2.507  0.3232  0.9815  0.4493  3.0331  2.3833  2.5764  0.2352  1.619  1.6876  1.327  2.0798  1.3058  1.3635  7.1862  9.6163  7.7552  5.2767  2.5967  2.762  2.886  0.5036  0.4115  4.5388  0.454  1.075  0.0492  0.0427  4.9731  2.8091  3.9484  1.153  1.0615  0.8865  2.104  1.5826  0.4029  4.1215  0.161  4.514  3.4445  
trainID = 2406  3.2223  1.3986  0.856  0.198  0.4994  0.809  0.2092  0.805  0.1857  1.983  1.3658  3.8316  0.4525  0.8279  0.3834  0.0429  1.0604  0.7507  1.0961  5.3617  1.0262  2.5673  0.054  3.8333  0.409  0.3309  1.4463  0.4057  1.715  1.093  0.908  1.0849  0.5585  1.5382  1.2512  0.7401  0.2161  0.9355  0.2738  0.6285  1.3938  1.6568  0.954  0.7416  3.9751  
trainID = 2550  5.3182  0.7222  0.317  0.156  3.1272  1.42  1.1  2.1356  2.8484  1.8679  0.4297  0.1504  1.6156  0.8961  2.2683  0.3356  0.977  1.2459  0.6114  2.3173  5.6901  2.7691  5.8469  4.9416  2.4019  1.0023  3.7329  1.7794  3.1894  0.4811  2.9823  4.0823  2.3514  0.532  0.0214  1.6587  0.3944  2.2693  1.7429  1.2128  1.1205  1.6076  0.835  2.9518  1.662  
trainID = 2656  6.492  0.9612  2.0356  0.268  2.4153  2.53  2.188  4.0682  6.3821  0.5071  2.7745  3.4864  2.6264  0.0303  2.4702  2.3918  0.791  0.0036  0.2839  0.7038  6.238  5.529  3.6237  0.3424  3.7816  6.2021  1.28  1.197  5.5509  31.7172  2.6954  3.2091  3.1072  3.2506  1.6328  4.5201  0.5369  0.5245  1.7563  1.0459  3.1688  1.8723  0.145  2.327  4.1544  
trainID = 2720  2.9958  2.0406  0.958  2.2739  0.0551  0.926  2.9793  3.2291  0.3864  0.3291  0.8462  0.3875  2.3899  1.1824  0.4535  1.555  0.198  1.9515  0.9795  0.7157  3.3856  0.282  1.1276  0.1856  4.0072  0.529  1.2183  0.9018  1.8289  0.133  1.206  0.0256  2.7993  0.1324  0.9236  0.2949  0.2508  0.6096  0.309  2.1636  1.0444  1.6208  2.2453  0.82  1.333  2.0626  
trainID = 2793  4.7235  0.2395  0.093  0.431  0.4723  0.697  0.4619  0.6744  1.7926  4.7638  1.0985  0.0331  1.2603  1.681  0.3135  0.774  2.0834  1.0029  2.2277  1.9858  0.9449  2.4878  2.702  4.4853  1.297  0.8442  0.0968  2.0084  1.614  2.093  4.0422  1.447  0.6439  1.4828  0.1055  1.8187  1.0003  1.9479  1.1719  0.1958  0.5071  2.7709  3.1427  0.981  2.3006  
trainID = 2803  1.7927  3.2091  1.3137  0.826  0.3807  2.244  2.1592  0.8194  0.8175  1.813  3.9105  0.126  0.1675  0.2359  0.4916  1.5282  2.1103  0.6076  5.252  4.813  2.0928  1.1246  1.2503  0.9509  0.309  0.8763  0.9451  2.2869  0.084  3.5967  0.2609  1.0029  0.6222  1.8107  1.7937  0.894  0.8385  0.0241  0.9  1.9587  1.6538  3.4234  0.733  0.32  1.2786  
TrainID = 2406  dbValue = 1.22391  nTestCell = 48  nTrainCell = 45  nDiff = 3  (X,Y) = (1375, 1775)  Position Error = 32.5576
TrainID = 684  dbValue = 1.22813  nTestCell = 48  nTrainCell = 46  nDiff = 2  (X,Y) = (1385, 1775)  Position Error = 26.0768
TrainID = 2720  dbValue = 1.26679  nTestCell = 48  nTrainCell = 46  nDiff = 2  (X,Y) = (1385, 1785)  Position Error = 34.9285
TrainID = 1330  dbValue = 1.37631  nTestCell = 48  nTrainCell = 46  nDiff = 2  (X,Y) = (1395, 1765)  Position Error = 12.6491
TrainID = 2803  dbValue = 1.45887  nTestCell = 48  nTrainCell = 45  nDiff = 3  (X,Y) = (1365, 1735)  Position Error = 38.4708
TrainID = 777  dbValue = 1.46541  nTestCell = 48  nTrainCell = 45  nDiff = 3  (X,Y) = (1395, 1805)  Position Error = 52.1536
TrainID = 2793  dbValue = 1.53202  nTestCell = 48  nTrainCell = 45  nDiff = 3  (X,Y) = (1425, 1805)  Position Error = 58.1378
TrainID = 1812  dbValue = 1.54451  nTestCell = 48  nTrainCell = 45  nDiff = 3  (X,Y) = (1395, 1775)  Position Error = 22.3607
TrainID = 706  dbValue = 1.55576  nTestCell = 48  nTrainCell = 47  nDiff = 1  (X,Y) = (1345, 1745)  Position Error = 54.5894
TrainID = 2114  dbValue = 1.72182  nTestCell = 48  nTrainCell = 46  nDiff = 2  (X,Y) = (1355, 1785)  Position Error = 54.4059
TrainID = 1523  dbValue = 1.85724  nTestCell = 48  nTrainCell = 45  nDiff = 3  (X,Y) = (1355, 1765)  Position Error = 45.607
TrainID = 1296  dbValue = 1.93507  nTestCell = 48  nTrainCell = 45  nDiff = 3  (X,Y) = (1345, 1775)  Position Error = 58.3095
TrainID = 2550  dbValue = 1.93598  nTestCell = 48  nTrainCell = 45  nDiff = 3  (X,Y) = (1525, 1755)  Position Error = 126.016
TrainID = 303  dbValue = 1.99617  nTestCell = 48  nTrainCell = 45  nDiff = 3  (X,Y) = (1335, 1715)  Position Error = 74.4312
TrainID = 662  dbValue = 2.01318  nTestCell = 48  nTrainCell = 46  nDiff = 2  (X,Y) = (1335, 1715)  Position Error = 74.4312
TrainID = 451  dbValue = 2.18869  nTestCell = 48  nTrainCell = 45  nDiff = 3  (X,Y) = (1335, 1745)  Position Error = 64.4981
TrainID = 2392  dbValue = 2.32324  nTestCell = 48  nTrainCell = 46  nDiff = 2  (X,Y) = (1325, 1735)  Position Error = 76.1577
TrainID = 991  dbValue = 2.35235  nTestCell = 48  nTrainCell = 46  nDiff = 2  (X,Y) = (1305, 1745)  Position Error = 94.3398
TrainID = 304  dbValue = 2.38657  nTestCell = 48  nTrainCell = 46  nDiff = 2  (X,Y) = (1315, 1735)  Position Error = 85.9069
TrainID = 1666  dbValue = 2.49058  nTestCell = 48  nTrainCell = 45  nDiff = 3  (X,Y) = (1465, 1815)  Position Error = 90.5539
TrainID = 2656  dbValue = 3.17372  nTestCell = 48  nTrainCell = 45  nDiff = 3  (X,Y) = (1515, 1675)  Position Error = 139.786
TrainID = 1526  dbValue = 3.57777  nTestCell = 48  nTrainCell = 45  nDiff = 3  (X,Y) = (1285, 1855)  Position Error = 152.971
