trainID = 486  0.937  0.182  2.526  1.9941  0.3367  1.408  0.363  0.8719  2.093  1.5084  4.702  3.1622  0.5845  1.5759  0.8801  2.545  1.0102  0.0496  0.967  2.6187  1.3246  2.2238  0.571  1.597  1.1515  1.2572  1.0838  3.3905  0.298  5.3373  0.9017  3.7049  0.7619  1.292  1.7969  1.6439  1.1499  2.5467  1.2868  0.4634  3.6194  0.1237  0.235  0.151  0.2344  
trainID = 600  2.1919  0.9292  1.615  0.53  4.4953  0.75  0.435  2.4025  2.568  0.7983  4.518  0.608  2.9423  0.3562  0.8824  3.2772  0.382  1.1495  0.455  1.6347  0.2616  0.3043  0.083  0.666  1.317  0.3205  0.1905  3.201  2.1068  2.6591  1.5621  2.3521  1.6843  3.4132  0.226  2.0642  0.2044  1.5032  1.7234  2.5461  2.6603  1.324  1.434  2.792  0.7063  1.776  
trainID = 709  1.6593  0.5084  1.61  2.4254  1.0115  2.6599  0.141  1.4454  0.0662  0.0801  4.104  2.923  4.7461  3.8771  0.0299  4.4012  3.7633  2.9269  2.3593  2.9292  2.4125  3.2288  2.033  2.049  2.7223  0.9234  2.5911  3.3467  0.6081  3.1332  0.2181  1.007  1.5936  2.0688  0.137  3.2925  3.5459  1.2425  3.4608  0.614  1.038  0.2238  1.507  1.405  0.4857  0.764  
trainID = 789  3.829  1.3642  3.0863  6.7197  2.1747  4.5309  3.8899  1.326  1.597  1.925  4.052  1.8686  0.9097  4.0564  8.2348  10.5987  8.7871  2.5886  4.5579  5.7412  1.012  3.3834  3.6208  0.633  0.291  1.378  4.3914  1.4526  4.9682  6.1917  7.5659  4.1298  2.4894  9.7024  0.8169  5.9171  2.707  0.4498  5.6844  3.0073  0.816  0.1302  1.546  4.1308  34.4491  
trainID = 821  2.4402  2.4706  1.272  0.7697  1.2871  2.52  1.766  2.1169  3.011  1.7468  1.7879  1.8557  0.6927  3.6193  1.5703  2.0663  0.8854  0.1617  2.011  0.0699  3.4131  0.0172  2.2695  0.271  1.5618  1.4241  0.1719  1.8005  3.713  0.1274  1.0701  2.4518  1.0806  0.9906  1.5093  2.3779  3.6794  0.7199  0.9057  1.0209  1.2555  0.1203  0.089  0.963  1.289  
trainID = 883  2.8715  1.4349  3.207  0.267  2.734  4.408  1.88  3.9109  0.2813  1.5141  3.4221  2.688  1.6188  0.837  1.2127  0.3515  0.0426  0.2118  1.605  0.5558  2.1707  0.9923  0.92  3.9955  2.0042  2.8597  1.1041  0.4793  0.9628  1.3517  0.3479  2.8369  2.307  0.9217  0.138  2.9092  0.6136  0.4577  0.2057  1.1405  3.5322  0.6612  0.579  0.796  0.3254  2.094  
trainID = 919  0.6642  0.887  1.831  0.648  0.412  2.6466  0.174  2.1495  2.43  1.6805  1.6844  1.083  0.5216  0.7817  1.3178  3.6512  0.0077  0.3536  0.275  3.1766  0.2831  0.5094  0.034  0.373  0.6554  1.7802  0.4537  6.1412  0.3602  6.5038  0.7738  0.1884  0.4655  0.8946  0.915  3.6838  1.8093  1.6466  1.4827  1.2142  3.1042  0.8632  1.24  2.95  1.7548  1.167  
trainID = 1158  2.402  3.8565  0.2991  4.9924  3.469  4.4661  6.2583  0.513  3.4036  2.629  1.111  2.8514  0.8992  5.2683  12.4097  4.7851  8.6125  1.6018  0.0651  8.2685  0.453  3.9215  4.2559  2.8255  1.867  0.496  4.0128  1.6228  5.5472  6.605  11.1728  1.6752  1.8046  10.371  0.9906  5.6788  1.222  2.8503  6.2344  1.5613  2.1809  3.4154  3.267  2.9266  34.7651  
trainID = 1191  1.6676  2.5074  2.068  0.8771  1.2902  3.1071  1.368  1.6274  2.617  1.6844  5.058  0.29  2.6641  4.7538  0.893  2.3111  1.0331  0.0166  0.435  4.9623  0.0251  1.4706  0.956  1.252  1.6209  3.1962  2.4192  10.781  9.8849  11.6059  3.0905  1.1614  1.2544  1.3661  0.2979  5.236  3.8993  0.4766  0.9692  1.6752  5.0503  1.454  0.612  0.172  1.7987  0.721  
trainID = 1336  0.0022  1.6069  2.133  0.4774  0.6536  2.3834  32.228  1.1  0.0396  0.9574  0.353  0.0582  1.8523  0.8614  0.9165  0.702  1.8091  1.9766  0.3551  0.8554  0.0078  1.065  1.289  1.0517  1.4569  0.567  2.6186  1.8339  1.9102  2.7038  1.1053  0.5483  0.4656  0.6102  0.0517  1.4124  0.61  0.0054  0.2278  3.0432  0.5952  0.412  0.9847  1.7686  2.332  
trainID = 1476  1.511  1.1092  1.8646  0.769  2.2918  1.8607  3.3279  0.198  4.0599  1.659  0.3491  2.8203  3.5495  0.6392  0.826  1.0356  2.1296  0.2631  0.9428  1.707  2.9284  0.9126  1.1282  0.695  0.104  0.0014  1.1699  0.0964  1.1788  2.6007  0.328  1.1711  2.9964  1.8816  2.2149  0.089  1.7378  0.2669  1.8373  1.4393  1.132  3.1647  2.0249  0.446  3.021  0.0621  2.019  
trainID = 1537  1.5057  0.8974  1.036  0.011  0.1917  2.4363  0.58  2.329  3.243  0.6055  2.9424  3.648  4.326  1.3368  1.2297  2.8743  1.8668  0.9831  2.6766  1.2185  2.319  2.9357  2.045  0.798  0.8163  0.2436  0.4122  7.0222  2.4927  7.5824  0.9959  0.9021  1.8259  0.6814  0.212  4.1726  2.1576  1.2871  3.5053  2.4046  3.4491  0.6341  1.266  0.111  0.196  
trainID = 1639  1.7885  0.287  2.306  0.865  0.2399  2.0693  1.591  0.0065  0.1312  1.1321  1.6917  2.594  1.2794  1.2269  1.8012  2.8286  0.2759  0.2942  1.105  2.1298  1.3056  2.328  1.642  1.386  0.1628  1.6988  1.7714  1.4948  0.5872  2.5332  0.4062  2.4349  0.1576  2.9867  0.994  1.3623  0.5392  1.3294  2.8174  1.1075  1.6628  1.1288  0.072  4.505  0.6911  
trainID = 1685  0.493  1.2167  1.5525  3.4964  1.442  1.948  4.9233  0.585  2.334  1.498  1.418  0.5198  1.8532  2.8258  1.4097  5.0697  2.1784  1.9696  0.5852  0.1628  0.039  1.8419  2.2862  0.233  0.337  1.519  0.6027  0.188  1.468  4.1379  6.7437  2.4538  0.1192  5.3465  0.4604  4.2227  0.642  0.6715  4.3243  0.0419  0.1014  0.1345  0.46  2.3626  2.241  
trainID = 1686  1.7527  0.6791  1.468  0.092  0.1238  1.01  0.608  2.2354  3.606  1.3173  3.8769  0.153  0.2286  2.5391  1.339  2.4598  0.0892  2.21  1.112  2.464  0.8847  0.4304  0.503  0.665  0.0526  3.7251  0.1753  8.9791  8.2067  11.1086  0.8701  2.6625  2.7831  2.8726  0.2678  5.6593  3.8162  0.022  1.1023  0.3915  3.7521  1.3546  0.093  3.528  0.1491  0.331  
trainID = 1800  2.7651  2.5686  0.025  0.5086  1.1273  0.925  0.565  3.4628  2.629  1.9116  1.4399  1.7658  2.0822  3.6412  1.8969  2.6907  0.0072  0.5702  1.9685  3.9267  4.1811  4.2216  0.36  0.48  2.3382  2.5286  2.509  12.7918  9.4017  12.4806  0.4031  1.5371  0.3221  0.7155  2.612  5.0576  2.7346  0.5854  3.6125  0.488  3.9127  2.6133  0.067  0.054  1.3347  0.479  
trainID = 1809  0.105  4.0145  0.1154  2.528  1.0334  0.9243  3.2042  32.032  2.623  1.1601  0.8084  0.885  3.7687  0.9969  1.3978  1.5644  0.9234  3.1853  1.222  0.6721  0.6536  1.1156  0.484  0.435  1.2854  1.5668  0.1958  0.6367  0.9275  0.5162  2.4939  0.62  0.9306  0.0227  0.36  0.649  0.0115  0.6823  2.0141  1.2494  1.2829  1.2878  1.774  2.275  0.123  2.29  
trainID = 2026  1.2393  1.7291  2.631  2.5922  1.0907  3.0381  1.327  2.875  0.2938  0.8037  2.3004  2.3519  2.6749  1.0926  0.2516  3.1887  1.5033  1.736  0.093  1.4278  0.3153  1.0989  2.5904  0.182  0.3164  1.1984  0.2543  3.5685  0.1979  4.5368  0.5993  2.0517  0.8811  0.137  3.458  3.075  0.762  0.3394  0.3954  0.7217  5.3474  0.0767  0.746  2.427  0.6414  
trainID = 2107  3.0665  1.1512  3.7114  2.3  0.7717  4.1653  3.5421  1.0953  4.987  0.6159  4.286  1.3171  3.1535  0.0742  0.6478  2.113  0.7858  0.0871  0.768  1.5217  2.2338  1.6783  1.081  0.124  0.5047  0.2004  1.0546  2.9015  0.8307  3.8464  1.0863  1.2006  0.4136  2.5368  1.4712  1.9112  0.5349  1.7056  0.8802  1.4971  2.4659  2.0725  1.628  0.878  1.2711  2.732  
trainID = 2119  0.9788  3.9099  0.159  0.173  0.1438  1.151  1.396  1.13  1.312  1.2082  5.7  1.2584  0.9997  3.2995  4.0099  0.2819  0.7108  0.7472  1.6314  3.3067  2.0266  1.0976  0.136  0.757  0.1734  1.5039  0.5986  15.8904  13.2021  14.454  2.8802  2.5371  0.4188  0.3239  1.0739  7.3236  4.0541  2.6471  4.1748  1.1293  5.3386  3.5423  1.389  0.586  1.922  0.282  
trainID = 2171  0.1627  1.2055  1.395  2.6057  2.8151  3.2754  1.964  4.667  1.012  1.2794  3.4887  0.367  7.3929  2.9582  0.3841  2.3918  1.0233  3.2604  0.411  4.3778  0.3046  4.1148  2  0.243  2.1373  2.4235  1.9349  5.6681  1.9182  4.4619  0.706  1.0747  2.5204  1.5837  0.64  3.422  1.275  1.2655  1.0551  0.3477  2.6703  0.7461  0.276  2.335  1.3166  2.664  
trainID = 2282  0.2032  0.218  0.97  0.8412  1.2962  2.3478  0.999  5.2413  0.921  0.2459  3.0569  2.2507  1.6671  1.4774  0.0737  0.9717  0.7247  1.0701  2.303  0.6719  2.4094  2.1378  1.006  0.966  2.6172  0.9214  2.5525  6.417  4.4693  5.6631  1.4915  1.4278  0.8877  1.6166  2.426  4.8087  2.8401  0.7473  1.4324  1.8577  3.4861  2.8279  2.9452  2.355  0.2182  2.584  
trainID = 2576  1.5378  1.3132  2.467  0.6462  0.8862  0.486  3.0261  1.4741  0.884  0.2044  3.5506  1.4612  1.7367  4.727  1.2076  1.1162  1.1731  0.8643  1.6999  0.3739  1.8834  2.2517  2.022  0.677  0.2796  0.241  0.2503  9.4767  7.572  10.9051  2.5694  0.9102  1.3564  0.4814  1.2933  5.0337  4.8158  0.235  2.1139  0.5764  1.5377  1.1026  1.329  1.6697  0.99  0.436  
trainID = 2672  4.2908  0.4277  1.347  0.34  0.2929  1.769  33.606  0.61  1.2213  2.2533  1.108  0.3047  0.2112  0.0114  0.5791  1.0141  0.0032  0.162  0.1026  2.6141  0.4341  0.84  1.399  2.3254  2.7453  0.6025  1.8185  8.1275  1.3564  0.063  0.1907  2.6218  0.7391  0.3479  5.2621  0.2077  1.0948  0.2199  1.0438  2.6594  2.3473  0.294  2.655  0.232  0.831  
trainID = 2741  1.3785  1.6486  1.454  0.7479  0.9333  2.8071  0.708  3.4035  0.4963  0.5596  1.9679  0.47  1.0127  2.5634  1.094  1.1384  1.7468  0.2474  0.284  3.7697  1.573  2.1435  1.133  2.533  0.1604  1.4844  2.528  6.0129  3.4217  4.8691  2.0597  2.6256  1.767  1.0612  1.9551  4.0994  3.9473  1.5601  3.9786  2.3179  5.9947  2.7282  0.107  1.711  1.4388  0.296  
trainID = 2751  0.116  0.4516  3.4647  5.1731  2.4187  4.4709  3.9017  0.308  0.2234  2.796  5.2  2.9506  1.7974  4.7465  0.5614  13.2245  8.3067  0.1886  3.9439  3.233  1.036  1.9487  3.1195  0.1479  1.287  2.7826  3.8527  0.408  4.7624  4.7375  8.249  3.135  1.8968  9.0576  0.2139  4.3575  0.343  2.0499  7.9152  1.4339  1.4554  5.0354  1.011  3.3367  34.5171  
trainID = 2765  0.0166  0.2015  1.359  1.9261  1.4149  3.9897  1.244  1.2879  1.914  0.7352  0.267  3.1371  1.7965  2.4057  1.3469  2.7028  0.6903  1.3426  0.433  1.4555  0.3087  0.3909  3.2924  3.0686  0.0237  1.2439  0.3256  1.2764  3.9669  1.7361  1.6643  0.8876  1.4311  1.8973  0.9  2.4448  2.6364  0.2915  0.677  2.2814  1.39  0.9269  0.165  1.815  2.9647  
trainID = 2771  0.6784  2.0134  4.5662  0.907  1.1872  2.028  2.37  2.9145  1.963  0.6558  5.149  0.662  3.5387  3.8415  0.4784  3.546  1.4639  0.4507  2.2023  2.8812  0.3103  0.0296  0.214  0.947  0.8552  1.6717  0.0754  4.4244  3.0436  8.1563  2.1633  0.7133  3.8003  0.7993  2.496  5.3629  2.7405  1.6086  2.7273  1.2129  4.2781  1.0563  2.435  3.546  1.3542  1.276  
trainID = 2910  2.4353  0.4124  0.916  0.096  0.497  1.296  1.549  1.3451  0.3326  0.9916  4.062  1.2795  0.5069  0.8511  0.0725  1.8166  0.8844  1.3323  1.8368  1.0616  1.2463  1.0295  0.196  0.122  1.9287  1.238  1.7571  4.3549  3.2514  7.7263  0.5774  1.018  1.6103  1.3538  1.309  3.8402  1.9558  3.2193  3.3613  1.1544  3.8998  0.0254  0.829  0.197  0.2711  3.063  
trainID = 2918  0.4877  0.436  2.534  1.771  0.2398  2.62  1.227  2.9595  3.008  0.2395  5.852  0.404  2.3288  3.6416  2.7698  3.0635  0.3042  2.8142  0.599  3.2021  2.1454  0.7235  1.22  0.331  0.5532  1.432  3.1735  9.7284  5.5372  9.2369  2.1884  0.711  1.8156  1.347  0.3442  4.9029  4.5913  1.4855  3.2029  1.8641  3.5851  1.6215  1.185  2.518  0.5864  1.663  
trainID = 2948  0.475  0.9076  0.7565  2.444  0.8612  1.3416  2.4329  2.436  1.9157  2.493  1.414  1.0689  3.276  1.2569  8.0526  0.2366  3.9106  2.2132  0.9862  2.0263  1.67  1.759  1.7833  2.4954  0.874  0.287  1.7483  1.7153  0.0048  0.188  3.658  1.2461  0.349  5.2381  1.8846  2.691  3.601  3.9298  2.8653  2.754  2.1979  0.1891  0.72  1.1493  34.4801  
trainID = 2959  0.9536  0.3641  2.396  0.4177  0.4368  3.0781  0.469  0.4079  1.738  0.3971  1.5302  0.897  0.8642  0.3007  0.3643  1.3097  1.1967  1.6976  1.203  1.0469  0.2831  0.1764  2.7872  0.367  0.5657  0.0879  0.0106  3.7229  1.0165  2.3069  2.6547  1.7975  0.9257  0.1137  1.11  1.7579  0.0523  1.415  1.5225  1.8939  1.6448  0.0153  0.365  1.213  2.9005  1.226  
trainID = 2977  0.882  1.6484  1.5411  0.47  3.2218  1.1824  4.6074  0.093  1.4036  3.248  1.0754  4.426  1.5692  6.9109  4.0675  2.2873  5.4268  1.5073  3.6267  1.038  1.561  2.1208  1.0017  0.358  0.008  2.8353  1.8152  0.9676  0.1851  2.57  3.9334  0.4372  4.8355  3.2456  2.7412  3.779  1.7001  1.3645  1.3812  3.5522  0.1046  2.4333  0.1286  34.0551  2.015  
TrainID = 2959  dbValue = 1.15219  nTestCell = 48  nTrainCell = 46  nDiff = 2  (X,Y) = (1655, 2505)  Position Error = 34.1321
TrainID = 1639  dbValue = 1.3944  nTestCell = 48  nTrainCell = 45  nDiff = 3  (X,Y) = (1675, 2495)  Position Error = 54.4518
TrainID = 919  dbValue = 1.47005  nTestCell = 48  nTrainCell = 46  nDiff = 2  (X,Y) = (1685, 2535)  Position Error = 72.0069
TrainID = 1476  dbValue = 1.48001  nTestCell = 48  nTrainCell = 47  nDiff = 1  (X,Y) = (1625, 2495)  Position Error = 8.06226
TrainID = 2765  dbValue = 1.50383  nTestCell = 48  nTrainCell = 45  nDiff = 3  (X,Y) = (1625, 2495)  Position Error = 8.06226
TrainID = 821  dbValue = 1.52029  nTestCell = 48  nTrainCell = 45  nDiff = 3  (X,Y) = (1625, 2505)  Position Error = 5
TrainID = 486  dbValue = 1.52137  nTestCell = 48  nTrainCell = 45  nDiff = 3  (X,Y) = (1665, 2505)  Position Error = 44.1022
TrainID = 2026  dbValue = 1.55907  nTestCell = 48  nTrainCell = 45  nDiff = 3  (X,Y) = (1675, 2495)  Position Error = 54.4518
TrainID = 883  dbValue = 1.56001  nTestCell = 48  nTrainCell = 46  nDiff = 2  (X,Y) = (1645, 2525)  Position Error = 33.2415
TrainID = 600  dbValue = 1.56526  nTestCell = 48  nTrainCell = 46  nDiff = 2  (X,Y) = (1675, 2515)  Position Error = 55.5428
TrainID = 2910  dbValue = 1.61108  nTestCell = 48  nTrainCell = 46  nDiff = 2  (X,Y) = (1685, 2535)  Position Error = 72.0069
TrainID = 2107  dbValue = 1.71524  nTestCell = 48  nTrainCell = 46  nDiff = 2  (X,Y) = (1665, 2535)  Position Error = 55
TrainID = 1336  dbValue = 1.77772  nTestCell = 48  nTrainCell = 45  nDiff = 3  (X,Y) = (1625, 2525)  Position Error = 23.3452
TrainID = 1685  dbValue = 1.78798  nTestCell = 48  nTrainCell = 45  nDiff = 3  (X,Y) = (1585, 2445)  Position Error = 67.4166
TrainID = 1537  dbValue = 1.92012  nTestCell = 48  nTrainCell = 45  nDiff = 3  (X,Y) = (1705, 2525)  Position Error = 87.0919
TrainID = 1809  dbValue = 1.9358  nTestCell = 48  nTrainCell = 46  nDiff = 2  (X,Y) = (1605, 2555)  Position Error = 55.3624
TrainID = 709  dbValue = 1.94172  nTestCell = 48  nTrainCell = 46  nDiff = 2  (X,Y) = (1745, 2495)  Position Error = 124.197
TrainID = 2282  dbValue = 1.97093  nTestCell = 48  nTrainCell = 46  nDiff = 2  (X,Y) = (1705, 2535)  Position Error = 90.2497
TrainID = 2741  dbValue = 1.99865  nTestCell = 48  nTrainCell = 46  nDiff = 2  (X,Y) = (1735, 2515)  Position Error = 114.739
TrainID = 2576  dbValue = 2.01837  nTestCell = 48  nTrainCell = 46  nDiff = 2  (X,Y) = (1745, 2555)  Position Error = 134.852
TrainID = 1686  dbValue = 2.03803  nTestCell = 48  nTrainCell = 46  nDiff = 2  (X,Y) = (1715, 2575)  Position Error = 119.017
TrainID = 2672  dbValue = 2.06059  nTestCell = 48  nTrainCell = 45  nDiff = 3  (X,Y) = (1635, 2585)  Position Error = 84.1724
TrainID = 2171  dbValue = 2.07699  nTestCell = 48  nTrainCell = 46  nDiff = 2  (X,Y) = (1745, 2495)  Position Error = 124.197
TrainID = 2771  dbValue = 2.19119  nTestCell = 48  nTrainCell = 46  nDiff = 2  (X,Y) = (1735, 2515)  Position Error = 114.739
TrainID = 2918  dbValue = 2.35206  nTestCell = 48  nTrainCell = 46  nDiff = 2  (X,Y) = (1755, 2535)  Position Error = 138.004
TrainID = 1191  dbValue = 2.47125  nTestCell = 48  nTrainCell = 46  nDiff = 2  (X,Y) = (1755, 2555)  Position Error = 144.101
TrainID = 1800  dbValue = 2.48475  nTestCell = 48  nTrainCell = 46  nDiff = 2  (X,Y) = (1725, 2575)  Position Error = 127.063
TrainID = 2948  dbValue = 2.66629  nTestCell = 48  nTrainCell = 45  nDiff = 3  (X,Y) = (1675, 2415)  Position Error = 102.396
TrainID = 2119  dbValue = 2.67325  nTestCell = 48  nTrainCell = 46  nDiff = 2  (X,Y) = (1735, 2595)  Position Error = 147.122
TrainID = 2977  dbValue = 2.87471  nTestCell = 48  nTrainCell = 45  nDiff = 3  (X,Y) = (1705, 2435)  Position Error = 107.448
TrainID = 2751  dbValue = 3.90148  nTestCell = 48  nTrainCell = 45  nDiff = 3  (X,Y) = (1525, 2335)  Position Error = 192.627
TrainID = 789  dbValue = 4.28226  nTestCell = 48  nTrainCell = 45  nDiff = 3  (X,Y) = (1555, 2315)  Position Error = 198.305
TrainID = 1158  dbValue = 4.44187  nTestCell = 48  nTrainCell = 45  nDiff = 3  (X,Y) = (1595, 2305)  Position Error = 198.708
