trainID = 309  4.5397  2.7771  1.9516  1.4263  6.4941  0.504  33.9761  1.4323  1.1936  0.5242  1.2792  3.8915  2.4045  0.9827  0.8474  0.8895  2.463  4.5037  1.6735  0.0227  2.8757  1.189  2.3115  1.0851  3.4358  2.257  1.258  2.2234  1.6649  35.0832  3.8546  0.3258  1.2635  1.9889  2.6037  1.6675  0.718  2.9798  2.7253  2.1987  1.373  0.7617  0.255  1.3222  0.1277  
trainID = 384  0.173  1.9515  1.7696  0.568  3.518  0.646  0.442  6.9745  5.626  3.5116  3.8334  1.3514  1.8133  5.0441  2.7893  1.3455  4.9222  2.293  5.6629  8.0741  5.6256  6.9816  13.3822  0.7133  3.118  5.3909  0.2943  1.327  2.8133  0.4786  6.9743  6.6726  3.4982  2.6636  5.3015  1.2298  3.0857  3.7257  2.609  2.7718  1.6208  1.1054  1.6564  0.872  
trainID = 406  1.6887  1.3013  4.0606  1.293  2.8853  1.86  1.367  2.2431  2.5461  3.8577  1.2407  3.258  2.2166  1.3654  0.2502  0.9897  6.4702  2.849  4.5803  4.6717  3.3799  2.052  8.8211  3.6211  0.3739  3.9441  2.4411  1.2613  1.3814  5.5331  3.7199  1.9478  1.4458  5.1305  1.4957  0.9104  2.3476  1.218  2.0869  1.361  0.1089  1.2133  1.443  
trainID = 474  0.6767  2.5061  1.2666  0.095  4.6047  2.525  34.1981  2.2987  2.5622  1.2881  0.2908  3.9209  0.062  0.5134  0.9381  1.6249  1.9734  3.1996  0.2495  0.551  0.5081  2.2955  1.0098  1.4477  1.7313  1.534  0.7026  0.3457  4.4226  0.4755  0.0703  0.72  1.4354  3.6623  3.4238  1.3392  1.786  2.164  1.892  1.4115  1.749  0.5652  0.7159  
trainID = 497  0.2473  3.6585  1.2106  2.6618  3.8427  0.48  1.4979  7.303  6.904  2.6093  0.662  1.2889  1.8306  4.0502  1.5855  0.1112  4.4532  2.568  4.7678  7.8944  6.0784  5.1573  1.9639  7.7237  2.1415  3.0374  3.6798  0.057  1.413  1.1032  3.5181  0.2553  0.799  3.3854  4.8829  0.1212  4.1272  0.7797  1.215  3.6046  0.986  0.5562  1.0665  
trainID = 502  8.1585  0.2812  4.8906  33.3134  31.5049  2.6243  6.2297  4.732  5.2244  2.1586  1.9443  0.329  5.3179  1.4559  1.262  1.9822  1.5908  2.7161  8.8469  14.3499  1.4149  3.8454  2.463  12.0078  3.449  0.4541  4.3196  36.8635  1.1392  0.2571  1.2817  1.3103  3.6941  2.491  2.178  0.0436  0.4128  2.7026  2.2913  1.3317  1.768  0.0545  1.0134  
trainID = 505  5.5672  3.7501  0.4556  0.365  2.0255  3.7723  35.0877  1.897  5.6167  0.9596  2.8727  2.9554  1.4224  1.102  3.3098  1.6529  0.019  3.4827  1.0449  3.2122  11.4369  14.6645  11.4146  3.3471  5.6499  1.7857  3.071  0.846  2.7919  36.8036  2.0947  0.4484  7.252  0.0354  0.3313  0.1527  0.066  2.4178  1.67  4.4635  0.679  1.7121  0.4756  
trainID = 562  4.4692  2.8867  1.4536  32.3264  34.4859  5.5077  5.9989  1.1624  4.2773  2.4511  1.7841  1.566  3.3846  2.6319  2.245  4.4248  1.685  1.8393  1.8304  17.0983  5.29  4.0289  0.4046  6.7116  3.748  2.9451  5.3683  37.2667  0.3483  2.99  2.8108  0.2953  1.7384  1.4684  0.438  2.3528  1.5255  3.2958  0.622  2.5629  0.315  0.0287  5.2367  
trainID = 644  1.6082  0.1272  2.3956  0.166  0.9296  3.7914  0.244  0.1211  1.412  2.9565  1.496  4.1676  2.5571  2.2944  0.2245  2.7639  1.3409  0.699  0.3968  3.9553  0.2575  0.8171  2.8626  2.0704  4.7418  0.982  1.9093  4.1621  37.2794  0.1302  0.0046  2.1016  0.4409  1.1039  2.8398  0.3488  0.5675  0.8028  0.9052  1.487  0.1247  0.412  2.1672  1.36  
trainID = 647  1.8983  3.9763  0.8257  0.735  3.9731  0.394  2.4025  3.0423  0.284  1.4105  5.6653  1.7475  2.237  0.2572  0.528  0.153  0.944  3.1405  1.1783  2.2176  3.6008  0.7468  0.6418  2.6269  2.8898  1.138  0.3642  1.057  1.099  2.2735  2.2469  0.5439  0.8478  1.5861  3.2108  1.6463  0.7012  0.4231  1.9385  2.371  1.9684  1.219  0.338  0.9426  
trainID = 668  2.5443  1.0274  1.0132  0.406  2.6602  3.4212  0.896  0.2268  1.2566  2.3963  1.7487  4.8221  2.078  3.5059  0.9402  1.3454  0.59  2.7412  2.7281  1.3672  1.6776  1.6962  5.4002  0.1895  2.8676  3.2751  0.3307  0.046  0.5115  1.4  3.4101  3.1453  3.9138  0.0019  0.1482  1.7313  1.3866  0.8594  1.6299  2.4648  1.179  0.8762  2.1744  0.9142  0.6823  
trainID = 770  0.7905  2.8905  0.6186  0.992  2.9998  4.6234  0.756  0.2301  6.7423  4.3779  4.5481  3.0334  0.3699  2.7156  1.7853  0.3637  0.9221  5.2382  3.27  6.9987  8.0666  11.6595  8.8028  14.9512  5.9209  0.7289  4.7695  1.9103  1.0086  1.2988  10.7328  7.0783  1.0352  2.3334  4.7905  2.7884  6.0515  5.3538  0.053  2.3251  1.322  0.0447  1.8232  2.05  
trainID = 860  0.967  1.2882  3.2326  2.5103  5.0283  0.291  1.1083  6.9632  3.1567  2.171  0.7639  1.1496  3.833  2.2065  0.8115  0.1685  2.1161  0.3644  1.7264  6.0691  6.5118  3.2123  6.4547  3.1366  1.2756  2.5821  0.2135  0.6466  2.304  6.8582  4.9763  2.8224  2.8388  2.4438  2.0194  3.7857  2.1521  2.068  2.6114  2.085  0.8452  0.4882  1.803  
trainID = 864  2.6955  1.6896  1.9117  1.9572  4.4322  2.177  1.947  3.6952  6.5803  2.4301  0.8313  5.8879  2.5183  3.7653  0.8887  2.3188  0.3066  4.0862  0.2289  4.0449  6.2611  5.847  2.6198  0.9305  8.304  0.2648  1.0654  1.6648  3.8526  1.3691  4.2711  0.1916  2.7848  1.1537  4.1881  2.1598  0.7431  0.8885  0.215  0.7297  1.597  3.1222  0.7636  
trainID = 870  3.3376  3.4977  3.2646  0.896  2.1263  2.046  37.9508  1.3394  2.0556  1.766  1.9518  4.7556  1.4258  0.3586  2.2734  0.8557  2.4686  0.0104  3.2077  5.0918  4.4191  5.0443  1.4205  1.5635  0.2292  0.926  1.0765  3.8173  34.1862  1.3326  0.6627  2.6509  2.219  0.2865  1.7133  3.1879  0.3412  1.1324  4.8028  1.448  0.5807  0.179  4.4762  2.0425  
trainID = 890  1.9751  0.7184  1.0066  0.271  2.7597  1.681  0.623  0.703  0.7759  4.2715  2.4115  0.9514  0.0605  0.905  1.4276  0.2042  0.658  0.0051  0.2781  1.278  0.4874  0.2667  0.2259  0.5626  5.1596  7.3499  1.922  1.7692  4.0735  35.7012  0.3936  2.5548  3.0856  1.4348  5.174  2.6937  1.5676  0.4142  1.3915  0.1916  3.3345  0.9781  1.705  1.1269  2.4237  
trainID = 906  1.1069  1.801  4.4006  1.728  1.6054  1.893  1.1465  4.2166  4.878  1.8623  2.4217  0.0599  1.7115  1.348  2.1404  0.2595  4.5842  2.467  4.0452  6.5277  6.1131  5.3455  5.3001  4.2972  0.3004  3.3967  0.7163  1.715  0.1331  2.2203  4.5191  2.7808  5.1922  1.0843  2.0953  2.2806  4.8643  1.2672  2.106  0.8548  1.642  1.4602  0.9227  1.258  
trainID = 928  0.8529  2.3239  0.6126  0.217  2.8799  1.321  0.0422  7.2325  2.6914  0.9  3.0425  1.4696  3.0135  1.1887  0.52  3.2389  5.2072  0.5095  2.6468  7.035  8.539  6.6157  11.1987  1.4752  2.1477  1.8993  0.0588  0.152  2.1017  2.7647  7.5896  6.8113  5.3335  2.8643  2.1443  0.2356  2.2412  1.1967  1.9  4.7125  0.348  0.1221  0.158  0.133  
trainID = 931  3.9159  0.5124  3.6046  0.779  3.7346  1.239  33.8976  1.5968  1.979  1.1257  1.379  0.7839  2.0836  0.804  0.1551  0.8355  1.3727  0.2696  1.0941  4.1546  2.947  1.6094  3.1886  1.8529  4.2247  2.18  2.7505  2.0955  34.9762  0.5575  1.39  2.5587  2.5087  2.7684  0.7709  2.2325  1.6557  2.5805  1.63  1.489  1.8592  0.826  0.1522  0.1633  0.55  
trainID = 937  7.2295  2.9205  1.0366  31.4934  33.5777  4.1365  5.7158  1.2492  5.2338  0.5947  4.6839  0.762  3.1312  3.6959  0.227  2.006  2.6385  3.4232  10.9571  25.7526  6.2123  3.0266  0.6577  7.1472  3.163  0.1828  7.0076  37.8956  1.0161  2.28  5.0086  2.5218  1.6239  1.386  0.6666  1.291  0.2554  4.3497  0.44  1.3423  0.44  1.6412  2.4067  
trainID = 949  2.1539  0.0362  3.5166  1.4331  1.989  1.834  0.517  0.147  4.7356  1.8432  2.4658  1.0581  0.5033  2.0357  0.1379  1.4989  1.3721  4.3652  0.3273  4.3006  2.6997  4.3782  2.6574  8.0112  0.5114  0.328  3.138  0.4366  0.2411  2.053  3.873  1.8849  1.5882  0.7083  2.7967  0.8392  3.2136  2.5263  1.013  3.1411  1.6464  1.0922  1.5225  
trainID = 957  1.8025  1.2512  0.2533  0.545  4.5168  1.684  0.0722  8.5671  4.1733  4.6877  1.5104  0.8703  2.2388  2.4316  2.9178  1.1362  4.0702  3.438  7.5751  6.4186  7.9731  7.7525  2.4158  10.3956  2.5338  0.9397  1.2231  2.6001  3.1543  4.6001  4.1122  0.4543  5.0608  3.9995  0.8458  4.159  1.3471  0.656  1.9708  1.175  2.1992  0.7238  1.896  
trainID = 966  0.7612  0.9744  0.2746  3.2311  4.6706  3.182  0.609  0.7819  5.8108  1.7649  3.4902  3.9791  0.0446  5.2807  2.627  1.2336  0.9687  3.3639  3.943  7.4734  4.4443  5.7104  3.1669  1.7559  6.7573  0.7064  0.0813  0.1223  1.963  3.2273  5.6875  0.0778  0.3821  1.8527  3.3273  0.0703  3.519  0.3265  0.431  1.8708  0.106  0.8392  0.9585  
trainID = 978  1.5228  1.5337  2.5696  2.506  1.1877  0.796  0.2239  4.0419  5.157  0.922  0.8727  1.0473  1.5918  2.0438  1.8837  0.7837  4.4162  0.2896  4.5865  7.0638  6.2605  6.2637  9.3114  1.8158  1.2235  5.6873  1.6631  1.442  1.0849  1.1319  6.1736  4.5096  2.4812  3.1494  2.7745  1.0054  3.3933  2.4131  0.821  1.8902  0.31  0.0205  2.033  
trainID = 981  6.0197  1.4986  0.5956  31.8544  33.2979  3.4833  5.6443  3.1147  1.4388  1.4588  2.4074  2.325  1.7232  1.0633  1.702  5.053  0.1247  0.7527  4.3347  16.526  5.7068  6.4364  0.0281  7.1964  2.545  1.5343  3.8563  36.9529  1.1494  3.5912  5.9709  1.1603  0.1733  0.5453  0.6797  0.8842  1.8976  3.3514  1.364  2.0063  0.568  0.8852  0.8371  
trainID = 982  0.7641  1.1169  1.6647  0.996  3.4739  2.067  0.688  1.6629  3.7821  2.8103  0.7292  0.3463  1.2888  2.2327  2.6587  1.085  1.9267  2.5873  0.5338  3.4346  4.3484  3.8337  2.3938  1.863  0.8513  2.063  2.1761  0.9078  0.906  1.6743  0.3129  2.9634  1.1179  2.1048  2.1857  2.6053  2.7812  4.4505  0.348  0.925  2.7065  0.673  0.9792  1.1041  
trainID = 992  3.9427  1.7255  0.9846  1.773  1.3785  3.6074  35.1847  0.3647  1.9484  0.2018  1.8964  3.4518  2.0348  0.017  1.9006  0.5793  4.4513  0.6852  1.6428  5.9282  6.9513  9.2443  4.0258  5.1667  1.0301  4.425  1.0427  3.4838  31.4638  3.5821  1.8411  1.6518  2.4192  3.5846  1.3186  2.111  2.6668  1.9326  3.8393  1.047  2.8464  0.177  1.8812  1.4425  1.731  
trainID = 1077  2.1193  3.2423  4.1586  1.9772  0.5278  1.877  1.0003  8.45  4.3278  5.5169  3.1963  0.0541  4.5057  4.0068  3.9889  2.5552  5.2342  1.608  6.9981  8.764  8.2872  10.883  16.5837  7.0373  3.2041  5.4423  0.5432  1.6408  0.2037  9.0449  7.7609  2.0526  3.9705  3.9241  2.2317  6.1833  3.9124  1.089  3.6062  1.5933  0.4977  1.5268  0.089  
trainID = 1152  2.1462  0.0726  0.2176  0.705  3.6934  0.423  2.3291  0.8313  0.4913  3.714  1.2771  1.02  1.1275  0.0621  0.0972  0.3983  4.7322  1.4941  1.0808  1.1164  1.3563  0.3748  4.5724  3.7544  0.5743  2.1371  1.7455  1.304  0.2736  0.4039  1.4819  0.1626  1.2512  0.4233  2.1287  0.5361  1.2556  2.3368  1.01  0.0165  0.897  0.5172  1.3453  
trainID = 1189  3.7807  1.2343  1.3489  1.041  4.5886  2.439  35.0432  3.3388  6.056  0.8708  0.0938  4.0379  1.5092  1.3042  0.9526  2.2339  2.895  2.9253  3.0686  3.2938  2.7486  6.5172  11.2754  7.1521  4.4355  0.8338  1.732  2.2686  3.5872  33.84  4.6146  0.7119  3.1033  2.6926  0.9199  2.4047  1.535  1.7349  0.7928  4.4692  1.676  0.4875  32.7822  
trainID = 1193  2.4876  3.5704  2.3416  1.6642  3.4144  3.1  0.3417  11.1176  6.329  6.5719  0.3237  0.9414  4.3526  2.1236  2.7545  2.4057  5.0472  2.421  6.7934  9.5971  9.6329  12.623  13.307  13.7048  0.8077  5.712  1.6571  0.7928  1.8886  9.8528  6.3027  1.9721  9.5515  3.7971  2.0918  5.0711  4.054  0.307  4.3074  0.86  0.3702  0.1446  0.44  
trainID = 1197  0.8426  0.9055  0.8676  1.245  2.8274  0.945  0.727  4.8283  3.0322  1.9862  1.2745  3.8382  1.6061  2.526  1.0604  0.1573  1.6268  2.7876  0.7424  3.4004  3.0391  2.8097  1.1624  2.5207  3.7772  0.746  0.9109  0.1232  4.0178  0.655  0.6287  0.6188  0.2031  2.3675  1.5902  0.6867  1.1163  1.32  1.968  1.6441  0.314  0.2012  1.1755  
trainID = 1198  2.5212  1.257  3.0776  1.663  2.4041  1.512  0.394  0.4268  4.7572  3.1033  1.1477  2.8945  0.906  1.4854  1.1739  1.4435  1.0839  2.0218  1.804  4.1286  3.7423  4.5622  0.1743  1.3963  5.7495  1.2642  0.9696  0.4692  0.585  1.2607  0.2236  2.1888  1.3814  0.4143  1.9755  1.9828  0.0437  1.6383  1.3801  0.072  1.6915  0.392  2.4422  1.3547  1.382  
trainID = 1215  5.664  1.4636  2.9776  28.7144  1.632  2.5001  3.3244  2.4336  4.2456  0.0334  0.3212  0.038  0.9572  1.5309  0.454  1.0905  1.327  0.6161  1.6006  2.4119  1.1042  2.5372  4.1222  8.7462  1.0224  3.0215  3.2878  36.9909  0.4088  2.0752  0.534  3.3555  4.6481  3.1827  0.4583  0.3213  1.7724  1.0838  3.9299  2.3028  0.412  0.7692  3.0944  
trainID = 1229  0.7339  6.2305  1.5326  0.545  3.3151  2.9625  1.1972  9.4164  2.5164  3.7128  1.2804  0.0635  2.6171  1.8805  1.9281  0.13  5.7502  0.0498  4.2194  7.6278  6.8896  7.6005  10.2694  6.6799  1.2261  4.4474  0.0246  1.7328  0.4582  6.8606  4.235  3.1486  3.7853  2.9397  2.9902  3.8034  2.4575  0.224  3.4063  1.042  2.8262  0.9099  1.62  
trainID = 1240  2.6559  2.282  1.4196  0.685  1.5464  2.7903  33.8033  0.789  1.8048  1.6946  0.4174  3.3875  1.7358  0.8052  1.7279  0.4723  1.38  3.5144  0.8016  2.1442  1.9723  4.3372  7.1339  4.2603  4.9754  0.5569  0.0274  2.9816  0.5301  35.5693  3.9273  2.7323  1.3069  2.6848  1.0678  0.2893  1.7187  0.6818  1.672  3.6381  0.846  0.6107  34.1302  
trainID = 1250  4.6204  1.2253  1.1696  32.7184  33.4624  3.6663  4.2823  2.7682  3.7773  0.9737  1.657  2.374  0.1163  2.2779  0.851  3.3812  0.0844  2.9568  4.9833  15.7907  2.4527  2.6823  1.0758  5.5066  3.329  0.0848  4.2002  36.4741  0.7813  3.7067  1.8834  0.6318  3.3958  3.3423  0.076  1.1028  0.3801  4.6328  1.579  2.1067  1.003  1.8452  0.7082  1.033  
trainID = 1271  1.1473  0.7365  2.2676  2.602  2.1259  2.9574  4.0176  5.2517  3.2584  2.8042  3.3486  1.0856  4.9255  3.9807  0.7206  1.1359  2.0554  2.274  3.3093  4.0235  3.0227  6.5597  3.451  4.581  1.8391  2.1879  2.8488  2.044  3.1273  5.6722  0.9852  1.9477  2.7944  1.4622  2.0108  3.9277  0.1964  0.471  4.3074  0.097  1.4942  1.6792  0.016  
trainID = 1273  4.5017  3.4008  1.5806  30.9054  32.4633  1.6036  4.7181  1.991  3.0743  0.8174  2.9962  0.5064  1.0799  1.0886  1.479  2.5587  0.6962  1.211  3.339  11.9259  2.8387  3.8579  1.9269  4.5694  1.773  1.6598  4.2861  37.0502  1.2294  2.755  2.7457  0.0208  1.8662  2.3012  0.927  0.3693  0.5261  3.9855  1.374  0.7665  0.165  0.3652  1.0315  
trainID = 1293  2.9426  1.2292  0.3726  0.19  4.7978  3.5175  35.6077  0.1181  3.8361  0.8476  0.732  4.9989  0.4739  1.3142  1.4227  0.0869  0.176  2.3805  0.2491  1.6257  2.6585  3.5679  3.9234  1.1614  4.0889  0.4081  1.9  0.9679  3.1564  37.7771  3.2413  0.3323  0.7378  4.2964  0.3019  1.6958  0.216  2.2168  1.0264  1.7439  2.6558  0.9094  0.191  0.6782  2.6553  
trainID = 1294  1.6215  2.6225  1.5106  1.565  4.4703  0.61  0.242  1.3998  0.9536  0.445  1.4659  4.8545  0.9382  1.1238  0.8312  0.0557  0.563  2.4985  1.256  1.5388  0.2565  0.0789  1.6137  0.1571  0.8627  0.79  0.3499  0.7689  2.703  1.1751  0.8674  2.6123  2.5601  1.2048  0.938  0.8597  0.0607  1.115  1.829  1.0922  0.487  3.1502  1.5084  
trainID = 1302  0.2285  4.858  0.5276  1.545  1.4333  1.372  0.1456  5.731  2.6461  1.6305  1.605  1.2995  3.3455  2.4564  0.4147  0.1976  3.3444  1.343  3.4102  4.6058  5.0131  5.0812  4.9153  4.9479  0.198  1.8943  1.5639  3.1778  0.0447  6.1404  0.7788  2.5205  2.874  4.5815  1.9318  3.7326  1.5778  0.158  2.2304  1.905  0.5842  2.3243  0.497  
trainID = 1305  0.4052  1.0927  0.3388  0.545  5.002  1.056  35.3215  1.3336  1.076  2.4712  0.1567  4.9054  3.7311  2.7823  2.0163  0.7038  3.5526  1.9245  1.3379  0.2955  0.4576  0.2386  0.8424  5.9002  1.6429  0.634  0.5362  0.7519  1.5292  0.5449  0.0474  0.8851  1.4215  0.6679  0.5928  0.072  1.6364  0.4872  0.301  1.1596  1.061  1.2482  0.9499  
trainID = 1317  2.2445  1.9709  0.4376  1.01  6.4423  1.319  35.2825  2.9992  0.3067  0.6081  0.4089  5.1954  1.1658  0.6393  1.4361  2.2299  2.5961  1.7977  0.2933  1.4175  4.0045  0.127  1.5051  1.0257  0.9053  0.2584  0.3023  0.8152  33.5542  0.3708  0.1889  1.8973  1.3163  0.1936  2.8212  1.494  1.4393  1.8582  2.8005  5.0471  0.4281  2.254  1.8642  0.5172  
trainID = 1339  2.654  3.5167  1.1066  1.785  1.7644  1.058  0.4371  8.1695  3.7047  6.2113  2.8269  0.24  4.5129  4.6906  2.3281  2.4832  5.5412  3.006  8.8044  7.5877  9.5942  17.29  13.645  18.6069  4.3554  5.077  3.0828  3.9645  3.6013  8.8761  5.8948  0.8106  5.9258  3.239  3.8018  6.3197  0.7477  1.125  6.5189  0.271  2.6802  0.067  2.398  
trainID = 1343  2.0074  2.5988  2.7036  0.614  1.4267  0.213  0.4145  7.9183  6.88  3.57  4.3227  2.4887  2.9408  3.0633  1.3325  2.8961  5.0022  2.154  8.4048  7.6199  9.8574  7.6429  14.4191  1.1802  0.5332  3.2802  1.892  1.43  0.6011  7.4009  7.7833  2.3659  4.7661  4.3797  3.6125  5.2743  4.3193  0.844  3.5039  0.834  1.2032  1.317  2.488  
trainID = 1344  2.2609  3.189  2.6556  0.94  4.278  3.3582  0.275  0.6891  8.3504  4.808  6.3659  2.975  1.6197  5.8993  5.9482  3.1852  2.6684  5.1492  2.625  8.2326  9.9584  10.3639  15.0907  13.0412  16.4679  4.6885  4.295  2.4562  1.3754  3.8273  11.0648  6.8861  1.9907  5.3943  3.8577  2.8093  5.1359  2.8859  1.798  4.0742  2.2972  1.2492  0.3149  0.051  
trainID = 1364  1.4663  2.217  0.2226  2.8391  3.2967  0.655  1.666  1.1581  1.9171  0.5653  2.0157  3.7401  1.2031  1.4549  0.4484  0.9548  0.194  0.59  2.9718  1.5423  1.7836  0.5301  3.23  1.4362  1.2949  0.3522  1.4723  0.4105  1.1403  4.5486  1.4554  1.893  2.8371  1.1945  2.0972  2.3706  1.7263  1.3766  0.7267  1.757  0.1797  0.175  1.4032  2.3531  
trainID = 1374  2.2108  1.2269  1.1566  0.003  2.4122  0.994  0.741  1.1353  0.4305  3.7414  3.9439  1.4206  2.7068  0.161  0.8877  1.0076  0.623  0.957  2.9136  0.3441  1.0472  2.1247  0.1448  2.6371  3.7268  3.7058  0.3112  2.0396  2.8644  0.111  0.8684  1.966  3.9397  0.9538  0.7039  0.9886  0.9604  0.9034  2.4209  2.2941  4.6065  0.413  1.8624  1.2562  2.7671  1.465  
trainID = 1403  2.1834  0.6962  0.2204  1.212  5.7207  0.247  0.738  1.1863  1.7737  2.2873  0.0016  2.2372  0.5374  2.8806  0.2216  0.4178  0.2234  1.8398  0.8144  0.1795  1.3383  1.5119  1.8507  0.7165  2.4202  0.3672  1.6976  0.9479  1.121  3.218  0.2803  3.8399  2.019  1.4501  1.2403  2.7705  0.5324  2.7534  0.0437  1.047  1.3921  0.029  1.0374  0.8307  1.17  
trainID = 1426  2.2201  2.731  1.0406  0.235  5.0416  0.217  30.3228  2.1851  2.7402  0.3324  2.994  4.5442  1.2052  1.0141  2.3517  1.4204  1.318  1.3526  2.4941  5.7004  6.706  5.0123  2.3736  6.9964  1.984  1.564  1.3097  0.649  36.6306  1.8787  0.2709  2.7486  2.0907  1.2856  1.8863  0.8252  1.0368  0.6305  4.9246  1.037  1.7253  0.391  2.3992  1.0608  
trainID = 1429  2.3207  2.4053  1.7536  1.867  3.8392  2.148  0.2422  8.6587  6.531  8.3272  2.9104  0.0727  4.8314  5.5282  4.2166  0.1869  5.0352  2.303  7.9404  7.6504  9.4282  9.1349  3.72  14.2391  2.8365  2.1064  3.0231  3.2087  0.7282  7.37  2.6821  1.7741  5.7503  3.4772  1.41  3.0364  1.7527  0.136  2.8526  0.35  1.2672  0.9748  0.254  
trainID = 1431  5.4794  1.0727  2.3936  31.1484  34.5068  3.7748  0.5855  2.9749  4.4721  1.195  3.162  0.7976  0.8405  1.8509  0.703  0.8696  0.4433  1.7541  3.3842  12.1672  0.1771  2.7849  2.0397  8.3632  1.2584  2.4376  4.7189  35.3841  2.1463  3.0484  2.1564  0.1954  4.8407  2.7776  2.8849  0.4524  0.8513  2.9871  3.3625  4.5047  3.2866  0.6895  0.1701  0.364  
trainID = 1462  2.1296  1.5748  3.1806  0.286  3.0431  1.089  1.5981  1.1812  0.914  3.7986  2.8679  3.1218  0.282  1.9267  0.4894  0.065  0.1562  6.9082  0.7674  2.5962  3.218  6.1257  0.7785  6.2168  5.4547  0.5203  2.2107  3.1901  1.115  0.2002  0.1825  5.6329  3.2584  4.3217  1.5431  3.7218  0.712  2.8676  2.8576  0.214  1.4648  0.974  0.5082  3.7349  
trainID = 1470  0.9674  1.506  0.7416  0.337  3.9069  1.093  0.927  1.2786  5.6678  3.6429  2.7342  1.1232  0.8  3.2184  2.9654  2.0947  1.9182  4.4722  0.3831  5.4082  6.9639  5.8226  6.6891  4.4816  3.5502  1.081  3.1749  0.4994  0.458  2.8555  3.0023  4.6993  0.2051  2.178  3.2539  0.8675  1.7408  3.3631  1.7075  2.7062  1.3185  1.232  0.7142  2.4219  
trainID = 1479  5.6077  1.94  0.2255  1.026  4.3604  1.226  0.029  1.7224  2.3386  3.1172  2.4905  0.6676  1.9789  2.2184  0.7955  0.6161  0.341  2.2725  2.818  2.7659  3.2622  7.307  2.642  2.8321  3.8846  1.5079  3.0702  3.6504  0.087  0.7272  0.7542  4.6404  0.6117  4.5464  0.3262  3.6834  0.5051  1.9378  4.1462  1.21  2.6423  0.176  1.0322  2.1251  
trainID = 1481  3.797  0.8891  1.5436  0.245  0.358  2.383  1.5383  3.626  2.3617  2.792  1.5471  3.4834  0.677  1.9842  0.456  0.014  0.7972  3.2097  0.4385  5.677  6.5058  5.2417  0.1355  7.0068  3.0195  1.164  5.7077  0.5567  1.9033  1.7416  8.144  2.5479  2.4973  1.7357  1.8815  0.4165  2.6248  2.7534  0.727  0.1168  1.222  0.2132  3.6002  1.932  
trainID = 1502  1.9662  0.9714  0.6886  0.448  3.3557  2.283  0.174  1.4854  6.7082  4.4273  4.3895  0.621  2.0385  2.5866  0.8933  0.6797  0.5483  3.6832  2.712  3.8705  4.6104  6.4259  3.8871  1.0966  9.2204  0.7948  0.551  1.5801  3.7571  1.7314  5.7784  0.6175  0.8313  1.6905  4.3653  2.4468  4.5118  0.5146  0.159  2.5612  3.3228  0.2745  3.6022  1.07  
trainID = 1509  4.5437  0.9552  2.6506  1.8402  3.6552  1.306  0.8286  0.591  2.7853  3.6581  0.1192  2.8257  0.3653  0.7626  0.1949  0.1993  0.7532  0.6926  1.5892  1.0068  1.8392  0.0199  4.014  1.2286  0.1529  3.5362  2.5155  34.5234  0.6864  1.2777  2.076  0.9113  4.5408  0.7673  3.4659  0.9772  2.4747  0.5888  3.2213  1.7127  1.443  2.5612  2.6538  
trainID = 1575  2.8412  0.0566  1.4102  1.119  4.8993  0.212  37.0598  1.9378  1.1753  2.0687  1.7134  5.1345  2.9005  0.354  0.567  0.9419  0.133  4.1553  1.8284  0.913  2.0788  1.3711  0.7776  2.0528  1.6359  0.5261  0.702  0.4682  1.5463  0.074  1.8977  0.522  0.8127  1.238  3.4145  0.6617  0.7766  3.2388  0.7707  0.5795  2.1385  0.5678  0.273  3.0572  1.748  
trainID = 1601  1.0436  0.9355  3.2496  1.5751  1.1488  1.96  0.7561  7.6411  5.593  3.0457  2.087  2.6319  5.5047  2.4714  2.0489  0.8301  5.3352  1.336  9.0396  7.2765  11.3422  11.0156  14.0906  0.8457  0.7764  6.337  2.5468  0.0368  0.4126  10.2458  7.1211  0.7617  3.4378  3.4134  2.4977  7.1427  1.3098  0.875  4.9082  0.942  2.1102  1.0963  1.137  
trainID = 1646  0.1306  1.9521  0.3676  0.752  4.6834  2.7157  0.908  2.3541  3.6545  2.4312  0.4316  4.287  0.8625  2.5425  0.7526  0.694  0.526  1.0932  2.6973  3.232  2.5543  1.672  1.4565  0.0791  2.5535  3.2981  0.1853  1.3097  1.3438  0.635  1.7344  1.539  1.2971  0.0399  0.5286  2.4556  3.6967  1.758  0.2781  0.5865  1.09  0.8729  1.616  2.9862  0.5389  
trainID = 1665  0.8025  0.7869  1.2089  0.749  5.5334  1.957  1.439  1.3673  0.9574  0.2192  1.289  2.2872  0.5707  3.9034  0.1301  2.0099  1.7645  1.2794  0.7137  1.8554  3.981  6.8823  1.9441  1.5774  4.2793  1.747  0.6839  1.0363  0.903  2.5512  2.66  3.0713  3.4452  0.246  3.0086  1.3441  1.8573  1.4778  1.3484  2.281  1.0599  0.466  4.6202  1.1674  
trainID = 1669  3.3873  1.612  0.8806  2.231  2.5118  0.806  35.8295  0.8384  0.8508  3.8708  0.7667  4.0359  1.9212  0.928  1.8261  0.7875  1.777  2.5796  0.0764  3.129  1.5565  1.8982  0.9586  0.1963  1.5379  1.1172  1.473  1.341  1.9169  35.0082  0.1518  1.933  1.5557  0.6411  1.5492  1.1963  1.9754  0.5804  0.2429  0.54  1.265  0.6899  1.525  0.7422  1.9978  
trainID = 1671  2.1036  2.888  2.7786  0.03  2.8645  3.5668  1.3234  6.5587  2.254  3.7673  3.3911  0.8219  2.2236  1.517  0.875  0.4641  5.3142  1.266  5.3796  6.6631  9.0654  8.0161  9.7484  5.4806  2.4535  3.3513  1.004  0.0086  1.883  6.5003  6.5645  1.3  3.6817  2.0843  0.8497  2.8425  0.1605  0.752  2.4578  0.611  0.8342  0.5772  0.483  
trainID = 1674  0.8899  1.6385  0.5286  0.322  1.6012  0.666  0.7217  0.4831  2.6103  0.9184  1.3791  3.4143  3.1926  0.2401  0.5217  1.0316  2.1994  0.6839  2.1316  0.9489  4.8799  2.5801  6.2898  4.2378  1.8758  4.0582  2.693  0.966  0.9419  1.0864  2.9106  1.2308  3.5914  0.0887  0.129  1.4608  3.536  2.3236  1.791  1.2567  1.139  2.3532  3.7673  
trainID = 1705  6.5345  1.0705  3.3806  32.7604  34.6833  1.144  4.0478  2.021  5.13  1.1344  2.6626  0.5333  0.8095  2.7749  4.2213  0.635  1.5938  0.1487  8.7155  1.9401  4.1977  2.5628  5.8167  0.999  0.877  4.9056  36.2569  0.2501  2.4688  0.685  0.7156  1.4407  1.033  2.3583  1.155  1.9478  2.4251  2.059  2.8002  0.539  0.9772  0.9851  0.551  
trainID = 1716  1.658  3.2442  0.4066  0.309  3.6797  1.723  1.0809  6.3148  5.655  6.029  3.0322  0.2977  3.3842  2.2811  0.0524  1.4901  4.7622  1.408  7.9865  5.6147  10.7185  11.5965  16.1743  2.122  5.9428  5.7312  0.5472  0.1541  2.0861  8.3505  6.8624  3.144  6.9178  2.8691  3.67  5.2846  1.6294  2.8297  6.5081  0.63  0.8671  0.399  2.042  
trainID = 1731  4.0258  0.7649  0.8346  0.177  3.4362  1.548  0.422  0.7534  7.4597  4.4912  3.6767  0.9559  1.6385  4.8949  1.8948  2.6147  1.7721  4.0172  0.5008  4.3425  6.9931  6.5211  1.1203  3.9552  8.7837  0.1382  0.7401  2.0804  4.3278  2.77  5.9451  0.7126  0.8398  5.6706  1.154  1.0309  1.0629  0.4361  1.964  1.295  1.139  1.3732  0.2505  
trainID = 1816  2.3163  1.4481  0.8076  1.6098  2.5446  4.5919  0.497  1.8096  6.729  4.2123  3.8135  3.6298  0.5557  3.5142  1.6383  1.6425  0.0833  3.0587  0.7179  5.8471  4.7878  6.235  4.3369  1.8462  8.069  0.1287  1.1049  0.5204  6.3006  2.0078  3.0693  0.2922  2.2955  3.2455  0.3612  0.8957  1.7659  0.0462  1.68  4.2052  1.144  0.1389  1.666  0.214  
trainID = 1847  2.0101  0.7639  3.2146  0.243  4.0401  0.857  0.75  1.2075  3.3324  3.4477  2.9404  3.9507  0.7216  2.602  1.8971  1.6143  0.1744  2.0922  1.824  4.7027  0.5924  5.7738  1.3492  6.8979  1.2315  0.1496  2.4595  2.2014  0.375  0.1395  2.0817  4.3685  0.9822  4.6466  0.3685  2.814  0.2863  1.7976  2.3066  1.674  0.3476  0.761  2.6592  0.6117  
trainID = 1868  1.2922  0.8621  4.5906  1.7838  4.8835  0.612  2.8393  2.6598  3.4653  3.242  0.5861  2.863  1.4979  3.6316  0.7238  0.952  0.6948  3.2623  0.8967  3.9454  6.0603  9.4594  2.3049  8.3551  2.0398  0.787  1.7624  2.5992  0.871  0.8627  0.0317  5.3765  5.2604  2.4066  0.0182  5.0355  0.8154  2.3049  0.8169  2.7899  0.7979  3.6284  0.2902  0.1559  0.17  
trainID = 1897  1.7549  5.9509  2.8166  1.347  0.6471  1.658  0.687  1.8233  9.4281  4.8228  9.1807  5.1252  0.1173  5.6141  5.8753  4.7001  1.6431  4.8672  2.114  11.2486  8.3148  11.4834  22.9657  23.268  22.9125  3.8618  4.949  1.4884  1.055  3.0183  1.9122  9.2813  8.061  1.3528  8.9773  2.8165  2.4828  4.9879  3.2991  0.433  3.5839  1.433  1.5532  0.2561  
trainID = 1958  1.1531  2.5249  2.4806  1.53  3.141  1.226  0.1655  7.1404  4.5093  4.1371  1.0975  0.3304  3.1386  3.2273  0.2863  3.2331  5.6292  2.615  4.7213  3.7585  6.2909  5.673  3.6961  10.6738  1.9659  2.2981  1.1306  1.5088  2.9733  8.0715  1.768  0.0883  5.6895  0.5423  0.803  2.8907  3.4815  0.049  3.8285  0.551  1.3912  1.4979  1.719  
trainID = 2005  2.6274  0.3936  1.266  1.4481  2.8722  3.8672  36.6698  4.4274  1.6478  1.0782  1.3508  3.0481  0.699  1.2732  3.4402  1.9963  1.199  3.1071  0.8746  2.2828  4.2204  2.7123  9.1305  3.0017  7.2218  0.5462  0.1109  3.7712  0.4623  33.0595  4.0555  0.3625  3.4181  2.5585  1.4698  5.6447  0.343  1.7885  0.0968  2.7138  1.653  1.1355  35.8832  
trainID = 2027  3.2295  5.1138  0.7746  3.986  3.2607  0.577  0.2966  8.325  1.9333  7.8534  5.3271  0.7053  3.1556  6.9332  4.6962  1.8215  3.5951  1.492  9.094  7.823  11.7833  13.6577  10.8007  18.3331  3.0542  3.0935  0.9141  2.5701  3.4733  9.8553  7.4839  0.1578  6.8801  6.5325  2.3821  5.5972  3.124  1.071  6.1806  0.284  0.5652  0.1628  0.553  
trainID = 2064  0.526  4.1509  1.4656  0.051  2.264  1.92  1.6397  4.4363  3.0908  5.5775  1.1988  1.1343  3.6786  1.5511  2.861  0.4474  3.9322  0.1496  6.9154  5.5623  5.5571  5.7689  9.1704  1.8855  1.2214  0.6897  2.8827  1.572  1.9539  2.0717  6.3709  3.003  3.3723  1.9582  2.4505  0.4734  2.4736  0.781  0.203  3.0565  0.781  0.4512  0.1341  
trainID = 2070  3.3458  2.2937  2.7306  28.5554  2.0282  1.0575  3.6855  0.9172  1.4412  1.4084  2.5992  1.3223  0.1829  0.367  2.1627  2.3807  1.728  2.5812  1.0883  2.066  2.9046  3.8575  6.2874  1.1211  2.0306  2.7826  36.2925  0.2487  4.204  3.4203  1.909  3.7424  1.8577  1.0596  1.5537  0.2337  1.1496  0.81  0.2738  1.6805  0.3212  0.7529  0.652  
trainID = 2084  1.026  3.5826  2.8696  0.166  3.7194  1.763  0.5788  7.3636  4.5087  6.1363  4.2335  2.1327  4.6355  2.7826  1.0677  2.6739  3.4031  2.086  6.3132  6.0403  11.0017  11.7877  15.4264  8.9762  0.8636  4.8073  2.5771  0.551  3.8693  7.8733  6.8618  2.6045  2.9842  3.5835  2.8137  8.1195  4.7148  0.278  3.5824  1.5972  0.9722  1.927  1.15  
trainID = 2112  4.8072  2.7628  2.5846  0.976  1.5923  2.496  0.4476  8.5625  4.7203  5.7718  2.7414  0.1176  1.2929  4.7159  1.0373  0.861  5.1152  1.343  7.4567  6.7592  9.1368  9.4626  1.2179  12.7412  3.2317  0.3383  2.7688  4.3006  2.1294  6.5702  6.026  0.0034  4.3644  2.6893  0.3981  1.8963  1.9664  1.19  3.9197  0.867  2.6302  1.3093  0.849  
trainID = 2166  1.3876  2.1287  2.4336  0.821  1.1909  2.416  0.7066  4.3519  4.927  2.438  0.1949  3.3442  3.9043  2.7559  0.3644  0.392  0.8675  3.8752  0.8604  5.8036  6.8553  6.2287  4.938  9.6625  3.4465  0.5854  4.8725  1.406  0.0144  1.1244  6.9119  2.8261  2.1642  1.4593  2.7353  1.7748  4.7787  4.7091  1.092  2.0994  2.0563  2.5082  0.8481  0.38  
trainID = 2169  0.1227  0.0378  0.1035  0.699  5.5646  0.96  37.7632  2.7257  0.6001  1.6836  0.129  4.1743  3.1315  0.392  0.7965  0.4013  1.759  0.7904  1.3207  1.5361  0.8585  0.3612  2.8724  2.439  4.792  0.3094  3.364  1.1112  0.4902  0.604  3.512  3.1603  2.229  1.4017  0.3689  1.1607  0.164  0.8442  2.4955  4.9229  1.6  1.6317  32.4722  
trainID = 2219  3.6857  0.3142  0.4346  0.216  0.6396  2.425  0.434  0.815  1.2096  3.1117  3.1762  2.3676  0.225  1.8112  0.0478  0.1307  1.03  1.7341  1.3058  1.2659  0.4757  1.6655  0.7685  0.6525  0.1414  0.686  0.0393  2.8382  1.225  0.6142  1.0007  2.2964  1.3351  1.8849  0.3447  3.0878  0.1541  1.3484  0.4037  2.922  2.1745  0.29  0.2888  0.0364  
trainID = 2241  1.2201  1.084  1.7096  0.742  2.4525  1.467  0.9968  5.0298  3.6286  0.4545  3.5145  0.6149  3.453  3.1009  1.2692  0.3766  3.3894  1.1213  6.1188  4.7018  7.4632  7.5817  10.5137  2.8356  0.3965  4.7483  2.5382  0.8002  2.5563  8.8026  6.2615  2.5966  2.857  6.8014  0.2632  5.3643  3.1378  1.283  1.6341  0.461  1.1402  0.0979  0.171  
trainID = 2256  0.2047  1.0663  0.1223  0.397  5.2711  1.302  1.2491  2.479  2.226  3.0394  2.371  0.3345  2.2319  3.2963  1.3104  0.6  3.7572  2.263  1.5713  1.4792  3.5498  1.7256  0.5476  2.7344  0.2718  1.6146  0.3655  1.112  2.2399  0.061  3.2542  1.0851  0.6905  2.2816  1.6625  0.5811  3.0805  1.1495  1.815  1.6854  1.8166  1.7112  1.3751  
trainID = 2260  1.0066  1.0395  1.4866  0.035  2.4818  2.436  0.161  1.0689  0.9667  0.9558  1.7342  0.8804  1.9622  2.4209  0.2645  2.1754  3.6443  1.2506  0.3925  0.7854  4.9457  3.6696  3.4365  1.0315  1.5213  0.3881  0.7279  0.3801  1.1397  2.696  0.8769  0.2347  0.7215  2.1772  1.0835  4.7474  0.7121  0.156  2.1088  1.791  0.2651  0.9366  0.364  
trainID = 2288  1.7622  1.9961  0.5389  1.164  3.9184  1.104  35.5178  0.8516  0.9536  0.0188  0.917  2.1369  0.4704  2.8519  0.3734  0.5969  0.605  2.4688  1.005  1.3916  2.2258  0.7809  0.3731  0.1625  6.0566  3.4145  1.1827  1.4839  1.506  1.041  3.2546  2.7822  1.0819  3.0022  1.5875  3.0455  0.528  0.2556  2.4392  2.2704  0.55  1.7888  32.5642  
trainID = 2343  1.4953  4.1479  0.5416  0.743  5.2114  2.257  0.192  0.2755  6.4649  5.96  3.5127  0.5874  0.547  3.6366  4.0652  3.9125  0.664  5.6332  2.594  4.7639  9.4108  8.6884  6.5847  4.2462  8.5945  3.0137  0.3941  1.3349  4.0641  4.2993  7.7184  2.5366  0.5844  6.1411  3.12  1.4395  4.5616  2.6145  0.108  2.7236  0.975  1.5582  1.2782  2.16  
trainID = 2360  0.9531  0.1531  2.8426  0.676  3.4846  1.235  0.009  1.1917  0.2518  4.7976  1.5585  3.3083  2.7322  1.2238  0.2439  0.904  1.361  2.3923  0.1192  1.5549  0.9056  1.8476  1.6645  0.4627  2.2952  2.814  1.632  3.1221  3.6741  2.424  0.5477  0.1679  0.6428  1.4019  2.9808  1.05  0.0864  1.8596  0.5339  0.24  0.4541  0.118  1.4442  1.8692  
trainID = 2369  0.8376  2.0887  0.3399  2.2086  4.3151  1.497  1.031  1.2804  6.4726  3.274  4.5899  2.8329  0.2018  2.2619  4.9191  1.7817  1.4079  2.9505  1.216  5.7463  6.0849  5.9408  6.5528  3.8199  8.4868  0.9678  3.2423  1.1437  1.7731  1.5875  3.2059  4.5035  2.4422  3.0579  1.112  0.748  4.2984  2.2055  0.745  0.4232  1.127  0.0345  0.3897  0.508  
trainID = 2384  2.9451  2.9767  1.2196  0.132  4.1665  4.0641  0.1439  8.9893  5.466  7.8509  5.9511  0.5809  2.9923  4.1513  4.159  2.6494  5.5112  2.819  5.8632  8.1263  9.1973  16.176  22.7473  13.2792  3.5629  5.0707  4.9251  0.9737  1.75  8.9955  7.9633  1.988  6.419  4.4444  0.9752  8.1744  4.7199  0.57  4.5651  1.8153  1.3312  1.9861  0.877  
trainID = 2389  3.0447  2.4397  0.6116  1.078  4.1815  1.2  34.034  1.9732  2.4237  2.9007  2.1981  3.3325  0.6514  2.5583  4.1295  2.0939  3.837  1.7205  1.4611  4.4627  3.3079  2.529  0.9249  0.2365  3.868  2.769  1.1512  2.3672  34.6113  1.3283  4.1784  0.0219  0.0239  2.4618  0.7499  3.4484  1.5054  1.3159  1.909  3.6849  3.1824  1.9225  1.5592  3.4857  
trainID = 2398  1.5643  3.7328  3.2196  1.424  0.9684  0.469  1.1073  4.3445  3.5617  0.0479  0.935  2.6002  2.7259  0.9496  2.1686  1.325  4.7122  3.198  7.22  5.3031  5.3469  2.7916  9.872  3.208  2.6917  5.3136  0.1635  0.6819  0.2242  6.964  2.6053  4.6723  1.3572  3.4755  2.6011  4.9387  3.0399  1.785  1.6677  2.4162  1.3397  1.9755  1.2  
trainID = 2405  3.6731  0.9845  3.0506  0.102  0.9003  1.038  33.32  2.5906  1.3904  0.0503  1.9515  1.7924  0.4316  0.8775  0.5668  1.2927  1.7083  1.7459  3.173  3.9337  2.3433  2.3768  0.5443  0.8441  4.0782  1.173  0.9665  2.1886  34.2705  0.7767  1.6067  2.6835  2.5467  3.5715  1.5386  0.6847  0.9559  1.3122  2.4768  0.252  0.2193  1.6203  2.2552  1.2041  
trainID = 2427  2.5404  0.818  1.2876  0.047  5.2203  3.504  0.378  3.2186  5.4818  1.265  2.1941  4.5025  3.1344  3.2722  1.8069  2.0106  2.8034  4.6962  0.8074  5.7476  4.497  5.7511  0.1119  5.8237  7.1379  0.3871  0.4206  1.1544  4.4589  1.7096  2.4518  1.2518  0.7878  4.3297  0.9018  0.1027  2.9416  0.4635  0.974  1.5336  0.556  2.6772  1.2744  
trainID = 2434  0.8941  1.2694  1.8416  0.975  4.4414  0.538  33.0835  3.8984  0.0317  1.8532  0.587  5.6739  1.3742  3.5157  0.4942  1.1704  0.7438  4.2832  1.318  0.8874  0.1866  0.4268  0.1257  5.151  0.7655  1.281  1.2622  0.8525  4.9361  0.451  0.6614  4.8646  0.768  0.3133  0.332  0.6395  0.1437  2.5674  1.269  0.9806  1.741  1.1552  0.98  
trainID = 2449  1.674  1.0824  4.1976  0.438  5.1319  3.0021  0.789  0.0157  2.9186  2.7634  1.3148  1.4629  1.3761  0.307  2.5394  1.6474  0.437  1.0588  2.478  1.4441  2.8555  5.5545  3.9924  2.2381  1.8236  4.7096  1.1  0.889  0.4276  0.6516  1.1721  2.6218  1.0782  2.5042  1.3962  2.1483  1.5037  1.9219  1.0215  2.631  1.4722  0.251  2.4072  0.7483  
trainID = 2469  3.1334  0.7629  2.2876  1.756  3.3773  1.021  3.0983  0.1333  3.2309  3.8755  1.4321  1.25  0.268  0.0467  2.1039  2.1825  0.6019  0.0855  0.1437  1.4555  1.4028  1.2434  3.5649  5.7923  2.234  3.3542  2.7161  36.5466  0.1976  0.9049  3.059  0.5245  3.7169  0.0066  3.3478  0.1042  2.5077  2.3641  0.654  1.5087  1.434  0.4742  1.5352  
trainID = 2476  0.8788  0.4611  1.2686  0.291  3.441  1.51  1.0269  2.8249  2.3946  4.263  0.6372  2.3646  0.862  1.7532  1.0697  1.6977  2.8842  0.4305  2.3262  4.7969  4.674  2.6231  4.8489  3.5559  0.2346  1.662  3.132  2.7341  0.239  3.5343  1.7622  3.967  1.839  3.7386  0.8466  2.5586  2.3384  1.232  1.1888  1.006  0.0336  3.0803  1.859  
trainID = 2494  0.9389  0.5875  0.7146  1.9528  2.82  5.1459  1.081  1.5617  3.6792  2.2209  0.5999  2.9453  1.8195  1.7572  0.1419  1.7879  0.638  0.2959  2.9117  1.657  0.0961  3.2627  5.7903  0.3877  0.4283  3.5597  0.3575  0.1186  1.2518  0.344  5.1346  0.2259  1.7149  2.4406  2.3246  1.3227  3.9708  1.8454  1.5272  3.0784  0.536  0.2674  1.769  2.8362  0.2815  1.691  
trainID = 2497  0.6864  1.0204  1.0046  0.212  3.1006  2.9478  0.413  0.2713  2.7437  3.1385  1.2085  4.3256  1.6623  3.5252  2.7968  0.2694  0.0586  3.9072  1.52  2.6453  4.4551  6.1116  1.9308  0.5723  5.5261  0.542  2.0005  0.4819  0.5429  2.1237  1.1519  0.2994  0.5593  2.7647  3.2685  0.7303  3.1189  3.0938  1.76  0.8052  0.377  0.6052  0.0879  1.352  
trainID = 2554  0.5897  3.7789  1.4536  0.777  1.0887  0.223  1.2461  4.4089  3.0824  1.2008  0.9657  0.9603  2.3472  1.0508  2.3515  1.5886  3.9882  1.909  3.1708  4.4869  5.8549  3.2661  9.1371  1.8022  2.6404  2.9475  1.0592  0.2061  0.5813  7.2632  1.8183  3.525  0.8151  1.7473  2.2779  4.4933  1.0953  2.4684  0.4242  1.306  0.2702  0.7645  1.109  
trainID = 2572  1.0472  2.7541  1.5636  1.899  3.1349  2.233  0.8871  8.5757  4.1693  4.4021  1.1248  0.2492  2.6896  5.1161  1.0694  0.3028  3.7162  2.226  5.9103  8.0385  6.9294  7.4326  10.0189  6.0237  4.0193  3.6858  3.3272  2.9554  2.4797  4.53  4.5524  2.4412  4.6391  2.9343  2.0358  2.896  1.6663  0.82  3.893  0.378  0.8912  1.9088  1.061  
trainID = 2574  0.4202  1.2004  0.7226  4.1728  4.0489  0.596  0.1727  5.4392  2.6984  4.1168  2.4188  0.3986  2.5884  3.5185  2.237  0.3101  3.7942  0.374  4.6627  3.209  7.3026  6.2148  0.8388  9.3537  0.4108  1.7948  2.4273  1.6236  0.484  7.9208  2.6019  1.1068  5.0839  1.108  2.0897  2.8096  0.6515  1.857  3.0546  2.219  2.5932  1.2221  0.185  
trainID = 2575  3.9319  0.5966  0.9306  32.0194  31.9698  0.0624  1.9918  1.4401  1.0954  1.8899  2.1406  1.9803  1.2313  1.2557  2.089  5.5564  1.5309  1.7559  3.4381  6.5724  3.695  2.4295  0.3785  5.4884  2.834  2.839  3.779  33.4701  1.264  2.1711  1.0153  0.0765  4.1835  1.4944  2.603  1.0146  2.4348  3.097  1.39  3.4643  0.446  4.8312  0.181  
trainID = 2607  4.1746  3.3071  2.4056  33.0454  29.9429  5.471  4.1725  1.0675  5.3856  2.7086  2.2216  0.2089  0.0728  1.7969  2.016  0.4724  0.1626  2.5414  3.4683  13.2174  2.2196  3.3088  0.4049  7.4274  3.585  0.4061  3.4345  33.8828  2.2261  4.9065  2.72  1.4242  4.0095  0.8514  0.7505  0.1158  1.1899  2.5347  1.82  0.654  1.8785  1.1342  2.5621  
trainID = 2612  2.0917  2.8573  4.5426  0.579  2.3681  4.4039  2.0363  8.537  4.944  7.7581  3.162  1.3131  4.0392  3.2491  2.6345  1.4264  4.0702  2.404  7.0026  10.6588  9.2143  12.2952  11.3592  13.3539  4.1803  2.1683  4.2215  1.2435  1.8901  5.8056  9.3212  0.7366  8.6158  3.317  2.1368  5.2683  4.034  0.68  4.4011  0.254  2.6712  1.5939  2.391  
trainID = 2622  4.4239  1.3779  1.6066  32.5034  34.3658  1.9504  1.5994  1.8574  2.8381  0.4393  2.5382  0.178  1.6822  1.7149  2.571  1.9613  0.5909  3.1514  0.8932  10.0015  2.9684  4.4955  2.3844  7.0726  2.773  0.6597  5.7092  36.1088  0.8101  5.1962  2.443  0.3088  1.5311  0.2064  0.8567  0.9268  1.2499  1.6887  0.949  1.7026  1.414  0.2376  2.149  
trainID = 2732  0.7501  4.7698  1.3876  1.071  1.1631  2.244  0.784  1.0183  6.9743  4.6576  1.9893  0.698  0.9875  3.1845  4.0567  0.6291  0.5966  4.6412  0.0839  5.0241  7.9569  8.5796  7.31  11.4923  5.8831  2.3839  4.5538  0.5374  2.0442  0.7675  5.7254  5.7853  0.2404  3.7833  3.5543  2.566  4.6071  3.341  0.029  2.4209  1.396  2.0582  3.4446  0.235  
trainID = 2752  1.1724  2.8226  1.9286  0.371  5.5582  0.04  0.613  0.3686  1.0008  3.687  2.7045  1.6649  2.2235  0.133  0.0177  0.9147  1.509  1.4058  1.5239  0.7915  0.6379  0.654  2.4057  0.4941  0.5601  0.8822  2.437  0.1635  0.5762  0.991  2.4137  0.5633  0.9875  1.1981  2.54  2.1076  1.0526  2.6848  1.3645  1.2364  1.862  2.2193  0.01  0.8442  1.6916  
trainID = 2760  3.5188  0.4126  0.3936  0.643  4.8137  1.074  2.76  0.9458  0.9627  2.0796  0.1939  0.7091  2.3851  2.9746  0.0607  1.9929  0.701  1.155  2.0076  2.9884  1.0168  1.5491  0.037  0.8822  2.3349  0.8575  0.4368  1.3942  0.1829  0.629  2.7891  2.9323  0.9929  0.7682  2.0169  0.2173  1.4035  0.1008  1.4851  1.3374  1.838  1.5216  1.217  0.6572  1.62  
trainID = 2761  0.4214  0.6872  0.8236  0.46  3.3865  1.891  0.273  0.5085  3.0108  3.2731  3.6542  1.4687  1.2509  2.1491  1.42  0.1689  1.4885  2.299  1.9411  1.3906  1.9571  3.1159  0.6878  3.0233  0.0213  1.3922  1.8842  1.4065  1.3403  0.0833  3.4872  0.0955  3.9036  4.5351  3.1999  0.1583  0.9597  1.0827  2.3005  1.9471  1.6327  1.6282  1.5726  
trainID = 2792  0.9122  2.6328  1.6146  2.1006  2.7007  2.503  1.6798  5.9093  3.7197  3.7736  3.4928  0.096  4.7175  2.9339  0.8913  0.9096  3.7302  1.706  5.6127  6.029  6.4091  6.4042  7.873  11.8418  0.7474  4.3176  0.0694  2.2138  1.8401  9.092  5.5731  1.0202  5.9848  4.7089  3.1964  4.4979  2.5846  0.047  1.6743  3.3037  0.5922  1.1357  0.746  
trainID = 2794  1.5705  0.077  0.134  1.8155  5.1798  1.964  1.2388  2.7884  2.301  0.5882  4.0645  0.5384  1.9065  0.051  0.612  1.9869  3.258  2.258  0.2435  1.243  0.2623  0.5486  0.9968  0.7007  0.0886  1.1401  0.7139  0.284  1.6013  1.5586  0.6095  1.6686  0.4774  2.3244  2.5129  2.0248  1.6185  2.2194  0.873  0.6353  0.747  2.3482  1.4932  
trainID = 2885  2.1553  3.5256  1.5726  0.692  3.2312  1.902  34.0133  3.5003  1.3899  0.7257  0.5881  7.1872  2.1434  1.8164  0.0846  2.1844  1.325  1.0246  0.0433  0.1253  2.1914  3.1761  7.8206  5.5307  6.551  0.7894  4.608  0.7761  0.6968  35.2797  6.5281  0.2751  2.7948  3.2009  0.6458  1.4573  0.06  2.1958  0.7931  3.7562  0.406  0.8875  34.8602  
trainID = 2889  2.8004  3.1035  3.4996  1.114  2.5429  2.204  1.3449  8.0979  2.7743  4.8734  3.3359  0.4016  4.8692  0.673  3.1349  2.3559  5.9572  3.472  7.84  8.3054  8.6822  10.1579  12.1129  4.6317  1.7236  4.0484  0.9281  1.531  2.6686  2.5189  7.7264  6.576  3.4828  4.1401  3.3439  0.4728  3.8273  3.1483  1.027  2.4071  3.1036  1.0312  1.5662  
trainID = 2897  0.3409  0.6946  0.1213  0.6  4.5298  1.413  34.0663  1.0134  0.5017  3.4369  0.9157  4.4575  0.9911  2.2712  0.8895  0.0542  1.028  0.6728  0.1519  1.5115  0.9983  0.8589  1.9189  0.4835  1.8493  0.9647  2.451  1.5416  1.7256  0.504  2.5106  0.4779  2.4825  4.9085  0.2844  1.2999  0.592  3.1658  0.4805  3.709  0.461  1.2221  1.177  2.3382  1.1391  
trainID = 2924  2.8584  0.0181  0.4496  1.922  4.3947  0.351  3.2941  1.2  0.902  2.9726  4.0132  0.2758  1.3751  1.3033  0.9116  1.0625  4.3282  2.966  2.8997  0.9813  2.1838  2.2472  1.3724  3.3324  2.2  1.6183  2.0715  0.187  0.6908  1.7839  0.4749  2.1622  1.1151  2.9457  1.1446  0.7914  0.531  1.1407  1.653  0.1267  0.56  0.4842  2.9306  
trainID = 2976  3.0253  2.1263  2.6996  0.199  2.9388  0.378  33.4505  2.5933  2.8544  0.5871  3.3565  1.9744  0.0132  2.1734  3.0867  1.6059  1.368  1.1827  0.9943  1.3231  5.2006  3.555  0.0242  0.7777  0.3041  2.7702  3.184  0.3399  3.2491  33.7509  0.0135  1.0328  1.2343  1.796  1.8098  2.1192  0.9927  2.0108  1.5665  1.9881  2.9893  0.1916  2.01  4.1972  1.8489  
TrainID = 2219  dbValue = 1.20576  nTestCell = 46  nTrainCell = 44  nDiff = 2  (X,Y) = (1205, 2185)  Position Error = 47.7074
TrainID = 1152  dbValue = 1.32297  nTestCell = 46  nTrainCell = 43  nDiff = 3  (X,Y) = (1205, 2235)  Position Error = 93.6803
TrainID = 1294  dbValue = 1.33969  nTestCell = 46  nTrainCell = 43  nDiff = 3  (X,Y) = (1205, 2135)  Position Error = 27.8568
TrainID = 1403  dbValue = 1.36096  nTestCell = 46  nTrainCell = 45  nDiff = 1  (X,Y) = (1215, 2155)  Position Error = 37.3631
TrainID = 2760  dbValue = 1.39977  nTestCell = 46  nTrainCell = 45  nDiff = 1  (X,Y) = (1185, 2175)  Position Error = 30.5941
TrainID = 2752  dbValue = 1.40062  nTestCell = 46  nTrainCell = 45  nDiff = 1  (X,Y) = (1175, 2185)  Position Error = 40.1995
TrainID = 2794  dbValue = 1.42479  nTestCell = 46  nTrainCell = 43  nDiff = 3  (X,Y) = (1185, 2125)  Position Error = 20.8806
TrainID = 2260  dbValue = 1.47115  nTestCell = 46  nTrainCell = 43  nDiff = 3  (X,Y) = (1215, 2185)  Position Error = 53.8145
TrainID = 2360  dbValue = 1.48252  nTestCell = 46  nTrainCell = 44  nDiff = 2  (X,Y) = (1195, 2215)  Position Error = 71.8053
TrainID = 1364  dbValue = 1.56505  nTestCell = 46  nTrainCell = 44  nDiff = 2  (X,Y) = (1215, 2135)  Position Error = 37.3631
TrainID = 1646  dbValue = 1.62607  nTestCell = 46  nTrainCell = 45  nDiff = 1  (X,Y) = (1225, 2125)  Position Error = 50.1597
TrainID = 1197  dbValue = 1.64704  nTestCell = 46  nTrainCell = 43  nDiff = 3  (X,Y) = (1205, 2105)  Position Error = 47.7074
TrainID = 1374  dbValue = 1.65433  nTestCell = 46  nTrainCell = 46  nDiff = 0  (X,Y) = (1195, 2215)  Position Error = 71.8053
TrainID = 647  dbValue = 1.6689  nTestCell = 46  nTrainCell = 44  nDiff = 2  (X,Y) = (1205, 2115)  Position Error = 39.6989
TrainID = 2924  dbValue = 1.67969  nTestCell = 46  nTrainCell = 43  nDiff = 3  (X,Y) = (1185, 2215)  Position Error = 70.2567
TrainID = 2256  dbValue = 1.69726  nTestCell = 46  nTrainCell = 43  nDiff = 3  (X,Y) = (1255, 2165)  Position Error = 78.5875
TrainID = 2761  dbValue = 1.70654  nTestCell = 46  nTrainCell = 43  nDiff = 3  (X,Y) = (1245, 2185)  Position Error = 77.1751
TrainID = 1198  dbValue = 1.73204  nTestCell = 46  nTrainCell = 45  nDiff = 1  (X,Y) = (1275, 2135)  Position Error = 96.5194
TrainID = 668  dbValue = 1.76948  nTestCell = 46  nTrainCell = 45  nDiff = 1  (X,Y) = (1235, 2145)  Position Error = 56
TrainID = 2494  dbValue = 1.77869  nTestCell = 46  nTrainCell = 46  nDiff = 0  (X,Y) = (1225, 2125)  Position Error = 50.1597
TrainID = 2497  dbValue = 1.85723  nTestCell = 46  nTrainCell = 44  nDiff = 2  (X,Y) = (1265, 2135)  Position Error = 86.5794
TrainID = 982  dbValue = 1.86645  nTestCell = 46  nTrainCell = 44  nDiff = 2  (X,Y) = (1285, 2195)  Position Error = 117.201
TrainID = 2449  dbValue = 1.89086  nTestCell = 46  nTrainCell = 44  nDiff = 2  (X,Y) = (1275, 2155)  Position Error = 96.5194
TrainID = 1674  dbValue = 1.89093  nTestCell = 46  nTrainCell = 43  nDiff = 3  (X,Y) = (1225, 2235)  Position Error = 101.074
TrainID = 1665  dbValue = 1.9196  nTestCell = 46  nTrainCell = 44  nDiff = 2  (X,Y) = (1245, 2125)  Position Error = 68.9638
TrainID = 949  dbValue = 2.01327  nTestCell = 46  nTrainCell = 43  nDiff = 3  (X,Y) = (1265, 2205)  Position Error = 104.862
TrainID = 1847  dbValue = 2.02866  nTestCell = 46  nTrainCell = 44  nDiff = 2  (X,Y) = (1255, 2215)  Position Error = 103.325
TrainID = 2476  dbValue = 2.09  nTestCell = 46  nTrainCell = 43  nDiff = 3  (X,Y) = (1235, 2245)  Position Error = 114.612
TrainID = 1305  dbValue = 2.17805  nTestCell = 46  nTrainCell = 43  nDiff = 3  (X,Y) = (1175, 2115)  Position Error = 30.2655
TrainID = 1479  dbValue = 2.17875  nTestCell = 46  nTrainCell = 44  nDiff = 2  (X,Y) = (1245, 2245)  Position Error = 119.817
TrainID = 2897  dbValue = 2.20457  nTestCell = 46  nTrainCell = 45  nDiff = 1  (X,Y) = (1165, 2125)  Position Error = 24.4131
TrainID = 1462  dbValue = 2.24998  nTestCell = 46  nTrainCell = 44  nDiff = 2  (X,Y) = (1235, 2255)  Position Error = 123.434
TrainID = 2554  dbValue = 2.26839  nTestCell = 46  nTrainCell = 43  nDiff = 3  (X,Y) = (1315, 2235)  Position Error = 163.083
TrainID = 1481  dbValue = 2.30029  nTestCell = 46  nTrainCell = 44  nDiff = 2  (X,Y) = (1295, 2245)  Position Error = 153.154
TrainID = 1575  dbValue = 2.3189  nTestCell = 46  nTrainCell = 45  nDiff = 1  (X,Y) = (1155, 2155)  Position Error = 26
TrainID = 2434  dbValue = 2.34252  nTestCell = 46  nTrainCell = 43  nDiff = 3  (X,Y) = (1165, 2125)  Position Error = 24.4131
TrainID = 474  dbValue = 2.34307  nTestCell = 46  nTrainCell = 43  nDiff = 3  (X,Y) = (1175, 2125)  Position Error = 20.3961
TrainID = 1302  dbValue = 2.34447  nTestCell = 46  nTrainCell = 43  nDiff = 3  (X,Y) = (1315, 2165)  Position Error = 137.463
TrainID = 644  dbValue = 2.35285  nTestCell = 46  nTrainCell = 44  nDiff = 2  (X,Y) = (1155, 2215)  Position Error = 74
TrainID = 966  dbValue = 2.36857  nTestCell = 46  nTrainCell = 43  nDiff = 3  (X,Y) = (1285, 2095)  Position Error = 117.201
TrainID = 890  dbValue = 2.42116  nTestCell = 46  nTrainCell = 45  nDiff = 1  (X,Y) = (1165, 2245)  Position Error = 100.975
TrainID = 1816  dbValue = 2.44146  nTestCell = 46  nTrainCell = 44  nDiff = 2  (X,Y) = (1285, 2105)  Position Error = 113.296
TrainID = 1868  dbValue = 2.45076  nTestCell = 46  nTrainCell = 45  nDiff = 1  (X,Y) = (1285, 2255)  Position Error = 152.761
TrainID = 2427  dbValue = 2.47521  nTestCell = 46  nTrainCell = 43  nDiff = 3  (X,Y) = (1275, 2075)  Position Error = 118.811
TrainID = 1502  dbValue = 2.49843  nTestCell = 46  nTrainCell = 44  nDiff = 2  (X,Y) = (1315, 2125)  Position Error = 137.463
TrainID = 1470  dbValue = 2.50392  nTestCell = 46  nTrainCell = 44  nDiff = 2  (X,Y) = (1335, 2185)  Position Error = 161.047
TrainID = 406  dbValue = 2.51703  nTestCell = 46  nTrainCell = 43  nDiff = 3  (X,Y) = (1295, 2255)  Position Error = 159.862
TrainID = 1509  dbValue = 2.5235  nTestCell = 46  nTrainCell = 43  nDiff = 3  (X,Y) = (1185, 2235)  Position Error = 90.1998
TrainID = 864  dbValue = 2.54372  nTestCell = 46  nTrainCell = 43  nDiff = 3  (X,Y) = (1285, 2095)  Position Error = 117.201
TrainID = 906  dbValue = 2.54701  nTestCell = 46  nTrainCell = 44  nDiff = 2  (X,Y) = (1305, 2175)  Position Error = 129.522
TrainID = 860  dbValue = 2.55954  nTestCell = 46  nTrainCell = 43  nDiff = 3  (X,Y) = (1315, 2175)  Position Error = 139.27
TrainID = 1731  dbValue = 2.57034  nTestCell = 46  nTrainCell = 43  nDiff = 3  (X,Y) = (1315, 2095)  Position Error = 144.9
TrainID = 1271  dbValue = 2.5756  nTestCell = 46  nTrainCell = 43  nDiff = 3  (X,Y) = (1315, 2155)  Position Error = 136.367
TrainID = 2064  dbValue = 2.57755  nTestCell = 46  nTrainCell = 43  nDiff = 3  (X,Y) = (1335, 2205)  Position Error = 167.141
TrainID = 2469  dbValue = 2.59162  nTestCell = 46  nTrainCell = 43  nDiff = 3  (X,Y) = (1195, 2245)  Position Error = 101.272
TrainID = 978  dbValue = 2.60229  nTestCell = 46  nTrainCell = 43  nDiff = 3  (X,Y) = (1305, 2235)  Position Error = 154.842
TrainID = 2574  dbValue = 2.60588  nTestCell = 46  nTrainCell = 43  nDiff = 3  (X,Y) = (1345, 2125)  Position Error = 167.2
TrainID = 2369  dbValue = 2.62848  nTestCell = 46  nTrainCell = 44  nDiff = 2  (X,Y) = (1335, 2135)  Position Error = 156.32
TrainID = 928  dbValue = 2.72018  nTestCell = 46  nTrainCell = 44  nDiff = 2  (X,Y) = (1365, 2205)  Position Error = 195.438
TrainID = 497  dbValue = 2.72742  nTestCell = 46  nTrainCell = 43  nDiff = 3  (X,Y) = (1325, 2145)  Position Error = 146
TrainID = 2166  dbValue = 2.74184  nTestCell = 46  nTrainCell = 44  nDiff = 2  (X,Y) = (1335, 2205)  Position Error = 167.141
TrainID = 2398  dbValue = 2.83508  nTestCell = 46  nTrainCell = 43  nDiff = 3  (X,Y) = (1325, 2235)  Position Error = 171.511
TrainID = 1958  dbValue = 2.8983  nTestCell = 46  nTrainCell = 43  nDiff = 3  (X,Y) = (1345, 2145)  Position Error = 166
TrainID = 2241  dbValue = 2.94769  nTestCell = 46  nTrainCell = 43  nDiff = 3  (X,Y) = (1365, 2215)  Position Error = 198.736
TrainID = 1671  dbValue = 2.94791  nTestCell = 46  nTrainCell = 43  nDiff = 3  (X,Y) = (1375, 2185)  Position Error = 200.04
TrainID = 1669  dbValue = 2.983  nTestCell = 46  nTrainCell = 45  nDiff = 1  (X,Y) = (1145, 2165)  Position Error = 39.4462
TrainID = 957  dbValue = 3.07785  nTestCell = 46  nTrainCell = 43  nDiff = 3  (X,Y) = (1365, 2135)  Position Error = 186.269
TrainID = 1317  dbValue = 3.10885  nTestCell = 46  nTrainCell = 44  nDiff = 2  (X,Y) = (1125, 2125)  Position Error = 57.5847
TrainID = 2405  dbValue = 3.11506  nTestCell = 46  nTrainCell = 44  nDiff = 2  (X,Y) = (1125, 2185)  Position Error = 67.2012
TrainID = 2288  dbValue = 3.11673  nTestCell = 46  nTrainCell = 43  nDiff = 3  (X,Y) = (1175, 2085)  Position Error = 60.1332
TrainID = 2732  dbValue = 3.12286  nTestCell = 46  nTrainCell = 44  nDiff = 2  (X,Y) = (1365, 2195)  Position Error = 192.603
TrainID = 1229  dbValue = 3.19271  nTestCell = 46  nTrainCell = 43  nDiff = 3  (X,Y) = (1365, 2185)  Position Error = 190.252
TrainID = 2169  dbValue = 3.20595  nTestCell = 46  nTrainCell = 43  nDiff = 3  (X,Y) = (1145, 2085)  Position Error = 68.9638
TrainID = 931  dbValue = 3.21854  nTestCell = 46  nTrainCell = 45  nDiff = 1  (X,Y) = (1125, 2225)  Position Error = 96.5194
TrainID = 2976  dbValue = 3.26415  nTestCell = 46  nTrainCell = 45  nDiff = 1  (X,Y) = (1115, 2165)  Position Error = 67.0522
TrainID = 2343  dbValue = 3.30352  nTestCell = 46  nTrainCell = 44  nDiff = 2  (X,Y) = (1355, 2135)  Position Error = 176.284
TrainID = 2572  dbValue = 3.31693  nTestCell = 46  nTrainCell = 43  nDiff = 3  (X,Y) = (1355, 2175)  Position Error = 178.539
TrainID = 1293  dbValue = 3.3206  nTestCell = 46  nTrainCell = 45  nDiff = 1  (X,Y) = (1125, 2135)  Position Error = 54.9181
TrainID = 384  dbValue = 3.3232  nTestCell = 46  nTrainCell = 44  nDiff = 2  (X,Y) = (1385, 2235)  Position Error = 224.802
TrainID = 2070  dbValue = 3.32761  nTestCell = 46  nTrainCell = 43  nDiff = 3  (X,Y) = (1165, 2255)  Position Error = 110.887
TrainID = 2792  dbValue = 3.3381  nTestCell = 46  nTrainCell = 43  nDiff = 3  (X,Y) = (1375, 2165)  Position Error = 197.018
TrainID = 309  dbValue = 3.36279  nTestCell = 46  nTrainCell = 45  nDiff = 1  (X,Y) = (1135, 2135)  Position Error = 45.1221
TrainID = 2112  dbValue = 3.39925  nTestCell = 46  nTrainCell = 43  nDiff = 3  (X,Y) = (1385, 2125)  Position Error = 206.969
TrainID = 1215  dbValue = 3.5469  nTestCell = 46  nTrainCell = 43  nDiff = 3  (X,Y) = (1165, 2285)  Position Error = 140.698
TrainID = 1426  dbValue = 3.61085  nTestCell = 46  nTrainCell = 44  nDiff = 2  (X,Y) = (1085, 2145)  Position Error = 94
TrainID = 870  dbValue = 3.64586  nTestCell = 46  nTrainCell = 44  nDiff = 2  (X,Y) = (1115, 2155)  Position Error = 64.7765
TrainID = 770  dbValue = 3.66284  nTestCell = 46  nTrainCell = 44  nDiff = 2  (X,Y) = (1395, 2195)  Position Error = 221.712
TrainID = 2389  dbValue = 3.7017  nTestCell = 46  nTrainCell = 44  nDiff = 2  (X,Y) = (1125, 2215)  Position Error = 88.4081
TrainID = 1343  dbValue = 3.70929  nTestCell = 46  nTrainCell = 43  nDiff = 3  (X,Y) = (1395, 2225)  Position Error = 230.339
TrainID = 1601  dbValue = 3.71889  nTestCell = 46  nTrainCell = 43  nDiff = 3  (X,Y) = (1405, 2215)  Position Error = 236.592
TrainID = 1429  dbValue = 3.72746  nTestCell = 46  nTrainCell = 43  nDiff = 3  (X,Y) = (1405, 2135)  Position Error = 226.221
TrainID = 2889  dbValue = 3.80363  nTestCell = 46  nTrainCell = 43  nDiff = 3  (X,Y) = (1405, 2205)  Position Error = 233.829
TrainID = 992  dbValue = 3.8801  nTestCell = 46  nTrainCell = 45  nDiff = 1  (X,Y) = (1095, 2155)  Position Error = 84.5931
TrainID = 1716  dbValue = 3.89502  nTestCell = 46  nTrainCell = 43  nDiff = 3  (X,Y) = (1415, 2215)  Position Error = 246.163
TrainID = 1077  dbValue = 4.07945  nTestCell = 46  nTrainCell = 43  nDiff = 3  (X,Y) = (1415, 2195)  Position Error = 241.238
TrainID = 2084  dbValue = 4.09314  nTestCell = 46  nTrainCell = 43  nDiff = 3  (X,Y) = (1415, 2195)  Position Error = 241.238
TrainID = 1240  dbValue = 4.26762  nTestCell = 46  nTrainCell = 43  nDiff = 3  (X,Y) = (1085, 2105)  Position Error = 102.157
TrainID = 1193  dbValue = 4.3476  nTestCell = 46  nTrainCell = 43  nDiff = 3  (X,Y) = (1425, 2165)  Position Error = 246.812
TrainID = 2575  dbValue = 4.37346  nTestCell = 46  nTrainCell = 43  nDiff = 3  (X,Y) = (1085, 2215)  Position Error = 117.201
TrainID = 1273  dbValue = 4.42622  nTestCell = 46  nTrainCell = 43  nDiff = 3  (X,Y) = (1065, 2235)  Position Error = 145.245
TrainID = 2612  dbValue = 4.44723  nTestCell = 46  nTrainCell = 43  nDiff = 3  (X,Y) = (1425, 2165)  Position Error = 246.812
TrainID = 2622  dbValue = 4.46712  nTestCell = 46  nTrainCell = 43  nDiff = 3  (X,Y) = (1085, 2255)  Position Error = 144.693
TrainID = 1705  dbValue = 4.51041  nTestCell = 46  nTrainCell = 43  nDiff = 3  (X,Y) = (1095, 2255)  Position Error = 138.405
TrainID = 505  dbValue = 4.51582  nTestCell = 46  nTrainCell = 43  nDiff = 3  (X,Y) = (1045, 2155)  Position Error = 134.373
TrainID = 2885  dbValue = 4.52351  nTestCell = 46  nTrainCell = 43  nDiff = 3  (X,Y) = (1095, 2085)  Position Error = 103.228
TrainID = 2027  dbValue = 4.61633  nTestCell = 46  nTrainCell = 43  nDiff = 3  (X,Y) = (1445, 2165)  Position Error = 266.751
TrainID = 1339  dbValue = 4.65863  nTestCell = 46  nTrainCell = 43  nDiff = 3  (X,Y) = (1455, 2165)  Position Error = 276.724
TrainID = 1431  dbValue = 4.66949  nTestCell = 46  nTrainCell = 44  nDiff = 2  (X,Y) = (1095, 2275)  Position Error = 154.777
TrainID = 2005  dbValue = 4.67276  nTestCell = 46  nTrainCell = 43  nDiff = 3  (X,Y) = (1095, 2065)  Position Error = 116
TrainID = 2607  dbValue = 4.68153  nTestCell = 46  nTrainCell = 43  nDiff = 3  (X,Y) = (1075, 2275)  Position Error = 166.481
TrainID = 1344  dbValue = 4.70105  nTestCell = 46  nTrainCell = 44  nDiff = 2  (X,Y) = (1435, 2165)  Position Error = 256.78
TrainID = 1250  dbValue = 4.70796  nTestCell = 46  nTrainCell = 44  nDiff = 2  (X,Y) = (1075, 2285)  Position Error = 174.402
TrainID = 2384  dbValue = 4.95964  nTestCell = 46  nTrainCell = 43  nDiff = 3  (X,Y) = (1465, 2185)  Position Error = 288.784
TrainID = 981  dbValue = 4.97066  nTestCell = 46  nTrainCell = 43  nDiff = 3  (X,Y) = (1045, 2255)  Position Error = 173.367
TrainID = 1189  dbValue = 4.98536  nTestCell = 46  nTrainCell = 43  nDiff = 3  (X,Y) = (1075, 2105)  Position Error = 111.427
TrainID = 562  dbValue = 5.23954  nTestCell = 46  nTrainCell = 43  nDiff = 3  (X,Y) = (1055, 2235)  Position Error = 153.219
TrainID = 502  dbValue = 5.24882  nTestCell = 46  nTrainCell = 43  nDiff = 3  (X,Y) = (1065, 2295)  Position Error = 188.404
TrainID = 1897  dbValue = 5.34473  nTestCell = 46  nTrainCell = 44  nDiff = 2  (X,Y) = (1495, 2175)  Position Error = 317.421
TrainID = 937  dbValue = 5.63784  nTestCell = 46  nTrainCell = 43  nDiff = 3  (X,Y) = (1015, 2255)  Position Error = 197.474
