trainID = 317  0.566  2.4311  0.557  0.579  2.4455  0.1772  1.9546  5.6033  1.1799  0.9924  1.1591  2.6476  2.1528  4.0263  2.0549  0.148  1.7432  0.058  4.9056  0.7072  4.4428  5.1444  10.1134  13.4131  14.0667  1.4096  0.3716  1.6757  4.4639  1.548  2.8383  0.852  5.0317  1.5927  2.3359  0.0467  1.5358  0.888  1.5029  1.3772  4.3086  0.221  0.3231  1.4205  1.84  0.4352  2.69  0.774  1.1092  
trainID = 356  2.7755  2.0276  1.269  1.8848  2.3287  0.426  2.6029  5.4686  2.1775  1.7366  2.8997  2.2931  5.7663  0.2636  2.785  34.8026  5.0084  3.4599  1.6206  1.0232  21.8255  12.8596  2.8174  4.7189  1.9334  2.5449  1.858  0.844  1.9626  0.1985  3.4156  0.0593  1.5768  1.3041  0.441  2.4807  0.8349  2.289  0.3394  1.0256  3.3723  0.3757  2.5682  0.473  2.3335  0.0203  
trainID = 438  3.8534  3.2927  0.865  0.961  0.9396  2.4684  4.508  1.4491  3.5995  0.7022  0.193  1.526  1.7633  3.6743  5.0122  4.0572  0.5866  0.072  3.825  2.5265  5.8276  1.932  12.6333  25.6997  0.277  2.3761  1.9152  1.3161  0.2415  2.565  4.6988  7.548  1.1128  2.4359  4.4069  3.3492  3.1756  1.987  0.1824  2.0448  0.6394  1.455  3.77  1.0634  0.3971  3.162  
trainID = 459  1.453  4.3284  0.1118  0.133  3.5391  4.6838  2.9809  4.7917  2.6912  3.8498  1.5873  2.1337  0.909  3.4334  2.689  3.137  0.2027  1.8368  2.9359  15.4848  14.0931  17.3829  1.4121  4.0379  5.1845  3.9108  2.992  0.9788  4.3836  4.3735  2.1392  2.3523  0.6743  0.7906  2.822  5.6407  0.1455  4.7356  2.723  2.4947  3.7342  0.012  0.6689  1.587  0.916  0.7767  
trainID = 530  1.354  1.5856  0.808  3.5331  0.968  2.0219  1.0797  4.7308  0.9669  1.0547  3.0212  2.3218  1.2625  0.7381  2.277  35.5566  2.6055  2.6015  0.6763  4.4772  13.7267  10.6298  0.3127  4.0173  1.7324  2.2079  1.891  1.17  0.0459  0.7419  0.8933  1.5847  0.7036  0.1308  1.169  1.8991  0.0374  3.5542  0.5068  3.9749  1.4447  1.128  0.5177  2.0185  2.9697  2.536  
trainID = 541  0.633  0.9415  0.938  0.0054  1.3595  0.71  1.4944  3.4926  0.4975  4.6219  5.442  2.1079  2.3573  0.615  0.96  0.9987  0.658  1.866  0.4945  4.8721  0.4722  14.7619  9.6892  13.8936  0.2769  2.2978  2.1908  3.5271  2.7061  0.343  1.5866  0.9503  0.7756  0.7341  0.0463  1.3752  1.1821  0.0433  0.1768  2.4942  1.453  0.5083  0.043  1.7445  0.797  0.508  1.145  1.2082  
trainID = 560  0.784  2.5027  0.928  0.896  1.8285  1.4734  0.592  0.8426  2.3387  4.3625  3.481  3.629  3.7123  1.2069  0.1763  2.501  34.5096  1.4725  0.6971  1.1826  11.2528  10.4933  11.8045  0.5318  4.1169  1.4254  2.0893  2.6018  0.661  1.4714  2.0033  0.7725  0.0418  2.1648  1.0274  0.885  0.7259  0.095  1.6093  0.4214  0.3504  0.236  0.844  0.515  0.079  0.646  1.129  
trainID = 738  1.518  1.5869  1.673  0.03  0.804  1.1367  2.6308  0.9442  1.3809  2.9947  2.2023  2.7382  2.2853  1.9753  1.9261  0.149  0.0007  3.28  3.591  0.2159  1.1762  0.253  5.3631  3.0293  4.464  1.4985  0.0691  1.3109  1.5058  2.8143  0.216  0.5403  0.6251  0.6073  0.473  1.8922  1.7304  1.1855  1.1126  2.7942  3.6576  0.186  1.3143  0.637  0.7623  3.6841  1.314  0.739  2.206  
trainID = 770  1.565  0.4501  4.5884  0.133  1.2266  2.0531  2.6476  0.817  0.5312  2.5886  4.086  3.8686  1.216  2.4935  1.796  0.0281  0.544  2.534  2.2385  4.7242  0.4565  12.2518  15.616  5.6162  2.9953  0.1351  3.3676  3.6781  3.9565  0.029  3.3904  0.3412  7.2204  1.525  0.9092  0.9503  2.482  0.5933  0.3542  3.0313  1.944  2.4794  0.094  0.3369  0.1888  32.5581  
trainID = 803  1.029  1.1925  0.166  2.232  1.7379  1.1662  1.229  2.0095  0.4875  0.5077  2.2456  1.3657  4.9653  1.7473  1.2441  1.107  1.7817  0.629  3.642  0.3354  1.644  2.0696  9.183  9.1168  11.0904  3.0449  1.135  1.2022  0.82  3.977  0.13  0.3434  1.017  2.8442  2.1739  1.9961  1.0847  0.634  0.6911  1.4302  0.702  2.831  0.9378  0.7541  0.2335  1.4821  2.007  0.455  0.5366  
trainID = 820  0.507  1.2518  0.045  1.215  0.8422  3.5907  1.608  4.6353  4.4792  1.0262  0.1289  2.3455  2.0244  1.076  0.2666  3.7876  36.7636  3.0887  0.0709  1.0459  0.8666  16.7681  7.4147  1.6892  3.1649  0.7083  2.0185  0.952  0.191  2.5267  0.3746  2.6681  1.3772  0.5187  1.6234  0.815  2.7716  1.8635  2.9612  0.292  1.6393  1.2874  0.016  0.4098  1.736  0.378  3.1569  
trainID = 1002  0.464  0.8044  1.719  0.24  0.2174  1.0384  1.7263  4.639  0.4546  0.4962  1.1295  2.7393  2.4057  5.7543  1.5587  0.246  0.9203  0.063  5.7565  1.5998  6.6304  4.1454  13.6978  12.6668  13.0826  0.9814  0.3438  1.0458  0.3717  4.473  0.7953  1.0017  0.2075  2.4414  2.3007  0.7361  0.8032  0.588  0.5257  1.7814  3.1653  0.7526  2.7667  0.184  2.6211  0.7615  0.236  1.122  0.6278  
trainID = 1037  0.775  1.4802  0.218  0.975  2.8735  0.3728  2.1608  1.97  1.6469  1.2297  3.1814  2.3659  1.5065  2.8343  0.2589  0.066  2.4549  0.507  6.1528  0.5751  2.947  3.0327  9.8656  13.7492  11.3717  0.3588  4.1967  5.2497  4.242  3.573  0.836  0.231  3.0805  0.7032  0.3513  0.3616  1.859  0.987  1.6343  1.8665  2.7469  1.109  0.1939  0.266  1.4094  1.3349  1.676  0.963  0.2238  
trainID = 1077  2.5502  2.0219  1.842  1.0974  0.4811  2.1032  1.6788  0.6541  0.847  0.7985  1.8645  0.2434  3.8803  2.6492  3.0974  1.605  0.54  4.196  2.2391  4.0268  3.8288  10.1716  13.9835  4.4998  0.5201  0.5377  0.9141  1.0287  5.0516  1.6589  2.7078  0.6762  5.5833  2.3914  1.4659  0.8185  1.2234  2.7696  0.0661  1.5899  0.802  1.1983  0.3653  0.7899  0.1076  34.5191  
trainID = 1193  2.2372  0.8647  3.065  0.2  0.4388  3.1487  0.102  0.6238  3.5267  0.0403  0.9516  3.7477  1.4778  2.3823  2.1583  3.9486  1.4555  0.353  3.383  2.4438  3.1937  2.4831  8.4316  17.2602  2.1677  2.9165  0.8074  0.1998  1.8767  3.3667  0.851  4.166  0.5957  0.0023  2.5184  5.7894  1.9307  0.497  0.862  0.3383  1.7315  2.198  0.4971  0.368  0.078  1.779  35.0481  
trainID = 1220  0.634  1.1293  3.2029  0.039  1.98  0.3952  0.3  1.5477  3.4548  2.0695  1.5488  0.0346  2.3695  1.1925  0.2165  3.5378  1.7867  1.147  4.113  1.0308  3.1165  0.0655  0.9153  0.3688  0.9034  0.4105  2.4368  1.4202  0.071  4.0136  0.121  0.0618  0.752  0.5788  1.9431  2.2551  0.62  0.542  2.2606  0.863  2.7872  0.47  1.9964  1.4718  0.873  3.0407  1.404  1.035  1.2298  
trainID = 1229  0.028  0.7654  2.9275  1.364  1.2943  1.4475  3.9146  3.4829  2.57  0.9646  2.6871  3.9908  2.3042  2.9343  2.8048  2.667  1.0802  1.056  5.7542  5.0178  5.163  5.2264  13.4541  20.2978  4.8572  2.4981  0.4572  1.4327  0.9367  5.7135  3.8432  6.2337  1.7722  5.7685  3.3758  0.7074  3.1984  1.322  2.8976  0.1425  0.135  1.667  1.3982  0.186  2.534  0.7245  32.9881  
trainID = 1276  0.91  0.0726  0.269  0.7757  3.7219  1.8313  7.3862  1.3158  3.1267  3.2887  1.7713  2.2481  35.3162  0.9031  1.619  3.9  1.017  3.4999  6.5466  16.8837  14.5982  18.2845  2.8937  0.2344  3.2712  2.2087  6.0229  1.2428  0.5724  3.9607  6.6601  1.4467  1.289  2.9565  0.159  3.7238  2.619  1.0862  0.001  1.5765  1.5417  1.142  0.1578  0.948  1.18  1.033  
trainID = 1309  0.237  0.0789  0.904  1.167  1.6179  2.6357  0.56  2.4934  3.5649  0.8734  1.1688  1.3918  2.7441  4.3313  0.5066  1.755  35.5386  2.5881  1.971  0.4204  2.5232  13.9136  10.3543  0.642  2.9886  1.4337  0.6262  2.8623  0.849  0.5308  1.4597  2.8508  1.6868  0.834  1.1918  2.2495  1.0699  1.2415  1.5629  1.164  1.2028  1.9603  0.006  0.8914  0.555  0.296  0.3873  
trainID = 1339  1.212  0.7853  1.093  0.664  0.34  0.2006  2.7263  0.9844  1.0235  0.6611  0.7913  1.1807  1.9042  0.6808  3.5359  1.961  1.533  0.847  2.798  0.4328  5.2031  2.5218  3.7646  16.9222  7.0698  0.6312  0.1724  1.6255  1.295  1.654  1.8277  4.5739  0.5658  3.628  3.0765  0.1042  0.6821  0.837  1.7896  2.1916  1.5748  3.016  1.7144  1.499  2.388  1.5674  32.2101  
trainID = 1343  1.187  1.123  0.248  0.704  0.5116  0.0506  0.449  3.6257  0.4723  1.5876  2.3634  2.808  2.8998  2.1203  1.5839  0.512  1.9459  0.308  3.65  0.8324  5.1709  2.2586  13.4117  16.1481  12.7173  3.191  1.6244  0.4347  1.2395  4.6542  3.3029  2.6854  0.9895  4.7877  1.9358  0.0851  1.7275  1.536  0.7065  0.2033  1.9968  2.735  1.3006  0.394  0.911  0.3174  32.1201  
trainID = 1344  0.367  1.7283  3.3232  0.95  0.592  0.3815  1.623  0.8298  0.8754  0.7186  0.5951  0.0769  1.0471  3.3763  1.8581  1.535  1.7182  0.455  3.179  1.0046  2.8324  1.7521  5.9639  17.526  4.9308  0.9643  0.6096  0.9989  1.2941  1.428  0.361  3.5826  0.6143  4.1595  2.4578  0.8883  1.8659  1.701  1.6836  2.5837  0.5634  3.689  0.7303  1.0692  0.957  1.3195  34.6591  
trainID = 1380  2.9227  2.3856  1.412  1.332  2.8307  0.944  0.3043  4.6231  2.8816  2.5337  1.5463  1.5376  3.7923  0.2494  0.916  35.0046  2.216  0.5914  2.2428  0.2342  24.2328  14.1784  2.1499  3.3831  0.7361  3.4934  0.459  1.077  3.3898  2.7458  4.3622  0.1079  1.0883  2.2075  1.9313  1.7946  1.6307  3.7061  1.183  0.2889  1.6483  0.047  2.9432  0.404  2.9445  1.0533  
trainID = 1385  3.4551  2.1075  0.01  0.873  1.7297  3.8127  0.858  0.9127  3.7131  2.6924  0.4286  1.3133  3.0822  2.6173  0.8583  2.323  3.3287  2.1865  0.3287  9.1437  23.4707  7.8133  0.2061  1.7075  0.086  0.362  0.627  0.153  0.5457  1.0808  4.5943  0.1886  1.4311  0.3395  0.113  0.1619  2.4193  1.6332  0.125  2.8426  1.4341  0.3742  1.8682  0.37  1.8486  2.2035  
trainID = 1404  1.945  1.2805  0.223  0.0994  1.9292  1.8365  4.8561  1.5545  0.1817  1.6463  2.5881  3.6008  2.9583  4.2844  1.076  1.4219  0.077  1.586  0.6344  3.0081  2.3984  14.01  12.0693  14.1125  0.0558  0.4335  5.1241  2.3878  3.5554  0.632  1.59  3.6874  6.2106  0.3947  0.4176  0.2654  0.828  2.6219  1.7092  2.8277  0.319  0.9317  0.098  1.5335  2.2876  32.7981  
trainID = 1415  2.7064  2.3153  0.592  0.3458  1.6839  1.737  0.5439  4.0846  3.4797  0.7045  3.3463  2.5161  2.2963  0.114  0.836  35.5736  1.7222  1.7788  0.1458  4.9646  19.1935  15.196  1.1439  4.5718  2.4713  2.4148  3.0394  1.0405  3.5118  1.2078  1.4801  0.6044  2.7093  2.0402  0.559  2.4076  2.3846  3.4086  1.132  1.076  1.78  2.6865  2.149  0.114  0.588  0.5121  
trainID = 1429  1.294  1.2895  2.113  1.358  0.3393  0.6898  0.1  1.1315  0.94  0.8284  0.4728  0.3431  0.0157  2.7063  3.0185  4.6287  1.1371  0.341  3.501  1.2968  5.1404  2.6878  11.9197  26.8472  2.702  0.8877  2.7982  1.5658  0.5392  4.5271  3.3338  7.7866  0.3977  3.8035  2.8383  2.2876  3.9654  1.508  0.1172  0.6911  0.5698  1.755  1.9519  0.878  0.975  2.6092  34.3541  
trainID = 1517  0.31  3.1977  0.9865  0.066  4.9461  1.802  4.5029  2.7425  5.5248  8.0722  5.0543  1.1768  2.28  2.8221  0.912  2.425  1.5134  2.9069  0.5947  18.1948  15.6736  18.693  0.4772  2.0594  6.0526  1.4159  3.7211  0.468  4.6171  2.7435  0.5822  1.2564  0.427  1.7314  0.907  4.4263  0.0828  3.8649  3.1257  2.2219  0.7503  2.2498  0.1726  1.303  0.314  1.9548  
trainID = 1577  0.352  1.9141  2.259  0.8237  0.2172  1.237  0.2098  0.1472  1.8905  3.0951  1.2384  0.8193  3.0673  2.6389  2.074  0.7869  0.635  0.747  2.4728  1.2224  3.7119  8.3014  4.9593  6.6416  3.0618  0.6051  0.2157  3.0475  2.233  0.6813  0.3129  0.8767  1.1861  1.3131  0.2078  1.9861  0.756  0.8944  0.8716  0.7226  0.215  1.26  0.855  1.1485  1.5428  1.155  0.998  0.082  
trainID = 1601  2.1481  1.4009  1.925  1.285  0.8532  0.3278  0.838  4.15  1.7634  1.7308  0.2005  3.3999  2.1834  5.3243  2.7834  0.13  0.1201  0.641  4.468  0.1976  5.5143  0.7738  10.039  16.4766  10.6914  2.9478  1.4324  1.0895  2.6327  4.8427  0.458  3.3476  0.6147  6.116  2.9021  1.1999  0.1409  1.582  1.1692  0.8517  1.0127  2.766  0.1037  0.286  1.818  0.5381  35.7451  
trainID = 1628  2.3809  4.3965  1.612  2.348  2.6029  4.0387  2.077  1.8211  5.0265  2.3146  1.7893  2.8406  4.484  5.6803  0.6584  1.311  35.4306  2.6602  2.4182  1.7653  0.6812  24.2794  15.2758  2.1801  5.8939  0.4835  0.8633  1.312  1.898  4.9389  0.5951  1.6377  2.4121  4.4259  4.0684  1.3314  0.4453  3.5926  2.548  0.707  2.8181  3.6521  0.901  1.2066  1.175  0.185  1.0782  
trainID = 1638  0.876  0.4219  0.651  1.241  2.7248  1.1123  0.449  5.5976  0.1175  1.3487  2.6152  0.965  3.6831  1.7483  0.6818  0.904  0.3768  1.4136  4.491  0.1346  4.5381  2.8702  10.8067  10.6934  12.6105  0.0129  0.42  0.7375  3.3362  1.576  1.641  1.5981  0.139  3.3011  2.4749  0.6548  0.494  0.024  1.8822  0.2775  2.2729  0.116  0.1244  2.2322  1.0421  1.5827  0.412  3.661  0.0639  
trainID = 1657  1.688  4.8577  0.216  1.168  1.2021  0.8007  1.72  0.3646  5.2305  3.616  1.1379  4.4162  4.9137  1.5123  0.8696  1.14  36.3336  3.1648  2.5274  2.8453  2.1117  23.4539  13.4075  1.9161  5.4619  1.97  3.2434  0.304  0.89  4.0153  0.8959  4.0049  2.0017  2.6991  1.0427  3.0517  2.224  2.1868  5.3263  1.853  4.0176  4.2751  2.2598  2.3957  0.966  0.627  2.0869  
trainID = 1671  0.543  0.3148  3.5318  0.579  1.2263  1.4102  4.177  3.4284  0.4593  1.723  3.0806  4.3543  3.3573  2.3673  4.5594  3.1708  1.4143  0.62  4.538  3.8576  6.1277  3.0506  13.0385  20.8188  6.0565  1.2707  1.5533  0.4533  2.6609  3.3723  4.2035  3.9042  0.0764  5.8721  4.2312  2.8479  4.1593  1.049  1.6586  0.7373  2.162  2.643  2.3467  0.617  0.542  1.0572  34.1251  
trainID = 1716  0.882  1.13  1.688  1.392  0.9838  1.6541  0.776  1.1667  0.8182  0.6034  1.92  3.5902  4.1799  2.1263  3.0617  0.535  0.5399  0.068  4.396  1.2507  7.1761  1.3975  9.4581  14.3929  9.4151  2.2186  0.8266  0.9101  2.5154  3.1692  2.3533  3.6063  1.7676  2.636  3.4464  0.0276  1.7172  0.082  0.3304  0.77  0.6931  0.9387  1.7036  1.858  1.1593  1.2354  32.5661  
trainID = 1746  2.7374  0.3553  1.226  0.782  0.6228  3.6837  0.022  1.7285  3.4693  3.3998  3.3722  0.329  1.1991  1.3723  0.4822  2.849  35.9426  1.1076  0.9136  0.5523  5.6361  10.1782  4.2619  1.0449  3.5326  0.0454  4.3794  2.286  1.0997  0.9063  1.5104  1.4717  0.092  0.7493  0.2989  0.329  1.2083  1.2169  5.0147  2.519  0.5385  0.174  2.0221  0.9021  0.343  0.17  1.4835  
trainID = 1750  1.35  0.2519  1.588  0.168  1.7551  4.7737  2.34  0.3367  0.2087  1.8469  2.7829  1.3315  0.8036  1.7063  0.3106  1.496  2.2347  1.067  2.326  2.2937  4.3731  2.129  1.9755  2.0083  3.5645  0.3783  0.8489  1.3856  2.5818  0.185  0.456  2.2234  0.0536  2.8416  1.0117  0.3144  0.6214  2.097  0.5286  0.3676  1.3789  0.986  1.1046  1.8702  1.141  1.4771  0.715  2.078  0.019  
trainID = 1897  1.92  1.9026  1.623  0.505  1.7262  1.4592  1.6082  1.985  1.2748  0.7838  0.3099  0.004  0.4678  0.5552  2.0328  5.5156  0.6929  0.173  3.69  2.0114  4.476  0.6326  1.9111  7.2992  11.3754  0.1376  0.0444  0.0311  0.3488  3.3431  1.4225  2.4077  0.0236  0.5765  3.499  1.2148  2.0139  1.2476  1.5186  3.1708  0.9766  1.458  1.2206  0.205  1.261  1.8905  
trainID = 1938  0.844  1.3579  0.74  5.1205  2.3037  2.0217  1.0081  1.7345  1.0839  5.2522  4.2702  4.0773  2.6313  0.9657  0.94  36.3686  2.4367  3.6059  1.8867  7.2552  17.0951  13.7969  1.1177  5.3039  4.5682  0.2024  2.9323  1.4958  1.5992  1.5089  4.7029  1.8709  2.6158  0.32  1.166  1.9015  2.6647  6.8522  1.174  3.1956  2.4765  3.4495  0.7747  1.002  1.003  0.0956  
trainID = 1970  1.838  1.4836  0.365  0.8568  0.3177  1.8042  3.6523  3.1033  4.0603  2.8752  6.3323  3.4832  2.3583  0.3107  2.403  0.3531  1.4098  3.365  0.3182  3.3004  1.719  14.3823  14.8841  11.5486  2.0439  2.7525  0.3412  2.4528  3.692  1.132  1.2419  0.6585  2.5855  0.197  0.3494  0.5365  2.476  2.6693  0.2166  2.6165  0.811  1.194  0.664  2.0313  0.3398  0.31  2.171  1.6346  
trainID = 2003  1.545  2.1807  0.6611  1.8718  4.1695  2.5567  4.8661  4.629  4.6461  4.425  4.2693  1.3605  2.84  4.4429  0.543  4.074  0.1205  3.9658  2.4221  15.6353  14.7991  16.9313  2.3871  6.0546  5.9342  3.4807  4.1605  2.7234  6.4711  1.8213  2.0954  2.2296  0.6953  1.3197  0.519  4.3499  0.8411  3.5016  0.139  2.7102  0.118  1.897  1.7219  1.126  1.6957  0.1026  
trainID = 2027  4.559  0.711  0.542  0.297  0.3937  0.3561  4.4977  0.6577  1.4767  0.1958  2.1486  1.0619  0.4639  2.3443  0.7882  3.6434  0.8713  1.0991  4.312  0.1432  4.9678  0.3327  7.3969  19.7665  6.796  0.67  1.8111  0.5432  0.0994  1.782  0.8485  2.9848  1.5342  2.6737  0.217  1.3155  1.4046  0.396  4.2566  1.6917  0.8015  2.962  1.3761  0.944  0.273  1.4716  34.0551  
trainID = 2084  0.407  1.1697  1.728  0.116  0.4817  0.6053  1.9223  1.0594  0.3831  1.2316  0.6687  3.0887  3.1646  2.7653  3.3983  1.595  1.7237  1.2911  3.718  2.924  6.7505  1.1143  9.2669  15.1408  2.5609  2.8606  0.0973  1.1198  3.2205  1.386  2.8305  3.6069  1.2281  6.5696  2.732  0.8839  1.1177  0.629  1.9306  1.2592  2.3923  2.169  1.2221  0.3692  0.68  0.2926  33.4581  
trainID = 2157  2.2151  0.0318  0.123  0.945  2.254  0.8764  1.686  2.7255  0.7533  1.1461  0.9576  4.0149  2.7558  4.5043  2.6485  1.122  1.0061  2.441  2.916  2.7618  4.9857  2.0855  12.7872  14.0061  13.2075  0.5969  1.3474  0.3157  3.7184  4.3815  0.647  3.0474  1.2893  3.9373  0.109  1.9906  0.4139  0.077  0.7872  1.7012  2.5415  0.8449  0.0433  0.206  0.9022  0.1708  34.4701  
trainID = 2277  0.191  1.4344  0.101  1.263  3.5021  0.9607  0.284  4.3576  1.7278  1.5782  2.5687  3.2872  5.0167  4.3783  0.0769  3.0619  1.2746  0.953  2.05  1.7382  2.3653  0.6943  12.6594  10.3289  14.7214  1.26  3.4681  0.4077  4.2929  4.0337  0.8038  1.1504  4.2037  4.0201  0.587  1.1487  0.3569  1.2714  4.7339  0.9381  3.3697  0.308  0.7246  1.2639  0.415  0.2267  1.047  0.437  0.5842  
trainID = 2364  3.6352  3.2822  0.837  1.436  2.723  2.3247  0.471  0.683  8.2038  2.6762  0.5737  1.1218  1.9977  0.7009  1.1853  2.239  38.4866  1.6587  2.1554  0.3499  3.0155  24.7692  15.8112  2.2546  7.877  0.6811  3.0074  2.9643  0.332  3.8859  0.4472  5.2475  1.4062  2.2781  2.4343  1.9432  1.3202  1.8225  2.8974  1.847  3.1351  5.1626  1.347  3.1871  1.617  1.167  2.0577  
trainID = 2384  0.705  1.6168  4.0291  0.241  1.0204  0.965  0.6552  2.1007  0.3202  2.3119  1.72  0.0733  2.1623  1.2339  1.036  1.6992  0.817  2.985  3.374  4.6645  2.9187  4.8786  7.8199  1.7421  0.1613  0.1661  3.4678  1.6958  3.5053  1.7083  2.5054  0.6116  3.1348  1.8711  2.7224  1.1726  0.87  1.5476  0.9942  2.3974  2.461  0.2394  0.5873  1.039  3.6205  33.7311  
trainID = 2393  0.203  3.657  0.782  1.744  0.7889  0.6902  0.509  4.2987  3.069  2.045  3.2502  2.3833  3.4154  1.4963  1.1152  3.6503  0.2948  1.543  2.931  0.0328  1.4313  0.58  8.2184  9.433  11.8602  0.6945  2.1299  1.7554  4.032  4.1791  1.5383  2.3219  1.3973  2.3609  0.5862  0.2201  0.2212  1.1481  1.8594  2.5759  2.8841  0.862  0.0512  1.1366  1.136  0.6202  1.548  0.447  0.6736  
trainID = 2401  35.0451  0.393  3.7172  1.878  0.036  6.6653  3.6109  3.985  1.8936  2.2152  2.3297  3.2543  4.1241  2.496  0.1622  0.222  3.961  1.1759  3.9483  0.8043  15.0224  16.3134  16.0203  2.1212  2.8735  2.9382  1.491  3.8118  1.3351  3.3285  2.7859  5.0094  1.3121  0.4032  0.8164  0.025  1.7782  0.0453  3.4712  0.776  1.4861  1.276  1.0319  0.4208  0.709  1.309  1.5953  
trainID = 2415  0.673  4.2701  0.0638  0.062  4.2988  2.5545  2.5777  4.8208  4.306  6.0672  1.9903  0.9964  1.019  0.059  0.634  2.59  1.3287  3.492  1.2576  17.1315  17.3196  15.7241  0.1775  2.1829  3.272  2.4872  3.081  3.5954  3.1834  3.6907  1.011  1.4022  0.4895  2.1161  1.264  6.5873  1.3217  3.3358  1.1292  0.437  1.7628  4.1869  0.346  0.247  3.6958  2.9423  
trainID = 2424  1.423  0.586  3.2637  0.392  1.1174  1.3528  0.131  0.843  0.2311  3.3247  0.2248  3.1583  0.3878  3.4233  1.0904  1.45  35.0806  2.1829  1.3264  1.7704  0.8012  18.6628  11.3209  2.8537  4.0028  0.1313  1.0948  2.688  0.9663  1.1149  0.5751  1.9899  0.986  2.5582  0.5789  0.12  1.3396  1.8214  2.6783  0.031  1.7238  3.0424  2.015  2.8756  1.436  0.867  1.0776  
trainID = 2478  2.4392  0.3989  2.6204  1.58  0.0083  1.3243  1.8666  0.5084  1.9973  0.0944  2.3826  3.1369  0.8724  1.7983  1.6087  0.048  0.2087  2.592  2.5  0.2749  1.9643  1.2597  4.7673  3.2162  2.3504  1.2425  1.8487  0.0563  1.5276  1.484  0.027  1.1236  0.9242  2.5387  0.1505  1.3878  0.108  0.106  1.7936  0.1025  2.6408  1.292  2.5028  0.796  0.288  3.3307  0.34  0.024  0.4854  
trainID = 2532  1.668  2.4829  1.771  0.799  0.9828  3.8767  2.3162  0.1694  6.3158  2.9041  1.3884  1.9455  0.8864  1.2733  0.2304  2.9925  1.6071  2.6802  0.6909  4.4676  17.1061  8.9418  1.3247  2.9231  1.2251  0.6363  2.907  0.27  1.1067  0.224  3.118  1.027  1.77  1.2656  3.9629  0.4103  1.1558  2.7294  1.893  2.0871  1.2708  0.118  3.1603  0.842  1.34  0.8781  
trainID = 2568  2.7315  2.4096  0.435  0.732  1.7089  3.5137  1.504  0.0939  5.2707  3.581  0.6446  5.2564  3.6276  3.3333  1.3294  2.334  35.4806  2.596  2.0068  0.2751  0.3847  25.1567  15.8132  3.1998  4.7384  0.7035  2.1647  0.868  0.238  3.8483  1.2007  3.611  2.4349  2.3958  2.5411  1.4202  2.409  5.1417  4.6286  0.535  4.5983  4.9355  3.8474  0.887  0.472  0.088  3.3238  
trainID = 2579  2.2819  3.4172  1.031  1.603  4.346  2.7847  0.245  0.8849  3.6573  4.81  1.5068  2.2441  1.4973  2.5493  0.1788  2.925  36.5986  0.7638  0.9058  1.2944  6.3778  24.9791  11.8174  2.0479  4.9448  2.1503  0.7703  3.1448  0.375  4.3474  0.1312  2.8929  0.0933  0.575  1.4314  2.1137  1.1818  3.1411  4.9812  1.818  3.3535  2.157  0.978  1.7015  1.032  0.342  1.7811  
trainID = 2612  1.152  0.1816  4.3689  0.392  1.9392  0.5681  1.487  0.5624  0.6884  0.412  1.265  2.6222  1.5978  3.2373  1.5625  4.6054  0.4762  0.624  3.4  2.2346  2.132  2.9017  8.7594  19.208  1.8168  0.4561  2.7363  2.7642  1.426  3.3652  4.8982  1.1475  0.6398  0.938  2.9985  1.5608  1.7335  0.008  2.0626  0.3954  1.7115  2.571  0.4034  1.482  2.379  3.2283  32.2171  
trainID = 2616  1.651  2.6576  0.477  0.608  3.3356  0.4207  1.138  1.103  3.7886  1.7957  2.0034  4.4364  2.0126  0.6178  1.15  3.1812  37.4146  3.3038  1.8049  2.2204  3.319  22.3459  16.7193  1.2828  6.5415  1.9616  3.968  3.2553  0.9983  2.3326  2.1675  3.1342  0.8008  1.5772  1.4036  0.446  1.8782  1.5248  4.1101  1.193  3.0429  2.4437  0.8546  3.5608  2.5017  2.4357  0.5237  
trainID = 2675  0.097  1.3431  1.043  0.488  3.0939  1.8832  2.9181  2.8485  0.8283  0.3751  1.8577  4.1447  2.7654  3.1623  0.8094  2.236  0.6989  2.3528  2.731  1.7003  2.4506  0.6268  14.0632  13.2558  16.6364  0.5775  3.0253  5.0632  3.2943  2.4735  0.8217  2.699  2.9396  0.3152  0.2136  0.1894  0.7218  1.446  1.7408  0.6413  4.3326  1.141  1.1603  4.3471  1.7286  1.5505  1.159  0.319  0.7893  
trainID = 2792  2.6736  0.151  2.468  0.463  1.5827  2.0596  2.7113  3.4221  0.3576  0.8051  0.5867  2.9374  3.341  1.5733  4.213  2.022  0.0406  0.964  4.098  3.6245  6.7618  5.7069  14.6504  22.6942  0.3047  2.9768  0.587  1.3879  0.4557  3.4152  1.6118  4.8956  0.3562  3.569  1.6066  0.5012  2.5039  2.023  0.2615  1.3529  0.2621  1.938  3.1302  2.0757  0.3  0.4987  35.3541  
trainID = 2799  0.257  3.5606  0.362  0.312  2.6357  2.6707  1.081  2.8511  6.3222  1.2064  1.3802  2.9476  1.6526  2.5303  0.5765  4.7041  36.6036  3.9479  2.1195  0.969  5.3098  18.2117  14.7445  1.8639  8.7438  3.1923  1.7437  2.602  0.065  3.4963  0.7665  2.4578  2.337  4.5882  2.2315  0.898  3.3353  1.1745  5.8777  3.81  0.5523  0.8465  0.3472  1.4723  0.672  0.988  0.6095  
trainID = 2843  0.355  2.4687  1.362  1.4963  1.4921  0.471  2.2984  3.2828  3.2842  1.2034  1.7711  2.9622  1.5623  1.9186  2.828  34.0866  0.2994  0.8845  2.5284  0.5125  15.9098  12.1001  1.2943  2.1829  2.0619  1.8872  1.564  0.849  2.0927  0.8557  3.0621  1.4038  2.3207  3.6136  0.942  1.2629  2.2641  4.1724  1.554  2.9242  0.7431  0.4899  1.2167  0.653  0.191  1.1562  
trainID = 2863  2.1098  0.3671  2.442  1.316  0.4449  2.3237  0.907  1.4687  3.9877  1.86  0.4447  4.6999  1.8001  2.9553  1.3926  0.02  36.5446  1.7187  1.1976  0.7917  5.7689  17.8923  16.1966  1.8965  4.9988  1.8176  2.2746  2.384  2.961  5.7747  0.0591  3.66  0.5151  3.1912  3.3794  1.4419  2.3317  1.3688  4.7943  0.9935  1.3952  2.6732  2.77  3.8836  1.509  1.941  0.9651  
trainID = 2889  1.687  0.0068  2.169  0.048  1.2478  0.129  3.6567  2.3223  0.5145  0.4995  0.435  5.1983  1.0974  3.7783  3.2209  3.5606  1.4057  1.263  2.332  1.3972  4.4854  3.4338  10.8967  18.4543  6.9054  2.0006  0.8562  0.5292  0.0009  2.7364  2.9774  3.8927  2.1064  5.4137  2.9716  3.2248  3.1745  0.318  0.2957  0.0375  0.8258  2.918  2.3974  1.8756  0.739  3.2006  
trainID = 2973  1.613  0.0166  1.329  1.226  5.269  0.492  0.146  2.2918  4.3186  0.9949  1.7732  3.2411  0.4182  3.7103  0.1583  1.18  3.2328  1.5633  3.496  0.3093  1.5486  2.7236  14.5848  15.3631  15.5836  0.0599  3.4688  4.7285  1.6063  0.495  0.813  4.6547  2.1831  0.0957  1.2795  1.491  3.3802  0.238  1.7954  2.3143  3.2763  0.5606  1.8336  2.0229  0.6256  0.6859  1.694  1.355  0.4984  
TrainID = 2478  dbValue = 1.38651  nTestCell = 49  nTrainCell = 49  nDiff = 0  (X,Y) = (1495, 2225)  Position Error = 43.4166
TrainID = 1220  dbValue = 1.4236  nTestCell = 49  nTrainCell = 49  nDiff = 0  (X,Y) = (1505, 2195)  Position Error = 20.6155
TrainID = 1750  dbValue = 1.46299  nTestCell = 49  nTrainCell = 49  nDiff = 0  (X,Y) = (1475, 2205)  Position Error = 26.9258
TrainID = 1577  dbValue = 1.61854  nTestCell = 49  nTrainCell = 48  nDiff = 1  (X,Y) = (1465, 2215)  Position Error = 40.8044
TrainID = 738  dbValue = 1.63723  nTestCell = 49  nTrainCell = 49  nDiff = 0  (X,Y) = (1495, 2215)  Position Error = 33.541
TrainID = 1897  dbValue = 1.82492  nTestCell = 49  nTrainCell = 46  nDiff = 3  (X,Y) = (1495, 2175)  Position Error = 9.21954
TrainID = 803  dbValue = 1.96708  nTestCell = 49  nTrainCell = 49  nDiff = 0  (X,Y) = (1445, 2245)  Position Error = 76.844
TrainID = 1638  dbValue = 2.10507  nTestCell = 49  nTrainCell = 49  nDiff = 0  (X,Y) = (1425, 2255)  Position Error = 97.0824
TrainID = 541  dbValue = 2.1249  nTestCell = 49  nTrainCell = 48  nDiff = 1  (X,Y) = (1465, 2285)  Position Error = 105.759
TrainID = 2393  dbValue = 2.1592  nTestCell = 49  nTrainCell = 49  nDiff = 0  (X,Y) = (1475, 2265)  Position Error = 84.1724
TrainID = 1385  dbValue = 2.25595  nTestCell = 49  nTrainCell = 46  nDiff = 3  (X,Y) = (1565, 2215)  Position Error = 82.8553
TrainID = 2532  dbValue = 2.28568  nTestCell = 49  nTrainCell = 46  nDiff = 3  (X,Y) = (1555, 2235)  Position Error = 84.6463
TrainID = 1037  dbValue = 2.32703  nTestCell = 49  nTrainCell = 49  nDiff = 0  (X,Y) = (1455, 2275)  Position Error = 99.0202
TrainID = 1002  dbValue = 2.34345  nTestCell = 49  nTrainCell = 49  nDiff = 0  (X,Y) = (1425, 2235)  Position Error = 83.0963
TrainID = 2277  dbValue = 2.48219  nTestCell = 49  nTrainCell = 49  nDiff = 0  (X,Y) = (1465, 2295)  Position Error = 115.521
TrainID = 317  dbValue = 2.52777  nTestCell = 49  nTrainCell = 49  nDiff = 0  (X,Y) = (1435, 2275)  Position Error = 107.541
TrainID = 1970  dbValue = 2.5342  nTestCell = 49  nTrainCell = 48  nDiff = 1  (X,Y) = (1445, 2295)  Position Error = 121.264
TrainID = 1746  dbValue = 2.54384  nTestCell = 49  nTrainCell = 47  nDiff = 2  (X,Y) = (1535, 2215)  Position Error = 56.6127
TrainID = 2675  dbValue = 2.59386  nTestCell = 49  nTrainCell = 49  nDiff = 0  (X,Y) = (1455, 2305)  Position Error = 127.613
TrainID = 2973  dbValue = 2.60691  nTestCell = 49  nTrainCell = 49  nDiff = 0  (X,Y) = (1485, 2305)  Position Error = 123.065
TrainID = 1309  dbValue = 2.63577  nTestCell = 49  nTrainCell = 47  nDiff = 2  (X,Y) = (1525, 2245)  Position Error = 72.5603
TrainID = 2384  dbValue = 2.63695  nTestCell = 49  nTrainCell = 46  nDiff = 3  (X,Y) = (1465, 2185)  Position Error = 24.1868
TrainID = 2889  dbValue = 2.66601  nTestCell = 49  nTrainCell = 46  nDiff = 3  (X,Y) = (1405, 2205)  Position Error = 87.0919
TrainID = 1344  dbValue = 2.71105  nTestCell = 49  nTrainCell = 47  nDiff = 2  (X,Y) = (1435, 2165)  Position Error = 56.6127
TrainID = 560  dbValue = 2.74704  nTestCell = 49  nTrainCell = 47  nDiff = 2  (X,Y) = (1505, 2265)  Position Error = 84.5281
TrainID = 1339  dbValue = 2.75448  nTestCell = 49  nTrainCell = 47  nDiff = 2  (X,Y) = (1455, 2165)  Position Error = 38.0132
TrainID = 820  dbValue = 2.76569  nTestCell = 49  nTrainCell = 47  nDiff = 2  (X,Y) = (1545, 2245)  Position Error = 84.2912
TrainID = 2424  dbValue = 2.8109  nTestCell = 49  nTrainCell = 47  nDiff = 2  (X,Y) = (1555, 2255)  Position Error = 98.4124
TrainID = 2027  dbValue = 2.84966  nTestCell = 49  nTrainCell = 47  nDiff = 2  (X,Y) = (1445, 2165)  Position Error = 47.1699
TrainID = 530  dbValue = 2.93879  nTestCell = 49  nTrainCell = 46  nDiff = 3  (X,Y) = (1525, 2255)  Position Error = 81.3941
TrainID = 1193  dbValue = 2.94687  nTestCell = 49  nTrainCell = 47  nDiff = 2  (X,Y) = (1425, 2165)  Position Error = 66.2193
TrainID = 2843  dbValue = 2.95293  nTestCell = 49  nTrainCell = 46  nDiff = 3  (X,Y) = (1535, 2265)  Position Error = 94.8947
TrainID = 2612  dbValue = 2.96419  nTestCell = 49  nTrainCell = 47  nDiff = 2  (X,Y) = (1425, 2165)  Position Error = 66.2193
TrainID = 2084  dbValue = 2.98574  nTestCell = 49  nTrainCell = 47  nDiff = 2  (X,Y) = (1415, 2195)  Position Error = 75.1332
TrainID = 1077  dbValue = 2.99315  nTestCell = 49  nTrainCell = 46  nDiff = 3  (X,Y) = (1415, 2195)  Position Error = 75.1332
TrainID = 1716  dbValue = 3.00282  nTestCell = 49  nTrainCell = 47  nDiff = 2  (X,Y) = (1415, 2215)  Position Error = 81.0247
TrainID = 438  dbValue = 3.08884  nTestCell = 49  nTrainCell = 46  nDiff = 3  (X,Y) = (1375, 2145)  Position Error = 119.854
TrainID = 1343  dbValue = 3.13973  nTestCell = 49  nTrainCell = 47  nDiff = 2  (X,Y) = (1395, 2225)  Position Error = 103.368
TrainID = 2157  dbValue = 3.15946  nTestCell = 49  nTrainCell = 47  nDiff = 2  (X,Y) = (1415, 2235)  Position Error = 91.022
TrainID = 770  dbValue = 3.18761  nTestCell = 49  nTrainCell = 46  nDiff = 3  (X,Y) = (1395, 2195)  Position Error = 94.8947
TrainID = 2415  dbValue = 3.19958  nTestCell = 49  nTrainCell = 46  nDiff = 3  (X,Y) = (1475, 2335)  Position Error = 153.639
TrainID = 1601  dbValue = 3.25452  nTestCell = 49  nTrainCell = 47  nDiff = 2  (X,Y) = (1405, 2215)  Position Error = 90.2497
TrainID = 1404  dbValue = 3.26275  nTestCell = 49  nTrainCell = 46  nDiff = 3  (X,Y) = (1405, 2245)  Position Error = 105
TrainID = 1415  dbValue = 3.28063  nTestCell = 49  nTrainCell = 46  nDiff = 3  (X,Y) = (1545, 2295)  Position Error = 126.115
TrainID = 1517  dbValue = 3.28961  nTestCell = 49  nTrainCell = 46  nDiff = 3  (X,Y) = (1485, 2355)  Position Error = 173.046
TrainID = 1429  dbValue = 3.34004  nTestCell = 49  nTrainCell = 47  nDiff = 2  (X,Y) = (1405, 2135)  Position Error = 96.2549
TrainID = 1380  dbValue = 3.34101  nTestCell = 49  nTrainCell = 46  nDiff = 3  (X,Y) = (1585, 2275)  Position Error = 133.66
TrainID = 459  dbValue = 3.34509  nTestCell = 49  nTrainCell = 46  nDiff = 3  (X,Y) = (1475, 2345)  Position Error = 163.6
TrainID = 356  dbValue = 3.41504  nTestCell = 49  nTrainCell = 46  nDiff = 3  (X,Y) = (1565, 2265)  Position Error = 112.539
TrainID = 2792  dbValue = 3.4314  nTestCell = 49  nTrainCell = 47  nDiff = 2  (X,Y) = (1375, 2165)  Position Error = 115.261
TrainID = 2003  dbValue = 3.50108  nTestCell = 49  nTrainCell = 46  nDiff = 3  (X,Y) = (1495, 2335)  Position Error = 153.118
TrainID = 2579  dbValue = 3.53584  nTestCell = 49  nTrainCell = 47  nDiff = 2  (X,Y) = (1575, 2225)  Position Error = 96.1509
TrainID = 2863  dbValue = 3.56658  nTestCell = 49  nTrainCell = 47  nDiff = 2  (X,Y) = (1555, 2305)  Position Error = 139.589
TrainID = 2401  dbValue = 3.6473  nTestCell = 49  nTrainCell = 47  nDiff = 2  (X,Y) = (1455, 2325)  Position Error = 146.986
TrainID = 2616  dbValue = 3.64773  nTestCell = 49  nTrainCell = 47  nDiff = 2  (X,Y) = (1575, 2305)  Position Error = 150.083
TrainID = 2799  dbValue = 3.65164  nTestCell = 49  nTrainCell = 47  nDiff = 2  (X,Y) = (1555, 2305)  Position Error = 139.589
TrainID = 1938  dbValue = 3.71281  nTestCell = 49  nTrainCell = 46  nDiff = 3  (X,Y) = (1545, 2305)  Position Error = 135.148
TrainID = 1229  dbValue = 3.78694  nTestCell = 49  nTrainCell = 47  nDiff = 2  (X,Y) = (1365, 2185)  Position Error = 124.036
TrainID = 1628  dbValue = 3.79238  nTestCell = 49  nTrainCell = 47  nDiff = 2  (X,Y) = (1595, 2285)  Position Error = 147.801
TrainID = 1657  dbValue = 3.79601  nTestCell = 49  nTrainCell = 47  nDiff = 2  (X,Y) = (1585, 2285)  Position Error = 140.801
TrainID = 1671  dbValue = 3.8159  nTestCell = 49  nTrainCell = 47  nDiff = 2  (X,Y) = (1375, 2185)  Position Error = 114.039
TrainID = 2568  dbValue = 3.83935  nTestCell = 49  nTrainCell = 47  nDiff = 2  (X,Y) = (1595, 2285)  Position Error = 147.801
TrainID = 2364  dbValue = 3.84375  nTestCell = 49  nTrainCell = 47  nDiff = 2  (X,Y) = (1605, 2275)  Position Error = 148.678
TrainID = 1276  dbValue = 3.85245  nTestCell = 49  nTrainCell = 46  nDiff = 3  (X,Y) = (1365, 2295)  Position Error = 167.765
