trainID = 159  5.1685  3.0999  0.297  4.102  1.7004  2.3628  1.1512  2.3751  2.0282  0.7304  10.4164  2.4311  0.7559  1.4004  3.2499  6.101  4.5545  0.5997  3.3025  5.1693  5.8857  8.3958  5.1763  27.1494  3.9797  2.1804  1.1003  1.5322  0.2349  6.8716  4.9562  0.7227  2.305  1.706  1.718  5.7433  3.9662  1.323  3.781  0.265  
trainID = 209  2.0168  1.6878  0.177  1.0469  0.9779  2.6698  34.5974  0.8682  2.737  1.7383  1.4451  1.6  0.1661  0.5938  0.937  1.9861  0.5357  1.7661  1.3838  0.5  4.0388  4.3773  3.2834  0.8578  6.0914  1.1372  2.0927  1.0003  4.3213  0.8949  0.483  0.3647  0.321  2.0436  3.7127  0.5529  2.3338  3.7663  0.614  0.3535  34.2657  
trainID = 213  1.5772  1.0119  1.443  1.3555  1.5345  1.9818  0.664  0.51  0.587  3.6982  5.5944  0.4596  0.9671  0.7145  1.7756  2.875  4.5348  0.9779  3.6287  0.5696  0.3837  5.5683  6.1814  10.2016  2.4149  1.0172  1.2997  1.0319  2.1984  0.741  2.9858  1.8696  2.8181  2.3601  0.7144  1.5081  1.13  3.37  3.0434  3.6485  2.331  2.903  0.232  
trainID = 247  2.3144  1.9768  0.476  2.68  0.392  0.7893  1.0537  0.323  2.4938  0.2955  4.0115  3.2279  1.7497  1.3763  2.8278  1.4058  1.8184  1.2098  3.2022  1.9265  1.3872  6.3097  5.178  2.6776  2.2969  4.0081  0.5913  2.2562  0.1887  2.8624  2.7876  0.3103  4.1118  2.2825  1.7185  0.56  1.9271  0.757  3.4193  1.7496  1.508  3.1134  32.9899  
trainID = 254  4.0552  0.4433  3.1449  3.38  1.1222  3.6188  0.4773  1.9663  1.337  3.8884  1.7852  2.0147  0.4989  0.2104  0.3407  1.7401  3.2472  1.5202  2.6173  2.049  2.0196  0.8592  4.3057  8.3358  1.2117  1.2419  1.7307  4.4762  1.7767  2.7737  2.8435  1.9638  4.3358  2.4  0.6523  1.066  1.4  1.95  2.4914  2.8712  0.348  0.2839  0.45  
trainID = 308  1.8936  0.1547  1.6167  1.4172  1.4158  1.9848  1.5057  1.06  0.662  1.7685  1.6805  1.7128  0.5863  0.0498  2.0278  0.3752  1.0542  1.4184  3.0375  3.0865  0.37  1.4318  3.6963  7.1702  0.9438  3.7884  0.5742  1.6642  1.9812  1.02  0.4812  1.126  5.7407  4.0524  3.9865  2.5601  2.366  0.472  1.1113  2.7061  0.927  1.5277  1.105  
trainID = 344  2.2061  1.4437  5.5706  1.7751  2.8992  1.4544  0.0694  0.146  0.519  1.8037  4.1789  1.4947  3.4177  3.2518  0.9117  0.056  1.2125  4.1761  0.5207  1.1727  2.2679  8.2078  1.4183  3.7623  1.2149  6.4392  2.2118  0.2728  3.9673  1.4919  1.368  4.2611  1.2848  4.5311  2.6863  1.7058  1.499  0.733  1.9252  0.92  
trainID = 383  0.5765  2.8489  1.7746  2.873  0.9444  1.5234  33.7504  2.8436  1.4923  4.5625  0.0674  0.5489  2.5032  0.4729  0.2727  2.7979  0.0532  0.0601  0.6727  0.5015  0.1953  5.4477  6.058  0.9337  0.6337  0.5828  1.244  1.4476  4.1123  1.2848  1.0283  1.1088  0.6077  0.9528  3.6128  1.2223  1.0346  0.4611  0.563  0.2366  34.83  
trainID = 391  3.7  0.7064  1.0292  0.097  2.1531  0.6931  0.2354  1.6467  0.209  7.5957  2.6033  0.1036  5.6549  4.6299  3.576  0.581  0.7685  5.9142  0.0383  0.3873  0.0074  9.0313  4.297  0.9406  1.618  5.631  6.0515  0.9126  3.8083  1.2587  1.9158  3.1848  0.0096  5.8312  3.5791  4.0814  3.6063  0.7764  5.68  1.453  
trainID = 482  2.7428  0.1742  2.0367  2.252  0.3175  4.0698  1.8489  1.076  0.659  0.2039  4.1727  1.9859  3.2836  4.1588  1.7514  3.493  1.4091  2.2438  4.2964  2.9814  3.1025  10.0256  11.2089  9.2417  0.9101  0.9924  4.8336  4.2712  0.0725  3.7995  4.424  0.8575  5.195  0.3687  0.48  0.2648  1.324  0.8625  4.6422  4.4621  1.418  4.8352  31.5363  
trainID = 549  3.674  0.47  2.7953  0.6418  3.1652  0.3817  2.8345  1.307  2.9543  6.6027  2.9627  1.1367  5.498  5.5621  2.2392  1.4409  3.8158  5.045  1.3669  0.7111  1.9506  10.6457  3.3878  7.4161  2.0872  8.2832  4.4618  4.0312  3.6697  0.8302  1.7994  2.2181  2.6711  5.616  4.4385  4.1309  0.715  0.587  2.6434  1.341  
trainID = 600  5.0555  5.9346  0.427  3.756  1.0245  3.6728  2.8862  0.713  1.151  0.017  12.5042  1.4146  0.6304  3.7957  5.0641  3.473  4.8511  1.6519  6.9534  5.4895  5.7639  13.1164  5.0449  19.6749  5.7726  4.0921  2.8017  2.8798  1.9653  8.6479  2.2544  3.2089  0.1184  1.187  3.932  5.4216  6.8691  0.726  3.7101  1.377  
trainID = 667  2.3707  0.3379  0.798  5.753  1.206  2.5328  0.9252  0.374  1.729  1.0936  5.8378  0.9344  0.0652  0.0582  0.9837  2.2764  4.2534  0.1597  4.8533  2.2769  2.4539  5.5959  7.2357  10.0657  1.6389  0.2189  2.817  3.3632  0.0978  1.5653  2.3092  1.4431  4.3069  3.0529  0.0759  1.1716  3.0461  1.936  3.8859  2.8328  0.98  4.1904  
trainID = 709  2.1001  2.4508  1.4829  4.332  1.9816  1.171  2.168  1.127  3.466  1.7868  8.9833  2.2671  0.4936  0.3496  0.9877  1.5687  3.5566  3.8028  2.9141  4.2456  2.9823  12.9707  3.5462  20.149  3.9924  2.747  2.8924  0.4617  0.7804  6.9105  4.1865  4.8312  1.2186  0.216  2.013  4.6588  6.9421  0.661  2.5181  0.365  
trainID = 733  1.5792  2.2574  1.3319  2.903  0.2884  3.2438  0.4461  0.56  2.2141  0.4383  5.0488  1.3065  1.8504  0.1314  1.9129  2.0388  2.7345  0.4777  3.0995  2.0293  2.4423  7.2012  5.4263  10.9762  2.3833  0.554  0.2152  0.7097  2.8535  2.607  0.5385  0.6879  5.5346  1.5969  0.4852  1.6457  2.0861  2.545  0.5985  3.961  2.129  3.4466  2.001  
trainID = 741  1.2818  1.1544  1.7358  1.0943  0.016  2.0628  0.0608  1.862  2.9768  3.5749  0.0088  0.3616  1.4157  2.0565  3.2968  0.0443  1.573  1.296  0.2034  0.695  1.5576  4.7794  0.49  5.9991  0.7037  6.6262  4.9356  1.0651  1.6713  1.4049  1.2249  3.3951  1.1071  4.605  2.4053  4.4224  2.161  0.4837  1.9038  1.805  
trainID = 801  4.3874  2.5848  0.273  1.2386  0.1463  2.8388  1.3631  0.659  0.025  3.9712  0.4913  2.0469  0.669  1.504  2.2935  1.4191  0.2193  3.128  0.0959  0.8167  1.9962  1.2399  0.7563  8.8554  1.6214  4.1942  2.6242  2.3662  2.3837  0.5888  2.3052  2.7885  1.8014  1.2736  2.737  1.8719  2.3848  0.645  1.2643  30.9113  1.054  
trainID = 919  5.1735  1.0273  1.4696  4.365  1.2775  3.5348  0.4074  3.5466  1.626  2.4377  12.0787  0.9792  0.2564  3.4214  4.2682  4.203  3.3092  1.6734  4.981  3.3888  5.1197  10.1762  3.2983  23.5196  4.9843  1.9284  4.0205  1.2749  1.1845  8.8886  3.5863  2.765  2.3056  0.109  1.349  6.3118  4.1951  0.884  1.249  0.768  
trainID = 943  3.3808  0.3384  2.611  0.0902  1.2167  0.8818  0.7315  0.584  0.483  5.6051  2.5243  0.1779  7.3341  4.674  2.3482  0.3114  0.8475  5.3552  3.5602  0.6446  0.0749  7.9013  5.5216  2.5123  1.6604  10.0234  5.5555  0.9381  5.7399  2.7753  1.6159  3.4271  1.5873  4.8103  3.5392  1.5569  2.8654  0.684  4.3395  0.851  
trainID = 946  2.3393  1.8446  1.549  3.999  1.2575  2.6968  0.5503  0.323  1.196  1.5286  6.2902  1.1824  1.7336  0.4604  2.7652  0.708  2.5401  2.6098  2.7236  2.9399  2.5168  15.6306  14.2644  12.8609  0.9363  0.6413  1.6048  2.7502  0.9866  2.8915  5.2195  0.2333  5.8359  2.9448  0.5503  1.1996  0.542  0.423  1.2845  2.9843  0.525  1.9282  35.2408  
trainID = 1011  1.3326  1.2965  0.486  1.746  0.825  2.7738  1.4057  1.666  1.402  2.1142  3.2119  0.1705  1.9918  0.9064  3.6728  0.7973  0.3623  0.9748  2.3332  0.4305  2.3239  3.3402  0.0423  2.6704  0.1162  1.0854  2.8155  0.9774  1.6416  0.256  1.9591  1.6748  0.2774  1.4016  1.201  1.2901  2.4589  1.168  1.5885  1.3275  1.356  1.1182  
trainID = 1036  1.8881  2.2172  5.3957  0.4604  2.6287  0.7131  3.235  1.307  0.489  6.404  0.8021  1.16  5.8942  5.8305  3.1314  0.846  1.173  6.9072  0.8379  0.2699  0.6706  11.5995  3.7535  4.5251  0.0314  8.2634  4.5925  2.5642  5.0213  2.0357  0.0997  3.1162  2.8657  4.5672  4.111  3.5928  0.025  1.41  3.9259  1.016  
trainID = 1051  6.1614  0.2307  2.1541  1.782  1.8207  0.7788  1.4434  0.81  1.319  5.7268  3.0553  0.867  6.1635  4.2962  4.0594  0.3546  1.6907  6.2119  0.9988  0.0852  1.8096  10.4563  4.904  4.3707  0.7066  5.6367  5.2144  1.8662  4.8269  2.6605  1.7052  3.1018  3.1007  2.6876  4.839  2.6439  0.415  0.951  2.8594  2.472  
trainID = 1089  1.2217  0.5807  3.5256  3.753  1.2637  2.7988  32.8214  2.9055  1.5118  1.7669  2.2316  0.4547  0.5171  0.4911  2.0768  2.0984  0.189  2.9541  0.1937  0.0611  4.0796  3.8781  1.6535  0.0807  6.9826  1.2872  1.0137  2.6263  4.0613  2.4926  1.0328  2.7412  0.523  1.295  1.584  0.3707  1.6692  0.8316  1.431  0.7426  1.002  
trainID = 1136  2.6542  1.7456  0.345  3.053  1.9152  4.2168  0.7963  0.095  2.9425  3.2758  3.9171  0.4754  2.8051  0.7146  0.7456  0.323  3.2852  1.3498  1.6401  2.0337  1.5201  9.1157  4.8336  2.157  0.6078  2.3653  1.317  1.6172  0.6825  1.3429  3.3059  0.5395  5.6626  1.9625  2.2199  1.7578  0.226  1.3002  2.8746  2.0624  0.237  2.5746  34.352  
trainID = 1190  0.4151  0.6137  1.0269  3.467  1.2199  0.4284  1.3417  2.9343  0.156  1.7091  0.4033  0.538  0.1186  3.0519  2.7447  1.6927  2.5761  0.4757  2.8863  0.076  0.1536  0.4341  3.8187  7.1009  0.4017  0.0082  2.1993  2.3732  1.4111  1.8975  2.15  2.1345  3.6726  5.6426  1.5773  1.5453  2.6543  0.65  3.5958  3.7601  0.244  2.2788  0.09  
trainID = 1191  3.6484  2.7295  1.9301  2.823  1.7996  3.7218  0.4035  0.173  0.833  0.2952  8.1066  1.404  1.5965  2.3806  3.898  3.493  1.5235  1.3652  4.0155  1.9728  3.1542  5.5364  12.823  28.6217  1.12  0.5786  3.2316  0.8151  0.9387  9.4021  3.1253  0.8189  0.0116  1.824  0.573  5.2799  6.0471  2.238  4.8025  1.12  
TrainID = 1011  dbValue = 1.47594  nTestCell = 43  nTrainCell = 42  nDiff = 1  (X,Y) = (1925, 2525)  Position Error = 19.2354
TrainID = 1190  dbValue = 1.80626  nTestCell = 43  nTrainCell = 43  nDiff = 0  (X,Y) = (1855, 2505)  Position Error = 79.0569
TrainID = 308  dbValue = 1.84442  nTestCell = 43  nTrainCell = 43  nDiff = 0  (X,Y) = (1855, 2505)  Position Error = 79.0569
TrainID = 741  dbValue = 1.98792  nTestCell = 43  nTrainCell = 40  nDiff = 3  (X,Y) = (1895, 2445)  Position Error = 74.0945
TrainID = 254  dbValue = 2.12196  nTestCell = 43  nTrainCell = 43  nDiff = 0  (X,Y) = (1845, 2495)  Position Error = 89.9444
TrainID = 213  dbValue = 2.24215  nTestCell = 43  nTrainCell = 43  nDiff = 0  (X,Y) = (1835, 2525)  Position Error = 100.449
TrainID = 344  dbValue = 2.26121  nTestCell = 43  nTrainCell = 40  nDiff = 3  (X,Y) = (1925, 2415)  Position Error = 93.4345
TrainID = 733  dbValue = 2.29109  nTestCell = 43  nTrainCell = 43  nDiff = 0  (X,Y) = (1825, 2545)  Position Error = 115.109
TrainID = 667  dbValue = 2.45482  nTestCell = 43  nTrainCell = 42  nDiff = 1  (X,Y) = (1825, 2555)  Position Error = 118.701
TrainID = 1089  dbValue = 2.55599  nTestCell = 43  nTrainCell = 41  nDiff = 2  (X,Y) = (1975, 2505)  Position Error = 41.1096
TrainID = 801  dbValue = 2.58132  nTestCell = 43  nTrainCell = 41  nDiff = 2  (X,Y) = (1885, 2455)  Position Error = 72.1803
TrainID = 391  dbValue = 2.64992  nTestCell = 43  nTrainCell = 40  nDiff = 3  (X,Y) = (1955, 2395)  Position Error = 114.935
TrainID = 943  dbValue = 2.79198  nTestCell = 43  nTrainCell = 40  nDiff = 3  (X,Y) = (1945, 2385)  Position Error = 123.491
TrainID = 247  dbValue = 2.80329  nTestCell = 43  nTrainCell = 43  nDiff = 0  (X,Y) = (1865, 2575)  Position Error = 96.1769
TrainID = 1136  dbValue = 2.85961  nTestCell = 43  nTrainCell = 43  nDiff = 0  (X,Y) = (1865, 2565)  Position Error = 89.4986
TrainID = 1051  dbValue = 2.93092  nTestCell = 43  nTrainCell = 40  nDiff = 3  (X,Y) = (1915, 2375)  Position Error = 134.35
TrainID = 1036  dbValue = 2.98443  nTestCell = 43  nTrainCell = 40  nDiff = 3  (X,Y) = (1915, 2365)  Position Error = 144.257
TrainID = 383  dbValue = 3.13995  nTestCell = 43  nTrainCell = 41  nDiff = 2  (X,Y) = (1965, 2555)  Position Error = 56.3028
TrainID = 549  dbValue = 3.18822  nTestCell = 43  nTrainCell = 40  nDiff = 3  (X,Y) = (1895, 2365)  Position Error = 148.223
TrainID = 209  dbValue = 3.3253  nTestCell = 43  nTrainCell = 41  nDiff = 2  (X,Y) = (2005, 2525)  Position Error = 73.0068
TrainID = 709  dbValue = 3.40695  nTestCell = 43  nTrainCell = 40  nDiff = 3  (X,Y) = (1745, 2495)  Position Error = 189.447
TrainID = 1191  dbValue = 3.50436  nTestCell = 43  nTrainCell = 40  nDiff = 3  (X,Y) = (1755, 2555)  Position Error = 185.068
TrainID = 482  dbValue = 3.58803  nTestCell = 43  nTrainCell = 43  nDiff = 0  (X,Y) = (1815, 2595)  Position Error = 147.411
TrainID = 946  dbValue = 3.61004  nTestCell = 43  nTrainCell = 43  nDiff = 0  (X,Y) = (1795, 2595)  Position Error = 163.982
TrainID = 159  dbValue = 3.74972  nTestCell = 43  nTrainCell = 40  nDiff = 3  (X,Y) = (1725, 2535)  Position Error = 210.737
TrainID = 919  dbValue = 3.78356  nTestCell = 43  nTrainCell = 40  nDiff = 3  (X,Y) = (1685, 2535)  Position Error = 250.46
TrainID = 600  dbValue = 4.22574  nTestCell = 43  nTrainCell = 40  nDiff = 3  (X,Y) = (1675, 2515)  Position Error = 259.095
