trainID = 318  0.212  0.052  1.5364  2.7738  2.482  3.0055  0.3156  0.4  3.0131  0.3435  1.6587  2.0084  0.635  1.7258  0.5485  2.1989  0.8987  2.0976  0.5642  3.966  2.6537  3.4886  3.9632  2.0392  0.9138  1.4938  2.921  0.7326  3.0638  0.6964  1.1351  0.412  1.164  0.3076  2.4813  1.6304  0.628  0.2195  0.5421  1.0805  0.8622  1.6335  2.0139  0.0137  
trainID = 362  35.4704  1.325  3.5374  8.0883  2.7306  3.0208  0.2676  2.6866  7.0309  2.8573  4.7487  2.0522  2.2515  0.8119  0.6157  1.6276  1.2681  11.363  7.012  25.8369  3.9753  0.0263  9.7982  6.047  1.7553  0.376  1.877  6.4736  4.2607  0.0166  1.104  0.5885  1.038  4.8562  2.816  3.0497  4.298  0.8412  3.5113  1.2515  1.7021  33.0385  
trainID = 375  0.3989  1.1238  0.172  3.915  1.2806  2.1485  1.7624  4.4601  0.5959  3.9225  0.5525  1.3  4.3912  3.5256  0.46  2.0634  4.8265  3.7449  0.422  2.96  4.8746  5.9695  3.1524  2.0736  11.1744  5.0564  3.2541  2.3822  6.7777  1.1204  1.071  3.9354  0.2328  3.6822  2.1825  1.3639  4.3331  3.3298  4.574  0.5475  1.8079  0.6174  
trainID = 421  0.443  1.3064  0.288  2.7324  1.4314  0.9391  0.519  2.042  1.9514  1.728  0.9375  0.304  1.0282  0.3999  1.7689  3.234  0.6008  2.8754  0.9214  2.6663  2.3181  0.4723  0.2993  0.4474  8.6398  0.5543  3.2041  2.9995  2.7356  1.4306  0.338  1.6472  2.1637  2.5136  1.4809  0.3784  1.3237  2.6361  1.3991  0.0735  0.0335  2.386  
trainID = 437  1.591  0.0421  0.5649  0.37  0.9324  1.0795  1.4525  1.2728  0.4206  0.1386  1.9428  3.2035  0.7311  1.9518  0.8868  2.5093  1.0951  2.807  0.8644  1.4307  1.9294  3.509  1.9053  1.2309  3.0866  0.5916  1.4853  4.8639  2.382  0.5353  0.1559  0.757  0.2614  0.997  1.6628  2.2954  2.8307  0.4073  2.7711  1.3494  3.4485  3.7109  0.9588  
trainID = 446  0.045  0.215  1.1871  0.778  1.7713  1.7615  2.5163  4.5055  1.302  0.7679  2.5356  0.9125  2.783  4.0132  0.9557  2.1618  1.4486  1.947  1.5562  2.9761  2.9638  3.058  1.2256  3.239  0.381  9.9361  1.6535  6.3041  0.1986  3.5526  3.8692  0.914  2.5456  0.2037  2.3845  0.24  2.1916  2.4282  2.5101  1.9312  0.0205  0.4792  1.9114  
trainID = 465  0.6042  1.415  0.581  1.946  0.5375  1.3216  0.814  3.2983  0.7909  0.5757  1.4695  1.655  3.1311  3.1821  0.6825  0.711  2.7577  1.0807  2.3257  5.2525  1.8453  3.1717  0.3653  0.6784  11.3443  0.889  4.8065  3.2388  2.1201  3.1294  0.418  3.1774  1.1806  2.5414  1.9593  0.1316  3.4718  4.041  2.9943  0.2675  1.8779  4.1035  
trainID = 467  1.492  0.025  0.0362  0.8173  0.305  4.1472  0.9901  0.7065  1.9447  1.4493  1.4425  0.4395  0.7056  1.9003  0.8322  3.1318  1.2989  1.2289  4.94  0.3838  0.7646  1.8993  0.7406  0.293  3.3007  2.2152  3.2006  0.7193  1.5655  3.2051  1.5634  0.3235  1.0942  0.362  0.1986  1.0039  0.0346  1.108  0.1797  1.4112  0.2382  1.3866  1.0399  1.5039  0.0565  
trainID = 469  3.3036  0.1174  2.82  5.8955  1.4259  0.2874  0.361  3.3513  1.7329  0.6311  3.0505  0.044  5.3929  3.1789  1.7975  5.4113  6.4264  1.1895  0.4816  3.3877  2.9239  1.8473  1.8449  1.8625  11.8284  5.9713  2.9451  0.1994  6.3069  3.0277  2.391  4.0341  1.4461  4.8795  2.1381  3.237  4.5273  0.6277  3.5648  0.228  0.2431  0.9937  
trainID = 493  36.6496  0.657  3.4839  7.1193  0.715  6.7533  5.8718  0.9802  5.4854  3.5578  2.235  37.4539  2.3874  2.8982  2.1074  15.2956  1.2486  8.05  4.6235  6.4783  6.1597  2.9839  2.6283  0.327  2.5872  5.2418  9.9432  3.0809  3.0049  3.7548  1.4459  1.7466  4.6644  1.7417  3.5  3.5033  2.2704  0.5872  1.1112  0.5935  2.2619  0.3432  
trainID = 507  32.9752  1.829  2.8684  8.4343  0.847  4.3075  0.8071  4.1679  5.3697  1.1316  4.3409  0.1385  2.4365  1.88  2.0196  0.508  0.3549  13.8452  4.6663  29.7386  5.2187  0.4785  9.6401  2.1873  1.6703  1.5329  3.2674  5.2449  6.8628  2.798  2.0728  3.1009  0.336  4.3222  5.7536  1.0095  1.539  1.4807  2.0423  0.4107  1.2655  32.4735  
trainID = 631  35.4396  1.423  1.4  0.8369  1.584  1.0429  0.3778  0.4731  5.7793  1.3047  0.8329  1.6867  1.4435  1.8005  3.7813  2.5246  3.2199  0.8764  2.2129  4.1131  0.121  1.6551  2.4522  0.39  0.1171  0.4532  2.2153  2.5296  2.0048  0.0103  0.2636  0.2095  0.6537  1.138  3.1236  2.3123  4.1369  1.696  3.6236  1.3753  0.6085  1.2784  34.8375  
trainID = 633  35.917  1.625  2.1258  7.0203  1.081  8.4071  1.4293  1.7679  4.2708  3.3546  4.2446  1.9089  0.1668  1.766  0.7906  1.0702  0.018  13.5949  9.5079  14.5346  3.9409  0.4582  6.6904  3.7643  0.996  1.5984  0.8542  5.2815  6.2994  0.37  0.5702  1.649  0.391  3.8202  3.6274  2.3387  0.763  1.9658  1.6423  1.5975  0.1705  0.504  3.9219  1.3911  
trainID = 686  0.933  1.3218  3.2268  0.647  3.0086  1.4375  0.8534  2.5075  1.4794  0.7284  1.8315  1.8775  3.086  1.7409  3.5346  0.242  3.4865  0.2187  1.4645  1.7538  5.0123  0.9143  1.0124  1.6676  1.7618  5.0879  1.3581  5.6473  0.5736  0.7245  2.4021  1.7633  3.1328  2.4848  2.6834  0.0807  1.0949  0.7102  1.2595  1.7127  0.4545  1.6729  1.7202  
trainID = 792  0.102  1.9085  2.3636  1.036  0.8232  0.1778  2.0359  4.4821  1.5107  2.4344  0.981  3.5405  1.639  2.6823  2.1089  0.1731  2.5745  3.3547  1.7459  4.0381  3.544  0.0214  0.053  0.0132  1.1742  0.3387  3.6538  2.5179  3.5387  2.5761  2.2915  4.5783  0.309  3.6893  0.105  0.7495  0.4852  0.3639  0.815  2.1122  1.8462  0.8579  3.0699  0.8634  
trainID = 796  2.3971  0.6237  0.918  0.5302  0.8047  0.5744  3.278  0.3488  0.4454  2.8143  0.1242  0.688  1.4774  0.9775  2.1208  0.5521  0.298  0.8098  4.1864  1.0938  0.582  1.375  1.6153  1.0523  5.0824  0.004  1.1708  0.4741  3.071  0.2142  0.628  1.8378  2.4642  2.0336  1.77  1.8077  1.4652  1.1548  3.1303  0.3605  2.0189  1.5266  
trainID = 805  3.0951  2.3411  1.746  6.0226  2.3703  1.8625  0.512  0.113  0.2593  1.5179  0.3535  0.6726  1.6291  3.5071  1.7044  0.3305  3.6124  1.1566  0.5788  0.9997  0.3402  2.967  3.3945  4.2545  0.6392  1.9873  5.195  0.2424  3.1423  2.2129  0.19  0.7972  0.296  1.2756  1.6604  2.9314  0.1142  3.1269  2.1968  0.1065  2.6129  0.4263  
trainID = 850  36.3435  3.8479  3.9144  0.935  4.4819  1.0166  1.9417  6.2393  3.1478  4.2653  0.2376  0.9655  1.434  1.2212  2.0664  3.4435  9.9924  5.6738  11.8194  1.1686  1.2368  5.9364  2.7781  2.7263  0.1963  1.1551  4.4701  3.2171  1.1072  2.3978  1.4985  0.731  2.1504  2.5455  1.4032  0.8787  0.1019  0.5493  0.0685  0.248  2.1705  2.9549  1.0879  
trainID = 855  34.3748  2.42  3.5308  8.4753  2.104  5.756  4.9848  0.7954  4.2168  0.3176  3.1371  37.1529  2.0324  3.5507  0.0476  25.4671  5.6283  9.4792  6.4819  5.5046  8.1234  1.0045  0.1823  0.1821  4.9536  6.673  11.0779  3.9445  1.792  3.6025  1.8599  3.9992  3.6962  0.0977  0.868  1.3214  2.2197  2.2781  0.0114  2.9605  3.8679  0.6101  
trainID = 859  34.3158  1.2732  4.0428  1.7468  6.0799  1.9759  1.0594  4.9237  1.0425  2.2488  2.9361  2.6855  3.315  0.6523  1.2806  0.6825  9.896  9.5338  9.9544  2.7417  0.5965  4.2366  0.4748  2.5133  1.1784  2.3611  6.2816  5.1188  0.3247  2.36  4.3619  0.668  2.3764  3.1002  0.0713  1.936  1.4026  0.3946  1.8045  0.0249  0.4465  1.0929  2.0515  
trainID = 917  0.619  0.161  0.1863  5.7418  1.5408  3.0458  2.306  0.4183  3.8571  1.0643  2.7055  0.6633  2.1695  2.586  1.6408  1.0025  1.4103  3.2507  1.3704  5.2911  4.9439  2.9306  2.0705  3.1732  0.1745  0.0255  4.1799  2.3528  5.3715  2.7517  1.3352  2.3477  0.693  0.3853  1.4999  0.0331  0.5239  0.4143  0.7058  0.239  1.1429  2.2425  2.4449  1.3752  
trainID = 929  0.45  1.238  0.348  3.913  1.817  0.7649  5.6991  2.2017  5.2747  1.157  1.6969  38.4829  1.6782  4.1466  1.5385  4.3602  1.8097  2.5479  5.6534  5.0696  3.9669  1.1532  0.77  0.1136  5.9195  2.4944  13.0293  5.9356  4.538  3.7481  0.596  0.8863  2.7358  3.3775  0.241  0.177  0.0957  1.4458  1.1308  0.4065  1.3789  2.6164  
trainID = 945  38.0259  2.389  5.6893  4.9762  1.2243  7.4927  0.5317  2.6418  4.8002  2.5028  3.0272  0.3662  1.6855  0.985  1.3157  1.3523  0.6912  12.4151  2.4405  25.6611  1.3606  1.0832  9.2517  1.5776  2.1783  1.0147  3.3089  6.3493  4.3247  1.0415  1.0747  1.2395  0.442  4.0232  3.0313  1.633  1.751  2.9882  1.7523  1.5425  2.4834  33.9385  
trainID = 961  0.656  0.0822  1.0239  1.2466  3.7514  1.2331  0.0056  3.4904  1.8997  0.5309  0.8211  0.6671  1.2385  0.3211  0.2188  5.4489  0.0867  6.0039  1.3951  1.391  0.6022  0.2802  0.5498  1.2723  2.4746  3.9466  1.5086  2.7075  0.615  1.629  1.5075  0.191  0.4323  0.3758  1.9077  0.576  2.829  1.3558  0.6925  2.3123  1.9845  2.4599  0.0836  
trainID = 969  0.7147  0.6741  0.253  4.5965  1.1332  0.1444  1.5873  0.4157  0.0067  0.1984  0.109  2.919  0.6634  0.9092  3.0944  1.1853  2.5236  2.021  1.7036  0.6093  0.2997  1.4002  0.6074  2.4388  2.9696  1.414  0.0325  0.5309  2.1414  0.1272  0.217  2.9063  1.0815  1.1485  0.9021  2.5875  2.4093  1.0348  3.0211  0.2855  2.5809  1.3731  
trainID = 1009  2.2839  2.4972  0.841  3.6433  0.3681  1.3464  2.245  3.0733  0.1624  3.327  0.0513  1.395  1.3221  0.9292  4.5266  1.3654  3.917  1.9486  1.2819  1.0649  0.7728  2.306  1.689  0.0095  0.9922  1.2478  1.4236  6.5326  3.3718  2.1677  0.6129  1.687  0.4796  0.3163  1.2532  1.6524  2.8258  0.5189  1.5934  0.2486  2.0515  2.3849  0.8648  
trainID = 1088  1.2936  1.8399  0.636  3.2212  0.8523  1.6232  0.857  1.3025  0.687  2.3517  4.3275  2.563  1.3632  0.5357  2.7837  2.1282  2.0887  0.716  1.1528  3.1861  1.0348  1.502  2.0592  1.0827  0.1731  5.7282  1.1117  1.2132  3.2111  1.9279  0.0131  0.817  2.6862  0.4958  3.6967  0.941  1.462  0.9168  2.3494  2.7984  1.9065  0.7219  0.0649  
trainID = 1105  0.357  2.036  0.461  1.8032  2.7226  1.3608  1.499  1.1768  2.4561  2.5401  2.2035  0.858  1.898  3.9823  0.6044  1.3024  0.3603  1.5939  3.1047  4.9033  0.3117  1.0723  1.5063  1.9748  6.6027  0.3893  3.6969  2.1503  0.0826  1.292  0.281  1.7567  0.502  0.3847  0.57  0.5086  1.676  2.2122  2.0882  1.4475  0.4756  0.9809  
trainID = 1107  2.684  1.383  0.2367  4.4844  0.103  3.2278  1.0146  0.1585  1.3852  0.2511  2.4401  1.9024  0.7205  3.571  1.5805  2.5262  1.054  4.1947  0.4023  3.0159  2.7369  4.1624  2.4172  0.435  0.1596  2.3143  1.2714  5.6013  4.2569  4.8843  1.9198  2.9765  2.1921  1.7183  0.3942  0.7935  0.9434  0.9166  0.5574  1.1573  0.5845  2.6227  0.6305  1.2949  1.29  
trainID = 1118  36.7614  3.275  4.2629  6.4299  0.127  8.5504  2.7002  4.5067  4.5678  2.8098  3.4684  1.66  2.8585  1.965  1.0283  0.0955  2.881  12.3676  6.4417  31.8733  3.9827  0.0975  9.3209  2.3749  2.6153  1.2325  3.6521  8.05  5.4676  0.5045  1.46  1.3006  2.7671  3.5289  3.5659  2.3449  0.0944  0.0014  1.6245  0.7965  2.8784  31.4335  
trainID = 1126  0.2799  3.8098  0.983  1.8033  0.3451  0.6314  4.3639  1.8618  0.1498  0.4538  0.0342  1.693  0.665  1.7143  1.5995  2.3446  2.9648  3.6627  1.5251  4.8101  0.3041  2.3522  1.9513  0.3096  4.2642  2.082  2.3132  0.0482  1.261  0.3588  1.7357  1.0354  1.7459  2.3777  0.3408  2.3471  0.9026  0.5947  2.2775  3.2215  1.5619  2.1514  
trainID = 1153  36.19  3.6853  4.3401  3.0354  3.3295  0.568  1.3439  5.7107  3.4313  1.7394  2.9892  3.5425  0.2045  1.998  0.5609  2.9008  6.1782  3.4091  7.8879  3.6551  1.8128  5.7748  2.9884  0.239  0.3137  0.1113  1.0725  2.63  1.0018  1.5113  0.92  0.5  2.1634  3.2453  0.1026  0.672  0.2289  0.5834  2.1255  0.9936  2.7985  2.6259  1.9903  
trainID = 1171  33.4791  1.593  0.0066  6.0953  0.061  3.4926  2.3967  0.5172  3.6195  0.4131  0.9484  3.3606  0.3265  2.764  1.6008  2.8024  1.998  6.8012  2.3263  6.4461  4.7304  3.285  3.0387  0.3469  0.7466  0.971  5.384  4.6397  6.7636  1.433  1.726  0.9881  0.033  1.0412  5.3043  0.3658  1.3093  0.0639  0.3669  0.9307  0.2768  0.6705  1.0359  1.1569  
trainID = 1189  0.897  1.7811  2.807  5.538  3.1532  1.1032  1.307  2.33  0.6139  2.7757  0.4437  0.178  4.4743  8.6998  0.8548  3.6099  7.3135  3.107  1.2292  4.0761  7.671  3.007  3.7391  5.4895  3.8644  20.4687  11.2771  3.8336  2.7274  10.7374  3.5079  0.025  4.4036  3.9502  3.9938  2.0744  2.6066  3.2575  4.6628  4.156  1.8575  0.549  0.6223  
trainID = 1200  0.7628  0.5153  0.714  0.6905  2.7748  1.9194  3.4474  0.5978  0.9255  0.6981  1.6555  0.506  1.6267  4.0326  1.1386  1.0718  1.7613  0.6574  3.7499  4.8033  2.2196  1.5239  0.3417  1.7756  7.9866  0.5868  7.5618  2.7552  2.5108  3.0001  1.025  3.555  3.3917  3.0432  2.4726  0.9151  0.5412  3.3664  2.9594  0.038  1.0699  2.1448  
trainID = 1240  1.5166  0.1307  0.249  4.4132  2.1055  3.8717  0.951  5.3722  0.2626  4.0156  1.2085  0.3335  7.0241  4.4486  1.6786  4.1211  7.9639  2.8804  0.7302  3.3008  5.9094  1.492  4.3282  3.2225  2.7148  19.6924  9.0971  0.3079  0.1644  10.1975  3.231  1.7296  3.6906  0.8931  4.6811  5.5186  0.8102  3.2653  4.8107  6.2714  1.3962  0.5041  0.2569  
trainID = 1246  1.8448  1.6818  2.3987  2.1326  0.8671  1.2842  2.5554  0.3329  1.1629  0.1007  1.8515  0.5416  3.5248  4.7561  0.0294  1.2335  3.9808  1.5268  2.2012  3.2762  2.2403  1.333  2.0326  1.8374  2.6864  7.5834  2.2178  0.3955  1.0289  4.3244  0.3761  0.597  1.3967  2.2213  0.5776  1.3939  2.4777  0.4741  1.4648  2.2777  2.5115  4.6789  1.9748  
trainID = 1261  1.102  1.6725  4.7576  1.182  4.6024  0.1566  0.2378  2.5771  0.7352  1.4215  0.664  3.0345  3.546  0.3036  2.8453  0.693  5.1919  2.4483  6.2633  2.9568  4.3819  1.8259  0.8719  2.0663  0.5548  4.5094  2.7167  6.9869  0.1483  2.7553  2.3349  0.654  0.4398  4.5509  2.9348  1.632  0.2355  1.3386  0.2695  1.32  1.0879  2.0399  1.3232  
trainID = 1270  0.7116  0.099  0.334  3.089  2.4114  1.5261  2.8926  3.2701  1.6189  3.6747  3.0395  2.51  5.7422  3.3119  2.1077  1.847  4.6666  6.0635  1.5447  3.112  4.5824  4.8052  1.2877  1.7398  14.9854  9.51  0.24  2.6109  7.9474  1.8735  2.121  6.6013  2.2507  4.5441  1.0288  3.3577  0.7505  5.2041  4.8085  0.6095  1.5379  0.6963  
trainID = 1281  2.4518  0.5894  0.364  3.6584  3.5732  1.086  0.367  1.7922  2.8869  0.6327  3.5815  3.784  7.5836  0.0939  0.6755  2.8095  4.2289  4.333  2.607  4.328  5.8604  1.5168  1.5519  0.2719  15.4104  4.6421  4.1768  3.1451  7.743  0.5449  0.577  2.905  0.9689  3.1881  2.4254  0.8023  3.9275  3.2701  5.7738  0.7071  0.1855  2.8006  
trainID = 1312  0.2568  0.1887  2.794  1.3551  1.0851  0.476  0.274  4.1292  1.1479  0.0046  1.3405  1.629  4.1892  1.5753  1.0875  2.0194  3.9818  0.1048  3.3486  4.2529  5.01  1.6959  1.4583  1.7494  13.1999  2.8328  6.4647  6.0156  6.4723  2.0439  1.397  5.1297  0.4031  3.0633  0.8978  0.4982  2.6754  2.925  3.9222  1.1565  0.0973  3.1873  
trainID = 1327  1.478  0.242  1.5562  1.014  5.1992  0.0987  0.0155  0.691  1.8291  1.6639  5.5524  0.6994  0.9067  2.6965  5.0218  1.6635  2.4843  4.7706  1.1286  0.268  2.0693  2.2335  1.164  4.9695  0.6836  1.4091  5.1068  4.18  7.8823  2.1381  6.0175  2.4844  0.7  2.4098  0.7828  2.414  3.1087  3.0744  1.1941  3.0176  3.2891  0.64  0.4362  0.4979  
trainID = 1334  0.561  2.0321  2.2338  1.441  1.9405  1.862  0.613  2.8096  0.8886  0.8739  4.6469  0.1255  2.653  0.5703  2.8265  1.2587  3.8328  1.1968  2.5123  4.9869  4.4935  2.11  0.402  2.0986  0.4204  0.5467  7.4532  1.9546  5.9842  1.8687  6.1319  2.9752  2.2776  0.6411  2.6949  0.8562  0.589  0.1356  2.7442  3.3664  0.7804  0.4167  0.7659  1.822  
trainID = 1360  0.3591  0.9896  1.278  3.8184  1.2762  2.2201  0.655  2.6562  0.0729  3.1843  1.3415  0.7893  2.2379  3.5736  2.4738  1.4191  4.4032  0.7793  2.083  4.2138  3.0828  1.841  2.9221  2.8762  2.8096  7.8511  5.6074  6.0804  1.9813  6.9549  1.098  0.773  4.8783  1.8908  2.3489  2.0752  4.4235  1.2383  3.0289  3.6381  1.7875  4.7399  2.0491  
trainID = 1395  36.8316  2.0703  6.6513  1.9854  9.0073  1.4455  2.4948  5.5277  2.9534  2.0027  0.3404  4.4265  1.747  0.0627  3.6715  0.8012  18.311  17.744  18.6196  4.5548  2.251  8.53  2.0731  3.7483  2.6464  0.1984  6.8581  7.6149  1.0649  0.6449  1.42  0.7  2.9278  3.8861  0.952  3.253  2.0878  1.2433  0.4455  1.3156  1.7125  1.5909  2.5263  
trainID = 1410  0.8778  0.5125  0.158  2.0822  2.6668  3.2097  0.845  1.1007  0.8699  3.37  1.7675  1.294  3.6927  0.3595  1.4484  1.3718  4.2727  0.3294  2.1119  3.5352  3.2625  0.997  0.2135  0.56  1.8994  12.508  1.7438  2.6854  3.4817  5.5123  2.0845  2.3064  5.5194  0.6051  2.8843  1.1189  2.3704  2.2425  3.4243  4.408  0.8197  0.1594  0.2045  
trainID = 1441  2.646  2.003  0.5148  3.6949  0.753  2.9482  4.3127  2.2983  4.2023  1.0682  0.8799  1.8016  2.0015  2.46  0.5558  5.4747  0.313  4.2506  1.8146  7.1915  4.308  4.6546  5.6879  0.8046  1.1604  1.5876  3.5791  2.1823  8.2459  0.6702  1.9659  3.8615  1.9758  0.884  0.084  1.1419  0.4227  0.2645  0.3248  1.4773  0.5329  2.0655  1.8769  1.6521  
trainID = 1443  0.2884  0.7264  1.717  2.0617  3.8547  3.5717  0.487  2.6623  0.5939  2.3996  2.9895  1.836  4.9697  1.6501  0.3306  1.7482  3.8021  4.349  2.9437  2.2571  3.8798  0.526  1.1445  0.8892  3.1691  10.8548  4.0536  1.3084  1.4335  8.118  1.9313  0.202  2.4799  0.1582  2.3526  1.1026  0.3184  3.059  2.6105  5.1237  0.1805  1.9269  1.5323  
trainID = 1446  36.0018  1.9836  6.3585  1.134  8.3402  1.3769  2.8467  3.7669  3.1793  4.6724  1.5637  2.8225  0.035  1.7143  1.4972  0.3145  13.4986  14.3699  17.2098  3.755  2.732  8.9488  2.5639  1.7113  0.6716  0.5643  5.6259  5.7823  3.0885  0.3723  1.2379  0.653  3.6122  1.1311  1.2091  2.324  3.7388  1.3023  3.6035  1.5701  2.8285  3.9959  2.3316  
trainID = 1474  1.1249  0.2505  0.963  5.9919  3.5515  1.236  2.694  3.9063  4.7739  3.6388  2.4015  2.909  4.2653  3.4965  0.5461  2.5299  8.3539  3.5  1.2744  4.739  6.1299  1.8385  1.566  2.5292  16.5476  6.9496  0.6764  3.2453  10.8311  1.9372  1.176  5.0969  4.14  3.7223  3.0053  2.859  3.5892  4.2523  3.2095  0.8155  3.2459  1.9235  
trainID = 1496  2.517  1.3075  0.7525  0.066  3.1022  2.9215  0.3153  1.137  0.5075  1.769  2.5358  0.7685  1.2244  1.1347  0.4368  2.1577  0.3325  2.9952  0.4931  2.3268  1.0474  0.462  3.41  0.5069  1.875  2.4374  0.6044  2.7163  2.5456  0.7842  1.1871  0.3317  0.005  0.4735  1.1779  0.8461  2.0721  1.5773  1.2933  1.215  2.1646  3.2755  1.8089  1.6236  
trainID = 1505  2.529  1.321  1.653  0.537  2.6888  3.2781  0.2139  0.771  1.7873  1.1189  0.4954  0.0402  0.206  0.1542  3.8269  2.4456  2.2975  5.2582  2.0374  1.4617  0.5929  0.9141  0.897  0.0921  0.2558  4.184  3.3494  3.7852  1.0506  0.931  0.1257  0.295  1.0272  0.2752  0.8034  1.6249  2.0526  1.5722  0.2843  1.9986  0.5485  0.8599  0.6483  
trainID = 1507  33.5293  2.754  2.4479  4.907  0.614  8.914  3.9558  0.4894  6.0627  2.3213  2.1278  37.0019  1.6289  1.6154  1.6043  26.1131  3.897  12.7761  6.0782  3.4617  6.8587  4.096  1.6073  0.9228  1.8614  4.2299  8.8993  2.9347  2.2072  1.3583  0.026  2.6966  5.2507  0.5291  3.065  1.8971  0.3713  0.5365  2.0129  0.2435  1.4639  1.7758  
trainID = 1514  37.0491  1.118  1.4492  4.0689  1.2724  3.0012  2.065  0.1682  4.163  1.0647  2.0903  1.4666  1.6015  1.557  0.9082  0.3592  0.2074  4.5573  2.8627  6.1691  2.5219  0.3042  6.4895  1.9457  0.0206  0.5146  0.0273  2.8088  0.7057  0.3347  1.9933  0.5377  0.45  0.7861  1.3236  1.4978  0.7053  0.5316  1.7013  2.1687  0.1698  33.9745  
trainID = 1518  0.0937  0.2583  2.926  0.2931  2.2255  1.5383  3.3273  1.2684  1.6192  2.8936  4.1805  1.46  3.2424  3.0432  0.5582  1.6945  3.6246  1.5324  2.8077  3.3057  2.9699  1.6756  1.4603  0.1838  10.737  1.6485  7.0785  4.4964  4.1986  2.0349  3.6382  5.4074  1.0512  3.0034  0.8125  0.2234  0.9195  4.5924  1.8419  1.7229  1.2059  4.051  
trainID = 1522  34.6811  2.638  3.6867  6.4299  0.081  4.9515  1.6123  1.1677  4.1426  1.5519  3.1108  1.504  1.3985  1.946  1.4361  2.819  0.9855  4.9304  2.8762  20.1282  3.919  1.6072  6.3883  0.0667  1.5493  0.0893  2.4693  7.3652  3.423  2.3284  1.1086  1.1434  1.196  1.276  2.6856  2.1956  0.307  0.4909  2.1183  0.8015  1.6242  34.0775  
trainID = 1526  33.57  2.481  1.8638  6.5743  0.453  3.2814  3.4315  1.9774  2.932  0.8329  3.325  36.3729  3.6616  3.2161  1.9161  11.9207  1.1703  7.6544  6.2017  5.6335  2.8194  3.1645  1.9643  0.7907  3.3494  3.0792  10.4046  1.0455  2.5727  4.6655  2.6431  3.4003  3.4676  2.9548  0.23  0.6316  0.1516  2.3442  0.6077  2.3035  1.5369  1.5987  
trainID = 1541  0.7824  1.8077  1.1915  0.9146  0.4308  0.9455  2.3279  2.3206  2.6011  1.3061  1.1725  0.164  1.7002  1.5356  3.5518  1.0731  1.1519  1.1295  1.0223  2.3019  2.8068  0.009  2.299  0.5171  3.567  1.4526  0.0695  0.0708  0.9794  0.9864  1.5452  0.665  4.1155  0.5545  0.8871  1.951  4.0986  1.6187  0.0148  2.1783  0.6715  3.0999  0.8352  
trainID = 1562  35.4055  1.636  0.8986  7.2743  1.4954  2.5522  3.5149  0.3331  1.6892  0.5436  2.1996  2.7009  1.8455  3.446  0.7008  3.631  0.9319  7.0689  3.9101  7.551  4.3498  5.4296  0.7266  0.1762  0.1359  0.425  4.7246  2.3074  7.1009  1.6902  3.1056  2.3856  2.0594  0.264  2.5798  0.9529  0.322  2.289  1.1276  0.1046  1.4436  0.3755  1.9669  1.8782  
trainID = 1615  37.4695  1.527  3.4084  4.617  0.068  5.9808  0.7629  0.9637  6.4378  0.6077  3.1528  1.4231  2.8625  1.222  0.1936  1.9727  0.4607  13.3838  4.2834  21.932  2.5962  1.1402  9.128  3.6036  0.2691  0.4604  2.8522  4.7934  6.1817  2.3529  0.4851  0.7109  1.587  3.415  3.4518  0.7085  1.385  0.2974  1.0323  0.3629  1.2148  33.5535  
trainID = 1623  35.7454  1.792  1.5518  3.6484  1.015  3.6202  4.1886  0.8368  4.0341  1.3324  1.2437  2.9387  2.2165  1.697  1.1637  2.6129  0.8411  7.6387  5.1372  7.1519  6.1807  3.9708  4.2881  0.323  3.3033  0.747  1.5914  3.8753  4.7348  4.6136  1.2226  1.6708  4.2858  0.564  2.5111  3.4244  0.4494  0.992  1.079  1.8533  0.9572  1.5309  2.8295  1.9079  0.4869  
trainID = 1629  0.228  0.1499  2.1404  0.105  0.2451  0.2872  0.04  2.611  2.6344  0.8099  1.0761  1.3475  3.093  0.0306  3.4325  1.0731  2.5464  0.9332  1.4505  0.981  1.3951  2.0087  0.649  1.3167  1.0805  1.0289  1.132  0.1629  0.8711  0.7852  0.549  1.3954  0.375  0.8264  1.8178  0.2351  1.004  1.5538  0.7192  1.358  1.4003  3.5595  1.2069  0.602  
trainID = 1637  0.602  0.0582  1.9827  0.103  2.753  3.5424  0.9829  2.1587  0.7871  0.6709  1.8991  0.5726  1.292  3.814  1.8015  0.4986  2.4798  3.5484  2.871  0.3384  4.0456  2.0028  0.078  3.5833  0.7637  0.9232  11.314  2.7718  1.0371  0.3356  6.1541  0.4804  0.927  2.13  0.9668  3.0476  1.5054  2.043  4.4851  3.6487  3.2091  0.0855  2.4879  2.0498  
trainID = 1641  1.4899  1.6755  2.6558  3.1576  2.0175  0.995  2.258  0.1575  1.5769  0.9868  1.5116  0.349  4.7666  4.1773  2.709  1.9188  4.6099  2.3036  0.6277  3.3276  3.9147  5.5527  3.6232  0.0889  7.8573  5.0064  5.0868  0.3713  6.5931  0.5216  0.287  2.5159  1.8384  1.5289  2.5294  2.4123  0.6772  1.5286  2.94  0.5145  1.6429  2.3483  
trainID = 1654  0.555  2.2602  0.226  6.0091  0.3338  0.937  0.5847  2.7947  1.434  0.362  0.9048  0.5965  0.005  1.4603  0.6095  3.145  0.4613  4.8119  0.6421  1.339  1.3883  3.2285  3.0374  0.539  0.2408  1.4093  1.562  1.5838  0.814  0.7913  2.9754  0.036  1.2085  2.0944  0.326  0.251  2.7623  0.2035  2.2051  0.9398  1.7445  2.4099  0.9406  
trainID = 1667  0.3889  0.6818  0.277  5.0469  1.5712  2.7267  3.0099  1.2863  0.6059  2.1111  1.0245  0.1948  6.4142  4.8521  1.3563  1.5618  4.8914  2.5476  0.8179  4.0548  2.0167  2.3142  1.0422  1.9226  10.1974  6.5161  4.6482  0.6247  6.7792  1.325  0.598  3.6332  2.8328  2.9414  4.0636  2.9161  0.0835  1.4982  3.2769  0.0935  0.4717  1.9575  
trainID = 1683  0.843  0.511  2.7902  0.3676  0.227  0.5016  1.6495  0.5415  1.036  0.7827  1.4949  2.2634  1.1045  0.651  0.9952  2.8911  0.51  0.9586  0.1207  3.0978  4.8465  5.021  0.8236  1.1079  1.1232  0.0127  3.5276  0.1777  2.886  3.1429  2.3531  0.911  1.126  2.1512  0.6919  4.1935  0.0723  0.2765  0.6326  0.7089  1.9158  2.3635  2.5289  3.3192  
trainID = 1707  34.016  1.359  2.3643  4.536  2.1019  5.8167  1.8384  1.771  4.3803  1.2693  2.6615  37.1269  1.0101  1.758  0.0671  5.8225  0.172  4.2221  3.5718  4.4185  3.7168  1.3005  0.5959  2.8954  3.9639  2.6586  5.9886  2.3144  2.1034  3.0837  0.193  2.9126  3.9817  0.6913  0.0265  2.1588  2.5452  0.7655  1.2386  0.6525  2.4289  2.3452  
trainID = 1727  2.911  0.6185  2.1713  0.703  2.7514  0.5114  0.7728  2.5536  1.69  1.8565  2.0542  2.1515  1.1705  1.2595  2.6828  3.1602  0.7873  3.4812  1.1346  1.3136  0.8752  0.6396  2.051  2.4423  1.7862  2.6492  1.0974  3.6194  4.4423  2.6122  4.195  0.1567  1.038  3.5717  0.1731  0.3124  1.4687  2.0579  2.1115  1.3607  4.9758  3.6325  2.5739  0.6022  
trainID = 1743  0.6801  1.2189  0.227  0.815  1.9464  0.6137  2.1316  0.207  1.1707  0.2827  0.8585  0.008  0.3953  3.3045  3.407  3.3585  0.6248  2.552  3.2974  1.4805  4.1736  1.67  0.9363  4.1677  1.7552  0.9764  2.6878  2.3275  1.443  0.3483  4.6899  0.822  0.3621  2.5629  0.2773  1.097  1.1209  0.5216  3.46  1.1232  0.1565  3.0269  0.2583  
trainID = 1752  0.617  0.415  1.826  0.451  4.5838  0.5535  1.2137  0.379  1.7827  1.5435  2.7464  1.4665  3.974  1.9899  1.0658  0.1146  1.0208  1.9579  0.8819  2.8358  2.1259  0.8644  1.6535  0.4603  2.0914  8.1405  3.8048  2.0165  1.6811  3.1529  1.3791  0.083  1.3224  0.2005  2.9879  0.9824  1.0477  1.7483  2.7752  4.8759  1.0581  2.5379  1.1387  
trainID = 1756  35.2605  0.207  4.8617  4.0101  0.927  5.7175  1.4311  0.6673  3.4066  0.2667  3.0958  1.905  0.7085  0.967  0.3536  1.925  1.6036  9.9518  8.964  9.0376  2.4982  2.5845  4.0358  0.6977  1.7593  0.9644  2.5076  2.794  8.9417  1.6327  0.854  1.7031  1.871  2.497  5.2162  0.3866  0.896  2.0232  3.3563  1.2125  0.9076  0.4345  3.6599  0.731  
trainID = 1763  34.3096  3.568  5.1172  1.7633  0.799  6.9017  0.1068  0.7902  6.1216  0.2072  6.1819  2.3814  0.6125  2.362  1.8009  0.8466  1.4097  11.6453  3.0865  23.2858  4.8998  0.1682  9.4598  3.2208  0.7331  0.8044  3.5166  6.1511  3.7805  1.7618  1.1231  2.4129  0.986  3.6862  4.1814  3.5298  4.686  0.5106  0.627  3.8665  1.7635  32.8895  
trainID = 1803  1.63  1.8692  1.5788  1.493  4.4522  0.1766  1.9553  1.6138  0.8125  0.308  2.3125  0.5665  1.179  3.1108  4.1524  2.9812  3.1892  6.1081  2.3763  1.8612  1.239  2.903  2.6923  1.5709  1.6901  4.4552  2.8375  6.3767  0.81  5.487  0.3521  1.227  1.8997  0.4209  1.403  2.4037  3.4198  0.6489  2.1442  3.8336  1.3135  1.9299  0.369  
trainID = 1822  0.33  0.9336  0.9228  2.655  1.0231  0.7271  0.6136  2.2536  0.0122  0.3539  2.4507  1.9215  0.175  2.4648  0.5838  1.3842  1.5322  3.5764  0.5315  0.3073  0.7137  0.1225  1.7654  0.9793  0.849  5.992  1.1593  0.1402  0.5841  0.5308  1.4866  0.02  1.178  1.4666  1.4023  1.6636  4.0713  0.1702  1.6807  1.805  0.5445  1.5089  2.002  
trainID = 1831  0.848  3.4523  1.7466  0.369  1.7487  0.6475  1.6074  1.1773  0.197  1.0756  3.2204  0.3847  3.953  3.2199  2.6614  1.3852  1.3921  2.9466  0.0943  1.5724  2.4579  0.0054  3.3411  1.3839  3.1445  5.2596  0.3221  3.2514  2.3131  2.9448  0.0824  0.831  2.1876  0.9101  3.0787  1.358  2.1503  2.8108  1.0074  2.5763  4.2855  1.2279  1.8356  
trainID = 1902  35.6849  0.492  3.4942  3.5656  0.783  2.321  3.6659  3.6296  4.0297  1.9524  1.5233  0.6016  0.3905  0.9226  1.4877  0.0673  3.5426  7.9868  1.5067  9.4504  2.615  1.0769  5.9007  0.3585  3.0885  1.6084  3.524  3.7877  1.0556  2.7142  0.3544  0.4343  2.073  0.2994  1.9446  2.171  0.9182  2.8922  0.1288  2.0345  1.9569  33.5365  
trainID = 1917  36.0088  0.36  4.4348  3.5577  1.785  3.991  0.0812  1.1596  4.1395  0.2772  1.1  2.5847  0.9245  1.1764  0.7215  0.6785  0.2752  10.8736  5.485  9.0054  3.3619  1.041  7.1886  0.284  0.8517  0.4647  0.2583  0.2672  5.9483  4.9191  3.3073  0.9829  0.3429  0.749  1.273  3.6497  0.8372  1.964  1.5137  0.7433  0.3523  0.8167  0.4805  2.7529  1.7944  
trainID = 1961  36.5689  0.53  5.9104  3.5792  2.0006  4.6077  2.3337  4.0317  4.6648  0.8028  2.8916  1.8233  2.0095  1.263  4.703  1.8918  5.1373  3.5863  9.0393  16.9542  1.7707  0.8771  6.702  0.4433  0.1285  2.7904  5.0085  4.4365  2.3959  1.9574  1.4807  2.2304  0.619  4.0012  4.3254  4.4679  0.296  1.9987  0.0018  0.2175  1.0037  33.9905  
trainID = 2005  1.5728  0.5797  1.2003  4.3847  3.9939  1.1861  1.1821  4.0464  0.8143  1.1491  2.5265  0.088  3.3857  4.2916  1.0942  2.3529  8.3033  3.9172  1.1982  1.5885  3.4408  1.311  3.9209  1.5463  2.8534  13.4997  7.4722  1.6887  1.423  7.9511  3.2203  1.6461  2.901  0.8253  4.5529  2.4238  2.9214  3.3916  2.2731  0.916  0.6655  2.9744  1.5119  
trainID = 2109  3.1321  0.2626  2.208  6.7703  2.369  3.6407  0.701  3.0095  0.4031  2.6716  1.4565  0.531  6.9177  6.756  1.3838  3.1278  6.0727  3.9429  2.2173  3.501  4.4593  3.6297  0.551  2.4798  17.1478  11.4722  4.2842  2.325  8.46  3.4821  1.9251  8.5559  1.7678  4.6649  2.0066  2.9243  5.6678  3.342  4.8184  0.4255  3.6129  0.7129  
trainID = 2127  37.6416  0.462  3.2543  1.1439  0.853  5.2697  3.3866  0.9366  3.3974  1.5919  1.3671  2.5665  1.8945  1.706  0.2298  3.329  0.7603  9.864  5.3673  9.7335  4.176  2.1488  5.6628  0.1863  1.8253  0.0086  1.589  4.2027  6.4474  0.8715  2.7061  3.4328  1.204  0.5429  2.0743  1.6766  1.651  1.7033  1.3833  0.7715  0.1632  1.1475  3.8809  1.0252  
trainID = 2145  34.8486  0.418  1.9664  5.1716  1.9191  2.3053  2.623  0.0596  4.9308  1.473  1.1318  2.1192  3.3945  0.8264  0.682  2.5731  0.1068  6.0653  2.8497  7.309  0.7638  2.9706  3.4682  0.918  0.0755  1.3598  4.7158  4.0094  4.9129  2.9562  2.2535  3.7756  1.5636  0.9075  4.2421  1.2244  1.541  1.5319  1.2566  1.627  0.0773  2.3865  2.7159  1.0024  
trainID = 2151  33.2316  0.396  2.1003  3.0515  0.08  1.2259  2.5809  2.0399  2.5508  0.8416  4.0103  1.585  3.4985  2.905  0.5497  2.183  2.0837  6.09  2.2538  5.8784  2.5992  3.0712  4.1844  0.2345  2.4563  1.0744  4.2242  2.3085  3.6797  1.6479  1.4152  2.9253  0.495  2.3502  3.8964  2.178  0.362  1.2219  0.7037  0.0947  2.3044  1.4755  0.8959  1.6616  
trainID = 2161  1.0692  0.0888  0.914  3.1016  1.5787  3.8017  0.898  1.2269  2.2249  0.1538  1.2905  1.22  4.0831  5.8944  0.2363  1.2641  2.8493  1.7665  1.4488  4.5485  2.117  1.59  2.1878  1.4772  1.8041  10.4709  5.7317  2.0139  1.6896  5.8282  0.1618  0.627  4.4183  0.9759  3.456  3.2422  0.6775  2.2634  2.0934  4.7369  1.4085  0.0562  1.66  
trainID = 2203  38.7641  0.282  5.3546  3.5807  1.154  5.4331  4.5833  2.483  6.2608  0.3239  4.9953  0.5994  0.3612  0.2948  1.6664  1.8367  1.1352  6.2261  9.2551  21.3101  4.1652  2.4126  8.6093  2.3664  3.2163  0.5047  7.5435  4.0519  2.3394  1.8534  0.7296  0.6219  1.187  2.5784  2.6577  0.7804  0.049  0.0071  3.2203  0.1677  0.6884  33.0285  
trainID = 2209  2.6257  1.1603  1.096  4.2269  0.0288  0.4646  0.317  2.3129  1.4119  2.3143  1.1685  1.381  5.8163  1.915  0.4685  3.9057  7.2279  0.6482  1.4102  1.5883  3.4313  0.286  3.0975  0.0315  1.9153  11.934  6.7136  1.4944  1.4618  7.8777  1.1901  0.567  1.5456  0.164  2.3437  1.0511  0.9885  0.4676  1.3232  4.277  0.4745  4.9079  2.0017  
trainID = 2214  2.257  1.8505  2.989  0.841  2.429  1.0681  1.3935  1.004  1.0239  0.7453  5.0007  2.1375  0.4702  2.4037  1.586  1.7836  2.6038  0.3702  2.7564  1.3548  1.1988  2.644  1.9619  1.9207  1.2367  1.8235  1.9531  0.8682  0.1991  0.4253  2.7601  1.563  0.806  2.5577  0.5403  0.0443  1.2942  0.0089  1.0189  0.6447  3.0905  0.4916  1.6958  
trainID = 2353  1.4759  1.7768  0.828  0.708  2.5818  0.6661  1.077  0.8586  1.3444  0.3763  0.6615  0.4754  2.8284  1.7565  0.1729  1.8294  3.4645  1.7118  3.8717  4.5555  0.1012  1.6192  2.2879  0.1435  6.2573  0.4777  6.7802  3.299  2.655  0.5271  0.435  1.7643  1.0099  1.5188  0.299  0.8545  0.8126  2.632  0.5064  0.1575  0.0272  1.9536  
trainID = 2359  33.627  3.2459  1.9087  0.833  1.6225  2.8426  0.7336  3.7406  1.3156  1.5656  0.4423  1.7495  0.47  0.2527  0.8394  0.4069  4.4827  1.3061  4.7372  3.4912  1.553  2.7443  0.7049  0.742  0.3043  0.0939  1.2874  2.7171  1.6669  0.6962  0.9322  1.202  0.7953  2.6082  1.5205  1.3781  0.0731  2.9683  1.2295  2.0781  3.2395  1.6659  0.2656  
trainID = 2439  0.5964  1.7399  0.702  1.6899  0.2322  1.1595  2.4358  2.0045  2.1989  0.1719  1.0675  0.033  2.56  0.851  1.1703  0.7828  2.5969  0.0148  2.448  1.9801  0.712  1.168  1.369  0.5521  1.3381  6.8992  2.806  0.2339  1.1318  1.3901  0.3306  0.889  0.9221  0.0269  0.2202  2.3546  2.5966  3.4194  3.048  1.5579  0.1585  1.0349  2.1893  
trainID = 2446  2.6744  1.1312  1.1755  2.9396  0.4563  1.261  0.43  3.7609  1.8279  2.512  1.7835  0.636  4.8773  0.5746  0.1652  3.6323  3.8148  4.0774  1.435  4.3467  3.9023  0.382  3.3181  0.4421  2.8389  14.4531  5.004  3.351  1.7059  6.5816  0.3362  1.8  3.6896  3.0685  5.4696  2.1409  0.9113  3.2551  1.4081  2.5539  0.2685  1.3583  2.056  
trainID = 2473  34.5914  0.061  0.5231  6.5193  2.9491  5.6779  1.2627  1.7058  5.6024  0.8717  3.192  1.599  3.5485  1.342  0.0921  1.8886  0.6188  9.511  1.7373  6.1658  5.2589  4.5435  3.7924  0.243  2.2963  0.3987  4.3837  2.0361  7.035  4.0966  0.82  4.0344  1.7264  0.5997  5.6933  2.0405  0.125  1.3499  1.8501  0.4962  0.4642  1.1645  1.1799  0.5711  
trainID = 2481  0.5269  0.7931  3.178  1.2945  2.6537  1.373  1.4304  0.9637  1.6025  1.9506  0.7135  1.556  2.1796  1.9027  0.3388  2.5615  3.7296  0.3656  1.9456  7.0882  2.4526  2.2722  0.3203  0.196  11.6018  2.1875  4.4769  3.1867  5.2105  1.3554  1.497  4.8782  2.14  4.2862  0.8009  3.1539  1.4378  1.8116  3.063  0.7764  1.6909  2.7764  
trainID = 2487  34.2947  0.437  2.0033  2.1855  2.098  2.4867  1.9641  2.8361  4.6408  2.9917  4.1006  3.1885  4.7825  1.713  1.0573  1.9163  0.0156  7.702  4.8415  9.2953  3.411  1.3754  5.1728  0.1553  2.4023  0.3665  1.4198  2.7405  5.4035  0.6479  3.5151  2.7994  2.395  0.4212  4.4062  0.7086  1.6  0.8871  0.0349  1.7558  0.3781  1.8725  0.8609  1.5484  
trainID = 2492  1.657  0.9711  3.4363  0.955  2.0137  2.1435  0.4201  0.445  1.8428  1.9649  1.1784  0.6965  1.035  0.4304  2.3008  0.8671  6.1543  0.5462  1.0633  2.8543  3.2715  2.3609  3.6292  0.9586  3.1894  2.1678  2.041  5.0788  1.3186  2.2008  1.0797  1.4455  1.1641  2.805  0.2511  0.133  0.9967  1.8205  0.4321  1.4321  3.6515  2.2959  1.3053  
trainID = 2514  1.458  0.057  1.0983  0.095  4.2016  1.3122  0.2913  1.317  0.6302  0.1846  0.7574  0.3645  1.858  0.9124  0.761  2.339  1.6934  5.7909  0.0165  3.1629  0.9499  0.4553  2.6016  1.8531  1.1648  1.2541  1.1626  3.0236  1.2344  0.0627  0.6463  0.501  0.8449  2.1959  1.6523  0.6117  1.2581  1.1773  1.8959  2.4366  0.2455  3.3669  1.1684  
trainID = 2521  35.062  0.987  2.1188  5.6015  1.4417  4.4002  1.275  0.5246  3.6463  1.4114  2.1575  36.5759  4.1905  4.2529  0.9607  9.1112  4.6956  7.7048  6.1989  3.8388  5.2849  1.131  0.6752  1.4953  1.9734  3.983  4.5375  8.1143  3.1405  0.2183  2.9675  1.9073  0.509  5.9866  1.2375  0.884  2.5268  0.2368  1.8712  0.1021  0.013  2.5329  0.7357  
trainID = 2524  1.618  0.6132  1.0027  1.8764  6.6369  0.3188  2.1715  2.1493  3.284  1.8499  3.0148  1.4705  2.078  4.355  4.476  2.4506  2.9784  5.7601  0.8543  1.384  2.6616  5.4186  5.8219  1.2129  0.8604  11.583  6.6476  5.4749  1.1982  6.9207  0.6381  1.42  5.971  1.4168  1.4726  1.9638  2.0833  2.317  3.8263  3.1704  0.7589  1.5459  2.9462  
trainID = 2565  36.6858  0.685  3.1625  5.2082  1.5138  5.2321  0.1134  0.2827  5.0293  2.2525  3.7408  2.4568  0.8165  0.216  0.399  3.7001  1.5099  16.7947  10.5549  14.1247  6.4385  2.8494  7.5088  2.3477  1.6263  0.4236  2.2761  3.5612  8.6162  2.1838  1.7936  3.5527  2.5135  1.5609  3.1897  3.1661  2.663  0.8953  0.3055  1.4265  1.0289  2.0065  0.9419  1.932  
trainID = 2586  0.685  1.2111  0.4711  1.6023  1.9122  0.6508  3.1737  0.675  1.0175  0.7202  2.7268  2.2675  0.874  2.9524  1.6969  1.0453  0.407  3.2991  2.4586  2.0058  2.2588  0.3011  2.081  2.1068  2.2537  4.3754  7.849  3.949  2.395  3.1469  2.785  1.3062  0.821  1.3651  0.9933  4.1087  2.634  0.8837  0.8513  1.6321  2.3777  0.7783  3.6289  0.8158  
trainID = 2601  0.1455  1.1868  0.091  2.838  0.2271  2.8477  1.538  3.3541  2.0309  2.0087  2.4085  1.484  4.317  1.6851  0.4774  0.4512  4.0528  2.4362  0.8836  5.3214  2.6182  3.9702  1.9906  0.2677  10.5985  2.2559  2.0386  0.0018  3.4678  0.5117  0.662  4.7616  2.9061  4.394  1.6749  2.0309  1.6239  2.9151  1.7285  0.8665  0.3004  2.0998  
trainID = 2651  0.962  2.9486  0.017  0.9049  0.6993  0.9882  0.34  0.1574  0.0838  2.9094  0.6485  0.199  0.5991  0.4736  2.5494  0.53  3.5789  0.499  0.7852  2.101  0.2738  0.8051  3.7583  2.4133  2.3385  2.8819  2.0651  1.0663  3.054  0.4446  1.9507  0.6071  0.1265  0.4609  0.503  2.0059  0.7295  1.576  0.771  2.4945  2.6119  0.0386  
trainID = 2667  0.534  0.035  0.3001  0.514  0.7158  0.4257  1.4508  1.8585  1.4544  0.8489  0.0513  0.4317  0.919  2.7939  1.0896  2.528  0.5925  2.8811  1.9044  1.287  0.6307  1.2887  1.9832  2.1416  1.4659  1.9268  2.6527  2.0396  1.8526  1.3117  0.5839  0.373  1.1339  1.3846  1.2959  0.6895  1.4866  0.7638  0.47  2.4483  1.7695  5.7459  0.6029  
trainID = 2670  36.824  1.699  5.1307  2.889  3.7505  4.6118  3.8053  2.8444  4.0677  0.1729  1.3673  1.376  0.8085  0.8607  4.7691  0.4561  3.9986  4.3427  4.4741  16.7533  1.8132  0.7599  5.4394  1.9555  2.8213  3.0824  5.0704  5.1083  2.6382  1.9729  0.5519  2.6312  2.1018  4.5842  2.2824  3.0131  1.075  2.6549  4.6353  0.2577  0.7711  33.7085  
trainID = 2673  35.2196  2.004  3.5197  5.2374  1.635  5.0855  3.2354  0.3992  1.165  1.7536  3.2961  37.6419  2.9785  3.6039  1.6731  16.7687  1.3788  9.1824  6.7206  7.6231  6.6964  1.6808  0.2798  3.4134  5.6807  2.5226  9.8397  3.1448  3.4953  3.8031  2.6439  0.2926  4.0008  2.2674  0.0226  1.1658  1.5473  1.2138  0.9039  1.7955  0.9629  3.3593  
trainID = 2676  2.785  1.7882  2.096  3.7571  2.742  1.3094  2.0961  0.5334  0.1965  1.3877  3.8195  3.796  2.5939  0.6574  1.7632  3.0255  4.0185  0.9074  1.1727  4.1157  0.5733  0.0156  0.7484  2.0944  9.4624  0.3665  6.9321  2.6441  4.6748  4.0599  0.204  1.4008  2.9977  3.5307  1.869  0.2019  0.9563  2.2571  1.6279  1.4825  1.1019  3.3644  
trainID = 2746  0.3287  0.8833  1.179  4.9597  2.1215  1.259  0.987  2.2596  1.1109  4.6161  0.7945  0.083  5.4797  4.3576  1.3788  1.3951  4.8034  0.01  0.6211  3.6914  2.9283  2.5519  3.0127  2.2598  11.2855  5.5141  2.4981  3.3743  6.8451  1.8354  1.727  3.4247  1.1205  0.6973  3.6688  2.4667  2.7523  2.8633  2.8273  0.9995  0.6186  1.5971  
trainID = 2754  0.2664  3.1088  0.992  0.5468  1.8085  0.6404  1.7243  0.3851  0.879  1.207  1.7985  1.214  1.3506  3.5168  0.6236  2.1014  3.6716  3.1034  1.1273  6.2362  1.2002  1.6449  0.3771  1.0769  8.2117  0.2261  6.5791  1.7723  3.5033  4.3314  1.6772  3.3182  2.2861  3.6228  0.2914  0.5583  1.2171  0.7936  0.1412  0.8455  0.5507  2.2153  
trainID = 2774  0.6376  1.1142  1.745  0.4365  3.1587  1.9367  1.4074  2.7995  1.4899  0.4991  0.2925  0.858  2.5261  0.9314  0.0864  1.0101  3.0695  1.8081  3.8523  2.9822  1.3386  1.809  0.198  0.6847  0.4152  11.8051  2.0675  2.3395  2.7683  4.6137  0.6499  1.7477  3.0243  1.4862  3.9964  1.0729  1.1952  2.9598  1.119  3.4595  0.5415  0.8269  0.9044  
trainID = 2797  35.2362  0.195  1.59  1.1064  0.48  0.3367  1.2986  0.8329  1.2108  1.6862  1.4857  2.3482  1.8785  0.568  1.8349  0.0565  3.7785  3.8815  0.0929  4.6161  2.9492  1.1856  2.4119  1.248  0.6573  0.1747  0.277  1.306  0.585  2.1355  1.4762  1.3212  1.0299  0.19  2.2088  0.4101  0.222  0.4009  1.3156  0.9463  0.0008  1.0612  2.4035  2.4829  0.7149  
trainID = 2824  1.533  1.3012  1.9819  0.065  0.3635  2.683  0.4952  3.1653  1.1997  1.3235  3.3511  1.6455  0.341  2.6995  4.5359  1.2764  2.2305  2.788  0.6466  0.4051  4.2694  0.7557  0.1927  1.6054  0.4365  8.3066  1.2163  1.7235  0.704  1.5934  0.5214  2.768  2.8355  0.9933  0.4844  2.389  2.5546  2.7234  2.2628  2.3516  0.8485  2.5399  0.9217  
trainID = 2826  37.5552  2.9336  0.5577  2.3401  0.7294  2.4033  1.0576  1.8078  1.1985  1.4728  2.6707  3.1695  1.879  1.2861  0.0708  1.895  3.2422  0.8742  4.4488  4.2185  0.8281  5.1916  0.3263  1.8046  1.0381  0.1172  1.8916  1.868  0.8294  1.041  0.2316  0.443  2.9047  2.9438  0.3711  0.4903  1.3687  0.2371  0.8688  1.2959  2.9085  2.0879  1.1623  
trainID = 2835  36.4437  4.882  4.7344  4.3713  1.6608  4.9728  0.9583  3.1318  5.3717  0.5227  1.9376  1.369  0.7485  1.201  1.3863  0.5584  1.6979  4.242  9.7995  24.5395  2.294  2.1702  8.3036  3.5755  0.2478  3.9672  5.9512  4.3083  2.8753  1.0923  1.337  1.3371  0.482  6.6932  2.9138  4.021  1.541  0.4809  1.8963  1.7365  2.114  35.0395  
trainID = 2838  2.028  2.2638  2.9448  0.811  1.5145  1.4988  0.8508  3.4954  1.2052  0.0429  2.2472  1.1345  0.5233  0.2928  1.4751  0.7338  4.7222  2.7117  5.5285  0.1871  2.3143  3.2421  0.4422  0.8424  1.5522  3.7248  1.2721  4.9057  3.1994  1.9866  1.6883  0.438  0.47  2.9782  1.6981  0.3116  0.7704  0.8893  1.5684  1.2731  0.0495  2.8269  2.3483  
trainID = 2840  0.989  0.4816  2.2896  1.251  2.8306  2.1927  1.2678  3.2338  0.1891  1.5109  0.9571  0.8605  1.943  1.8204  0.0419  0.5216  2.6118  4.6036  1.7197  4.7087  2.2163  0.6619  1.3648  0.0018  1.9284  5.2125  2.3008  0.0493  1.3753  3.0749  1.1561  0.771  1.4732  0.1458  0.2475  1.0706  0.3481  0.9484  2.0228  3.719  0.8205  0.443  0.3096  
trainID = 2873  36.6467  0.168  2.9686  3.1874  1.4658  4.8819  0.7919  2.0131  3.1807  1.6513  3.5306  2.6994  0.1247  1.257  2.3989  1.0582  3.7085  3.0083  0.4815  10.1287  2.9445  1.497  6.1533  1.9666  1.2773  0.2237  3.1775  3.6087  3.4984  1.8584  3.16  2.3859  0.401  1.1154  4.3039  0.7637  0.387  0.3534  0.0822  1.183  0.5798  34.3615  
trainID = 2885  2.5464  0.5455  2.3797  3.9126  0.8619  4.0247  0.426  3.6874  1.1509  3.8056  1.5575  0.049  4.3128  4.0337  0.7097  4.2918  4.1642  2.4728  1.7414  5.1133  3.2527  1.437  1.8384  2.3776  0.6959  15.5287  7.936  0.3788  1.106  8.6219  1.8847  2.851  5.8961  1.0598  2.0803  2.5112  2.2981  2.7492  4.3887  5.1034  0.2625  1.0099  0.622  
trainID = 2904  0.3423  2.296  0.241  2.4744  1.9074  2.0867  1.2898  0.0322  1.3661  4.6806  0.0202  2.351  0.2232  0.6323  1.8759  0.8584  0.1176  0.2626  1.3777  1.0879  0.5423  1.837  1.2993  1.2512  1.6504  7.5281  0.3416  3.1438  0.8684  3.5229  1.4097  0.244  3.1352  0.3281  0.6771  2.8552  2.5629  0.0719  0.4479  3.3737  1.1245  2.8059  1.6801  
trainID = 2905  0.0013  3.3852  3.086  3.3007  1.1529  0.14  0.557  0.6311  0.4272  1.7818  2.1645  0.914  2.4379  0.2275  0.3709  1.7043  0.3139  1.3586  4.0429  3.8772  1.5197  0.378  0.1903  0.7263  0.4031  4.398  0.4548  3.9244  3.1279  1.2962  2.9905  2.466  1.9534  0.7508  2.2155  2.105  0.528  2.662  2.4796  0.7728  0.9445  1.9899  2.6793  
trainID = 2930  33.6399  0.413  4.0601  6.052  1.529  3.1401  6.2629  0.9837  2.1752  1.2313  0.9671  37.4859  2.5309  4.3265  0.3811  17.9872  4.3292  8.8575  4.3619  3.7273  4.3049  0.1094  0.0099  4.5404  2.8078  6.3985  12.6165  3.276  4.5143  5.1648  1.5385  1.5502  3.5384  2.104  4.666  1.7969  0.0406  0.5855  0.6346  0.1055  0.6121  3.3403  
trainID = 2935  37.9057  1.984  5.3247  6.4529  0.951  5.7992  1.5952  1.4045  4.942  1.5962  4.5563  0.339  1.4245  1.599  1.0445  1.6071  4.0807  9.6091  1.9637  21.1561  3.8136  1.1739  6.5068  1.3257  1.2439  1.9304  4.3986  5.4094  2.6555  0.9798  1.8135  1.6699  0.911  3.6562  3.4747  2.524  1.412  3.2804  0.3443  0.5752  2.3457  33.4445  
trainID = 2997  34.3468  2.5009  1.7557  1.6016  1.9038  1.2694  2.1046  3.6358  1.9306  2.3938  0.0287  1.0145  1.47  2.5191  0.2912  1.658  6.3768  0.8235  4.1273  0.4913  1.154  3.5566  0.4487  0.6694  0.7451  1.7323  1.0369  0.8585  0.6996  0.122  0.5764  0.177  0.3886  2.6433  1.3162  0.167  2.905  0.0136  1.9301  1.6767  1.7495  3.1269  1.2587  
TrainID = 1629  dbValue = 1.18744  nTestCell = 45  nTrainCell = 44  nDiff = 1  (X,Y) = (1115, 1875)  Position Error = 28.6356
TrainID = 467  dbValue = 1.28055  nTestCell = 45  nTrainCell = 45  nDiff = 0  (X,Y) = (1055, 1915)  Position Error = 44.0454
TrainID = 2651  dbValue = 1.30835  nTestCell = 45  nTrainCell = 42  nDiff = 3  (X,Y) = (1075, 1935)  Position Error = 50
TrainID = 1822  dbValue = 1.31601  nTestCell = 45  nTrainCell = 43  nDiff = 2  (X,Y) = (1115, 1955)  Position Error = 72.8011
TrainID = 969  dbValue = 1.35645  nTestCell = 45  nTrainCell = 42  nDiff = 3  (X,Y) = (1095, 1965)  Position Error = 78.2304
TrainID = 2667  dbValue = 1.36412  nTestCell = 45  nTrainCell = 43  nDiff = 2  (X,Y) = (1085, 1935)  Position Error = 48.1664
TrainID = 2514  dbValue = 1.39684  nTestCell = 45  nTrainCell = 43  nDiff = 2  (X,Y) = (1075, 1925)  Position Error = 40.4969
TrainID = 796  dbValue = 1.42622  nTestCell = 45  nTrainCell = 42  nDiff = 3  (X,Y) = (1125, 1935)  Position Error = 60
TrainID = 1654  dbValue = 1.44566  nTestCell = 45  nTrainCell = 43  nDiff = 2  (X,Y) = (1085, 1875)  Position Error = 12.6491
TrainID = 1505  dbValue = 1.44858  nTestCell = 45  nTrainCell = 43  nDiff = 2  (X,Y) = (1085, 1945)  Position Error = 58.1378
TrainID = 1496  dbValue = 1.46004  nTestCell = 45  nTrainCell = 44  nDiff = 1  (X,Y) = (1075, 1935)  Position Error = 50
TrainID = 2439  dbValue = 1.46008  nTestCell = 45  nTrainCell = 43  nDiff = 2  (X,Y) = (1125, 1965)  Position Error = 85.9069
TrainID = 961  dbValue = 1.48385  nTestCell = 45  nTrainCell = 43  nDiff = 2  (X,Y) = (1055, 1905)  Position Error = 38.4708
TrainID = 1541  dbValue = 1.49823  nTestCell = 45  nTrainCell = 43  nDiff = 2  (X,Y) = (1125, 1905)  Position Error = 40.2492
TrainID = 318  dbValue = 1.51195  nTestCell = 45  nTrainCell = 44  nDiff = 1  (X,Y) = (1145, 1885)  Position Error = 56.0357
TrainID = 2214  dbValue = 1.55385  nTestCell = 45  nTrainCell = 43  nDiff = 2  (X,Y) = (1115, 1865)  Position Error = 34.0588
TrainID = 1683  dbValue = 1.57388  nTestCell = 45  nTrainCell = 44  nDiff = 1  (X,Y) = (1185, 1945)  Position Error = 112.161
TrainID = 2840  dbValue = 1.57409  nTestCell = 45  nTrainCell = 43  nDiff = 2  (X,Y) = (1125, 1975)  Position Error = 95.0789
TrainID = 2904  dbValue = 1.58662  nTestCell = 45  nTrainCell = 43  nDiff = 2  (X,Y) = (1115, 1975)  Position Error = 91.7606
TrainID = 437  dbValue = 1.59099  nTestCell = 45  nTrainCell = 43  nDiff = 2  (X,Y) = (1075, 1885)  Position Error = 14.1421
TrainID = 1743  dbValue = 1.59405  nTestCell = 45  nTrainCell = 43  nDiff = 2  (X,Y) = (1135, 1895)  Position Error = 46.6905
TrainID = 421  dbValue = 1.60933  nTestCell = 45  nTrainCell = 42  nDiff = 3  (X,Y) = (1175, 1935)  Position Error = 98.4886
TrainID = 2353  dbValue = 1.64618  nTestCell = 45  nTrainCell = 42  nDiff = 3  (X,Y) = (1215, 1955)  Position Error = 143.178
TrainID = 1105  dbValue = 1.64728  nTestCell = 45  nTrainCell = 42  nDiff = 3  (X,Y) = (1185, 1945)  Position Error = 112.161
TrainID = 2905  dbValue = 1.69374  nTestCell = 45  nTrainCell = 43  nDiff = 2  (X,Y) = (1185, 1925)  Position Error = 103.247
TrainID = 1126  dbValue = 1.696  nTestCell = 45  nTrainCell = 42  nDiff = 3  (X,Y) = (1165, 1895)  Position Error = 76.4199
TrainID = 1088  dbValue = 1.70751  nTestCell = 45  nTrainCell = 43  nDiff = 2  (X,Y) = (1125, 1965)  Position Error = 85.9069
TrainID = 1009  dbValue = 1.7347  nTestCell = 45  nTrainCell = 43  nDiff = 2  (X,Y) = (1055, 1915)  Position Error = 44.0454
TrainID = 805  dbValue = 1.77367  nTestCell = 45  nTrainCell = 42  nDiff = 3  (X,Y) = (1045, 1935)  Position Error = 65.1153
TrainID = 2838  dbValue = 1.79077  nTestCell = 45  nTrainCell = 43  nDiff = 2  (X,Y) = (1205, 1885)  Position Error = 116.017
TrainID = 792  dbValue = 1.80181  nTestCell = 45  nTrainCell = 44  nDiff = 1  (X,Y) = (1195, 1915)  Position Error = 109.636
TrainID = 2492  dbValue = 1.81407  nTestCell = 45  nTrainCell = 43  nDiff = 2  (X,Y) = (1195, 1895)  Position Error = 106.301
TrainID = 2824  dbValue = 1.83787  nTestCell = 45  nTrainCell = 43  nDiff = 2  (X,Y) = (1155, 1965)  Position Error = 102.176
TrainID = 1752  dbValue = 1.84993  nTestCell = 45  nTrainCell = 43  nDiff = 2  (X,Y) = (1145, 1985)  Position Error = 112.872
TrainID = 686  dbValue = 1.8677  nTestCell = 45  nTrainCell = 43  nDiff = 2  (X,Y) = (1195, 1925)  Position Error = 112.606
TrainID = 1107  dbValue = 1.87926  nTestCell = 45  nTrainCell = 45  nDiff = 0  (X,Y) = (1215, 1905)  Position Error = 127.279
TrainID = 1831  dbValue = 1.91779  nTestCell = 45  nTrainCell = 43  nDiff = 2  (X,Y) = (1135, 1975)  Position Error = 99.2975
TrainID = 917  dbValue = 1.91789  nTestCell = 45  nTrainCell = 44  nDiff = 1  (X,Y) = (1215, 1885)  Position Error = 126.016
TrainID = 2774  dbValue = 1.94569  nTestCell = 45  nTrainCell = 43  nDiff = 2  (X,Y) = (1165, 2005)  Position Error = 140.357
TrainID = 1727  dbValue = 1.95863  nTestCell = 45  nTrainCell = 44  nDiff = 1  (X,Y) = (1065, 1965)  Position Error = 81.6088
TrainID = 2754  dbValue = 1.97005  nTestCell = 45  nTrainCell = 42  nDiff = 3  (X,Y) = (1215, 1975)  Position Error = 153.688
TrainID = 1246  dbValue = 1.98569  nTestCell = 45  nTrainCell = 43  nDiff = 2  (X,Y) = (1105, 1985)  Position Error = 99.2975
TrainID = 2586  dbValue = 1.98977  nTestCell = 45  nTrainCell = 44  nDiff = 1  (X,Y) = (1135, 1985)  Position Error = 108.259
TrainID = 2797  dbValue = 2.08062  nTestCell = 45  nTrainCell = 45  nDiff = 0  (X,Y) = (1145, 1865)  Position Error = 60.1664
TrainID = 446  dbValue = 2.09955  nTestCell = 45  nTrainCell = 43  nDiff = 2  (X,Y) = (1175, 1995)  Position Error = 138.058
TrainID = 1637  dbValue = 2.10981  nTestCell = 45  nTrainCell = 44  nDiff = 1  (X,Y) = (1125, 2025)  Position Error = 142.618
TrainID = 1200  dbValue = 2.11507  nTestCell = 45  nTrainCell = 42  nDiff = 3  (X,Y) = (1215, 1985)  Position Error = 159.625
TrainID = 1334  dbValue = 2.1226  nTestCell = 45  nTrainCell = 44  nDiff = 1  (X,Y) = (1235, 1955)  Position Error = 161.059
TrainID = 1261  dbValue = 2.17139  nTestCell = 45  nTrainCell = 43  nDiff = 2  (X,Y) = (1225, 1885)  Position Error = 136.015
TrainID = 465  dbValue = 2.18774  nTestCell = 45  nTrainCell = 42  nDiff = 3  (X,Y) = (1195, 2005)  Position Error = 158.619
TrainID = 1803  dbValue = 2.21287  nTestCell = 45  nTrainCell = 43  nDiff = 2  (X,Y) = (1075, 1985)  Position Error = 98.9949
TrainID = 2601  dbValue = 2.22547  nTestCell = 45  nTrainCell = 42  nDiff = 3  (X,Y) = (1145, 2015)  Position Error = 139.714
TrainID = 1410  dbValue = 2.25318  nTestCell = 45  nTrainCell = 43  nDiff = 2  (X,Y) = (1145, 2025)  Position Error = 148.93
TrainID = 1327  dbValue = 2.29278  nTestCell = 45  nTrainCell = 44  nDiff = 1  (X,Y) = (1065, 2015)  Position Error = 130.231
TrainID = 2676  dbValue = 2.31255  nTestCell = 45  nTrainCell = 42  nDiff = 3  (X,Y) = (1225, 1975)  Position Error = 161.988
TrainID = 1441  dbValue = 2.3317  nTestCell = 45  nTrainCell = 44  nDiff = 1  (X,Y) = (1225, 1885)  Position Error = 136.015
TrainID = 2161  dbValue = 2.33364  nTestCell = 45  nTrainCell = 43  nDiff = 2  (X,Y) = (1105, 2035)  Position Error = 148.862
TrainID = 2209  dbValue = 2.3496  nTestCell = 45  nTrainCell = 43  nDiff = 2  (X,Y) = (1105, 2045)  Position Error = 158.808
TrainID = 2997  dbValue = 2.35338  nTestCell = 45  nTrainCell = 43  nDiff = 2  (X,Y) = (1145, 1855)  Position Error = 64.4981
TrainID = 2359  dbValue = 2.37394  nTestCell = 45  nTrainCell = 43  nDiff = 2  (X,Y) = (1155, 1855)  Position Error = 73.3485
TrainID = 2481  dbValue = 2.37428  nTestCell = 45  nTrainCell = 42  nDiff = 3  (X,Y) = (1175, 2015)  Position Error = 154.208
TrainID = 1443  dbValue = 2.40915  nTestCell = 45  nTrainCell = 43  nDiff = 2  (X,Y) = (1135, 2035)  Position Error = 154.984
TrainID = 1641  dbValue = 2.44407  nTestCell = 45  nTrainCell = 42  nDiff = 3  (X,Y) = (1075, 2025)  Position Error = 138.708
TrainID = 2826  dbValue = 2.51303  nTestCell = 45  nTrainCell = 43  nDiff = 2  (X,Y) = (1135, 1845)  Position Error = 62.2896
TrainID = 1518  dbValue = 2.54395  nTestCell = 45  nTrainCell = 42  nDiff = 3  (X,Y) = (1195, 2015)  Position Error = 166.193
TrainID = 1667  dbValue = 2.55176  nTestCell = 45  nTrainCell = 42  nDiff = 3  (X,Y) = (1105, 2045)  Position Error = 158.808
TrainID = 1312  dbValue = 2.56038  nTestCell = 45  nTrainCell = 42  nDiff = 3  (X,Y) = (1185, 2035)  Position Error = 176.409
TrainID = 2746  dbValue = 2.59971  nTestCell = 45  nTrainCell = 42  nDiff = 3  (X,Y) = (1105, 2035)  Position Error = 148.862
TrainID = 2446  dbValue = 2.64667  nTestCell = 45  nTrainCell = 43  nDiff = 2  (X,Y) = (1135, 2045)  Position Error = 164.56
TrainID = 1360  dbValue = 2.69304  nTestCell = 45  nTrainCell = 43  nDiff = 2  (X,Y) = (1075, 2025)  Position Error = 138.708
TrainID = 469  dbValue = 2.79415  nTestCell = 45  nTrainCell = 42  nDiff = 3  (X,Y) = (1095, 2055)  Position Error = 168.107
TrainID = 375  dbValue = 2.79854  nTestCell = 45  nTrainCell = 42  nDiff = 3  (X,Y) = (1105, 2035)  Position Error = 148.862
TrainID = 2151  dbValue = 2.87718  nTestCell = 45  nTrainCell = 44  nDiff = 1  (X,Y) = (1175, 1865)  Position Error = 88.7694
TrainID = 2005  dbValue = 2.88804  nTestCell = 45  nTrainCell = 43  nDiff = 2  (X,Y) = (1095, 2065)  Position Error = 178.101
TrainID = 1171  dbValue = 2.90129  nTestCell = 45  nTrainCell = 44  nDiff = 1  (X,Y) = (1245, 1865)  Position Error = 157.544
TrainID = 1281  dbValue = 2.94812  nTestCell = 45  nTrainCell = 42  nDiff = 3  (X,Y) = (1145, 2075)  Position Error = 196.163
TrainID = 2524  dbValue = 2.96913  nTestCell = 45  nTrainCell = 43  nDiff = 2  (X,Y) = (1075, 2045)  Position Error = 158.619
TrainID = 2885  dbValue = 2.96923  nTestCell = 45  nTrainCell = 43  nDiff = 2  (X,Y) = (1095, 2085)  Position Error = 198.091
TrainID = 1917  dbValue = 2.99476  nTestCell = 45  nTrainCell = 45  nDiff = 0  (X,Y) = (1195, 1805)  Position Error = 134.015
TrainID = 2145  dbValue = 3.06883  nTestCell = 45  nTrainCell = 44  nDiff = 1  (X,Y) = (1235, 1875)  Position Error = 146.492
TrainID = 1153  dbValue = 3.09546  nTestCell = 45  nTrainCell = 43  nDiff = 2  (X,Y) = (1165, 1815)  Position Error = 104.69
TrainID = 1562  dbValue = 3.1193  nTestCell = 45  nTrainCell = 44  nDiff = 1  (X,Y) = (1235, 1865)  Position Error = 147.648
TrainID = 2487  dbValue = 3.20065  nTestCell = 45  nTrainCell = 44  nDiff = 1  (X,Y) = (1215, 1835)  Position Error = 136.308
TrainID = 631  dbValue = 3.2409  nTestCell = 45  nTrainCell = 43  nDiff = 2  (X,Y) = (1085, 1835)  Position Error = 52.1536
TrainID = 1270  dbValue = 3.25393  nTestCell = 45  nTrainCell = 42  nDiff = 3  (X,Y) = (1095, 2095)  Position Error = 208.087
TrainID = 2127  dbValue = 3.30082  nTestCell = 45  nTrainCell = 44  nDiff = 1  (X,Y) = (1235, 1835)  Position Error = 154.984
TrainID = 1514  dbValue = 3.30266  nTestCell = 45  nTrainCell = 42  nDiff = 3  (X,Y) = (1145, 1805)  Position Error = 99.2975
TrainID = 2473  dbValue = 3.31043  nTestCell = 45  nTrainCell = 44  nDiff = 1  (X,Y) = (1245, 1855)  Position Error = 159.248
TrainID = 1623  dbValue = 3.32886  nTestCell = 45  nTrainCell = 45  nDiff = 0  (X,Y) = (1245, 1855)  Position Error = 159.248
TrainID = 850  dbValue = 3.38989  nTestCell = 45  nTrainCell = 43  nDiff = 2  (X,Y) = (1195, 1825)  Position Error = 122.801
TrainID = 1756  dbValue = 3.39619  nTestCell = 45  nTrainCell = 44  nDiff = 1  (X,Y) = (1225, 1825)  Position Error = 149.466
TrainID = 859  dbValue = 3.43172  nTestCell = 45  nTrainCell = 43  nDiff = 2  (X,Y) = (1225, 1825)  Position Error = 149.466
TrainID = 929  dbValue = 3.49056  nTestCell = 45  nTrainCell = 42  nDiff = 3  (X,Y) = (1275, 1945)  Position Error = 194.833
TrainID = 1240  dbValue = 3.50611  nTestCell = 45  nTrainCell = 43  nDiff = 2  (X,Y) = (1085, 2105)  Position Error = 218.037
TrainID = 1474  dbValue = 3.60554  nTestCell = 45  nTrainCell = 42  nDiff = 3  (X,Y) = (1105, 2085)  Position Error = 198.645
TrainID = 2109  dbValue = 3.80452  nTestCell = 45  nTrainCell = 42  nDiff = 3  (X,Y) = (1075, 2095)  Position Error = 208.471
TrainID = 2873  dbValue = 3.8246  nTestCell = 45  nTrainCell = 42  nDiff = 3  (X,Y) = (1125, 1795)  Position Error = 98.7927
TrainID = 1189  dbValue = 3.83196  nTestCell = 45  nTrainCell = 43  nDiff = 2  (X,Y) = (1075, 2105)  Position Error = 218.449
TrainID = 633  dbValue = 3.84562  nTestCell = 45  nTrainCell = 44  nDiff = 1  (X,Y) = (1215, 1775)  Position Error = 168.582
TrainID = 1902  dbValue = 3.84693  nTestCell = 45  nTrainCell = 42  nDiff = 3  (X,Y) = (1145, 1795)  Position Error = 107.703
TrainID = 1707  dbValue = 4.0201  nTestCell = 45  nTrainCell = 42  nDiff = 3  (X,Y) = (1255, 1875)  Position Error = 166.433
TrainID = 2565  dbValue = 4.07469  nTestCell = 45  nTrainCell = 44  nDiff = 1  (X,Y) = (1255, 1795)  Position Error = 189.789
TrainID = 1522  dbValue = 4.29304  nTestCell = 45  nTrainCell = 42  nDiff = 3  (X,Y) = (1145, 1745)  Position Error = 152.643
TrainID = 1446  dbValue = 4.37302  nTestCell = 45  nTrainCell = 43  nDiff = 2  (X,Y) = (1235, 1785)  Position Error = 178.101
TrainID = 2521  dbValue = 4.37719  nTestCell = 45  nTrainCell = 43  nDiff = 2  (X,Y) = (1255, 1855)  Position Error = 169.056
TrainID = 2670  dbValue = 4.61739  nTestCell = 45  nTrainCell = 42  nDiff = 3  (X,Y) = (1115, 1745)  Position Error = 144.361
TrainID = 1526  dbValue = 4.6237  nTestCell = 45  nTrainCell = 42  nDiff = 3  (X,Y) = (1285, 1855)  Position Error = 198.595
TrainID = 1615  dbValue = 4.62646  nTestCell = 45  nTrainCell = 42  nDiff = 3  (X,Y) = (1205, 1755)  Position Error = 175.727
TrainID = 1961  dbValue = 4.6541  nTestCell = 45  nTrainCell = 42  nDiff = 3  (X,Y) = (1115, 1735)  Position Error = 154.208
TrainID = 1395  dbValue = 4.67301  nTestCell = 45  nTrainCell = 43  nDiff = 2  (X,Y) = (1255, 1765)  Position Error = 206.01
TrainID = 2203  dbValue = 4.73044  nTestCell = 45  nTrainCell = 42  nDiff = 3  (X,Y) = (1135, 1715)  Position Error = 178.045
TrainID = 2935  dbValue = 4.76725  nTestCell = 45  nTrainCell = 42  nDiff = 3  (X,Y) = (1165, 1745)  Position Error = 161.059
TrainID = 945  dbValue = 4.94295  nTestCell = 45  nTrainCell = 42  nDiff = 3  (X,Y) = (1185, 1725)  Position Error = 188.308
TrainID = 1763  dbValue = 4.95371  nTestCell = 45  nTrainCell = 42  nDiff = 3  (X,Y) = (1185, 1735)  Position Error = 179.778
TrainID = 2930  dbValue = 4.96897  nTestCell = 45  nTrainCell = 42  nDiff = 3  (X,Y) = (1315, 1855)  Position Error = 228.254
TrainID = 2835  dbValue = 4.97397  nTestCell = 45  nTrainCell = 42  nDiff = 3  (X,Y) = (1145, 1705)  Position Error = 190.421
TrainID = 2673  dbValue = 5.02033  nTestCell = 45  nTrainCell = 42  nDiff = 3  (X,Y) = (1295, 1845)  Position Error = 210.238
TrainID = 1507  dbValue = 5.17009  nTestCell = 45  nTrainCell = 42  nDiff = 3  (X,Y) = (1315, 1795)  Position Error = 244.008
TrainID = 362  dbValue = 5.17389  nTestCell = 45  nTrainCell = 42  nDiff = 3  (X,Y) = (1185, 1715)  Position Error = 196.977
TrainID = 507  dbValue = 5.17557  nTestCell = 45  nTrainCell = 42  nDiff = 3  (X,Y) = (1205, 1725)  Position Error = 199.249
TrainID = 493  dbValue = 5.17934  nTestCell = 45  nTrainCell = 42  nDiff = 3  (X,Y) = (1295, 1845)  Position Error = 210.238
TrainID = 1118  dbValue = 5.42201  nTestCell = 45  nTrainCell = 42  nDiff = 3  (X,Y) = (1205, 1715)  Position Error = 207.461
TrainID = 855  dbValue = 5.49484  nTestCell = 45  nTrainCell = 42  nDiff = 3  (X,Y) = (1325, 1805)  Position Error = 249.84
