trainID = 139  0.9772  1.5921  0.789  6.424  0.0628  0.0274  0.573  2.7286  1.763  1.2981  1.3684  0.0828  2.6997  5.5539  1.1674  0.3874  0.3469  1.2519  2.477  0.6379  0.5707  1.3897  2.832  0.448  1.8569  1.9883  0.8092  1.7584  5.2635  5.1164  0.9518  2.7583  2.5257  2.0755  1.506  2.5152  2.7087  0.6249  1.9311  2.6479  1.7486  0.6585  33.0784  1.157  4.747  1.8658  
trainID = 144  1.8265  2.4822  0.07  1.361  1.5092  3.5288  1.223  1.7592  1.563  1.5934  0.3428  1.1987  0.1647  2.8659  2.319  0.0077  1.6341  2.0604  1.405  0.42  2.8312  0.0233  0.035  0.215  0.787  0.5972  1.8857  2.864  4.3705  5.6106  0.5203  2.9238  2.4403  0.7078  2.7012  5.3152  4.1954  4.1395  1.7214  1.0206  0.236  0.5115  1.6469  0.094  0.2411  
trainID = 171  0.3914  1.1475  0.217  4.325  1.9036  0.5612  0.937  0.0607  0.86  1.0251  3.6947  2.7387  0.8445  4.7321  3.3953  0.6757  1.5795  2.2392  0.658  4.695  4.3031  33.4795  1.7834  1.2648  3.5087  23.2704  4.9298  13.918  2.3373  2.6788  1.1423  2.6687  1.527  1.5426  0.3441  0.1148  1.042  1.3335  0.0146  1.2064  0.362  1.469  2.3657  2.5369  2.435  0.4632  
trainID = 185  0.3055  2.6639  1.485  3.3539  0.1302  2.4488  3.6045  0.6014  0.792  0.3827  2.6197  0.0054  2.4179  0.6821  4.6437  0.3764  2.5397  1.8112  0.908  1.5449  2.059  31.2165  2.0247  2.6069  4.4856  6.259  1.7926  0.6879  2.2476  0.4539  1.7692  0.7313  0.77  0.9806  1.0041  0.8175  0.7708  0.4296  3.3432  1.5687  0.666  1.049  0.1466  0.153  1.0559  0.5206  
trainID = 236  1.8352  1.7838  0.678  5.1515  2.3206  0.2668  1.831  1.8524  1.259  1.0424  1.6144  0.9907  2.763  3.9326  0.684  0.542  1.1301  0.8414  2.164  0.8264  0.6131  1.3312  0.613  0.389  2.4256  1.4554  3.4224  3.337  2.779  2.8466  2.1203  3.4257  3.6312  3.0572  1.169  2.6634  4.3725  2.7147  0.1835  0.0408  0.7604  0.4989  2.157  1.235  0.8682  
trainID = 377  0.83  4.3504  0.577  1.918  1.6683  1.6628  2.678  1.5707  1.378  1.3479  2.1077  3.4857  0.352  0.9415  1.1725  2.0514  2.3506  1.6131  1.848  1.8717  1.1509  1.4749  1.603  3.1321  0.159  1.8747  1.0448  1.1679  4.029  1.0936  1.2288  2.3466  0.6818  2.2755  0.79  3.1936  3.2903  0.2449  2.7895  0.7485  0.5685  1.5745  1.161  1.568  1.5804  0.1  0.636  4.5417  
trainID = 438  3.0505  3.9695  1.253  4.6954  2.7906  4.5938  37.0013  0.5202  2.3054  2.3703  3.542  3.4575  4.1345  0.0487  1.0913  3.2296  0.051  3.0203  2.3989  3.9107  1.833  1.527  1.0165  1.8164  2.3441  0.7902  4.1478  7.8984  0.9546  0.9639  4.1878  2.3862  1.801  3.1692  4.7718  0.6385  2.117  1.2071  0.4115  0.0049  2.282  3.904  2.3641  2.0264  1.2431  0.6641  
trainID = 456  1.7734  0.4658  0.024  3.2042  1.1494  1.3879  0.898  1.2471  0.354  0.023  1.9665  1.2397  2.3987  5.2453  2.0976  2.8582  2.8617  0.3367  4.0668  2.9199  0.1721  2.7218  0.614  0.004  3.233  0.852  3.754  2.2628  2.7516  1.7389  1.3878  1.8099  2.0284  0.5213  3.079  0.0165  4.701  0.1028  1.8331  1.2826  0.2437  0.3025  1.347  3.005  1.3112  3.672  2.293  0.9992  
trainID = 546  0.1442  0.9239  0.804  4.5959  0.4172  0.9209  0.613  1.0552  1.815  0.7112  3.2817  0.8249  1.371  0.5709  1.5745  0.9392  0.6546  2.4679  2.112  0.4862  3.1529  3.2042  0.692  1.595  0.3281  0.9761  1.5031  4.8393  2.2405  2.2285  1.5112  1.9639  0.988  1.3511  0.614  0.8925  3.3646  1.591  0.0707  1.7972  0.1911  2.8426  2.388  0.576  0.724  2.596  0.765  0.6318  
trainID = 550  0.2754  3.5105  1.736  3.618  0.021  1.0754  0.02  1.7315  0.81  0.3279  1.3987  0.0006  1.1877  0.7503  0.1033  0.9488  0.7307  0.6998  2.118  1.298  0.1865  2.9276  1.693  2.445  1.5687  2.0376  0.7958  0.3181  1.2321  1.6972  1.2503  0.8005  0.0259  0.8564  1.9731  0.2388  4.8863  3.9895  1.6432  1.7572  0.2252  0.1212  1.138  2.073  0.7607  0.834  1.67  1.1868  
trainID = 697  1.1499  2.5729  0.591  2.335  1.6763  1.7098  0.661  1.7119  2.303  0.8113  2.8597  1.8147  2.1424  0.7112  2.367  0.9718  0.219  0.6503  2.02  2.8103  1.0941  1.1816  0.841  0.165  0.9603  0.0291  4.1883  1.025  0.8527  2.309  2.2074  2.1566  1.7745  0.1791  1.7981  2.3568  2.2472  1.5274  0.6119  0.5184  0.0722  0.6592  0.25  1.446  0.2026  1.744  0.763  2.4099  
trainID = 705  0.7973  3.4588  0.484  5.1385  1.6311  0.2866  0.288  0.1407  1.802  0.8245  2.0713  0.3424  4.7355  1.8868  2.7398  1.0404  2.8222  1.2606  1.809  1.4023  1.9955  1.3388  1.161  1.341  3.0243  1.3944  4.7977  2.639  2.1675  3.9659  1.0498  1.2316  2.6876  2.0996  0.235  0.8313  2.9758  1.2007  1.1061  0.9129  1.3138  0.8378  0.147  1.682  0.2329  
trainID = 770  3.1071  2.6615  0.611  2.407  0.052  0.8596  1.3268  1.0636  0.0846  4.7405  0.675  2.9011  2.8303  3.6513  5.3349  2.4073  0.5016  4.6601  3.3522  1.361  0.236  0.7285  0.713  3.8196  0.4087  14.2315  13.7916  1.5738  2.744  6.2393  5.8228  3.1925  1.5586  0.6142  1.4101  6.9015  1.6748  2.0285  2.2302  2.777  4.3149  0.6735  1.057  1.1829  4.0149  
trainID = 960  1.9434  0.477  1.5527  3.2261  0.9607  2.8329  1.173  0.1367  1.965  0.0401  1.669  0.3523  3.7335  2.255  3.279  1.2868  0.9891  0.0972  1.541  2.8819  0.0277  32.0175  3.5917  3.4438  4.4746  1.3158  0.5365  2.9542  2.8375  0.2591  1.9428  3.0047  0.405  0.6979  0.6279  1.6702  1.5923  1.3991  0.3107  0.0242  1.712  0.61  1.974  0.002  0.922  0.2378  
trainID = 1072  0.3107  0.9034  0.966  5.3021  1.4314  1.2438  1.994  0.6192  1.598  1.4108  2.3717  0.8937  1.8033  7.1752  4.1121  0.1115  1.5492  1.5522  2.211  3.0072  3.2937  4.3122  4.9031  6.6729  17.5724  1.6591  9.3683  2.6505  0.5232  2.1206  3.4867  1.36  2.4826  1.6545  1.3162  1.0243  3.1729  0.0219  0.3752  0.395  2.109  2.5435  3.4848  0.913  1.391  
trainID = 1077  1.7783  2.3097  2.929  3.3922  2.524  1.8868  2.5572  0.6441  0.0345  3.7717  0.5121  2.5853  1.0402  1.4298  1.7097  0.257  0.6573  3.3587  1.7191  1.365  1.898  0.7291  0.0156  0.4473  1.6715  15.864  12.6752  0.9014  3.4168  3.7858  3.1734  4.2876  0.1293  0.0684  2.4275  5.2644  0.8084  1.4718  2.362  0.9284  0.952  0.3854  1.3283  1.6359  3.7185  
trainID = 1184  1.874  0.8662  2.3029  3.3116  0.5563  0.0873  2.2382  2.9688  0.529  1.1564  0.1662  0.1973  1.3761  0.6609  0.4931  0.381  1.258  1.1119  0.236  1.9364  0.8565  1.4464  0.237  1.485  1.2612  0.1556  0.0022  2.71  2.8917  5.0788  1.1839  1.6467  1.0648  1.24  0.165  2.2652  3.3259  0.2585  1.4101  0.0083  0.7769  2.1406  1.619  1.9043  3.1756  
trainID = 1188  1.2266  0.1761  2.8398  2.302  0.3379  0.4344  1.392  0.2838  2.882  0.9847  0.4837  1.9507  2.745  3.1852  0.807  0.7096  1.8276  1.4674  3.7147  2.3265  0.1373  1.2187  1.41  0.408  1.2515  0.1424  2.2253  1.3445  5.1306  4.8311  2.1411  3.1462  0.9778  1.551  1.8746  3.3156  4.3688  0.8721  2.309  0.5576  0.9456  0.9062  1.807  2.414  0.8988  0.103  1.622  1.099  
trainID = 1193  1.41  1.9816  1.112  3.0792  0.3626  0.6638  35.8403  1.8986  3.3117  2.0357  2.7167  3.3847  3.4726  1.1933  3.313  2.9441  1.241  0.1664  2.5075  1.8686  1.552  1.085  0.9338  0.8175  1.793  3.4115  12.5873  6.0077  1.495  3.6865  2.6719  4.0214  2.6027  0.6786  1.3898  2.347  0.3166  0.6814  2.8517  1.2498  0.792  2.8596  0.6576  0.595  0.768  2.0471  
TrainID = 550  dbValue = 1.30611  nTestCell = 48  nTrainCell = 48  nDiff = 0  (X,Y) = (1425, 2095)  Position Error = 34.7131
TrainID = 1184  dbValue = 1.37815  nTestCell = 48  nTrainCell = 45  nDiff = 3  (X,Y) = (1415, 2065)  Position Error = 33.2415
TrainID = 697  dbValue = 1.40956  nTestCell = 48  nTrainCell = 48  nDiff = 0  (X,Y) = (1445, 2065)  Position Error = 5
TrainID = 546  dbValue = 1.49795  nTestCell = 48  nTrainCell = 48  nDiff = 0  (X,Y) = (1485, 2105)  Position Error = 51.6236
TrainID = 1188  dbValue = 1.68928  nTestCell = 48  nTrainCell = 48  nDiff = 0  (X,Y) = (1445, 2045)  Position Error = 24.1868
TrainID = 377  dbValue = 1.70468  nTestCell = 48  nTrainCell = 48  nDiff = 0  (X,Y) = (1415, 2105)  Position Error = 48.8365
TrainID = 144  dbValue = 1.71042  nTestCell = 48  nTrainCell = 45  nDiff = 3  (X,Y) = (1385, 2055)  Position Error = 64.5368
TrainID = 705  dbValue = 1.71846  nTestCell = 48  nTrainCell = 45  nDiff = 3  (X,Y) = (1485, 2015)  Position Error = 65.4599
TrainID = 456  dbValue = 1.76163  nTestCell = 48  nTrainCell = 48  nDiff = 0  (X,Y) = (1495, 2075)  Position Error = 47.3814
TrainID = 236  dbValue = 1.81376  nTestCell = 48  nTrainCell = 45  nDiff = 3  (X,Y) = (1485, 2035)  Position Error = 50.2494
TrainID = 960  dbValue = 2.19529  nTestCell = 48  nTrainCell = 46  nDiff = 2  (X,Y) = (1515, 2065)  Position Error = 67.1193
TrainID = 185  dbValue = 2.23754  nTestCell = 48  nTrainCell = 46  nDiff = 2  (X,Y) = (1515, 2105)  Position Error = 76.0592
TrainID = 1077  dbValue = 2.3735  nTestCell = 48  nTrainCell = 45  nDiff = 3  (X,Y) = (1415, 2195)  Position Error = 130.25
TrainID = 139  dbValue = 2.55961  nTestCell = 48  nTrainCell = 46  nDiff = 2  (X,Y) = (1405, 2045)  Position Error = 49.2443
TrainID = 1072  dbValue = 2.65274  nTestCell = 48  nTrainCell = 45  nDiff = 3  (X,Y) = (1565, 2115)  Position Error = 125.718
TrainID = 770  dbValue = 2.85618  nTestCell = 48  nTrainCell = 45  nDiff = 3  (X,Y) = (1395, 2195)  Position Error = 136.693
TrainID = 1193  dbValue = 2.9218  nTestCell = 48  nTrainCell = 46  nDiff = 2  (X,Y) = (1425, 2165)  Position Error = 98.7168
TrainID = 438  dbValue = 3.12837  nTestCell = 48  nTrainCell = 46  nDiff = 2  (X,Y) = (1375, 2145)  Position Error = 105.38
TrainID = 171  dbValue = 3.2331  nTestCell = 48  nTrainCell = 46  nDiff = 2  (X,Y) = (1565, 2135)  Position Error = 134.332
