trainID = 134  0.9409  0.8139  2.2983  7.4466  3.1851  1.8071  0.3908  0.2574  3.5138  2.0409  1.081  1.734  3.2988  3.242  1.0684  8.0564  9.0763  11.0494  2.4509  0.0134  7.7031  2.5262  1.5412  0.8401  9.1303  7.268  1.098  3.745  4.6263  0.1248  1.1924  6.6165  1.7455  4.6236  0.284  1.1948  3.2442  3.3885  5.785  1.317  1.8938  0.6491  
trainID = 164  1.4407  1.1079  0.832  2.8081  2.2616  1.9862  1.0212  1.0084  2.4131  0.2002  1.5563  1.747  0.1347  0.9635  3.9927  1.2181  1.4352  0.4051  0.9286  2.0667  4.4975  0.544  0.3907  1.3567  0.8405  0.1123  2.0677  0.2102  2.6828  3.5026  0.262  1.6107  0.8379  0.6201  3.7584  2.6652  0.0872  2.6501  3.4946  1.423  0.6519  1.1745  1.027  
trainID = 174  0.3271  0.9651  3.1926  2.1581  5.5346  0.6748  0.6366  0.354  1.119  2.6726  0.094  1.0907  2.2099  2.3954  1.0181  3.5587  4.1844  4.4225  1.6168  2.5785  0.4465  11.85  1.5919  5.8945  0.6016  6.2681  1.7721  0.835  3.7307  0.6285  4.3547  2.6761  2.9837  1.2564  0.3778  1.6255  0.079  0.5653  2.0205  34.806  
trainID = 203  3.4604  2.8511  0.386  2.9524  0.973  0.4881  4.5501  2.1259  1.185  0.2121  0.978  0.168  0.5141  0.4346  0.3004  1.4369  0.2205  2.5824  0.337  4.4384  1.5542  0.8163  1.2838  1.0993  5.7593  0.0648  5.2033  0.9809  4.5744  0.0769  0.323  1.7566  0.2495  2.1422  2.8072  2.7778  0.0312  0.3504  1.2048  0.715  1.0228  0.7303  1.061  
trainID = 210  2.8593  2.2103  0.312  4.011  2.6164  1.7071  3.4631  0.2936  0.9229  2.4723  1.5105  0.441  3.4642  0.7589  0.4316  0.4144  5.0735  1.7734  1.2057  1.3163  0.5109  1.974  0.7693  1.7802  7.769  2.2385  0.8125  1.9275  2.6244  2.6265  0.638  2.6113  0.2021  2.4919  0.485  2.1737  2.3379  3.0426  3.8142  0.2055  0.0921  1.3719  
trainID = 216  0.2859  5.546  1.354  11.9156  0.7898  5.4595  4.1704  2.9954  5.2295  34.6606  3.096  5.619  1.2498  37.2972  1.5443  20.8178  2.7184  0.1945  7.7533  4.1007  4.0856  3.8516  5.7504  5.4658  7.745  1.606  4.3052  0.5299  0.6336  4.8523  3.5951  1.94  2.006  4.5623  2.4256  4.6791  4.6968  1.997  2.8978  0.9671  
trainID = 226  4.4284  6.4098  0.839  1.9086  1.0089  1.2026  3.0351  1.9077  0.261  0.4018  1.108  0.408  1.7873  6.3638  0.7936  0.6519  1.6817  2.2564  0.1728  2.6918  3.0528  2.5182  2.3613  1.214  5.0077  4.1459  10.8628  2.6  3.8217  6.9037  0.8514  0.3694  2.0823  1.2689  2.388  1.92  2.7613  2.027  0.4443  2.469  2.0678  0.9614  
trainID = 231  3.9778  0.5613  1.6676  2.9111  4.0336  0.522  0.7344  0.627  0.612  5.8196  6.8038  0.4566  5.9016  3.9893  4.4969  0.5451  0.7374  6.0539  0.8867  0.5551  2.1026  23.3194  12.1868  7.0687  1.2941  8.122  7.5733  1.574  3.5642  4.317  4.0277  2.9871  0.1544  1.7205  3.2429  3.0977  0.367  2.5288  1.7176  36.4376  
trainID = 241  2.2717  0.6756  1.5822  10.5751  1.55  3.015  1.2911  2.0965  5.6836  1.7242  2.4565  0.6577  3.6909  1.0691  0.8663  11.1129  0.9799  25.1848  1.1618  2.5868  8.7351  3.9621  2.9536  1.1274  12.0255  7.5623  0.0258  2.7958  3.8301  1.6002  2.607  6.3405  1.9974  4.5026  0.055  0.771  5.5352  4.3851  6.3692  35.0144  
trainID = 243  0.9791  1.4482  1.788  2.6895  3.5658  3.9401  1.491  2.8358  2.0384  1.8574  2.3238  0.037  3.2558  1.0111  0.5266  0.0486  1.7906  1.4452  0.0132  0.464  2.8349  1.6974  2.1091  1.26  8.6037  2.0407  1.7189  2.822  2.5346  5.5687  0.38  2.2741  1.425  2.9205  0.339  0.4527  1.4635  0.1038  1.9588  0.655  2.1898  1.4135  
trainID = 268  0.1233  1.5798  0.046  5.0244  0.9974  1.6264  0.9591  0.3167  4.2399  0.6864  2.6048  1.592  2.0705  4.5647  3.2878  3.331  5.4898  3.496  0.8598  3.2749  2.7601  3.7323  0.9471  2.3463  0.1488  5.1156  6.2589  0.2939  0.4603  0.3595  1.6224  0.8176  1.6416  1.1635  1.722  4.6642  2.4358  2.7083  2.4312  1.007  1.5318  1.8673  0.715  
trainID = 272  3.4357  1.8602  0.9  3.8747  2.0997  1.0495  0.2453  0.871  4.2088  0.083  0.449  1.3579  0.3962  1.2334  0.9273  1.1409  4.7103  1.5436  0.2984  0.4731  0.2218  1.3916  2.8716  0.462  2.2708  0.2456  0.1183  2.9412  2.4768  0.4743  0.522  2.6783  0.2458  2.3785  0.253  0.435  1.1515  0.2615  1.2967  1.8992  0.8618  1.7245  0.192  
trainID = 274  1.4602  1.7284  1.031  2.2235  3.8489  1.3022  4.3381  2.3914  1.173  0.9711  0.758  0.179  3.3957  1.9997  2.2448  0.3971  0.3762  0.636  0.2846  0.6246  0.1728  3.0678  1.5731  0.6181  7.4936  1.8923  6.5398  1.8838  1.1994  5.1028  0.585  0.5734  0.5085  3.0474  0.305  0.3671  2.1666  1.0708  1.9425  0.034  3.0118  1.0879  
trainID = 309  2.286  1.006  2.6966  2.3028  0.7181  1.626  1.3705  0.321  0.427  2.9166  3.0785  0.0766  2.0101  2.3864  5.2473  0.298  4.5598  5.8157  3.3435  0.0219  1.2323  12.8268  3.7104  4.3178  1.4121  9.1127  3.0436  0.139  1.8375  2.23  2.2619  3.5971  1.4069  1.6233  1.9034  1.079  0.835  1.7018  2.7685  34.9849  
trainID = 318  1.3229  0.5635  2.794  7.0165  2.932  2.1071  0.45  0.6371  2.5816  0.4639  2.1455  2.1668  4.0127  2.9578  0.4671  2.512  4.5093  5.7394  1.448  2.1723  4.4741  0.0652  1.6831  0.2864  4.848  2.9711  2.2513  2.6239  1.4893  3.0385  0.526  2.9189  2.2792  4.1223  0.143  2.3932  2.88  4.1231  4.6764  1.428  1.9218  1.3582  
trainID = 362  0.6781  5.878  2.4186  7.0318  2.3488  4.3937  3.5678  2.5637  5.6716  4.5245  0.741  1.2529  2.8485  0.8687  0.8365  11.7774  1.9385  27.6103  2.7696  1.3426  10.3091  8.021  2.5246  1.4042  9.646  8.7121  3.4482  1.9109  3.7284  2.038  0.4  7.4675  2.6139  5.5416  3.813  3.0149  5.8492  1.7911  5.5163  34.4104  
trainID = 375  3.2582  3.3341  0.14  0.096  1.3358  0.4414  1.7007  4.7537  0.327  1.4502  0.958  0.859  0.927  2.7667  0.0284  1.649  0.247  1.9715  1.6277  1.6437  4.3637  3.9955  2.3831  0.2934  3.4054  2.8179  4.0666  0.4547  4.1533  1.5061  0.433  1.3241  0.0307  1.1903  2.6675  0.8098  1.9952  0.2872  0.7598  0.342  1.7158  0.7545  
trainID = 421  2.4163  0.9039  0.6  6.7434  1.185  2.6462  2.9441  2.3356  2.8743  0.7443  0.573  0.137  2.436  1.1588  1.3373  3.6484  4.4727  4.6488  0.2843  1.35  2.829  2.4463  1.0686  1.3328  0.8708  2.7928  2.3916  1.072  0.1112  1.1959  0.3  0.9641  1.9616  0.0217  1.9659  2.5521  1.0142  0.4065  2.4151  0.132  0.1256  1.0141  0.42  
trainID = 437  2.9014  2.7752  0.058  4.9434  3.6959  3.1596  2.1903  0.7142  1.0615  0.5295  1.693  1.1721  5.416  0.1279  2.0777  1.5095  2.2665  2.6378  0.225  0.6131  4.0199  0.0687  0.4616  1.3064  8.3606  3.7238  5.6764  4.3095  2.0891  2.4706  1.395  2.3499  0.7949  4.1547  2.7804  0.657  2.7452  0.2715  2.4648  3.243  3.6188  0.4131  1.284  
trainID = 446  2.6443  3.3974  1.09  2.2397  0.8549  0.8092  1.0424  1.5956  0.155  0.0633  0.598  2.342  0.549  1.7146  2.5934  1.0342  3.1265  0.2172  1.7704  1.6475  2.5471  0.7484  2.4697  1.3992  2.1671  0.585  5.4916  2.1261  0.9282  1.2427  0.276  0.0657  0.0016  0.1074  0.245  0.0179  0.0903  0.5325  1.883  0.185  0.3871  0.5395  
trainID = 465  2.2551  0.7953  0.893  2.065  2.0789  0.3855  2.6491  3.5919  0.132  1.8966  0.041  1.214  0.3331  3.941  1.1141  0.2966  2.3158  0.6927  1.12  3.9362  1.3344  1.1977  1.1346  1.1018  3.5753  1.3495  3.994  1.3113  0.5043  0.5029  0.22  0.5661  0.9785  0.0495  2.4443  2.3053  1.1339  0.9984  0.8199  0.062  1.7858  2.7316  0.032  
trainID = 467  2.8955  3.0276  0.007  0.1362  3.6065  1.0006  1.5184  1.7429  2.3654  2.9118  2.2161  2.3413  4.2964  2.3729  0.8673  0.8145  0.1335  1.3896  0.4411  0.583  1.2515  1.3267  1.4459  1.4204  8.4883  0.673  4.0176  0.3641  2.9479  1.5323  1  2.4127  0.8018  2.5265  0.623  1.994  0.9267  2.8044  2.4276  1.2454  1.4118  1.3154  
trainID = 469  6.1629  2.3277  3.132  1.8845  4.0423  1.4197  3.1021  3.6449  0.81  1.8412  1.54  0.485  1.9287  2.42  1.3659  4.9969  1.3529  0.5839  0.7241  2.0714  2.413  0.1267  1.0756  0.0823  4.0594  3.7328  3.7576  1.7281  3.6825  5.6542  3.029  1.4228  1.6482  2.3876  2.6231  1.0633  2.1894  2.4149  0.2494  0.4335  0.151  2.3656  0.017  
trainID = 474  2.9304  0.735  2.0116  3.6341  2.6075  0.395  1.1485  0.997  1.432  2.0502  0.6773  1.7357  2.9985  2.357  2.9048  0.7673  4.6505  6.5511  0.8132  1.548  0.9601  9.4001  2.0133  8.9248  3.507  11.1008  3.5693  0.415  3.3583  0.2194  1.6939  2.7958  2.7407  2.8922  2.1357  0.9158  3.3068  2.6172  1.8292  35.5731  
trainID = 483  0.0736  0.0571  2.2785  5.9144  3.8596  2.8683  2.2904  0.0561  3.1955  0.8455  2.299  1.7937  4.6918  1.0531  2.2174  5.9572  6.6936  7.5417  2.5027  1.3567  3.5259  3.8367  0.1292  1.0353  9.1698  4.4902  1.1055  2.4784  3.0148  1.0129  0.535  6.1368  2.3859  4.9327  1.0929  0.668  4.4662  3.1098  3.1171  32.5614  
trainID = 489  3.2155  2.2736  0.323  6.7428  0.7335  2.3296  1.1868  3.5696  5.0115  32.3426  1.0769  4.3404  0.9768  8.5968  5.5092  9.2959  3.3918  5.4156  3.793  4.2281  1.0648  1.8952  4.7291  4.9956  7.478  1.9498  1.4646  1.2209  2.0905  3.6731  2.2763  2.1781  0.444  4.7128  0.7634  3.4275  5.0024  3.024  0.9738  1.2553  
trainID = 493  0.6246  4.909  1.027  10.7643  3.2554  0.7269  2.0223  3.2642  3.1579  34.9816  1.0768  3.6571  2.539  15.71  3.8249  9.8234  3.4178  5.162  6.6706  4.9579  3.3976  2.1072  5.1818  7.4803  9.1307  1.1534  0.3805  1.1283  0.8079  4.3579  4.4623  0.7502  3.015  5.677  0.0675  2.4554  4.9254  0.388  2.1698  1.0287  
trainID = 505  3.3135  1.979  1.2006  3.3641  5.1867  1.6423  0.2589  1.214  2.966  6.2459  7.5016  1.4072  6.162  3.3225  1.4204  2.3827  0.4026  6.5791  2.3225  2.6965  2.0026  21.388  17.1859  4.7853  0.8499  6.8986  7.0863  1.952  4.9069  3.357  4.0218  3.7197  4.5816  3.6476  0.369  2.5938  0.183  1.1398  1.7132  35.3328  
trainID = 507  0.0091  6.224  0.535  8.3185  3.4235  5.875  1.9066  0.838  5.2638  2.3338  0.926  1.439  5.4838  1.2669  0.7865  14.2596  0.4072  31.512  4.013  0.8378  10.151  4.1613  2.4396  0.2473  11.0364  7.4834  6.0503  4.7255  4.6972  0.4744  0.974  6.9335  5.5515  3.5014  1.054  3.6544  4.3802  2.6319  5.0797  33.8454  
trainID = 616  1.7651  0.5287  2.174  5.3019  2.4176  2.2507  0.245  2.5867  1.3141  34.7896  0.5581  1.3224  0.1795  0.2057  3.5828  3.8656  2.1562  5.7511  1.6918  1.8789  1.3028  0.7503  3.754  2.3627  8.2478  0.6307  2.9705  0.858  0.467  0.3571  1.9831  2.7167  0.9303  2.1437  1.2647  1.1052  4.3945  1.0626  0.2281  0.3811  0.609  
trainID = 631  1.4593  1.3734  1.272  2.9681  2.2386  2.1802  2.3162  1.5983  0.09  0.7856  0.067  2.2415  7.2455  1.7657  2.7883  1.2908  2.8606  5.8865  1.0847  2.9714  2.9631  1.8569  0.3161  0.4351  10.2986  4.2433  0.8022  2.1911  2.8339  1.9728  0.5  5.7349  2.1102  6.6288  1.211  1.4499  3.7132  3.6511  2.5358  36.2094  
trainID = 633  0.7335  4.81  1.393  12.4181  4.0457  3.475  0.8077  3.061  5.1675  0.5634  1.6773  1.325  2.6736  1.8291  0.4136  14.0093  14.5814  16.308  2.7352  0.8581  7.2013  5.7383  1.7653  3.3786  6.9148  7.52  5.4869  2.2975  2.0542  4.2755  0.247  6.4315  3.4253  4.8306  0.278  0.2079  3.9802  4.6401  3.9847  0.7095  3.8298  0.0192  
trainID = 686  1.5375  1.0165  0.959  7.0196  1.1789  0.8537  0.9556  1.773  1.6513  0.6408  0.367  2.645  1.7233  4.2935  0.1896  3.9009  4.8548  3.2379  0.5481  3.696  1.4252  0.9616  0.8983  0.0184  2.6811  3.5966  4.8348  1.3539  1.8999  0.2244  1.1253  0.5215  2.2827  0.1915  0.5657  3.2686  3.0481  4.3021  2.1015  0.249  1.5808  0.3483  0.839  
trainID = 696  1.8794  2.3451  2.88  6.8961  2.4435  0.011  0.9601  0.0303  1.0351  33.2056  0.2761  5.073  0.9993  12.7836  0.5787  6.424  3.0139  6.1649  1.0724  5.4357  2.5276  4.6886  1.9402  4.5417  8.4489  3.2942  2.365  2.0109  2.4708  2.2011  3.3358  1.6942  1.521  4.0843  0.4082  2.6655  3.5904  1.342  1.1068  3.1725  
trainID = 792  0.9508  0.1533  0.724  3.1878  2.4386  0.3288  1.019  1.8043  3.3573  1.4913  2.03  1.198  0.7819  2.8678  0.2585  2.9889  8.4282  3.5193  2.8324  2.2277  0.4895  1.9872  1.9435  1.4415  4.1152  4.7564  2.7262  0.6486  0.3329  1.9518  0.329  1.078  0.3071  1.7424  0.9702  1.8098  1.5229  0.9304  1.968  1.0634  2.9778  0.5085  
trainID = 796  0.4622  1.5866  0.606  4.5412  1.8117  1.1327  0.1851  0.6424  0.4775  0.342  1.6347  0.247  1.9868  1.7364  1.6892  0.1377  5.3715  2.5832  2.9807  0.2225  1.0929  0.599  2.3846  0.7279  2.6866  2.2425  1.9833  2.4016  0.4466  2.8407  0.01  0.7735  2.2621  0.4583  1.285  0.366  0.8727  1.8878  0.6839  0.155  1.9268  0.1547  0.901  
trainID = 805  0.2358  0.1308  1.434  2.0116  4.9867  0.1554  2.9511  0.1806  0.6636  0.9544  1.157  1.1136  1.8351  2.7482  1.2728  0.7449  1.4611  0.6168  0.6269  0.3166  0.1707  0.993  2.6252  2.4743  8.4082  0.2512  6.0075  1.6851  0.5179  4.8394  0.828  1.8141  0.0939  3.7675  2.1454  0.7577  2.2237  0.0843  1.6174  0.099  2.5208  0.9456  
trainID = 850  0.9886  1.7041  1.247  8.4929  1.5998  3.6488  2.7762  2.8542  5.1882  2.7099  0.545  0.993  4.6854  2.8253  3.0119  10.4068  10.7473  13.5928  0.0371  0.0795  6.4473  4.7521  3.4956  1.9765  6.6139  6.7086  2.4046  3.0347  0.2266  1.128  1.369  4.7617  2.3434  3.8951  1.3637  2.0718  2.8872  3.1111  3.5662  1.965  2.8628  0.284  
trainID = 855  0.6715  6.265  2.416  9.767  2.3684  0.9117  0.7537  0.024  4.06  34.6806  1.4318  4.3096  0.4792  25.8815  0.5548  11.2526  5.2762  4.1883  8.6343  2.9785  0.9516  1.9623  2.8154  8.9115  10.2654  2.017  0.8324  0.976  1.2219  6.6105  3.4941  2.5896  0.383  3.4951  0.1182  0.7645  3.8256  2.755  3.7758  0.7618  
trainID = 859  1.5861  1.8325  1.4348  10.0909  0.6405  2.7665  1.4606  0.7489  3.1717  0.4638  1.175  2.874  2.8119  2.0395  1.1141  10.3104  14.6073  11.7278  1.536  0.7198  4.7475  2.4488  3.2826  2.9586  5.4079  8.5201  4.3063  2.2522  0.2644  1.7354  0.03  4.9877  2.8981  2.4206  1.451  0.7711  1.9433  4.8471  3.8391  0.241  1.0008  0.6796  
trainID = 870  1.0839  1.7266  4.0096  2.8331  5.0859  0.084  2.6042  0.342  3.098  3.0095  3.9405  2.2136  5.2411  1.5223  4.2686  0.9221  1.439  5.7819  1.3084  1.662  1.9981  15.0429  6.9405  1.585  1.0767  10.985  5.0714  0.193  2.9844  4.3824  4.7839  2.6086  0.0195  1.3932  0.4138  4.4598  3.0709  1.6192  1.1756  36.8997  
trainID = 917  3.0456  3.5315  1.2288  7.0568  0.3104  1.2888  0.394  0.7707  3.6284  1.809  0.659  2.145  1.8234  1.7614  0.9787  3.6651  6.4439  7.0645  3.7382  1.6143  2.5814  5.1472  0.5948  1.8057  3.5891  4.5913  4.559  0.8242  1.2892  0.2788  0.055  2.9966  1.2978  2.4588  1.0089  2.588  1.6321  2.8036  2.6713  2.037  2.3528  2.7471  
trainID = 929  2.5113  1.7027  2.129  4.7759  3.0827  0.4946  1.8116  1.4506  2.6198  36.0106  1.786  4.9055  1.9701  4.7746  3.2638  4.3213  4.4477  3.7533  4.4778  0.8208  1.5393  1.8938  1.8495  4.7329  12.2168  4.0081  1.9136  1.1216  0.042  1.725  2.5337  0.8856  0.244  1.9967  2.2422  1.5968  2.6834  0.201  1.2868  1.2445  
trainID = 931  1.6622  1.2587  4.3496  2.9501  3.4776  3.369  1.449  1.792  3.056  5.9457  3.8639  1.5733  4.6683  7.0618  4.9264  2.0847  3.5573  5.7617  0.2125  1.9212  2.3037  14.1057  5.4684  5.0199  0.6914  14.4014  9.5253  1.061  6.8114  2.6606  5.559  4.6613  0.1117  6.1209  3.4687  3.5174  2.1155  0.3777  2.6237  34.6939  
trainID = 945  2.83  2.7659  0.9123  11.5037  3.1481  4.3489  1.3371  2.2092  3.9501  2.1061  0.175  0.544  4.7799  2.1112  0.2596  12.8295  2.633  27.4345  0.1549  2.3995  9.7626  3.5516  2.9476  0.7655  11.0779  8.5878  3.5122  2.969  3.6991  3.866  1.08  6.6345  2.8292  4.1249  1.266  5.1619  4.0902  4.5851  6.2976  35.3104  
trainID = 961  2.7771  1.1864  0.9346  0.2596  3.8495  1.7127  0.0273  2.1933  0.392  3.2934  2.1776  1.6795  3.1431  0.5401  5.0173  0.5011  0.9304  0.3783  2.5967  0.7141  0.2307  1.4242  0.503  0.6944  11.7156  0.7299  3.52  2.5425  4.2534  4.134  0.447  2.179  0.1737  4.3996  0.091  0.6553  0.9821  3.7351  1.5019  1.779  2.3678  1.2883  
trainID = 969  2.1446  2.8844  0.059  0.5855  1.4832  1.5627  1.8758  0.7093  0.9162  2.6707  1.6195  2.478  4.1276  0.1503  2.6628  0.7709  2.5499  0.2476  0.4979  1.9256  0.2112  0.5738  0.1619  0.6586  4.7994  0.8245  0.845  1.3966  0.483  2.7537  0.421  0.295  0.8794  1.3434  1.3871  0.4138  0.0714  2.0078  0.7931  0.08  2.4888  0.0012  
trainID = 992  1.689  0.0456  1.7296  5.5021  5.8337  1.4774  0.1619  0.805  0.602  4.7136  3.8333  0.2458  5.1857  2.8261  4.8776  1.2637  1.8118  5.5055  3.2911  2.3368  0.4332  15.8793  9.4727  2.615  1.5286  7.3818  6.3307  3.306  5.1036  4.0489  2.5344  5.1124  1.0186  1.193  4.2849  1.4279  2.228  1.3888  1.8894  36.2997  
trainID = 1009  0.5754  4.7075  0.529  0.3677  2.9845  0.3607  1.2181  3.3669  1.0853  0.8547  1.5618  0.954  4.7863  0.1703  4.095  1.7798  1.1565  3.722  0.0762  0.2514  1.2837  0.285  0.7788  0.788  9.0168  0.8149  7.3451  5.2993  0.4567  3.2394  2.325  3.0909  0.5184  3.7451  2.1374  0.6521  2.8568  1.4492  3.5656  1.846  2.2928  2.2367  
trainID = 1056  1.4124  0.826  1.8096  2.5361  2.6559  0.313  0.8478  1.251  0.279  2.1543  2.1506  1.021  0.3296  0.9376  2.6531  2.1684  2.7256  5.0202  1.4191  1.5701  0.2503  5.6495  0.8356  8.1801  4.3447  3.8251  1.3191  0.037  2.2106  1.328  1.3701  1.1647  3.98  1.3201  0.482  2.9389  0.914  2.6056  2.0269  0.738  
trainID = 1088  1.5657  0.3704  0.324  0.7898  3.4687  0.0839  2.6061  1.5961  1.6099  0.1206  2.817  2.122  2.101  1.2946  2.3521  1.7138  2.9848  2.4894  0.0529  1.8698  0.5239  0.0852  0.3134  1.6071  2.0408  1.1268  2.0257  1.2836  0.6965  2.6396  0.179  0.0749  0.2937  1.2048  0.456  0.7117  1.4211  0.6932  1.0158  1.701  0.6298  1.307  
trainID = 1105  2.5023  0.1743  0.149  5.8142  0.1062  0.3463  1.9641  1.4704  3.379  0.0678  0.693  0.417  1.5662  4.7412  0.1728  1.7168  4.7132  3.3673  1.899  3.587  0.8226  0.9017  2.2756  0.1946  1.1663  1.8492  2.8844  0.2228  2.707  1.3345  0.357  0.8546  0.2999  2.1072  0.085  1.6651  0.6619  0.8304  1.726  1.242  0.5677  0.391  
trainID = 1107  2.6226  2.2741  0.415  7.2388  1.6018  1.8656  2.0779  0.0425  3.363  0.5699  0.79  3.13  1.8837  3.2851  1.4856  4.6091  4.6712  4.7893  1.5312  2.8461  2.9281  1.8144  3.0836  3.0516  2.1677  6.4954  4.0718  0.0077  0.3521  0.4344  1.0803  2.2171  0.5914  1.5485  1.4016  1.6163  3.4952  3.6271  1.1915  0.425  1.2028  0.0819  
trainID = 1118  1.4036  4.2196  0.439  12.5614  5.3166  6.2138  1.1047  2.5162  4.3913  0.8123  1.348  1.524  4.4925  0.6634  3.3126  12.782  1.3682  33.6467  2.777  1.4138  9.8318  4.3489  3.3846  0.5477  11.4211  10.2885  4.6551  1.423  4.0844  1.3259  2.1291  6.1402  3.3638  4.8368  0.5794  2.1723  0.7134  3.8391  6.6926  32.8054  
trainID = 1126  3.1392  1.5995  1.295  5.8143  2.2713  2.3385  0.9008  1.5682  1.0727  2.0185  1.4763  1.252  4.1292  2.4732  1.1679  2.759  8.0383  5.4361  0.3194  3.4938  0.2068  0.3782  2.7206  2.0898  3.5048  4.3205  1.5007  1.9757  1.3634  2.9853  1.0977  1.5759  1.5438  0.1142  0.8258  0.1734  1.4353  2.4479  1.5367  3.016  1.4698  0.7795  
trainID = 1153  0.826  2.1298  2.7234  7.3405  3.1844  3.051  2.2476  3.1377  2.6623  0.5169  2.032  0.6455  5.4622  0.198  2.4692  6.5926  8.4826  9.6613  2.4494  3.1291  6.2857  4.9624  0.5303  1.4665  7.6577  3.311  1.8175  2.9293  1.1131  1.7065  0.138  4.7747  3.0432  2.5945  0.187  1.9448  2.9213  5.1681  4.8078  2.593  2.5338  0.6184  
trainID = 1160  0.6135  0.9777  2.9846  1.6719  4.2157  0.052  1.8409  0.851  0.695  2.7418  1.0151  1.8789  2.7628  1.9889  3.9133  1.5877  4.3955  2.5013  0.8989  0.6348  2.3721  11.4942  4.102  7.699  2.7897  8.2185  4.8221  0.424  2.5473  1.3321  3.0718  3.4823  1.2637  2.4873  0.4415  3.0067  0.442  1.1291  1.5796  2.734  
trainID = 1171  2.8659  3.885  0.373  7.5036  0.2197  1.1899  0.1564  0.1195  1.8713  0.8883  1.184  2.323  1.8634  3.5613  2.4296  7.2156  7.3998  8.2195  3.5247  1.9687  3.5496  2.3209  1.5159  0.8092  2.385  6.8782  5.9511  0.4945  0.8984  1.6384  0.605  3.6525  5.1022  2.1261  1.7943  2.1098  2.7048  2.1119  3.5374  0.465  0.9438  0.215  
trainID = 1189  3.7563  3.9914  3.119  1.527  0.5368  0.6039  4.7701  2.6236  0.309  0.3034  1.9542  0.263  1.0101  7.9409  0.4232  3.1955  2.24  1.3336  0.0235  2.7598  7.1601  1.7651  4.7202  2.0842  12.6997  9.0386  4.6461  4.6549  8.113  6.1344  0.613  1.7923  4.1523  1.5019  2.5594  0.4329  0.9196  1.6202  0.3418  1.652  0.4569  0.7496  2.075  
trainID = 1200  3.6221  1.695  0.402  3.3205  0.1584  0.2123  0.0157  0.8914  1.8484  1.7742  0.145  0.065  1.8375  4.7915  0.707  1.4862  3.3122  2.4308  2.5442  3.487  1.7087  0.4501  0.4276  0.0046  0.2176  2.8253  6.7493  0.8277  0.1136  0.3736  0.387  0.9437  3.1896  0.5513  2.9576  3.0888  1.7967  0.3238  0.8548  0.2435  0.9778  0.7729  0.374  
TrainID = 446  dbValue = 1.2743  nTestCell = 43  nTrainCell = 42  nDiff = 1  (X,Y) = (1175, 1995)  Position Error = 61.1882
TrainID = 1088  dbValue = 1.29436  nTestCell = 43  nTrainCell = 42  nDiff = 1  (X,Y) = (1125, 1965)  Position Error = 20.5913
TrainID = 969  dbValue = 1.30503  nTestCell = 43  nTrainCell = 42  nDiff = 1  (X,Y) = (1095, 1965)  Position Error = 26.9072
TrainID = 272  dbValue = 1.3612  nTestCell = 43  nTrainCell = 43  nDiff = 0  (X,Y) = (1135, 1945)  Position Error = 42.9418
TrainID = 796  dbValue = 1.38418  nTestCell = 43  nTrainCell = 43  nDiff = 0  (X,Y) = (1125, 1935)  Position Error = 49.0306
TrainID = 465  dbValue = 1.43907  nTestCell = 43  nTrainCell = 43  nDiff = 0  (X,Y) = (1195, 2005)  Position Error = 82.9699
TrainID = 1200  dbValue = 1.50944  nTestCell = 43  nTrainCell = 43  nDiff = 0  (X,Y) = (1215, 1985)  Position Error = 100.02
TrainID = 1105  dbValue = 1.52366  nTestCell = 43  nTrainCell = 42  nDiff = 1  (X,Y) = (1185, 1945)  Position Error = 79.6492
TrainID = 164  dbValue = 1.53477  nTestCell = 43  nTrainCell = 43  nDiff = 0  (X,Y) = (1165, 2015)  Position Error = 59.3633
TrainID = 203  dbValue = 1.56231  nTestCell = 43  nTrainCell = 43  nDiff = 0  (X,Y) = (1165, 2045)  Position Error = 79.6492
TrainID = 375  dbValue = 1.64916  nTestCell = 43  nTrainCell = 42  nDiff = 1  (X,Y) = (1105, 2035)  Position Error = 52.9528
TrainID = 805  dbValue = 1.67778  nTestCell = 43  nTrainCell = 42  nDiff = 1  (X,Y) = (1045, 1935)  Position Error = 84.8764
TrainID = 421  dbValue = 1.69403  nTestCell = 43  nTrainCell = 43  nDiff = 0  (X,Y) = (1175, 1935)  Position Error = 76.8375
TrainID = 274  dbValue = 1.80017  nTestCell = 43  nTrainCell = 42  nDiff = 1  (X,Y) = (1055, 1965)  Position Error = 62.6418
TrainID = 467  dbValue = 1.8482  nTestCell = 43  nTrainCell = 42  nDiff = 1  (X,Y) = (1055, 1915)  Position Error = 90.6863
TrainID = 792  dbValue = 1.86162  nTestCell = 43  nTrainCell = 42  nDiff = 1  (X,Y) = (1195, 1915)  Position Error = 104.995
TrainID = 686  dbValue = 1.8921  nTestCell = 43  nTrainCell = 43  nDiff = 0  (X,Y) = (1195, 1925)  Position Error = 98.813
TrainID = 210  dbValue = 1.89896  nTestCell = 43  nTrainCell = 42  nDiff = 1  (X,Y) = (1095, 1895)  Position Error = 90.2441
TrainID = 243  dbValue = 1.91226  nTestCell = 43  nTrainCell = 42  nDiff = 1  (X,Y) = (1085, 1895)  Position Error = 92.9731
TrainID = 1056  dbValue = 1.99002  nTestCell = 43  nTrainCell = 40  nDiff = 3  (X,Y) = (1205, 2055)  Position Error = 115.256
TrainID = 961  dbValue = 1.9917  nTestCell = 43  nTrainCell = 42  nDiff = 1  (X,Y) = (1055, 1905)  Position Error = 98.4073
TrainID = 1126  dbValue = 2.13393  nTestCell = 43  nTrainCell = 42  nDiff = 1  (X,Y) = (1165, 1895)  Position Error = 101.213
TrainID = 469  dbValue = 2.14286  nTestCell = 43  nTrainCell = 43  nDiff = 0  (X,Y) = (1095, 2055)  Position Error = 74.7262
TrainID = 1009  dbValue = 2.15778  nTestCell = 43  nTrainCell = 42  nDiff = 1  (X,Y) = (1055, 1915)  Position Error = 90.6863
TrainID = 268  dbValue = 2.16096  nTestCell = 43  nTrainCell = 43  nDiff = 0  (X,Y) = (1245, 1925)  Position Error = 142.352
TrainID = 1107  dbValue = 2.23757  nTestCell = 43  nTrainCell = 42  nDiff = 1  (X,Y) = (1215, 1905)  Position Error = 126.823
TrainID = 437  dbValue = 2.28899  nTestCell = 43  nTrainCell = 43  nDiff = 0  (X,Y) = (1075, 1885)  Position Error = 105.849
TrainID = 226  dbValue = 2.41469  nTestCell = 43  nTrainCell = 42  nDiff = 1  (X,Y) = (1035, 2025)  Position Error = 90.3549
TrainID = 318  dbValue = 2.41668  nTestCell = 43  nTrainCell = 42  nDiff = 1  (X,Y) = (1145, 1885)  Position Error = 102.489
TrainID = 917  dbValue = 2.44922  nTestCell = 43  nTrainCell = 42  nDiff = 1  (X,Y) = (1215, 1885)  Position Error = 140.014
TrainID = 1160  dbValue = 2.59151  nTestCell = 43  nTrainCell = 40  nDiff = 3  (X,Y) = (1145, 2105)  Position Error = 125.634
TrainID = 1171  dbValue = 2.63265  nTestCell = 43  nTrainCell = 42  nDiff = 1  (X,Y) = (1245, 1865)  Position Error = 175.568
TrainID = 616  dbValue = 2.75818  nTestCell = 43  nTrainCell = 41  nDiff = 2  (X,Y) = (1235, 1985)  Position Error = 120.017
TrainID = 1189  dbValue = 2.85041  nTestCell = 43  nTrainCell = 43  nDiff = 0  (X,Y) = (1075, 2105)  Position Error = 128.39
TrainID = 174  dbValue = 3.12918  nTestCell = 43  nTrainCell = 40  nDiff = 3  (X,Y) = (1145, 2115)  Position Error = 135.366
TrainID = 1153  dbValue = 3.14395  nTestCell = 43  nTrainCell = 42  nDiff = 1  (X,Y) = (1165, 1815)  Position Error = 175.283
TrainID = 859  dbValue = 3.19394  nTestCell = 43  nTrainCell = 42  nDiff = 1  (X,Y) = (1225, 1825)  Position Error = 192.52
TrainID = 134  dbValue = 3.19769  nTestCell = 43  nTrainCell = 42  nDiff = 1  (X,Y) = (1185, 1805)  Position Error = 191.269
TrainID = 309  dbValue = 3.36331  nTestCell = 43  nTrainCell = 40  nDiff = 3  (X,Y) = (1135, 2135)  Position Error = 153.31
TrainID = 631  dbValue = 3.40353  nTestCell = 43  nTrainCell = 40  nDiff = 3  (X,Y) = (1085, 1835)  Position Error = 151.01
TrainID = 929  dbValue = 3.42668  nTestCell = 43  nTrainCell = 40  nDiff = 3  (X,Y) = (1275, 1945)  Position Error = 164.451
TrainID = 850  dbValue = 3.46197  nTestCell = 43  nTrainCell = 42  nDiff = 1  (X,Y) = (1195, 1825)  Position Error = 177.099
TrainID = 474  dbValue = 3.57283  nTestCell = 43  nTrainCell = 40  nDiff = 3  (X,Y) = (1175, 2125)  Position Error = 154.156
TrainID = 483  dbValue = 3.65876  nTestCell = 43  nTrainCell = 40  nDiff = 3  (X,Y) = (1135, 1805)  Position Error = 179.12
TrainID = 696  dbValue = 3.77294  nTestCell = 43  nTrainCell = 40  nDiff = 3  (X,Y) = (1305, 1905)  Position Error = 205.387
TrainID = 870  dbValue = 3.972  nTestCell = 43  nTrainCell = 40  nDiff = 3  (X,Y) = (1115, 2155)  Position Error = 172
TrainID = 489  dbValue = 3.97431  nTestCell = 43  nTrainCell = 40  nDiff = 3  (X,Y) = (1275, 1865)  Position Error = 198.806
TrainID = 633  dbValue = 4.09766  nTestCell = 43  nTrainCell = 42  nDiff = 1  (X,Y) = (1215, 1775)  Position Error = 230.79
TrainID = 992  dbValue = 4.18035  nTestCell = 43  nTrainCell = 40  nDiff = 3  (X,Y) = (1095, 2155)  Position Error = 173.159
TrainID = 231  dbValue = 4.4824  nTestCell = 43  nTrainCell = 40  nDiff = 3  (X,Y) = (1045, 2185)  Position Error = 213.785
TrainID = 493  dbValue = 4.54094  nTestCell = 43  nTrainCell = 40  nDiff = 3  (X,Y) = (1295, 1845)  Position Error = 226.813
TrainID = 855  dbValue = 4.63579  nTestCell = 43  nTrainCell = 40  nDiff = 3  (X,Y) = (1325, 1805)  Position Error = 275.289
TrainID = 505  dbValue = 4.73207  nTestCell = 43  nTrainCell = 40  nDiff = 3  (X,Y) = (1045, 2155)  Position Error = 185.699
TrainID = 931  dbValue = 4.75599  nTestCell = 43  nTrainCell = 40  nDiff = 3  (X,Y) = (1125, 2225)  Position Error = 242.207
TrainID = 241  dbValue = 4.81068  nTestCell = 43  nTrainCell = 40  nDiff = 3  (X,Y) = (1175, 1735)  Position Error = 255.155
TrainID = 945  dbValue = 5.26379  nTestCell = 43  nTrainCell = 40  nDiff = 3  (X,Y) = (1185, 1725)  Position Error = 267.328
TrainID = 362  dbValue = 5.33058  nTestCell = 43  nTrainCell = 40  nDiff = 3  (X,Y) = (1185, 1715)  Position Error = 276.991
TrainID = 507  dbValue = 5.36829  nTestCell = 43  nTrainCell = 40  nDiff = 3  (X,Y) = (1205, 1725)  Position Error = 273.247
TrainID = 1118  dbValue = 5.42225  nTestCell = 43  nTrainCell = 40  nDiff = 3  (X,Y) = (1205, 1715)  Position Error = 282.708
TrainID = 216  dbValue = 5.63475  nTestCell = 43  nTrainCell = 40  nDiff = 3  (X,Y) = (1275, 1755)  Position Error = 278.539
