trainID = 355  0.601  2.1518  2.207  36.118  0.0405  0.6613  4.0253  4.685  3.8147  1.0187  1.7152  0.6057  2.7096  3.2429  1.5521  2.14  0.7669  1.7407  3.5925  19.8248  17.2501  1.5875  1.6238  0.6039  4.115  0.624  0.1688  4.6946  0.2012  0.984  1.9369  4.7439  4.1925  1.2714  1.2023  2.6953  1.4494  1.043  0.4752  1.5845  0.9861  3.688  4.2981  1.511  2.483  0.4092  
trainID = 399  2.0543  1.6758  0.549  1.292  1.1514  3.4533  2.7923  2.1489  1.9841  3.7322  0.9175  2.3686  3.0468  2.844  2.6279  4.3849  1.1515  0.8783  1.3628  9.3003  14.7038  2.3023  2.3427  3.0424  0.9564  2.786  1.0921  1.2181  1.0705  1.0652  1.0749  3.7224  0.0295  3.0418  0.5139  0.3776  1.4601  2.1443  1.4479  1.4878  0.9615  0.005  0.6059  0.0216  0.3029  2.0342  1.307  1.91  2.7085  
trainID = 426  0.241  1.2701  1.301  0.278  1.7468  2.6701  1.0403  1.3907  1.6488  2.383  3.032  2.2809  0.1727  0.184  4.6896  2.634  0.6043  1.1126  3.0714  4.1154  0.5432  1.5121  0.3604  2.7055  1.107  0.7124  0.184  1.2809  0.3222  0.8328  1.4325  1.6554  0.2007  1.0605  2.2261  1.9212  1.9325  2.5135  1.601  0.3527  1.1028  0.9826  1.5936  1.671  2.454  1.2771  
trainID = 580  1.9028  3.261  1.172  0.393  0.9059  0.1867  1.2163  2.1788  0.1242  3.605  0.5346  2.174  1.9457  2.461  3.0243  2.276  1.0646  0.3267  0.6724  4.8801  3.3976  0.0379  0.5114  2.1197  2.9276  1.6827  1.7264  0.6149  0.5171  0.8035  0.3702  0.1924  0.8741  2.7747  0.158  1.2002  4.9211  0.6539  0.822  1.0231  2.0725  1.6112  0.3162  1.165  3.153  0.5661  
trainID = 581  1.498  1.8056  0.622  0.916  1.2518  1.9362  2.7203  4.3262  0.3158  2.2981  1.0947  1.9779  0.6173  1.698  1.3678  1.074  0.5593  0.3127  0.7946  2.3388  1.8128  0.0106  0.5857  2.6522  4.1573  1.1305  2.2393  1.0843  1.5414  0.9028  3.0357  1.1388  0.1342  2.0126  0.471  0.4976  1.8457  1.8055  1.9252  1.0724  1.0688  1.953  0.1144  0.979  1.96  1.6894  
trainID = 586  0.572  5.2272  0.611  0.484  1.0351  0.5613  0.7006  2.0995  2.2985  2.5564  1.8893  0.0124  0.3042  2.78  2.2281  2.114  2.5915  0.7302  1.056  4.0929  9.149  1.9401  0.6154  3.2615  1.553  0.684  2.8121  0.2613  0.7104  0.337  1.2549  2.25  2.8789  3.0716  1.979  0.8045  0.4528  0.243  2.1745  0.8281  0.073  0.001  1.7754  0.1954  0.6898  1.8798  2.4336  2.476  0.21  
trainID = 588  3.0854  0.2178  2.352  37.0774  1.9541  0.9663  2.7333  5.5827  6.6359  4.0129  0.8401  2.9933  0.0647  3.6356  1.3912  3.7119  1.6468  2.7703  0.5152  13.5536  19.26  1.2369  3.1309  3.7398  3.3614  3.9079  0.2383  4.0664  1.1612  2.319  3.1869  3.1865  1.5573  4.3331  1.1527  0.1143  2.1616  2.8918  1.0157  0.2455  1.6659  0.9266  2.1449  1.724  2.556  1.1482  
trainID = 643  1.172  2.9546  1.525  1.145  33.1711  0.8967  5.2435  3.671  1.1854  2.5706  0.7457  1.753  4.1358  4.2293  1.3161  0.6518  0.0308  5.6509  11.4946  2.7678  5.285  3.8638  0.8456  1.622  1.8268  0.8754  1.9354  1.309  0.4261  0.2649  0.3878  4.9282  0.3352  3.0376  3.147  2.4957  1.8475  1.7018  0.409  2.2333  2.1678  6.0034  1.5717  3.2504  1.886  4.8389  2.0704  
trainID = 666  0.291  1.0395  2.68  0.227  2.5466  0.2136  0.193  1.523  0.2614  2.223  0.0096  0.6386  1.7239  1.803  1.911  2.492  1.1632  1.4189  2.5495  2.4123  5.9414  4.8938  0.1936  0.6017  0.2692  2.1618  1.2091  0.7709  4.3505  0.7048  1.6093  0.68  4.4862  2.4291  0.369  0.6853  3.4782  3.5943  0.753  1.866  1.5555  0.2552  3.3431  1.081  1.618  0.5607  
trainID = 809  4.7462  0.3026  0.878  34.7886  1.9633  0.8813  1.2213  2.5803  6.4642  2.7639  0.7675  0.2325  1.7469  2.56  0.7032  4.7934  2.5878  1.7258  4.1091  12.8318  23.1031  3.8673  4.7646  2.5644  5.3527  2.9848  0.717  1.8572  0.871  3.867  2.1049  2.2291  4.2226  4.949  1.0717  3.1758  1.0601  3.668  0.551  0.2007  0.8584  2.074  4.8951  0.364  2.351  1.4101  
trainID = 865  2.947  0.4987  1.208  0.105  1.3968  1.9706  2.9663  2.1413  2.2858  4.4518  0.6305  2.7262  1.3955  1.027  4.0649  2.922  0.0846  1.6632  3.4714  3.7322  2.0142  3.7186  1.9646  3.7629  4.4227  0.7196  1.5669  0.5898  1.7981  1.2826  2.926  1.0621  1.7944  2.3002  2.103  0.4087  3.5789  3.2249  0.781  2.0508  0.0606  0.0509  0.8385  1.9863  2.154  0.3667  
trainID = 921  0.353  2.2156  2.52  0.679  1.0865  1.5092  3.6093  1.7986  1.7027  2.0389  0.5361  2.573  2.1218  1.069  4.6016  0.511  1.2615  0.6391  0.9075  4.5259  2.2248  3.2784  3.6092  3.0116  4.7169  2.3987  1.6618  2.8139  2.9266  2.2225  2.1614  1.1885  0.8063  2.552  0.908  3.2444  2.5712  0.9013  0.045  0.3833  0.7964  0.953  0.7474  2.5489  0.821  0.1094  
trainID = 954  4.4404  0.6942  2.473  33.5144  2.4227  4.1143  2.0383  3.7941  4.9002  1.3764  0.65  2.3366  3.207  3.06  0.0663  4.7998  3.2835  2.3602  2.5284  14.8368  19.6031  3.7984  5.3123  0.5082  6.4094  0.718  0.7335  2.8549  1.2489  3.276  3.0269  4.0787  3.7549  4.4152  0.87  1.5172  3.256  0.301  1.6052  2.5509  3.0291  0.4187  4.0201  1.303  1.607  1.1827  
trainID = 977  0.641  0.3458  0.193  1.83  2.3475  0.2883  0.1314  2.6361  4.0773  1.0054  1.5205  0.8111  1.6653  3.7826  0.2372  3.561  2.8956  0.7388  1.7995  12.1147  16.3884  0.6098  1.0452  2.9609  1.7438  3.2282  3.6905  2.1386  1.8053  1.368  1.6519  2.9814  1.3971  2.9553  0.8318  0.6384  2.2833  0.81  1.4692  1.1441  1.4495  1.206  2.0529  2.9635  2.666  2.0169  1.105  0.394  1.0016  
trainID = 987  2.3711  0.1172  2.9371  34.1202  0.5794  2.2603  2.8523  0.9776  3.1267  0.9603  0.944  2.5596  1.9323  4.1124  0.8386  3.9488  0.727  3.843  1.4484  20.664  16.8497  0.9309  0.2838  0.0428  2.199  1.467  2.0851  3.3535  1.198  0.57  0.1283  2.7118  3.9792  0.1381  0.4546  1.9579  3.0696  0.779  2.0722  0.0107  3.9871  5.029  2.87  0.336  4.1976  0.853  
trainID = 1048  1.364  0.6222  0.795  0.919  0.0826  3.0947  1.7073  4.3443  0.4539  2.6949  1.4858  2.8109  1.7324  0.643  4.0759  1.607  0.7645  2.112  0.8732  7.388  0.9433  2.2266  0.2074  2.4716  3.2752  0.5456  0.674  1.8007  1.9444  1.3801  2.0977  0.5342  1.1303  1.7463  0.015  2.7793  5.1633  2.4495  0.118  1.3352  0.0582  0.2713  0.7559  0.804  1.85  0.4405  
trainID = 1078  2.8579  2.9993  0.094  1.036  0.5571  2.6526  4.6991  2.0684  3.3365  0.2595  0.57  0.3039  1.623  4.6837  2.3973  0.4089  7.0558  15.0725  4.957  3.8401  5.4523  1.3845  2.509  2.8769  0.8708  0.2705  1.592  1.1259  0.6574  2.4694  3.6145  3.9534  2.7898  0.3319  1.185  0.4131  2.2619  0.191  0.546  1.4324  2.0637  1.2851  2.0571  3.4193  1.489  2.0003  
trainID = 1099  4.2075  3.2635  3.5033  34.9708  2.3585  2.1513  1.9223  5.5173  5.3332  2.7664  1.6803  2.6451  1.2693  4.2005  0.678  3.063  1.1678  0.832  0.7692  16.483  17.0368  1.214  2.3314  1.4974  9.178  0.35  0.3404  2.6506  1.7391  0.161  1.7909  3.9162  3.4147  0.4644  1.0301  1.4404  4.6121  0.605  0.1098  0.9764  0.0912  2.585  4.3797  0.064  1.645  2.2111  
trainID = 1117  1.2079  0.0701  0.772  1.746  0.9755  1.0153  0.716  1.6013  0.138  1.4459  0.8247  1.2596  0.9529  2.472  1.3941  1.537  0.1387  0.867  0.7886  14.2191  7.3772  3.8342  0.9975  0.0144  0.7738  1.248  0.6058  2.4083  2.6781  2.8114  2.9969  3.963  2.2727  1.5875  0.321  0.1489  2.0838  1.7455  0.0012  1.9081  1.5192  1.72  0.9896  2.4476  1.1425  2.6593  1.933  0.213  0.8685  
trainID = 1177  0.358  1.3785  1.732  33.8066  1.5157  1.1003  2.4083  2.1756  4.405  3.034  0.1001  1.1642  1.2007  2.204  0.1231  2.842  0.6496  1.7493  0.1273  16.2397  17.5267  0.9173  5.4565  1.6988  4.4894  0.859  2.0755  1.671  2.8795  1.286  3.4729  4.2445  3.5261  1.4236  1.2362  2.6784  2.3948  1.6272  1.4972  3.3129  1.2533  1.2782  4.5998  1.817  2.373  0.8327  
trainID = 1237  0.8458  1.7873  0.513  2.306  2.5259  0.4203  2.8243  2.1156  0.9063  0.1916  0.2358  0.8703  0.3884  3.1593  3.5291  1.948  0.1345  0.357  1.1035  17.5686  4.2198  12.1644  2.8871  2.1259  1.389  1.529  1.3817  3.6257  1.6435  1.013  1.7599  5.1419  2.7293  0.5594  1.3225  0.6923  1.0739  1.9267  2.1102  1.9209  2.1348  1.517  0.063  1.7908  2.821  1.4081  0.786  1.325  0.5772  
trainID = 1401  1.464  1.269  0.568  33.9547  0.1657  1.3653  3.0293  1.4175  6.3018  3.0992  0.1721  0.8348  0.3944  3.8991  0.2551  3.7624  2.1386  2.3258  1.2643  15.8176  20.9657  0.3015  3.6923  2.5973  2.9117  1.76  2.1156  4.1077  4.4906  2.891  2.8119  1.4563  1.7179  3.5672  0.1406  0.0422  0.7275  1.8589  2.4662  0.4028  2.8696  3.347  2.0419  0.309  3.0752  0.9114  
trainID = 1465  3.6921  2.9683  1.596  33.9101  2.2582  2.2973  4.9323  3.7611  9.1421  1.0279  1.1168  2.5991  1.1818  2.83  1.109  3.068  1.4504  1.2373  1.857  17.7194  21.315  2.2286  3.7132  0.9362  5.8762  0.973  1.7133  2.3902  1.1749  0.523  3.3019  4.036  3.2334  2.459  2.901  0.6011  0.3261  0.628  1.2191  2.7992  2.8393  2.545  2.3434  1.163  3.1163  0.1394  
trainID = 1491  1.1953  0.5879  0.763  0.666  31.1221  1.0225  3.6784  2.5618  0.4554  0.1733  0.6064  3.064  2.4433  4.2829  2.1205  3.0092  0.6903  9.3162  18.8116  2.3985  4.3413  4.2326  0.4109  1.718  1.8285  1.5186  0.3829  1.262  0.2537  1.5062  1.939  4.08  0.6369  1.2794  2.5354  2.0174  1.1329  0.8056  1.9069  0.691  4.068  2.6599  1.8763  5.8391  2.633  1.008  1.2441  
trainID = 1547  3.3547  1.1674  4.0715  35.7969  0.9227  1.1663  2.9453  0.2201  3.6928  3.9639  2.2686  0.5151  2.9736  3.7707  0.7524  4.7191  1.111  0.1748  1.5963  19.9232  16.0599  2.5191  2.2731  2.8992  1.03  0.141  0.02  3.2485  0.0018  0.687  0.121  1.8194  3.9578  0.4204  0.7386  0.6292  2.3824  2.0326  0.7459  0.2423  1.9656  2.28  2.8363  1.758  1.635  1.5723  
trainID = 1648  4.1327  1.9075  2.81  1.11  0.9472  0.9253  4.4293  0.4588  4.044  4.2772  0.7654  1.8214  1.4509  3.5507  1.365  4.8411  0.5198  3.6738  1.1592  10.7083  14.1673  2.671  0.0842  3.2964  0.2564  1.388  0.4635  2.8092  0.4041  0.8253  1.9479  3.1796  1.7328  1.6135  1.522  2.3874  0.3741  2.6101  1.7573  0.4544  0.4943  0.024  1.2651  1.7698  0.1925  3.3635  1.113  1.749  1.0248  
trainID = 1661  3.2257  0.1164  2.308  33.8962  2.2616  1.1843  2.0373  2.4803  6.0186  1.0678  1.5488  3.297  2.1395  2.048  3.1785  5.5967  0.2736  0.1222  2.1773  18.1893  18.1299  1.1109  1.4183  0.6062  6.5404  0.359  1.6733  2.8517  0.07  0.055  3.0679  5.5277  2.974  0.8693  0.3904  2.4462  5.61  1.7147  1.4642  0.3863  0.9657  2.978  4.1968  1.875  0.468  0.8046  
trainID = 1696  1.178  1.3174  2.8925  33.2766  0.0698  0.8453  4.3433  1.4928  4.8674  3.3124  0.2826  0.4586  0.1231  1.92  1.3513  3.214  4.8635  1.979  0.6171  10.808  21.7057  4.2422  1.675  4.4775  3.6492  4.0792  1.2454  1.914  0.2327  1.005  3.7409  0.1021  2.5508  2.3346  0.5886  1.6296  0.0164  3.3681  1.9172  0.6476  0.9034  0.5815  3.504  2.0268  1.557  1.7009  
trainID = 1709  6.9192  0.2902  0.71  37.1595  2.6147  2.3393  2.0473  3.3029  6.0625  3.3046  1.6801  3.3984  1.9685  5.1976  0.7498  5.4876  3.0789  1.8078  2.0455  14.8211  22.5652  2.1813  4.7513  3.1021  5.2403  2.351  2.2278  3.3899  1.8272  0.833  2.5779  2.6286  3.882  4.5875  0.1431  1.742  3.2235  1.2  0.5367  1.691  0.206  0.2082  2.8879  1.707  1.851  0.3619  
trainID = 1726  2.159  1.4428  2.144  0.094  0.0951  1.627  1.5973  0.6278  0.4767  2.2873  1.7451  1.894  0.5598  0.041  3.2661  1.707  1.7782  0.1725  2.0821  3.2567  3.2329  0.7196  1.5352  2.8212  1.8063  1.8905  0.703  1.1039  1.6205  1.9092  0.5642  0.1579  0.5012  0.5572  1.7279  0.3644  4.0567  1.1055  1.091  0.2646  0.9988  2.219  0.464  1.403  0.146  1.026  
trainID = 1729  0.8593  2.3374  1.861  1.773  0.6524  0.859  2.8153  0.6672  3.6291  2.9316  0.0723  0.1425  1.5777  0.959  3.42  1.297  0.8256  0.2225  0.3628  2.6768  6.614  2.6476  2.4563  1.7539  2.8538  3.0846  1.0793  0.0924  0.1814  1.152  2.4329  0.9191  2.0894  0.4804  1.9244  1.5067  0.2102  0.296  2.2455  1.1975  2.5093  0.435  1.2439  2.5545  1.1801  4.43  1.074  2.548  0.7949  
trainID = 1818  1.2387  0.9585  0.254  1.894  33.1841  1.1783  6.3957  3.1294  0.6854  0.2854  0.0491  1.324  0.3287  2.53  2.2013  1.5721  1.4918  9.7934  20.1469  4.1719  5.2581  5.3117  0.7079  3.4249  3.622  2.8239  2.1703  1.972  1.4019  0.3156  2.5348  3.0078  2.2898  3.1248  0.3803  3.806  0.3243  1.1477  0.4004  0.149  5.1393  5.1642  2.688  1.6657  0.563  0.647  0.4084  
trainID = 1824  1.3355  0.5594  1.325  1.905  0.3033  0.5593  1.9173  0.192  4.799  5.402  0.0247  0.8217  0.3944  1.388  1.4646  2.486  0.7252  0.5544  0.2068  8.636  7.1848  0.4022  2.7919  2.4868  1.5217  2.164  0.7338  0.5378  0.1779  0.2645  1.7369  4.3162  1.7881  3.9384  1.8808  2.1349  1.2577  0.782  0.4966  1.5027  0.1533  0.344  3.4953  3.7229  1.642  2.0914  0.046  0.717  0.9158  
trainID = 1913  5.4449  1.1127  2.057  35.2966  0.5077  1.5773  4.1503  4.9083  6.6474  0.0319  3.8734  0.6284  0.9449  2.31  0.6616  2.496  2.5937  0.1784  2.2365  12.8219  23.3768  4.0796  1.2022  2.0092  3.3013  0.6  1.0973  6.3347  0.4122  0.822  2.6989  1.8612  4.4532  3.5838  2.0151  1.7344  3.0725  2.1393  0.5257  0.8184  2.0495  1.5312  3.6132  0.587  1.805  2.0295  
trainID = 1940  0.183  1.6512  1.54  34.5859  0.6614  0.4853  1.0839  3.291  2.4348  0.7107  0.2086  1.5394  0.6482  1.141  4.6689  3.337  0.4359  1.0902  0.856  26.8399  8.9907  6.7236  4.7521  0.834  2.0963  1.269  1.1163  2.0499  0.1204  1.478  2.6659  4.1819  1.2029  2.5672  1.3733  2.1844  2.7423  2.7875  0.9699  2.622  0.4184  1.0501  0.4153  0.832  0.347  1.9434  
trainID = 1982  4.3822  2.535  1.567  34.6167  2.6131  2.2393  4.2013  6.1693  6.1023  1.0276  1.3591  2.2604  2.5942  4.1706  0.8532  4.2785  0.1041  2.9484  3.4027  15.7606  19.7817  0.8311  3.7094  0.4313  5.9977  2.728  0.6251  4.4921  2.8698  0.2528  2.2009  3.8945  5.0962  1.3737  0.6638  0.0438  3.3399  1.166  2.3702  0.3346  2.1265  1.924  3.2618  1.899  2.583  0.8829  
trainID = 2101  0.597  0.1781  0.27  33.8725  0.347  0.0627  1.3873  5.0605  2.8345  0.1346  1.295  2.0461  0.6296  2.113  0.8772  3.593  0.9939  3.3595  1.7328  23.9292  12.456  7.2186  1.2502  0.0765  4.8378  0.31  0.7338  5.5477  3.2457  0.136  2.9219  5.8698  2.4094  2.869  0.32  1.5751  2.8826  0.654  2.6682  0.2416  0.485  1.5238  4.4711  0.387  2.071  2.2377  
trainID = 2108  1.433  1.44  1.642  0.69  0.481  3.0963  2.1523  2.2721  2.198  0.7681  1.201  3.0585  1.0109  2.318  4.4911  4.4249  2.9123  1.0959  2.35  3.9669  2.9074  1.2768  0.8279  0.0237  0.6235  0.0887  1.1325  0.1873  2.6585  2.1768  4.0505  1.7946  2.9377  3.7404  0.464  1.6112  3.1545  0.5359  0.665  1.0186  0.7148  0.6149  1.9502  0.041  2.679  0.0057  
trainID = 2257  4.7933  2.1164  1.921  33.2083  3.149  2.5493  3.1233  5.9261  7.0744  1.5175  0.5549  0.0454  0.2056  3.7715  0.2407  3.7213  2.382  3.8386  0.6447  14.2076  21.0207  3.3824  2.3698  6.3223  3.1127  3.2959  0.8425  3.8577  2.7669  1.972  2.3349  2.1395  2.9412  4.6946  0.3894  1.4298  2.7367  2.3034  0.8842  0.6462  3.3573  0.6201  3.5889  2.0555  0.117  0.9677  
trainID = 2266  1.1407  1.1883  0.844  1.674  0.6262  0.4153  2.4273  1.6436  0.3355  1.2999  0.1103  0.0627  0.9777  0.145  3.1153  2.718  1.5983  2.2018  2.3822  4.422  7.9002  5.8577  1.099  2.9189  0.357  0.6497  0.838  2.2059  4.8455  0.2094  2.2575  1.175  1.8049  2.7693  2.6297  0.9192  2.3458  2.7768  0.25  0.6539  0.4032  2.774  1.7977  0.74  1.24  0.3923  
trainID = 2475  1.5501  2.5071  1.036  1.049  0.1099  4.8586  4.194  0.8976  1.7904  0.3706  3.3338  1.486  4.7323  2.9171  6.7595  1.4219  6.8626  16.7548  3.9199  1.3903  5.6234  1.0248  2.3  2.5591  0.3547  1.1226  0.447  1.0939  0.7955  1.8256  4.3497  3.3499  0.3553  0.5639  4.6167  2.5228  0.556  0.585  1.24  1.9199  4.5817  0.6768  0.4855  0.699  0.277  0.7291  
trainID = 2679  35.7639  0.983  1.6264  3.1708  5.7143  1.5282  5.8105  2.8977  2.5819  4.2869  0.6292  0.913  1.7461  1.128  1.8819  2.0494  1.134  0.2194  7.1143  5.2241  2.1525  5.5905  3.4133  1.293  3.2074  1.5281  1.6067  0.286  1.5469  2.0437  1.7186  3.2335  0.0186  2.5407  1.2885  3.6673  2.3934  0.0663  2.6354  0.46  2.3656  0.2867  2.447  2.1286  2.5551  3.3455  2.8629  
trainID = 2742  0.9257  1.802  3.0987  35.7363  1.3199  1.6143  2.5613  2.0934  4.773  0.0999  1.543  0.0499  0.7453  2.532  0.3586  4.8154  3.1067  1.8055  0.5047  19.8835  16.1033  1.0165  0.3783  1.5244  5.0196  0.34  2.1572  3.6641  4.9885  0.948  2.5819  3.8016  2.9107  1.884  1.6031  0.5456  4.6164  0.425  0.1799  1.5879  0.2918  2.317  3.777  0.743  0.976  0.5011  
trainID = 2804  0.45  1.2103  1.004  0.193  1.6218  3.1834  3.9363  2.1412  0.4174  1.5557  2.1925  2.1555  3.58  1.164  3.5762  2.465  0.6436  0.6393  1.8904  6.0543  2.5121  1.8096  0.8025  2.3852  3.3894  0.1938  1.4767  0.9312  0.5954  0.8866  2.5127  1.396  0.2241  2.9972  0.387  1.2834  3.8814  2.3653  0.747  1.6782  0.3939  4.155  1.0471  2.5483  1.102  0.7973  
trainID = 2810  2.2672  3.9153  3.0583  32.9278  4.0251  0.1623  2.9403  3.7185  6.2276  2.1574  1.4617  0.884  3.262  2.484  1.0804  3.8334  4.4302  3.1743  2.3834  14.5325  19.3497  0.2278  3.1973  3.7027  2.9497  2.3  1.7659  4.0674  1.5977  2.115  2.4289  3.7579  6.9924  3.0365  0.0074  2.8705  2.895  0.936  0.548  0.2995  0.8354  0.1428  2.6195  0.864  3.0845  1.8751  
trainID = 2866  6.126  0.5382  0.352  34.3823  0.4315  2.7583  2.5683  4.933  4.3007  0.8302  0.6548  0.4674  3.9753  3.8715  0.8996  5.9357  1.6893  1.2423  1.224  14.7351  19.8542  1.0508  3.8752  0.0404  4.0588  3.7118  1.2866  3.9006  0.7078  0.766  1.7539  3.7732  3.9775  5.4846  0.7507  2.1335  2.3727  1.8777  0.0418  0.9665  2.4322  3.547  4.4319  2.6999  1.349  0.4934  
trainID = 2898  1.304  1.3617  1.533  35.2732  2.4863  3.8273  2.4163  3.4896  5.4724  2.794  0.7289  1.5232  0.4461  4.1042  0.8201  4.2892  1.4238  2.6229  0.9843  17.7409  15.2123  0.6268  1.5613  2.7743  4.9075  0.63  1.3533  1.9942  1.4811  1.871  0.6522  1.896  3.1913  0.9389  0.0145  1.4344  1.9968  0.377  1.2912  0.2146  1.2176  4.407  3.3007  1.242  1.134  1.313  
trainID = 2920  3.3244  1.4424  2.093  36.7936  1.8338  2.0683  0.9601  4.0611  5.4901  1.8226  1.2073  2.1786  4.3663  4.9729  1.9901  5.9921  2.6819  3.2423  2.4012  17.4737  20.6059  0.1928  4.8375  1.9223  8.2739  2.553  0.5038  4.6494  3.4959  1.193  3.9009  4.8145  2.2551  3.7304  1.9495  1.8075  4.045  1.171  2.0172  0.7177  2.0488  2.989  4.5821  2.034  1.101  1.4881  
TrainID = 1726  dbValue = 1.3705  nTestCell = 49  nTrainCell = 46  nDiff = 3  (X,Y) = (1725, 1835)  Position Error = 39
TrainID = 581  dbValue = 1.46403  nTestCell = 49  nTrainCell = 46  nDiff = 3  (X,Y) = (1735, 1855)  Position Error = 43.6005
TrainID = 426  dbValue = 1.50879  nTestCell = 49  nTrainCell = 46  nDiff = 3  (X,Y) = (1745, 1845)  Position Error = 29.6816
TrainID = 580  dbValue = 1.53299  nTestCell = 49  nTrainCell = 46  nDiff = 3  (X,Y) = (1755, 1865)  Position Error = 45.3982
TrainID = 586  dbValue = 1.65182  nTestCell = 49  nTrainCell = 49  nDiff = 0  (X,Y) = (1815, 1855)  Position Error = 64.3506
TrainID = 1048  dbValue = 1.66496  nTestCell = 49  nTrainCell = 46  nDiff = 3  (X,Y) = (1735, 1865)  Position Error = 51.9711
TrainID = 666  dbValue = 1.66915  nTestCell = 49  nTrainCell = 46  nDiff = 3  (X,Y) = (1745, 1785)  Position Error = 38.4838
TrainID = 1729  dbValue = 1.67201  nTestCell = 49  nTrainCell = 49  nDiff = 0  (X,Y) = (1795, 1865)  Position Error = 56.4004
TrainID = 2108  dbValue = 1.75833  nTestCell = 49  nTrainCell = 46  nDiff = 3  (X,Y) = (1695, 1815)  Position Error = 66.1891
TrainID = 1824  dbValue = 1.75973  nTestCell = 49  nTrainCell = 49  nDiff = 0  (X,Y) = (1805, 1825)  Position Error = 44.2832
TrainID = 2266  dbValue = 1.76388  nTestCell = 49  nTrainCell = 46  nDiff = 3  (X,Y) = (1745, 1785)  Position Error = 38.4838
TrainID = 1117  dbValue = 1.78391  nTestCell = 49  nTrainCell = 49  nDiff = 0  (X,Y) = (1795, 1785)  Position Error = 48.7955
TrainID = 2804  dbValue = 1.79505  nTestCell = 49  nTrainCell = 46  nDiff = 3  (X,Y) = (1695, 1855)  Position Error = 74.7061
TrainID = 921  dbValue = 1.86655  nTestCell = 49  nTrainCell = 46  nDiff = 3  (X,Y) = (1695, 1855)  Position Error = 74.7061
TrainID = 865  dbValue = 1.93947  nTestCell = 49  nTrainCell = 46  nDiff = 3  (X,Y) = (1685, 1845)  Position Error = 80.0062
TrainID = 399  dbValue = 2.15209  nTestCell = 49  nTrainCell = 49  nDiff = 0  (X,Y) = (1845, 1825)  Position Error = 84.1487
TrainID = 1237  dbValue = 2.19122  nTestCell = 49  nTrainCell = 49  nDiff = 0  (X,Y) = (1765, 1755)  Position Error = 65.123
TrainID = 977  dbValue = 2.21671  nTestCell = 49  nTrainCell = 49  nDiff = 0  (X,Y) = (1835, 1795)  Position Error = 78.1089
TrainID = 1648  dbValue = 2.24159  nTestCell = 49  nTrainCell = 49  nDiff = 0  (X,Y) = (1845, 1835)  Position Error = 85.3288
TrainID = 1078  dbValue = 2.3851  nTestCell = 49  nTrainCell = 46  nDiff = 3  (X,Y) = (1855, 1855)  Position Error = 100.305
TrainID = 2475  dbValue = 2.44775  nTestCell = 49  nTrainCell = 46  nDiff = 3  (X,Y) = (1865, 1855)  Position Error = 109.731
TrainID = 1491  dbValue = 3.03779  nTestCell = 49  nTrainCell = 47  nDiff = 2  (X,Y) = (1865, 1825)  Position Error = 104.12
TrainID = 2679  dbValue = 3.04436  nTestCell = 49  nTrainCell = 47  nDiff = 2  (X,Y) = (1815, 1895)  Position Error = 92.4175
TrainID = 643  dbValue = 3.12503  nTestCell = 49  nTrainCell = 47  nDiff = 2  (X,Y) = (1845, 1865)  Position Error = 95.2943
TrainID = 1940  dbValue = 3.15492  nTestCell = 49  nTrainCell = 46  nDiff = 3  (X,Y) = (1795, 1745)  Position Error = 82.3468
TrainID = 1547  dbValue = 3.2418  nTestCell = 49  nTrainCell = 46  nDiff = 3  (X,Y) = (1825, 1775)  Position Error = 78.2368
TrainID = 1818  dbValue = 3.26088  nTestCell = 49  nTrainCell = 47  nDiff = 2  (X,Y) = (1885, 1835)  Position Error = 124.904
TrainID = 1696  dbValue = 3.27409  nTestCell = 49  nTrainCell = 46  nDiff = 3  (X,Y) = (1885, 1795)  Position Error = 126.495
TrainID = 2898  dbValue = 3.29727  nTestCell = 49  nTrainCell = 46  nDiff = 3  (X,Y) = (1835, 1775)  Position Error = 86.6083
TrainID = 987  dbValue = 3.32335  nTestCell = 49  nTrainCell = 46  nDiff = 3  (X,Y) = (1855, 1755)  Position Error = 114.285
TrainID = 2742  dbValue = 3.35328  nTestCell = 49  nTrainCell = 46  nDiff = 3  (X,Y) = (1845, 1745)  Position Error = 112.61
TrainID = 2101  dbValue = 3.36333  nTestCell = 49  nTrainCell = 46  nDiff = 3  (X,Y) = (1805, 1735)  Position Error = 95.7131
TrainID = 1177  dbValue = 3.36395  nTestCell = 49  nTrainCell = 46  nDiff = 3  (X,Y) = (1845, 1765)  Position Error = 100.404
TrainID = 1401  dbValue = 3.41473  nTestCell = 49  nTrainCell = 46  nDiff = 3  (X,Y) = (1855, 1775)  Position Error = 104.216
TrainID = 355  dbValue = 3.45731  nTestCell = 49  nTrainCell = 46  nDiff = 3  (X,Y) = (1835, 1735)  Position Error = 112.699
TrainID = 1661  dbValue = 3.51567  nTestCell = 49  nTrainCell = 46  nDiff = 3  (X,Y) = (1835, 1715)  Position Error = 128.456
TrainID = 1099  dbValue = 3.57863  nTestCell = 49  nTrainCell = 46  nDiff = 3  (X,Y) = (1865, 1725)  Position Error = 140.858
TrainID = 588  dbValue = 3.65594  nTestCell = 49  nTrainCell = 46  nDiff = 3  (X,Y) = (1875, 1795)  Position Error = 116.709
TrainID = 1913  dbValue = 3.65722  nTestCell = 49  nTrainCell = 46  nDiff = 3  (X,Y) = (1895, 1755)  Position Error = 148.933
TrainID = 2866  dbValue = 3.67942  nTestCell = 49  nTrainCell = 46  nDiff = 3  (X,Y) = (1865, 1725)  Position Error = 140.858
TrainID = 2810  dbValue = 3.7694  nTestCell = 49  nTrainCell = 46  nDiff = 3  (X,Y) = (1875, 1755)  Position Error = 131.229
TrainID = 809  dbValue = 3.77788  nTestCell = 49  nTrainCell = 46  nDiff = 3  (X,Y) = (1905, 1745)  Position Error = 162.361
TrainID = 1465  dbValue = 3.78802  nTestCell = 49  nTrainCell = 46  nDiff = 3  (X,Y) = (1865, 1745)  Position Error = 128.222
TrainID = 2257  dbValue = 3.8074  nTestCell = 49  nTrainCell = 46  nDiff = 3  (X,Y) = (1895, 1765)  Position Error = 144.848
TrainID = 1982  dbValue = 3.87099  nTestCell = 49  nTrainCell = 46  nDiff = 3  (X,Y) = (1865, 1715)  Position Error = 147.787
TrainID = 954  dbValue = 3.876  nTestCell = 49  nTrainCell = 46  nDiff = 3  (X,Y) = (1875, 1725)  Position Error = 148.395
TrainID = 1709  dbValue = 3.97585  nTestCell = 49  nTrainCell = 46  nDiff = 3  (X,Y) = (1875, 1735)  Position Error = 142.201
TrainID = 2920  dbValue = 4.24511  nTestCell = 49  nTrainCell = 46  nDiff = 3  (X,Y) = (1875, 1715)  Position Error = 154.987
