trainID = 134  4.1024  3.9426  3.5467  0.9729  2.6319  2.8251  35.7045  3.7633  1.531  1.8495  7.4789  8.4397  8.2275  2.989  7.2164  9.307  2.2765  1.1609  0.0071  12.7887  5.5962  5.345  6.0142  4.9855  1.9857  1.2504  8.0044  1.0645  7.8698  0.067  3.3691  3.1056  3.1748  1.864  0.92  0.097  3.191  
trainID = 139  1.8299  4.9735  0.554  1.862  1.7231  0.9725  2.492  1.0294  2.5164  3.877  8.1215  5.069  4.3009  0.7873  2.2661  1.1244  3.7951  1.7353  4.3164  3.2914  2.5981  7.217  7.6811  7.6455  7.185  2.5279  1.9402  3.4796  0.1316  0.637  4.7655  8.7346  0.0858  0.6363  0.7478  2.0861  1.9811  34.1033  
trainID = 143  1.2881  3.9307  0.652  3.618  1.1421  2.1037  0.1892  1.2868  2.2687  1.58  6.3345  5.1762  3.8688  0.8039  0.996  1.394  0.9546  0.3935  0.014  4.0476  10.0678  5.6416  13.256  2.5974  2.9541  4.106  0.8822  0.9586  2.4856  4.2698  6.381  2.2125  1.8621  1.103  5.3768  0.5179  33.5793  
trainID = 144  1.073  4.6336  4.0834  0.165  3.201  0.2767  2.5837  0.7341  1.4908  5.1585  5.5865  7.757  0.8145  1.167  0.2851  0.3159  5.2081  4.6023  4.0834  0.6475  3.9892  9.9119  6.5755  8.5385  6.6908  2.9594  1.7747  1.4864  1.2361  1.8322  1.9655  7.2479  3.6004  0.846  2.3751  4.0707  0.8111  31.9964  
trainID = 154  0.931  5.442  1.2036  0.398  1.3214  2.9121  0.5547  1.7023  2.6541  3.2123  13.1148  5.1949  0.1091  0.332  2.1305  5.599  0.9486  2.6163  5.8344  6.9193  4.443  7.4886  0.6746  0.5565  2.0027  2.7112  4.5582  4.619  2.4948  0.095  0.3085  2.621  1.1272  0.7634  0.125  0.383  1.5084  
trainID = 164  0.5361  3.0191  3.7258  1.6033  1.3661  1.7244  33.8638  0.3298  3.8095  3.2116  0.6406  0.7986  2.4168  4.5113  5.1631  2.8936  0.2943  0.0104  0.5095  2.8179  1.5595  4.3753  2.4794  2.3236  5.6131  0.204  0.2228  1.9721  2.6261  4.1094  1.8987  0.2258  2.4364  0.4264  1.026  2.4487  1.3674  0.599  
trainID = 172  4.6958  4.1845  0.136  0.5531  0.5657  0.1541  0.1668  1.3647  4.2829  11.3977  11.2348  1.4267  0.8316  5.8841  2.4734  2.807  2.2623  1.8214  4.5861  4.9975  7.8405  2.8562  4.8479  4.5891  6.0283  0.2359  4.4841  0.889  1.856  1.6557  4.7366  2.8541  0.8138  2.0575  2.7833  0.1472  
trainID = 174  3.0171  1.7226  1.453  1.576  3.1601  0.0139  33.027  2.2081  4.867  1.8718  2.7874  3.032  3.84  8.9986  3.0454  2.8186  1.8665  2.9588  1.2937  8.1916  3.2637  0.5485  2.8708  5.9089  3.8826  0.777  2.3428  2.1815  1.1085  3.0271  1.5802  1.395  0.5915  2.2955  0.476  2.3621  0.5214  34.378  
trainID = 178  5.4221  1.6142  1.9405  37.5391  33.0102  7.8072  11.3553  0.3641  5.5288  5.8136  8.6827  6.6876  5.2303  3.1193  1.4978  0.5993  2.0556  7.6783  11.1141  5.3388  2.4843  13.0749  12.4056  0.43  1.8579  6.4842  2.2289  7.4309  5.4721  3.6732  4.3891  7.7276  1.8339  2.1891  1.407  36.1562  
trainID = 192  0.982  3.3392  0.9616  2.8584  1.908  0.8799  1.1435  0.02  1.3653  0.4469  1.0783  6.2577  2.0798  4.462  3.3851  3.8919  2.3564  2.4655  2.0063  1.6154  5.4555  4.1624  1.5381  1.1963  1.222  1.5243  0.529  1.0204  0.7165  3.2712  2.9633  0.6516  0.4521  2.3991  0.7399  0.241  1.7656  1.0132  
trainID = 194  3.2635  3.484  0.65  1.2814  1.6236  1.669  0.626  3.1795  0.9602  4.0679  9.4541  10.0239  3.2074  2.3876  3.0037  1.1809  2.1146  4.2973  3.9774  3.5314  2.9475  10.077  6.3583  8.1897  8.9203  3.7271  1.1069  0.538  0.864  1.5248  3.7706  4.8856  0.4146  0  2.5589  1.5278  1.1302  
trainID = 203  0.896  0.3918  1.7305  2.2277  3.968  0.2486  1.8737  33.4515  0.9786  5.2076  1.0815  2.0144  0.8571  0.2395  5.7769  2.7914  0.0497  1.066  1.6641  0.2521  2.1009  1.607  1.2397  1.2883  4.2152  2.0336  0.265  0.3687  3.0595  1.104  3.1582  1.7861  0.1074  0.5641  5.1258  1.112  0.774  3.2722  0.633  
trainID = 204  2.5105  2.8195  0.422  3.651  0.6735  2.4017  0.517  4.0647  0.0168  2.817  0.4853  5.477  3.423  2.7117  1.7275  2.7713  0.9505  2.1203  2.3094  0.859  2.4265  6.2194  6.3959  14.8225  2.2514  0.6834  6.2725  1.3016  1.1496  1.1139  4.46  6.8648  1.6518  2.624  0.262  4.4638  4.0095  33.8171  
trainID = 205  0.6544  2.6133  0.183  0.9661  1.2486  0.2957  2.1098  1.5565  2.3638  0.2993  0.6022  1.6751  1.7959  2.8213  1.8238  1.3324  2.0783  4.2294  1.9549  3.9129  5.1923  0.435  1.3388  1.4079  1.2602  0.8826  1.3275  3.7963  1.5364  0.9297  1.0493  2.3619  1.82  0.58  0.742  4.1054  
trainID = 210  0.129  0.6668  3.3739  3.4467  2.881  2.0809  0.2342  36.1359  3.9287  4.0141  0.3495  0.1631  4.4369  1.0485  6.6456  8.5461  2.1148  1.7243  0.389  0.933  11.4274  0.5667  7.2555  4.1967  2.9836  4.737  0.58  3.9992  3.0121  5.7381  0.836  2.3902  2.1993  2.8289  0.1068  0.6025  1.8889  3.9138  
trainID = 216  1.143  8.5714  1.5473  7.1991  4.7525  5.3699  4.5408  0.997  3.5605  0.846  2.0309  36.7197  0.9077  17.9959  2.7215  7.4243  9.3572  3.851  3.7053  3.0044  9.4088  3.794  1.302  3.8752  4.6644  1.5806  0.6916  6.2402  0.7851  5.1862  1.655  0.0016  2.287  4.4654  0.7758  1.6  1.101  3.509  
trainID = 220  1.248  6.0642  4.0372  3.0568  1.2649  3.2378  4.2806  2.384  3.5756  1.6976  1.1455  16.6174  3.2569  1.593  1.1667  2.244  6.8746  4.1512  1.1026  1.9334  4.3688  3.9287  6.8895  1.4556  3.0435  2.2121  1.0418  2.6344  1.0365  3.8765  0.324  2.2947  1.984  3.0575  0.4026  1.6887  1.4766  3.3513  
trainID = 226  5.2528  1.7664  0.537  2.453  0.4668  0.4277  34.0654  1.3228  11.1368  1.5747  1.2294  1.0451  5.0783  5.2671  4.538  1.4489  2.7679  2.7416  2.0612  8.6661  5.8177  17.3058  4.8692  3.4625  9.0142  0.9094  1.7573  4.8923  4.5151  2.739  6.4839  2.6227  1.8133  4.3653  2.072  0.271  3.5033  
trainID = 229  2.3229  3.2158  1.7767  1.4419  1.6848  1.8407  1.6318  2.7402  1.4001  4.9324  6.1778  2.1201  2.1396  0.458  1.3151  4.1358  4.2273  1.2775  1.7824  4.2428  8.7206  4.4773  4.253  5.1874  3.1149  1.5042  2.0475  1.1582  0.436  1.2602  1.7229  0.0562  3.6003  2.8364  2.5652  1.0668  0.12  
trainID = 231  7.322  0.1962  0.072  2.329  1.6591  1.2107  34.398  5.3551  11.5768  0.3245  6.4791  4.6259  7.3188  4.8948  6.4924  4.45  1.1364  0.1748  2.9498  19.661  13.8586  13.5117  3.5633  7.7628  9.6838  1.516  2.1763  7.127  0.7815  3.3381  4.7183  1.5819  3.4566  7.0187  0.03  0.732  4.2595  36.0096  
trainID = 236  4.6423  4.7818  0.443  0.5895  0.5347  0.6783  1.2851  2.7624  4.9505  8.1848  14.5555  3.8175  0.6327  3.0493  3.2177  3.8536  3.9543  3.4794  3.8601  6.0418  11.4486  6.1025  10.13  9.4548  5.6  1.2728  4.5851  1.1133  2.038  4.6173  7.0708  2.1756  2.7509  3.4365  3.0743  1.8215  
trainID = 237  4.5076  4.787  1.1725  1.4676  0.5543  2.3976  0.839  0.7686  3.0636  2.8579  11.5088  8.7649  0.6796  1.1372  1.248  2.4723  2.7124  2.9263  1.8154  4.55  3.9354  9.2425  1.1879  6.395  4.2077  1.8628  3.5432  4.018  2.6234  1.475  5.4339  4.7484  3.6754  3.3786  2.0963  1.211  1.6875  1.137  
trainID = 240  4.0328  2.4035  0.033  1.6723  0.9291  1.9366  2.128  1.4499  1.5717  1.8805  7.718  7.9465  1.2796  0.3117  0.4992  0.1483  4.522  0.8074  3.0414  1.0378  5.3816  7.6138  5.3275  6.0503  5.5556  4.1209  0.2953  2.9195  2.6879  0.208  3.8313  6.9236  0.2934  1.0357  1.4225  1.092  0.2985  
trainID = 241  1.654  7.2309  2.3075  4.7546  1.8732  4.471  4.9949  35.3878  4.1554  3.7039  0.0852  10.5354  1.6165  22.3629  4.2781  9.8166  10.339  3.7124  2.5733  0.2802  15.6839  5.8905  6.4688  5.065  4.1893  3.7107  2.549  7.7284  0.8126  7.7488  0.296  3.7929  5.3966  4.1714  2.4482  37.5563  
trainID = 243  0.6547  4.3233  5.6797  0.9089  0.4613  1.3497  35.521  3.7203  3.7619  1.3077  0.5289  1.154  1.3767  5.4267  6.7658  4.4388  1.4477  2.4894  2.1072  12.2621  0.3689  8.1619  5.0912  2.8938  7.6792  0.322  3.662  1.385  6.1667  0.69  5.0166  1.3249  0.1099  1.9622  0.258  0.393  3.9554  
trainID = 244  1.129  4.6944  5.2747  2.545  0.2167  0.6722  0.5427  3.1215  0.4498  0.6209  6.7437  3.5683  0.5566  0.5522  0.6964  1.1754  3.5776  3.5113  2.8454  3.981  2.3367  9.8881  4.105  2.6904  1.958  0.491  2.591  0.2053  3.3278  1.8276  0.4744  3.9835  0.3515  0.3782  1.417  1.6737  0.8605  
trainID = 262  1.0905  1.0136  0.9946  3.147  4.8377  2.8187  1.683  3.8844  6.6579  0.3335  3.8668  6.9145  5.6647  6.7206  3.5174  3.3223  0.9105  2.0319  0.3624  6.2927  4.1932  0.1863  0.228  12.1893  7.4111  1.177  2.673  3.3751  2.8703  3.6223  1.8935  3.7508  0.914  6.6675  0.28  3.0748  2.4987  34.4292  
trainID = 264  0.992  4.7077  0.4823  2.793  0.0909  1.5362  1.5837  0.3732  0.2401  1.0402  2.9599  2.3349  0.803  2.5205  0.3206  0.4172  0.0097  3.6243  3.1004  1.7779  4.5892  7.0245  1.1808  3.6726  2.0183  0.527  2.5536  0.0963  4.3  0.259  1.5445  1.6879  0.0517  0.2332  2.708  0.302  1.7443  1.813  
trainID = 268  1.6802  1.7549  3.366  0.377  2.6912  3.5512  32.9772  1.606  0.2083  2.5067  2.7535  4.8532  0.6741  4.5801  3.9549  4.364  3.4826  0.5668  1.4991  3.8072  3.4438  0.1841  1.9753  0.1011  2.47  1.6804  2.2055  1.1684  2.0827  1.371  0.1003  2.2972  2.4946  1.4898  0.61  0.265  0.6746  1.143  
trainID = 270  0.1796  2.1068  2.7583  1.3776  0.1031  0.7217  1.0309  2.7521  3.8141  0.2369  4.0383  3.3981  3.425  1.327  2.1682  1.6667  0.416  0.2366  0.2601  3.1331  5.5078  4.0638  6.8426  0.8571  1.9111  1.3851  0.3429  0.0591  1.9038  1.6215  0.2858  2.3269  2.226  3.7865  2.6032  0.3725  33.9399  
trainID = 272  0.5305  2.8572  2.7891  0.3368  1.5035  3.5201  33.7466  0.8607  3.5396  0.1462  1.7184  4.0737  1.2783  5.1415  6.7567  1.8257  1.1419  2.4913  1.3092  5.9292  1.9174  6.3247  5.2104  2.1176  2.5848  0.58  4.0662  2.5642  5.6247  0.604  4.9989  1.0129  0.0478  2.6243  2.2962  0.935  0.8174  0.236  
trainID = 274  5.5677  4.6064  3.0418  3.756  0.0169  0.4843  34.6347  3.8602  6.7727  3.0259  0.1804  0.2604  2.1859  5.7245  6.6052  1.4311  2.8181  1.9534  1.4653  11.152  0.2205  12.9828  4.153  0.8402  7.2133  0.527  1.9613  3.3185  6.2936  0.046  4.931  2.028  0.8571  1.9785  0.431  1.215  3.6298  
trainID = 279  4.5025  0.0276  1.0116  2.125  0.1961  1.3452  0.019  2.129  5.8925  1.5999  5.5598  4.8274  4.4678  4.5096  4.8342  2.9332  0.4152  0.5966  1.6534  5.8587  1.5783  1.2373  1.8361  11.1557  4.9965  0.23  3.4455  3.0552  0.1653  2.7796  0.9723  1.1137  2.9455  4.7617  1.2747  1.2943  1.4253  34.8777  
trainID = 280  2.596  8.9673  3.0855  1.9334  1.004  1.3368  2.8621  0.048  0.9362  0.7823  3.1599  15.6138  7.8198  3.6137  0.8215  0.9014  5.4074  4.2135  1.4882  1.2772  6.8181  6.5327  7.2793  1.0543  1.6142  0.6842  2.6682  2.9271  3.2828  3.0303  1.866  2.4531  2.2007  3.2253  3.1502  1.862  0.627  2.0486  
trainID = 281  2.1419  4.5875  0.235  0.2159  1.3993  0.7857  1.361  2.7429  2.7744  1.7524  4.9294  6.1006  5.1209  3.6806  2.1691  3.4279  0.4312  1.7249  0.9988  5.5297  0.5908  3.03  2.3246  12.9965  4.7668  2.6356  5.4441  4.6972  0.7436  2.602  1.9781  1.1367  3.3078  5.5753  1.5791  3.2575  1.4333  36.1331  
trainID = 284  4.8681  1.8263  3.3482  1.0603  1.4177  2.3184  0.548  0.2912  0.6565  1.1812  9.4188  3.4385  3.4362  2.2432  1.2384  4.148  3.2779  2.7413  1.2921  3.5113  3.3488  6.2511  3.7653  3.9945  0.6479  4.1205  2.7994  1.4952  2.0099  0.751  0.8634  0.2167  0.256  0.5919  3.7282  0.657  2.4795  
trainID = 302  0.163  1.2964  2.1035  1.539  0.5129  0.8731  0.1756  0.7234  1.3288  0.3978  1.7425  1.1717  0.8243  1.1267  3.7877  0.156  1.4329  2.5263  0.7026  0.1017  1.6613  3.9159  0.9086  2.0872  0.9352  0.207  0.3782  2.8386  0.6496  1.565  0.533  0.0726  3.6034  3.0362  2.3468  0.578  1.1751  
trainID = 309  5.6302  1.7635  0.957  1.7207  1.6564  2.3147  32.2931  2.4521  7.8515  0.8577  2.5876  3.023  8.0692  5.7379  2.67  4.2118  3.5932  0.3584  0.3851  9.1684  5.3822  2.1252  0.8571  8.7535  5.1541  0.081  0.4496  5.04  0.9843  3.9481  3.157  1.7619  1.6897  5  0.438  0.095  0.2266  34.5569  
trainID = 318  0.077  3.6723  3.6895  3.8467  0.1321  1.7374  1.8929  34.1275  4.4772  1.8152  1.2482  1.9345  3.8727  2.9175  3.9919  5.0575  6.078  0.3149  1.3028  0.5608  8.5064  1.2993  4.1917  4.8931  1.8485  5.149  0.584  4.3068  0.5308  7.3685  0.208  2.1707  2.7414  3.9094  0.7554  1.031  0.125  3.9001  
trainID = 362  1.196  3.6876  3.1063  6.1333  4.1499  4.9382  4.9829  38.1881  3.313  5.6417  1.6176  11.1999  2.5751  24.7884  2.6703  8.5724  11.913  7.7713  2.1443  0.557  13.3044  7.0403  2.9948  4.1801  4.0876  4.1485  0.458  8.8554  0.1961  8.7878  3.462  1.549  5.7106  1.5774  1.5953  36.9523  
trainID = 368  0.247  4.9386  5.2258  1.716  0.0861  0.3365  1.7414  1.3507  3.9427  4.3062  15.4121  10.9979  1.1081  0.9606  2.4289  6.0936  3.6788  3.6733  4.4264  6.4967  7.7205  10.4978  2.4828  5.1614  1.3989  4.9809  2.4426  3.5877  3.7466  2.816  4.1281  6.4387  2.1591  1.5479  3.672  0.753  0.8544  
trainID = 375  3.2482  2.0933  1.2982  1.1186  2.3792  0.3617  32.2134  0.4625  7.5397  0.8095  2.2265  0.3896  4.7934  7.0676  5.5861  2.7598  4.2452  2.7634  1.1406  0.253  4.4897  10.5096  1.8145  3.7941  3.6166  0.491  0.0638  2.7793  2.0559  3.0185  3.7541  2.1338  0.5009  4.6808  0.055  0.081  3.2964  
trainID = 377  1.9771  2.2152  0.342  2.644  0.1176  0.7177  0.9796  3.2557  7.4455  5.0698  9.6814  4.306  3.2261  0.4314  0.7632  3.7099  2.9643  0.7363  1.5935  2.7117  9.071  8.2716  8.88  11.2078  4.7085  7.0451  0.2721  0.3316  0.079  4.0871  8.153  0.784  0.2221  4.1442  3.2662  2.8971  36.7792  
trainID = 384  0.9175  2.9651  0.775  3.715  1.3197  3.4647  4.3264  0.3166  5.2925  0.3552  10.7479  7.0161  4.9073  1.5267  0.533  2.256  2.8903  2.6554  0.6298  3.8809  5.8119  7.2096  25.5715  6.6978  4.295  8.0639  3.6694  0.057  3.1437  5.0808  10.4234  4.4122  4.0039  5.5815  4.3046  0.587  36.0856  
trainID = 401  1.749  4.6732  0.79  2.981  0.4881  0.9535  2.1436  0.1736  1.6689  3.4754  6.4796  3.273  3.2956  1.5397  1.7336  0.6671  2.8323  0.1836  1.8393  0.8103  8.829  5.8333  11.1705  4.4024  1.3586  2.3483  2.6391  3.4482  2.0828  4.3672  6.9094  1.3893  0.4726  2.2093  2.3488  1.747  33.9717  
trainID = 403  2.2367  0.8866  0.619  2.251  0.7548  0.1904  0.654  0.848  1.1185  1.0752  2.2218  2.7657  2.3783  3.8475  0.3329  1.2465  2.0365  1.248  0.9376  1.3078  0.1383  7.3193  1.9321  2.9066  1.5776  1.1255  0.8444  0.3602  1.2709  0.499  0.3048  3.7555  1.1086  1.8264  1.3318  3.5784  2.7762  1.003  
trainID = 406  2.7792  2.3149  3.066  4.44  1.9524  0.9587  5.2514  4.4148  2.2126  7.7245  8.1552  8.9227  4.504  2.152  3.0721  0.0792  4.4383  3.2114  1.7124  0.4785  3.5662  2.28  21.0104  11.0322  0.8031  6.6171  5.8162  4.1316  2.2409  3.6396  7.4707  2.8618  5.2217  5.4105  4.5705  1.5883  35.6425  
trainID = 421  3.3992  1.9425  4.3858  2.362  0.0389  2.1856  34.4079  2.9005  3.6142  2.1184  3.0709  3.8361  1.8269  5.7242  5.8798  4.4329  2.1966  0.6883  0.4856  2.7876  1.121  4.0514  1.1972  0.248  3.3064  0.242  2.352  0.8484  3.2245  2.3169  2.0118  0.8756  0.1928  1.5059  0.529  1.9224  1.5278  0.008  
trainID = 437  1.5992  4.4534  4.8992  1.6082  1.6603  0.3728  34.1931  5.8805  4.9009  2.8588  0.932  1.6299  0.1841  5.2149  6.6167  5.6238  0.181  0.8419  2.1536  12.019  2.052  12.1194  6.5787  2.4483  4.5811  1.337  3.7378  2.0151  7.4009  3.1314  5.2209  2.6066  0.0578  1.4562  2.846  1.822  2.955  1.712  
trainID = 438  0.2434  2.5961  1.488  0.1334  1.0047  3.6487  2.8477  1.1574  1.5895  1.8798  7.1654  7.268  1.2234  0.8279  0.8533  1.2741  2.7343  2.3414  0.418  2.77  10.3703  8.6493  17.0568  4.403  2.5251  5.6624  3.2339  0.4423  0.932  4.1115  6.6715  1.1776  0.4504  2.1886  3.4232  1.3275  32.9016  
trainID = 446  0.084  1.1045  1.6124  0.9304  1.6245  0.7789  0.5337  33.6003  0.0845  3.0584  1.8123  1.6117  2.4899  2.6047  3.6695  5.5823  0.9432  0.4987  2.85  0.552  1.4913  1.0868  0.9514  4.3953  0.569  0.8678  0.334  1.4536  2.8084  3.3536  0.596  4.5818  0.2289  0.3188  2.038  0.582  1.4097  2.0024  
trainID = 456  4.5805  6.0998  0.211  1.3578  2.9353  2.333  2.3045  3.1145  5.1995  7.8205  15.8682  5.2311  1.6835  4.7809  2.0396  2.463  5.1813  3.8644  4.6675  5.4384  11.7802  11.7023  15.6606  10.5625  4.8675  6.5084  2.9823  2.4652  3.948  7.2972  6.7423  0.6419  0.7343  4.6783  4.0784  1.6251  31.2383  
trainID = 465  1.2792  2.8364  2.1251  2.067  1.2174  0.5567  35.5602  0.7976  0.832  0.333  0.8741  1.6792  2.1292  4.3199  3.2936  0.2695  1.4474  0.7543  0.2546  0.0831  0.3223  2.449  0.9579  0.8635  1.6076  0.162  0.8218  1.8315  3.1967  2.7953  2.2586  1.2725  1.2121  3.1011  0.335  0.011  0.1897  0.396  
trainID = 467  0.104  3.4804  4.364  2.7402  0.9363  0.6316  1.6767  36.5754  4.7609  7.1459  1.6484  1.392  0.5031  1.4323  5.881  6.6468  2.8554  1.5764  1.8262  2.2676  12.1467  0.9988  10.4606  2.6333  3.3071  3.6428  0.942  3.8006  2.0082  5.7727  0.272  2.5699  0.7881  2.5907  1.4934  1.6424  0.385  3.8573  
trainID = 469  5.2287  4.7998  3.1593  2.52  1.2704  1.4987  35.5048  1.4642  7.193  2.147  5.5744  1.9895  2.238  6.164  5.1584  0.8091  0.123  1.4559  0.9295  0.401  5.4046  10.2006  3.9973  3.3233  7.7647  2.971  0.0349  4.4582  0.8586  2.9741  5.6272  2.328  2.2012  3.6716  0.8305  1.6458  4.9075  0.445  
trainID = 471  0.492  0.8579  1.392  0.8577  0.58  1.6327  1  1.304  1.2904  2.7024  5.2103  5.7638  2.2203  1.7289  1.308  1.9314  2.601  1.4889  1.0015  2.7053  2.409  4.9491  5.2345  5.5282  2.8062  3.6382  0.5727  3.5376  1.187  0.188  1.0346  4.0184  0.2478  2.7054  1.7933  2.7562  2.0586  32.1215  
trainID = 474  0.4138  1.4925  0.272  3.052  0.233  0.2937  32.5151  1.5857  4.0957  0.9546  3.576  2.9936  5.7267  6.2072  2.5793  4.9472  1.0629  1.1677  0.1129  5.7417  3.6851  2.4818  1.2378  10.7416  5.6798  0.357  1.9704  3.0294  1.5523  3.1468  1.8232  3.0308  2.3494  3.0052  3.7038  4.414  0.7127  35.1451  
trainID = 477  0.9082  0.1092  0.223  2.676  1.1987  2.1457  5.0561  2.7811  2.7106  4.2254  6.1967  6.8992  4.7746  2.7488  3.3171  0.9667  0.0363  3.9904  1.9515  0.216  5.9446  2.2252  14.057  3.6014  1.1882  3.6161  2.0509  2.3706  2.8045  0.9414  3.8417  0.083  5.7055  0.9738  2.3827  0.3163  38.5657  
trainID = 489  3.3986  0.024  4.0692  0.6047  5.9441  4.3228  1.321  0.6124  0.4326  0.1957  8.0193  4.8726  6.474  2.0481  1.8142  5.3969  3.9784  0.6845  1.048  8.3875  3.3238  1.035  0.3194  1.1054  3.3314  2.1485  5.061  0.5337  5.4243  0.795  0.1489  0.6248  3.2138  1.0814  2.627  0.823  1.2866  
trainID = 493  0.528  7.4201  2.4979  2.4665  2.6044  5.6387  2.4692  1.318  1.5413  1.1159  1.7579  15.1325  3.1883  7.0015  2.0221  2.0678  8.2745  4.7082  3.0173  1.26  8.8402  5.8085  2.6877  1.1158  0.0213  0.9822  0.8659  5.7458  1.6523  3.9964  2.664  1.1131  0.0711  2.2417  1.0044  0.009  0.373  3.5706  
trainID = 497  0.8432  4.6721  0.216  0.4852  0.995  2.3387  2.3865  0.6451  6.5705  1.2575  7.5765  6.9536  4.89  0.5328  1.7368  0.7993  2.4213  2.9304  1.5249  3.7012  6.2647  5.3853  14.1532  0.3126  3.3185  5.7104  0.3047  1.4573  2.5191  1.6246  3.4955  1.713  3.2821  5.1629  3.196  1.6285  35.4957  
trainID = 502  9.249  0.7324  3.896  38.1511  29.8219  6.5087  12.8876  4.3985  9.0912  4.7559  7.609  6.3916  8.8353  4.7782  1.0717  3.6227  2.3537  2.5542  18.5431  1.2286  3.6174  14.6523  19.4189  2.272  3.1271  7.6947  4.0095  3.3652  3.1752  5.0611  4.6081  9.1585  2.458  3.1184  2.0859  33.4158  
trainID = 505  6.6577  2.7365  0.539  2.782  2.8122  0.9536  33.4047  5.7814  12.2746  0.6261  6.7395  3.9591  4.2423  7.8226  6.8272  4.9752  2.5722  3.0768  2.8498  17.7296  18.8577  11.2283  3.1191  6.5394  9.1968  1.894  3.519  6.167  0.7756  4.0707  9.1455  3.7862  0.5827  6.5148  0.214  0.657  0.8287  34.9048  
trainID = 507  1.7  4.9743  4.181  7.6146  2.4887  3.2125  4.5751  35.9974  5.9483  3.5061  0.0054  13.6821  0.2294  28.6901  1.4269  8.0676  11.7549  3.9116  2.0593  0.5999  14.6948  5.8116  0.3927  6.9947  5.0564  1.6361  0.916  8.3214  2.7415  6.7476  0.703  0.9095  4.2416  2.4182  1.1587  36.3873  
trainID = 508  3.3217  5.1288  0.085  0.7178  1.2702  0.6435  2.2196  1.9073  4.5286  11.5641  8.8733  5.1133  1.1059  3.5488  1.7251  4.5397  5.8583  3.3844  2.8873  5.6746  11.3921  6.1557  6.9244  6.2073  4.051  0.3438  1.7755  0.4343  0.24  4.7141  5.2321  0.8202  1.7336  3.3705  4.7088  0.5351  0.61  
trainID = 516  1.0291  3.5699  0.309  2.279  1.3266  0.7371  3.0329  0.7907  3.3118  3.8412  5.2481  5.1578  2.5772  3.0033  1.3501  1.8769  2.4603  1.8864  1.0484  4.3211  6.6345  8.2499  9.5483  6.1401  1.6707  3.2839  1.4704  1.8071  0.8881  6.3018  6.1392  1.6043  1.078  2.78  2.9953  2.7238  34.012  
trainID = 531  1  2.7262  0.7985  3.0453  1.3718  0.2222  2.1279  0.524  0.7127  0.6611  1.7763  3.3553  1.0963  0.6678  1.889  2.1077  2.0308  2.9699  0.058  0.0376  5.0228  1.885  4.0158  1.0653  1.0206  0.2154  0.839  1.3722  0.393  3.1476  1.6911  2.0689  0.116  2.4759  1.129  0.101  1.5468  1.1746  
trainID = 546  2.9513  5.6417  1.039  0.0339  2.2031  0.0242  3.0387  4.4297  3.1349  6.7928  11.1938  4.708  2.1139  2.5738  0.0916  1.9806  3.8753  2.2734  1.7626  5.5625  9.5293  14.2788  15.1495  14.5299  4.9909  6.6624  0.0341  0.5928  0.255  6.3882  8.0787  2.1301  2.6381  1.5985  4.0258  4.1652  32.8693  
trainID = 550  2.5317  3.0551  1.501  0.944  1.8069  0.1303  0.016  1.9996  2.5467  3.9604  4.2341  9.8726  3.2368  2.1235  2.6499  1.6765  2.2572  2.8743  6.3134  3.0032  6.624  8.822  9.7576  11.6769  10.6042  4.73  3.898  0.928  1.0875  1.1041  7.0419  6.557  3.4504  0.9242  5.1529  3.6095  1.2014  33.4243  
trainID = 562  5.5597  1.8731  0.459  37.1641  32.8029  9.3921  12.6568  0.8289  8.1441  4.4634  7.4488  8.2866  6.902  5.9542  3.5143  3.7169  1.4769  8.1231  21.2915  5.1037  3.8009  12.5939  14.1227  2.571  0.2721  8.7434  2.522  6.6123  4.7043  4.0461  2.6524  8.1359  0.158  0.722  4.0242  39.6659  
trainID = 616  1.9577  1.6601  3.9903  0.3371  0.2122  0.6254  1.126  1.0226  3.4506  0.9606  0.3718  2.9462  1.0437  3.2837  1.4787  0.0879  1.6292  1.6831  0.0969  0.0956  0.6909  1.8048  1.6385  2.6113  1.2525  0.525  1.0308  0.8269  0.5295  1.2813  2.4202  1.1261  1.3189  0.4735  1.4596  1.5687  2.1608  0.181  
trainID = 631  1.294  0.3761  2.9961  3.9198  2.8983  0.7762  0.5987  34.4492  7.71  6.5387  3.5694  0.7133  2.224  3.0646  6.5246  10.2012  4.567  1.6072  0.0642  1.2823  13.957  2.5715  7.2452  4.4603  3.1931  4.0833  0.558  7.1228  0.6998  9.875  0.86  6.0138  3.5746  3.4374  1.3852  38.7513  
trainID = 632  7.1393  4.1782  2.181  1.207  1.6031  2.1617  2.279  2.8612  0.9391  3.0524  16.349  13.8795  0.0232  1.9261  1.4214  5.9013  3.1248  2.8433  4.3184  6.0391  5.9332  9.4023  0.6743  4.2159  1.5142  4.7463  4.3821  3.2374  5.8497  0.898  3.2213  2.8257  1.5595  2.3557  2.0083  3.4213  0.3384  
trainID = 633  1.496  9.0739  4.8032  5.2146  1.3898  5.4355  4.4788  34.227  3.1381  2.9439  0.3675  13.4318  13.9448  13.4861  2.7047  8.0879  8.8052  5.4886  1.385  2.5314  10.5732  5.8482  0.9561  4.5667  2.4134  6.386  0.189  7.8194  0.6153  8.0768  0.073  4.356  3.8416  4.4264  0.0637  1.1065  2.033  2.5227  
trainID = 644  2.6987  1.1408  1.401  3.313  3.9081  0.9727  1.927  4.0055  5.2459  2.623  5.3628  2.7469  8.2218  4.4262  3.7419  6.0862  0.4304  2.7309  0.0344  10.248  4.4507  1.0034  2.6346  14.2597  12.1529  0.195  4.5823  7.5372  2.7401  3.6269  3.9951  3.3099  2.0179  9.5073  0.6288  3.6423  1.6959  35.7892  
trainID = 647  2.9888  2.9627  1.8203  3.882  0.8646  2.4247  1.4819  3.6156  0.0495  2.4563  1.2492  3.9172  4.4836  3.2602  2.7943  0.0335  1.1086  1.5407  4.0751  0.5924  0.9331  0.8698  9.5624  4.5213  0.039  2.3088  4.4321  0.5968  1.3754  1.3496  2.903  2.5001  3.4567  1.9263  2.3736  2.0756  35.3718  
trainID = 664  0.139  0.8331  2.5976  0.8958  1.8143  1.1356  0.49  2.0516  0.7681  2.738  4.8842  2.7578  0.1675  1.4801  3.1087  2.6035  0.0333  0.6171  1.9284  1.1238  4.0847  2.7239  2.006  0.9001  1.9841  1.358  0.6679  1.0676  1.837  1.755  2.6379  1.2649  0.8648  1.2317  0.601  0.448  2.1023  
trainID = 668  3.6348  0.0138  2.0078  2.741  2.1775  0.6025  0.787  4.1112  5.4013  2.0628  2.1181  2.0924  7.7427  3.2147  2.5772  4.6677  1.8307  0.6962  1.0048  4.6151  2.497  5.5865  0.4175  15.0569  4.136  0.8463  2.719  3.8866  0.5398  0.477  2.0203  3.7489  1.0622  4.9362  1.6666  3.9342  0.8688  35.1115  
trainID = 686  3.6754  1.9364  2.5933  0.3735  0.6015  0.9626  34.3044  2.1878  0.4795  0.5915  3.3234  4.2182  0.416  4.8918  3.5338  3.0291  0.7119  1.2786  0.8288  6.3395  1.9248  1.6082  3.6231  2.2591  2.3349  1.1833  0.8664  0.5273  3.0547  0.9167  1.2953  2.9095  4.0884  1.8195  0.148  0.216  2.1936  1.267  
trainID = 696  3.5519  1.686  1.7506  0.378  2.3442  0.3464  0.458  0.1884  0.3  0.2182  12.2061  0.0579  3.6021  2.426  1.0649  2.6763  5.186  2.1473  3.8414  5.5986  2.8699  2.0059  1.025  2.0058  0.0996  2.5288  3.589  0.5258  4.9404  1.17  0.4796  0.2696  2.4518  0.3306  0.945  0.69  0.6306  
trainID = 697  3.957  3.9927  0.826  2.227  3.4622  0.7647  3.1388  4.0077  5.7745  7.5642  9.9117  5.5005  0.2029  2.1382  3.0266  4.0032  3.7263  3.7034  2.3948  4.5573  12.2145  8.4145  12.0563  9.9924  5.6871  2.5419  2.7284  1.7648  0.9291  4.9239  9.1961  0.9883  1.9555  2.8773  3.7625  1.9818  34.6474  
trainID = 705  3.6044  3.1068  0.249  0.5765  3.417  1.2317  3.152  3.2193  4.3022  10.1573  12.5097  5.8733  0.1343  4.7414  1.1157  3.846  3.4063  5.2094  4.4588  5.9808  12.8239  6.8005  10.7415  8.3355  4.5295  3.4669  3.6415  0.1557  1.104  6.4494  8.4675  0.6616  3.6735  2.4828  5.1485  2.1604  
trainID = 726  3.6217  0.6744  1.0355  0.1007  1.646  1.5278  0.9  0.9429  2.403  0.6322  7.7131  0.5952  0.3448  4.1716  0.8215  0.8702  2.9591  0.0537  2.4184  2.8194  1.8794  5.2074  0.8416  1.8802  0.3839  2.0612  2.7283  0.3835  4.4003  0.661  0.4989  2.1066  3.4184  1.759  1.3264  0.959  1.3506  1.443  
trainID = 758  4.3626  2.9661  4.1583  0.9076  2.4677  1.73  2.153  0.5763  2.1334  2.3171  2.0674  3.2697  2.0498  4.0782  2.0392  0.1476  1.9156  0.3213  0.7642  1.759  2.1107  6.5828  2.06  5.0116  1.5508  3.0546  1.6661  2.1131  1.6765  2.4074  0.2582  2.1132  1.2069  0.4602  1.3455  2.1589  1.3391  0.615  
trainID = 770  0.3  3.9041  0.376  2.155  1.8379  1.8047  0.927  3.6543  0.0844  4.0444  0.6813  9.9479  6.0346  4.005  1.7321  2.9586  1.8326  3.2063  3.6324  0.706  3.8734  11.8458  9.0308  27.1405  1.4902  1.9059  7.4425  5.2854  3.8789  2.3235  8.8393  10.8291  1.9492  4.3341  5.0705  5.8632  3.5528  36.2524  
trainID = 791  1.6829  0.4036  1.9037  2.638  0.8369  2.1707  1.253  2.8933  0.4687  3.7526  2.8542  4.623  3.2831  2.368  1.8807  0.6865  1.1118  0.9696  2.7544  0.6295  0.6844  8.4734  3.6198  3.4156  4.2597  3.7413  0.3635  1.283  2.0251  1.7061  1.7371  0.95  0.6909  0.9772  1.1686  1.7185  1.6718  0.61  
trainID = 792  0.1564  3.1961  1.4108  1.6011  0.5702  2.6686  35.1549  1.2464  1.9052  0.5226  2.4114  7.7916  0.6974  2.6075  5.0021  2.0934  1.7375  1.5632  0.5943  7.7736  3.0846  3.7168  1.6206  0.6921  0.1587  0.271  0.3099  3.1171  4.9886  1.3212  2.7541  1.3843  0.7167  1.953  1.4604  1.181  3.0504  
trainID = 796  1.197  2.5692  2.8723  0.397  1.7321  0.2112  33.3216  2.4513  3.0366  2.4703  0.7152  4.7349  0.2387  2.4592  7.4523  2.6968  0.3493  2.0043  0.1193  6.345  0.5707  8.4263  4.6708  0.0874  4.9512  0.048  2.1614  0.5479  3.7045  0.934  4.1979  0.7341  1.6741  3.2371  0.242  0.13  2.3872  1.329  
trainID = 802  0.642  8.7095  4.0787  0.062  2.5364  1.443  3.3009  0.497  0.2898  2.2654  3.9006  19.126  10.6254  0.972  0.1883  2.7783  7.2976  4.9952  3.0533  3.9504  5.4546  7.0149  8.4264  1.7579  2.0145  1.2739  2.9265  3.4137  4.8633  3.1232  1.966  4.3157  2.6731  2.547  1.6118  0.211  1.4677  2.3894  
trainID = 805  5.3558  5.7442  1.5842  2.369  2.1939  0.0251  34.618  2.2996  7.5212  2.0539  0.1674  0.8245  2.2051  6.0668  7.5464  1.7746  1.2427  3.0055  3.3215  12.0666  1.4206  12.4505  3.9543  0.1587  6.9499  0.77  3.202  2.7161  7.0137  2.4964  5.3216  2.0851  0.298  2.3036  0.496  0.724  3.4875  
trainID = 819  1.656  7.6682  2.0403  4.9688  1.9532  3.7519  4.6124  1.6271  0.8632  4.3351  20.0017  0.0062  5.6555  1.756  2.096  9.5612  3.6506  2.7193  1.4338  7.4775  5.731  3.4706  2.0231  0.548  0.9625  2.8852  5.1077  2.2193  5.0044  1.29  1.1236  0.1535  2.4283  0.5219  0.214  1.2863  1.4568  
trainID = 827  1.622  6.84  1.5411  1.2515  0.0429  0.3623  0.4763  3.7877  5.2575  7.5859  8.6581  2.21  1.7076  2.4896  1.489  1.5612  2.4803  2.0254  3.6387  3.0352  6.6817  5.8894  7.8758  7.4743  3.6794  0.2046  0.9087  0.9742  1.241  3.9603  5.6976  0.5674  1.53  3.4104  2.785  1.6201  33.1305  
trainID = 850  5.1487  2.3573  5.3884  3.3583  5.2287  4.4995  36.3735  5.1499  1.9477  3.793  9.8293  10.1107  10.7709  5.477  7.3093  8.0512  4.5024  3.1153  1.1293  10.2723  5.0368  4.0384  5.3039  0.5858  3.2385  1.311  6.1496  0.4666  7.1413  1.7147  2.4921  2.7486  2.8974  0.3548  1.568  1.066  2.8259  
trainID = 855  2.291  6.4228  1.6109  2.6513  1.3358  2.3985  3.3713  1.017  1.8963  0.4634  0.3019  25.304  1.1914  8.4307  0.1637  3.0415  10.2382  2.7288  0.5713  1.1151  6.4738  7.2397  3.8224  0.2522  1.1916  1.1345  1.2799  7.9984  0.6841  5.8358  0.032  1.0688  0.0204  0.5508  0.0954  2.358  1.979  3.3037  
trainID = 859  6.7467  1.398  4.5061  2.0427  3.1234  2.483  33.1998  3.2764  2.7335  0.333  9.7329  13.9707  8.9059  3.9039  7.9496  6.3514  2.1991  2.9023  2.1114  9.0663  6.8483  2.1367  4.5214  0.6236  0.3751  0.088  6.3756  0.0881  5.6668  1.1  3.7928  1.8047  4.6334  0.0819  0.156  0.796  1.8623  
trainID = 860  0.1235  2.3018  2.238  0.6367  0.1906  2.5277  2.7761  0.3053  2.8232  1.6958  6.1506  4.5151  2.8876  1.3109  2.5108  1.079  0.0842  0.002  4.5663  1.8759  6.6981  3.4403  18.644  4.2745  2.4526  5.2551  3.1616  2.2237  1.3183  4.9647  8.7271  3.7364  3.8287  2.7238  5.0942  1.287  34.9174  
trainID = 864  1.605  2.7032  2.9063  1.1898  0.4055  0.6417  0.264  0.1892  0.0776  2.0966  3.0355  1.0266  3.1464  2.9553  4.4061  1.0035  1.2171  2.0543  0.5913  2.2478  2.0679  6.0333  2.8478  11.2588  0.8929  1.4418  3.7384  1.7103  0.9823  2.2532  2.3776  3.9424  3.6988  5.5138  4.4681  0.915  1.7556  35.1928  
trainID = 870  4.4281  2.4841  2.27  2.251  2.7114  0.7727  36.2678  2.545  8.7135  1.4325  5.8186  2.1589  7.0905  6.362  5.7908  4.178  1.5581  2.0423  2.8453  11.3845  8.6123  4.858  1.1925  10.6258  7.1819  0.251  1.5965  7.1924  1.5377  2.9596  4.5444  1.5318  0.6275  8.3808  3.4679  3.416  1.3663  36.4717  
trainID = 884  2.909  3.9555  2.5405  1.781  2.2572  1.3327  2.1274  1.3823  3.4048  3.0326  5.0259  4.9285  4.1088  0.6015  1.357  3.2338  1.8833  0.7302  2.1524  2.4848  7.7093  6.8658  7.3463  4.4033  2.9376  4.6673  2.2746  1.7186  1.612  5.3836  5.1527  0.1017  1.1803  3.1297  2.578  0.3411  35.9105  
trainID = 889  0.113  3.7896  4.615  1.161  0.5044  1.419  0.4017  1.576  1.8644  2.0838  2.9893  10.223  5.2558  1.8379  0.4834  1.3994  1.2424  0.6725  2.4833  0.8568  2.6406  3.0424  10.1693  2.2277  3.7141  2.6965  1.2297  0.1938  2.064  3.7001  0.654  2.7394  2.7772  2.4489  2.095  1.2336  2.5561  0.319  
trainID = 890  3.0656  1.732  0.012  3.418  2.078  1.1377  1.06  4.5874  5.882  3.938  6.2783  5.9631  5.6042  7.6256  4.945  3.5265  0.9156  2.31  1.6404  6.7801  3.9265  0.0396  0.3346  17.3489  14.761  3.099  4.4422  7.4486  3.2639  6.1771  1.1921  5.1856  6.088  9.3612  1.8476  2.6606  1.1072  36.8529  
trainID = 893  2.7097  0.1224  2.9917  1.2062  3.3978  0.8894  0.8247  1.1041  2.174  6.186  3.0296  0.5339  3.1999  1.8641  0.879  3.2301  2.9663  1.7494  2.8215  7.7042  6.7644  1.4158  4.9797  3.5625  0.177  1.1102  0.3642  2.4145  0.921  0.8525  1.0433  0.679  0.0065  0.34  0.566  2.1451  
trainID = 906  0.0164  2.8146  3.406  4.875  3.2323  0.9257  5.0309  2.4413  4.5445  2.0045  9.3362  5.6048  5.0091  2.1694  1.1819  0.651  2.5523  2.8294  2.2475  2.3345  6.2994  5.5735  17.4894  3.1139  0.8766  6.0697  4.0914  2.7372  1.402  2.6256  6.5316  6.1062  5.5832  2.3753  5.3554  2.3656  35.3519  
trainID = 912  2.5592  1.3488  1.7932  0.9517  0.7246  4.0223  0.977  1.1988  1.6944  0.6147  5.4159  6.3529  0.5116  3.2488  0.9937  1.5096  4.3979  3.0503  3.8424  2.4052  4.9396  9.1533  2.7817  7.3944  1.5286  1.1425  2.4637  0.2671  0.9544  0.9433  1.7421  3.4199  1.0236  1.5103  0.359  1.047  1.1444  0.675  
trainID = 917  0.29  3.7126  1.0679  3.0284  0.9761  3.1452  2.9397  35.4726  2.2879  3.0116  1.7598  3.0876  5.8073  4.2426  1.7017  5.6155  4.1853  4.8975  0.2145  0.9585  7.2475  2.9195  1.884  1.445  1.6484  2.3893  0.113  4.3845  1.5122  5.705  1.3599  1.9759  1.4935  2.5899  1.2497  1.64  0.556  5.289  
trainID = 920  1.786  7.7167  2.5327  1.6285  1.7916  5.1359  3.3049  0.351  1.7184  1.9078  19.3176  10.5913  4.1882  0.2962  1.3268  6.8691  2.2543  3.5893  2.9484  6.4306  5.8954  7.197  1.2115  2.1981  1.6579  0.394  5.0891  3.2613  5.3248  1.511  1.4432  4.8253  3.7734  2.0045  1.738  0.047  3.4555  
trainID = 928  1.9434  3.3375  0.382  3.364  1.9578  1.4977  3.9266  0.5746  2.3579  2.9668  9.957  7.1343  3.7071  2.3287  3.8423  4.1494  3.1753  0.8719  3.6459  2.8418  8.7253  6.8437  23.388  5.9359  3.3247  4.5723  3.4339  0.7686  0.8576  5.6961  10.5621  6.2475  3.8032  2.4243  2.8392  0.2575  34.5872  
trainID = 929  1.109  1.4317  2.3252  1.245  2.3937  0.9239  1.9311  2.347  2.2505  0.1325  1.189  4.1971  2.6272  1.4994  0.9922  3.4765  6.0817  0.5711  1.159  1.0466  5.5079  3.0611  5.7738  1.7389  1.5544  0.9889  0.016  3.1129  0.2763  2.3606  0.595  2.5672  2.1036  1.3831  1.2376  0.196  0.51  1.2974  
trainID = 930  0.291  6.9151  1.8761  3.3217  1.3679  3.2246  2.045  2.4759  1.4539  0.8353  22.6548  4.8462  7.002  0.2604  0.2897  9.6697  4.4146  0.3217  5.7934  6.6159  6.0219  5.018  0.1946  0.2525  0.4103  3.116  3.1897  3.3807  4.76  1.067  1.6273  1.5171  2.6961  1.2918  0.013  1.2556  1.4957  
trainID = 931  5.0064  0.5012  2.61  2.368  1.1031  4.0577  32.2146  5.4812  8.6369  0.7922  5.2458  7.6984  7.7483  7.5246  3.6725  4.1578  0.4622  2.3015  1.4565  10.4473  7.1402  1.4231  2.9606  14.0422  11.6358  1.003  5.4235  5.4706  2.3128  5.0123  4.4522  6.2595  3.6824  7.4384  2.5125  1.4191  0.0818  34.2659  
trainID = 937  8.32  1.9069  0.042  36.3311  31.8947  8.0209  12.3737  0.9157  9.1006  6.3198  10.3486  7.4826  6.6486  7.0182  1.0955  4.6704  3.0608  4.6644  29.9458  6.026  2.7986  11.5316  14.5583  1.986  2.8558  10.3827  1.8542  5.9023  6.9021  1.229  2.5379  8.0535  0.9466  1.7838  2.7541  36.8359  
trainID = 945  2.26  8.1595  3.9056  6.0885  1.9192  4.5837  3.2614  35.7697  5.2444  2.6618  1.0407  12.252  1.9964  24.6126  5.285  9.6293  11.3665  3.3019  2.5673  0.0817  14.7363  6.916  2.9308  5.2382  4.0583  5.9765  1.022  8.0224  0.0192  7.3711  0.915  0.598  3.9516  4.3714  2.3766  37.8523  
trainID = 949  3.2444  1.0498  2.522  1.7139  2.8487  0.9847  2.2  4.0314  1.9223  1.5097  6.3326  5.8564  5.1614  4.6849  3.6553  4.8212  2.2826  2.3333  0.6897  1.9921  1.4935  4.5645  2.8854  20.2005  6.8997  1.505  5.811  3.8117  2.6292  1.5693  1.9795  5.6357  2.5022  5.9592  3.0767  3.914  0.7149  35.9517  
trainID = 952  1.1997  1.1068  2.131  1.5136  0.1598  0.6417  5.8905  2.2459  4.3098  5.1652  5.3746  7.2042  3.856  2.1644  5.0842  1.1576  0.1999  1.2918  1.9703  0.5668  5.2543  0.9548  18.9301  2.6664  1.8428  4.2725  4.3345  0.7735  0.879  2.9526  3.9548  1.2819  3.8656  4.6097  2.5243  0.7223  35.9195  
trainID = 957  0.712  2.2648  1.2479  3.692  0.3209  1.1347  3.9566  1.9092  3.8398  0.8209  8.4249  4.7944  4.4818  1.0858  0.4045  0.2257  2.0383  3.8004  1.2824  2.2254  8.1594  7.9805  14.6051  2.9845  3.7108  3.6127  2.152  0.2702  0.468  2.7066  7.863  1.3683  1.6067  4.2795  3.9206  1.6603  33.7054  
trainID = 960  4.7505  6.0886  1.3177  1.3359  0.8252  3.778  1.754  2.2874  2.817  4.3121  9.1553  12.8779  6.4125  0.1121  2.9083  2.2791  37.2023  5.0262  8.0302  12.5008  10.7553  12.3725  9.3472  6.3172  4.9576  2.8967  1.0608  1.274  6.5828  12.0712  1.1311  4.1597  1.9966  3.524  1.2984  31.9997  
trainID = 961  3.0846  4.607  3.4523  0.6094  0.1812  0.2967  36.957  3.6076  4.2329  5.7984  0.0764  1.567  2.4436  8.0366  7.9439  1.8346  1.1745  0.8833  1.5416  15.374  0.9419  9.963  4.8117  4.6126  6.2445  0.389  3.5669  2.6363  7.6458  0.26  5.2192  0.8435  3.5214  2.4191  1.382  0.571  3.8302  
trainID = 966  0.3293  1.988  0.72  0.0841  0.1671  0.3633  1.074  3.1025  0.8471  1.4314  0.3766  2.9354  5.7093  1.4399  0.8904  2.0887  1.8792  1.332  4.3054  1.1807  0.2511  5.8967  3.3949  10.4334  0.6538  1.8834  2.5917  3.2528  0.9073  0.395  3.794  3.8286  0.5319  4.8148  3.6073  3.0045  1.0203  35.3877  
trainID = 969  3.9297  2.2407  3.3023  1.2937  1.6652  0.2275  36.3343  4.5921  4.9233  3.4439  1.3484  1.9133  3.0695  4.942  9.1554  1.8151  0.3241  0.2184  1.5058  8.4578  0.8473  7.288  3.6658  0.8422  4.8642  0.363  1.0929  1.9306  4.5896  1.7381  4.9777  0.21  1.7941  3.1279  0.317  0.692  2.5407  
trainID = 976  6.1745  0.8813  1.9698  36.1011  31.6395  7.5649  11.4768  1.9462  6.8026  4.2141  6.6087  9.0476  5.8894  4.7406  4.2236  3.1787  1.8976  5.8198  23.0643  6.9784  5.1674  12.4243  13.0361  1.508  3.9977  7.1957  2.0858  4.8681  6.4708  2.8109  2.1431  8.5881  0.026  3.4704  2.653  34.1143  
trainID = 978  2.6133  2.5473  1.575  0.641  3.65  2.0227  3.6605  2.616  4.8235  4.7888  7.7872  6.712  5.1288  1.4736  1.4386  0.1268  2.3843  0.652  1.7062  2.8706  6.4468  6.4917  21.5007  9.2269  2.4005  8.3603  5.0382  3.9552  2.4904  4.2801  8.2604  3.3952  3.5181  3.0545  4.0802  0.8946  36.4622  
trainID = 981  7.1102  0.485  0.399  36.6921  31.6149  7.3677  12.3022  2.7812  5.3056  5.4557  8.0721  9.0456  5.2406  4.3856  4.1425  2.1566  0.3903  1.958  20.7192  5.5205  6.2084  12.2174  14.6075  1.368  1.1387  7.2314  4.0197  7.2135  7.8644  4.9111  0.7407  7.2128  0.9597  3.959  4.3963  35.2663  
trainID = 982  1.8546  2.1305  2.6593  4.143  1.3638  0.7517  0.995  5.5473  2.8758  2.4768  4.596  7.2608  6.9535  4.4879  0.8587  2.2373  1.0162  0.5554  0.1714  2.8581  0.1552  4.02  2.6218  14.0523  6.5598  0.886  4.8491  4.2829  4.5446  3.3094  1.0699  4.8687  3.0188  4.4818  2.8853  5.856  1.9518  35.5333  
trainID = 984  2.824  6.355  1.6382  0.582  4.5969  5.8619  3.5437  1.5214  0.2419  1.1828  16.1989  1.0958  5.9515  1.3548  5.0174  7.1256  3.6938  1.058  0.7477  5.3016  4.4544  2.942  0.1674  0.9319  0.2406  1.2522  3.5087  0.6053  4.325  1.3269  0.6895  2.5653  3.9764  0.9886  0.965  0.032  1.0269  
trainID = 992  5.0332  0.7119  0.01  4.92  3.4592  0.7887  33.5017  4.2491  8.6063  0.5353  5.7632  3.4627  7.6995  6.7036  5.418  3.9016  3.5408  2.7171  1.2804  12.2209  11.1445  9.058  3.7978  7.0226  8.4412  3.248  3.7157  6.8589  0.7118  5.4634  3.5453  1.3316  4.4986  5.3489  1.831  0.408  4.4313  35.8717  
trainID = 1009  2.9765  3.742  2.1003  0.636  0.9924  0.3966  32.8089  5.2508  4.9433  4.8761  1.2023  0.5199  0.9001  5.3637  7.4812  2.8876  0.0353  0.3985  0.0592  12.6752  0.8569  13.7881  7.5685  0.8159  5.3499  2.267  4.4788  3.3284  6.9913  2.4884  5.216  2.7182  1.2355  0.3554  1.449  0.496  4.7786  
trainID = 1019  3.3634  1.3019  1.8778  2.876  2.1551  2.5757  32.1113  0.6733  7.2158  0.2808  3.781  1.7483  3.0156  5.7598  2.4329  2.6998  0.056  0.0847  1.9045  4.5871  5.0716  0.7691  3.8144  6.9508  6.7447  0.2  0.5261  4.3669  2.2106  4.6016  4.6907  1.0228  0.8016  3.4071  0.429  2.9937  0.2761  
trainID = 1041  2.884  3.6458  0.515  1.798  0.0322  0.3727  3.064  0.1379  3.7394  0.4723  4.76  8.5301  2.3695  1.9621  1.7277  1.3176  2.1153  0.641  0.6777  0.6962  5.0547  4.6021  11.4751  1.1243  2.925  2.2985  1.6393  0.0775  0.423  2.2294  3.4134  2.0829  4.811  1.3105  4.3853  0.5956  34.9972  
trainID = 1044  0.023  2.2647  4.5832  1.5468  0.3681  0.0325  1.5768  3.2397  0.3398  1.5512  9.7507  4.1133  0.7382  2.1868  0.4343  2.0671  0.9146  3.3823  2.8694  3.0808  5.5335  10.4174  0.9179  4.8336  2.3434  3.0359  1.1668  1.5078  1.7262  1.0897  1.5295  0.7181  1.5939  0.2359  0.6054  2.5907  0.1635  
trainID = 1056  1.9318  0.0685  0.07  1.954  0.2814  1.0017  32.8158  1.6898  2.6224  0.2399  0.2479  1.5742  5.475  3.2715  4.5042  3.4163  1.1694  1.9504  0.5969  1.9911  0.8362  1.7371  2.0755  3.4659  0.7914  0.095  0.8227  1.482  1.8761  1.5157  0.5839  1.4587  0.6957  0.9821  0.517  4.4024  0.515  1.166  
trainID = 1060  3.1947  1.1908  0.617  2.738  1.1806  0.5527  33.4828  0.8856  3.9765  1.4537  3.526  0.8957  3.5833  4.9608  4.1958  2.4846  0.3374  1.9465  0.9151  5.7911  2.6329  0.2885  0.1201  6.6237  6.0663  0.9632  1.3814  3.2426  1.0675  2.8298  5.5152  0.4636  1.1971  2.9009  1.2206  1.5343  0.0285  
trainID = 1077  1.0288  4.2559  3.164  1.1698  4.3099  0.9417  4.8847  1.7921  3.9943  1.6501  10.1108  5.7188  2.2149  0.4894  0.6666  3.4657  3.2023  1.9704  0.7054  4.5708  8.4735  11.111  28.773  0.3738  4.3811  8.1153  2.8319  1.2295  3.4186  7.1514  11.5117  2.9666  2.697  4.2041  5.3065  3.6846  35.956  
trainID = 1088  2.5544  4.2262  1.8235  2.024  0.7784  0.9212  33.7842  2.5655  3.4784  3.1332  2.2913  2.3482  0.3325  5.4928  5.36  1.08  0.3349  0.6937  0.7599  5.6992  0.545  8.4687  0.9856  1.0557  4.7501  0.237  1.313  2.5163  2.0414  0.105  3.8522  1.2825  0.4795  2.9052  1.304  1.167  3.8489  
trainID = 1105  2.47  0.6513  2.0859  1.382  0.9041  2.6903  33.5958  2.0307  0.0318  0.9539  1.1393  4.0766  0.5454  3.5409  3.6428  2.4265  0.652  1.8953  1.0418  4.8247  0.1774  3.5586  2.0464  3.0662  3.445  0.299  2.2425  2.5101  5.3534  0.266  2.8988  0.5233  0.6167  2.195  0.845  2.3645  2.9329  
trainID = 1107  1.254  3.8946  2.3593  3.6052  1.4958  2.332  2.6743  34.2335  2.3482  1.4879  0.7045  4.0316  4.0346  1.9674  3.9087  4.3837  4.532  1.5647  2.7033  2.2044  5.8261  4.8236  2.3712  2.2769  0.0071  2.5449  1.1383  3.605  2.2186  4.7947  1.7526  2.9476  3.3566  3.4134  2.7295  0.028  0.594  2.6238  
trainID = 1118  3.146  9.2172  6.0741  7.9534  1.6868  4.8907  3.7026  34.4759  4.957  4.1096  2.5315  12.2045  2.0048  30.8248  2.6629  8.6436  11.4357  4.0992  3.0043  0.2995  15.0795  8.6167  1.7879  3.6922  4.4436  3.4364  2.1871  7.5281  0.5538  8.083  0.9304  2.3916  0.5748  3.6254  2.7716  35.3473  
trainID = 1126  2.4701  3.0288  4.0781  1.4829  3.9427  0.384  35.6821  4.5937  2.2998  1.949  2.1815  7.4017  2.6142  5.1205  3.736  1.8107  0.6279  2.3403  1.2426  7.1632  2.6487  4.9423  4.2449  1.7226  5.0958  1.1557  2.9638  1.2662  3.3604  1.1768  4.7373  1.2967  2.2342  2.3843  2.619  0.327  1.7624  
trainID = 1143  4.2704  1.8268  0.058  1.4336  1.3123  2.5338  2.623  1.2043  0.8453  1.8508  1.4304  4.9103  2.1759  3.9178  1.509  1.5161  1.1929  3.0303  3.8384  0.9729  3.4041  8.734  1.8271  5.6656  3.4185  2.6987  1.3689  0.1492  3.0238  1.3438  1.5522  1.1841  0.847  0.4852  0.179  0.392  1.357  0.262  
trainID = 1152  3.2367  1.0862  0.777  2.442  1.1443  3.2417  6.2135  5.8266  0.1578  7.5808  5.6374  6.6847  5.5931  3.4553  3.2251  1.3088  2.7003  1.1317  5.2119  3.0768  1.5426  0.6028  16.7617  11.1655  1.7513  4.8101  5.1206  2.5967  4.0262  0.4116  3.9134  2.1652  7.0908  2.4087  3.6109  1.2431  35.7745  
trainID = 1153  3.9963  3.9419  4.7906  2.8297  5.5122  1.9736  33.1467  5.9267  4.575  3.2503  6.0151  7.846  6.8394  2.9905  10.3589  7.8896  4.7127  0.15  0.6193  11.3161  1.6392  4.6255  5.1985  1.4723  3.817  0.08  6.1626  0.2332  5.8407  0.164  2.6191  2.7827  4.9544  0.8868  2.196  0.737  1.9235  
trainID = 1156  1.8241  2.9945  2.7115  0.6472  3.3952  2.2567  2.245  1.0475  1.1951  3.036  7.1784  4.3063  0.6595  1.347  2.634  2.8515  1.9623  2.6453  0.9903  3.1763  2.1878  5.8297  1.8062  4.1722  3.7795  1.091  0.2485  0.9053  2.7495  3.418  0.4399  1.1735  0.0613  0.1847  1.004  1.217  1.5748  0.032  
trainID = 1160  2.7307  1.7352  1.245  1.0898  1.8412  0.7407  31.8227  2.2773  5.7881  1.0978  3.3403  1.3523  6.7352  7.0276  2.8343  0.8974  1.1486  1.0151  3.2193  7.8358  5.7738  1.256  0.5205  7.8593  6.9326  0.482  1.1594  4.1421  0.1744  3.8333  3.3002  2.6259  0.6552  6.9277  0.045  2.9259  0.9623  2.306  
trainID = 1162  0.498  3.5457  1.9565  4.4094  0.1153  1.6511  2.1649  3.6892  2.1337  1.0731  7.2202  7.48  4.6273  2.5673  2.9788  6.1452  2.2806  3.0933  3.6844  6.9503  3.0036  1.636  2.6317  0.2246  0.8094  1.744  3.3024  1.0011  2.3249  0.608  1.2331  0.2068  0.7102  0.0494  2.621  1.9553  3.8132  
trainID = 1163  3.5297  2.379  2.6906  1.3309  1.0017  1.5802  0.984  3.4433  1.4584  3.6274  3.9013  0.4297  1.8975  1.2105  1.1041  0.7607  3.0029  1.7533  0.1399  3.0246  4.4637  7.3751  0.8986  4.2561  0.5293  1.7165  0.0667  0.1306  1.0591  0.129  2.4916  2.3424  0.7593  0.9134  0.6417  0.459  0.4068  1.672  
trainID = 1169  2.8215  2.2744  1.3323  0.8574  0.6466  0.8054  0.519  0.2311  0.5319  0.4028  1.8482  3.716  0.9292  4.6069  0.7807  1.8872  0.5719  0.7502  1.6464  2.7557  0.5101  6.6285  1.3599  4.4565  1.1117  0.267  0.4262  1.3264  1.5605  1.2326  0.3016  0.7158  0.9579  1.1521  2.2792  2.2392  1.6238  
trainID = 1171  1.464  4.1594  0.9772  2.9295  0.7385  2.494  1.1826  32.7753  2.3279  1.2117  1.6485  6.6381  6.7632  5.3976  1.9152  5.2611  5.1535  2.0712  1.1356  0.038  6.0434  5.2064  0.4919  2.7637  1.2576  3.7489  0.547  5.0404  2.2922  5.3723  2.1453  2.4541  2.5662  1.8982  0.3836  0.068  0.853  2.7569  
trainID = 1184  4.6811  5.6994  2.0679  1.2504  1.2296  0.8578  3.4839  0.9818  4.1571  6.7979  9.962  3.6266  1.5557  0.6612  1.2644  3.7384  4.3303  2.3834  0.1733  4.4308  8.024  6.7295  10.0173  7.2226  2.2958  3.0518  0.1109  0.7039  0.704  5.0155  8.1174  0.2806  1.1573  3.3874  4.6116  3.4632  35.4131  
trainID = 1188  4.0337  6.3895  2.6048  2.26  1.448  1.3795  3.3122  0.6643  5.9105  8.1668  7.4377  2.3265  1.8843  3.7468  3.8437  3.9661  3.1573  3.4604  2.686  4.444  10.2515  8.095  7.7784  7.4703  5.6208  1.5523  0.0239  3.4949  1.0056  3.9651  7.0745  0.333  0.2584  2.8381  2.8891  0.4164  31.1385  
trainID = 1189  4.8712  0.2207  2.3435  4.188  0.2491  0.3797  33.3602  0.5456  12.7139  1.2043  3.773  2.8766  4.1555  5.4164  4.47  5.5562  2.0148  5.1005  2.9314  9.0413  10.7104  11.0891  6.9241  7.7538  8.2449  0.555  0.4044  6.9623  1.7443  2.9104  4.9968  1.0582  1.8339  4.2628  1.255  1.3399  3.2915  1.647  
trainID = 1193  1.3971  4.584  1.347  1.4828  1.4233  0.2813  4.2261  4.4597  5.9955  2.7051  7.2382  6.6061  2.368  1.3938  0.5678  3.3162  3.0153  2.7834  0.5007  5.4039  9.8192  12.851  25.4963  6.2937  1.9847  8.385  1.718  2.0775  1.7337  7.9593  10.0535  2.8861  2.884  4.0771  0.983  2.5724  34.2846  
trainID = 1197  1.9331  0.1081  0.127  1.902  2.0103  1.8737  0.956  0.9439  3.6257  1.6527  2.5923  3.0763  4.0586  4.1946  4.5778  3.4796  0.7163  0.7557  1.1048  2.8923  1.1541  2.996  1.3904  9.6686  3.6339  0.431  1.7621  3.4983  1.1475  2.9673  2.5222  3.132  1.1171  4.3  1.8702  2.3881  1.3824  33.2537  
trainID = 1198  1.4307  2.2706  2.083  1.484  2.4336  1.3067  1.289  4.3112  1.9007  2.7698  5.0145  4.02  6.5707  5.2352  2.3435  1.8788  1.9944  0.0101  2.1664  2.1641  0.4509  4.7485  0.4023  10.793  1.6616  2.4412  1.7034  3.8443  1.6096  3.8459  0.2953  2.3694  1.3283  4.692  2.2628  3.1185  0.8604  33.0745  
trainID = 1200  0.0237  0.5991  1.5273  0.5664  1.4831  1.1597  35.4378  2.302  0.0185  1.4881  0.9087  2.6756  0.3911  2.8957  3.7428  0.1048  0.2004  0.0473  0.8426  3.4408  1.1535  0.3063  1.4415  0.4728  1.7369  0.445  0.4442  0.3796  2.6949  3.3086  1.4751  1.6581  0.5375  3.0662  0.6405  0.819  1.769  0.802  
TrainID = 302  dbValue = 1.32912  nTestCell = 39  nTrainCell = 37  nDiff = 2  (X,Y) = (1265, 2005)  Position Error = 35.609
TrainID = 616  dbValue = 1.34104  nTestCell = 39  nTrainCell = 38  nDiff = 1  (X,Y) = (1235, 1985)  Position Error = 2.82843
TrainID = 531  dbValue = 1.53838  nTestCell = 39  nTrainCell = 38  nDiff = 1  (X,Y) = (1265, 1975)  Position Error = 29.1204
TrainID = 1169  dbValue = 1.56929  nTestCell = 39  nTrainCell = 37  nDiff = 2  (X,Y) = (1285, 2015)  Position Error = 57.6888
TrainID = 664  dbValue = 1.61358  nTestCell = 39  nTrainCell = 37  nDiff = 2  (X,Y) = (1295, 1965)  Position Error = 60.7289
TrainID = 403  dbValue = 1.64777  nTestCell = 39  nTrainCell = 38  nDiff = 1  (X,Y) = (1285, 2045)  Position Error = 78.4092
TrainID = 205  dbValue = 1.75783  nTestCell = 39  nTrainCell = 36  nDiff = 3  (X,Y) = (1255, 1985)  Position Error = 18.1108
TrainID = 264  dbValue = 1.78983  nTestCell = 39  nTrainCell = 38  nDiff = 1  (X,Y) = (1295, 1985)  Position Error = 58.0345
TrainID = 726  dbValue = 1.83  nTestCell = 39  nTrainCell = 38  nDiff = 1  (X,Y) = (1315, 1945)  Position Error = 86.764
TrainID = 1163  dbValue = 1.83054  nTestCell = 39  nTrainCell = 38  nDiff = 1  (X,Y) = (1315, 1985)  Position Error = 78.0256
TrainID = 929  dbValue = 1.92658  nTestCell = 39  nTrainCell = 38  nDiff = 1  (X,Y) = (1275, 1945)  Position Error = 53.7401
TrainID = 192  dbValue = 1.95697  nTestCell = 39  nTrainCell = 38  nDiff = 1  (X,Y) = (1275, 1945)  Position Error = 53.7401
TrainID = 791  dbValue = 2.05948  nTestCell = 39  nTrainCell = 38  nDiff = 1  (X,Y) = (1325, 2015)  Position Error = 93.6376
TrainID = 696  dbValue = 2.06988  nTestCell = 39  nTrainCell = 37  nDiff = 2  (X,Y) = (1305, 1905)  Position Error = 103.479
TrainID = 758  dbValue = 2.10302  nTestCell = 39  nTrainCell = 38  nDiff = 1  (X,Y) = (1295, 2035)  Position Error = 77.8974
TrainID = 1143  dbValue = 2.11433  nTestCell = 39  nTrainCell = 38  nDiff = 1  (X,Y) = (1305, 2025)  Position Error = 79.925
TrainID = 1156  dbValue = 2.13102  nTestCell = 39  nTrainCell = 38  nDiff = 1  (X,Y) = (1335, 1945)  Position Error = 105.109
TrainID = 893  dbValue = 2.13683  nTestCell = 39  nTrainCell = 36  nDiff = 3  (X,Y) = (1335, 1955)  Position Error = 101.922
TrainID = 1200  dbValue = 2.18437  nTestCell = 39  nTrainCell = 38  nDiff = 1  (X,Y) = (1215, 1985)  Position Error = 22.0907
TrainID = 465  dbValue = 2.27613  nTestCell = 39  nTrainCell = 38  nDiff = 1  (X,Y) = (1195, 2005)  Position Error = 47.4131
TrainID = 244  dbValue = 2.29823  nTestCell = 39  nTrainCell = 37  nDiff = 2  (X,Y) = (1365, 1985)  Position Error = 128.016
TrainID = 1044  dbValue = 2.29926  nTestCell = 39  nTrainCell = 37  nDiff = 2  (X,Y) = (1355, 1965)  Position Error = 119.365
TrainID = 912  dbValue = 2.37113  nTestCell = 39  nTrainCell = 38  nDiff = 1  (X,Y) = (1335, 2005)  Position Error = 100.439
TrainID = 889  dbValue = 2.40719  nTestCell = 39  nTrainCell = 38  nDiff = 1  (X,Y) = (1375, 1985)  Position Error = 138.014
TrainID = 1056  dbValue = 2.41817  nTestCell = 39  nTrainCell = 38  nDiff = 1  (X,Y) = (1205, 2055)  Position Error = 78.7909
TrainID = 284  dbValue = 2.43886  nTestCell = 39  nTrainCell = 37  nDiff = 2  (X,Y) = (1335, 1945)  Position Error = 105.109
TrainID = 446  dbValue = 2.50249  nTestCell = 39  nTrainCell = 38  nDiff = 1  (X,Y) = (1175, 1995)  Position Error = 63.1506
TrainID = 229  dbValue = 2.56732  nTestCell = 39  nTrainCell = 37  nDiff = 2  (X,Y) = (1355, 2015)  Position Error = 122.262
TrainID = 203  dbValue = 2.57901  nTestCell = 39  nTrainCell = 39  nDiff = 0  (X,Y) = (1165, 2045)  Position Error = 95.0158
TrainID = 1162  dbValue = 2.59835  nTestCell = 39  nTrainCell = 37  nDiff = 2  (X,Y) = (1255, 1875)  Position Error = 109.49
TrainID = 489  dbValue = 2.60896  nTestCell = 39  nTrainCell = 37  nDiff = 2  (X,Y) = (1275, 1865)  Position Error = 123.968
TrainID = 154  dbValue = 2.69218  nTestCell = 39  nTrainCell = 37  nDiff = 2  (X,Y) = (1375, 1915)  Position Error = 153.844
TrainID = 240  dbValue = 2.71369  nTestCell = 39  nTrainCell = 37  nDiff = 2  (X,Y) = (1395, 2015)  Position Error = 161.208
TrainID = 268  dbValue = 2.81608  nTestCell = 39  nTrainCell = 38  nDiff = 1  (X,Y) = (1245, 1925)  Position Error = 58.5491
TrainID = 270  dbValue = 2.84286  nTestCell = 39  nTrainCell = 37  nDiff = 2  (X,Y) = (1285, 2065)  Position Error = 95.0158
TrainID = 686  dbValue = 2.8556  nTestCell = 39  nTrainCell = 38  nDiff = 1  (X,Y) = (1195, 1925)  Position Error = 71.6101
TrainID = 984  dbValue = 2.86192  nTestCell = 39  nTrainCell = 37  nDiff = 2  (X,Y) = (1315, 1855)  Position Error = 149.893
TrainID = 1105  dbValue = 2.86275  nTestCell = 39  nTrainCell = 37  nDiff = 2  (X,Y) = (1185, 1945)  Position Error = 64.405
TrainID = 164  dbValue = 2.87261  nTestCell = 39  nTrainCell = 38  nDiff = 1  (X,Y) = (1165, 2015)  Position Error = 78.7909
TrainID = 471  dbValue = 3.02249  nTestCell = 39  nTrainCell = 38  nDiff = 1  (X,Y) = (1325, 2065)  Position Error = 120.283
TrainID = 792  dbValue = 3.04013  nTestCell = 39  nTrainCell = 37  nDiff = 2  (X,Y) = (1195, 1915)  Position Error = 79.925
TrainID = 421  dbValue = 3.04645  nTestCell = 39  nTrainCell = 38  nDiff = 1  (X,Y) = (1175, 1935)  Position Error = 78.4092
TrainID = 220  dbValue = 3.0526  nTestCell = 39  nTrainCell = 38  nDiff = 1  (X,Y) = (1345, 1875)  Position Error = 152.735
TrainID = 796  dbValue = 3.08966  nTestCell = 39  nTrainCell = 38  nDiff = 1  (X,Y) = (1125, 1935)  Position Error = 121.852
TrainID = 966  dbValue = 3.10246  nTestCell = 39  nTrainCell = 38  nDiff = 1  (X,Y) = (1285, 2095)  Position Error = 121.852
TrainID = 493  dbValue = 3.12613  nTestCell = 39  nTrainCell = 38  nDiff = 1  (X,Y) = (1295, 1845)  Position Error = 149.693
TrainID = 1060  dbValue = 3.13473  nTestCell = 39  nTrainCell = 37  nDiff = 2  (X,Y) = (1165, 2075)  Position Error = 116.825
TrainID = 1088  dbValue = 3.14969  nTestCell = 39  nTrainCell = 37  nDiff = 2  (X,Y) = (1125, 1965)  Position Error = 113.437
TrainID = 172  dbValue = 3.18059  nTestCell = 39  nTrainCell = 36  nDiff = 3  (X,Y) = (1455, 1975)  Position Error = 218.147
TrainID = 280  dbValue = 3.18927  nTestCell = 39  nTrainCell = 38  nDiff = 1  (X,Y) = (1385, 1865)  Position Error = 189.283
TrainID = 1197  dbValue = 3.18936  nTestCell = 39  nTrainCell = 38  nDiff = 1  (X,Y) = (1205, 2105)  Position Error = 126.127
TrainID = 855  dbValue = 3.20698  nTestCell = 39  nTrainCell = 38  nDiff = 1  (X,Y) = (1325, 1805)  Position Error = 198.565
TrainID = 237  dbValue = 3.21288  nTestCell = 39  nTrainCell = 38  nDiff = 1  (X,Y) = (1405, 1945)  Position Error = 172.244
TrainID = 864  dbValue = 3.28562  nTestCell = 39  nTrainCell = 38  nDiff = 1  (X,Y) = (1285, 2095)  Position Error = 121.852
TrainID = 647  dbValue = 3.30261  nTestCell = 39  nTrainCell = 37  nDiff = 2  (X,Y) = (1205, 2115)  Position Error = 135.823
TrainID = 194  dbValue = 3.31148  nTestCell = 39  nTrainCell = 37  nDiff = 2  (X,Y) = (1415, 2015)  Position Error = 180.854
TrainID = 272  dbValue = 3.31733  nTestCell = 39  nTrainCell = 38  nDiff = 1  (X,Y) = (1135, 1945)  Position Error = 108.849
TrainID = 930  dbValue = 3.32384  nTestCell = 39  nTrainCell = 37  nDiff = 2  (X,Y) = (1355, 1845)  Position Error = 181.571
TrainID = 819  dbValue = 3.35838  nTestCell = 39  nTrainCell = 37  nDiff = 2  (X,Y) = (1325, 1845)  Position Error = 163.67
TrainID = 1041  dbValue = 3.37576  nTestCell = 39  nTrainCell = 37  nDiff = 2  (X,Y) = (1315, 2115)  Position Error = 153.323
TrainID = 1171  dbValue = 3.47819  nTestCell = 39  nTrainCell = 38  nDiff = 1  (X,Y) = (1245, 1865)  Position Error = 118.271
TrainID = 1198  dbValue = 3.47839  nTestCell = 39  nTrainCell = 38  nDiff = 1  (X,Y) = (1275, 2135)  Position Error = 156.678
TrainID = 1107  dbValue = 3.49399  nTestCell = 39  nTrainCell = 38  nDiff = 1  (X,Y) = (1215, 1905)  Position Error = 81.0432
TrainID = 1019  dbValue = 3.49669  nTestCell = 39  nTrainCell = 37  nDiff = 2  (X,Y) = (1155, 2075)  Position Error = 123.24
TrainID = 375  dbValue = 3.51039  nTestCell = 39  nTrainCell = 37  nDiff = 2  (X,Y) = (1105, 2035)  Position Error = 141.873
TrainID = 279  dbValue = 3.51708  nTestCell = 39  nTrainCell = 38  nDiff = 1  (X,Y) = (1195, 2145)  Position Error = 167.356
TrainID = 917  dbValue = 3.52117  nTestCell = 39  nTrainCell = 38  nDiff = 1  (X,Y) = (1215, 1885)  Position Error = 100.439
TrainID = 318  dbValue = 3.58594  nTestCell = 39  nTrainCell = 38  nDiff = 1  (X,Y) = (1145, 1885)  Position Error = 134.417
TrainID = 508  dbValue = 3.60394  nTestCell = 39  nTrainCell = 37  nDiff = 2  (X,Y) = (1455, 2005)  Position Error = 219.107
TrainID = 1160  dbValue = 3.62253  nTestCell = 39  nTrainCell = 38  nDiff = 1  (X,Y) = (1145, 2105)  Position Error = 152.801
TrainID = 802  dbValue = 3.63585  nTestCell = 39  nTrainCell = 38  nDiff = 1  (X,Y) = (1435, 1885)  Position Error = 220.925
TrainID = 969  dbValue = 3.66442  nTestCell = 39  nTrainCell = 37  nDiff = 2  (X,Y) = (1095, 1965)  Position Error = 143.136
TrainID = 920  dbValue = 3.69493  nTestCell = 39  nTrainCell = 37  nDiff = 2  (X,Y) = (1405, 1865)  Position Error = 205.3
TrainID = 401  dbValue = 3.71021  nTestCell = 39  nTrainCell = 37  nDiff = 2  (X,Y) = (1355, 2115)  Position Error = 177.054
TrainID = 1126  dbValue = 3.73211  nTestCell = 39  nTrainCell = 37  nDiff = 2  (X,Y) = (1165, 1895)  Position Error = 113.701
TrainID = 210  dbValue = 3.75012  nTestCell = 39  nTrainCell = 38  nDiff = 1  (X,Y) = (1095, 1895)  Position Error = 167.057
TrainID = 204  dbValue = 3.7768  nTestCell = 39  nTrainCell = 38  nDiff = 1  (X,Y) = (1355, 2135)  Position Error = 192.427
TrainID = 668  dbValue = 3.77923  nTestCell = 39  nTrainCell = 38  nDiff = 1  (X,Y) = (1235, 2145)  Position Error = 162.012
TrainID = 632  dbValue = 3.7841  nTestCell = 39  nTrainCell = 37  nDiff = 2  (X,Y) = (1435, 1885)  Position Error = 220.925
TrainID = 143  dbValue = 3.79173  nTestCell = 39  nTrainCell = 37  nDiff = 2  (X,Y) = (1345, 2125)  Position Error = 178.404
TrainID = 281  dbValue = 3.85108  nTestCell = 39  nTrainCell = 38  nDiff = 1  (X,Y) = (1245, 2145)  Position Error = 162.197
TrainID = 368  dbValue = 3.87989  nTestCell = 39  nTrainCell = 37  nDiff = 2  (X,Y) = (1475, 1915)  Position Error = 247.524
TrainID = 477  dbValue = 3.88648  nTestCell = 39  nTrainCell = 37  nDiff = 2  (X,Y) = (1265, 2155)  Position Error = 174.264
TrainID = 467  dbValue = 3.88832  nTestCell = 39  nTrainCell = 38  nDiff = 1  (X,Y) = (1055, 1915)  Position Error = 194.288
TrainID = 884  dbValue = 3.90653  nTestCell = 39  nTrainCell = 37  nDiff = 2  (X,Y) = (1365, 2075)  Position Error = 157.632
TrainID = 243  dbValue = 3.92234  nTestCell = 39  nTrainCell = 37  nDiff = 2  (X,Y) = (1085, 1895)  Position Error = 175.636
TrainID = 827  dbValue = 3.93764  nTestCell = 39  nTrainCell = 37  nDiff = 2  (X,Y) = (1395, 2045)  Position Error = 169.729
TrainID = 516  dbValue = 3.95904  nTestCell = 39  nTrainCell = 37  nDiff = 2  (X,Y) = (1365, 2105)  Position Error = 176.828
TrainID = 139  dbValue = 3.96897  nTestCell = 39  nTrainCell = 38  nDiff = 1  (X,Y) = (1405, 2045)  Position Error = 179.075
TrainID = 144  dbValue = 3.99408  nTestCell = 39  nTrainCell = 38  nDiff = 1  (X,Y) = (1385, 2055)  Position Error = 164.584
TrainID = 497  dbValue = 4.01353  nTestCell = 39  nTrainCell = 37  nDiff = 2  (X,Y) = (1325, 2145)  Position Error = 184.358
TrainID = 952  dbValue = 4.02628  nTestCell = 39  nTrainCell = 37  nDiff = 2  (X,Y) = (1305, 2185)  Position Error = 213.138
TrainID = 438  dbValue = 4.0268  nTestCell = 39  nTrainCell = 37  nDiff = 2  (X,Y) = (1375, 2145)  Position Error = 212.81
TrainID = 469  dbValue = 4.03349  nTestCell = 39  nTrainCell = 38  nDiff = 1  (X,Y) = (1095, 2055)  Position Error = 159.211
TrainID = 957  dbValue = 4.04638  nTestCell = 39  nTrainCell = 37  nDiff = 2  (X,Y) = (1365, 2135)  Position Error = 198.716
TrainID = 274  dbValue = 4.11269  nTestCell = 39  nTrainCell = 37  nDiff = 2  (X,Y) = (1055, 1965)  Position Error = 182.888
TrainID = 860  dbValue = 4.14456  nTestCell = 39  nTrainCell = 37  nDiff = 2  (X,Y) = (1315, 2175)  Position Error = 207.239
TrainID = 262  dbValue = 4.14471  nTestCell = 39  nTrainCell = 38  nDiff = 1  (X,Y) = (1185, 2155)  Position Error = 179.689
TrainID = 1009  dbValue = 4.17372  nTestCell = 39  nTrainCell = 37  nDiff = 2  (X,Y) = (1055, 1915)  Position Error = 194.288
TrainID = 236  dbValue = 4.2224  nTestCell = 39  nTrainCell = 36  nDiff = 3  (X,Y) = (1485, 2035)  Position Error = 253.393
TrainID = 982  dbValue = 4.22999  nTestCell = 39  nTrainCell = 38  nDiff = 1  (X,Y) = (1285, 2195)  Position Error = 217.366
TrainID = 174  dbValue = 4.24369  nTestCell = 39  nTrainCell = 38  nDiff = 1  (X,Y) = (1145, 2115)  Position Error = 160.897
TrainID = 437  dbValue = 4.26057  nTestCell = 39  nTrainCell = 38  nDiff = 1  (X,Y) = (1075, 1885)  Position Error = 189.336
TrainID = 805  dbValue = 4.26578  nTestCell = 39  nTrainCell = 37  nDiff = 2  (X,Y) = (1045, 1935)  Position Error = 197.909
TrainID = 961  dbValue = 4.39353  nTestCell = 39  nTrainCell = 37  nDiff = 2  (X,Y) = (1055, 1905)  Position Error = 198.01
TrainID = 474  dbValue = 4.39709  nTestCell = 39  nTrainCell = 38  nDiff = 1  (X,Y) = (1175, 2125)  Position Error = 154.945
TrainID = 1184  dbValue = 4.42267  nTestCell = 39  nTrainCell = 37  nDiff = 2  (X,Y) = (1415, 2065)  Position Error = 195.98
TrainID = 377  dbValue = 4.46183  nTestCell = 39  nTrainCell = 37  nDiff = 2  (X,Y) = (1415, 2105)  Position Error = 215.796
TrainID = 705  dbValue = 4.47041  nTestCell = 39  nTrainCell = 36  nDiff = 3  (X,Y) = (1485, 2015)  Position Error = 250.056
TrainID = 949  dbValue = 4.49842  nTestCell = 39  nTrainCell = 38  nDiff = 1  (X,Y) = (1265, 2205)  Position Error = 223.759
TrainID = 1188  dbValue = 4.52238  nTestCell = 39  nTrainCell = 37  nDiff = 2  (X,Y) = (1445, 2045)  Position Error = 217.044
TrainID = 859  dbValue = 4.53748  nTestCell = 39  nTrainCell = 37  nDiff = 2  (X,Y) = (1225, 1825)  Position Error = 158.455
TrainID = 226  dbValue = 4.60165  nTestCell = 39  nTrainCell = 37  nDiff = 2  (X,Y) = (1035, 2025)  Position Error = 206.32
TrainID = 309  dbValue = 4.65794  nTestCell = 39  nTrainCell = 38  nDiff = 1  (X,Y) = (1135, 2135)  Position Error = 183.052
TrainID = 550  dbValue = 4.6665  nTestCell = 39  nTrainCell = 38  nDiff = 1  (X,Y) = (1425, 2095)  Position Error = 218.833
TrainID = 1153  dbValue = 4.70306  nTestCell = 39  nTrainCell = 37  nDiff = 2  (X,Y) = (1165, 1815)  Position Error = 182.779
TrainID = 216  dbValue = 4.71496  nTestCell = 39  nTrainCell = 38  nDiff = 1  (X,Y) = (1275, 1755)  Position Error = 231.145
TrainID = 1152  dbValue = 4.72236  nTestCell = 39  nTrainCell = 37  nDiff = 2  (X,Y) = (1205, 2235)  Position Error = 254.024
TrainID = 906  dbValue = 4.78798  nTestCell = 39  nTrainCell = 37  nDiff = 2  (X,Y) = (1305, 2175)  Position Error = 203.686
TrainID = 1189  dbValue = 4.79989  nTestCell = 39  nTrainCell = 38  nDiff = 1  (X,Y) = (1075, 2105)  Position Error = 202.8
TrainID = 134  dbValue = 4.82881  nTestCell = 39  nTrainCell = 37  nDiff = 2  (X,Y) = (1185, 1805)  Position Error = 185.44
TrainID = 644  dbValue = 4.86933  nTestCell = 39  nTrainCell = 38  nDiff = 1  (X,Y) = (1155, 2215)  Position Error = 246.065
TrainID = 928  dbValue = 5.08727  nTestCell = 39  nTrainCell = 37  nDiff = 2  (X,Y) = (1365, 2205)  Position Error = 256.258
TrainID = 978  dbValue = 5.11011  nTestCell = 39  nTrainCell = 37  nDiff = 2  (X,Y) = (1305, 2235)  Position Error = 261.013
TrainID = 697  dbValue = 5.1768  nTestCell = 39  nTrainCell = 37  nDiff = 2  (X,Y) = (1445, 2065)  Position Error = 223.58
TrainID = 890  dbValue = 5.20095  nTestCell = 39  nTrainCell = 38  nDiff = 1  (X,Y) = (1165, 2245)  Position Error = 271.713
TrainID = 850  dbValue = 5.20952  nTestCell = 39  nTrainCell = 37  nDiff = 2  (X,Y) = (1195, 1825)  Position Error = 163.487
TrainID = 546  dbValue = 5.22544  nTestCell = 39  nTrainCell = 37  nDiff = 2  (X,Y) = (1485, 2105)  Position Error = 276.384
TrainID = 384  dbValue = 5.28351  nTestCell = 39  nTrainCell = 37  nDiff = 2  (X,Y) = (1385, 2235)  Position Error = 292.246
TrainID = 406  dbValue = 5.29037  nTestCell = 39  nTrainCell = 37  nDiff = 2  (X,Y) = (1295, 2255)  Position Error = 278.115
TrainID = 1193  dbValue = 5.3285  nTestCell = 39  nTrainCell = 37  nDiff = 2  (X,Y) = (1425, 2165)  Position Error = 261.664
TrainID = 770  dbValue = 5.38769  nTestCell = 39  nTrainCell = 38  nDiff = 1  (X,Y) = (1395, 2195)  Position Error = 264.401
TrainID = 1077  dbValue = 5.47276  nTestCell = 39  nTrainCell = 37  nDiff = 2  (X,Y) = (1415, 2195)  Position Error = 276.818
TrainID = 633  dbValue = 5.4816  nTestCell = 39  nTrainCell = 38  nDiff = 1  (X,Y) = (1215, 1775)  Position Error = 209.16
TrainID = 631  dbValue = 5.64342  nTestCell = 39  nTrainCell = 36  nDiff = 3  (X,Y) = (1085, 1835)  Position Error = 212.151
TrainID = 870  dbValue = 5.76103  nTestCell = 39  nTrainCell = 38  nDiff = 1  (X,Y) = (1115, 2155)  Position Error = 210.874
TrainID = 456  dbValue = 5.80235  nTestCell = 39  nTrainCell = 37  nDiff = 2  (X,Y) = (1495, 2075)  Position Error = 273.912
TrainID = 931  dbValue = 6.05321  nTestCell = 39  nTrainCell = 38  nDiff = 1  (X,Y) = (1125, 2225)  Position Error = 266.661
TrainID = 992  dbValue = 6.08557  nTestCell = 39  nTrainCell = 38  nDiff = 1  (X,Y) = (1095, 2155)  Position Error = 223.043
TrainID = 231  dbValue = 6.41453  nTestCell = 39  nTrainCell = 38  nDiff = 1  (X,Y) = (1045, 2185)  Position Error = 278.69
TrainID = 960  dbValue = 6.59766  nTestCell = 39  nTrainCell = 36  nDiff = 3  (X,Y) = (1515, 2065)  Position Error = 289.841
TrainID = 505  dbValue = 6.61483  nTestCell = 39  nTrainCell = 38  nDiff = 1  (X,Y) = (1045, 2155)  Position Error = 257.775
TrainID = 507  dbValue = 6.77101  nTestCell = 39  nTrainCell = 36  nDiff = 3  (X,Y) = (1205, 1725)  Position Error = 259.977
TrainID = 241  dbValue = 6.93448  nTestCell = 39  nTrainCell = 36  nDiff = 3  (X,Y) = (1175, 1735)  Position Error = 255.633
TrainID = 945  dbValue = 7.00953  nTestCell = 39  nTrainCell = 36  nDiff = 3  (X,Y) = (1185, 1725)  Position Error = 263.188
TrainID = 362  dbValue = 7.05683  nTestCell = 39  nTrainCell = 36  nDiff = 3  (X,Y) = (1185, 1715)  Position Error = 272.998
TrainID = 1118  dbValue = 7.19371  nTestCell = 39  nTrainCell = 36  nDiff = 3  (X,Y) = (1205, 1715)  Position Error = 269.904
TrainID = 178  dbValue = 7.54566  nTestCell = 39  nTrainCell = 36  nDiff = 3  (X,Y) = (1085, 2235)  Position Error = 294.292
TrainID = 981  dbValue = 8.06832  nTestCell = 39  nTrainCell = 36  nDiff = 3  (X,Y) = (1045, 2255)  Position Error = 332.938
TrainID = 976  dbValue = 8.0772  nTestCell = 39  nTrainCell = 36  nDiff = 3  (X,Y) = (1035, 2225)  Position Error = 315.227
TrainID = 502  dbValue = 8.26996  nTestCell = 39  nTrainCell = 36  nDiff = 3  (X,Y) = (1065, 2295)  Position Error = 356.27
TrainID = 562  dbValue = 8.34748  nTestCell = 39  nTrainCell = 36  nDiff = 3  (X,Y) = (1055, 2235)  Position Error = 310.85
TrainID = 937  dbValue = 8.58607  nTestCell = 39  nTrainCell = 36  nDiff = 3  (X,Y) = (1015, 2255)  Position Error = 351.095
