trainID = 337  3.4693  0.8289  1.046  1.4556  2.4661  1.299  2.1578  1.7252  1.149  1.0277  1.3093  0.5738  5.2405  6.04  3.3691  4.2919  1.2396  2.1021  3.0109  0.1216  5.0386  1.7171  2.538  3.937  2.4936  1.2747  0.8019  1.8598  7.6629  1.8471  2.8308  6.8119  3.4707  2.24  0.944  0.0946  0.2841  2.4049  2.6492  0.5311  2.803  1.501  1.187  
trainID = 356  2.8811  2.4236  3.7064  0.1032  1.6193  0.7149  4.5718  0.3281  0.072  0.9178  5.6836  0.3769  5.9308  13.9866  7.5747  2.6497  5.6995  4.0668  4.3289  2.4111  0.0285  0.1193  2.276  2.986  4.0757  1.8263  6.5477  4.6046  0.8545  3.9559  4.8515  0.317  3.6602  2.8257  2.6374  4.9233  4.7965  0.764  1.3854  4.4684  1.8525  1.5906  
trainID = 388  2.347  1.6959  1.4698  1.4757  0.3684  1.379  0.0226  0.7685  0.6558  0.044  2.1141  2.3456  2.5444  5.168  7.3985  5.8628  2.0993  6.2604  5.5295  1.9469  1.2187  1.5207  2.2579  2.05  2.811  2.8995  0.8829  5.4471  2.5024  0.6543  3.3314  2.7701  0.3592  0.5836  1.5211  0.249  1.4937  4.472  1.7577  2.0097  2.0976  0.48  0.7506  
trainID = 439  3.0077  1.1274  1.6854  3.8588  0.7774  1.8579  1.5838  0.292  2.436  1.421  1.499  0.1595  5.8136  10.1359  1.409  2.9747  1.4236  2.4139  3.1479  0.1761  5.8595  0.1827  1.949  3.951  3.4962  3.0876  1.2108  2.0582  3.3691  0.3593  2.1371  3.0202  5.2575  3.1939  1.834  0.3396  1.059  0.1221  1.6056  0.8266  4.2537  2.4334  
trainID = 443  2.3195  4.4839  1.6676  2.0308  1.7454  1.666  2.9358  1.0709  0.857  1.9893  3.0314  0.3654  5.8967  10.5323  1.6384  4.4798  1.7477  2.6844  1.6348  0.1838  2.8376  0.8696  3.3516  2.32  2.9509  5.2905  4.7165  0.6781  2.9402  0.7799  2.3963  4.0502  3.6785  0.3009  0.891  2.029  4.4925  2.9687  6.9059  0.1239  0.117  0.7358  2.315  
trainID = 450  0.722  3.4365  1.1944  1.8367  0.6203  1.4745  0.2478  1.9738  0.9936  2.074  2.0839  2.7571  3.3924  2.3579  7.5052  1.2383  2.3213  1.7999  1.8113  4.1849  0.0689  2.1891  0.7925  0.282  3.984  2.8657  2.3746  2.423  0.4865  0.2811  2.1876  2.3736  0.8512  1.3547  1.0865  2.379  3.095  1.4642  0.5555  1.795  2.6244  3.5113  0.633  
trainID = 485  5.0844  5.6986  0.9809  0.3241  1.9086  2.0183  2.4838  0.9485  3.754  2.6028  4.2096  1.3678  9.4008  18.4259  1.9862  6.5326  6.0939  1.1293  5.5209  1.2902  1.19  0.1964  3.3508  5.9653  1.6447  2.5832  5.3683  1.9992  1.5316  3.1083  3.5655  4.0459  2.3241  0.5089  2.215  6.7119  4.9354  1.1877  4.4684  1.9584  0.58  0.0018  
trainID = 486  4.4319  0.3982  0.194  1.6887  3.1563  3.3222  2.4448  1.3468  1.397  0.053  0.75  0.3762  9.477  4.4856  5.1559  3.7982  0.6297  3.3568  4.4289  3.7498  7.6937  1.2184  1.531  1.225  4.1015  4.2523  0.1137  7.5266  8.8104  7.2705  2.0883  5.7469  3.4506  3.4721  4.0939  0.3614  3.2172  0.2368  3.0629  0.3454  4.4194  3.2373  30.8852  
trainID = 494  0.189  2.1438  1.5505  1.1535  0.7563  1.1372  0.1598  1.2388  2.9101  0.341  0.7871  0.593  2.2027  2.868  2.7921  2.0735  3.5757  0.0046  2.0437  3.5499  1.0584  0.615  1.2686  0.73  2.256  0.4434  1.5886  0.1046  1.7844  3.5644  0.4439  0.4725  2.8195  1.6041  2.7722  1.5103  2.0907  2.9404  1.5985  2.1185  0.676  
trainID = 506  0.37  1.6876  0.2077  0.553  1.1724  0.1994  0.5997  0.5618  1.7344  0.6163  0.5788  1.4633  0.83  2.8563  2.2436  2.0829  1.5579  0.6388  1.3726  2.1329  0.913  1.9225  0.932  1.91  1.685  1.6295  0.8153  3.295  1.7789  0.4808  1.2508  0.8817  2.8874  1.4405  0.5469  0.323  0.4116  0.2692  0.316  1.2579  0.0897  0.345  2.2592  
trainID = 530  0.8015  3.1614  4.917  0.5787  1.4978  0.6862  0.068  0.8026  0.436  1.4851  4.8252  1.92  0.4304  22.0854  9.8045  5.1544  6.4011  4.2678  5.9289  2.2473  0.3214  0.2177  2.309  5  6.0842  2.7667  9.07  6.13  1.7277  5.3908  6.4615  0.2646  4.5325  1.5605  2.8048  1.974  6.7241  2.2677  4.4713  1.9769  2.4887  0.9657  
trainID = 600  5.6868  1.1454  0.717  4.2128  1.6757  3.9802  2.3728  0.1838  1.872  0.7631  0.566  2.9304  7.1192  5.7053  5.1582  3.066  2.0219  4.5559  3.0069  2.7658  6.1075  0.7011  1.043  2.156  4.267  3.3156  1.388  7.3371  11.2152  4.5923  2.7487  7.0997  2.5282  1.3509  2.523  0.0589  2.2717  4.2867  2.6263  2.4281  3.4603  4.4376  31.933  
trainID = 709  5.1542  0.7246  0.722  1.2574  1.8081  2.0703  2.9488  0.7733  0.6298  1.4813  0.152  0.6154  5.3154  2.1844  4.3057  1.942  2.1234  0.4795  1.1026  4.0603  3.9566  2.2234  1.073  0.773  0.2277  2.0717  1.3936  7.4828  9.7165  5.0664  0.9685  8.4448  2.6189  2.6953  2.16  1.2872  5.6132  1.541  0.8889  0.496  1.838  3.3374  32.6958  
trainID = 733  4.7832  2.522  0.819  0.7365  2.0015  2.2213  1.5198  0.9199  1.443  4.0954  0.719  1.8673  7.5405  1.7501  7.8793  4.286  1.6424  1.4047  1.5727  4.8824  8.2371  37.2761  0.4131  0.1446  1.9336  27.6547  11.5966  4.1064  0.6406  10.6378  0.4887  2.8629  0.373  6.3423  5.69  3.0093  0.487  3.0856  6.184  6.2017  36.7561  
trainID = 750  5.9873  1.1287  0.744  3.8578  1.3151  1.1385  1.7238  0.1832  1.42  0.7303  0.639  0.3988  5.7909  1.1039  5.6819  3.6354  1.0399  1.7685  2.4889  2.4505  5.8256  36.7721  0.8424  1.582  0.633  10.1888  11.0348  7.2789  0.5902  8.1627  0.5661  2.8621  2.135  3.0464  4.7149  2.9759  0.7104  2.2396  4.6339  3.455  34.57  
trainID = 789  3.09  2.1307  3.3025  4.3877  1.5081  1.7113  0.8403  1.4818  0.6217  1.229  0.3072  4.8617  0.518  1.8267  16.6602  4.5113  3.7546  6.1978  2.3348  4.4739  2.2523  2.7483  0.3724  1.251  4.2  1.4414  1.5425  6.1657  2.0556  1.5425  2.1966  3.676  0.2506  3.3956  1.153  0.41  1.5555  3.6171  0.2238  5.1657  0.0122  0.746  1.0172  
trainID = 798  1.288  3.1123  4.8557  0.655  1.0287  0.5445  0.2078  0.6198  1.6131  1.841  0.3361  3.1733  2.7784  1.2156  0.4755  0.2689  0.902  2.5069  1.3224  0.2679  1.0026  0.0098  1.8676  3.4745  2.0123  0.3418  5.9217  2.4115  3.047  0.9347  1.2873  3.1905  0.045  0.2297  0.3856  0.0523  1.059  0.5524  0.955  4.1649  2.008  
trainID = 800  4.9543  4.347  1.93  0.828  0.9404  1.7937  0.3338  1.2887  2.222  0.6338  3.7667  0.5326  7.0072  12.2851  1.9064  8.2194  3.2088  0.9614  2.8519  0.4872  2.8834  0.453  1.115  3.835  2.5619  3.9167  0.2626  0.6884  3.1104  0.0056  3.6223  4.3274  6.0242  1.9056  0.576  2.9961  0.7674  1.3044  3.649  0.7005  0.566  2.1675  
trainID = 811  4.333  1.4697  2.2371  2.1035  1.9641  0.3931  2.2452  0.8348  2.9232  1.279  1.4057  0.1867  1.3843  2.7306  1.5726  1.8597  0.0938  0.7849  3.3111  4.1169  1.2247  2.6252  0.0991  0.729  3.142  2.4184  0.5394  0.0469  0.8601  2.7683  1.5721  1.7587  0.0211  0.5624  0.9086  0.587  1.2918  0.9613  1.377  1.1401  3.2254  3.076  1.5902  
trainID = 820  2.465  4.9135  3.413  4.8577  1.5045  2.1735  0.9836  0.1185  0.3311  1.0746  1.0019  2.1528  2.2896  5.7742  19.044  13.0196  3.7779  7.2535  6.7085  5.6329  4.0697  2.3464  0.4071  1.37  3.639  3.5116  2.3994  7.2952  5.9225  1.9126  3.6366  4.4775  4.9353  2.6316  2.1535  2.006  4.3096  6.8814  1.1237  3.5438  2.2594  0.103  1.5866  
trainID = 821  5.9351  2.6868  1.06  2.9131  1.5325  2.2102  1.0418  0.1018  2.315  3.3082  2.1641  1.6827  9.3688  9.6808  2.7055  4.2769  0.7545  3.5681  5.4729  1.201  9.7822  1.0226  3.2295  3.093  4.5118  4.4192  1.3694  2.3356  5.3954  1.8058  0.1165  7  5.2931  3.7735  3.8063  0.3726  1.6121  3.5034  3.444  0.9029  2.0555  3.2339  2.054  
trainID = 824  6.8472  1.3666  2.101  3.7008  4.4403  3.9052  35.4437  3.378  0.74  2.7424  10.5712  4.936  6.9198  4.1983  1.1355  2.2776  4.5299  2.4524  7.1821  3.4132  0.121  1.639  5.3165  3.5025  2.4432  13.6449  19.3422  5.3612  1.0167  11.6155  5.0375  3.1399  3.3624  0.7508  5.6527  2.9722  4.0622  3.5354  5.3955  7.0671  33.2033  
trainID = 825  0.686  1.6944  1.4223  1.932  1.7226  0.2788  1.2848  2.1178  2.7609  0.043  0.0992  1.2438  1.0801  0.7169  1.8542  1.9331  2.4256  1.3765  0.7301  3.7429  2.8365  0.3163  2.2604  0.069  2.99  0.333  0.9849  1.9607  2.343  3.9876  0.3131  0.0437  3.9997  0.5839  2.6951  2.5426  1.2221  0.7581  1.0687  1.0831  2.0468  0.817  4.0928  
trainID = 826  0.068  2.6074  0.5695  2.886  1.69  0.5747  0.9057  0.7868  1.5777  3.288  1.486  3.6184  0.3836  4.797  8.5658  1.0344  3.1313  3.1499  2.5834  5.5319  1.992  5.2979  0.1305  0.071  5.8764  0.4105  3.9027  0.482  2.1583  3.5649  2.931  1.1907  5.0262  3.8043  0.9915  1.306  1.2481  1.088  1.6052  3.8926  3.9454  0.76  1.7511  
trainID = 838  0.645  0.6093  1.4417  1.1624  0.4318  1.2837  0.9607  1.4352  0.8532  0.9671  0.0032  0.952  3.4044  5.7558  0.5412  2.8504  0.853  0.158  4.5411  0.2253  0.8128  1.7026  0.3597  1.588  1.421  4.5507  1.6532  0.7574  2.1565  1.4933  2.9349  1.1526  0.5922  1.9583  1.9749  0.2404  2.2715  1.8815  0.056  0.2929  1.939  
trainID = 843  6.1406  0.7412  0.5397  5.0048  4.427  4.9052  34.6547  5.2589  0.2706  2.059  9.1019  3.6388  9.037  5.801  1.8534  4.8686  2.3179  4.4758  8.6403  0.8291  0.347  2.942  2.5366  2.6348  0.6269  13.3617  27.6623  5.65  0.7255  12.4471  6.6648  3.871  0.013  3.4244  4.8329  3.8143  3.8761  1.0084  4.0658  4.1289  33.6977  
trainID = 883  6.3664  1.6511  0.875  3.9498  0.0856  0.3222  0.9278  1.6922  0.4147  3.0755  0.5299  0.8504  11.6803  5.2245  3.0631  5.9917  1.6825  3.6182  5.0669  0.5753  8.5398  1.9977  1.88  6.8175  4.9542  5.8548  0.0934  4.6154  10.0712  3.2849  1.5345  6.6149  1.9055  3.8424  2.435  0.9039  1.4537  2.3258  4.5554  1.0225  4.3322  3.7748  1.651  
trainID = 907  3.295  0.0152  2.0921  3.1748  1.512  1.1361  1.1258  0.8579  0.008  2.0831  3.867  0.727  7.4078  8.9906  3.8454  5.3871  0.325  2.1238  2.8139  1.1629  5.481  1.712  3.6506  5.216  3.5078  2.9677  1.8106  0.0512  7.2817  0.6585  1.384  6.2304  3.6931  3.2859  2.8628  2.6183  0.6858  2.1685  5.6675  0.4984  2.692  1.4209  
trainID = 919  4.1591  1.1032  0.501  4.3308  3.2316  2.0836  2.9818  0.0692  1.734  3.2419  2.2676  2.4554  9.5399  5.2798  5.5936  2.692  1.6476  3.76  3.7369  4.3077  6.086  0.496  0.926  3.195  2.2946  1.2149  0.7438  10.2773  9.4686  8.437  1.9604  9.2634  3.747  5.6587  1.382  1.6785  3.8766  1.1369  2.867  1.0962  3.9042  2.2504  31.0428  
trainID = 963  34.6735  1.9202  0.378  4.5666  1.2416  3.2587  2.9935  0.2984  1.5468  0.9724  3.0564  2.4467  0.9064  13.6001  4.1808  7.2829  3.8392  4.8509  10.8878  3.1549  3.6367  1.6301  1.4937  0.388  1.583  6.0423  2.8707  5.2855  2.3905  1.7876  6.2147  3.6128  2.6222  1.0053  4.0716  1.8621  1.1461  4.6334  2.1895  0.583  2.506  
trainID = 971  2.2531  0.8949  1.6057  3.6418  0.003  1.2974  0.6792  2.2852  1.4205  0.0981  1.4913  1.461  3.6867  4.1607  5.587  5.1629  1.2659  2.6651  2.2099  1.2268  5.4972  0.1395  3.2429  3.686  3.004  2.1715  2.5263  2.969  3.7219  1.513  1.4634  4.4488  0.9604  1.9064  1.732  0.8872  1.843  2.148  2.3399  1.5766  1.4165  3.5519  3.388  
trainID = 996  7.9441  2.0181  0.356  4.1308  3.2727  3.1162  36.0107  4.6701  3.8662  3.0584  13.7978  6.9465  5.5303  6.5275  3.898  3.6608  3.9809  2.9832  7.1618  3.067  1.433  3.985  3.7078  3.2049  2.4908  4.53  18.9039  1.1682  0.3173  9.1628  6.7501  5.2237  3.1588  2.4221  2.1833  5.499  5.9558  1.0521  4.038  2.9935  1.967  
trainID = 1082  3.4957  0.1859  1.023  4.8688  1.4374  1.3739  2.3288  0.6728  2.631  1.1078  0.046  1.0377  7.3384  5.8489  4.4886  5.5382  0.0892  3.5844  2.4609  0.1455  4.3674  0.0006  1.204  3.005  1.8677  3.8651  0.1138  5.2717  7.2414  3.9028  1.918  6.0581  3.8082  1.0093  4.9443  1.6801  1.2999  3.6943  2.4314  1.0876  2.7378  3.4818  
trainID = 1093  5.8317  1.8598  1.838  3.6468  3.0043  2.5741  36.8697  2.4935  0.6429  2.4054  10.66  3.5656  5.6061  6.516  0.3694  3.1738  2.1879  5.0366  10.2352  1.729  2.339  3.788  1.8462  3.9126  0.9387  13.9649  16.5676  10.8104  0.0624  10.5191  4.3549  3.2342  1.717  3.4265  5.5031  2.5334  3.5689  1.0418  4.2658  2.3052  31.9774  
trainID = 1151  0.2761  2.9027  1.161  1.4895  2.2367  1.3013  2.8828  0.6655  0.178  0.2099  2.5534  0.9458  0.9713  0.3316  4.5787  1.0308  1.953  0.6559  3.0849  1.4968  4.2707  34.9911  1.3833  0.9929  0.3711  3.4808  5.9669  1.021  0.1655  3.9788  1.2945  2.9733  1.995  1.4179  0.4818  0.3353  2.3806  0.735  2.1654  5.2606  33.0371  
trainID = 1158  1.663  0.3616  0.5153  2.6604  0.2138  1.6465  1.5281  3.3208  1.1849  1.933  1.29  3.0528  1.7299  2.3482  10.8466  4.3367  4.7414  1.705  4.8621  3.9149  2.7904  2.1132  1.8201  2.827  2.326  1.0628  1.3723  6.7447  2.4689  2.0644  0.258  2.9912  0.9192  3.2219  0.9147  1.075  4.8556  4.1671  1.2222  2.1688  3.5334  2.467  0.187  
trainID = 1176  4.9239  0.9851  1.091  2.8601  0.4724  0.6806  4.0598  0.0299  2.642  2.6697  3.7575  1.3865  6.3532  17.0021  2.7627  5.2806  7.0535  0.4567  3.2499  2.502  7.0552  1.1186  4.2083  6.0232  0.6607  2.8206  7.6147  0.1424  1.145  5.0737  3.805  5.1703  1.2224  0.492  3.0144  2.5718  3.7986  0.0999  2.9308  1.4142  1.194  0.49  
trainID = 1191  5.1625  2.2912  0.264  2.8057  1.5294  1.6231  1.4398  0.5913  1.921  3.2458  1.106  3.2484  7.3974  1.3077  5.1688  4.0321  0.6068  3.3898  3.0269  6.0934  6.3942  0.4652  1.916  1.57  1.3291  0.2011  1.2217  14.9171  18.9933  13.5391  1.9039  10.6132  2.9581  3.398  2.5949  3.2307  5.9666  3.2601  3.3805  1.5572  5.8503  4.5676  32.0747  
trainID = 1235  1.135  3.97  3.1441  3.5616  2.4287  1.4442  1.2434  0.9668  2.7092  1.843  0.119  1.7189  0.456  2.294  10.063  2.3791  5.1813  3.3828  1.1337  5.4339  0.7312  3.5261  2.1305  2.349  3.508  1.401  2.1911  4.6728  0.1279  1.5022  2.9535  3.3176  2.3396  2.0386  1.2651  3.6591  1.8861  2.1655  3.1997  4.6985  1.6687  0.014  2.0073  
trainID = 1280  4.8934  5.0229  1.497  0.6147  4.1161  2.6638  0.0001  1.4173  0.7937  3.786  1.617  2.5304  5.0023  1.1513  6.1184  2.5138  2.1617  0.1075  1.4303  7.6708  8.3373  36.1061  0.234  0.2242  0.9532  22.4306  9.2779  5.9535  1.2064  10.1729  0.2416  3.5844  0.401  5.9063  6.9668  0.7161  1.7934  2.6928  3.1055  5.7845  35.1485  
trainID = 1292  0.9383  1.8165  0.7621  1.5561  1.2074  2.3007  0.6634  0.992  0.948  1.3016  1.19  0.1755  0.9323  2.0493  0.5964  2.9195  0.4276  2.429  0.179  2.7222  1.5705  4.2937  3.5433  2.598  0.1717  0.7267  0.9501  3.3977  4.8746  1.7471  0.9311  3.7314  1.2972  2.0055  2.7885  0.1432  1.4765  2.1673  0.1647  1.3208  1.8464  0.4116  1.498  
trainID = 1309  2.417  2.7716  4.3273  5.0105  0.4646  3.1272  0.2639  3.1368  0.5711  0.958  1.5025  4.1947  1.6641  2.3844  21.8985  10.08  4.8251  7.4298  7.4339  4.4969  1.001  1.5368  1.7994  3.2803  2.981  5.5075  3.4845  7.1125  2.8585  1.5973  4.0682  3.043  1.0938  3.2536  3.5518  1.134  4.7461  6.2085  1.1337  3.0622  3.4404  0.777  1.183  
trainID = 1316  5.218  1.5806  2.151  2.6475  4.3558  1.8193  2.4998  1.682  0.037  5.2867  0.1559  3.7304  6.4072  1.976  5.8081  3.7095  1.9579  0.4203  0.4995  3.3593  6.748  34.7991  0.3994  0.6095  3.4589  24.2825  14.1293  0.1034  0.1901  10.5674  0.2398  3.7331  1.139  5.8373  6.8556  2.3994  0.4054  0.7703  5.2073  6.9259  32.3531  
trainID = 1325  6.7466  0.561  0.192  3.8188  3.1339  3.2582  35.2687  2.3789  0.7998  2.6834  9.6965  4.4979  5.7257  7.0234  0.2481  3.1098  1.504  4.1132  7.679  0.7463  2.104  2.586  2.8564  6.372  0.0621  11.0733  17.5797  7.5067  0.2579  10.779  3.4771  3.0397  2.8572  3.2126  4.8296  4.013  3.3106  1.537  6.8344  2.9971  29.652  
trainID = 1359  5.0642  2.8641  0.037  4.5118  4.255  3.2402  0.6358  1.1288  2.07  5.0714  2.639  2.9254  8.437  1.732  5.094  5.1992  2.5664  1.1364  2.5359  5.0935  7.0553  36.0091  1.6279  1.2136  1.7452  30.4461  24.3358  5.9643  2.6755  12.8635  3.7281  6.2666  2.6661  3.3694  6.8656  4.0537  1.8875  1.0631  4.9691  5.0836  32.5642  
trainID = 1366  0.938  0.2412  0.1239  3.0818  0.129  3.047  0.1331  1.7808  2.4639  0.181  0.5624  1.1894  0.6013  3.508  4.0074  0.86  2.4749  0.7127  1.7567  3.7319  0.0164  0.8179  0.0269  1.126  1.929  2.3349  1.3314  0.1152  1.3971  2.5114  1.4234  1.3527  1.1217  2.5777  1.3825  2.9432  1.47  1.4784  2.0857  1.565  0.4429  3.0144  1.1041  
trainID = 1371  1.279  0.4157  1.6791  3.194  1.1578  3.2809  1.0325  2.9788  1.1544  1.272  3.2497  2.195  0.7992  11.8156  2.2713  7.1814  0.3682  4.2425  7.6305  4.1899  2.5471  0.1361  0.6765  1.523  3.206  2.6531  1.4529  7.4126  4.1594  1.891  3.4329  3.3623  2.1143  0.8486  3.8812  0.1138  0.638  3.1724  1.5718  0.4205  2.12  
trainID = 1380  0.5825  3.2691  3.0023  0.9003  2.9727  1.4704  2.5978  0.1849  1.797  1.8746  2.8151  0.9991  5.1418  11.5793  6.2559  3.3172  7.0353  5.2641  4.9519  2.0037  3.1579  1.0678  0.041  2.753  2.6485  0.721  5.6011  4.4374  1.343  3.0525  3.3612  3.9583  2.8644  1.4086  1.115  5.66  6.5205  1.0927  1.0104  3.5914  2.4635  0.517  
trainID = 1385  2.123  0.6345  4.1791  3.1915  1.2048  3.2057  0.0742  1.4228  0.7938  0.39  0.7619  4.4102  0.915  14.0513  12.3414  12.621  5.261  8.7109  6.0862  3.2329  3.81  1.5993  2.0636  1.045  3.677  5.4926  0.944  5.369  4.7339  1.0002  4.9205  5.4055  2.0018  2.0758  3.4815  2.173  3.1063  6.7347  0.7655  2.0854  3.6254  1.3676  0.6332  
trainID = 1402  3.4956  0.527  1.3863  2.7233  1.2733  1.1988  0.1437  2.0163  2.024  2.1068  0.5871  1.972  4.8727  5.8755  2.111  3.0426  0.6281  1.603  0.4356  2.4956  4.321  1.4368  0.198  4.136  0.1261  1.8461  1.4709  5.762  4.9351  1.2467  2.7785  4.7617  1.0572  4.1608  0.996  0.4002  0.4064  1.6457  1.0614  2.6734  2.6768  2.9867  2.53  
trainID = 1415  0.8221  3.8076  2.4042  0.9289  1.1727  0.4919  1.1018  0.0495  1.877  2.3684  4.0025  1.3895  0.057  16.6186  5.2383  4.3232  5.8466  3.5289  5.6139  0.9958  1.1231  0.0108  3.4574  4.8705  2.5265  3.2326  8.4832  5.1497  0.278  3.2198  4.7335  0.2439  2.1105  1.7061  1.166  4.8729  6.3888  1.5468  1.8046  3.8814  1.069  1.0582  2.226  
trainID = 1422  0.87  0.3092  0.432  2.717  0.1526  0.6047  0.773  0.4628  0.7318  1.916  0.3004  0.504  0.8284  3.9242  2.1934  3.8276  2.9772  2.0533  4.4725  4.4909  0.3428  3.2194  0.6059  2.043  2.422  2.4144  0.9936  0.4682  0.7458  2.0901  0.1562  3.8855  1.2838  1.0599  0.6928  0.929  3.0528  1.6929  0.7904  1.5289  1.9023  0.682  0.4155  
trainID = 1476  0.772  4.6041  2.0808  1.563  1.391  0.9589  1.4023  3.0058  1.8412  0.963  1.2123  1.1317  0.0111  9.4223  6.8875  3.2402  4.2136  1.903  2.4636  5.1689  4.0595  5.4565  0.1228  1.655  2.718  2.9486  4.165  1.2939  2.9573  6.5077  1.6052  2.3577  6.4554  6.0941  2.5492  2.208  0.2675  2.3342  0.9462  5.789  1.25  3.9647  1.0887  2.614  
trainID = 1477  4.7416  0.0942  0.9488  2.3004  2.2416  0.2694  1.5158  1.0082  0.697  0.0066  3.3178  1.9537  4.9068  6.3841  1.2107  4.0387  1.8054  1.3879  1.7476  0.3668  4.6393  0.6292  0.606  1.727  0.5032  1.7883  0.7915  0.8417  5.651  0.9417  2.3939  3.2191  0.2204  1.5898  2.5692  2.1591  2.2938  0.2849  4.1687  1.6645  4.1251  3.9428  
trainID = 1497  5.1217  0.8058  3.457  2.9931  2.828  2.5015  34.6457  1.1311  1.4296  0.6153  9.4751  6.4054  4.632  4.7724  3.5088  3.7757  3.0089  2.3689  8.0542  0.0617  0.337  4.298  2.0999  4.4494  0.0805  7.8278  11.3227  4.0118  0.5636  8.8168  3.7544  3.2391  4.2159  2.6145  1.9192  3.4265  1.3926  0.824  3.1627  2.8977  32.249  
trainID = 1537  5.0006  0.6812  1.296  3.6938  3.0113  2.2939  2.2278  0.1103  2.547  2.1669  1.0096  0.1096  5.7355  4.7247  3.0461  3.4689  0.2269  2.4233  0.7853  2.3496  4.0501  1.9303  1.085  2.024  3.7663  3.2387  1.6097  11.1583  11.6011  9.5156  0.1907  8.5497  2.3866  4.0827  2.509  2.1673  4.2249  1.4964  0.8444  2.2866  4.2491  3.7477  33.5812  
trainID = 1556  4.7127  1.7042  1.6694  0.5282  0.9712  2.0304  1.4078  4.2733  0.314  1.6436  2.2917  0.304  1.9365  10.8557  0.8418  2.2493  1.5761  0.7505  1.8741  0.4694  2.185  0.8789  1.661  3.138  1.7789  0.3311  2.4339  2.1181  3.2299  2.8635  1.8085  1.5674  3.1902  1.4752  2.302  2.9811  4.4692  1.1415  1.4725  0.5862  1.841  1.0778  
trainID = 1567  1.12  0.006  1.7734  0.9294  0.0291  3.4706  1.1039  0.9368  1.2069  0.664  1.5481  1.3254  0.1673  2.8773  2.9201  2.2761  2.1522  1.0504  3.7203  1.5324  0.8668  0.3078  0.1567  2.9552  3.417  1.3001  1.6849  1.9954  2.5698  1.4884  3.1574  3.0965  1.6044  1.7892  0.157  1.196  2.1687  1.9668  0.0532  0.2653  2.1332  0.04  1.6106  
trainID = 1588  0.9194  1.1357  0.5009  1.5708  0.2188  0.0664  0.5663  0.0459  0.3239  0.1221  0.673  1.9707  0.5622  4.6874  2.5776  3.6169  0.5395  1.8027  1.7847  1.4246  1.0073  2.7554  1.175  2.843  2.4647  3.7336  1.4055  0.7101  2.3436  0.1353  0.3418  1.6944  2.906  0.4064  0.077  0.1718  0.5835  1.3137  1.6896  2.8474  1.7973  0.5991  
trainID = 1628  3.598  2.0993  2.8657  3.5693  3.4227  1.6784  1.476  4.4858  0.7229  1.402  1.4304  4.6419  0.5216  4.2264  11.5327  5.1585  3.287  4.5245  5.5167  1.9219  3.153  0.2085  1.5623  1.73  1.932  1.0994  2.6199  8.3256  2.1332  1.9946  1.1916  3.9611  2.609  0.9025  2.5667  1.591  3.1308  4.5167  2.0407  2.747  2.8204  0.296  0.4921  
trainID = 1639  5.2834  0.5032  0.026  4.5478  3.0595  2.6609  1.2168  2.2122  0.5648  2.6935  2.2603  0.9444  8.7821  4.8346  2.4746  3.5146  1.364  3.7006  2.3569  3.2609  5.0635  1.3226  2.602  4.208  2.7872  4.6939  0.5739  5.6309  8.5212  4.4664  1.5928  7.0169  4.3701  1.7774  1.303  0.643  1.5281  1.4541  1.5323  0.9895  2.4628  4.2424  31.6138  
trainID = 1643  4.8835  2.5802  0.56  2.2376  1.4217  3.0222  0.8963  0.2932  2.963  0.4811  0.348  1.4512  3.6939  8.3254  1.8159  3.7187  1.6044  2.6474  3.0409  0.3743  6.5163  2.2108  3.5988  6.5729  1.3898  4.5293  0.948  3.8095  7.8341  2.9406  3.1228  6.3427  2.5261  6.7698  0.992  0.9136  1.344  1.212  4.5767  0.625  2.8321  0.5022  2.764  
trainID = 1650  0.6418  1.4417  2.6562  1.5647  1.9228  0.0012  0.9768  0.5717  1.334  0.8554  1.7218  1.3132  3.9449  2.9697  1.505  1.9002  0.1792  0.5648  1.7898  1.2043  6.9215  1.5981  2.103  1.322  0.1405  1.1238  3.6205  2.8006  5.5254  0.9686  2.5058  4.8646  4.3304  0.6055  0.308  0.6994  0.8046  0.1527  1.2695  0.594  1.2971  0.7317  0.63  
trainID = 1657  0.082  0.6428  2.6617  2.2679  0.4955  0.1028  1.9057  0.3178  0.9341  1.573  0.9258  4.7511  1.6016  2.7959  12.3582  7.0268  3.551  4.9565  4.0302  3.5089  0.7958  0.4486  0.8178  0.114  2.94  2.023  1.1289  5.9584  2.5436  0.2678  4.2173  2.2408  0.0603  2.3083  0.2116  0.445  1.9313  3.8937  1.1201  1.5579  4.9614  0.146  0.5166  
trainID = 1685  1.232  4.7116  1.7687  1.1644  5.1248  0.8716  0.1931  2.2228  0.1153  0.802  1.0416  2.0988  0.7126  8.6518  11.1312  2.0974  4.3736  1.0547  3.2436  3.5009  0.7108  4.0829  1.2384  1.297  4.341  2.3473  3.1831  2.6655  0.0018  2.3647  0.5206  1.0674  4.1053  3.7521  0.5414  1.655  2.6768  2.257  2.7416  4.4511  0.0165  0.34  0.751  
trainID = 1686  5.2476  0.4629  0.864  3.7748  2.9434  5.7402  3.4158  0.0167  2.91  2.8787  0.0751  3.6914  9.8329  3.5224  5.6148  3.8834  1.5507  1.1964  4.5739  3.5951  7.2538  0.575  1.463  3.487  2.8974  0.73  1.3728  13.1152  17.3151  13.0418  2.0567  12.1143  6.9956  1.8915  2.5648  3.654  5.8835  2.8055  3.2474  0.5095  4.5521  4.4682  31.3265  
trainID = 1694  2.3301  1.4132  0.218  2.8081  0.1776  2.1889  1.6359  2.3299  0.4096  1.3848  0.1606  2.4024  1.6457  0.1564  4.216  1.1766  2.3249  0.9753  1.7358  2.6347  3.3985  36.9461  0.5648  1.9681  2.3364  2.4719  7.7366  0.4098  4.3529  6.6125  0.0065  2.1175  1.324  3.0833  3.2395  0.3647  0.5363  0.52  2.383  1.0471  33.8906  
trainID = 1706  0.643  0.8758  3.1866  1.3525  1.407  3.0554  1.8412  0.1607  2.9956  1.067  2.2604  1.307  3.0564  2.453  0.9255  5.2034  2.0202  0.7436  1.7195  2.0449  4.2734  1.841  34.1621  0.4046  3.0372  1.3066  4.6103  7.3222  2.5011  0.3046  7.0375  0.8997  1.2287  1.001  2.9688  2.0639  0.2068  0.6724  1.34  2.4527  4.1539  32.5737  
trainID = 1730  0.389  5.4905  2.2189  0.63  0.7989  1.4605  0.9751  2.4778  2.5808  1.363  1.6619  5.9995  1.4408  3.0045  13.7084  1.654  5.3744  2.2291  0.5834  4.2359  0.7976  3.9619  1.3376  2.345  3.832  1.7468  4.2627  3.0724  2.0703  0.7812  1.8947  2.2939  1.1067  2.3476  0.5746  0.805  1.7867  4.4951  0.9667  2.1984  2.6784  0.569  0.2674  
trainID = 1746  2.032  2.0067  4.4229  2.4841  1.7388  4.848  1.8089  0.1778  0.4177  0.136  2.983  3.1373  0.6914  10.5437  25.6339  16.1724  4.4222  6.8858  6.0456  2.6869  2.4631  0.2434  1.9538  2.704  4.9297  6.9446  3.5352  8.4916  4.6373  3.1806  5.5589  5.6215  0.9554  3.2782  0.1  0.221  5.4104  7.9948  0.8824  3.0515  4.3384  0.311  0.0868  
trainID = 1754  34.0741  3.4087  1.4343  4.7798  1.5307  6.5681  4.1138  0.4318  0.3459  1.0486  1.6709  1.7472  0.9433  13.2406  5.1257  8.645  1.1772  8.0184  10.9652  0.478  3.1735  0.2548  1.8907  2.11  3.043  7.9966  0.2379  5.9278  5.8498  3.4307  6.0686  5.3365  2.3213  1.584  4.2097  0.9732  2.3956  2.2944  3.719  1.5695  1.346  
trainID = 1760  3.6152  3.7207  0.9451  2.5358  3.4244  0.7566  1.2488  0.1984  1.911  0.7655  3.0889  1.9589  5.7426  17.2859  1.7952  5.2777  5.7246  1.2568  4.1929  1.5398  2.7271  0.9189  2.699  4.192  2.2232  2.2463  6.7151  1.3229  2.0718  0.9561  1.41  2.195  3.6126  0.0593  0.437  4.3547  5.6602  0.3583  3.8771  1.6709  2.0674  2.6301  
trainID = 1793  3.4134  0.8186  3.2272  1.0624  0.6074  0.5298  1.6488  1.1948  0.058  2.2085  5.6165  1.991  4.9342  8.5773  5.3463  3.3496  3.0194  6.7189  2.9189  0.6575  0.5814  0.265  2.064  4.5509  0.7341  0.1132  6.7495  3.1273  1.7627  2.9671  3.0375  1.1895  4.7103  0.6829  2.057  0.2382  5.3099  0.8424  3.1659  1.4367  1.0498  0.4103  
trainID = 1800  6.26  2.3524  2.357  3.1742  3.9469  3.8052  2.2428  1.2441  1.933  3.473  2.5121  1.7726  7.9793  2.4203  6.1727  3.6525  1.6471  3.9766  1.4934  5.0578  10.5502  3.2162  0.6  3.302  0.6118  0.4665  1.3115  16.9279  18.5101  14.4138  0.7835  10.9889  3.8904  4.0486  0.315  3.0523  4.8019  3.3689  0.7372  0.37  4.7127  5.7269  31.9571  
trainID = 1801  8.4121  1.8571  0.6971  3.3318  3.6224  4.9602  34.5677  3.4111  2.5687  3.9054  11.154  4.0813  5.3246  7.0777  0.3942  5.2205  2.9569  2.4825  8.9042  2.1609  3.5376  1.993  2.6546  3.9452  2.6643  10.3286  21.9469  1.2847  0.8297  12.0597  6.774  6.3134  1.658  4.1685  5.8365  2.9235  2.7128  0.3918  4.6036  1.3696  31.0409  
trainID = 1809  0.634  7.5094  0.1008  0.196  2.6494  1.8953  1.526  34.2507  2.7215  3.1436  4.4234  13.8302  7.0584  5.6736  4.7788  0.7165  6.5917  4.6839  0.459  5.7155  0.1102  1.444  3.257  4.2354  4.5619  1.0017  4.7728  10.0359  1.417  3.6805  8.8318  5.1431  4.7868  1.937  1.3563  2.0788  3.4658  6.3638  1.1314  2.0829  1.8258  1.218  
trainID = 1909  5.4597  1.5163  1.19  2.6085  2.5192  1.9982  2.2778  0.0003  4.462  3.6719  1.817  3.1894  7.1217  0.2766  7.3007  3.4009  0.0583  2.2555  2.2909  2.528  6.8204  35.7441  1.5845  1.6487  2.0922  25.3688  17.458  6.2298  2.0178  9.3775  2.7997  5.4703  0.153  7.4403  7.704  2.0022  2.6009  2.4058  4.6509  3.6963  31.7615  
trainID = 1938  1.2863  6.1577  4.8  3.6188  0.2488  1.0693  1.4368  1.0302  1.773  1.6539  5.8296  0.643  2.3476  18.717  6.6374  6.5848  5.1145  1.432  3.3749  1.3831  0.543  2.2232  3.3503  5.3258  4.4391  3.5337  5.2604  2.6744  0.1845  4.94  4.1265  0.2622  1.8304  1.7375  1.124  2.7533  5.6923  2.3098  4.7283  2.9934  1.484  1.4747  
trainID = 1969  7.9416  3.4524  0.707  4.6408  3.2948  3.2392  34.6227  1.9819  2.0484  0.5489  12.4467  9.2459  1.9798  3.9024  4.173  6.2963  3.4899  2.4615  6.5227  0.6938  3.5057  5.1808  6.9339  4.3894  0.1136  2.4535  11.9107  1.3958  1.2368  6.8967  7.2639  3.0802  2.8813  0.1811  0.6221  2.9264  5.5174  0.1957  2.1916  3.0892  2.354  
trainID = 1989  4.1613  1.2628  1.2425  0.2869  0.9903  1.3075  2.2128  0.2867  0.7528  1.6597  1.3263  1.0618  4.0361  9.3056  0.7859  3.9587  3.1953  0.9687  3.3139  1.0905  3.0974  1.255  2.62  2.468  0.2276  2.2538  2.6345  0.752  2.4533  1.6863  2.5846  4.1237  5.3656  2.8971  2.8318  0.9402  0.9123  2.379  4.8156  0.3713  1.6465  0.459  1.99  
trainID = 1998  2.1595  1.7423  1.366  1.7354  2.4008  0.3792  1.0078  1.0531  1.225  0.9274  1.1324  3.6054  3.027  1.4499  1.7088  1.5363  0.7761  0.1415  1.4639  4.2493  3.2788  36.0051  0.9455  1.866  1.1438  3.9825  7.4368  0.1453  1.0569  4.2456  1.2798  2.3603  0.381  0.114  4.6468  0.159  0.197  1.215  1.291  0.8768  33.6663  
trainID = 2000  5.5163  1.6961  0.084  3.0372  2.3256  1.5699  2.5868  0.8189  1.486  0.4396  0.9722  0.3319  7.8181  9.7988  1.8022  3.7655  0.3301  0.459  3.2789  1.0262  4.2389  1.1271  3.1126  5.7784  2.7529  3.3714  1.4924  3.3032  7.0493  4.3244  3.9972  3.6825  1.9773  1.3877  1.231  1.1917  0.2223  3.3321  4.8038  0.0699  2.3908  4.3529  
trainID = 2011  2.6908  1.6644  0.092  0.824  0.5444  1.4739  1.3838  0.1501  0.079  0.3794  0.25  1.1655  3.7131  0.8412  1.7705  4.8369  2.2183  0.3696  1.9779  1.8298  2.5437  34.7401  1.1283  1.3226  2.09  2.8288  4.4774  1.4123  0.8953  4.9526  1.9066  3.935  0.903  0.5867  0.1649  3.764  1.9921  3.2714  4.4389  3.3478  32.8841  
trainID = 2020  3.4101  1.4392  2.0241  2.6463  1.4749  0.4969  1.5455  1.6238  1.651  2.6496  2.3731  2.5411  0.9155  10.2846  2.7503  4.4784  3.7503  1.4094  3.6159  0.3012  0.7409  0.1434  0.073  1.725  1.6453  2.8292  3.5965  3.1368  4.1796  1.1053  4.176  2.7022  0.7733  0.3977  1.716  3.5458  5.0154  1.644  1.3147  2.1737  1.0684  0.1271  1.392  
trainID = 2021  5.8708  2.0034  1.95  2.7559  1.6701  4.8462  35.1417  0.4037  1.1647  0.7364  10.1355  5.0637  6.124  4.1579  0.6189  5.116  3.1199  2.1351  6.331  2.1722  0.456  5.0061  5.8234  4.0247  1.4142  10.5423  14.8996  7.6786  2.308  8.5218  2.31  6.1209  2.5692  2.6965  3.7126  5.6233  1.4797  0.0523  3.4131  3.8063  35.8695  
trainID = 2025  1.8079  3.1043  0.8772  1.2141  1.5829  1.7284  0.8588  0.7231  0.732  0.6971  2.0344  0.1829  3.7985  2.6592  1.7962  1.6951  1.6394  2.9545  2.9559  3.7198  3.3831  34.6391  1.0693  0.3997  1.3801  6.6752  6.9294  2.6268  1.4827  6.031  0.128  2.0664  0.931  2.5399  4.2172  1.526  0.8768  0.6608  3.1784  0.6831  33.7763  
trainID = 2026  4.7342  1.9453  0.299  1.0906  1.7289  1.6921  1.4808  0.6563  0.9898  0.7577  1.6516  1.1865  7.3866  7.1541  4.0242  3.1545  0.1366  1.6704  3.5549  2.5589  6.6844  0.0935  3.5504  3.004  2.6336  1.7967  1.4518  7.7046  8.9105  6.47  1.7859  7.4001  3.3314  4.9011  1.161  1.0697  2.8293  3.1229  4.7451  0.6037  6.1474  3.1903  34.2738  
trainID = 2038  1.6125  3.7199  2.1317  3.2698  1.4193  0.3579  0.9078  0.0933  0.71  1.2581  0.611  0.9418  0.5649  0.3957  2.8731  2.3869  1.1707  1.3671  0.4903  0.1346  2.2322  36.6951  2.1793  0.4806  2.9998  0.5066  2.4407  0.054  0.1399  3.9982  0.7531  1.3095  0.988  2.0791  1.3813  0.0273  1.4463  1.7687  1.1086  1.0106  0.953  
trainID = 2083  6.0511  2.9225  1.047  3.9398  4.8232  2.1084  34.9467  4.0717  1.0543  3.2914  9.2351  3.0736  2.8272  4.1065  1.6704  4.3793  0.9238  1.7499  7.4932  3.0663  0.836  4.216  3.0267  2.0691  0.1246  11.8345  18.7205  8.6759  0.8074  10.5813  1.5763  5.009  3.6709  3.4131  7.3875  5.1856  0.8202  0.6643  5.1137  2.8059  30.6659  
trainID = 2107  6.5614  1.3674  1.3794  5.9828  2.0479  0.5649  0.7343  1.1234  4.291  2.1773  0.334  2.2213  6.908  6.1357  4.9236  4.2302  2.4257  3.4935  2.6939  2.6528  4.1353  0.6729  2.041  2.946  2.4453  3.1955  0.1429  7.0376  9.9391  5.7796  0.1003  8.2512  3.7989  2.2273  3.7682  0.0941  2.6022  1.0779  3.4695  1.3791  3.2659  1.0411  33.2724  
trainID = 2119  4.4737  3.6937  2.491  3.8558  2.6758  3.5792  1.4118  1.0887  0.616  2.7696  1.748  2.28  9.0618  2.762  8.2857  6.0613  0.9291  4.1536  1.8305  4.4378  8.3957  0.0922  1.096  2.065  2.7766  1.4912  0.5989  20.0265  22.3105  16.3872  1.6936  11.9889  4.6313  5.088  3.3709  5.3183  6.1214  5.4306  0.1749  1.0113  6.1386  6.6559  32.8424  
trainID = 2142  0.235  3.1446  0.6291  1.6743  1.2471  0.4265  1.5937  0.6658  1.0653  1.325  1.8484  2.3997  3.0064  4.6802  6.3546  3.1496  0.5813  2.6915  4.1328  3.2729  2.2569  3.4132  0.1244  0.581  4.001  2.0081  3.3584  0.1273  0.2476  1.3722  0.1164  1.8513  0.8664  3.1173  0.8938  0.423  1.9635  4.0977  1.0669  0.6192  2.6194  2.6801  0.1531  
trainID = 2163  2.653  0.2053  1.369  1.7182  0.6224  1.888  1.743  1.0108  1.994  0.1582  0.7047  1.009  1.4586  5.3802  2.2788  3.4702  0.7794  1.2329  5.2321  2.5959  0.6512  0.0608  1.269  0.22  1.506  2.9682  3.2962  0.3931  3.7978  2.9252  1.5107  1.8351  0.5356  0.9889  1.0126  0.3787  0.2852  0.8497  1.9221  3.2424  0.26  0.8061  2.823  
trainID = 2171  3.6576  0.9893  0.937  1.0771  5.6347  1.4548  0.8438  2.4483  0.316  2.8408  0.4633  3.9054  2.6686  3.1033  4.6599  3.9514  0.6166  0.146  3.8729  5.5089  6.0645  3.1094  1.04  2.579  0.8127  0.5716  0.7374  9.8042  11.0266  6.3951  0.4806  8.3771  1.6921  3.1804  1.657  1.4167  3.3423  4.049  3.2946  0.4657  3.4703  2.3675  31.9091  
trainID = 2196  7.6677  1.4739  1.234  5.6498  3.1477  6.3212  34.0247  4.976  2.7736  3.0454  11.3285  4.9627  6.8333  7.732  2.7731  4.5041  2.3269  0.8786  12.8332  0.1802  0.085  2.936  5.7703  1.5247  1.2364  10.4555  25.8457  6.729  2.7317  10.7462  7.936  2.6177  0.259  1.9359  6.2339  5.9674  2.9571  1.2211  5.2872  5.3825  32.3309  
trainID = 2250  7.6352  2.5644  0.564  3.6998  3.5017  2.6243  32.8477  6.2787  3.4971  1.1457  14.2811  7.2994  7.0714  6.5792  4.0012  6.1542  5.8559  1.2187  8.703  0.5034  3.2804  5.9085  4.6831  7.1586  2.842  6.2364  16.9987  5.2575  0.8203  9.8604  8.0645  4.656  4.69  0.5394  4.302  5.9747  6.1079  0.8142  4.7965  2.9763  30.9469  
trainID = 2282  3.6981  0.4342  1.362  2.8416  1.5234  2.3824  1.8088  3.0226  0.225  1.8073  0.8951  1.2877  8.3944  4.5841  4.3495  5.3715  0.9152  2.3363  1.1589  1.803  8.7785  1.1324  1.966  3.788  0.3328  2.0737  1.355  10.5531  13.5777  7.5963  0.3049  8.024  3.3248  6.3807  0.129  2.8034  4.9074  3.5308  2.9173  1.7397  4.2861  5.9415  34.4473  
trainID = 2304  0.58  0.8984  1.388  2.385  1.1499  3.2864  2.094  0.7228  1.4266  0.317  1.0471  2.1392  0.5732  6.274  2.9316  1.5387  0.6267  2.2638  5.3  5.2279  2.46  0.0059  3.8715  1.145  1.625  1.2635  0.724  4.4184  2.7971  2.2804  2.1329  2.1691  1.6864  1.328  1.6771  0.631  0.2762  3.3504  0.4287  0.654  1.5617  0.433  0.3606  
trainID = 2358  2.1793  1.4645  1.1954  0.9425  1.2229  1.9005  0.5993  1.1428  0.228  3.3311  3.5596  1.3177  3.9338  7.593  2.2258  2.0128  0.7931  2.7741  1.6947  2.0673  4.2795  0.2925  2.859  3.339  0.25  3.8534  1.3862  1.5003  3.6036  0.2599  3.8468  4.2603  1.9618  1.6929  0.707  1.2406  2.0687  0.6101  0.5501  1.8582  1.2613  1.4596  1.934  
trainID = 2364  0.186  0.9612  0.3116  3.2077  2.2071  3.3972  1.0103  0.4936  1.2498  0.474  2.4319  4.3791  1.5936  7.9231  11.0429  4.6231  3.2125  2.5414  5.3191  5.3859  0.0777  2.3989  0.5818  3.3823  3.498  2.1524  2.472  4.7158  3.1391  0.1532  2.8257  3.3493  0.8435  2.6726  2.2173  0.451  2.8138  3.0062  2.4867  0.7665  2.3784  0.686  0.4874  
trainID = 2376  5.7457  2.9493  0.048  2.6139  1.3734  1.3179  2.8008  0.0359  1.764  2.5913  1.7062  0.2422  8.2227  11.1852  1.8458  4.8314  3.9243  2.4569  3.9279  2.7311  4.2969  0.1816  2.864  3.005  4.3974  6.3626  0.7412  0.2446  5.2605  0.7571  1.7247  7.1386  3.6598  3.1169  2.6332  3.6327  2.5399  1.2514  2.84  2.3794  2.0967  0.249  
trainID = 2414  1.2154  1.9776  0.225  3.3172  2.7647  2.2472  2.2128  2.4731  2.04  0.6138  2.5933  1.6625  1.707  0.1108  3.543  2.1096  0.9542  2.7125  0.8855  3.0733  4.2272  36.4731  0.619  2.1862  1.2517  6.6986  6.594  1.1074  0.468  6.3681  0.683  3.5467  0.239  3.2651  1.5879  1.3965  2.4078  0.3567  1.9559  5.1228  33.4052  
trainID = 2424  1.642  1.1212  7.6611  2.5592  1.8582  1.3607  2.6202  2.2288  1.1549  1.263  1.9077  3.5501  3.0141  4.1064  17.1493  9.1134  2.6134  6.4156  5.8689  4.3569  3.1315  1.5709  1.3308  3.106  4.7963  4.9234  1.4497  7.9734  3.5593  0.1269  4.6811  5.1725  3.5033  2.6737  2.4364  2.267  4.2251  5.1264  3.1547  1.078  2.5594  0.386  0.4927  
trainID = 2428  3.26  3.5661  4.1673  3.7907  0.4354  0.1385  1.9969  1.0598  0.4165  0.392  2.5184  1.79  0.316  6.9173  8.9604  6.7198  5.5308  4.5515  3.5817  4.5489  0.988  2.0975  0.4013  1.425  2.287  1.4486  2.1374  4.1  1.1182  0.0756  1.7084  3.4529  1.1187  1.7482  1.1147  0.345  3.487  5.0244  0.4058  2.0402  3.4164  1.817  0.0266  
trainID = 2501  0.219  3.6574  2.4575  1.5913  2.1993  1.0231  0.2178  1.3218  2.1364  0.3599  1.7864  0.915  0.9229  2.3369  7.6682  0.5431  3.8819  1.7524  0.4566  1.9789  2.0583  5.1429  1.0986  0.866  3.243  1.8692  3.8049  0.3935  1.646  5.3107  0.7734  3.1712  4.2489  2.8137  3.2218  1.463  2.1182  0.7438  1.7033  1.2026  2.7524  3.1989  1.9973  1.38  
trainID = 2517  4.1333  4.0418  2.3556  2.085  1.263  1.6425  0.6572  1.885  1.538  1.7914  4.7684  0.617  4.5184  14.4598  2.5998  6.4646  2.4865  0.9516  6.7219  4.3586  0.5033  0.9486  1.786  4.254  1.4608  5.6212  4.24  3.6003  3.1815  1.2549  3.396  2.4274  4.2273  2.8645  2.317  4.8394  5.5451  0.1615  4.2264  3.3014  0.051  0.4508  
trainID = 2532  2.049  0.4476  1.5764  2.9798  0.245  2.5735  2.1216  0.0788  0.1659  0.2795  2.4835  4.9039  1.9346  9.3752  18.706  11.4925  4.1424  7.4953  7.2253  3.0579  3.0654  1.0999  1.7893  3.325  4.1  4.9316  2.2488  6.8453  5.5723  0.6613  3.9944  1.3296  2.574  3.3393  2.3853  0.405  3.8618  6.898  1.2577  0.7933  3.1534  0.859  0.6922  2.83  
trainID = 2547  2.5509  1.5078  1.5389  2.5683  0.6395  4.9812  0.0324  0.3488  0.7391  0.1992  0.2094  0.3091  0.3588  3.454  0.8635  1.9312  0.3231  2.3878  2.7069  2.393  2.6812  1.8201  2.684  1.735  0.411  3.1967  0.3886  1.8043  6.0605  3.5762  3.7702  4.1225  1.0028  0.5135  0.095  0.1355  2.4535  0.1727  1.1075  0.336  1.2033  0.0151  
trainID = 2568  0.518  0.3721  2.6215  2.3029  0.9888  0.7374  0.6196  2.1388  1.3939  0.379  1.4946  4.2305  1.5188  5.2923  10.6554  4.6211  2.2673  5.68  5.2967  2.4969  0.2582  2.5798  0.2609  1.286  4.068  2.19  0.8241  6.3523  2.1104  0.0355  2.7189  3.8723  0.2453  0.6466  0.4861  1.763  1.3506  3.2333  2.7077  3.0666  3.5234  0.393  1.7535  
trainID = 2576  5.0327  1.097  0.135  3.0366  3.7058  4.2442  0.2183  0.7446  0.188  1.357  0.4014  2.0772  8.3248  1.3345  5.4834  5.227  0.4668  2.5421  1.762  0.7572  8.2525  1.2463  1.062  2.145  3.2296  3.2361  0.9472  13.6128  16.6804  12.8383  1.3828  10.362  2.8561  4.2827  3.5903  3.0284  6.8831  2.5485  2.2358  0.6944  2.3377  4.2162  31.9403  
trainID = 2579  2.853  0.6067  4.2349  1.0739  3.1402  2.2749  1.5107  1.3548  0.2433  0.212  3.3268  1.3179  2.5381  11.2854  10.833  8.6169  3.4192  5.4736  8.1505  3.7769  1.1275  2.1309  3.1959  3.5628  3.455  1.6909  2.156  7.0704  4.6386  1.8563  3.8286  3.1788  0.9819  1.354  0.1335  0.48  2.5954  6.0118  2.1177  2.2521  5.0274  0.823  0.2108  
trainID = 2606  1.129  2.6486  0.613  0.7522  1.5299  0.9313  0.3486  0.9464  2.4692  0.8673  0.2468  0.5875  0.4594  2.0582  2.8884  0.1016  3.2044  0.2629  1.9068  3.0209  0.15  1.6133  1.8463  2.455  1.161  3.7782  2.3768  1.7185  0.2058  2.1237  1.0371  3.6181  1.318  0.2786  1.1388  1.489  2.7163  0.0532  2.1457  1.6603  2.3054  0.469  1.4552  
trainID = 2616  0.642  0.8248  4.1036  4.0882  0.37  0.0826  0.9954  0.5767  1.2145  0.4682  0.7868  4.0286  3.4641  1.5886  13.4662  3.715  4.1843  3.8769  4.0386  5.3549  1.2773  2.9559  1.5424  3.6733  4.8283  3.7057  4.1923  6.8291  3.7445  0.8541  3.8564  4.8465  0.2855  2.9703  1.0046  1.105  2.906  5.7251  0.2851  0.3928  1.4937  1.9547  1.0466  
trainID = 2623  3.504  1.77  0.6146  1.1003  1.6848  1.0668  2.2341  2.1048  1.3844  1.35  1.3745  1.745  0.6393  4.4611  4.2775  3.3493  4.0665  0.5485  3.9659  3.4769  0.2487  1.8816  0.8519  0.128  1.981  1.1295  2.8692  0.5233  1.0233  2.1173  1.8169  3.3191  0.1412  0.208  0.9418  1.577  1.4144  1.6438  1.3477  0.3818  2.7264  1.8852  1.3506  0.563  
trainID = 2629  2.3062  1.9649  0.095  1.4606  0.4023  2.4641  1.7938  1.4422  0.409  0.2671  0.6761  2.9734  3.8615  5.9595  0.1671  2.0395  2.3596  0.4942  1.9179  1.6143  1.3855  0.3816  1.461  4.9351  1.095  2.5767  1.0583  3.6748  3.7619  1.4373  0.9898  2.0243  2.5484  0.7202  1.606  1.8388  1.8752  0.0642  4.4613  0.5657  0.276  1.3666  
trainID = 2664  3.5019  5.1514  0.175  0.6859  2.7743  0.9437  2.6078  0.7472  1.097  1.4472  3.9898  2.8319  3.081  18.1094  5.7917  5.6275  3.8348  2.3275  6.1349  1.0406  0.7603  1.349  0.791  2.927  3.0767  2.9262  9.453  3.2176  2.2702  3.2427  4.0932  2.0972  4.1505  1.1652  3.5483  5.8465  5.9301  1.0317  2.6932  4.2904  0.554  0.5771  
trainID = 2672  7.7857  0.2115  0.985  4.0228  2.5267  2.9612  35.8247  2.7827  1.6987  2.4304  10.3662  6.2727  4.2872  5.7641  0.6258  3.4096  3.6239  1.0285  8.9832  1.4395  0.12  4.221  5.2754  5.7404  0.595  5.9546  17.2359  3.2896  1.2496  9.6425  6.8343  5.5032  2.6449  3.2568  1.8596  3.8783  4.5696  0.9258  3.4594  5.4609  31.3884  
trainID = 2684  0.7342  2.4761  1.473  0.8376  1.6785  0.501  1.6218  0.1409  2.165  0.879  1.1855  0.6028  0.3137  7.9074  3.2458  4.0601  0.0585  0.2431  3.8639  0.3156  2.1036  0.6921  1.873  2.998  0.5695  2.9798  6.1102  0.5748  2.2893  0.0414  3.5027  0.8468  0.4688  1.2301  2.7783  1.3523  3.4662  0.5766  0.8358  1.9033  0.563  0.2461  
trainID = 2705  6.4122  1.389  1.0666  3.291  1.6644  0.1804  2.7508  1.8947  1.391  0.0378  0.9285  0.2437  8.01  11.5283  2.8203  4.2592  1.8659  3.8659  3.9099  1.4541  5.6957  1.1205  0.97  3.896  3.4444  1.7907  0.1487  2.0113  4.8158  2.0907  3.0229  2.9695  4.9984  3.2519  2.509  1.8779  0.3855  2.7988  4.2875  1.5252  2.2354  0.2695  
trainID = 2741  4.8734  1.4324  0.878  2.9349  1.8863  1.9231  2.0998  1.1848  1.1923  1.0018  1.9841  4.0084  9.0488  3.4981  5.3698  5.2048  0.1069  3.159  3.7459  4.9008  4.7961  1.1381  2.093  0.289  3.1104  1.5107  1.3305  10.149  12.5301  6.8023  0.8731  6.8262  2.4455  3.7029  4.2521  2.0941  6.0146  4.3436  0.3711  2.1999  6.7947  5.8418  33.1633  
trainID = 2751  0.623  3.9465  3.6809  2.8411  1.2641  1.6513  0.8285  2.4998  1.9953  2.1  1.3892  5.7494  1.2081  9.5001  19.286  4.0309  6.1546  5.5838  0.1734  4.4979  0.8176  3.2496  0.8575  2.247  5.6046  0.9027  2.5871  5.9599  0.6014  0.8594  1.2018  3.0834  0.3942  4.4264  0.4066  1.954  4.0552  5.8479  1.3496  2.8943  5.1534  0.211  0.2231  
trainID = 2765  3.4783  0.0147  0.973  1.7567  1.4047  0.7405  1.5638  0.9308  1.218  0.8262  4.219  0.4013  11.858  8.4672  2.9289  3.6404  2.3302  4.749  3.0289  2.5866  6.6778  0.6145  4.2524  5.8906  2.9263  1.7512  0.8719  5.4125  5.1415  3.6693  0.4777  10.3394  2.7814  2.8668  3.197  0.4395  0.5691  3.075  5.0267  2.1634  0.59  2.1867  
trainID = 2771  4.1733  1.7972  2.2342  4.5898  1.6324  2.7022  0.4378  0.6958  1.267  0.9056  1.197  2.8764  6.5228  2.22  4.7542  2.7972  0.176  2.9557  1.2596  4.0123  6.6794  0.9758  0.746  3.769  2.0948  1.3234  1.2729  8.5605  12.152  10.0895  0.9767  8.7385  0.4122  5.5634  0.199  3.3576  4.8078  1.1749  1.6224  1.0949  5.0781  4.1699  30.0461  
trainID = 2775  8.2385  0.0994  0.975  3.7178  4.1659  4.5452  34.8947  1.3637  2.2928  0.0066  12.8845  4.8052  4.4532  5.3311  1.6969  5.3388  3.3579  1.4257  5.2626  0.9  2.186  4.5592  3.3032  2.1779  2.5852  8.5847  17.1073  2.7833  0.6141  9.042  7.1776  3.3888  3.0051  0.0639  3.8916  4.6129  4.8765  1.0543  3.0789  4.9678  30.3628  
trainID = 2799  0.938  3.1293  1.57  4.6775  0.2532  1.5714  1.3554  1.3358  0.641  1.9911  0.1427  4.3432  0.2747  0.4022  17.6004  5.6898  3.6032  1.6746  2.8079  3.0329  0.1678  0.9122  0.6819  3.02  3.895  2.542  1.2583  7.5055  2.2083  2.1569  3.0285  6.1905  1.1716  3.3206  0.763  1.512  6.5012  7.3223  0.7925  2.4813  4.6674  0.507  0.9608  
trainID = 2800  1.193  2.0882  2.6574  0.071  1.8661  2.4756  0.6725  0.0457  0.5852  1.079  1.3865  1.6497  3.6174  2.2491  0.8883  5.7204  1.6177  2.2655  0.014  1.8917  4.0757  3.3907  36.1951  0.8444  0.6924  2.495  5.9346  6.0962  0.7759  0.6304  6.3123  0.3259  2.8644  1.562  3.0053  2.8357  0.2331  0.3371  0.4396  1.8152  2.0635  32.7362  
trainID = 2822  2.5558  1.557  0.119  1.7974  0.4189  1.4472  2.1498  2.7188  0.9378  0.9179  0.552  1.8537  4.7645  0.4667  3.3794  1.1227  1.468  1.143  1.5042  2.6701  6.9528  35.2791  0.0548  3.8596  1.7127  6.4536  9.1637  3.2667  0.7018  7.8806  2.1267  1.5709  1.993  3.1136  2.0491  1.5173  2.0234  0.6151  4.5847  1.5061  33.3093  
trainID = 2837  6.4693  1.2494  0.749  4.8498  1.8353  4.5322  34.6987  1.6265  1.0758  2.8264  11.8558  4.5783  4.8573  4.4195  3.1216  3.76  5.4419  3.3826  7.4477  0.9232  2.036  3.359  1.8661  1.8245  2.7819  10.119  23.1925  1.0277  2.5143  11.2254  4.7236  5.1223  2.5582  4.8723  5.1274  4.7876  4.5597  3.5214  6.5653  2.1095  30.2384  
trainID = 2843  2.5766  4.6094  2.5997  0.43  2.7479  0.0458  0.3678  1.9831  0.115  3.7912  3.1082  3.7721  4.3951  19.9023  8.3342  4.1728  8.2355  3.9383  4.7499  1.7486  2.2525  0.5384  1.982  2.981  3.9456  1.1691  6.9012  3.1415  0.1106  1.6464  4.3505  0.9008  2.231  0.9423  0.744  3.0247  7.4257  0.6498  2.7369  3.3424  0.672  2.7265  
trainID = 2863  0.066  1.7469  3.9045  4.0239  1.1887  0.1809  1.2079  1.7608  1.4571  2.693  2.3719  3.4213  0.452  0.8613  17.9198  4.2377  3.5706  5.4196  4.1826  3.3729  1.1046  1.9692  0.151  2.802  0.869  0.2636  1.9657  6.3033  4.0302  0.7599  1.8806  3.8506  0.168  3.1263  0.3204  3.2915  4.5537  5.4956  3.9097  0.07  2.4864  1.46  0.6052  
trainID = 2869  5.1057  2.1487  2.1621  0.7819  3.3242  0.2146  2.3268  3.2893  2.114  2.9385  0.96  5.3584  5.2579  0.6193  3.5727  2.3348  1.5564  0.7062  2.4379  4.5769  6.9494  32.2731  0.3131  2.6173  1.2815  17.6568  12.2418  4.7152  0.5314  8.7477  0.2502  2.3572  0.487  5.0763  4.254  2.69  2.0156  4.7588  3.4207  3.0825  34.9968  
trainID = 2910  5.9302  0.1962  3.248  3.5868  2.3226  3.4342  1.2588  0.8736  0.3634  2.553  0.11  2.2589  10.5684  5.2104  4.3483  4.5266  2.5243  2.0741  1.6251  2.1927  7.6154  0.0241  1.156  2.944  4.8787  1.7571  0.5596  8.491  12.3598  9.6595  1.764  10.4698  2.6022  3.4103  0.988  1.8349  4.0231  0.4358  0.9884  1.2724  4.6998  3.139  33.6239  
trainID = 2912  2.155  2.2651  1.6749  3.121  0.573  0.9345  0.1058  0.7048  0.1958  0.951  0.5269  4.3507  2.4424  1.1581  9.7921  1.7634  5.0386  3.4471  0.5618  3.3819  0.5043  1.9792  1.1848  0.549  3.577  1.7279  3.371  2.5334  1.6295  0.3295  3.3319  1.1145  0.8263  1.1913  0.4362  1.827  0.379  3.6394  1.3899  4.9817  1.3539  0.609  1.0255  
trainID = 2915  1.7128  4.7756  2.7671  1.7936  1.9105  0.521  1.3428  0.4225  2.2439  0.0835  2.5857  1.1032  5.1514  12.0558  3.6741  4.2435  0.8415  2.3157  2.6119  1.6307  0.2815  1.4192  0.078  3.317  0.2326  2.1992  5.5324  2.619  0.467  0.7629  3.3023  0.1518  2.0469  0.0192  0.672  2.784  5.2633  0.9944  2.1238  2.7384  1.299  0.8668  
trainID = 2918  3.9826  0.2198  0.202  1.9118  3.0594  2.1102  1.5808  0.7408  2.312  1.3219  1.9  3.1344  7.7327  2.4199  7.0456  3.2797  1.9441  0.5922  2.8629  4.3332  8.5145  0.2819  2.18  2.491  3.5032  1.5631  1.976  13.8645  14.6456  11.1701  1.0018  10.1628  2.3969  6.1111  2.6412  2.8976  6.6586  4.269  1.1468  1.7461  4.3851  4.7351  32.2749  
trainID = 2943  0.766  6.033  1.7613  0.581  2.835  1.3321  2.149  2.9748  0.3684  1.323  1.1946  3.591  1.2558  5.9439  13.1319  0.2947  3.5581  3.1594  0.081  1.7367  0.0293  5.4133  0.8792  3.1079  4.9218  3.0155  4.7176  2.138  2.1375  3.2721  2.9144  4.4535  2.6445  4.1568  0.6956  2.9274  3.7769  2.4689  2.5886  3.91  2.3124  1.8906  1.9241  
trainID = 2945  0.013  3.255  0.2283  2.6851  2.2152  0.8508  1.0379  2.4988  3.2655  1.478  2.6304  0.003  0.5307  0.5158  1.7353  3.3205  2.1198  1.3673  1.0574  1.9559  1.0031  2.7896  2.2412  1.152  1.893  1.6596  0.872  1.5712  2.4316  1.7521  0.0227  0.646  3.4048  0.0849  0.8442  2.008  0.1206  0.0231  1.7037  3.0232  0.9002  1.0472  3.5477  0.608  
trainID = 2948  0.264  4.4025  0.5403  0.112  2.8216  1.478  2.2973  0.3718  0.303  1.797  0.4925  0.676  2.2815  2.0089  5.8249  0.3652  4.13  0.6537  1.3801  5.1319  2.8901  4.5858  1.49  1.834  2.535  1.2017  1.2798  1.1927  3.9481  5.4504  3.1793  0.8376  4.2137  2.3279  2.0731  1.304  1.9245  0.798  0.0295  2.1518  0.3071  0.08  4.2629  0.927  
trainID = 2959  2.5413  0.1479  0.064  3.2651  2.3828  1.6521  2.3388  1.8108  1.042  1.1643  2.4218  2.6414  9.1973  6.3622  3.9115  5.0335  0.4432  1.7088  2.2589  2.178  6.086  0.829  3.7472  2.455  3.5157  2.9072  1.2081  7.859  10.1249  4.2401  3.8413  7.6543  5.1382  4.8778  1.187  0.2474  2.015  1.3685  2.8272  1.7759  2.4448  3.1289  
trainID = 2962  3.4164  3.432  0.294  0.9041  1.1691  0.2566  0.4888  0.2778  1.189  1.3303  0.1515  4.3254  0.7967  0.1312  5.2616  0.2705  0.84  0.3563  2.9769  2.711  3.4221  0.5439  0.7152  0.7673  2.1986  1.9038  6.3308  0.4724  2.8876  4.0021  0.2277  2.3164  1.346  2.7041  2.2943  0.2353  0.0324  0.1029  0.108  3.8673  31.4642  
trainID = 2977  0.143  1.8465  1.3249  1.862  0.461  1.6372  0.1228  2.7148  0.8151  2.552  0.486  0.474  1.9692  3.1506  1.994  1.9885  0.9164  0.1326  0.2203  2.4239  2.6921  4.2483  2.0071  0.602  2.83  0.1147  1.1799  0.2299  4.3212  6.5384  5.8666  0.7494  4.6163  0.9669  2.0229  1.482  0.3052  0.7028  1.4023  0.7975  0.2226  3.2333  2.985  
trainID = 2996  7.9888  0.6339  0.213  4.2308  2.6052  3.8312  34.9407  3.7746  2.99  0.5866  12.1198  5.7159  6.2266  6.6279  1.2825  3.3112  1.387  2.3349  8.8182  0.5249  3.2356  3.749  4.4644  4.7529  2.2593  4.6677  20.4106  3.1372  4.5615  10.8329  8.8798  4.6874  3.3858  1.9097  3.3373  5.916  7.4001  2.8557  6.9753  3.6252  3.169  
trainID = 3000  9.1548  1.0197  1.839  3.3518  2.7361  6.4702  34.1557  4.1658  2.8225  2.4894  13.9444  6.6174  7.1332  7.0469  3.3637  3.3037  1.0392  2.3707  11.0142  1.8204  0.172  4.468  5.8161  2.3208  1.041  9.53  28.0651  6.3183  4.2895  12.0195  4.7957  6.6681  4.8193  3.5474  6.681  6.39  3.2779  0.9096  5.5063  3.6651  30.2666  
TrainID = 506  dbValue = 1.18838  nTestCell = 44  nTrainCell = 43  nDiff = 1  (X,Y) = (1705, 2355)  Position Error = 25.4951
TrainID = 1588  dbValue = 1.3836  nTestCell = 44  nTrainCell = 42  nDiff = 2  (X,Y) = (1685, 2365)  Position Error = 43.0116
TrainID = 838  dbValue = 1.48449  nTestCell = 44  nTrainCell = 41  nDiff = 3  (X,Y) = (1695, 2285)  Position Error = 47.4342
TrainID = 2606  dbValue = 1.49037  nTestCell = 44  nTrainCell = 43  nDiff = 1  (X,Y) = (1695, 2335)  Position Error = 15.8114
TrainID = 1366  dbValue = 1.51377  nTestCell = 44  nTrainCell = 43  nDiff = 1  (X,Y) = (1675, 2315)  Position Error = 38.0789
TrainID = 2945  dbValue = 1.54803  nTestCell = 44  nTrainCell = 44  nDiff = 0  (X,Y) = (1735, 2385)  Position Error = 60.4152
TrainID = 1567  dbValue = 1.55326  nTestCell = 44  nTrainCell = 43  nDiff = 1  (X,Y) = (1665, 2315)  Position Error = 47.4342
TrainID = 798  dbValue = 1.56015  nTestCell = 44  nTrainCell = 41  nDiff = 3  (X,Y) = (1745, 2365)  Position Error = 49.4975
TrainID = 494  dbValue = 1.57391  nTestCell = 44  nTrainCell = 41  nDiff = 3  (X,Y) = (1715, 2325)  Position Error = 7.07107
TrainID = 1422  dbValue = 1.58042  nTestCell = 44  nTrainCell = 43  nDiff = 1  (X,Y) = (1675, 2305)  Position Error = 43.0116
TrainID = 825  dbValue = 1.59286  nTestCell = 44  nTrainCell = 43  nDiff = 1  (X,Y) = (1715, 2385)  Position Error = 55.2268
TrainID = 811  dbValue = 1.62218  nTestCell = 44  nTrainCell = 43  nDiff = 1  (X,Y) = (1695, 2315)  Position Error = 21.2132
TrainID = 1292  dbValue = 1.62238  nTestCell = 44  nTrainCell = 43  nDiff = 1  (X,Y) = (1715, 2395)  Position Error = 65.192
TrainID = 2547  dbValue = 1.65067  nTestCell = 44  nTrainCell = 42  nDiff = 2  (X,Y) = (1705, 2415)  Position Error = 85.1469
TrainID = 2163  dbValue = 1.65212  nTestCell = 44  nTrainCell = 43  nDiff = 1  (X,Y) = (1685, 2305)  Position Error = 35.3553
TrainID = 1650  dbValue = 1.72038  nTestCell = 44  nTrainCell = 43  nDiff = 1  (X,Y) = (1685, 2415)  Position Error = 88.6002
TrainID = 2684  dbValue = 1.72155  nTestCell = 44  nTrainCell = 42  nDiff = 2  (X,Y) = (1615, 2345)  Position Error = 96.1769
TrainID = 2623  dbValue = 1.7452  nTestCell = 44  nTrainCell = 44  nDiff = 0  (X,Y) = (1675, 2335)  Position Error = 35.3553
TrainID = 2629  dbValue = 1.78029  nTestCell = 44  nTrainCell = 42  nDiff = 2  (X,Y) = (1655, 2395)  Position Error = 85.1469
TrainID = 2977  dbValue = 1.79887  nTestCell = 44  nTrainCell = 43  nDiff = 1  (X,Y) = (1705, 2435)  Position Error = 105.119
TrainID = 2304  dbValue = 1.84768  nTestCell = 44  nTrainCell = 43  nDiff = 1  (X,Y) = (1645, 2275)  Position Error = 85.1469
TrainID = 2142  dbValue = 1.90888  nTestCell = 44  nTrainCell = 43  nDiff = 1  (X,Y) = (1645, 2315)  Position Error = 66.7083
TrainID = 450  dbValue = 1.94614  nTestCell = 44  nTrainCell = 43  nDiff = 1  (X,Y) = (1635, 2335)  Position Error = 75.1665
TrainID = 2912  dbValue = 1.96826  nTestCell = 44  nTrainCell = 43  nDiff = 1  (X,Y) = (1605, 2365)  Position Error = 110.68
TrainID = 2948  dbValue = 2.00355  nTestCell = 44  nTrainCell = 44  nDiff = 0  (X,Y) = (1675, 2415)  Position Error = 91.9239
TrainID = 2358  dbValue = 2.02914  nTestCell = 44  nTrainCell = 43  nDiff = 1  (X,Y) = (1645, 2385)  Position Error = 85.1469
TrainID = 1556  dbValue = 2.06988  nTestCell = 44  nTrainCell = 42  nDiff = 2  (X,Y) = (1615, 2355)  Position Error = 98.2344
TrainID = 1477  dbValue = 2.08794  nTestCell = 44  nTrainCell = 42  nDiff = 2  (X,Y) = (1645, 2415)  Position Error = 107.005
TrainID = 2501  dbValue = 2.12835  nTestCell = 44  nTrainCell = 44  nDiff = 0  (X,Y) = (1645, 2415)  Position Error = 107.005
TrainID = 1989  dbValue = 2.18537  nTestCell = 44  nTrainCell = 43  nDiff = 1  (X,Y) = (1605, 2405)  Position Error = 129.035
TrainID = 1402  dbValue = 2.18911  nTestCell = 44  nTrainCell = 43  nDiff = 1  (X,Y) = (1685, 2445)  Position Error = 117.686
TrainID = 2915  dbValue = 2.21327  nTestCell = 44  nTrainCell = 42  nDiff = 2  (X,Y) = (1595, 2305)  Position Error = 117.686
TrainID = 2038  dbValue = 2.21874  nTestCell = 44  nTrainCell = 41  nDiff = 3  (X,Y) = (1745, 2375)  Position Error = 57.0088
TrainID = 388  dbValue = 2.22364  nTestCell = 44  nTrainCell = 43  nDiff = 1  (X,Y) = (1635, 2275)  Position Error = 93.0054
TrainID = 2020  dbValue = 2.24657  nTestCell = 44  nTrainCell = 43  nDiff = 1  (X,Y) = (1595, 2335)  Position Error = 115.109
TrainID = 1657  dbValue = 2.25901  nTestCell = 44  nTrainCell = 43  nDiff = 1  (X,Y) = (1585, 2285)  Position Error = 132.853
TrainID = 971  dbValue = 2.30767  nTestCell = 44  nTrainCell = 43  nDiff = 1  (X,Y) = (1695, 2425)  Position Error = 96.1769
TrainID = 337  dbValue = 2.34527  nTestCell = 44  nTrainCell = 43  nDiff = 1  (X,Y) = (1655, 2455)  Position Error = 136.565
TrainID = 439  dbValue = 2.35254  nTestCell = 44  nTrainCell = 42  nDiff = 2  (X,Y) = (1625, 2425)  Position Error = 127.475
TrainID = 2568  dbValue = 2.357  nTestCell = 44  nTrainCell = 43  nDiff = 1  (X,Y) = (1595, 2285)  Position Error = 123.491
TrainID = 826  dbValue = 2.38748  nTestCell = 44  nTrainCell = 43  nDiff = 1  (X,Y) = (1625, 2425)  Position Error = 127.475
TrainID = 1685  dbValue = 2.40048  nTestCell = 44  nTrainCell = 43  nDiff = 1  (X,Y) = (1585, 2445)  Position Error = 169.853
TrainID = 2962  dbValue = 2.40297  nTestCell = 44  nTrainCell = 41  nDiff = 3  (X,Y) = (1735, 2405)  Position Error = 79.0569
TrainID = 1730  dbValue = 2.42949  nTestCell = 44  nTrainCell = 43  nDiff = 1  (X,Y) = (1575, 2345)  Position Error = 135.831
TrainID = 2428  dbValue = 2.47539  nTestCell = 44  nTrainCell = 43  nDiff = 1  (X,Y) = (1605, 2285)  Position Error = 114.237
TrainID = 1158  dbValue = 2.49828  nTestCell = 44  nTrainCell = 43  nDiff = 1  (X,Y) = (1595, 2305)  Position Error = 117.686
TrainID = 1793  dbValue = 2.49867  nTestCell = 44  nTrainCell = 42  nDiff = 2  (X,Y) = (1615, 2295)  Position Error = 101.242
TrainID = 1235  dbValue = 2.51072  nTestCell = 44  nTrainCell = 43  nDiff = 1  (X,Y) = (1595, 2355)  Position Error = 117.686
TrainID = 2364  dbValue = 2.54667  nTestCell = 44  nTrainCell = 43  nDiff = 1  (X,Y) = (1605, 2275)  Position Error = 118.533
TrainID = 800  dbValue = 2.56992  nTestCell = 44  nTrainCell = 42  nDiff = 2  (X,Y) = (1585, 2395)  Position Error = 140.89
TrainID = 443  dbValue = 2.57443  nTestCell = 44  nTrainCell = 43  nDiff = 1  (X,Y) = (1585, 2395)  Position Error = 140.89
TrainID = 789  dbValue = 2.62187  nTestCell = 44  nTrainCell = 43  nDiff = 1  (X,Y) = (1555, 2315)  Position Error = 155.724
TrainID = 1371  dbValue = 2.65173  nTestCell = 44  nTrainCell = 41  nDiff = 3  (X,Y) = (1615, 2245)  Position Error = 127.475
TrainID = 2863  dbValue = 2.68549  nTestCell = 44  nTrainCell = 43  nDiff = 1  (X,Y) = (1555, 2305)  Position Error = 157.003
TrainID = 2000  dbValue = 2.72222  nTestCell = 44  nTrainCell = 42  nDiff = 2  (X,Y) = (1635, 2465)  Position Error = 154.434
TrainID = 1082  dbValue = 2.73079  nTestCell = 44  nTrainCell = 42  nDiff = 2  (X,Y) = (1655, 2475)  Position Error = 155.081
TrainID = 2705  dbValue = 2.73998  nTestCell = 44  nTrainCell = 42  nDiff = 2  (X,Y) = (1605, 2465)  Position Error = 171.026
TrainID = 2616  dbValue = 2.77547  nTestCell = 44  nTrainCell = 43  nDiff = 1  (X,Y) = (1575, 2305)  Position Error = 137.295
TrainID = 907  dbValue = 2.7975  nTestCell = 44  nTrainCell = 42  nDiff = 2  (X,Y) = (1615, 2465)  Position Error = 165.076
TrainID = 2943  dbValue = 2.79922  nTestCell = 44  nTrainCell = 43  nDiff = 1  (X,Y) = (1595, 2405)  Position Error = 137.295
TrainID = 2799  dbValue = 2.80467  nTestCell = 44  nTrainCell = 43  nDiff = 1  (X,Y) = (1555, 2305)  Position Error = 157.003
TrainID = 1643  dbValue = 2.81935  nTestCell = 44  nTrainCell = 43  nDiff = 1  (X,Y) = (1635, 2465)  Position Error = 154.434
TrainID = 1628  dbValue = 2.83037  nTestCell = 44  nTrainCell = 43  nDiff = 1  (X,Y) = (1595, 2285)  Position Error = 123.491
TrainID = 1476  dbValue = 2.85556  nTestCell = 44  nTrainCell = 44  nDiff = 0  (X,Y) = (1625, 2495)  Position Error = 185.607
TrainID = 1760  dbValue = 2.89023  nTestCell = 44  nTrainCell = 42  nDiff = 2  (X,Y) = (1555, 2355)  Position Error = 157.003
TrainID = 2376  dbValue = 2.94493  nTestCell = 44  nTrainCell = 42  nDiff = 2  (X,Y) = (1585, 2455)  Position Error = 176.777
TrainID = 1415  dbValue = 2.97204  nTestCell = 44  nTrainCell = 43  nDiff = 1  (X,Y) = (1545, 2295)  Position Error = 168.671
TrainID = 1380  dbValue = 3.00955  nTestCell = 44  nTrainCell = 42  nDiff = 2  (X,Y) = (1585, 2275)  Position Error = 136.565
TrainID = 2765  dbValue = 3.0485  nTestCell = 44  nTrainCell = 42  nDiff = 2  (X,Y) = (1625, 2495)  Position Error = 185.607
TrainID = 2517  dbValue = 3.09519  nTestCell = 44  nTrainCell = 42  nDiff = 2  (X,Y) = (1555, 2365)  Position Error = 158.902
TrainID = 2751  dbValue = 3.11376  nTestCell = 44  nTrainCell = 43  nDiff = 1  (X,Y) = (1525, 2335)  Position Error = 185.068
TrainID = 356  dbValue = 3.12842  nTestCell = 44  nTrainCell = 42  nDiff = 2  (X,Y) = (1565, 2265)  Position Error = 158.902
TrainID = 2959  dbValue = 3.14391  nTestCell = 44  nTrainCell = 42  nDiff = 2  (X,Y) = (1655, 2505)  Position Error = 183.439
TrainID = 1176  dbValue = 3.14964  nTestCell = 44  nTrainCell = 42  nDiff = 2  (X,Y) = (1535, 2375)  Position Error = 180.693
TrainID = 2579  dbValue = 3.16563  nTestCell = 44  nTrainCell = 43  nDiff = 1  (X,Y) = (1575, 2225)  Position Error = 171.026
TrainID = 821  dbValue = 3.21191  nTestCell = 44  nTrainCell = 43  nDiff = 1  (X,Y) = (1625, 2505)  Position Error = 194.551
TrainID = 709  dbValue = 3.21907  nTestCell = 44  nTrainCell = 43  nDiff = 1  (X,Y) = (1745, 2495)  Position Error = 168.671
TrainID = 2843  dbValue = 3.23901  nTestCell = 44  nTrainCell = 42  nDiff = 2  (X,Y) = (1535, 2265)  Position Error = 186.682
TrainID = 2664  dbValue = 3.28313  nTestCell = 44  nTrainCell = 42  nDiff = 2  (X,Y) = (1535, 2315)  Position Error = 175.642
TrainID = 1938  dbValue = 3.2888  nTestCell = 44  nTrainCell = 42  nDiff = 2  (X,Y) = (1545, 2305)  Position Error = 166.883
TrainID = 883  dbValue = 3.30473  nTestCell = 44  nTrainCell = 43  nDiff = 1  (X,Y) = (1645, 2525)  Position Error = 205.548
TrainID = 485  dbValue = 3.36195  nTestCell = 44  nTrainCell = 42  nDiff = 2  (X,Y) = (1535, 2365)  Position Error = 178.466
TrainID = 1998  dbValue = 3.39952  nTestCell = 44  nTrainCell = 41  nDiff = 3  (X,Y) = (1795, 2445)  Position Error = 143.003
TrainID = 1151  dbValue = 3.40498  nTestCell = 44  nTrainCell = 41  nDiff = 3  (X,Y) = (1755, 2405)  Position Error = 87.4643
TrainID = 2532  dbValue = 3.43967  nTestCell = 44  nTrainCell = 44  nDiff = 0  (X,Y) = (1555, 2235)  Position Error = 181.797
TrainID = 2011  dbValue = 3.45952  nTestCell = 44  nTrainCell = 41  nDiff = 3  (X,Y) = (1745, 2405)  Position Error = 82.7647
TrainID = 2424  dbValue = 3.51836  nTestCell = 44  nTrainCell = 43  nDiff = 1  (X,Y) = (1555, 2255)  Position Error = 172.192
TrainID = 2800  dbValue = 3.56416  nTestCell = 44  nTrainCell = 42  nDiff = 2  (X,Y) = (1765, 2415)  Position Error = 101.242
TrainID = 1385  dbValue = 3.57493  nTestCell = 44  nTrainCell = 43  nDiff = 1  (X,Y) = (1565, 2215)  Position Error = 185.068
TrainID = 1694  dbValue = 3.60084  nTestCell = 44  nTrainCell = 41  nDiff = 3  (X,Y) = (1765, 2415)  Position Error = 101.242
TrainID = 530  dbValue = 3.64307  nTestCell = 44  nTrainCell = 42  nDiff = 2  (X,Y) = (1525, 2255)  Position Error = 199.625
TrainID = 1639  dbValue = 3.64318  nTestCell = 44  nTrainCell = 43  nDiff = 1  (X,Y) = (1675, 2495)  Position Error = 168.671
TrainID = 1309  dbValue = 3.64679  nTestCell = 44  nTrainCell = 43  nDiff = 1  (X,Y) = (1525, 2245)  Position Error = 203.593
TrainID = 2171  dbValue = 3.64973  nTestCell = 44  nTrainCell = 43  nDiff = 1  (X,Y) = (1745, 2495)  Position Error = 168.671
TrainID = 1706  dbValue = 3.68288  nTestCell = 44  nTrainCell = 42  nDiff = 2  (X,Y) = (1755, 2435)  Position Error = 114.237
TrainID = 2025  dbValue = 3.70639  nTestCell = 44  nTrainCell = 41  nDiff = 3  (X,Y) = (1765, 2455)  Position Error = 136.565
TrainID = 820  dbValue = 3.74445  nTestCell = 44  nTrainCell = 43  nDiff = 1  (X,Y) = (1545, 2245)  Position Error = 185.607
TrainID = 486  dbValue = 3.79073  nTestCell = 44  nTrainCell = 43  nDiff = 1  (X,Y) = (1665, 2505)  Position Error = 180.693
TrainID = 2771  dbValue = 3.81654  nTestCell = 44  nTrainCell = 43  nDiff = 1  (X,Y) = (1735, 2515)  Position Error = 186.682
TrainID = 2026  dbValue = 3.83056  nTestCell = 44  nTrainCell = 43  nDiff = 1  (X,Y) = (1675, 2495)  Position Error = 168.671
TrainID = 2107  dbValue = 3.83562  nTestCell = 44  nTrainCell = 43  nDiff = 1  (X,Y) = (1665, 2535)  Position Error = 209.881
TrainID = 2414  dbValue = 3.86338  nTestCell = 44  nTrainCell = 41  nDiff = 3  (X,Y) = (1785, 2435)  Position Error = 129.035
TrainID = 1537  dbValue = 3.88846  nTestCell = 44  nTrainCell = 43  nDiff = 1  (X,Y) = (1705, 2525)  Position Error = 195.064
TrainID = 600  dbValue = 3.9391  nTestCell = 44  nTrainCell = 43  nDiff = 1  (X,Y) = (1675, 2515)  Position Error = 188.282
TrainID = 2822  dbValue = 3.9824  nTestCell = 44  nTrainCell = 41  nDiff = 3  (X,Y) = (1755, 2455)  Position Error = 132.853
TrainID = 963  dbValue = 3.9905  nTestCell = 44  nTrainCell = 41  nDiff = 3  (X,Y) = (1635, 2205)  Position Error = 145.774
TrainID = 1746  dbValue = 4.09695  nTestCell = 44  nTrainCell = 43  nDiff = 1  (X,Y) = (1535, 2215)  Position Error = 209.404
TrainID = 919  dbValue = 4.13302  nTestCell = 44  nTrainCell = 43  nDiff = 1  (X,Y) = (1685, 2535)  Position Error = 206.519
TrainID = 2910  dbValue = 4.13727  nTestCell = 44  nTrainCell = 43  nDiff = 1  (X,Y) = (1685, 2535)  Position Error = 206.519
TrainID = 2282  dbValue = 4.18817  nTestCell = 44  nTrainCell = 43  nDiff = 1  (X,Y) = (1705, 2535)  Position Error = 205.061
TrainID = 2741  dbValue = 4.25827  nTestCell = 44  nTrainCell = 43  nDiff = 1  (X,Y) = (1735, 2515)  Position Error = 186.682
TrainID = 1754  dbValue = 4.28  nTestCell = 44  nTrainCell = 41  nDiff = 3  (X,Y) = (1625, 2155)  Position Error = 194.551
TrainID = 1809  dbValue = 4.36418  nTestCell = 44  nTrainCell = 42  nDiff = 2  (X,Y) = (1605, 2555)  Position Error = 248.294
TrainID = 2576  dbValue = 4.36614  nTestCell = 44  nTrainCell = 43  nDiff = 1  (X,Y) = (1745, 2555)  Position Error = 227.706
TrainID = 2918  dbValue = 4.49542  nTestCell = 44  nTrainCell = 43  nDiff = 1  (X,Y) = (1755, 2535)  Position Error = 209.881
TrainID = 1969  dbValue = 4.5856  nTestCell = 44  nTrainCell = 41  nDiff = 3  (X,Y) = (1585, 2545)  Position Error = 248.697
TrainID = 750  dbValue = 4.58649  nTestCell = 44  nTrainCell = 41  nDiff = 3  (X,Y) = (1755, 2515)  Position Error = 190.394
TrainID = 1191  dbValue = 4.60823  nTestCell = 44  nTrainCell = 43  nDiff = 1  (X,Y) = (1755, 2555)  Position Error = 229.456
TrainID = 1686  dbValue = 4.86304  nTestCell = 44  nTrainCell = 43  nDiff = 1  (X,Y) = (1715, 2575)  Position Error = 245.051
TrainID = 1800  dbValue = 4.9334  nTestCell = 44  nTrainCell = 43  nDiff = 1  (X,Y) = (1725, 2575)  Position Error = 245.459
TrainID = 2869  dbValue = 4.93909  nTestCell = 44  nTrainCell = 41  nDiff = 3  (X,Y) = (1785, 2525)  Position Error = 208.926
TrainID = 1497  dbValue = 5.00232  nTestCell = 44  nTrainCell = 41  nDiff = 3  (X,Y) = (1655, 2555)  Position Error = 231.625
TrainID = 996  dbValue = 5.27181  nTestCell = 44  nTrainCell = 41  nDiff = 3  (X,Y) = (1605, 2585)  Position Error = 275.772
TrainID = 1280  dbValue = 5.27672  nTestCell = 44  nTrainCell = 41  nDiff = 3  (X,Y) = (1855, 2515)  Position Error = 235.053
TrainID = 1316  dbValue = 5.2794  nTestCell = 44  nTrainCell = 41  nDiff = 3  (X,Y) = (1805, 2545)  Position Error = 235.053
TrainID = 2119  dbValue = 5.43979  nTestCell = 44  nTrainCell = 43  nDiff = 1  (X,Y) = (1735, 2595)  Position Error = 266.177
TrainID = 2996  dbValue = 5.4721  nTestCell = 44  nTrainCell = 41  nDiff = 3  (X,Y) = (1605, 2605)  Position Error = 294.364
TrainID = 2775  dbValue = 5.49216  nTestCell = 44  nTrainCell = 41  nDiff = 3  (X,Y) = (1645, 2575)  Position Error = 253.476
TrainID = 733  dbValue = 5.57871  nTestCell = 44  nTrainCell = 41  nDiff = 3  (X,Y) = (1825, 2545)  Position Error = 243.824
TrainID = 2021  dbValue = 5.60598  nTestCell = 44  nTrainCell = 41  nDiff = 3  (X,Y) = (1675, 2565)  Position Error = 237.592
TrainID = 2083  dbValue = 5.60941  nTestCell = 44  nTrainCell = 41  nDiff = 3  (X,Y) = (1695, 2585)  Position Error = 255.441
TrainID = 1325  dbValue = 5.61275  nTestCell = 44  nTrainCell = 41  nDiff = 3  (X,Y) = (1685, 2575)  Position Error = 246.272
TrainID = 2672  dbValue = 5.61306  nTestCell = 44  nTrainCell = 41  nDiff = 3  (X,Y) = (1635, 2585)  Position Error = 265.801
TrainID = 1909  dbValue = 5.73097  nTestCell = 44  nTrainCell = 41  nDiff = 3  (X,Y) = (1795, 2555)  Position Error = 240.52
TrainID = 1093  dbValue = 5.82739  nTestCell = 44  nTrainCell = 41  nDiff = 3  (X,Y) = (1705, 2585)  Position Error = 255.049
TrainID = 2837  dbValue = 5.94713  nTestCell = 44  nTrainCell = 41  nDiff = 3  (X,Y) = (1675, 2605)  Position Error = 277.218
TrainID = 1801  dbValue = 6.0031  nTestCell = 44  nTrainCell = 41  nDiff = 3  (X,Y) = (1665, 2605)  Position Error = 278.657
TrainID = 824  dbValue = 6.10885  nTestCell = 44  nTrainCell = 41  nDiff = 3  (X,Y) = (1695, 2585)  Position Error = 255.441
TrainID = 843  dbValue = 6.16821  nTestCell = 44  nTrainCell = 41  nDiff = 3  (X,Y) = (1705, 2605)  Position Error = 275.045
TrainID = 1359  dbValue = 6.40708  nTestCell = 44  nTrainCell = 41  nDiff = 3  (X,Y) = (1775, 2585)  Position Error = 263.154
TrainID = 2250  dbValue = 6.41318  nTestCell = 44  nTrainCell = 41  nDiff = 3  (X,Y) = (1615, 2605)  Position Error = 290.947
TrainID = 2196  dbValue = 6.4599  nTestCell = 44  nTrainCell = 41  nDiff = 3  (X,Y) = (1655, 2645)  Position Error = 319.766
TrainID = 3000  dbValue = 6.7421  nTestCell = 44  nTrainCell = 41  nDiff = 3  (X,Y) = (1675, 2635)  Position Error = 307.002
