trainID = 135  2.0751  0.667  0.662  0.139  1.5479  0.11  0.775  3.1378  0.7736  0.62  0.8553  4.0991  0.8916  0.3599  1.8052  0.4441  0.2473  0.2283  0.088  0.177  3.2631  4.2996  1.1492  3.4932  0.9384  0.0311  1.4009  2.0956  1.7793  1.2257  3.537  6.1196  0.806  4.4  1.9528  1.5544  3.6651  0.3945  0.541  4.1529  2.4868  0.384  0.0927  1.362  
trainID = 163  2.3416  0.655  0.144  0.018  0.113  0.612  1.6138  2.6266  3.2335  1.3959  1.7037  0.5779  0.2177  0.5073  1.0315  1.6873  1.2187  2.4733  4.2162  1.8974  2.8729  4.5245  2.6958  6.556  0.932  0.2417  5.4459  1.4803  1.3675  1.0907  0.8788  0.9448  1.4283  1.9078  2.5155  0.8902  2.972  0.649  0.2982  1.2308  2.784  0.6871  0.429  
trainID = 181  3.179  3.3358  1.252  1.173  6.9168  0.0847  0.0101  0.3526  3.5889  3.9695  1.4338  3.5693  0.2434  3.3257  1.8234  0.898  1.6751  2.0072  3.9398  1.5564  12.2899  15.1094  1.8294  2.9139  3.7299  2.3728  3.6717  5.8558  9.9245  4.2746  0.5107  1.3343  5.9891  4.0694  2.5424  2.1926  1.1472  0.1384  2.4028  2.9534  34.5119  
trainID = 269  1.6198  0.7456  1.706  0.154  2.8135  1.637  0.022  1.7572  0.2853  0.7366  2.4799  1.5761  1.6716  0.628  2.3637  1.8135  1.1451  2.3247  1.292  2.6351  1.0231  2.4443  3.678  0.1724  0.7259  2.6327  1.1073  0.2265  1.4797  0.0709  0.5786  0.3457  1.2475  1.0633  0.5743  0.9416  0.2467  1.4689  0.025  1.3843  1.2218  1.134  0.5625  1.063  
trainID = 282  1.0557  4.8365  1.43  0.844  5.9963  1.2829  0.4471  2.2639  4.3671  2.2999  0.2949  0.7295  0.931  1.2817  1.8738  1.032  2.0728  5.1311  4.3596  2.0563  14.0345  8.513  1.6795  4.4985  1.6691  3.3064  0.1795  6.9478  5.0304  1.7963  0.3509  0.6222  1.9831  3.05  3.8125  0.438  1.5327  0.5801  1.4521  1.4853  0.267  
trainID = 292  4.5876  2.5021  1.211  1.101  1.3586  0.825  0.304  7.576  2.1365  0.0892  2.8087  5.0684  2.2201  1.3365  1.7051  1.086  1.1683  1.2584  1.503  0.8038  0.5388  1.2835  2.3547  7.4634  12.6595  0.9686  1.7712  4.2587  2.838  2.4698  4.3632  6.2029  0.9548  0.8757  2.2725  1.3974  2.8514  2.1626  0.222  1.4141  0.0226  3.5654  2.1875  2.456  
trainID = 299  4.8357  0.0665  2.126  0.119  0.0955  1.779  0.155  4.6039  1.6465  1.4426  4.0499  1.9444  1.4699  0.088  1.0444  0.3383  0.7152  1.6448  4.8983  1.3376  0.5255  0.4989  2.081  3.826  5.8349  0.9258  1.3855  1.9959  2.8927  0.2616  2.911  1.0511  0.3597  0.2278  1.1988  1.0372  1.1421  1.0966  1.566  0.3862  0.4194  1.7242  0.8487  
trainID = 334  0.148  2.1057  1.722  0.687  3.7396  4.6752  2.4866  5.3311  8.9259  2.999  3.8058  1.736  1.9595  1.352  3.0348  1.6659  3.1758  6.008  4.895  14.0949  29.359  2.7931  2.4922  6.6625  0.1962  2.6057  0.1209  8.6615  10.7195  0.7447  5.529  2.7296  4.0818  5.6659  0.5526  0.053  2.3882  0.3363  1.864  0.3206  35.0412  
trainID = 336  0.5743  0.5967  2.321  1.797  2.5693  3.3766  1.831  0.7167  1.9603  0.3634  4.6514  5.5557  1.0225  3.8465  4.6  4.8291  0.9174  1.0118  0.589  0.3558  4.9166  1.6872  5.9646  1.9142  6.0261  3.4934  0.3363  1.6262  3.5192  0.45  5.6354  4.0698  1.5238  1.9148  0.259  1.9623  5.371  0.3463  0.354  2.6645  0.7308  1.1208  2.913  
trainID = 354  3.6103  3.8632  1.616  1.732  3.8867  0.518  1.653  4.3104  0.5323  0.9484  1.6061  4.3904  3.1991  1.1848  0.9141  1.0344  2.6536  0.7164  3.9797  0.7616  1.8291  2.7111  2.8361  8.3411  9.2298  2.2963  1.5172  4.0043  5.5247  0.4135  4.4958  5.2818  1.6896  1.221  0.8306  0.0562  2.9231  1.2955  0.175  1.3275  1.2992  1.6973  0.2542  0.263  
trainID = 407  3.4963  3.1187  1.3086  1.844  0.0752  1.942  0.7778  2.6234  3.6231  2.9961  2.8604  0.9098  0.4506  2.1371  0.1908  0.0793  1.4573  0.95  2.6448  4.5458  2.8593  4.4182  5.6675  2.1178  1.2287  1.8513  0.5555  1.3511  2.7219  2.0503  1.3719  0.7719  1.5482  3.1647  3.9555  0.9313  4.359  1.593  0.9182  34.7759  1.459  
trainID = 444  0.0187  2.9302  0.398  0.198  1.698  3.3928  32.6975  1.1293  4.6352  1.1706  6.2974  5.7191  1.5169  3.9066  1.1386  3.0504  1.4951  2.3688  1.016  4.0902  3.1354  6.7248  7.2693  0.7892  15.407  3.9102  0.9671  2.1005  0.4955  1.6737  6.7414  6.3161  1.6656  2.2388  1.1339  3.7845  2.6946  0.2704  1.628  0.944  0.391  
trainID = 475  7.6765  1.7524  0.169  0.321  1.6198  0.278  2.9731  9.1635  1.7161  4.3504  2.2011  2.3678  0.6042  1.4398  0.0369  3.9679  0.6012  3.4709  10.5288  8.5017  7.6895  10.121  2.3223  7.6046  3.2437  1.0295  2.888  3.3154  1.9542  5.8551  0.8822  0.609  4.2296  1.7669  0.2858  1.6234  3.8577  0.174  3.0307  1.1768  0.861  2.4372  
trainID = 528  7.1406  2.9456  0.746  2.259  4.6209  0.21  5.8448  4.0056  1.7283  2.7766  1.5083  3.7706  0.6054  2.7843  3.1892  2.1863  1.6152  5.0132  5.7306  0.1948  3.898  7.4369  2.4878  10.5878  2.7557  0.3315  4.2947  3.2094  0.6185  0.1965  0.2716  1.6487  1.5256  0.8387  2.4318  0.92  1.8138  2.0193  1.4247  0.2796  0.66  1.6082  
trainID = 547  3.9915  1.7023  0.544  0.093  2.102  2.4051  1.154  2.1794  1.5792  1.4526  1.5433  0.6932  1.4504  0.6952  2.3911  2.216  2.0247  1.3393  1.554  2.794  2.1416  0.3749  3.3274  0.0339  2.4605  3.1119  0.0255  1.7592  2.9693  3.6735  1.6732  0.7286  2.308  0.8549  1.074  0.942  1.7488  0.7649  0.131  1.5823  1.8658  0.986  1.1941  
trainID = 561  5.7309  2.2575  0.077  3.187  2.5152  0.865  1.482  6.4108  9.3157  2.6584  5.7392  3.1605  3.4346  0.2135  1.3538  3.0502  3.8155  0.232  5.8414  7.9667  4.3514  6.7593  7.7574  0.5085  10.9899  0.3547  0.0511  4.6643  2.9167  3.9787  3.3773  0.0426  0.9712  3.1793  2.1498  1.5615  0.0786  3.3986  0.728  2.8943  1.9878  0.9082  2.1247  
trainID = 568  5.9059  2.9656  1.4375  0.97  0.5149  2.3928  0.0882  5.7086  2.9777  2.377  0.2526  0.6525  0.0401  1.6315  0.5569  4.2699  2.1744  2.2209  8.3697  8.3335  7.9931  7.6244  2.9853  5.9251  0.4714  2.6758  1.2224  0.8152  2.8208  3.0386  0.4606  1.3771  1.5808  1.4766  0.6167  2.9183  5.0931  1.064  3.4289  1.4048  1.436  3.2423  
trainID = 573  4.0686  0.1954  0.221  2.017  3.731  2.019  4.374  4.6635  2.7307  4.623  0.8829  3.9331  1.1745  1.5443  1.4238  4.919  1.9325  3.9551  5.3222  3.0932  1.8857  5.7147  2.2359  9.601  1.2717  0.2475  4.7025  3.6065  1.6168  1.8856  0.1803  2.789  3.215  1.9212  0.1777  0.4248  2.1502  1.916  0.4313  2.6538  1.204  0.5701  3.482  
trainID = 576  6.4201  2.2676  1.3992  36.7976  5.7629  5.3102  1.7083  7.2393  0.9853  3.3809  3.0628  2.0234  1.206  4.5003  1.9988  5.1741  4.8913  4.9998  2.9887  9.6225  3.0705  13.6177  1.4377  3.0445  5.4874  7.1686  2.0032  1.5267  2.8636  1.7169  6.2096  1.7422  0.3689  1.0516  1.7356  4.2812  3.9295  0.7328  0.218  1.0905  0.389  
trainID = 591  8.7676  0.9543  1.864  0.279  1.3251  0.167  6.2574  9.5729  2.2902  7.0307  2.5246  2.476  1.4408  2.1677  2.2105  4.0904  2.8351  4.7826  9.4941  5.5893  4.9939  7.9486  0.1619  10.5319  0.1937  0.4035  5.2115  2.6787  4.7956  2.3329  0.1446  1.5011  2.8187  0.3854  0.0775  0.3088  2.73  1.364  3.3048  1.4098  1.0308  0.6984  
trainID = 623  4.0599  1.2309  0.638  1.198  0.9935  0.067  5.8145  0.5148  0.8781  0.9548  5.0871  2.5944  0.4755  1.3537  1.2832  3.5209  0.1985  2.5435  1.1074  0.977  1.3235  0.9115  5.4594  6.913  0.7739  1.6589  2.401  3.9957  2.6418  4.1794  3.6198  2.6692  1.7021  1.5505  0.6666  0.3958  1.838  2.6438  0.2383  0.5778  1.487  1.8733  
trainID = 663  0.268  0.2284  1.521  1.7888  2.5799  3.5258  0.11  1.3518  4.1165  0.0857  4.2935  3.3101  0.1996  2.2697  2.9503  0.671  2.6266  1.4878  0.224  0.5723  4.4494  4.0296  0.5963  5.6217  6.3865  4.6048  0.6148  0.4411  0.8731  0.5035  2.9949  3.245  2.3393  1.8597  0.1721  1.136  1.7297  3.3368  2.219  1.0588  0.248  
trainID = 669  10.1384  4.6185  0.609  0.157  3.3485  0.053  6.2864  10.0978  4.0757  5.547  0.3997  1.2069  1.04  2.2825  2.2702  7.4723  2.7751  5.5751  18.5001  15.7375  14.9009  10.4131  3.2264  11.4686  2.6557  2.6755  6.3505  0.3447  5.4643  7.5649  1.4848  0.9112  3.6958  1.764  0.4082  0.2329  4.9425  1.91  2.8271  2.0768  0.27  0.2849  
trainID = 693  5.0478  3.2398  1.42  1.801  2.4309  2.4652  4.9276  5.1936  3.3192  3.5308  0.1864  1.6221  1.9128  1.5087  1.9299  2.4865  2.0982  2.8144  1.6033  2.4874  2.7192  5.9462  1.5334  7.4989  1.1517  0.8743  3.9137  3.7568  0.4507  0.2099  1.3665  1.9225  4.0096  3.5257  1.8211  0.0777  2.3773  2.553  3.3085  2.0318  0.615  2.2913  0.331  
trainID = 753  5.1648  2.4691  1.8778  2.9877  0.2398  1.243  0.8284  6.5232  4.3702  2.5146  3.5247  1.5342  0.3394  5.3974  0.3001  6.3433  0.2635  2.9668  7.4341  9.2514  9.5006  7.4115  4.9172  6.8244  2.1237  2.1847  4.4056  0.052  3.922  3.0998  0.8469  1.5586  1.5477  4.5727  6.6735  1.1124  4.7949  1.173  2.3441  3.2728  0.04  0.8269  
trainID = 755  5.6952  0.1426  0.37  1.323  1.203  2.623  1.028  2.0705  0.5677  2.5123  1.3675  0.3721  3.2423  1.001  0.7632  2.4502  1.2188  0.4326  3.8008  5.4429  2.5194  0.0519  3.7081  0.5246  4.2245  3.2317  1.4127  3.0385  1.7064  1.2399  2.2139  0.067  0.2706  1.9259  0.2482  0.0608  3.577  1.413  1.892  0.7989  0.4583  0.388  0.946  0.555  
trainID = 757  3.8808  1.5505  2.543  0.391  1.3681  1.104  0.127  4.7308  2.1866  0.5104  3.0749  3.2826  4.2257  0.1682  1.8582  1.2253  2.4852  0.5108  1.53  2.0131  0.4078  0.9451  2.0962  6.502  10.928  0.9106  2.5608  2.2549  4.2427  3.0967  4.1301  2.09  0.7549  0.2467  0.9811  3.7955  1.7745  0.6542  0.63  0.8691  0.0461  2.258  0.2656  
trainID = 767  0.3696  0.8893  2.352  0.13  0.7638  2.115  1.595  2.1126  1.1007  0.0104  0.377  1.982  0.2024  1.3308  0.0668  0.4279  2.1468  0.0851  1.159  1.3555  2.3839  0.9397  0.0458  1.0043  1.2233  3.0799  0.1291  0.8024  3.1922  2.4127  0.6936  0.7384  0.429  1.0223  2.8837  0.6576  3.2055  1.429  1.17  1.0172  0.2198  0.292  0.8623  0.98  
trainID = 879  0.1393  2.4121  0.549  1.9942  1.3011  1.106  35.093  2.0816  3.0103  1.2512  9.9055  4.5271  0.6645  4.4845  3.4822  3.8606  1.1922  2.3568  0.238  3.2647  4.8866  3.0238  2.3661  3.2244  9.3052  1.6332  1.3978  4.9962  0.0199  0.6847  4.0926  4.436  2.6328  4.8734  0.4207  0.9617  2.1966  1.4278  1.021  2.2372  0.698  
trainID = 892  2.8215  1.462  0.8372  0.701  3.2909  2.089  3.5897  0.3305  1.2542  0.113  0.293  0.788  1.3146  0.7134  0.5622  4.7255  0.6758  1.17  3.1801  1.4965  1.2026  3.9664  0.3547  1.0684  1.6922  1.3125  1.2551  1.2637  0.5276  0.7096  0.5398  2.0111  0.5864  1.827  1.5057  0.9556  2.0518  2.018  1.4539  1.5648  0.569  0.1232  
trainID = 899  2.4314  4.1305  3.156  0.105  1.2158  2.56  0.916  4.5894  2.4758  0.8837  3.3163  4.823  3.2852  0.875  0.2838  1.8846  2.9241  2.2448  1.416  1.4042  4.0163  2.8829  3.2339  14.0103  1.3764  1.7483  2.8989  1.3676  2.6454  0.83  5.3078  7.089  2.0361  1.9496  1.3708  2.7839  2.6972  1.1177  2.0287  1.3238  0.3529  1.8309  2.8456  0.585  
trainID = 900  0.79  0.9372  0.888  1.5822  1.4618  0.468  36.9456  1.0504  4.7352  1.0976  7.1105  4.7737  2.5481  4.2249  2.7516  2.439  0.86  3.3008  1.232  0.8187  2.7827  3.1407  4.6229  0.354  9.4337  3.1152  0.4955  2.9989  1.3769  1.5117  5.2206  6.2627  0.0259  4.3508  2.6009  2.2517  2.3423  0.3028  0.386  0.9924  0.677  
trainID = 918  1.9777  1.7129  1.067  1.67  0.5506  0.104  0.936  5.9896  3.5828  0.8786  2.13  7.4143  0.7377  2.4296  1.5333  0.4679  1.2359  3.2968  0.732  1.3322  4.2412  5.2133  3.4724  16.1578  1.8825  2.7362  2.3824  0.4612  0.9647  0.1061  5.4583  7.0915  0.0473  4.49  0.3243  4.5422  2.77  2.3541  0.337  1.7579  1.7488  2.1369  1.0279  0.217  
trainID = 1023  9.0076  1.8369  3.03  2.225  1.6523  0.616  5.9556  3.7734  2.9262  7.0923  1.174  4.752  1.4248  0.6382  0.38  6.7405  0.7243  3.4418  6.8062  4.7035  4.5276  6.0817  3.5758  13.0794  2.3207  1.0089  6.7509  4.3605  1.3261  0.6503  0.2027  0.7211  3.395  0.9825  0.7842  1.4856  2.3063  3.3183  0.2719  1.7168  1.4969  0.2289  
trainID = 1058  2.5238  2.2473  0.332  3.0707  1.899  5.0324  36.7497  1.6813  4.6522  3.1586  6.95  5.8981  1.1578  1.66  6.3067  4.3822  0.4194  1.9118  1.486  0.0765  4.719  4.5254  9.1219  2.8477  16.0601  3.5142  1.7354  3.427  1.4268  0.5537  5.9351  6.9832  0.8882  3.64  1.4698  0.8041  5.9562  3.5518  0.33  1.7032  0.696  
trainID = 1095  6.2972  2.4716  0.697  0.169  3.6302  1.143  3.7472  5.4519  1.8442  4.8565  0.6707  4.3536  0.0441  4.1416  3.3662  4.0425  0.7208  5.3872  5.0101  4.271  5.4217  8.2283  3.523  12.5871  0.6107  1.2501  4.3644  4.5178  2.0901  2.5111  0.2591  2.2522  5.7531  0.1629  0.444  0.6712  1.3359  2.9031  2.5753  1.7058  1.417  0.7036  
trainID = 1101  4.5878  0.5691  1.6311  0.012  0.3702  0.102  0.755  0.3334  3.4328  4.1811  3.198  1.1451  0.3278  2.3164  0.9449  0.1044  4.9279  1.7892  1.033  3.2926  1.5201  3.2433  4.4732  0.8852  1.6282  2.1917  0.8582  2.6492  0.803  1.2458  2.5481  1.0673  0.1501  1.8407  0.1783  1.2411  0.1093  5.0809  0.522  0.1275  5.0078  1.665  0.8903  
trainID = 1113  8.7014  2.146  0.92  1.027  0.0974  1.033  1.2547  9.1711  3.8525  3.4805  0.1262  2.5574  0.677  4.1631  3.0482  3.4929  2.813  3.9129  17.7134  15.0788  14.4305  9.76  1.8612  11.5019  0.1487  0.012  6.2914  0.49  4.0145  7.4468  0.3402  2.8952  1.3261  0.8769  2.2075  1.5595  5.1199  0.45  2.529  3.5678  0.61  0.6216  
trainID = 1115  6.1556  0.7973  0.279  0.436  1.4726  3.1004  2.9272  2.47  1.0123  2.8256  4.189  3.6073  1.3022  0.9495  0.3379  1.0348  0.9928  0.78  3.6971  1.2383  0.5068  2.8137  2.5091  7.0529  0.3072  0.3358  3.5385  2.4489  2.4978  1.9533  0.5404  0.5571  3.0735  0.848  2.5406  1.149  0.515  1.147  1.6239  2.5948  0.631  0.658  0.545  
trainID = 1116  2.9735  1.2302  0.66  1.086  0.4098  1.419  0.6677  0.1621  0.8116  2.2762  0.929  2.6105  0.4798  1.3957  0.4666  0.5505  1.1699  0.3  2.4869  0.3697  0.8752  2.4169  3.0109  3.4681  3.8667  0.8561  0.7023  2.4201  0.4627  2.4109  2.6068  0.8252  0.3511  0.4742  0.0757  2.5128  0.8307  1.077  1.2207  0.4048  0.197  0.2605  1.121  
trainID = 1124  0.2149  3.7905  1.0647  0.547  0.234  1.604  33.8693  2.6496  5.3092  0.6486  5.1033  6.3695  0.1324  3.9983  5.7337  3.4391  2.5617  0.9958  0.79  4.0313  5.5852  5.5987  10.8816  6.3297  17.8637  2.8008  1.9066  2.1484  1.4225  0.2584  5.5699  6.8172  1.0162  7.7946  2.849  2.8078  4.3367  0.8588  0.002  1.146  0.08  
trainID = 1135  4.2154  1.9825  2.392  2.281  1.5657  0.613  2.4031  2.6825  1.0526  2.6871  1.4566  2.5458  2.0776  0.0209  0.8582  3.0686  0.6838  3.7175  2.0779  0.546  0.6397  4.362  5.6302  8.8201  2.0762  2.7928  4.3753  3.4506  2.2022  4.0821  3.4633  1.3288  0.1411  0.6143  1.9737  0.1618  0.6225  2.6144  1.194  0.0534  0.51  0.2351  0.259  
trainID = 1145  1.305  5.551  2.3676  0.566  4.9683  4.2877  1.7146  3.3286  6.4046  6.5954  2.5242  2.7036  3.2167  1.2224  5.2028  0.462  2.8224  6.1842  4.8354  4.5592  19.2805  9.0459  5.9495  6.4701  3.0729  3.5915  1.3327  8.3945  14.7019  0.7746  7.8012  0.8528  3.8523  7.9372  5.0907  0.899  2.5913  1.5428  1.088  0.1091  36.3891  
trainID = 1146  3.052  4.1759  0.22  0.944  5.8125  1.6679  0.1002  0.0951  8.711  3.4723  4.0039  0.8106  0.9651  1.1918  3.0008  1.466  1.2922  5.1264  5.7668  2.8143  15.3668  11.4735  2.7412  1.4235  3.6089  1.2045  0.2149  5.8222  13.4979  2.1561  4.4476  4.0508  3.1618  3.6179  2.9478  1.728  2.3977  1.1598  3.3579  1.749  38.823  
trainID = 1167  7.3309  2.1774  0.591  0.721  1.1713  3.0354  2.4069  7.0925  1.6868  4.2544  0.7852  3.7414  0.7778  4.5915  5.9342  3.5855  2.228  5.0639  9.5929  7.3705  6.902  8.8743  3.7846  7.9023  1.5717  3.1013  3.9492  0.011  3.2443  2.7385  1.2405  0.4407  1.7367  1.7459  0.8591  1.3686  6.0405  1.819  2.4111  0.9338  1.4333  1.8676  
TrainID = 767  dbValue = 1.16785  nTestCell = 44  nTrainCell = 44  nDiff = 0  (X,Y) = (1335, 1275)  Position Error = 52.3259
TrainID = 269  dbValue = 1.24602  nTestCell = 44  nTrainCell = 44  nDiff = 0  (X,Y) = (1325, 1245)  Position Error = 37.6563
TrainID = 1116  dbValue = 1.27679  nTestCell = 44  nTrainCell = 43  nDiff = 1  (X,Y) = (1325, 1305)  Position Error = 64.6375
TrainID = 892  dbValue = 1.42779  nTestCell = 44  nTrainCell = 42  nDiff = 2  (X,Y) = (1295, 1265)  Position Error = 14.7648
TrainID = 299  dbValue = 1.59528  nTestCell = 44  nTrainCell = 43  nDiff = 1  (X,Y) = (1285, 1325)  Position Error = 73.0616
TrainID = 135  dbValue = 1.60973  nTestCell = 44  nTrainCell = 44  nDiff = 0  (X,Y) = (1365, 1285)  Position Error = 83.7735
TrainID = 547  dbValue = 1.61943  nTestCell = 44  nTrainCell = 43  nDiff = 1  (X,Y) = (1285, 1295)  Position Error = 43.1045
TrainID = 755  dbValue = 1.68407  nTestCell = 44  nTrainCell = 44  nDiff = 0  (X,Y) = (1255, 1315)  Position Error = 71.1196
TrainID = 163  dbValue = 1.70017  nTestCell = 44  nTrainCell = 43  nDiff = 1  (X,Y) = (1225, 1265)  Position Error = 64.3273
TrainID = 1101  dbValue = 1.74372  nTestCell = 44  nTrainCell = 43  nDiff = 1  (X,Y) = (1235, 1265)  Position Error = 54.5711
TrainID = 1115  dbValue = 1.86028  nTestCell = 44  nTrainCell = 43  nDiff = 1  (X,Y) = (1255, 1345)  Position Error = 98.6813
TrainID = 663  dbValue = 2.01563  nTestCell = 44  nTrainCell = 41  nDiff = 3  (X,Y) = (1375, 1225)  Position Error = 91.0934
TrainID = 623  dbValue = 2.02407  nTestCell = 44  nTrainCell = 42  nDiff = 2  (X,Y) = (1305, 1345)  Position Error = 94.541
TrainID = 1135  dbValue = 2.10536  nTestCell = 44  nTrainCell = 43  nDiff = 1  (X,Y) = (1275, 1365)  Position Error = 113.745
TrainID = 757  dbValue = 2.12109  nTestCell = 44  nTrainCell = 43  nDiff = 1  (X,Y) = (1295, 1365)  Position Error = 113.217
TrainID = 354  dbValue = 2.37781  nTestCell = 44  nTrainCell = 44  nDiff = 0  (X,Y) = (1345, 1365)  Position Error = 126.562
TrainID = 336  dbValue = 2.37872  nTestCell = 44  nTrainCell = 43  nDiff = 1  (X,Y) = (1395, 1265)  Position Error = 107.787
TrainID = 292  dbValue = 2.45917  nTestCell = 44  nTrainCell = 44  nDiff = 0  (X,Y) = (1305, 1385)  Position Error = 134.082
TrainID = 693  dbValue = 2.47236  nTestCell = 44  nTrainCell = 43  nDiff = 1  (X,Y) = (1225, 1345)  Position Error = 112.33
TrainID = 918  dbValue = 2.53863  nTestCell = 44  nTrainCell = 44  nDiff = 0  (X,Y) = (1435, 1335)  Position Error = 168.814
TrainID = 899  dbValue = 2.57385  nTestCell = 44  nTrainCell = 44  nDiff = 0  (X,Y) = (1405, 1325)  Position Error = 137.906
TrainID = 573  dbValue = 2.57458  nTestCell = 44  nTrainCell = 43  nDiff = 1  (X,Y) = (1195, 1345)  Position Error = 131.522
TrainID = 528  dbValue = 2.62224  nTestCell = 44  nTrainCell = 42  nDiff = 2  (X,Y) = (1185, 1375)  Position Error = 160.431
TrainID = 282  dbValue = 2.62963  nTestCell = 44  nTrainCell = 41  nDiff = 3  (X,Y) = (1405, 1365)  Position Error = 162.659
TrainID = 568  dbValue = 2.70265  nTestCell = 44  nTrainCell = 42  nDiff = 2  (X,Y) = (1145, 1255)  Position Error = 143.031
TrainID = 407  dbValue = 2.87076  nTestCell = 44  nTrainCell = 41  nDiff = 3  (X,Y) = (1205, 1215)  Position Error = 90.8735
TrainID = 1095  dbValue = 3.03817  nTestCell = 44  nTrainCell = 42  nDiff = 2  (X,Y) = (1165, 1375)  Position Error = 173.948
TrainID = 1023  dbValue = 3.08316  nTestCell = 44  nTrainCell = 42  nDiff = 2  (X,Y) = (1175, 1375)  Position Error = 167.027
TrainID = 475  dbValue = 3.11185  nTestCell = 44  nTrainCell = 42  nDiff = 2  (X,Y) = (1125, 1305)  Position Error = 171.4
TrainID = 591  dbValue = 3.12251  nTestCell = 44  nTrainCell = 42  nDiff = 2  (X,Y) = (1135, 1365)  Position Error = 190.205
TrainID = 561  dbValue = 3.14048  nTestCell = 44  nTrainCell = 43  nDiff = 1  (X,Y) = (1145, 1365)  Position Error = 182.258
TrainID = 1167  dbValue = 3.28844  nTestCell = 44  nTrainCell = 42  nDiff = 2  (X,Y) = (1125, 1295)  Position Error = 168.576
TrainID = 900  dbValue = 3.29904  nTestCell = 44  nTrainCell = 41  nDiff = 3  (X,Y) = (1425, 1235)  Position Error = 138.051
TrainID = 753  dbValue = 3.30425  nTestCell = 44  nTrainCell = 42  nDiff = 2  (X,Y) = (1115, 1275)  Position Error = 174.522
TrainID = 879  dbValue = 3.40121  nTestCell = 44  nTrainCell = 41  nDiff = 3  (X,Y) = (1425, 1185)  Position Error = 152.506
TrainID = 444  dbValue = 3.63777  nTestCell = 44  nTrainCell = 41  nDiff = 3  (X,Y) = (1465, 1235)  Position Error = 177.815
TrainID = 1113  dbValue = 3.88874  nTestCell = 44  nTrainCell = 42  nDiff = 2  (X,Y) = (1055, 1305)  Position Error = 238.952
TrainID = 181  dbValue = 4.0024  nTestCell = 44  nTrainCell = 41  nDiff = 3  (X,Y) = (1355, 1425)  Position Error = 185.521
TrainID = 1124  dbValue = 4.17465  nTestCell = 44  nTrainCell = 41  nDiff = 3  (X,Y) = (1485, 1265)  Position Error = 197.428
TrainID = 1058  dbValue = 4.18254  nTestCell = 44  nTrainCell = 41  nDiff = 3  (X,Y) = (1465, 1255)  Position Error = 177.025
TrainID = 576  dbValue = 4.27865  nTestCell = 44  nTrainCell = 41  nDiff = 3  (X,Y) = (1165, 1405)  Position Error = 196.311
TrainID = 1146  dbValue = 4.38145  nTestCell = 44  nTrainCell = 41  nDiff = 3  (X,Y) = (1415, 1405)  Position Error = 198.842
TrainID = 669  dbValue = 4.4777  nTestCell = 44  nTrainCell = 42  nDiff = 2  (X,Y) = (1045, 1315)  Position Error = 251.034
TrainID = 334  dbValue = 4.81623  nTestCell = 44  nTrainCell = 41  nDiff = 3  (X,Y) = (1495, 1335)  Position Error = 223.02
TrainID = 1145  dbValue = 5.16071  nTestCell = 44  nTrainCell = 41  nDiff = 3  (X,Y) = (1495, 1405)  Position Error = 257.406
