trainID = 301  2.451  5.1108  0.9484  0.8124  2.8253  2.5462  1.179  2.3304  1.758  1.234  1.1388  0.0262  0.3328  0.2452  8.9118  8.3504  4.1556  2.8195  2.8858  1.641  0.001  2.1347  2.3592  0.389  1.574  0.179  2.1155  5.7994  3.7566  5.0139  1.6853  1.571  2.4374  3.8713  2.6133  0.222  0.9242  5.2396  0.1986  1.1795  0.1101  1.2466  1.053  
trainID = 311  0.3552  2.681  0.971  1.4863  0.3498  2.363  1.6125  0.4815  1.9331  0.644  1.5931  0.648  1.213  0.1195  0.9525  1.1081  8.2051  2.4682  2.7746  0.1659  1.8014  0.7181  0.4209  2.6704  1.854  0.2425  1.9949  0.5989  1.8178  0.4523  1.7469  1.4494  0.505  0.1122  0.3375  0.92  0.0033  1.2375  0.5176  1.0857  1.1731  1.3116  2.0252  
trainID = 343  2.155  6.8307  2.2768  0.6483  0.1753  1.9574  1.5446  0.1155  2.8693  1.392  4.1697  0.2822  3.3887  1.2892  11.0051  11.0331  2.6067  6.3355  1.9692  0.587  3.5527  0.1869  1.7997  0.674  2.074  1.0665  1.3573  6.0175  5.164  6.7538  4.3792  2.3969  1.8609  3.8173  0.1179  0.183  2.5743  5.4885  2.5064  0.9658  1.5428  0.8147  0.5506  
trainID = 389  0.6559  3.9478  0.182  4.5181  1.8983  0.1588  3.243  0.8973  1.5722  0.405  1.0111  0.434  35.3179  0.771  1.1744  0.9415  11.2399  0.7016  7.9087  1.2676  0.318  1.1353  2.1037  0.333  0.7757  3.5555  3.8112  4.3692  0.432  0.2061  1.2434  0.6565  1.365  0.741  1.7325  1.173  2.3565  0.8263  1.9905  2.1099  2.1791  1.9986  2.4002  
trainID = 399  1.0662  2.143  0.274  3.4714  0.7946  0.5143  0.1769  1.9202  3.0702  1.061  0.4482  2.7339  0.599  1.5966  1.4117  1.4955  8.0934  6.7842  1.693  2.4385  0.1274  3.5105  1.757  1.4056  1.3407  0.5023  2.5252  0.311  4.787  2.7949  1.0047  1.2376  0.8834  3.4026  0.1305  1.4422  1.7189  1.0773  0.784  1.8136  1.223  0.4324  1.056  1.6741  1.7916  0.3983  
trainID = 426  1.832  3.9804  1.478  0.0682  2.8383  1.8635  2.2914  1.8325  0.1961  1.599  2.5099  0.983  34.8892  0.1592  3.4026  2.9387  5.3223  8.4628  2.1214  0.4562  0.4643  3.3599  1.2806  1.644  0.105  1.3868  3.5982  3.4696  0.0961  1.4617  3.003  0.0487  4.8113  1.2742  2.6293  2.38  2.7722  2.3042  1.1121  1.4966  1.3101  1.2476  3.5873  
trainID = 434  0.287  3.7342  2.6598  0.391  4.2585  0.2161  1.097  2.4742  0.417  2.084  4.5785  0.1068  1.275  1.9612  10.0387  7.4569  2.5892  3.8425  1.3582  0.616  1.5556  0.121  0.3626  1.322  0.365  0.0638  2.6402  5.7002  2.5303  3.0262  1.6553  2.1509  3.659  2.6151  2.4046  1.233  0.2572  4.9734  0.9855  0.9287  2.8771  0.3435  0.2447  
trainID = 442  3.0812  4.1355  1.8316  4.0007  0.2078  0.7479  3.3662  4.0009  1.4379  1.998  0.719  0.704  0.959  1.3932  2.7066  0.4097  13.3821  1.2495  7.6914  2.1321  2.057  1.149  2.9895  1.655  3.1062  2.3318  3.9451  1.2527  0.5783  2.6916  1.6004  1.0856  1.6546  1.3678  1.0897  1.934  0.929  0.028  0.0323  3.2659  0.8838  3.4806  2.0437  
trainID = 468  0.4567  5.0178  2.7078  3.2752  5.3038  2.9823  0.372  0.4793  1.319  1.509  4.4447  2.3748  2.226  2.3732  11.0956  11.611  2.3147  6.236  4.1921  2.8337  4.0424  1.5663  1.4385  0.125  3.663  1.678  2.9  4.6255  4.238  4.542  5.8817  0.4284  5.067  2.7141  4.2934  1.225  2.793  6.7895  1.1158  0.598  0.9705  3.2472  2.2757  
trainID = 481  32.8459  0.2893  6.4918  0.8369  0.9137  3.3341  2.1219  1.9322  0.3184  2.2609  4.0395  1.5045  2.667  0.3408  14.8761  11.7173  4.7353  6.546  1.0752  2.1615  3.9122  0.8263  0.1689  0.192  0.746  0.6008  3.3114  6.5455  6.3241  4.7381  2.4183  1.5183  2.1206  4.4101  0.4471  3.0332  2.7949  5.468  0.3832  0.3781  1.9253  0.6366  0.1532  
trainID = 580  0.9911  1.497  1.302  0.8563  1.0653  0.6415  0.206  1.7256  1.9223  0.678  0.8446  0.625  0.781  1.5097  2.6167  0.8051  6.087  4.522  0.6472  0.4156  1.0501  1.5393  2.2509  3.1864  2.0008  0.5475  1.9619  2.4073  1.5591  2.1351  4.7172  2.1168  1.6899  1.7144  0.7697  0.043  3.4426  0.8711  1.4817  2.774  1.8161  0.5486  2.8763  
trainID = 581  1.337  3.2465  0.202  3.0037  0.8737  6.5446  0.3541  1.5295  0.5939  0.085  0.8119  0.577  32.822  1.0044  1.9773  0.6619  3.5457  6.1068  0.6199  0.6815  0.5176  0.3096  0.5623  3.6993  2.4702  2.606  1.8626  5.0728  0.6127  1.1268  3.9551  1.8038  3.3877  1.361  1.9213  2.7042  3.4919  2.2702  1.8235  2.9758  2.0021  1.7416  0.6208  
trainID = 586  0.9499  0.749  1.8177  0.777  1.109  1.6901  1.1487  0.4608  0.3276  0.997  0.0484  0.463  0.973  3.0366  1.5598  0.9233  2.886  1.2294  1.3308  0.7112  0.0917  2.9139  1.713  0.3144  2.8201  1.2786  1.123  0.131  1.1854  0.1135  1.0345  0.2275  0.4565  2.3953  2.5178  0.7156  2.3786  0.0428  0.78  0.6441  1.3968  0.5603  1.2104  0.5475  1.2256  2.1002  
trainID = 595  1.4263  3.5506  0.3358  5.2948  4.0939  2.8476  0.305  1.3566  1.798  1.578  4.0226  0.6696  2.7268  3.0856  10.0647  10.6216  1.5685  3.6584  3.1553  2.0114  3.3419  0.8164  1.4481  1.892  0.855  2.4741  1.8368  7.5424  6.1203  6.2832  3.8365  0.7963  4.9313  1.6708  1.5891  0.711  2.4102  7.8007  0.8875  1.0058  1.4961  0.1778  1.9766  
trainID = 620  1.5349  4.5652  0.6436  2.0216  0.0794  0.7902  0.188  0.2546  0.641  1.344  3.8616  0.6546  2.0228  0.5432  8.964  6.5282  3.1263  6.4413  0.7113  3.7387  2.4507  2.5532  1.1326  0.526  0.643  1.7906  2.4622  5.492  0.568  3.6756  0.545  0.1326  0.0786  4.2253  0.9313  0.868  0.8734  3.6397  1.1141  0.8858  1.5871  1.1986  0.0142  
trainID = 643  33.0859  2.2192  4.054  0.5755  0.4448  2.1222  0.7691  0.03  1.9561  2.5783  0.871  1.6382  0.1019  4.444  3.575  2.1585  5.3808  0.694  3.6213  2.651  0.6709  3.4342  1.3672  0.151  0.9598  0.7997  3.1532  2.8911  2.0867  1.7766  1.2045  0.2209  1.0426  4.9085  0.5248  3.0123  0.2517  4.802  1.7012  0.1602  1.0951  1.1373  0.2398  
trainID = 666  2.6318  1.5239  2.3253  0.2005  0.9281  2.0235  0.7502  1.087  1.7473  0.02  0.2687  0.841  35.0649  0.7181  3.7089  2.4168  1.2054  13.861  5.5031  0.0978  3.7715  4.1977  1.5936  2.6691  0.615  5.4151  2.0606  3.6464  2.4315  5.7472  4.3716  2.6438  3.5754  0.2715  3.7101  0.026  4.2855  0.3541  0.3847  0.2529  1.9001  5.3196  1.7495  
trainID = 809  2.0485  0.429  1.297  3.9028  5.2747  1.4826  1.5081  0.2159  1.7703  0.777  1.4765  3.1424  0.461  3.0329  0.5642  4.2418  11.6249  15.1835  3.258  4.8604  0.6054  9.8196  1.9558  1.7807  4.416  0.3028  2.407  0.719  3.2937  1.4572  2.9119  2.8232  4.4368  3.0026  1.3932  3.4411  3.4074  0.343  1.9445  1.8049  2.6171  1.3506  0.9001  
trainID = 841  0.16  4.6489  1.305  0.2635  0.0406  1.8092  3.6598  1.7139  1.8029  0.278  1.3126  0.867  1.436  2.4434  0.4941  0.742  5.12  2.214  1.8925  0.8796  1.2793  1.8799  0.172  1.169  1.8177  0.1623  4.4022  0.299  1.1484  1.9499  3.4396  0.5845  2.9163  1.7745  1.1908  1.5379  0.3993  0.416  2.201  1.3325  0.7132  0.3527  3.4131  4.5171  1.5226  1.4857  
trainID = 842  5.4498  1.0283  0.622  3.5718  4.2114  1.2865  1.641  0.8225  0.196  1.571  5.1929  0.7171  1.343  6.6294  6.7816  11.0424  1.0012  2.4735  3.5534  0.9  3.0089  1.037  1.0703  1.541  0.632  5.0045  3.5314  6.082  6.2728  7.6424  3.6861  0.1984  4.6145  1.2369  5.0204  1.68  0.8984  6.2395  4.4583  3.4005  0.1469  3.5678  0.6717  
trainID = 865  1.482  3.2809  0.448  0.8188  3.4753  0.2053  0.1101  2.2778  1.3721  0.756  1.8852  1.271  34.8564  0.5297  3.9532  3.3387  4.9391  5.9054  3.1093  1.8688  0.5931  0.0442  1.2878  3.0269  0.7961  2.8627  4.048  4.9631  0.6894  3.0554  4.2427  4.3778  2.4814  0.3722  3.3407  1.56  4.4703  1.262  0.1804  2.2517  0.9948  1.5476  1.9435  
trainID = 921  1.0013  2.8195  1.091  0.4761  2.8922  2.2076  0.2045  2.1246  2.0984  0.714  2.4219  1.14  35.6116  0.8164  1.6509  1.0402  5.7328  5.6948  2.6691  3.5134  0.1582  0.25  2.9669  3.1218  1.428  3.9912  4.9879  4.1985  0.563  2.0673  4.4945  1.3668  0.3543  0.6355  1.0171  0.734  2.8028  0.405  0.8235  3.8376  0.4322  2.8806  2.2008  
trainID = 954  2.5079  2.804  0.48  5.1166  3.7107  2.8701  1.3906  2.785  3.2304  1.277  2.1134  3.1488  1.311  3.7286  0.0702  2.6611  13.6299  11.6835  3.1891  5.4081  2.6616  10.8763  0.311  1.7642  5.4137  0.6807  1.816  1.641  5.1433  0.9895  2.3781  2.6215  2.7782  5.1985  2.5758  4.4953  5.7576  1.8277  0.2892  0.9299  4.2841  2.0946  3.4929  
trainID = 977  2.4327  1.022  2.6497  3.9586  2.8878  3.2411  0.7799  0.3627  1.6887  1.9996  2.4169  1.91  0.674  3.3407  1.5512  1.9322  10.9078  8.4688  0.0005  1.141  0.2089  6.2107  2.1992  1.1928  4.6974  1.2371  0.092  0.266  4.046  1.3683  0.9182  0.9197  1.8994  4.2258  1.4648  4.3593  2.0626  1.5653  0.427  0.3666  1.7621  2.5365  1.0733  1.8761  3.3076  1.3086  
trainID = 988  1.3059  4.3195  0.286  2.8529  0.4045  0.2908  1.3372  0.6531  1.2097  0.732  0.5631  1.341  33.2446  0.5062  3.4526  1.7531  9.3741  6.3881  3.4506  3.3645  0.0366  0.6063  2.192  1.419  2.0702  2.1867  2.0603  4.3479  0.0495  2.4536  2.1961  1.2428  1.2585  0.2572  3.0559  1.043  4.0549  1.753  0.2406  5.8176  1.7281  1.4776  0.4984  
trainID = 1048  0.0026  4.405  0.811  3.0218  0.7356  1.5516  0.7452  2.3625  1.709  1.14  1.8962  0.044  32.971  1.2096  4.402  0.7405  8.5949  6.9763  1.6173  0.3032  0.6982  1.1917  1.1138  0.786  3.1866  0.8798  1.3853  4.1348  1.2173  0.1307  3.6888  2.2598  0.1108  1.9566  2.5653  0.661  1.0843  1.1432  0.1418  3.8461  2.1771  1.8516  1.8697  
trainID = 1078  1.8796  1.4631  0.4526  1.3278  2.8881  0.2829  1.213  1.8758  0.028  0.627  5.1288  0.1073  0.5416  5.8489  7.1529  4.3477  3.9359  2.2825  3.0824  1.48  0.3792  3.4296  0.2977  0.132  0.26  1.722  0.296  1.5774  2.2019  1.5288  2.2744  1.0898  3.3032  0.9448  0.0752  1.325  0.9871  0.8623  1.1556  1.0331  0.4382  2.2126  0.3099  
trainID = 1086  2.245  4.2523  0.019  2.4684  2.1064  0.3688  0.713  1.4944  3.6562  0.499  0.712  2.428  32.2938  0.3831  4.5798  0.9199  8.1692  5.5704  4.7588  0.4138  3.786  1.9356  0.6172  1.8023  1.0486  0.5576  5.5229  8.5663  1.652  2.8161  3.0646  0.9998  0.6427  0.6661  1.3589  4.3207  4.2566  1.9202  0.3768  2.3132  2.4691  2.7416  1.8871  
trainID = 1099  2.4437  0.841  0.596  6.8398  4.1437  1.4801  2.4209  3.0935  1.2927  2.4175  1.5017  1.412  2.094  1.6129  1.458  0.9019  15.2761  9.1172  0.6047  2.4272  1.6724  13.6449  0.679  2.1573  5.2094  1.1709  1.621  0.405  4.9808  0.6493  2.5015  2.7816  0.1794  6.5546  1.6698  2.9999  4.1831  1.2926  2.4555  1.2895  2.9171  2.0566  4.5213  
trainID = 1117  1.0607  0.295  1.8023  2.9238  1.3275  2.8006  0.0841  0.8112  0.9763  0.689  0.7856  0.114  0.381  0.3064  1.423  0.9213  13.0122  0.5424  4.4435  1.0933  3.1554  5.2407  0.219  3.1035  4.9671  2.1099  4.2714  1.611  5.0276  0.4927  0.4496  1.4305  1.4099  4.0263  0.5293  2.8889  1.2986  1.635  0.941  1.4299  1.2462  1.013  0.4309  1.0481  3.9146  1.4417  
trainID = 1148  0.0172  5.616  1.529  3.5572  0.5079  0.5546  2.7816  2.1607  2.2485  0.358  2.4118  0.965  33.1467  2.4168  2.5967  1.8945  8.4269  1.8901  4.5914  1.4095  1.4028  1.5798  4.4947  3.5795  1.929  0.8344  2.6793  2.8277  0.086  1.1971  1.3551  0.7236  0.093  1.3321  1.0551  3.6213  5.3493  0.5183  1.4303  1.6843  0.0823  0.6766  2.8183  
trainID = 1228  0.2979  3.8778  0.313  0.6814  0.9258  0.5177  3.0349  0.7733  1.2892  2.161  2.5692  0.476  0.603  0.0804  3.4164  0.5473  8.2035  4.8938  1.9174  0.1779  1.7076  1.7136  2.0446  1.646  0.9782  3.0117  2.4344  3.1816  0.4763  2.4358  3.7062  0.0557  1.1616  0.7888  0.2299  2.319  1.7054  1.3736  0.1663  2.5701  2.1761  1.6556  1.4659  
trainID = 1237  2.6111  0.89  0.306  3.4381  0.2832  4.4381  0.5048  0.4219  0.4118  1.3763  1.3494  0.297  0.356  0.5796  2.647  1.2362  16.3617  12.1394  12.7737  2.9829  5.2957  5.8559  0.5  3.8794  6.1845  2.2117  0.447  0.374  6.2065  0.0361  2.5965  3.074  1.9533  3.0164  0.3481  5.0003  1.2858  2.2506  2.296  2.3565  2.9922  2.6915  1.6821  2.1951  5.0266  2.8874  
trainID = 1320  1.4178  5.1437  0.0241  0.7631  1.6967  3.0684  0.022  2.1605  2.486  1.266  3.5728  0.6719  4.2908  1.964  9.2717  6.2482  3.0532  3.0054  0.4466  0.832  0.0705  1.9775  0.245  1.386  0.441  1.4704  1.3154  4.4353  2.9831  3.8732  1.4853  0.6548  1.4696  1.9246  2.7584  0.56  4.4195  4.6593  2.3125  2.7709  0.5033  1.7766  1.8776  
trainID = 1338  2.9646  2.5478  0.675  0.6584  1.0207  3.0345  1.2846  0.131  0.7583  2.021  2.421  2.1849  33.2081  2.136  2.4122  1.8142  2.4704  11.039  3.2121  1.0249  3.978  3.3907  1.2646  3.0038  1.7276  2.4474  2.0922  3.8557  1.4008  1.8945  2.2667  2.3428  2.3977  1.9965  2.193  2.8033  3.672  3.1862  0.6779  1.2145  2.4051  3.5946  3.9784  
trainID = 1421  33.4209  0.8999  3.9643  0.8162  1.6714  3.4094  0.928  0.15  0.801  2.103  1.272  3.2781  0.4192  2.9429  5.5956  4.4714  6.4733  2.6258  0.1081  3.9864  0.192  1.8473  1.6308  2.3478  0.999  0.231  3.5711  2.9816  4.7601  1.6014  5.1181  0.0513  0.5019  3.6814  1.9204  0.7265  3.3012  1.2423  3.8902  2.6241  3.2387  0.2741  1.8273  1.3284  
trainID = 1465  2.3434  0.987  2.414  5.0836  7.9526  3.2186  1.8574  2.1507  1.2052  1.047  1.0707  1.417  0.631  1.8955  1.0527  1.9897  16.5125  13.3954  1.6193  3.809  2.2336  10.3431  0.056  4.211  4.949  0.6067  0.937  1.916  5.1006  0.468  0.4219  4.6525  1.8621  2.2686  1.6468  4.1092  6.0059  1.6379  2.4155  0.7468  1.8181  0.5853  2.4496  
trainID = 1489  32.6219  1.184  3.8126  1.2295  1.1453  2.4627  1.9365  0.121  3.6334  2.308  1.161  3.9805  1.4621  4.2458  4.504  6.688  4.819  1.7537  2.2903  0.7432  0.347  0.3004  3.6173  1.0126  0.739  1.656  0.4176  0.6594  2.9243  0.3368  0.9958  1.4218  2.3559  2.0982  0.7651  0.1198  2.304  0.2581  2.2358  0.4932  0.0711  0.1669  2.7466  1.9792  
trainID = 1491  31.0369  2.345  2.4889  1.6847  0.2852  0.6217  0.583  1.281  0.2636  2.6319  0.919  2.5656  0.7192  0.823  8.1093  10.892  1.7892  4.4371  1.0628  4.8778  0.689  0.6692  4.0774  0.1853  0.198  1.1322  2.5708  0.8264  2.0429  2.3884  2.5404  4.4779  0.2574  1.7572  4.0123  1.7911  1.47  1.6485  1.4585  2.0058  2.7489  5.6141  2.6936  3.5543  
trainID = 1520  0.6741  2.5349  0.601  2.9739  2.1791  1.1036  1.005  0.2789  0.0153  0.97  0.5599  0.248  0.954  1.141  1.1842  1.962  7.9164  4.1924  1.1914  0.2005  0.7924  1.8309  0.2268  1.042  2.604  0.8983  2.772  2.4566  1.037  0.1897  2.4747  0.1912  1.0485  2.0887  1.0485  1.245  3.3389  1.0469  0.3438  4.1483  2.7091  2.9916  2.858  
trainID = 1528  1.5229  6.3246  0.7933  0.9135  4.0992  2.0123  1.4457  0.9435  2.3373  2.471  3.6235  2.9365  4.9958  3.6741  16.3159  9.5859  3.607  8.6225  2.9638  2.047  2.9152  2.6352  0.4446  1.325  2.714  0.8841  0.9081  9.062  3.2878  2.9148  1.4002  2.3292  1.7622  2.6621  0.1591  0.198  3.7747  8.5786  1.7745  3.26  1.7201  0.3915  0.6912  
trainID = 1535  33.6519  1.3694  2.1951  2.883  0.2279  1.2362  2.7877  0.062  0.5752  2.4115  3.6764  0.3342  2.9292  3.7994  3.4659  4.3857  0.0076  2.5674  1.3023  2.4939  0.256  3.3857  0.23  0.358  0.021  0.9245  0.4215  1.8519  0.3493  1.2405  0.3121  1.0958  0.2005  2.8722  1.3835  0.189  0.8776  3.5901  1.5864  0.6473  1.4681  1.6018  0.5215  
trainID = 1547  0.8375  0.144  0.427  1.5426  2.5033  0.2826  3.0092  0.9635  2.997  1.9877  1.4273  3.0681  1.102  1.5561  2.1152  1.4636  18.7163  8.1403  3.1284  2.3689  0.2706  5.4969  0.888  2.5177  5.8073  0.57  0.773  1.5069  2.884  1.1924  1.6167  2.4901  0.6318  4.3249  0.2422  3.636  3.449  0.7642  2.1505  0.2539  1.2231  2.0666  0.7379  
trainID = 1555  3.3592  3.766  1.3734  0.4188  1.1687  0.8961  2.4529  3.4098  1.454  0.065  3.0833  2.2328  2.0905  2.9501  9.7591  7.2273  2.9518  4.0287  3.1109  3.2346  0.3235  1.2371  0.3945  0.86  0.294  0.5272  0.2972  6.7829  1.1531  3.6176  0.0821  1.0093  0.5034  3.5398  0.1561  0.006  0.03  4.9105  0.7808  0.2112  0.6286  0.2381  1.6448  
trainID = 1559  1.4225  2.8018  1.9588  2.291  0.495  4.1769  0.1008  0.7946  0.1125  1.748  0.7863  0.236  34.9817  1.5052  2.3007  2.4117  1.9618  13.2184  3.6096  0.158  2.9989  6.4899  2.1521  0.176  1.183  3.3413  1.7288  5.7217  0.6992  3.2149  4.5651  1.6858  4.1339  0.2999  3.0501  0.622  1.302  0.9237  1.5325  0.6069  1.3831  1.7866  2.2201  
trainID = 1569  1.4178  1.9131  1.125  1.8905  2.615  0.0433  1.1134  1.6264  1.5697  0.702  0.216  0.074  1.115  0.9854  0.317  1.1434  7.9663  3.3424  2.4678  0.887  1.1733  1.1536  2.0137  3.3444  0.484  2.1566  2.3226  1.0353  2.0953  0.775  2.0454  0.1671  0.1431  0.2915  1.8118  3.1321  1.9976  0.399  0.6294  2.6926  0.3101  1.9876  0.0658  
trainID = 1599  1.1377  3.0605  0.0561  2.4247  4.9565  0.7017  0.058  0.598  0.05  0.106  4.9763  1.498  1.8535  1.4749  8.6682  8.3894  0.7202  5.898  3.9309  0.78  1.3238  3.7086  1.2472  2.0501  0.094  0.9529  2.4137  7.6188  4.568  5.3274  1.4273  1.3777  0.6606  0.6638  0.7829  1.11  2.2555  4.3859  2.2925  1.0208  0.9146  0.5668  0.1313  
trainID = 1616  0.3819  2.6662  0.0916  2.045  1.1175  0.1373  0.055  0.5027  0.75  0.288  3.9868  0.9884  1.3415  2.1766  2.6239  3.7457  1.0644  0.1488  0.9153  0.256  0.0651  3.6262  0.1864  2.5249  1.328  1.4775  0.1334  2.9864  0.8264  2.2066  1.1535  1.7988  0.9057  1.6491  2.4215  2.497  1.1206  1.2279  1.8025  1.8442  1.2509  0.2413  1.2972  
trainID = 1626  6.5901  2.623  0.648  2.8141  1.6228  1.2025  0.227  2.7314  0.382  0.614  3.8183  1.1622  0.5285  8.1032  2.0345  8.7418  0.8867  2.2205  5.1694  0.054  1.4898  0.4531  0.3927  2.472  0.478  3.9911  3.6121  2.2151  3.0565  1.3663  1.6693  1.7981  1.7249  0.0308  0.4341  2.7834  0.4422  1.67  0.7432  3.0085  4.2641  1.2546  0.7065  
trainID = 1648  1.0324  0.385  1.911  1.7813  2.8545  0.0307  1.506  1.373  1.4275  1.7677  0.8147  3.1901  0.0747  1.3838  1.0265  9.5014  6.2477  2.0617  0.0116  0.1266  4.2105  0.359  2.0342  5.368  0.9723  2.2853  0.562  4.2442  1.0326  0.4236  0.2295  1.1264  1.5684  0.3353  1.1328  2.7523  0.3785  0.803  1.1544  0.5684  0.322  0.2733  1.8681  1.9526  3.335  
trainID = 1696  0.155  0.465  1.825  2.8153  3.6779  0.9341  0.458  0.0102  0.0997  0.137  0.8284  1.563  0.477  5.3086  0.311  0.7498  9.6011  13.7861  3.6329  1.7708  1.3077  8.1161  3.0502  1.2523  4.4728  0.3355  0.455  2.355  1.1667  0.2146  0.2975  1.1629  0.3686  1.9261  1.0933  4.8073  2.5591  0.298  0.711  0.4138  0.9543  2.1446  0.6093  
trainID = 1726  0.1803  2.9373  0.921  1.9503  0.7128  1.9592  1.0045  1.4456  0.5364  1.742  1.0864  0.056  35.1952  1.3331  2.1175  1.9494  4.4636  11.1525  0.1103  1.631  0.3486  2.6606  2.4587  0.757  2.4898  2.6851  4.6746  2.6013  1.9094  0.7598  2.4997  0.5469  3.2545  0.85  1.2213  0.312  2.1549  2.2002  2.0895  2.6262  4.3841  3.5556  3.3362  
trainID = 1729  0.7376  2.1693  0.297  0.6553  2.4396  1.3149  0.8129  0.5909  1.5543  0.824  1.2403  0.354  1.367  1.2707  2.0675  0.4955  1.4699  1.3056  2.0383  2.5521  1.4159  1.6131  2.0556  1.4184  2.6512  0.7496  0.308  1.047  0.1455  0.676  1.5567  0.1729  0.2457  2.1527  1.9788  0.6446  2.0092  2.3935  0.344  1.1756  1.3531  1.0506  1.3398  4.0551  1.1536  3.1051  
trainID = 1779  1.5551  1.9502  0.469  2.5196  0.0902  0.1324  0.6903  1.5998  1.4561  0.925  2.9503  0.499  33.6524  0.0148  2.5953  2.8684  8.1162  3.675  1.3117  0.3414  0.8537  0.9308  2.2771  2.1497  0.571  1.6791  2.2824  3.6846  1.9662  1.7606  3.8021  3.1418  0.1595  1.4025  1.9119  1.388  3.4562  1.5813  2.3265  2.0422  1.8811  0.7906  0.8213  
trainID = 1780  5.3319  3.7908  0.078  3.7288  0.5376  4.7672  0.496  0.0386  0.359  1.308  2.2297  2.2489  1.3037  7.9264  3.1355  9.2022  2.1155  2.717  2.5673  1.327  3.4183  0.7672  4.5173  3.1956  1.155  3.2162  3.4379  4.1402  4.5653  2.791  1.4549  0.1424  2.4735  0.085  2.7092  2.028  0.5092  3.1268  0.5459  1.9004  1.5728  1.6183  1.7365  
trainID = 1788  1.9547  2.4809  2.2428  0.2365  3.7252  1.1312  2.0289  0.057  1.24  1.233  4.3003  1.0009  2.7372  0.7129  12.2979  9.0523  1.5139  5.4281  3.7441  0.809  1.552  1.8854  1.386  1.351  1.017  0.4965  0.4834  5.8875  5.4203  1.4525  1.9997  0.608  2.968  1.4607  1.3859  0.815  0.6009  5.643  0.399  1.0143  0.0832  1.9366  2.105  
trainID = 1818  33.0989  2.5008  5.2062  1.1171  1.426  0.163  0.0725  0.459  1.851  0.879  0.474  2.6464  0.7179  1.6245  8.5865  12.2273  3.5626  5.3539  2.1419  5.1748  2.3959  1.1243  5.3827  1.6021  0.512  0.016  1.3802  0.2306  0.9707  0.5383  1.8638  1.5622  1.5312  2.5658  2.059  0.2846  0.63  2.7198  3.9628  2.5585  1.4245  2.4181  3.0546  2.7186  
trainID = 1824  0.2181  0.751  0.601  1.5145  3.6095  1.1555  0.7159  1.2701  0.371  0.395  0.7151  0.835  0.003  1.1703  2.8444  0.0741  7.4291  0.7348  0.2071  2.8877  0.683  5.9886  1.135  1.7639  2.021  0.7461  1.7245  0.351  5.3808  0.9773  1.9013  0.1293  3.3959  3.2002  3.0568  3.3867  1.704  0.0375  1.123  1.0758  2.5215  1.5125  0.9988  3.0271  2.9846  3.226  
trainID = 1878  0.3215  5.2028  3.3078  0.397  1.4914  3.2469  0.482  2.2414  1.974  1.514  5.1998  2.7145  4.3068  5.6878  13.7856  9.0356  5.4409  6.239  1.631  1.892  3.1178  3.7961  0.7213  0.724  2.641  0.4511  3.0751  8.1252  3.7541  2.9414  0.6977  2.6325  2.0951  2.4473  0.2501  1.02  2.83  5.7755  0.8164  0.3691  1.3271  1.4353  0.2909  
trainID = 1913  0.5929  0.267  1.632  6.2308  5.4579  4.2146  4.614  0.18  0.9683  0.527  1.5181  0.845  0.249  3.0388  2.4684  2.3692  11.615  15.4572  3.4703  1.298  1.1606  7.7682  0.429  1.4004  8.8935  0.156  0.638  1.313  2.9258  1.6878  1.5467  0.2636  2.9954  5.015  0.1355  2.3644  2.3883  0.8481  1.4017  0.523  2.3941  1.8966  0.2807  
trainID = 1940  0.7466  0.825  3.6022  4.6135  1.2453  4.9572  0.9492  1.9878  0.6248  0.642  2.4892  1.686  0.348  0.881  1.1998  0.7233  25.633  1.0711  7.3329  4.8479  4.0038  6.5632  0.24  1.3814  4.6087  0.4478  0.018  1.28  5.2465  1.5625  0.5301  3.1248  3.4454  4.6848  0.5127  3.86  0.5847  1.6198  0.9206  2.6749  3.8131  3.3546  4.2536  
trainID = 1951  2.2565  3.877  0.998  2.3994  1.1056  3.0309  0.3001  0.8196  0.0588  2.5071  2.3687  0.246  1.185  0.7266  3.5135  0.5613  2.1458  6.7683  1.0544  0.6487  0.6477  6.1604  0.2559  0.396  1.4064  1.6062  0.4482  2.5181  0.2843  0.6043  3.2058  3.5958  3.9581  2.1648  0.0297  1.491  2.6923  1.8447  1.4953  0.5749  3.7891  1.9746  1.6349  
trainID = 1974  0.5742  3.0497  1.5963  2.8019  0.6827  2.5161  1.1345  1.0722  0.0287  1.153  0.9147  1.321  35.1089  0.6302  4.3449  2.2727  8.6635  6.118  3.3268  0.1312  3.4989  1.4106  0.9447  2.8693  1.4773  0.5719  1.9116  4.1877  0.5994  1.1143  1.5404  0.6668  1.0189  0.3623  1.4883  0.629  3.7013  0.7288  1.0722  3.1825  1.0329  1.5476  0.9924  
trainID = 2041  2.8551  2.0156  0.8681  1.1956  2.2113  3.2829  0.82  0.2065  0.106  0.294  2.9447  0.8527  2.2634  7.6311  4.8188  9.8148  0.4636  4.6045  5.965  0.485  3.0859  0.2363  1.0661  3.7743  0.751  4.5321  1.378  4.2457  3.3116  5.0973  0.0881  1.489  2.1049  0.816  3.2476  3.554  1.048  3.8138  0.5945  3.4172  0.2662  2.8422  0.7613  
trainID = 2108  0.5662  4.4066  0.366  0.9496  3.3875  3.4784  0.4604  2.6101  1.0343  0.535  2.3114  2.7739  34.7457  2.4672  3.3859  2.2173  5.1738  10.827  0.6675  0.7321  3.1935  3.8434  0.6569  2.5925  1.5732  3.7231  0.5886  6.0876  3.5461  4.1987  5.6829  1.8108  1.2789  0.0522  0.6517  0.114  3.4381  1.9162  0.4854  1.14  2.9401  1.0226  2.3159  
trainID = 2124  1.2706  4.567  1.621  3.1588  3.1178  1.3151  0.8293  3.9982  2.4351  0.3  0.1328  0.055  33.9266  1.8136  2.5486  1.2352  11.5768  0.0328  7.7576  1.0678  1.3396  2.3277  0.8302  4.4404  1.4219  1.06  1.9038  4.4489  1.5161  2.4865  1.7294  0.5678  1.6329  0.0245  0.7202  0.307  1.4925  0.4426  1.0448  1.1769  0.7517  1.8736  0.5031  
trainID = 2140  2.698  4.3971  0.727  2.5163  2.4187  3.3978  0.8406  3.2964  0.5193  0.719  0.388  2.0772  35.1879  0.8842  4.2872  4.2762  6.1949  7.4367  1.1113  0.7313  2.9708  1.3443  0.6278  0.088  1.3912  5.7503  2.0059  8.7116  0.912  1.5069  3.9746  2.5138  3.1193  0.8289  4.8197  2.381  3.0318  1.752  1.6355  1.2151  2.9241  4.1076  2.8309  
trainID = 2154  3.6316  5.013  0.2374  0.5066  1.0975  0.1947  0.123  0.8855  0.845  0.354  3.0794  1.3764  3.4368  4.5845  10.8063  7.4236  5.3472  3.2325  1.8  1.547  1.764  4.0096  0.0817  0.454  2.175  1.8115  1.7487  3.7151  0.2887  0.4741  0.8014  0.4073  0.6999  3.4151  2.0891  0.052  2.7359  4.1827  0.9391  0.4957  1.6641  2.1216  1.5114  
trainID = 2177  3.6135  4.0125  0.4408  1.9651  3.6484  0.5647  0.023  1.7698  0.086  0.914  2.7139  0.7489  2.8237  1.448  6.4762  9.4986  3.4122  4.7682  0.7309  0.49  0.3025  1.641  0.6817  0.112  0.702  0.0162  1.648  4.6749  3.7107  4.5772  1.2849  2.1594  1.6212  1.7876  2.2069  2.028  3.701  4.4254  1.6285  0.9061  1.0232  0.106  0.9255  
trainID = 2187  1.5101  5.6864  0.9449  1.9151  1.032  0.0769  0.282  2.8115  0.43  1.854  1.0218  2.7085  1.5004  0.8437  10.2481  6.6005  3.6002  6.3889  2.6061  2.0252  0.9652  6.2106  0.3839  0.212  0.03  1.1738  0.8478  4.0252  4.0287  4.1909  0.8553  0.3422  1.202  3.9099  1.0402  2.408  0.2245  3.8965  1.5815  1.723  0.1905  2.8686  2.1641  
trainID = 2257  3.2342  1.239  0.605  7.2486  5.8849  2.729  1.2955  0.4938  0.229  1.9885  1.939  2.0703  0.554  2.8271  1.5486  0.7774  13.0007  13.1011  2.7731  2.4656  3.1525  7.5796  2.2669  1.6552  6.4165  2.1987  0.512  0.949  3.2041  0.1758  2.6575  2.1409  2.6908  4.6792  0.0286  3.7743  2.5605  2.1559  0.4906  0.4987  0.9256  3.5846  3.2779  
trainID = 2266  0.541  0.895  0.091  0.3211  0.854  2.9466  0.8509  0.5111  0.9543  1.638  0.9356  1.067  33.301  1.1532  4.4918  2.2495  3.2151  15.8198  6.467  1.0032  0.2509  4.1099  0.0815  0.622  0.82  5.9101  2.9748  4.2946  2.9265  3.0659  4.7118  0.3549  1.9709  0.8609  2.8926  0.529  1.7656  1.6046  2.6445  1.2925  3.7211  2.4616  1.9179  
trainID = 2290  2.0219  3.9162  0.983  0.2869  0.975  0.044  1.67  2.6983  3.1779  1.119  0.3151  0.342  0.521  0.554  2.9586  0.7791  6.751  2.5167  4.2727  1.2101  0.0946  1.0409  1.341  1.8104  2.3668  2.4141  2.5884  3.56  0.065  0.2321  2.2877  1.4558  0.0168  1.5674  0.9387  3.9419  3.4085  0.6294  1.4308  0.4747  2.5621  2.2246  1.5527  
trainID = 2332  0.6337  3.9915  1.68  1.8939  0.1178  0.7481  1.8749  0.4092  2.4676  0.445  0.8427  1.676  32.5886  0.3085  1.9012  0.7186  6.282  6.5492  1.1494  0.5317  2.102  0.3648  1.707  2.9364  0.292  1.9868  2.9551  3.4197  3.1714  0.0324  3.3562  0.0422  0.704  1.7869  0.6749  3.0111  2.1638  2.8152  0.6774  2.5432  1.0651  0.7226  3.0739  
trainID = 2377  1.4331  4.9347  0.6494  0.5092  2.4314  3.083  0.433  0.5936  3.0089  1.926  2.3037  1.4847  5.3958  3.0998  8.0369  6.4383  3.434  4.0938  0.6324  1.915  0.9851  1.6891  1.3212  0.613  1.324  0.0205  1.5417  6.1191  2.4387  1.6972  2.8358  0.9381  0.758  2.6787  0.6838  1.944  1.0866  3.8996  0.464  1.0737  1.9351  1.4316  0.9567  
trainID = 2432  2.1125  2.9032  1.5299  0.1346  3.3386  2.1821  1.22  0.2607  1.059  0.024  2.5781  0.4035  2.2916  7.3893  3.8887  10.7419  2.2434  3.6326  2.342  0.377  1.6429  1.5586  1.9047  1.9939  0.6946  2.1465  2.8679  3.6765  3.7094  4.5032  3.6709  0.5739  4.1473  0.4424  4.4727  3.7246  1.5698  5.6408  3.0945  0.0801  1.5651  1.3679  0.0719  
trainID = 2464  0.3717  4.1966  2.0257  0.3886  4.0392  2.374  0.834  1.1086  1.692  1.481  2.4481  0.6972  1.6833  1.5156  12.4363  6.7101  5.0378  4.8999  0.1668  0.574  2.0152  1.9964  0.2366  0.097  1.693  3.8081  0.1758  5.7271  2.8023  3.8948  3.4876  2.3778  0.9027  2.2381  1.9478  1.558  3.6109  2.6036  2.01  0.4518  0.144  0.5061  1.403  
trainID = 2522  0.0711  2.8343  1.709  2.9806  0.4902  1.5284  0.0286  3.0351  3.631  1.63  0.585  0.019  1.36  1.5078  0.5189  0.1868  12.1698  2.9317  6.9712  1.0488  0.1991  1.6063  3.2552  1.7447  0.7664  0.2133  5.2507  2.8374  0.1586  1.0848  0.1542  0.5796  2.5212  0.0386  1.2963  3.3685  2.3219  0.3787  0.8294  3.6411  2.1601  0.7736  3.6122  
trainID = 2541  1.505  3.5375  0.3679  1.1486  1.2488  0.3438  1.8826  1.9591  0.702  0.161  4.077  0.2789  1.4013  1.9629  9.2147  6.7353  2.3201  3.1292  0.4835  1.205  1.9504  2.2996  0.1262  0.688  0.088  0.5913  0.0831  4.7327  1.9887  0.3381  1.7421  1.2486  0.957  3.4864  1.7509  1.829  2.6572  4.1882  1.8915  1.7054  0.7853  0.5486  0.0666  
trainID = 2555  33.4019  0.5201  5.9684  0.3289  2.7876  5.8551  2.7461  0.609  3.084  0.452  4.2322  3.4465  3.2112  2.4231  12.3419  10.3911  2.4019  6.5038  2.8238  1.892  1.0731  2.7562  0.5547  0.081  0.424  0.5974  1.137  7.8447  2.4816  3.0122  1.9205  1.375  1.1276  3.8743  1.8133  0.106  2.0368  5.4379  1.0695  0.0176  0.0729  1.2779  0.3541  
trainID = 2679  1.5412  4.4811  3.196  0.2057  4.621  1.3488  1.8413  3.8385  0.6058  0.87  0.4336  0.523  2.327  0.2406  1.0013  0.9875  0.8053  4.6148  2.2483  2.4207  1.0536  0.264  0.7097  1.0307  2.1749  1.174  0.161  0.9791  4.484  1.1964  1.7701  1.2797  0.654  1.3925  0.4967  3.1404  2.5196  1.239  0.0539  0.9147  2.3175  0.9616  0.426  0.3561  0.5527  
trainID = 2719  2.3593  5.3389  0.5573  1.2131  1.6189  4.0802  0.186  1.7579  0.693  0.144  4.7606  0.5967  3.199  4.566  8.0333  7.8115  0.5388  1.2271  4.3506  1.149  1.0524  1.3781  1.5253  1.521  2.3582  3.7921  2.6394  4.5285  4.7984  4.4739  3.9066  0.7807  3.3675  1.1899  0.5517  2.9583  0.8828  5.0141  1.5428  2.336  1.4925  0.0299  0.3539  
trainID = 2730  1.2415  4.6431  2.4218  1.9665  0.6968  3.3438  0.018  1.9558  2.511  1.061  3.9668  1.9928  3.8803  3.6465  10.5536  8.3202  3.0132  5.5833  0.0523  0.871  4.5394  4.1135  0.4095  2.487  0.497  0.095  1.8037  5.6869  2.3818  1.5591  1.8717  1.0914  0.4927  2.8331  1.2797  1.12  0.3981  1.2535  0.4284  0.7382  0.6398  0.3117  2.6514  
trainID = 2734  1.1008  4.9594  0.633  3.8544  1.2123  3.1633  1.338  2.3358  1.933  1.41  0.9669  1.247  32.7848  0.9797  0.9173  1.1915  8.8055  6.0449  5.4256  0.4626  2.0107  0.5566  2.528  0.914  0.445  4.0323  3.2119  1.7387  1.2236  0.4275  3.3777  0.1595  0.9617  0.2011  2.2657  1.067  4.857  2.9222  0.8599  2.1475  3.2061  1.9266  2.0523  
trainID = 2735  0.201  3.6811  0.926  0.8048  0.4434  0.6989  0.4019  3.1997  3.3159  2.167  1.868  0.547  35.5254  0.6632  3.5987  1.0415  11.3009  4.5439  4.4351  0.9477  1.5124  0.8239  1.7148  2.02  1.2008  1.0885  5.8318  3.3863  0.5171  0.6634  3.5682  2.8948  0.1835  0.6155  1.9011  3.1413  4.795  1.0348  1.0062  2.759  0.1952  2.4036  0.5047  
trainID = 2742  1.4051  0.304  0.043  3.4159  3.5835  4.1466  2.2836  0.4983  0.7687  0.749  2.5383  3.1644  0.054  3.5518  0.4845  0.6374  18.6766  8.1837  1.6258  0.2825  4.6942  9.4865  0.689  0.3405  6.2229  4.4203  0.512  1.196  4.8662  0.1453  0.1531  3.3546  1.8066  6.5589  2.6998  2.7102  1.6188  0.9096  2.1875  0.6868  3.7241  2.7256  1.8091  
trainID = 2782  0.7826  1.8733  0.9906  0.5795  1.7064  0.0513  1.817  0.9722  0.714  1.765  2.1129  0.0128  2.0958  0.0225  2.6427  4.7665  0.2647  0.573  1.0541  1.018  0.4614  2.883  2.38  1.8261  1.035  0.4522  3.8254  1.7986  0.4199  0.414  1.1873  1.2858  1.7857  1.1152  1.0606  0.372  0.2574  1.4582  0.8431  0.4506  1.3421  0.0249  1.878  
trainID = 2804  1.5366  4.4937  1.418  0.8187  1.6069  2.6908  1.4519  1.7071  3.5566  0.619  1.3965  0.814  35.4293  0.1985  1.6507  1.7577  7.2612  5.4075  1.2003  0.8983  0.7846  1.0775  0.762  2.9367  2.3171  1.66  3.652  4.5498  0.3555  1.0369  4.9397  1.8878  1.6067  0.6747  2.4811  1.526  4.0977  1.5953  4.0255  4.1373  0.4328  2.5996  3.1075  
trainID = 2844  0.9429  3.6402  0.1199  1.3718  3.6909  2.2186  1.18  1.116  0.588  0.112  3.4206  0.6822  1.8849  0.1461  9.6775  7.8602  4.2539  1.8616  2.1648  3.0333  1.1647  1.4334  0.8022  2.2355  0.588  0.5763  2.6611  6.4614  2.5534  4.0748  0.4556  0.6895  1.3691  2.0954  1.8094  0.557  2.0662  3.2188  0.2446  2.2615  1.3311  1.4626  0.7178  
trainID = 2861  2.337  7.774  1.8169  0.3356  3.8291  0.881  1.7623  3.5769  2.2602  0.405  2.8534  1.4676  1.6795  0.6955  14.9822  11.445  3.9097  4.4564  0.9878  1.007  2.7624  0.6563  3.5293  1.9754  0.205  2.0391  0.4404  8.9445  1.8518  4.7451  1.2465  1.5116  3.0922  7.3074  1.7718  1.874  0.4992  6.1489  1.4931  0.2062  0.2673  0.3372  0.4952  
trainID = 2881  0.2326  5.1596  0.1057  0.5075  3.698  0.9745  0.046  0.1432  2.4321  0.518  2.2018  0.9951  1.7033  1.0758  9.323  6.5932  2.2498  3.2151  1.7079  3.2357  1.2794  0.2137  1.786  0.22  0.49  2.0108  1.5298  4.2178  0.1538  4.7022  1.0499  0.8092  1.1653  1.3699  0.3472  0.441  2.2799  3.7012  0.624  2.8424  0.7893  0.5138  1.3838  
trainID = 2883  0.133  4.9909  0.977  3.5208  1.2138  0.4104  0.8432  3.8596  2.3947  3.172  0.4986  2.2987  0.649  0.4689  0.3721  0.4741  11.4411  2.1882  5.7963  1.3524  1.188  0.0667  0.5122  3.3345  1.5395  0.9201  3.7526  4.3273  0.217  2.8125  2.0485  2.0378  1.0257  0.4842  1.1727  0.319  1.7679  0.5884  1.0612  3.0215  0.7677  0.4812  1.1293  
trainID = 2898  2.5715  2.517  0.102  4.8121  4.2829  1.4525  1.4695  1.9716  0.4695  2.3212  1.3596  2.6382  1.338  1.8689  0.3329  0.8516  16.534  7.2927  1.2361  1.6571  0.3955  9.3744  0.399  3.851  4.553  0.9129  0.411  0.7337  2.9606  0.4259  2.976  1.737  0.1734  3.9393  1.8978  4.1813  3.4213  0.0162  4.2775  0.2105  1.7391  2.5676  0.9972  
trainID = 2942  0.8516  2.8721  1.0963  3.3437  1.4884  1.6668  1.3635  0.9097  0.28  0.97  2.628  0.6229  2.7724  1.762  7.3098  7.4037  2.47  1.3306  2.7567  0.005  1.1751  1.4784  1.5361  0.769  0.633  0.5836  2.2371  3.3395  0.005  1.4197  0.7977  1.7116  0.4239  1.7574  0.1656  0.493  1.1541  2.0435  1.0367  1.1851  2.7595  0.3661  1.0229  
TrainID = 586  dbValue = 1.15449  nTestCell = 46  nTrainCell = 46  nDiff = 0  (X,Y) = (1815, 1855)  Position Error = 20.6155
TrainID = 2782  dbValue = 1.26445  nTestCell = 46  nTrainCell = 43  nDiff = 3  (X,Y) = (1815, 1895)  Position Error = 31.3847
TrainID = 311  dbValue = 1.32841  nTestCell = 46  nTrainCell = 43  nDiff = 3  (X,Y) = (1765, 1895)  Position Error = 43.4166
TrainID = 1729  dbValue = 1.35583  nTestCell = 46  nTrainCell = 46  nDiff = 0  (X,Y) = (1795, 1865)  Position Error = 5
TrainID = 1616  dbValue = 1.39195  nTestCell = 46  nTrainCell = 43  nDiff = 3  (X,Y) = (1825, 1885)  Position Error = 31.0644
TrainID = 1569  dbValue = 1.50599  nTestCell = 46  nTrainCell = 43  nDiff = 3  (X,Y) = (1765, 1895)  Position Error = 43.4166
TrainID = 2679  dbValue = 1.54341  nTestCell = 46  nTrainCell = 45  nDiff = 1  (X,Y) = (1815, 1895)  Position Error = 31.3847
TrainID = 841  dbValue = 1.6339  nTestCell = 46  nTrainCell = 46  nDiff = 0  (X,Y) = (1785, 1875)  Position Error = 15.6525
TrainID = 1520  dbValue = 1.65741  nTestCell = 46  nTrainCell = 43  nDiff = 3  (X,Y) = (1765, 1885)  Position Error = 38.0132
TrainID = 2942  dbValue = 1.67434  nTestCell = 46  nTrainCell = 43  nDiff = 3  (X,Y) = (1865, 1895)  Position Error = 71.3092
TrainID = 580  dbValue = 1.70323  nTestCell = 46  nTrainCell = 43  nDiff = 3  (X,Y) = (1755, 1865)  Position Error = 44.1022
TrainID = 1078  dbValue = 1.71585  nTestCell = 46  nTrainCell = 43  nDiff = 3  (X,Y) = (1855, 1855)  Position Error = 57.4891
TrainID = 1648  dbValue = 1.72888  nTestCell = 46  nTrainCell = 45  nDiff = 1  (X,Y) = (1845, 1835)  Position Error = 56.6127
TrainID = 2290  dbValue = 1.7469  nTestCell = 46  nTrainCell = 43  nDiff = 3  (X,Y) = (1765, 1885)  Position Error = 38.0132
TrainID = 399  dbValue = 1.75908  nTestCell = 46  nTrainCell = 46  nDiff = 0  (X,Y) = (1845, 1825)  Position Error = 62.9682
TrainID = 1228  dbValue = 1.76188  nTestCell = 46  nTrainCell = 43  nDiff = 3  (X,Y) = (1755, 1875)  Position Error = 44.5533
TrainID = 1824  dbValue = 1.77292  nTestCell = 46  nTrainCell = 46  nDiff = 0  (X,Y) = (1805, 1825)  Position Error = 43.4166
TrainID = 1951  dbValue = 1.84534  nTestCell = 46  nTrainCell = 43  nDiff = 3  (X,Y) = (1765, 1835)  Position Error = 47.3814
TrainID = 2541  dbValue = 1.84668  nTestCell = 46  nTrainCell = 43  nDiff = 3  (X,Y) = (1885, 1925)  Position Error = 103.175
TrainID = 2881  dbValue = 1.86136  nTestCell = 46  nTrainCell = 43  nDiff = 3  (X,Y) = (1885, 1955)  Position Error = 122.332
TrainID = 2883  dbValue = 1.89838  nTestCell = 46  nTrainCell = 43  nDiff = 3  (X,Y) = (1755, 1925)  Position Error = 72.0069
TrainID = 2522  dbValue = 1.95417  nTestCell = 46  nTrainCell = 43  nDiff = 3  (X,Y) = (1745, 1935)  Position Error = 86.0523
TrainID = 1117  dbValue = 1.98098  nTestCell = 46  nTrainCell = 46  nDiff = 0  (X,Y) = (1795, 1785)  Position Error = 83.0963
TrainID = 620  dbValue = 2.00098  nTestCell = 46  nTrainCell = 43  nDiff = 3  (X,Y) = (1895, 1915)  Position Error = 106.888
TrainID = 1555  dbValue = 2.05258  nTestCell = 46  nTrainCell = 43  nDiff = 3  (X,Y) = (1885, 1885)  Position Error = 87.6641
TrainID = 1696  dbValue = 2.06227  nTestCell = 46  nTrainCell = 43  nDiff = 3  (X,Y) = (1885, 1795)  Position Error = 112.805
TrainID = 2844  dbValue = 2.11151  nTestCell = 46  nTrainCell = 43  nDiff = 3  (X,Y) = (1895, 1925)  Position Error = 111.647
TrainID = 2177  dbValue = 2.13996  nTestCell = 46  nTrainCell = 43  nDiff = 3  (X,Y) = (1885, 1935)  Position Error = 109.018
TrainID = 1626  dbValue = 2.14489  nTestCell = 46  nTrainCell = 43  nDiff = 3  (X,Y) = (1795, 1975)  Position Error = 107.075
TrainID = 2154  dbValue = 2.1665  nTestCell = 46  nTrainCell = 43  nDiff = 3  (X,Y) = (1925, 1885)  Position Error = 127.142
TrainID = 434  dbValue = 2.17341  nTestCell = 46  nTrainCell = 43  nDiff = 3  (X,Y) = (1895, 1955)  Position Error = 129.557
TrainID = 2377  dbValue = 2.19237  nTestCell = 46  nTrainCell = 43  nDiff = 3  (X,Y) = (1895, 1915)  Position Error = 106.888
TrainID = 1320  dbValue = 2.25057  nTestCell = 46  nTrainCell = 43  nDiff = 3  (X,Y) = (1865, 1945)  Position Error = 101.415
TrainID = 442  dbValue = 2.26293  nTestCell = 46  nTrainCell = 43  nDiff = 3  (X,Y) = (1765, 1965)  Position Error = 102.786
TrainID = 301  dbValue = 2.26458  nTestCell = 46  nTrainCell = 43  nDiff = 3  (X,Y) = (1905, 1925)  Position Error = 120.354
TrainID = 1535  dbValue = 2.27317  nTestCell = 46  nTrainCell = 43  nDiff = 3  (X,Y) = (1835, 1875)  Position Error = 36.6742
TrainID = 977  dbValue = 2.28168  nTestCell = 46  nTrainCell = 46  nDiff = 0  (X,Y) = (1835, 1795)  Position Error = 81.3941
TrainID = 1599  dbValue = 2.28448  nTestCell = 46  nTrainCell = 43  nDiff = 3  (X,Y) = (1895, 1965)  Position Error = 136.473
TrainID = 2187  dbValue = 2.29211  nTestCell = 46  nTrainCell = 43  nDiff = 3  (X,Y) = (1905, 1905)  Position Error = 112.272
TrainID = 1788  dbValue = 2.32274  nTestCell = 46  nTrainCell = 43  nDiff = 3  (X,Y) = (1925, 1935)  Position Error = 142.706
TrainID = 2464  dbValue = 2.33414  nTestCell = 46  nTrainCell = 43  nDiff = 3  (X,Y) = (1915, 1945)  Position Error = 139.23
TrainID = 2730  dbValue = 2.33539  nTestCell = 46  nTrainCell = 43  nDiff = 3  (X,Y) = (1905, 1925)  Position Error = 120.354
TrainID = 1547  dbValue = 2.40173  nTestCell = 46  nTrainCell = 43  nDiff = 3  (X,Y) = (1825, 1775)  Position Error = 96.566
TrainID = 2041  dbValue = 2.44697  nTestCell = 46  nTrainCell = 43  nDiff = 3  (X,Y) = (1835, 2015)  Position Error = 151.344
TrainID = 2432  dbValue = 2.45983  nTestCell = 46  nTrainCell = 43  nDiff = 3  (X,Y) = (1855, 2005)  Position Error = 148.003
TrainID = 1780  dbValue = 2.47247  nTestCell = 46  nTrainCell = 43  nDiff = 3  (X,Y) = (1805, 2005)  Position Error = 137.131
TrainID = 2719  dbValue = 2.48035  nTestCell = 46  nTrainCell = 43  nDiff = 3  (X,Y) = (1875, 1995)  Position Error = 148.003
TrainID = 2332  dbValue = 2.52125  nTestCell = 46  nTrainCell = 43  nDiff = 3  (X,Y) = (1735, 1855)  Position Error = 65.307
TrainID = 2898  dbValue = 2.54023  nTestCell = 46  nTrainCell = 43  nDiff = 3  (X,Y) = (1835, 1775)  Position Error = 99.7246
TrainID = 1489  dbValue = 2.54828  nTestCell = 46  nTrainCell = 44  nDiff = 2  (X,Y) = (1865, 1875)  Position Error = 66.3702
TrainID = 1779  dbValue = 2.56447  nTestCell = 46  nTrainCell = 43  nDiff = 3  (X,Y) = (1745, 1875)  Position Error = 54.4518
TrainID = 643  dbValue = 2.57121  nTestCell = 46  nTrainCell = 43  nDiff = 3  (X,Y) = (1845, 1865)  Position Error = 46.0977
TrainID = 1048  dbValue = 2.63534  nTestCell = 46  nTrainCell = 43  nDiff = 3  (X,Y) = (1735, 1865)  Position Error = 64.0703
TrainID = 1974  dbValue = 2.65094  nTestCell = 46  nTrainCell = 43  nDiff = 3  (X,Y) = (1735, 1885)  Position Error = 66.2193
TrainID = 1913  dbValue = 2.68463  nTestCell = 46  nTrainCell = 43  nDiff = 3  (X,Y) = (1895, 1755)  Position Error = 148.273
TrainID = 581  dbValue = 2.68552  nTestCell = 46  nTrainCell = 43  nDiff = 3  (X,Y) = (1735, 1855)  Position Error = 65.307
TrainID = 389  dbValue = 2.69903  nTestCell = 46  nTrainCell = 43  nDiff = 3  (X,Y) = (1735, 1925)  Position Error = 85.703
TrainID = 2124  dbValue = 2.71632  nTestCell = 46  nTrainCell = 43  nDiff = 3  (X,Y) = (1725, 1935)  Position Error = 99.8248
TrainID = 343  dbValue = 2.75526  nTestCell = 46  nTrainCell = 43  nDiff = 3  (X,Y) = (1925, 1975)  Position Error = 165.303
TrainID = 988  dbValue = 2.76454  nTestCell = 46  nTrainCell = 43  nDiff = 3  (X,Y) = (1715, 1895)  Position Error = 88.2326
TrainID = 2742  dbValue = 2.7887  nTestCell = 46  nTrainCell = 43  nDiff = 3  (X,Y) = (1845, 1745)  Position Error = 131.32
TrainID = 1148  dbValue = 2.8007  nTestCell = 46  nTrainCell = 43  nDiff = 3  (X,Y) = (1735, 1915)  Position Error = 79.404
TrainID = 921  dbValue = 2.82879  nTestCell = 46  nTrainCell = 43  nDiff = 3  (X,Y) = (1695, 1855)  Position Error = 104.809
TrainID = 2861  dbValue = 2.834  nTestCell = 46  nTrainCell = 43  nDiff = 3  (X,Y) = (1955, 1945)  Position Error = 173.968
TrainID = 1726  dbValue = 2.85722  nTestCell = 46  nTrainCell = 43  nDiff = 3  (X,Y) = (1725, 1835)  Position Error = 81.0247
TrainID = 2257  dbValue = 2.87395  nTestCell = 46  nTrainCell = 43  nDiff = 3  (X,Y) = (1895, 1765)  Position Error = 140.801
TrainID = 809  dbValue = 2.8764  nTestCell = 46  nTrainCell = 43  nDiff = 3  (X,Y) = (1905, 1745)  Position Error = 162.373
TrainID = 2734  dbValue = 2.88043  nTestCell = 46  nTrainCell = 43  nDiff = 3  (X,Y) = (1715, 1885)  Position Error = 85.703
TrainID = 426  dbValue = 2.88529  nTestCell = 46  nTrainCell = 43  nDiff = 3  (X,Y) = (1745, 1845)  Position Error = 58.6941
TrainID = 2735  dbValue = 2.88542  nTestCell = 46  nTrainCell = 43  nDiff = 3  (X,Y) = (1725, 1915)  Position Error = 87.6641
TrainID = 1940  dbValue = 2.91016  nTestCell = 46  nTrainCell = 43  nDiff = 3  (X,Y) = (1795, 1745)  Position Error = 123.065
TrainID = 595  dbValue = 2.93188  nTestCell = 46  nTrainCell = 43  nDiff = 3  (X,Y) = (1915, 2015)  Position Error = 187.257
TrainID = 865  dbValue = 2.93663  nTestCell = 46  nTrainCell = 43  nDiff = 3  (X,Y) = (1685, 1845)  Position Error = 116.297
TrainID = 1421  dbValue = 2.93693  nTestCell = 46  nTrainCell = 44  nDiff = 2  (X,Y) = (1825, 1965)  Position Error = 100.424
TrainID = 1491  dbValue = 2.95969  nTestCell = 46  nTrainCell = 44  nDiff = 2  (X,Y) = (1865, 1825)  Position Error = 78.7718
TrainID = 1878  dbValue = 2.96386  nTestCell = 46  nTrainCell = 43  nDiff = 3  (X,Y) = (1955, 1925)  Position Error = 166.087
TrainID = 2804  dbValue = 2.9804  nTestCell = 46  nTrainCell = 43  nDiff = 3  (X,Y) = (1695, 1855)  Position Error = 104.809
TrainID = 1559  dbValue = 2.99741  nTestCell = 46  nTrainCell = 43  nDiff = 3  (X,Y) = (1735, 1795)  Position Error = 97.0824
TrainID = 1237  dbValue = 3.00103  nTestCell = 46  nTrainCell = 46  nDiff = 0  (X,Y) = (1765, 1755)  Position Error = 118.004
TrainID = 1099  dbValue = 3.01319  nTestCell = 46  nTrainCell = 43  nDiff = 3  (X,Y) = (1865, 1725)  Position Error = 157.496
TrainID = 1818  dbValue = 3.01795  nTestCell = 46  nTrainCell = 44  nDiff = 2  (X,Y) = (1885, 1835)  Position Error = 92.1141
TrainID = 2266  dbValue = 3.04861  nTestCell = 46  nTrainCell = 43  nDiff = 3  (X,Y) = (1745, 1785)  Position Error = 99.0202
TrainID = 842  dbValue = 3.06224  nTestCell = 46  nTrainCell = 43  nDiff = 3  (X,Y) = (1865, 2035)  Position Error = 179.569
TrainID = 1465  dbValue = 3.0952  nTestCell = 46  nTrainCell = 43  nDiff = 3  (X,Y) = (1865, 1745)  Position Error = 139.589
TrainID = 1086  dbValue = 3.1017  nTestCell = 46  nTrainCell = 43  nDiff = 3  (X,Y) = (1695, 1885)  Position Error = 105.38
TrainID = 1338  dbValue = 3.13495  nTestCell = 46  nTrainCell = 43  nDiff = 3  (X,Y) = (1715, 1805)  Position Error = 105
TrainID = 2108  dbValue = 3.16159  nTestCell = 46  nTrainCell = 43  nDiff = 3  (X,Y) = (1695, 1815)  Position Error = 116.726
TrainID = 1528  dbValue = 3.18669  nTestCell = 46  nTrainCell = 43  nDiff = 3  (X,Y) = (1975, 1935)  Position Error = 188.322
TrainID = 666  dbValue = 3.20734  nTestCell = 46  nTrainCell = 43  nDiff = 3  (X,Y) = (1745, 1785)  Position Error = 99.0202
TrainID = 468  dbValue = 3.24053  nTestCell = 46  nTrainCell = 43  nDiff = 3  (X,Y) = (1915, 2015)  Position Error = 187.257
TrainID = 954  dbValue = 3.32876  nTestCell = 46  nTrainCell = 43  nDiff = 3  (X,Y) = (1875, 1725)  Position Error = 161.941
TrainID = 2140  dbValue = 3.36159  nTestCell = 46  nTrainCell = 43  nDiff = 3  (X,Y) = (1685, 1815)  Position Error = 125.718
TrainID = 2555  dbValue = 3.39223  nTestCell = 46  nTrainCell = 43  nDiff = 3  (X,Y) = (1975, 1945)  Position Error = 192.107
TrainID = 481  dbValue = 3.5828  nTestCell = 46  nTrainCell = 43  nDiff = 3  (X,Y) = (1975, 1945)  Position Error = 192.107
