trainID = 129  1.1382  1.5716  0.624  1.9433  0.5566  1.1043  1.5276  0.6032  0.6015  2.2024  0.956  4.7916  3.6499  1.6688  1.0411  3.0494  3.0361  6.909  0.3741  2.8161  1.7604  1.6135  3.4982  2.7644  6.9809  1.1193  0.7306  4.034  4.1899  0.8282  3.9226  4.4604  0.1999  3.2345  1.6682  0.2684  4.9867  4.5635  4.1223  36.499  
trainID = 141  3.753  4.0981  0.136  7.9554  2.2784  5.1429  3.246  0.4057  0.5134  4.2386  0.141  2.512  4.9468  1.5768  2.3011  7.8308  4.7715  7.9813  0.1517  3.0689  7.7159  1.2645  4.0151  1.7598  12.7053  5.1632  1.9944  2.16  6.106  1.2735  0.3711  6.5415  3.2882  5.252  1.5654  2.2585  2.0976  5.033  1.9422  32.8081  
trainID = 142  4.5773  2.2848  0.657  6.8715  0.4121  2.017  6.9902  0.1706  1.1082  2.3765  3.7581  4.4419  4.2688  4.8982  1.0257  11.1799  4.4511  9.6902  0.0629  1.0034  4.7  4.5678  3.9272  4.5254  6.8254  4.312  5.3092  1.1346  5.6458  1.5663  2.0986  4.6077  1.0663  0.3814  0.9142  3.84  2.5608  3.135  0.3313  33.4514  
trainID = 171  4.7716  3.745  0.012  9.0552  2.8728  3.5123  7.0452  1.4211  3.7693  2.361  1.25  2.144  9.2174  7.6996  1.2432  11.0094  8.7207  12.8519  4.6357  5.0065  11.4891  5.3761  5.8451  4.3275  26.7154  16.3589  4.6095  1.0828  11.3916  5.8202  2.1736  8.6415  5.3762  6.4352  3.6713  2.0689  4.9902  3.8701  3.7747  34.9371  
trainID = 175  1.028  1.0078  1.8  0.3487  0.6336  1.0277  0.4223  0.7393  0.4671  1.1116  1.3953  2.2854  1.9162  0.817  4.4512  0.8213  0.0116  1.2689  1.8842  1.7962  1.7876  1.7511  0.4057  1.5066  0.8563  3.0413  1.6635  3.0032  3.3624  1.9845  2.4155  1.8052  0.3001  1.2826  1.6728  0.2496  2.7127  0.2934  1.5618  1.1434  0.252  1.0603  35.7668  
trainID = 211  1.9471  5.313  0.379  6.4987  0.4471  2.4877  4.4782  0.1314  1.6152  2.4917  2.674  2.347  3.63  2.1702  0.4678  7.1401  6.4311  7.611  0.8833  3.1343  4.3695  3.1081  5.5371  1.1729  9.589  4.8745  2.6389  2.0899  7.1628  0.4509  1.2396  5.2088  1.7891  3.3621  0.1635  1.2974  2.9317  3.718  2.258  34.9213  
trainID = 214  2.3  1.7765  0.55  3.4124  1.098  1.7912  0.2256  4.4978  4.0146  1.88  0.3856  2.1341  1.4464  2.599  3.275  1.5223  2.723  2.7923  3.7149  12.9202  8.4258  0.4156  3.8034  0.9465  2.9929  3.2181  7.2919  5.8027  2.1431  0.4001  2.2604  2.8564  4.0048  32.4632  3.2065  2.733  0.7128  1.5735  1.978  0.6713  1.548  
trainID = 221  2.219  1.9027  1.944  0.097  3.7129  1.9233  3.3215  2.2165  1.4344  0.1352  3.3608  2.0963  2.5246  1.3596  2.863  6.2629  3.1213  2.6297  2.3129  0.9696  2.9157  0.7954  0.684  0.7249  6.0978  1.7124  7.0099  1.994  3.135  3.8766  1.8436  0.5743  4.106  3.3922  2.045  3.9803  1.4978  2.901  0.0183  34.9812  
trainID = 258  3.1374  5.1113  0.747  7.0363  0.8705  2.7224  4.2292  2.4165  2.3683  2.7579  0.504  5.6614  5.9926  4.9307  0.0747  9.4861  8.251  8.291  0.5247  1.5033  8.5975  3.726  1.9982  5.4121  10.3667  7.9604  6.727  0.4737  5.8926  5.5676  1.1325  5.3689  1.8553  3.3144  3.3581  0.1807  3.9631  6.6397  4.5496  33.647  
trainID = 283  0.67  2.6384  2.034  0.6066  6.7479  3.6016  3.9284  4.5025  0.4098  1.8113  1.8441  0.7387  1.8532  3.8522  6.5947  9.602  8.4205  9.1474  8.0141  15.5839  1.824  3.2287  5.5196  1.6651  1.6905  4.533  10.546  7.1795  0.8432  4.0932  2.5485  3.1266  4.0976  3.795  0.3568  0.0768  0.591  0.808  3.787  1.939  
trainID = 286  33.5282  2.1555  2.5874  2.069  2.2158  2.6681  2.9906  4.1932  0.1725  1.8353  4.5614  1.2  0.243  2.9858  0.6068  0.9596  4.5709  3.1689  6.161  2.6248  3.1694  4.5089  0.7054  3.2219  1.529  9.14  1.0315  0.4812  3.11  3.4968  1.9025  1.0566  5.3889  0.1763  4.7408  0.2133  3.3229  2.4166  4.1754  1.6634  36.6055  
trainID = 300  2.537  4.7129  0.269  4.2771  0.3455  2.3933  0.0236  2.2472  2.6297  1.6183  1.4416  1.4392  1.6728  3.0353  4.224  0.2052  2.1411  0.0027  0.6511  8.264  9.4721  1.9954  1.6785  3.3611  0.8206  0.221  3.8849  4.8685  2.3572  0.3474  2.2461  0.686  1.739  2.8986  1.5169  0.3561  0.5684  1.111  1.8037  0.326  3.6007  2.1079  0.676  
trainID = 306  3.053  3.9209  0.793  2.1856  5.4112  3.6002  4.4149  3.3868  0.2458  0.8894  0.1399  2.0433  1.2714  4.4764  5.6526  5.9997  8.329  7.0193  6.524  11.1958  3.824  1.5415  5.4299  0.2762  0.3182  3.8696  7.1456  5.6866  1.4256  4.8095  1.3661  2.0522  4.0006  3.2362  0.329  1.1465  0.06  0.56  0.7478  0.773  
trainID = 320  1.398  1.4402  0.158  0.987  2.3859  2.3067  3.5001  0.7882  0.5832  2.6867  2.6736  2.8155  1.8375  2.807  2.616  2.2339  0.3263  3.4106  8.5679  1.6902  23.2542  1.4164  0.5497  4.1366  2.1432  1.0121  1.5696  0.1299  2.3059  7.5277  0.3076  1.9141  0.6081  1.8456  1.0389  4.5772  0.0202  1.262  3.0009  0.267  0.621  2.6923  0.965  
trainID = 338  1.1994  0.2265  0.762  5.6346  3.1997  3.46  4.3652  1.02  0.2693  0.6086  1.197  3.318  4.0093  0.4865  1.7418  3.4887  5.0963  8.7396  1.2829  4.4781  5.6603  0.9871  3.0949  0.9137  12.066  2.0279  5.9231  4.532  6.6072  1.0938  1.3656  6.1109  1.5836  3.7007  1.456  1.3787  3.896  3.8766  1.9478  35.2674  
trainID = 359  2.337  3.4761  2.3208  2.6926  4.0872  0.108  9.4134  1.4285  3.0266  2.5431  2.5733  4.561  0.9909  1.555  2.094  0.6656  0.7285  2.5382  0.7659  19.3103  16.6732  0.4602  5.9617  8.0317  4.2962  0.279  4.4319  3.8918  5.2676  5.5108  1.1111  0.6406  2.0765  2.5056  0.5856  2.6409  1.828  0.424  3.2508  0.848  
trainID = 369  1.851  3.5114  1.0148  1.2721  4.0472  0.615  2.7505  1.6072  0.2642  0.314  2.9324  0.3854  1.9268  1.498  2.613  1.3818  0.7148  3.285  8.6273  0.8503  17.8344  2.1312  0.0279  5.3097  2.8951  0.716  0.5568  0.5142  3.8338  4.465  0.9896  1.0365  0.4103  2.0486  0.0755  2.1643  0.5542  0.0806  4.5084  0.135  0.206  4.4  1.023  
trainID = 389  0.6441  1.0754  0.413  2.5191  1.5077  2.6533  3.8484  2.0151  0.5007  1.7466  1.311  3.316  1.3085  2.4752  3.6718  3.7701  4.0967  5.8883  0.9495  4.4574  2.6865  0.7401  1.109  0.1147  10.7179  0.6666  4.6778  4.1775  4.1899  4.5757  0.2253  4.8294  0.1583  5.2405  1.651  4.0433  1.8729  0.781  0.9986  34.8912  
trainID = 399  4.2733  0.2269  1.395  1.0544  7.1662  0.869  5.4704  4.2006  2.2978  0.7823  0.9922  5.1431  37.6635  3.6761  2.2379  4.2258  15.5632  11.5825  0.3274  4.6556  4.012  1.9593  1.8659  1.7492  0.35  2.3754  1.6829  10.0517  2.5079  3.5126  2.4165  0.3007  2.0222  2.6182  2.4307  2.04  4.5862  1.4762  3.2039  2.0525  37.6897  
trainID = 408  2.581  2.7004  0.642  3.7176  1.3332  1.9793  1.1394  3.1555  1.014  1.6738  3.0822  2.4191  2.6487  2.164  2.83  0.8159  0.5167  2.3496  2.0612  11.7197  14.1972  0.404  2.999  3.4005  3.0375  2.4532  4.5778  6.4185  1.8676  0.9842  0.8858  1.4067  3.2372  2.6722  3.248  2.9566  3.439  1.3742  0.022  0.898  
trainID = 426  2.46  3.1728  0.643  1.8438  1.0428  0.883  1.9308  0.5677  0.9486  2.8968  1.0799  2.269  2.1753  1.342  1.306  1.9203  0.247  0.2084  2.1475  3.6645  4.1418  2.6733  3.6751  1.8087  0.083  0.868  0.556  5.7756  0.8796  5.5774  3.6494  2.9343  2.8161  0.3825  1.3469  2.1735  0.8787  0.444  3.6276  0.395  3.8836  1.6119  33.7041  
trainID = 436  0.578  3.8798  0.472  3.5193  2.1014  2.9671  3.3847  3.5178  0.4682  1.2514  0.6356  0.4642  0.0748  2.403  5.3201  4.4636  5.854  4.8583  7.8857  10.1645  7.563  1.2417  3.5246  0.8978  1.3875  3.5199  6.3375  7.3615  0.6307  1.5277  0.0053  2.3672  3.3657  3.5876  1.451  1.6723  1.657  0.486  0.0441  0.606  
trainID = 464  1.761  4.2625  0.853  2.0012  0.6752  1.1578  2.4414  3.4603  1.8762  2.1432  0.9091  0.2809  2.4588  2.9379  4.8152  3.782  2.0476  1.1568  3.9199  4.6118  0.069  0.9551  3.1302  0.0136  0.0221  2.8536  4.0233  3.9545  0.6852  4.2877  1.1974  1.212  2.8837  1.0558  1.295  1.8259  0.045  1.3735  0.4896  1.815  
trainID = 492  0.2116  0.8856  2.076  6.0617  1.2565  2.2969  0.802  1.0276  1.8523  0.2032  1.252  4.6508  2.0498  1.5781  0.5334  7.6182  7.72  10.2613  0.394  4.0621  5.2374  2.6626  3.2558  3.1231  8.5343  3.0953  2.9776  1.671  5.8842  0.3381  2.0606  5.8919  1.6462  1.744  1.5497  0.6717  5.2837  5.5994  2.9998  35.4088  
trainID = 529  2.831  2.516  0.725  1.6209  4.9442  0.716  6.9187  2.5642  0.8404  0.0488  4.7554  4.2171  1.4226  1.226  1.327  3.1695  2.6256  2.8584  11.9443  8.4394  31.6842  3.7218  1.0335  5.626  4.5664  1.492  0.4555  0.2146  3.9569  8.3307  2.6332  0.2109  0.6839  2.2676  0.9179  0.8103  0.642  1.7708  4.8452  0.275  
trainID = 554  3.5873  4.5699  0.154  5.9897  1.2676  2.1079  5.0792  4.0821  2.7203  1.4505  1.849  3.085  5.222  6.046  0.899  10.3744  9.9792  8.3045  0.3907  1.1441  7.2564  5.0043  3.4499  3.1892  9.3523  8.1507  6.2845  2.4358  8.161  2.8749  0.6216  8.5367  1.7213  6.0206  4.061  1.1457  4.237  5.1913  4.0312  33.1229  
trainID = 574  2.046  2.0245  0.113  2.0746  5.1204  1.4614  5.8598  6.3789  3.529  2.5396  0.0672  1.4779  2.6307  3.1247  4.4574  7.5503  7.1795  7.4108  9.0004  16.4819  1.3106  1.9697  3.4265  1.1613  0.7982  1.3292  7.6384  8.3066  0.7421  4.0168  4.3462  1.6701  5.481  5.5187  3.148  0.2434  1.257  0.809  2.0386  1.402  
trainID = 579  0.812  2.738  1.5629  3.038  2.2452  0.741  5.2779  1.5512  2.1453  3.2834  4.0121  5.1255  2.1231  1.803  3.569  0.0134  0.2579  0.6348  4.6747  2.6339  21.2199  1.3787  2.0307  5.8812  4.2002  0.27  2.629  0.7516  3.6764  3.9947  1.6935  0.2495  0.9228  1.7466  3.3629  0.0057  0.0479  2.757  2.5947  0.266  1.21  4.0934  1.334  
trainID = 580  4.1218  1.3583  0.772  1.0029  3.5262  0.707  1.1427  2.3407  2.1706  0.3994  1.1868  0.1506  36.2835  3.5892  1.0329  3.5354  1.3828  0.2763  2.6676  1.8015  3.0893  0.0119  0.8873  2.4104  1.3398  6.6149  2.5159  6.6397  2.1864  2.2609  1.1019  1.6856  1.7745  0.8151  2.7383  2.867  2.9572  3.5703  1.2898  0.3345  34.4151  
trainID = 581  0.721  0.0971  1.322  1.3488  1.7767  0.797  1.0047  2.5323  3.7325  0.9595  1.3829  1.479  4.2425  0.824  1.421  3.0839  1.6723  2.0684  3.9241  1.3085  2.6403  2.8986  3.6218  1.2416  1.9259  2.9233  1.8092  4.5564  2.6152  3.9742  3.1328  3.2692  1.864  1.3726  0.0767  2.2603  1.5867  0.1198  2.9079  0.429  0.948  0.1327  36.6706  
trainID = 586  2.791  3.3245  1.333  0.9381  4.2742  1.2227  1.222  4.515  1.122  1.7541  3.3732  2.4005  36.0915  5.1161  2.0898  1.807  10.3558  6.0277  0.6896  2.9283  4.2311  1.3627  0.085  0.347  0.53  8.3478  4.5913  10.0815  3.973  3.9395  3.4238  2.0866  2.7488  3.2779  3.4652  2.044  5.7557  1.3024  2.2112  1.8981  35.1912  
trainID = 597  0.49  3.7785  1.7198  4.055  0.961  0.046  0.1896  0.8289  0.3487  0.2705  2.0955  1.1616  1.3775  2.337  2.955  0.5028  1.7412  1.5365  1.0814  8.2973  11.5846  0.1305  4.2875  2.8557  1.0515  1.3217  3.1937  3.2519  1.1  1.2382  1.4596  0.0077  0.8501  2.5806  0.8567  1.5587  1.9732  2.984  0.5553  1.4394  1.084  1.5412  0.466  
trainID = 634  0.918  1.6556  0.072  1.8698  0.0551  3.5434  1.159  1.6134  0.466  1.2925  0.9996  0.551  2.274  0.922  3.843  0.4695  1.065  2.85  2.0917  2.6941  0.8384  2.2055  1.4846  0.5082  2.0908  1.357  1.445  2.0994  4.2138  1.6256  0.4193  0.5549  2.3082  2.1346  1.018  1.9576  0.3867  0.923  0.0453  1.5093  1.012  1.1928  1.34  
trainID = 666  1.928  2.9422  0.736  2.6436  3.4993  1.7303  1.7985  2.4779  0.7886  0.1448  3.9994  3.8202  1.9996  1.267  0.366  1.3614  0.0593  0.3135  8.6752  9.0627  7.5235  2.1193  0.3679  2.6465  2.9572  1.8931  0.046  1.7473  2.4172  5.4006  1.314  1.3512  1.4475  2.2126  0.111  0.6278  0.2021  2.798  2.1143  3.0533  3.1562  3.3614  35.5419  
trainID = 675  1.4575  2.4036  0.608  4.251  2.2973  3.7096  3.3835  1.4896  0.6093  2.0066  3.0804  3.243  2.9002  2.1469  1.0941  5.897  5.6522  4.486  2.4857  1.9637  3.315  3.1132  1.7414  2.3926  5.0068  3.5289  0.5491  2.8752  2.373  1.9673  0.9306  4.6484  1.9547  2.0133  0.396  0.6507  1.6006  2.8922  0.1769  34.1527  
trainID = 684  0.051  4.2694  0.524  1.2269  6.7982  3.4637  3.9763  4.9567  1.8494  5.0802  2.7681  1.0933  2.5  4.8206  5.199  9.8592  13.0281  8.3642  9.2325  16.8111  0.6829  1.7043  3.8029  0.3649  0.6551  4.2609  11.7404  9.5265  0.6259  2.9593  4.2812  2.7662  5.1498  4.3581  1.154  3.663  1.1311  1.5834  3.7844  0.675  
trainID = 729  33.6362  0.3358  1.4171  0.417  6.2777  0.2274  2.5703  2.1017  1.6849  0.1676  2.8059  2.9968  3.61  0.2143  1.5455  1.7861  5.9063  3.4902  5.826  0.5742  0.9549  3.4375  1.1386  3.1158  2.4293  3.6288  1.617  3.7898  1.5568  0.8787  0.775  2.3246  4.6756  1.5858  3.4355  0.935  1.485  0.8814  4.69  1.1566  34.2523  
trainID = 735  0.891  2.0835  0.819  4.4303  2.2031  2.3708  5.8254  3.3103  1.6428  1.0472  1.4141  0.691  2.0095  3.4767  1.736  6.4579  1.3206  5.8403  7.2083  7.4485  0.8309  1.6837  2.5523  1.6225  0.2727  3.9662  5.6784  7.5735  0.95  2.0401  1.5958  3.1328  3.7694  1.7031  2.606  0.2819  0.087  0.14  2.0424  1.45  
trainID = 774  1.129  1.4548  0.099  1.2354  2.8455  2.269  4.8195  0.7394  2.8456  0.675  4.302  1.4092  3.0958  0.588  3.367  2.2602  0.5943  0.0083  5.5365  2.9625  17.6252  1.5121  3.0153  3.1464  1.8609  1.5658  0.473  1.2738  4.1662  3.477  1.4861  1.0037  1.0274  0.9456  1.5789  1.3469  0.5376  3.793  0.8852  1.3285  1.866  1.7103  0.087  
trainID = 823  0.263  5.0093  3.284  2.4014  2.6622  0.966  4.8134  3.5476  1.4299  0.0462  4.4997  4.2001  2.7089  2.579  2.765  1.6986  0.9387  1.6727  8.7467  6.2808  24.3496  3.2098  1.253  5.2693  0.5727  1.0973  2.151  0.9404  4.4773  4.8813  0.7106  0.8664  2.3798  1.4956  2.4299  0.8618  0.3718  2.197  2.2234  0.9679  2.7161  2.5607  1.039  
trainID = 849  2.361  3.4267  0.061  0.6317  1.6178  0.9656  2.1852  2.6018  0.3318  0.1378  2.0536  0.2821  0.3465  1.845  3.128  0.0678  2.7376  0.8412  1.9884  0.8408  5.7332  1.2342  0.071  0.1223  1.3758  2.1733  1.9539  1.0047  0.0137  1.2321  1.9474  0.4252  2.3004  0.1367  0.4416  0.007  1.7215  1.862  1.6643  0.335  1.3535  1.3765  33.0364  
trainID = 856  0.284  3.1189  0.516  1.7001  1.4431  0.227  3.2279  1.9017  1.2747  1.899  2.1991  0.1722  0.3795  4.2088  4.082  1.0781  4.665  2.3532  3.4513  4.0747  0.9302  0.83  1.1166  0.655  1.2395  1.8585  1.2516  2.9842  1.8205  2.9323  0.3922  0.4342  1.9875  5.0246  2.2745  0.2812  0.2186  1.018  0.1296  0.465  0.374  0.2502  0.3  
trainID = 865  0.728  2.4014  0.736  1.4938  1.7423  1.043  1.1802  0.0693  3.0174  0.4953  0.6346  0.7008  2.2081  0.37  2.945  2.6092  0.3036  0.6084  2.5307  1.1071  1.0889  0.3483  4.7325  1.507  0.0758  2.2509  0.1351  4.2997  0.4298  4.0839  3.0561  1.3406  1.5764  3.9466  0.983  0.5271  0.1673  1.264  1.9295  1.4372  2.9519  0.8568  35.3479  
trainID = 881  3.9788  2.2002  0.895  5.5774  1.1355  4.5667  4.8331  6.2163  3.1823  1.2496  0.3489  2.415  0.0113  3.1848  4.097  4.8025  4.1662  6.3655  4.6074  20.6086  8.9604  0.0517  4.2091  2.7706  3.6274  1.6208  6.4132  10.315  5.196  2.0913  1.0729  2.0214  2.555  33.4412  2.7044  0.704  1.4079  2.485  1.532  3.2659  
trainID = 895  0.873  2.6927  0.44  0.6312  0.3116  0.115  1.236  2.0581  0.9295  1.7066  0.3543  0.8384  2.1138  1.325  3.635  1.4891  1.5705  0.3946  2.1879  2.8202  5.199  0.4375  1.2715  0.8474  1.9566  1.8585  2.7255  1.1654  2.2867  0.0883  1.1168  1.8882  0.3259  2.1166  1.4533  3.892  2.0989  2.428  0.2731  1.425  0.846  1.3635  
trainID = 921  1.866  0.3129  0.576  0.9895  2.2037  1.686  1.5229  0.5138  0.6045  0.4009  0.7878  0.0255  1.4529  0.835  2.019  1.2631  1.9987  3.7705  1.737  0.8965  0.6487  1.2963  3.9812  1.8012  1.6033  2.3458  2.089  3.1712  0.5101  4.8485  3.1825  2.3287  1.3246  0.9356  3.8187  1.5348  2.4909  2.09  3.597  2.2942  1.948  0.7291  35.0906  
trainID = 924  0.58  4.234  1.1959  2.9265  1.5102  1.2278  1.3305  1.9409  0.5821  0.375  4.4687  0.7288  1.6448  1.286  3.484  1.4771  0.2941  0.69  5.4631  3.6996  3.4824  1.0077  0.0774  1.6201  0.0719  1.212  0.1372  1.352  2.5827  1.4488  2.088  0.775  0.2791  2.3986  3.2469  0.9844  0.1414  1.863  4.4684  0.464  1.4419  2.3455  0.828  
trainID = 970  1.148  5.0157  1.0917  1.7743  1.5224  1.5994  3.1387  1.6104  2.3263  2.9809  0.259  4.134  2.2964  2.7751  3.9124  2.2943  4.5289  7.1101  1.587  0.131  2.0791  2.4711  2.818  2.7741  0.0456  1.5245  4.8464  0.5156  1.6253  1.8249  3.6196  1.799  0.5362  1.4311  0.086  0.3826  1.0531  1.267  0.8962  32.1149  
trainID = 977  1.578  2.2485  1.751  2.4445  4.0012  2.0547  5.9576  6.2938  0.429  1.3853  2.5497  3.7616  37.7385  5.4202  2.0984  4.6625  18.3776  13.2671  2.0199  3.3581  3.9305  4.6595  2.6007  0.684  0.927  3.1164  3.1095  9.9652  2.8258  2.4966  1.5933  1.0336  0.8949  2.9619  1.9427  3.251  6.0332  4.4613  0.235  2.0352  35.9828  
trainID = 988  33.1942  1.2941  0.7037  0.309  0.8539  3.0015  2.5213  1.9426  3.5655  0.8632  3.8199  1.003  3.715  2.5857  0.197  0.9772  1.9043  1.5898  1.4302  1.1474  4.176  2.1575  0.8284  0.643  1.4092  4.9757  2.4175  4.6991  3.696  1.9424  3.623  0.8116  2.2059  1.1565  0.4521  1.781  2.3449  0.9462  2.5309  2.7091  36.793  
trainID = 1017  0.934  2.0731  1.524  2.5415  2.4461  0.744  1.0072  2.2927  0.396  0.5314  1.8447  0.8224  0.4228  5.3493  4.9808  3.574  4.5606  3.5916  1.2547  10.1903  8.5831  1.3357  3.654  0.0286  2.0701  4.5691  7.6692  5.062  2.205  0.7117  1.9164  0.357  3.1837  2.8776  1.831  0.0256  0.414  1.6693  0.6423  0.233  
trainID = 1018  1.035  0.8576  2.548  3.5934  0.2354  0.25  3.9435  2.0942  0.2932  0.5234  5.3495  2.1361  2.1728  0.26  0.758  0.067  0.9738  0.0722  6.6445  4.5849  11.8487  2.413  0.9972  2.4223  3.435  2.6939  0.382  0.6591  2.5683  3.723  0.8315  0.5138  1.435  0.3634  1.3019  2.5224  1.8024  2.483  2.6468  0.259  0.033  3.3263  1.025  
trainID = 1045  4.0613  1.9512  1.2009  7.5611  2.8448  3.2248  3.3162  3.0205  1.8883  1.3832  2.288  4.4852  5.3984  3.3894  1.0964  8.7224  9.9595  9.5852  0.7043  2.6947  5.739  0.782  3.966  4.4803  13.027  6.244  4.3089  1.7001  6.1231  0.9695  0.7555  7.1432  3.747  5.9159  1.8781  2.2519  6.1082  6.0758  2.9008  33.9001  
trainID = 1048  0.855  1.2805  1.149  0.0144  0.6182  0.216  1.0228  2.6704  1.2605  1.3506  0.5499  0.3639  4.0935  2.287  2.831  3.2891  0.7524  1.9898  1.1251  2.178  0.4031  2.5203  3.4412  0.3595  0.2498  0.01  2.5256  8.0422  3.0925  4.9122  2.5282  4.2653  2.1303  1.8286  3.3536  1.0573  0.9427  2.163  5.3155  1.556  2.6297  0.7376  35.4217  
trainID = 1049  32.8962  1.475  2.3203  0.188  5.2964  0.327  1.2561  6.1072  1.7609  1.6811  1.331  3.1393  5.1915  4.5505  4.8937  0.6469  8.9506  4.6628  7.9474  4.2257  1.2173  5.1051  2.2783  4.8709  2.2118  6.4636  3.8913  7.839  1.7118  5.7499  2.4974  3.4686  3.1925  4.0648  3.1045  2.4609  1.527  1.5667  1.8529  0.4127  31.4825  
trainID = 1053  0.2871  0.1596  1.176  0.492  2.3938  2.4665  0.0095  0.0117  0.4983  2.4148  1.281  4.246  3.2462  0.0481  2.3076  1.2517  3.7533  4.1026  3.4068  2.1427  2.3872  0.3248  2.8612  0.4431  7.8897  1.6904  4.1735  4.7962  2.4113  2.9791  0.9566  2.7125  2.5009  5.2653  1.779  4.4546  3.3838  1.2813  0.8048  35.2433  
trainID = 1063  2.869  2.2222  0.083  2.2006  0.0892  0.361  0.1565  5.8922  0.5227  2.2456  1.3713  1.6331  0.1843  1.914  3.287  0.2566  2.6025  1.1372  0.0061  4.6771  8.2218  0.6198  1.3114  1.3146  1.714  0.413  2.2552  4.5034  2.6284  0.79  2.2665  0.7799  0.6994  3.0246  0.4476  2.5704  1.6494  0.837  0.9292  2.6149  2.5359  2.6007  0.549  
trainID = 1066  3.508  4.5427  2.2053  4.1711  3.1353  3.3265  8.3666  0.481  2.2654  3.108  4.8411  2.8831  2.1383  1.178  2.808  0.5673  1.3869  1.5412  2.3963  18.2649  19.2457  1.9135  4.4014  7.5721  2.8389  2.9633  2.065  5.0305  5.1503  2.2856  2.5869  1.0981  1.7544  2.1556  1.3569  1.6009  0.139  1.805  3.6688  1.936  
trainID = 1072  5.4737  3.9891  0.737  8.0781  0.4622  4.1949  4.1142  2.101  3.0313  2.7467  2.573  3.989  8.2586  5.2565  1.96  11.7966  8.751  12.1649  1.7667  3.3187  10.4797  2.8473  2.2068  1.1633  21.0174  13.0882  9.1592  1.396  9.236  4.8419  2.3326  8.9964  2.4662  7.7456  4.8727  2.0866  6.8296  3.8628  2.9435  35.1149  
trainID = 1086  2.2568  0.7709  0.576  0.4694  1.2996  3.1809  1.3184  1.418  1.5833  4.7707  1.064  1.651  2.4626  0.9302  1.8104  0.6994  0.7721  2.7384  2.6309  0.3534  0.3844  1.9808  1.0263  0.3876  6.6048  1.0451  0.4807  2.0935  1.5799  2.7545  0.5686  2.8217  0.2332  4.8669  1.4967  2.1432  0.779  2.3947  0.7953  35.4043  
trainID = 1090  0.357  4.7886  1.332  4.6712  3.9992  0.07  3.7012  0.4417  0.3047  0.7356  3.506  1.427  1.081  0.795  1.761  0.0698  0.8094  2.2178  9.1865  0.7063  23.2032  1.936  0.7633  4.2484  1.8286  0.305  0.754  1.7171  2.608  3.6801  0.7451  1.4148  0.8226  1.3406  2.1919  0.7795  2.2095  0.703  4.3977  0.924  0.197  1.6227  
trainID = 1106  34.1012  1.9904  3.6051  0.9773  3.9232  0.5591  2.6149  4.9342  1.2923  1.2614  2.5465  0.933  5.7305  3.3105  0.0019  1.9445  4.0849  1.6421  7.4292  1.1786  0.6998  2.2598  1.6579  2.625  2.4805  6.0965  3.4344  1.2488  0.5802  0.1655  0.3391  2.4206  3.0482  1.2968  2.8194  0.5571  1.0562  4.0152  2.5527  2.9521  35.8343  
trainID = 1111  2.091  1.6454  1.32  0.6507  2.3179  2.798  3.3053  0.9608  3.1907  1.9531  0.3927  1.8253  0.6131  1.842  4.7564  2.9604  3.849  2.8149  6.4221  7.1137  0.9438  1.2883  0.1618  1.7113  0.6409  3.6289  4.9317  5.7054  1.2141  3.3285  2.6659  1.0865  1.5437  1.9228  3.008  3.0055  0.661  2.0831  1.7338  0.884  
trainID = 1117  3.4269  1.9728  2.716  1.0725  4.7282  1.2073  4.9228  2.0785  0.0115  0.6895  2.1012  3.0492  37.4455  2.3859  2.2266  3.6516  20.482  4.2559  6.4639  3.3104  0.984  3.6895  3.4735  3.4954  2.272  2.1348  3.9851  8.5974  2.315  2.9861  1.7928  0.0981  0.5755  2.1979  1.873  3.765  4.9699  3.9454  1.7585  2.6776  35.8497  
trainID = 1132  1.688  2.5143  0.023  2.8552  1.9627  0.699  6.1861  1.7337  1.2279  1.8859  3.76  3.0093  0.9691  1.519  3.157  1.4433  0.4448  0.9194  5.1186  14.4789  22.6501  2.4814  1.6622  4.2734  2.4404  2.0921  2.0685  1.702  1.7572  4.9107  1.0163  0.4641  1.6721  0.2973  1.8349  2.208  1.4622  1.4087  1.1575  0.047  5.0195  0.143  
trainID = 1133  33.3662  0.5504  2.9125  1.2817  1.1392  1.6711  1.8978  2.1368  2.4489  1.0898  3.1552  1.177  1.799  3.3714  0.4948  0.6457  0.6582  1.8704  2.7481  4.0622  3.108  2.4088  0.397  1.7925  1.9741  6.842  0.3114  2.4876  2.1158  3.1249  2.9753  2.6566  4.981  0.4793  4.1133  0.2107  1.2468  1.2509  0.694  1.6711  34.6297  
trainID = 1148  0.029  0.5928  2.124  1.5582  2.8981  2.2575  3.387  0.7517  0.1756  3.9178  2.419  2.953  4.4963  1.0529  0.8358  0.9571  2.9082  2.571  0.8076  2.7366  0.0286  3.1311  2.8035  1.268  7.9968  1.7985  6.2193  3.6595  3.1989  4.464  1.1548  3.3714  0.4328  4.5631  0.7973  1.0505  2.1809  1.3412  1.4242  34.4731  
trainID = 1183  2.0997  1.0296  0.65  5.5262  3.1864  2.9305  5.0412  0.1869  2.6263  3.3317  1.656  4.92  5.8897  4.3706  2.8794  7.6091  6.8976  9.0644  1.1887  0.0773  6.9518  4.4386  6.3288  3.8849  13.0141  5.0037  1.3816  1.9927  8.5675  1.8704  1.0676  5.9859  2.1375  4.1699  1.4682  0.9178  4.6232  5.055  2.5224  35.5817  
trainID = 1194  0.8253  0.5705  1.243  2.7213  5.0703  2.4075  2.6081  1.2077  1.6958  1.7013  1.101  1.583  3.8852  3.7572  3.1331  2.4232  4.6613  5.6063  2.4189  3.9817  5.4946  1.1299  2.651  0.384  8.724  1.1948  5.0766  3.1449  3.6393  2.7998  1.2837  5.7498  0.297  4.8167  0.4334  0.7408  1.767  3.4179  0.884  34.9446  
TrainID = 634  dbValue = 1.46685  nTestCell = 43  nTrainCell = 43  nDiff = 0  (X,Y) = (1615, 1815)  Position Error = 17.6918
TrainID = 895  dbValue = 1.54253  nTestCell = 43  nTrainCell = 42  nDiff = 1  (X,Y) = (1625, 1785)  Position Error = 18.2483
TrainID = 856  dbValue = 1.65173  nTestCell = 43  nTrainCell = 43  nDiff = 0  (X,Y) = (1605, 1815)  Position Error = 25.9422
TrainID = 924  dbValue = 1.70827  nTestCell = 43  nTrainCell = 43  nDiff = 0  (X,Y) = (1675, 1785)  Position Error = 50.3289
TrainID = 1063  dbValue = 1.83691  nTestCell = 43  nTrainCell = 43  nDiff = 0  (X,Y) = (1625, 1765)  Position Error = 38.1182
TrainID = 597  dbValue = 1.93362  nTestCell = 43  nTrainCell = 43  nDiff = 0  (X,Y) = (1625, 1745)  Position Error = 58.0775
TrainID = 464  dbValue = 2.01848  nTestCell = 43  nTrainCell = 40  nDiff = 3  (X,Y) = (1565, 1795)  Position Error = 63.5059
TrainID = 1018  dbValue = 2.04834  nTestCell = 43  nTrainCell = 43  nDiff = 0  (X,Y) = (1695, 1755)  Position Error = 82.4197
TrainID = 849  dbValue = 2.0924  nTestCell = 43  nTrainCell = 43  nDiff = 0  (X,Y) = (1625, 1845)  Position Error = 42.107
TrainID = 300  dbValue = 2.15753  nTestCell = 43  nTrainCell = 43  nDiff = 0  (X,Y) = (1615, 1755)  Position Error = 49.7293
TrainID = 175  dbValue = 2.2119  nTestCell = 43  nTrainCell = 43  nDiff = 0  (X,Y) = (1665, 1855)  Position Error = 63.8201
TrainID = 369  dbValue = 2.26461  nTestCell = 43  nTrainCell = 43  nDiff = 0  (X,Y) = (1715, 1745)  Position Error = 104.561
TrainID = 774  dbValue = 2.27786  nTestCell = 43  nTrainCell = 43  nDiff = 0  (X,Y) = (1685, 1735)  Position Error = 88.7299
TrainID = 865  dbValue = 2.3549  nTestCell = 43  nTrainCell = 43  nDiff = 0  (X,Y) = (1685, 1845)  Position Error = 70.8025
TrainID = 1111  dbValue = 2.37429  nTestCell = 43  nTrainCell = 40  nDiff = 3  (X,Y) = (1525, 1805)  Position Error = 103.019
TrainID = 1090  dbValue = 2.38936  nTestCell = 43  nTrainCell = 42  nDiff = 1  (X,Y) = (1715, 1735)  Position Error = 110.422
TrainID = 1017  dbValue = 2.50299  nTestCell = 43  nTrainCell = 40  nDiff = 3  (X,Y) = (1555, 1745)  Position Error = 93.2363
TrainID = 320  dbValue = 2.52041  nTestCell = 43  nTrainCell = 43  nDiff = 0  (X,Y) = (1715, 1735)  Position Error = 110.422
TrainID = 921  dbValue = 2.53773  nTestCell = 43  nTrainCell = 43  nDiff = 0  (X,Y) = (1695, 1855)  Position Error = 84.8116
TrainID = 1086  dbValue = 2.56494  nTestCell = 43  nTrainCell = 40  nDiff = 3  (X,Y) = (1695, 1885)  Position Error = 105.891
TrainID = 735  dbValue = 2.65512  nTestCell = 43  nTrainCell = 40  nDiff = 3  (X,Y) = (1515, 1785)  Position Error = 114.425
TrainID = 579  dbValue = 2.66416  nTestCell = 43  nTrainCell = 43  nDiff = 0  (X,Y) = (1695, 1725)  Position Error = 102.825
TrainID = 426  dbValue = 2.71245  nTestCell = 43  nTrainCell = 43  nDiff = 0  (X,Y) = (1745, 1845)  Position Error = 124.31
TrainID = 581  dbValue = 2.75988  nTestCell = 43  nTrainCell = 43  nDiff = 0  (X,Y) = (1735, 1855)  Position Error = 118.966
TrainID = 408  dbValue = 2.77556  nTestCell = 43  nTrainCell = 40  nDiff = 3  (X,Y) = (1595, 1705)  Position Error = 103.407
TrainID = 1048  dbValue = 2.77635  nTestCell = 43  nTrainCell = 43  nDiff = 0  (X,Y) = (1735, 1865)  Position Error = 123.665
TrainID = 1132  dbValue = 2.81819  nTestCell = 43  nTrainCell = 42  nDiff = 1  (X,Y) = (1685, 1705)  Position Error = 113.371
TrainID = 436  dbValue = 2.83744  nTestCell = 43  nTrainCell = 40  nDiff = 3  (X,Y) = (1525, 1755)  Position Error = 113.635
TrainID = 970  dbValue = 2.87366  nTestCell = 43  nTrainCell = 40  nDiff = 3  (X,Y) = (1575, 1875)  Position Error = 89.4036
TrainID = 823  dbValue = 3.01244  nTestCell = 43  nTrainCell = 43  nDiff = 0  (X,Y) = (1715, 1725)  Position Error = 116.846
TrainID = 1053  dbValue = 3.10085  nTestCell = 43  nTrainCell = 40  nDiff = 3  (X,Y) = (1725, 1935)  Position Error = 163.808
TrainID = 666  dbValue = 3.11682  nTestCell = 43  nTrainCell = 43  nDiff = 0  (X,Y) = (1745, 1785)  Position Error = 118.377
TrainID = 1148  dbValue = 3.11967  nTestCell = 43  nTrainCell = 40  nDiff = 3  (X,Y) = (1735, 1915)  Position Error = 154.897
TrainID = 306  dbValue = 3.22876  nTestCell = 43  nTrainCell = 40  nDiff = 3  (X,Y) = (1465, 1805)  Position Error = 163.012
TrainID = 221  dbValue = 3.26731  nTestCell = 43  nTrainCell = 40  nDiff = 3  (X,Y) = (1775, 1835)  Position Error = 150.443
TrainID = 675  dbValue = 3.2861  nTestCell = 43  nTrainCell = 40  nDiff = 3  (X,Y) = (1605, 1935)  Position Error = 133.989
TrainID = 129  dbValue = 3.29024  nTestCell = 43  nTrainCell = 40  nDiff = 3  (X,Y) = (1655, 1955)  Position Error = 154.379
TrainID = 389  dbValue = 3.41288  nTestCell = 43  nTrainCell = 40  nDiff = 3  (X,Y) = (1735, 1925)  Position Error = 162.274
TrainID = 359  dbValue = 3.44828  nTestCell = 43  nTrainCell = 40  nDiff = 3  (X,Y) = (1685, 1625)  Position Error = 186.904
TrainID = 214  dbValue = 3.52456  nTestCell = 43  nTrainCell = 41  nDiff = 2  (X,Y) = (1565, 1715)  Position Error = 108.227
TrainID = 1194  dbValue = 3.52939  nTestCell = 43  nTrainCell = 40  nDiff = 3  (X,Y) = (1735, 1955)  Position Error = 185.884
TrainID = 529  dbValue = 3.54622  nTestCell = 43  nTrainCell = 40  nDiff = 3  (X,Y) = (1745, 1705)  Position Error = 152.62
TrainID = 1133  dbValue = 3.60847  nTestCell = 43  nTrainCell = 41  nDiff = 2  (X,Y) = (1685, 1895)  Position Error = 108.227
TrainID = 1066  dbValue = 3.61707  nTestCell = 43  nTrainCell = 40  nDiff = 3  (X,Y) = (1695, 1625)  Position Error = 190.192
TrainID = 988  dbValue = 3.63213  nTestCell = 43  nTrainCell = 41  nDiff = 2  (X,Y) = (1715, 1895)  Position Error = 126.621
TrainID = 574  dbValue = 3.67854  nTestCell = 43  nTrainCell = 40  nDiff = 3  (X,Y) = (1455, 1755)  Position Error = 179.536
TrainID = 580  dbValue = 3.6818  nTestCell = 43  nTrainCell = 41  nDiff = 2  (X,Y) = (1755, 1865)  Position Error = 141.326
TrainID = 729  dbValue = 3.81305  nTestCell = 43  nTrainCell = 41  nDiff = 2  (X,Y) = (1595, 1925)  Position Error = 126.384
TrainID = 283  dbValue = 3.87126  nTestCell = 43  nTrainCell = 40  nDiff = 3  (X,Y) = (1405, 1765)  Position Error = 226.214
TrainID = 492  dbValue = 3.91071  nTestCell = 43  nTrainCell = 40  nDiff = 3  (X,Y) = (1615, 1975)  Position Error = 172.491
TrainID = 338  dbValue = 3.95182  nTestCell = 43  nTrainCell = 40  nDiff = 3  (X,Y) = (1705, 1965)  Position Error = 179.368
TrainID = 1106  dbValue = 3.95612  nTestCell = 43  nTrainCell = 41  nDiff = 2  (X,Y) = (1625, 1935)  Position Error = 132.034
TrainID = 211  dbValue = 4.00403  nTestCell = 43  nTrainCell = 40  nDiff = 3  (X,Y) = (1615, 1995)  Position Error = 192.44
TrainID = 142  dbValue = 4.17865  nTestCell = 43  nTrainCell = 40  nDiff = 3  (X,Y) = (1575, 1985)  Position Error = 189.56
TrainID = 286  dbValue = 4.23303  nTestCell = 43  nTrainCell = 41  nDiff = 2  (X,Y) = (1675, 1965)  Position Error = 168.68
TrainID = 684  dbValue = 4.26853  nTestCell = 43  nTrainCell = 40  nDiff = 3  (X,Y) = (1385, 1775)  Position Error = 244.608
TrainID = 141  dbValue = 4.30912  nTestCell = 43  nTrainCell = 40  nDiff = 3  (X,Y) = (1625, 2025)  Position Error = 222.02
TrainID = 881  dbValue = 4.52218  nTestCell = 43  nTrainCell = 40  nDiff = 3  (X,Y) = (1525, 1655)  Position Error = 180.314
TrainID = 1183  dbValue = 4.70312  nTestCell = 43  nTrainCell = 40  nDiff = 3  (X,Y) = (1605, 2035)  Position Error = 233.137
TrainID = 586  dbValue = 4.73829  nTestCell = 43  nTrainCell = 41  nDiff = 2  (X,Y) = (1815, 1855)  Position Error = 194.095
TrainID = 1049  dbValue = 4.77603  nTestCell = 43  nTrainCell = 41  nDiff = 2  (X,Y) = (1555, 1985)  Position Error = 196.094
TrainID = 1117  dbValue = 4.91791  nTestCell = 43  nTrainCell = 41  nDiff = 2  (X,Y) = (1795, 1785)  Position Error = 167.967
TrainID = 1045  dbValue = 4.91981  nTestCell = 43  nTrainCell = 40  nDiff = 3  (X,Y) = (1595, 2025)  Position Error = 224.439
TrainID = 258  dbValue = 4.93368  nTestCell = 43  nTrainCell = 40  nDiff = 3  (X,Y) = (1565, 2035)  Position Error = 240.402
TrainID = 399  dbValue = 4.99285  nTestCell = 43  nTrainCell = 41  nDiff = 2  (X,Y) = (1845, 1825)  Position Error = 218.112
TrainID = 554  dbValue = 5.07877  nTestCell = 43  nTrainCell = 40  nDiff = 3  (X,Y) = (1575, 2045)  Position Error = 247.736
TrainID = 977  dbValue = 5.27164  nTestCell = 43  nTrainCell = 41  nDiff = 2  (X,Y) = (1835, 1795)  Position Error = 207.155
TrainID = 1072  dbValue = 6.18625  nTestCell = 43  nTrainCell = 40  nDiff = 3  (X,Y) = (1565, 2115)  Position Error = 318.297
TrainID = 171  dbValue = 6.78247  nTestCell = 43  nTrainCell = 40  nDiff = 3  (X,Y) = (1565, 2135)  Position Error = 337.925
