trainID = 137  5.2613  1.1032  3.278  1.1145  0.114  3.662  1.1525  6.0309  2.3367  0.3975  2.0111  1.0442  0.8648  2.4738  0.458  4.6716  2.6361  1.0683  11.2297  12.9749  12.8188  5.6111  7.2489  4.3213  1.6531  5.5221  1.0995  34.8455  6.4355  1.8678  7.3696  4.713  6.7093  3.6778  3.0864  1.9281  0.8226  4.3084  0.427  1.034  2.1087  1.636  2.8637  
trainID = 150  1.6954  1.9252  1.427  1.8915  2.0753  2.625  1.0791  0.7106  0.9634  0.0387  3.1184  1.5778  3.7263  1.2988  2.3987  0.2197  0.754  1.8102  0.1819  2.2937  3.8073  2.2704  2.2268  9.0127  0.0661  3.1178  2.2039  0.388  4.7962  0.1968  0.1054  4.6755  5.8165  3.2283  1.6576  1.5967  1.4222  0.5606  0.63  1.1848  2.0552  0.525  0.3561  
trainID = 175  4.5855  3.6038  1.175  1.9418  1.9238  1.4293  5.5669  1.9743  0.804  3.1696  4.1993  4.1147  1.5496  2.3126  3.5293  3.6236  4.8796  4.2064  2.8363  13.5177  2.46  3.4397  0.3878  2.3144  1.691  3.1779  1.5208  4.0427  8.5157  5.9021  8.6675  3.8963  3.4472  4.8503  6.064  1.1524  3.2495  2.2144  2.027  1.4032  
trainID = 214  3.1444  3.2316  0.846  1.2575  0.8195  3.525  1.1219  1.4594  0.6658  5.3702  1.7842  3.6777  2.4012  2.4184  3.9634  1.0798  0.5306  4.7055  2.9226  2.145  0.1452  1.0056  1.1987  12.6734  2.1042  3.7855  1.7543  5.3145  1.344  1.5857  0.2902  4.6828  7.0831  0.7796  1.2144  0.5454  0.1448  1.874  2.4005  2.6445  0.203  1.0142  
trainID = 216  3.8935  2.5985  4.3233  34.7602  1.6892  10.448  4.7481  1.0789  3.473  0.3077  1.648  1.6226  0.3762  4.9187  2.1171  2.8929  16.7911  19.0943  20.344  8.5114  7.9222  0.6158  2.3831  6.6683  1.1353  35.0293  3.1364  3.3402  8.8542  4.3572  8.684  2.0375  2.5618  0.5839  2.5811  4.2879  0.589  3.2148  0.268  0.724  2.6062  
trainID = 260  0.7523  0.1817  2.653  2.6185  1.4908  0.978  1.0386  3.9612  1.474  1.1356  2.5145  1.7256  1.5309  1.5555  2.9782  0.6727  1.7067  3.5037  4.0558  3.7896  2.499  2.9221  0.5938  6.3935  0.7331  3.733  0.7985  2.0772  2.1001  3.4665  2.3456  4.1396  2.1651  2.3772  0.291  2.7605  0.8777  0.471  0.5402  1.466  0.721  0.8316  
trainID = 280  5.4123  0.1708  1.227  33.3072  1.2933  5.8152  0.5176  2.6696  0.5601  1.371  3.6838  1.2017  1.855  0.422  2.1808  2.2979  4.3148  10.3668  5.9618  4.9684  0.4035  3.334  0.6831  4.9258  2.5123  34.6668  0.5457  0.6015  2.8769  0.5723  2.4054  0.2273  0.5852  2.7292  0.0834  0.1998  0.6511  0.8404  0.53  2.452  1.1458  
trainID = 283  3.779  1.1955  2.912  2.8875  0.0424  0.941  1.6839  4.1905  1.1446  1.2162  1.7889  0.7467  2.4699  0.9599  1.0906  2.2198  0.7226  1.3858  5.1571  3.5525  6.2099  3.2936  3.8624  6.0716  1.5401  5.5017  0.8573  32.1522  4.0121  0.0291  4.8398  1.667  3.3829  2.5898  1.0677  1.4846  0.4526  0.4437  1.2158  1.7645  0.48  2.583  4.1299  
trainID = 300  3.2309  3.9379  1.13  1.0205  2.1169  2.706  1.9866  2.2119  0.0637  5.121  0.4664  2.2928  2.6629  4.2456  3.2685  1.3062  0.0943  3.7565  4.2397  2.7269  2.9402  5.3716  3.4575  13.7197  3.684  1.6606  4.1689  3.1422  4.7831  1.8213  0.644  4.8969  7.0304  0.7653  0.956  2.8112  3.9197  0.252  3.4914  1.397  5.3757  2.4508  
trainID = 303  2.7504  1.3458  2.715  1.4785  0.6177  3.328  0.7814  5.4541  2.7767  0.126  4.0685  1.0448  1.527  0.566  1.6512  1.206  3.0845  1.6666  10.4438  10.4722  11.5356  5.8511  6.7658  5.4978  0.0009  5.0848  1.3809  35.0939  5.3796  1.1171  7.8161  5.036  5.4409  5.2789  3.8324  3.1291  0.1877  4.9065  2.532  1.7636  0.649  2  4.4011  
trainID = 304  2.5788  1.8074  3.139  1.0215  0.4796  1.673  0.599  5.7834  0.6014  2.7485  2.3814  0.0808  1.6045  0.2209  0.3495  4.174  2.7881  0.3391  14.3367  13.8282  16.91  5.6063  6.9813  4.4684  1.4521  8.7358  1.0759  35.3454  4.1157  0.0552  10.0511  7.1397  6.2543  3.7657  3.5384  2.6641  3.7163  4.1078  0.8735  3.5276  0.985  0.147  1.6373  
trainID = 306  2.6737  1.5178  2.55  0.5045  1.3249  2.182  0.1049  2.8538  1.1432  0.7297  0.6732  0.5827  3.3918  2.6641  0.214  1.638  1.3468  2.3279  1.5548  3.461  4.0818  1.8035  0.5257  0.4236  0.1471  5.412  0.5316  2.6398  0.6925  1.4394  0.1741  3.9653  1.8735  0.1147  0.4102  0.5496  0.1151  0.53  0.5412  1.131  2.335  1.0907  
trainID = 320  4.9118  3.6266  2.47  2.1595  1.1558  3.133  1.3035  4.9433  0.1503  8.6447  3.5018  0.2463  6.9679  5.4776  4.6448  1.4709  0.3226  5.3645  6.6788  4.5417  6.3481  13.2884  13.4117  27.5018  3.105  0.5318  4.9444  4.4648  3.55  4.1366  5.3826  4.8456  14.2107  1.7884  3.5561  5.1583  3.3715  0.403  4.6886  0.804  1.154  3.0352  
trainID = 325  2.8674  3.1831  1.901  0.4183  2.6948  3.245  0.6537  0.6384  1.2944  0.3243  2.1575  1.3036  2.792  1.9899  3.4437  1.5712  1.0246  3.8715  0.9546  0.7503  2.374  0.8486  0.3893  9.0382  1.3218  2.8941  4.0862  5.3557  1.5688  1.0855  2.5689  5.4454  3.7507  0.0975  1.9941  1.0148  1.4928  0.278  1.4164  2.3555  2.661  1.8085  
trainID = 369  4.3499  4.0757  2.503  1.7065  0.9154  3.9898  1.0184  6.6046  3.072  7.8951  4.3208  0.0727  3.9672  5.7364  2.2147  1.5602  1.6316  5.3675  5.8267  4.1532  6.2225  13.3478  12.5718  22.082  3.8198  0.01  6.1175  5.2167  3.8461  5.1494  4.9983  6.3735  11.148  2.4704  0.6055  4.9605  2.7971  0.9396  6.1961  0.936  1.569  4.7429  
trainID = 396  0.4749  2.3792  2.5  1.2405  0.2942  2.098  4.7333  1.6095  1.0966  3.6449  3.8403  2.9555  3.7338  1.4718  1.571  1.3847  0.9876  1.7847  1.346  1.5093  6.3258  2.8069  10.1377  7.8095  1.2451  6.7416  2.6848  0.78  7.2742  1.5259  4.5257  4.0577  9.007  5.2607  0.8831  0.6956  1.176  1.7756  0.533  1.3491  
trainID = 408  4.3838  2.6743  3.003  0.9765  0.1044  3.617  1.4271  3.8906  0.4777  6.284  0.4419  0.6771  2.6074  5.8862  4.2484  2.2821  0.9656  5.1505  5.2608  5.3847  0.5879  2.6593  0.0018  18.4448  1.2846  2.9811  4.2083  5.3591  2.1089  1.1284  0.906  4.4073  5.6988  0.595  0.2353  1.313  0.6791  2.389  1.2689  2.368  3.1492  0.3649  
trainID = 425  1.0547  0.6814  3.93  1.0261  1.5809  2.086  2.5094  4.9061  1.0356  0.9754  5.4815  5.1587  1.5236  3.112  3.8462  3.6475  1.7954  0.4417  0.0733  3.4123  7.3547  5.2529  9.7656  12.0505  2.1381  6.0658  2.0968  0.68  8.1987  1.0953  4.2025  5.9894  6.6333  3.7477  3.5284  1.554  1.3056  1.6751  1.431  0.8963  37.7615  
trainID = 436  0.1833  4.1766  3.114  2.9795  1.2838  3.447  1.2288  0.456  0.5101  1.7599  0.8042  0.1313  3.0298  2.1684  1.3651  0.2918  0.7266  2.6604  0.0187  0.986  1.9208  3.1652  1.557  11.8106  0.4469  3.5067  1.7056  3.7091  1.0422  0.6313  1.849  3.1704  5.1553  1.4861  0.7252  1.1845  0.2363  0.592  0.0154  0.586  1.289  0.387  
trainID = 451  2.1645  1.9868  2.748  4.6775  0.8287  3.228  0.8266  7.9165  3.4488  0.2801  5.4364  0.424  0.3619  0.0721  0.153  2.1344  5.6666  1.4255  11.5569  11.8502  14.4823  7.6931  8.7258  3.5348  2.3231  6.4658  1.5659  33.8589  5.5967  2.0335  8.2667  2.2125  5.8485  4.2346  1.5773  0.0167  0.6857  1.798  1.1606  1.5569  0.654  0.389  3.9288  
trainID = 464  0.3625  3.5248  0.783  1.7965  1.6665  3.828  0.2893  1.8822  1.2992  2.7032  0.7467  1.5393  2.138  3.7131  2.1102  2.0922  0.1917  3.1653  0.6629  2.8204  1.7807  0.8006  7.1097  4.1786  0.7335  3.1123  0.7942  2.2995  1.7085  1.6829  1.558  1.8545  2.3953  0.2834  2.854  1.6665  2.2955  0.436  0.1382  1.116  3.1485  0.1467  
trainID = 466  0.0717  1.1176  2.272  1.0835  1.518  2.93  3.915  4.004  2.1031  3.5672  5.1645  2.6469  2.1136  1.3015  0.511  1.5899  1.691  2.3043  2.8779  2.4332  5.2798  4.3701  9.1614  7.0778  0.889  6.2443  1.8563  8.3806  2.7333  3.9932  4.1169  6.9991  4.4154  1.5638  4.7421  0.7023  1.3483  0.93  0.2848  36.9005  
trainID = 489  4.6323  1.6956  1.491  6.862  8.9247  1.6182  4.2783  4.0472  0.0897  0.139  1.0678  0.854  0.7458  3.3957  0.6663  11.9093  23.0592  8.8221  7.838  2.3121  3.3445  0.1995  6.0778  3.8273  34.9019  2.1151  3.8104  9.1212  0.8014  2.9142  3.7883  1.1049  0.5953  3.8999  2.6257  0.6626  2.9092  1.295  2.648  0.3838  
trainID = 493  3.6932  2.7333  3.662  35.3752  2.8405  6.4028  0.0155  1.0692  3.7418  1.7639  0.632  1.7777  0.365  2.8995  4.079  0.8959  4.7961  21.3749  9.3496  7.812  2.5657  0.4669  1.0681  8.727  3.8991  34.1721  2.5678  1.3257  7.4685  1.5978  3.9983  1.4391  2.3875  0.0895  1.7139  1.9298  1.6347  2.9862  1.341  1.452  2.6678  
trainID = 521  1.1059  2.3467  4.7471  1.6915  3.4017  2.387  1.412  0.8528  0.144  0.5855  1.6205  0.0401  1.4851  2.1893  0.9135  1.7081  1.5231  3.2855  0.9658  1.9563  0.2884  1.5215  1.2427  5.6814  0.6061  3.868  0.1123  1.9569  0.7668  1.2349  0.7796  3.2859  3.2847  0.4484  0.2934  1.2296  0.002  0.111  1.6809  0.497  3.877  0.5493  
trainID = 551  1.5425  2.7264  5.3285  0.3447  1.0534  3.371  4.1952  1.811  2.6058  3.7271  5.7863  3.8825  4.2246  2.4794  0.1287  1.3479  0.6926  0.9283  2.3641  2.6826  4.0318  4.521  10.5527  10.6593  1.4311  8.0585  3.4629  6.4479  0.2602  2.8854  6.4012  5.5957  4.1842  2.7164  1.1626  0.9136  2.4546  2.663  1.1325  36.6275  
trainID = 574  1.5812  2.772  2.186  1.5115  0.5715  2.862  0.2159  2.563  0.9956  0.7152  3.6653  3.1921  1.7416  2.8712  0.3514  2.9973  0.0049  3.5231  3.1054  2.3115  4.4733  4.2799  4.7604  5.5582  0.2811  3.4086  1.9691  1.5234  3.2329  1.9322  2.7941  3.2818  2.6662  2.8654  0.0281  0.9308  2.1674  2.289  1.4443  0.186  0.966  2.3815  
trainID = 579  4.1076  4.5877  4.083  2.7455  0.142  4.5379  0.7475  4.8026  1.716  10.4225  4.2648  1.8084  7.5646  6.8161  6.9548  1.7565  1.3266  4.4115  4.4315  5.1259  2.3027  9.3952  9.0876  25.4675  3.0673  2.0128  6.689  6.5218  4.8321  3.0772  4.7609  6.2161  10.6777  0.2127  1.3925  5.473  3.3034  1.898  4.2824  0.805  2.985  4.4363  
trainID = 597  3.2902  2.4376  0.805  4.0475  1.1825  4.6948  1.7645  3.5184  2.411  5.3342  3.5425  0.6856  4.0107  4.8995  2.9909  1.0109  0.7926  5.0255  3.9421  3.1268  1.401  5.8019  3.4242  15.8322  1.8191  4.2696  3.6635  3.3731  3.2404  2.5125  2.2606  3.6397  7.9212  2.9404  1.6497  5.4003  1.3781  2.125  1.1324  2.5104  2.859  1.8841  
trainID = 605  1.2256  0.0612  4.9094  2.3675  1.3295  4.5894  3.6287  2.0154  0.2085  3.9675  3.8947  3.4778  1.9967  2.0767  3.5907  1.0188  1.3696  2.0465  1.6642  3.4841  2.4295  3.3447  5.7702  11.1812  1.9373  3.3245  3.0128  7.0505  0.7221  3.1256  5.9717  5.4285  5.1474  1.8013  2.2608  0.0827  0.7433  1.99  1.6  1.688  0.268  0.1773  
trainID = 627  0.2354  1.7453  3.81  2.6665  2.3793  1.516  0.3426  6.6477  4.2747  0.8057  3.4013  0.945  0.8808  2.5256  1.4269  2.6685  3.0072  0.0774  6.3877  10.1158  14.7343  6.8929  7.0271  6.4642  0.3751  7.0507  1.445  32.8346  5.792  0.1361  5.9722  5.2022  5.514  3.1353  2.9134  0.2069  0.5377  4.3256  1.518  0.9554  34.5785  
trainID = 662  0.5089  3.3888  3.4  1.5225  0.6863  4.2202  0.2873  5.5888  3.6605  0.1864  2.6674  3.0537  0.253  0.1423  0.431  4.8013  1.4546  1.3985  8.9547  8.9829  14.4878  7.5279  7.4343  6.4663  1.8061  5.7254  1.3742  32.4082  7.5266  1.2312  8.0833  3.1416  5.8605  2.9318  2.4503  0.9514  0.4286  2.9217  2.018  2.4405  1.115  0.853  2.0541  
trainID = 684  1.2886  0.4527  1.428  3.5065  1.6734  2.451  1.0636  4.2408  1.0067  1.1683  2.2431  1.5125  0.799  0.0359  0.736  2.8666  1.691  2.7815  5.4143  8.1601  5.4267  4.512  5.0896  4.9305  0.0157  3.785  0.4429  34.0115  2.9767  0.3012  6.0342  4.014  3.1656  3.7237  2.8004  1.1242  0.5996  1.0068  0.295  1.9753  2.2021  3.3584  4.1273  
trainID = 706  0.4053  0.8715  2.638  2.7055  0.8505  1.716  0.7213  4.9782  1.392  1.8959  3.2632  1.8419  0.195  1.2626  1.099  4.1905  2.5631  1.0762  11.4239  9.8477  11.3013  5.5925  6.3038  5.3778  2.8321  6.011  1.5414  33.4555  3.2787  0.132  9.4426  2.9543  3.5547  1.6726  1.0729  1.8228  1.6056  1.5953  0.361  0.3261  1.556  1.228  1.3219  
trainID = 731  4.1283  1.8649  3.015  1.7995  2.4  3.507  1.5848  6.2559  0.3876  6.4861  3.9331  2.9865  5.9632  4.0821  3.1275  0.4985  0.1789  1.7181  5.2012  2.0263  0.0295  1.8959  5.9775  15.9082  4.3594  2.3233  5.5616  5.4379  1.9474  1.0597  0.8483  7.3778  9.1167  1.5121  1.1828  0.9933  1.0769  0.146  0.8362  1.051  0.905  3.3214  
trainID = 735  1.1225  3.5105  1.95  2.6665  0.5125  2.156  2.1398  0.3543  0.0862  0.6808  0.5967  1.3059  3.234  4.2181  2.5203  2.3761  0.3471  6.2445  2.013  3.5474  2.9028  2.4878  4.273  5.0785  0.0049  2.5344  2.4303  2.0489  0.5959  0.0278  2.061  3.4897  4.6429  0.115  1.4908  0.7808  1.6482  1.747  1.4058  1.158  1.915  2.3853  
trainID = 774  2.5209  5.961  1.468  2.4285  1.1412  3.074  1.0551  5.4029  4.726  9.9641  3.453  2.5087  4.9562  7.106  3.2385  2.7292  2.5416  4.6135  6.7051  5.4623  2.9292  10.257  8.759  21.8728  3.2007  2.9974  3.9542  4.1825  2.9963  5.2332  4.2387  6.7059  10.16  0.0053  2.6457  5.5776  2.8137  2.934  2.5729  2.3995  0.091  2.0532  
trainID = 777  0.822  0.8994  3.648  2.1835  0.3017  2.071  0.0501  6.6649  0.3163  1.8187  1.4668  0.0529  0.408  1.2243  0.2535  3.8437  2.2166  1.7074  3.293  8.1099  5.8143  4.5893  2.0591  1.1934  0.4621  3.8157  0.6152  37.0158  4.6099  0.7176  4.3293  2.7772  6.0059  4.649  1.7452  1.676  0.3092  1.4261  1.034  0.9445  0.714  0.962  0.1464  
trainID = 780  1.4863  1.2485  2.601  1.9055  0.3832  3.858  1.4149  0.123  1.2344  0.6819  4.782  4.3434  2.3045  1.8623  3.3711  0.6665  2.125  0.6576  1.1233  1.8963  4.5361  2.3521  5.4938  9.9195  0.5313  4.9027  1.6943  3.579  2.9139  3.3717  1.9329  6.9525  6.1617  0.4714  0.3955  1.4709  0.9141  1.362  0.8838  1.9406  1.512  3.1121  
trainID = 781  2.9296  2.3214  4.9082  2.1345  1.0067  3.156  2.1404  1.3272  2.5405  4.8338  3.9278  2.271  3.9017  1.0228  0.4971  0.5546  0.5332  2.3493  1.7015  1.7545  3.4701  1.4168  6.9534  10.5208  1.0648  6.0433  4.6013  6.5389  1.9706  1.6214  7.2374  4.5772  5.6788  0.7965  1.4189  1.0282  0.9126  1.724  0.1055  0.798  0.999  1.55  
trainID = 819  6.6843  1.9355  3.714  34.2472  2.5924  6.8604  2.5178  1.7204  1.855  0.3793  1.5834  2.1111  1.086  2.9853  2.0999  3.4731  0.0731  18.1804  8.0036  7.5459  2.5939  0.8198  1.6921  3.8763  0.3482  35.2297  1.2051  1.4032  6.6856  2.5051  4.5676  1.4194  0.3682  0.5486  1.1469  1.8474  1.4481  4.5125  1.546  3.1113  0.554  
trainID = 823  4.7036  7.2729  0.7  3.8205  2.4133  6.259  0.1109  5.2196  3.423  9.958  6.2612  1.093  4.3274  7.3037  6.0294  2.3423  0.5506  5.2155  2.7463  3.9293  4.6102  13.4672  5.4407  28.5972  4.8984  1.2351  6.0771  2.8943  3.4648  3.5552  6.4529  7.017  11.5643  0.7702  0.7756  6.93  2.9795  1.338  3.9111  2.0389  4.4911  2.9036  
trainID = 844  2.4008  3.5742  4.4238  0.9255  1.1633  4.5107  0.8789  0.8569  1.3372  6.2848  4.146  2.8934  4.0877  5.0512  3.2584  0.31  1.3166  5.4635  0.4894  1.2024  1.2062  0.5538  6.2756  12.283  1.0933  4.4718  2.9093  0.18  4.4546  2.3496  0.7561  2.8377  6.76  7.7078  0.5226  0.469  4.3236  0.5312  0.6  1.4547  1.156  2.372  3.1176  
trainID = 855  3.7886  0.4585  3.356  33.6122  3.8378  7.2898  0.2003  2.3378  0.5016  0.8618  1.2911  1.4561  0.6765  3.2545  3.4265  1.1639  5.3754  16.9952  10.7788  5.9536  3.5394  1.4968  0.2861  5.1454  0.8084  36.1515  0.2014  0.1055  6.3338  0.7342  5.2112  1.5914  1.9735  2.3421  2.6821  1.9805  3.3256  4.086  1.026  0.154  2.4009  
trainID = 856  3.2941  5.3705  1.802  3.8415  0.5229  2.459  0.5904  4.0005  2.23  1.9167  0.8119  1.6116  2.3822  5.0031  2.0015  0.7461  1.0792  3.8985  3.3668  0.203  0.5843  1.2692  7.6468  3.3174  2.5186  1.1345  1.4628  3.5611  2.7036  4.4546  2.5283  4.3602  3.7507  1.873  2.0762  2.5627  3.5699  0.159  1.5581  0.606  2.149  0.5931  
trainID = 881  1.6378  2.9678  4.5137  0.4213  0.3958  2.08  3.2869  1.4219  2.1097  0.3115  3.5027  2.8454  3.0316  3.1529  4.2443  0.3779  0.0552  3.8835  0.3576  0.7018  3.428  0.1131  8.8871  13.208  1.7403  4.1912  3.5784  5.949  2.9413  0.707  4.8025  7.7357  8.7743  0.4079  0.3794  1.9952  0.6469  0.155  0.2798  1.414  0.243  3.6088  
trainID = 895  2.1437  3.8625  1.819  4.4305  0.0967  3.415  2.9217  2.869  2.572  6.3806  0.6555  0.5926  2.5746  3.1583  2.6677  1.7472  1.8046  4.3455  2.9558  3.2975  3.3321  2.5326  8.9013  9.4466  1.2511  1.2536  1.6552  4.2782  2.7036  2.9807  4.3471  4.8264  6.7713  0.364  0.2462  4.8761  5.4502  1.569  1.9608  0.354  2.621  1.7064  
trainID = 914  1.4751  4.0956  4.7134  2.1895  0.6772  3.806  3.3107  5.9626  4.1546  2.7001  6.7787  2.4787  0.721  0.9078  6.1327  4.1313  2.0572  0.209  6.8074  5.6411  22.596  3.9406  12.5331  7.3515  2.1091  9.4426  2.4884  34.4956  9.1721  1.2845  8.2786  5.9991  6.8363  7.3238  5.5204  4.8641  0.9339  4.3561  2.163  1.187  35.9825  
trainID = 920  1.8597  0.8667  2.638  34.1172  2.5439  6.368  0.8225  1.882  3.239  0.9282  1.4121  1.4906  0.293  1.7092  1.2447  1.0458  0.611  7.5953  6.5363  5.4937  0.8289  1.8723  0.7086  3.3528  1.7941  36.626  0.1582  1.2388  2.9592  1.6935  1.8215  2.1148  3.6474  0.5672  0.1049  2.8244  0.103  1.9861  0.406  1.872  2.5527  
trainID = 930  4.2966  0.1751  2.572  36.1942  3.3455  7.0246  0.8707  2.3057  1.3277  2.1881  0.581  0.216  0.5453  3.8341  1.5092  0.0267  2.7262  13.3404  9.3501  5.5295  0.2082  0.9283  1.8351  3.782  3.1989  34.4657  0.3435  1.1123  5.1382  0.2874  4.2721  0.0466  0.1374  2.4666  0.0145  0.4838  1.1803  2.6988  1.345  3.0806  0.5929  
trainID = 984  7.2093  0.9392  2.32  33.0792  3.9056  7.2625  3.033  0.9233  3.965  0.6894  0.504  1.9703  0.2603  2.8796  3.205  2.0448  3.7297  17.0908  8.2996  7.1447  5.5153  1.6158  1.8431  4.0232  2.6184  35.1865  0.9708  2.6798  7.2142  0.3146  3.0877  0.6975  2.0012  2.1476  2.7609  0.5644  0.1  3.002  0.367  1.857  0.1241  
trainID = 991  4.3229  0.419  3  4.9415  2.2431  2.264  0.6372  6.8565  2.1923  0.9728  3.8299  1.1344  0.5202  0.0893  1.272  2.7029  3.4201  1.3028  15.2321  14.1287  17.3451  5.2123  5.8599  2.7391  2.6081  4.6629  0.9734  34.3389  2.8308  2.2447  9.2979  6.2553  5.8378  3.6579  1.7494  2.4601  0.8249  7.6325  0.787  3.3046  0.482  2.049  3.8642  
trainID = 1008  2.2925  0.1053  2.281  2.4338  2.1328  0.0571  1.4518  0.1797  1.4854  1.6245  2.2273  1.7323  0.0363  0.5132  4.3695  1.6905  0.6263  0.2654  1.9604  6.0019  1.6008  0.1141  1.6973  1.4599  0.663  2.2318  0.9365  0.7782  3.1698  1.078  1.9403  0.2606  2.5518  2.639  0.9399  0.082  1.6802  1.903  3.9899  2.1688  
trainID = 1013  2.6915  2.2518  0.106  0.2947  0.5982  2.641  1.9446  1.4271  0.1355  4.1107  2.7262  4.1368  2.3726  5.539  3.7046  0.182  0.3036  4.5125  1.6658  0.9672  0.0924  0.962  4.674  14.9304  1.9161  5.3272  2.7213  3.2677  2.5804  2.3008  2.3199  4.0668  6.3634  1.0622  0.1255  3.5172  0.0851  2.251  2.2075  2.9453  1.329  0.431  
trainID = 1017  1.5674  0.6985  2.395  2.6235  0.5229  1.451  0.251  0.1113  3.201  4.1374  0.4209  0.0591  3.7498  4.6487  2.6517  0.0562  2.2197  2.9997  0.8709  0.3074  0.6541  3.4658  1.5312  12.8307  0.3529  3.6361  0.7792  4.3917  0.007  1.963  0.4505  4.7447  5.9713  0.4356  1.999  1.3665  0.4737  0.972  1.6621  1.485  3.4443  0.2994  
trainID = 1018  3.8372  5.0917  1.319  2.5225  1.7384  0.427  1.3029  2.7928  2.207  9.0881  4.8078  0.6301  3.7578  8.1535  3.9654  1.8062  2.8696  7.2225  4.5119  5.8418  3.0097  11.365  16.3064  16.0963  4.1016  1.0151  3.2301  5.7566  1.8682  6.0882  6.1716  5.108  10.406  0.6493  1.1282  5.9852  5.1537  1.624  4.3345  0.812  1.742  3.6692  
trainID = 1031  0.4983  1.7451  3.907  2.5515  0.797  2.907  1.9232  6.5295  4.2534  3.2677  5.0062  2.1974  0.919  1.9754  2.5468  1.7221  2.8471  0.3238  2.2777  9.3437  20.254  7.3571  8.719  6.3399  0.3241  9.1781  0.509  33.9423  7.2312  0.0398  6.6875  5.7367  8.9212  4.8772  0.8113  3.2001  1.5048  5.3435  1.35  3.7844  36.2785  
trainID = 1047  0.9205  0.1035  1.721  35.0602  0.8456  1.075  3.345  0.0432  0.5832  0.8583  1.141  1.5517  1.0661  2.2962  0.0961  3.3032  1.6758  0.772  2.7654  2.2486  1.0021  0.7302  0.1811  2.0972  0.6818  0.282  0.7266  0.5123  0.1374  1.4986  2.7095  0.2409  0.1636  0.3486  0.8907  3.5225  0.8772  0.9299  3.0102  1.696  0.3751  
trainID = 1063  3.3193  3.7263  2.708  0.6885  0.3738  2.892  0.0899  2.4682  2.096  5.3011  3.1786  0.8596  2.0356  4.1753  3.4624  0.1823  1.2156  4.6935  4.1883  2.2655  4.0747  4.7266  7.0444  12.4694  2.3084  1.2935  2.1224  4.0356  4.1491  3.451  1.0091  5.1681  7.473  0.7857  2.4219  5.2496  1.7019  0.022  2.6169  3.6859  4.3109  2.9436  
trainID = 1090  2.9722  5.7765  3.344  3.9145  2.1926  1.643  2.3807  6.5566  2.527  8.8458  3.1553  0.6416  3.5456  6.31  3.2563  0.7144  3.9246  6.2195  4.3751  4.0586  5.1553  13.907  12.4278  27.4508  3.6246  0.7812  5.0562  4.1502  4.2571  4.9522  3.7954  5.1477  10.3631  0.7357  0.2272  3.7276  5.5608  0.156  6.0854  0.147  1.578  1.9656  
trainID = 1111  1.4029  3.7338  0.946  1.4665  0.9506  1.655  1.6398  0.2395  0.341  1.8393  1.7528  2.8538  2.3281  2.4113  0.004  0.9797  1.2876  3.2241  1.4845  1.019  0.1226  1.7016  4.6078  5.1914  0.4003  0.1439  0.9035  0.757  1.6807  0.9332  0.7745  0.1929  3.7538  3.3545  1.1851  0.5555  3.0065  1.4285  2.149  1.3178  1.732  3.8581  2.0767  
trainID = 1132  4.7179  6.1518  2.659  1.8695  0.0817  2.952  0.5647  4.5201  1.758  11.3307  0.9799  0.891  2.3953  6.564  4.8386  0.6025  4.6486  4.8235  5.8882  5.3128  2.0181  9.8391  2.7574  26.8977  4.17  1.6443  5.0812  4.762  2.47  3.6377  3.8105  4.2969  11.5937  0.4645  1.1779  2.8781  4.8135  3.0964  2.2285  1.822  5.3624  
trainID = 1142  0.8814  0.136  4.017  0.0271  3.1651  2.847  0.3382  2.2565  3.2101  0.9675  6.8714  0.8845  3.0331  2.6221  0.2035  2.9376  2.2817  1.3686  2.7419  3.2741  8.0263  3.126  6.8454  8.8584  0.0761  9.041  2.0984  0.145  6.0275  3.4166  1.2864  5.2422  5.1228  4.2716  1.9478  2.9241  0.1168  3.695  1.498  0.8848  2.5129  0.654  2.5728  
TrainID = 306  dbValue = 1.523  nTestCell = 43  nTrainCell = 42  nDiff = 1  (X,Y) = (1465, 1805)  Position Error = 36.1248
TrainID = 521  dbValue = 1.61141  nTestCell = 43  nTrainCell = 42  nDiff = 1  (X,Y) = (1495, 1785)  Position Error = 44.1022
TrainID = 1008  dbValue = 1.6338  nTestCell = 43  nTrainCell = 40  nDiff = 3  (X,Y) = (1535, 1845)  Position Error = 45.8803
TrainID = 1111  dbValue = 1.70666  nTestCell = 43  nTrainCell = 43  nDiff = 0  (X,Y) = (1525, 1805)  Position Error = 40.8044
TrainID = 436  dbValue = 1.84507  nTestCell = 43  nTrainCell = 42  nDiff = 1  (X,Y) = (1525, 1755)  Position Error = 81.0247
TrainID = 464  dbValue = 1.89067  nTestCell = 43  nTrainCell = 42  nDiff = 1  (X,Y) = (1565, 1795)  Position Error = 80.5295
TrainID = 150  dbValue = 1.94676  nTestCell = 43  nTrainCell = 43  nDiff = 0  (X,Y) = (1485, 1735)  Position Error = 94.2603
TrainID = 260  dbValue = 2.01477  nTestCell = 43  nTrainCell = 42  nDiff = 1  (X,Y) = (1455, 1765)  Position Error = 73.9256
TrainID = 1047  dbValue = 2.05086  nTestCell = 43  nTrainCell = 41  nDiff = 2  (X,Y) = (1475, 1845)  Position Error = 23.3452
TrainID = 735  dbValue = 2.06681  nTestCell = 43  nTrainCell = 42  nDiff = 1  (X,Y) = (1515, 1785)  Position Error = 49.6488
TrainID = 1017  dbValue = 2.09188  nTestCell = 43  nTrainCell = 42  nDiff = 1  (X,Y) = (1555, 1745)  Position Error = 105
TrainID = 325  dbValue = 2.16488  nTestCell = 43  nTrainCell = 42  nDiff = 1  (X,Y) = (1505, 1735)  Position Error = 94.8947
TrainID = 574  dbValue = 2.21803  nTestCell = 43  nTrainCell = 42  nDiff = 1  (X,Y) = (1455, 1755)  Position Error = 82.7345
TrainID = 214  dbValue = 2.40136  nTestCell = 43  nTrainCell = 42  nDiff = 1  (X,Y) = (1565, 1715)  Position Error = 135.37
TrainID = 856  dbValue = 2.41835  nTestCell = 43  nTrainCell = 42  nDiff = 1  (X,Y) = (1605, 1815)  Position Error = 113.864
TrainID = 780  dbValue = 2.48744  nTestCell = 43  nTrainCell = 42  nDiff = 1  (X,Y) = (1475, 1695)  Position Error = 135.074
TrainID = 1013  dbValue = 2.56637  nTestCell = 43  nTrainCell = 42  nDiff = 1  (X,Y) = (1545, 1705)  Position Error = 134.852
TrainID = 881  dbValue = 2.77346  nTestCell = 43  nTrainCell = 42  nDiff = 1  (X,Y) = (1525, 1655)  Position Error = 177.102
TrainID = 781  dbValue = 2.78189  nTestCell = 43  nTrainCell = 42  nDiff = 1  (X,Y) = (1495, 1675)  Position Error = 154.029
TrainID = 605  dbValue = 2.80905  nTestCell = 43  nTrainCell = 42  nDiff = 1  (X,Y) = (1485, 1685)  Position Error = 144.17
TrainID = 844  dbValue = 2.85954  nTestCell = 43  nTrainCell = 43  nDiff = 0  (X,Y) = (1555, 1695)  Position Error = 148.071
TrainID = 1142  dbValue = 2.89429  nTestCell = 43  nTrainCell = 43  nDiff = 0  (X,Y) = (1425, 1715)  Position Error = 132.231
TrainID = 408  dbValue = 2.90195  nTestCell = 43  nTrainCell = 42  nDiff = 1  (X,Y) = (1595, 1705)  Position Error = 161.199
TrainID = 396  dbValue = 2.93127  nTestCell = 43  nTrainCell = 40  nDiff = 3  (X,Y) = (1435, 1655)  Position Error = 183.098
TrainID = 777  dbValue = 2.99914  nTestCell = 43  nTrainCell = 43  nDiff = 0  (X,Y) = (1395, 1805)  Position Error = 99.925
TrainID = 283  dbValue = 3.01669  nTestCell = 43  nTrainCell = 43  nDiff = 0  (X,Y) = (1405, 1765)  Position Error = 108.005
TrainID = 300  dbValue = 3.03154  nTestCell = 43  nTrainCell = 42  nDiff = 1  (X,Y) = (1615, 1755)  Position Error = 143.544
TrainID = 895  dbValue = 3.04137  nTestCell = 43  nTrainCell = 42  nDiff = 1  (X,Y) = (1625, 1785)  Position Error = 140.089
TrainID = 1063  dbValue = 3.16627  nTestCell = 43  nTrainCell = 42  nDiff = 1  (X,Y) = (1625, 1765)  Position Error = 147.597
TrainID = 731  dbValue = 3.19077  nTestCell = 43  nTrainCell = 42  nDiff = 1  (X,Y) = (1585, 1675)  Position Error = 179.903
TrainID = 684  dbValue = 3.266  nTestCell = 43  nTrainCell = 43  nDiff = 0  (X,Y) = (1385, 1775)  Position Error = 119.854
TrainID = 597  dbValue = 3.34646  nTestCell = 43  nTrainCell = 42  nDiff = 1  (X,Y) = (1625, 1745)  Position Error = 157.305
TrainID = 175  dbValue = 3.53418  nTestCell = 43  nTrainCell = 40  nDiff = 3  (X,Y) = (1665, 1855)  Position Error = 174.943
TrainID = 706  dbValue = 3.70412  nTestCell = 43  nTrainCell = 43  nDiff = 0  (X,Y) = (1345, 1745)  Position Error = 169.307
TrainID = 920  dbValue = 3.70559  nTestCell = 43  nTrainCell = 41  nDiff = 2  (X,Y) = (1405, 1865)  Position Error = 94.1541
TrainID = 280  dbValue = 3.72119  nTestCell = 43  nTrainCell = 41  nDiff = 2  (X,Y) = (1385, 1865)  Position Error = 112.894
TrainID = 466  dbValue = 3.93012  nTestCell = 43  nTrainCell = 40  nDiff = 3  (X,Y) = (1415, 1655)  Position Error = 190.276
TrainID = 930  dbValue = 4.03846  nTestCell = 43  nTrainCell = 41  nDiff = 2  (X,Y) = (1355, 1845)  Position Error = 137.931
TrainID = 662  dbValue = 4.11225  nTestCell = 43  nTrainCell = 43  nDiff = 0  (X,Y) = (1335, 1715)  Position Error = 194.023
TrainID = 551  dbValue = 4.18462  nTestCell = 43  nTrainCell = 40  nDiff = 3  (X,Y) = (1455, 1635)  Position Error = 197.497
TrainID = 425  dbValue = 4.18783  nTestCell = 43  nTrainCell = 41  nDiff = 2  (X,Y) = (1405, 1645)  Position Error = 203.531
TrainID = 303  dbValue = 4.22756  nTestCell = 43  nTrainCell = 43  nDiff = 0  (X,Y) = (1335, 1715)  Position Error = 194.023
TrainID = 451  dbValue = 4.32083  nTestCell = 43  nTrainCell = 43  nDiff = 0  (X,Y) = (1335, 1745)  Position Error = 178.059
TrainID = 137  dbValue = 4.32538  nTestCell = 43  nTrainCell = 43  nDiff = 0  (X,Y) = (1325, 1725)  Position Error = 196.736
TrainID = 1132  dbValue = 4.35053  nTestCell = 43  nTrainCell = 41  nDiff = 2  (X,Y) = (1685, 1705)  Position Error = 229.401
TrainID = 304  dbValue = 4.50439  nTestCell = 43  nTrainCell = 43  nDiff = 0  (X,Y) = (1315, 1735)  Position Error = 200.412
TrainID = 1018  dbValue = 4.51224  nTestCell = 43  nTrainCell = 42  nDiff = 1  (X,Y) = (1695, 1755)  Position Error = 216.067
TrainID = 774  dbValue = 4.51513  nTestCell = 43  nTrainCell = 42  nDiff = 1  (X,Y) = (1685, 1735)  Position Error = 214.674
TrainID = 489  dbValue = 4.53686  nTestCell = 43  nTrainCell = 40  nDiff = 3  (X,Y) = (1275, 1865)  Position Error = 219.966
TrainID = 819  dbValue = 4.56286  nTestCell = 43  nTrainCell = 41  nDiff = 2  (X,Y) = (1325, 1845)  Position Error = 167.765
TrainID = 855  dbValue = 4.59004  nTestCell = 43  nTrainCell = 41  nDiff = 2  (X,Y) = (1325, 1805)  Position Error = 168.716
TrainID = 984  dbValue = 4.61333  nTestCell = 43  nTrainCell = 41  nDiff = 2  (X,Y) = (1315, 1855)  Position Error = 178.899
TrainID = 991  dbValue = 4.61627  nTestCell = 43  nTrainCell = 43  nDiff = 0  (X,Y) = (1305, 1745)  Position Error = 205
TrainID = 369  dbValue = 4.6929  nTestCell = 43  nTrainCell = 42  nDiff = 1  (X,Y) = (1715, 1745)  Position Error = 238.296
TrainID = 1090  dbValue = 4.7049  nTestCell = 43  nTrainCell = 42  nDiff = 1  (X,Y) = (1715, 1735)  Position Error = 242.002
TrainID = 579  dbValue = 4.79165  nTestCell = 43  nTrainCell = 42  nDiff = 1  (X,Y) = (1695, 1725)  Position Error = 228.09
TrainID = 320  dbValue = 4.79514  nTestCell = 43  nTrainCell = 42  nDiff = 1  (X,Y) = (1715, 1735)  Position Error = 242.002
TrainID = 493  dbValue = 4.89701  nTestCell = 43  nTrainCell = 41  nDiff = 2  (X,Y) = (1295, 1845)  Position Error = 197.649
TrainID = 627  dbValue = 4.9627  nTestCell = 43  nTrainCell = 41  nDiff = 2  (X,Y) = (1325, 1695)  Position Error = 214.114
TrainID = 823  dbValue = 4.97838  nTestCell = 43  nTrainCell = 42  nDiff = 1  (X,Y) = (1715, 1725)  Position Error = 246.059
TrainID = 1031  dbValue = 5.60801  nTestCell = 43  nTrainCell = 41  nDiff = 2  (X,Y) = (1315, 1665)  Position Error = 241.299
TrainID = 216  dbValue = 6.02968  nTestCell = 43  nTrainCell = 41  nDiff = 2  (X,Y) = (1275, 1755)  Position Error = 229.271
TrainID = 914  dbValue = 6.288  nTestCell = 43  nTrainCell = 41  nDiff = 2  (X,Y) = (1305, 1615)  Position Error = 284.192
