12 -1.09199e+008
41 0.248897
55 4.97586e+009
58 0.0395409
79 7.9773
126 3.42001e+009
170 -1.06251e+007
176 -2.31265e+007
191 0.286927
208 0.701135
220 1.88656e+007
234 19.4164
243 0.0687273
251 -1.50401e+009
303 0.161166
319 0.270716
338 0.323976
370 1.78726
374 181.29
429 0.331523
433 0.316369
467 1.5939
476 1.28263
507 -8.27998e+009
521 9.50934e+007
587 2.47819
592 -4.01275e+007
626 2.24713
635 -2.5954e+009
660 -1.99072e+008
669 8.55188
685 4.67794
692 2.11434
737 631.67
769 1.69415
789 -2.53062e+007
808 -2.19166e+008
830 0.622941
843 0.157189
869 -1.46223e+009
870 -5.59884e+009
925 26.0832
928 -1.9775e+008
936 -2.97167e+009
950 -1.25366e+010
964 0.132866
972 2.88807
1035 4.7279
         ************************
6 77450.5
10 30625.9
41 0.586621
55 99294.9
58 0.279942
70 159465
79 3.9708
107 10219.6
126 81402.5
191 0.689631
208 0.712193
220 4478.46
234 3.55739
243 0.25653
287 23060.9
303 0.0797687
319 0.472813
338 0.515832
370 1.87255
373 88671.1
374 19.0364
429 0.793932
433 0.782462
441 60875.6
467 1.78523
476 0.190911
489 16250
521 4417.7
533 132299
587 0.846898
626 1.1438
669 4.12531
685 2.99832
692 2.03439
737 35.5417
769 1.36118
800 248975
830 1.04386
843 0.341224
925 6.15954
964 0.504446
972 1.68508
1019 96382.1
1035 2.31949
