31 10.7555
119 15.2164
177 26.7768
187 0.396457
397 5.44999e+007
465 7.44871
539 140.875
579 -5.3524e+008
586 -1.49045e+008
589 3.70818
593 8.66352
618 11.3558
679 6.86248
725 15.1444
804 0.327892
832 14.8866
876 10.9493
913 3.76408
916 1.12207
934 0.738696
983 36.2751
1054 4.02547
1059 45.8888
1071 1.8153
1077 0.212142
         ************************
31 4.53512
119 5.4408
177 7.29318
187 0.393167
397 3722.1
465 3.85957
539 16.6088
572 48379.2
589 2.57179
593 4.14688
618 4.73735
679 3.65997
725 3.8695
804 0.543468
832 5.44065
876 4.64771
913 2.61936
916 1.48077
934 0.512897
983 8.48122
1054 2.78465
1059 9.57861
1071 1.7424
1077 0.636841
