13 2.44558e+009
16 1462.15
116 441.844
132 4591.98
141 0.0476963
167 18093.5
252 0.34697
258 -2.58787e+008
375 6076.32
387 -1.70495e+008
404 -2.39994e+008
405 988.871
568 1.45763e+010
582 69.0988
629 -1.1201e+009
650 -1.32854e+009
673 -6.13104e+007
743 281.747
885 0.850498
931 -7.38866e+009
1020 0.450861
         ************************
13 67392.3
16 53.6667
50 150904
116 28.9982
132 94.0633
141 0.196268
167 177.255
252 0.558465
277 78238.6
372 33222.6
375 109.345
405 44.3172
424 142358
447 40852
478 136734
495 34622.7
568 170723
582 11.6795
596 145080
743 23.283
855 6392.86
858 93068.8
865 106400
885 1.3042
1020 0.770152
