5 77.3576
159 1.88363
192 -6.49277e+008
209 112.788
224 115.689
254 558.046
301 501.547
359 26.0272
380 19.716
493 0.902419
502 10.112
519 -1.06976e+009
577 101.915
606 36.6057
633 17.6681
661 9.85445
694 809.513
710 841.181
791 56.6091
798 94.9765
948 329.188
         ************************
5 12.4173
159 1.37253
209 15.0101
224 15.2041
254 33.372
267 2171
301 31.56
359 7.13593
380 6.05673
493 0.101612
502 4.34233
577 14.2653
606 7.04334
633 5.86288
661 4.31445
694 40.2113
710 41.0038
791 10.6026
798 13.7691
851 15564.4
948 15.5239
