14 75.7747
40 -2.76378e+009
67 -3.53415e+009
116 6.27834
141 1.18855
152 8.05415e+008
173 -1.84697e+010
217 8.05056e+008
226 97.4609
233 7.259e+009
240 8.43052
266 1.51568
379 0.400707
392 5.06307e+009
434 1118.57
440 6.14175
453 7.88971
527 15.1211
596 10.286
629 405.699
640 64.2035
641 10.6327
666 2.24384
743 1118.46
750 8.22235e+009
835 4.75239
866 10.6233
887 0.0166921
895 87.0906
898 4.83818
976 0.15279
986 -1.13409e+009
1008 -3.15248e+008
1037 25.3699
1045 2.80676e+008
         ************************
14 11.6637
116 3.32608
141 0.961171
152 41029.9
217 39299.5
226 11.8007
233 118486
240 3.95449
266 1.72391
379 0.619167
392 100089
434 47.0734
440 2.58451
453 2.39894
484 95152.1
509 68311.9
517 129323
527 5.13358
564 15305.5
596 4.50994
629 27.0253
640 11.0731
641 4.48746
666 1.41117
700 85960.4
743 47.1127
750 128051
779 114675
835 2.94051
840 38500.5
841 42501.7
866 4.4978
887 0.0230016
894 42353.3
895 8.61334
898 1.13166
976 0.00048189
1037 7.02968
1045 22079.1
