54 360.45
65 40.0165
130 8.07302
165 1338.35
168 99.4267
185 1117.85
201 2257.15
213 28.9964
222 33.6117
275 1687.77
293 175.912
340 13.1758
342 4.92023
407 1313.44
437 132171
439 636.08
450 11.6041
505 152.345
535 734.462
597 107.064
623 3202.1
627 28.7107
630 2035.98
659 11.4681
704 1490.01
753 134.989
781 777.202
813 10.3095
828 15.4012
899 42.2223
967 229.226
1043 2400.58
1076 217.235
         ************************
54 26.8468
65 6.86207
130 3.93545
165 51.5749
168 13.723
185 47.2595
201 67.0029
213 7.59782
222 8.19666
275 58.0613
293 18.7562
340 5.06263
342 2.93154
407 51.0943
437 503.511
439 27.985
450 4.74871
505 16.8171
535 38.1255
597 14.5679
623 79.5393
627 6.02282
630 63.5399
659 4.73195
704 54.5585
753 15.9786
781 38.1349
813 4.53785
828 5.50502
899 6.38941
967 21.2795
1043 67.4557
1076 20.5079
