1 1.83136e+009
60 1024.81
105 1391.41
194 1.37198e+008
219 217.363
235 748.582
268 221.079
299 339.656
308 3138.76
363 169.001
427 84.0678
430 40.6762
487 373.097
497 175.706
547 473.499
554 234.174
614 160.734
688 107.859
754 910.144
998 48.7852
         ************************
1 55566.6
60 45.138
105 52.6619
194 15882.8
219 20.7188
235 38.4134
268 20.8318
299 25.999
308 78.7638
363 18.383
427 12.7889
430 8.8296
487 27.3149
497 18.6974
547 30.5609
554 21.3796
614 17.8521
688 14.6772
754 42.5689
998 9.87688
