15 292.437
18 32.6943
134 515.957
199 59.0971
231 18.6701
253 1.08268e+009
265 0.206284
402 118.654
452 496.943
455 1.53017e+008
462 588.626
466 2.79435e+009
477 150.484
576 2.38262e+009
599 256.128
609 463.918
708 3.10223e+007
746 4766.6
896 1578.61
1016 3.79793e+006
1027 137.27
1078 70.1457
         ************************
15 24.0834
18 8.02733
134 31.949
199 10.8189
231 5.83475
253 35968.5
265 0.018871
402 12.344
452 30.4922
455 15782.3
462 31.6123
466 60247
477 17.2994
576 68623
599 22.4856
609 30.3658
708 5774.84
746 96.9065
896 56.075
1016 2734.51
1027 16.1685
1078 10.6718
