37 -3.00907e+009
61 9.13553e+008
72 -2.05426e+008
118 19.2852
223 2.35855e+007
306 26.4456
307 3330.68
382 73.6595
423 7.48929
425 -5.99597e+009
457 30.0464
610 80.974
763 11.896
854 72.1262
955 0.470744
962 6.61941e+007
979 6.81706e+009
1028 498.743
1033 7.51347e+009
         ************************
61 30815.3
118 5.93801
223 9534.3
276 138927
306 7.2636
307 81.0712
382 11.9621
423 3.83875
457 7.72364
459 37596.6
610 12.591
763 4.8398
854 11.9183
955 0.719741
979 111777
1028 31.5268
1033 119400
