30 3.6872e+008
129 -1.29389e+010
134 243.504
145 -1.43887e+010
281 -4.03897e+008
285 -1.08255e+009
294 133.059
302 3.18083e+009
365 43.7803
443 -1.60517e+010
449 1.8258e+010
485 203.311
551 304.927
609 995.935
631 2.11967e+008
656 -1.44142e+010
664 -1.38134e+010
723 119.302
740 8.12114e+008
762 2.36863e+008
774 1.90733e+009
817 1078.28
833 -1.08196e+009
846 2.52982e+007
871 2.19399e+008
882 3.75021e+009
901 2.21573e+008
904 265.196
943 669.327
1006 290.421
1041 6.05245e+008
1072 210.929
         ************************
30 25957
100 80482.8
134 21.9513
214 34625.3
294 16.2385
302 79739.9
365 9.24792
369 85058.9
398 11997.8
449 190558
485 19.9058
512 373465
545 250254
551 24.5924
563 32801.5
609 44.4074
624 43698.8
631 17985.4
714 41217.2
723 15.1716
740 39861.1
762 19433.1
774 48900
817 46.1293
846 2935.97
871 14903.9
882 86577.2
901 19723.4
904 22.6757
927 227376
943 36.3599
1006 21.7767
1010 15992.6
1041 35118.9
1072 11.3549
