2 -2.22026e+007
22 -5.51277e+007
102 1.94901e+010
146 2611.62
182 -7.75846e+009
245 0.490183
316 -6.33944e+007
322 0.43308
328 1.40358
351 -4.56335e+009
511 14822.7
821 -3.36572e+009
872 -2.84623e+008
884 7.21524
909 30.1988
910 0.357321
980 -3.02035e+008
1015 -4.43199e+008
         ************************
23 106756
102 187520
146 69.2966
245 0.0182025
322 0.139824
328 1.6148
390 5512.45
475 14646.1
511 171.852
557 6955.92
561 49386.6
812 17312.8
822 17448
860 4472.66
884 3.67306
909 7.63937
910 0.716215
912 49554.7
1026 6765.19
