100 4.41389e+009
129 2.49956e+010
134 292.304
214 7.28326e+008
281 1.25144e+009
294 39.1853
365 4.84841
369 1.37581e+008
393 228.409
398 1.66452e+009
443 2.66985e+009
449 8.79415e+008
485 333.408
512 3.30505e+011
551 4.37591
563 2.04814e+009
609 617.402
624 6.23854e+008
631 3.41699e+009
656 3.27068e+009
664 5.19676e+009
714 2.286e+008
723 149.343
762 2.1799e+009
774 9.63941e+008
817 168.91
819 1.69615e+008
833 1.07801e+009
871 5.50242e+009
901 1.09038e+008
902 5.16027
904 63.7167
943 319.518
978 161.129
1006 835.594
1041 -8.65691e+009
1072 1626.33
1080 1.47251e+009
         ************************
100 92885.6
129 221715
134 24.0473
214 38007.5
281 49823.2
294 8.71787
365 2.69745
369 15530.1
393 20.8747
398 57432.7
443 71573
449 41094.1
485 25.564
512 812258
551 2.51578
563 63864.7
609 34.7583
624 35123
631 81895
656 79616.8
664 101704
714 21107.7
723 16.3097
762 64492
774 40850.3
817 17.3063
819 16832.4
833 46363.6
871 103825
901 14014.5
902 3.15695
904 10.2729
943 24.8863
978 17.9498
1006 40.2731
1072 53.2913
1080 53544.6
