2 -2.02605e+008
22 -1.55876e+008
146 528.521
182 -1.04993e+010
245 0.223297
316 -5.02609e+007
322 0.135
328 2.30122
351 -4.4741e+009
511 12433.9
821 -2.80676e+009
872 -3.24369e+007
884 9.44513
909 23.3268
910 0.0600977
980 -1.36959e+008
1015 -4.69472e+008
         ************************
23 109642
102 195377
146 18.4547
245 0.660824
322 0.517101
328 2.12668
390 6520.62
475 5264.19
511 157.276
557 24871.7
561 68322.8
812 25083.9
822 21750
860 17223.1
884 4.34546
909 6.81865
910 0.203636
912 49734.8
1026 4854.21
