28 2.69943
76 4.0003
112 7.16232
135 1.22371
151 -2.85562e+008
161 -6.33359e+008
295 1.53323
327 1.56857
331 0.382814
333 1.72325
426 -4.14934e+010
490 146.156
595 1658.53
612 0.227723
686 27.051
720 0.47004
726 4.14682
766 1.30291
784 2.69385
802 384.518
857 1454.45
915 645.283
1004 856.962
1025 -8.95902e+009
1030 30.667
1057 6.0431
1062 6.49693
1064 245.3
         ************************
28 2.08551
76 2.8182
112 3.7847
135 1.35058
295 1.72162
327 1.27686
331 0.868215
333 1.8526
490 15.6208
595 55.9637
612 0.674715
686 7.35374
720 0.969402
726 2.86332
766 1.60822
784 1.50909
802 22.2739
857 53.6862
915 34.8788
1004 41.3314
1030 7.04036
1057 3.21214
1062 3.58833
1064 22.0793
