109 3.50638
158 751.908
237 585.213
289 0.178502
326 104.111
396 71.6242
508 71.1178
548 0.420673
562 123.709
603 51.575
644 115.847
729 -3.38983e+007
793 449.676
803 595.887
918 65.9593
940 2.43153
1005 6.34956
1007 645.191
1029 -1.89215e+008
1070 17.9134
         ************************
109 2.44699
158 38.7115
237 34.1971
289 0.209445
326 14.311
396 11.8277
412 4975.5
508 11.9258
548 0.913175
562 15.3575
603 9.99639
644 15.1161
793 29.8744
803 34.3577
837 31160.6
918 11.4751
940 2.12633
1005 3.53398
1007 35.8529
1070 5.95192
