31 789.96
60 17.2535
80 1.26692
105 34.1151
119 1322.37
177 3485.07
187 1.68822e+008
219 0.157393
268 894.913
299 81.1795
308 35.594
427 3.83177
430 15.0335
465 639.024
497 2.58471
554 0.374827
589 42.5081
593 321.302
608 3.11448
614 18.0108
618 180.137
679 189.105
754 12.272
832 1652.24
876 393.133
897 3.30333
913 6925.12
934 9.17886e+008
983 1921.18
998 0.590208
1054 290.966
1059 964.193
1071 784.65
1077 3.73853e+008
         ************************
31 36.9632
60 5.71809
80 1.46086
105 8.21457
119 51.0726
177 83.0839
187 14391
219 0.502039
268 41.7344
299 12.6785
308 8.36595
427 2.72234
430 4.67337
465 33.9557
497 2.19725
554 0.753883
589 8.69046
593 24.9692
608 2.48844
614 5.86523
618 18.6929
679 17.2925
754 4.2994
832 56.5659
876 27.7493
897 2.50596
913 115.675
934 27484.5
983 61.6012
998 0.988403
1054 23.858
1059 41.9981
1071 39.3795
1077 26127
