13 1853.87
50 7.10307
167 67.6565
193 654.11
252 127.746
258 81.959
277 1.46131e+010
360 20.5148
372 157.391
376 4.90402
387 -2.14683e+008
404 -1.51257e+009
405 1.92425
424 0.625186
447 25.0474
478 35.613
568 7.68832
582 1.41446
619 221.307
642 9.8782
646 265.196
648 144.274
673 -2.90309e+008
839 132.198
842 157.726
858 37.4586
865 4.11731
885 221.319
893 927.713
931 1.63715
969 1.38913e+006
1020 50.7632
         ************************
13 60.202
50 3.41671
167 6.97736
193 35.9206
252 15.5698
258 12.6138
277 170200
360 6.12974
372 17.662
376 2.52016
405 1.91023
424 1.04335
447 6.51858
478 8.21082
495 55162.9
568 3.12932
582 1.49277
619 20.9867
642 4.01414
646 22.8928
648 16.9118
839 16.0734
842 17.5481
855 42230.9
858 8.22135
865 2.33485
885 20.2337
893 42.8809
931 0.20159
969 1642.35
1020 9.89035
