264 1.77129e+007
300 218.771
310 4.54944
332 21.9588
458 22.9479
506 -3.93739e+008
534 0.323122
548 475.902
600 197.294
605 -1.65703e+009
668 0.512129
670 4.70657e+009
682 1198.77
745 2.8642e+008
824 0.275258
888 137.685
965 417.275
991 236.172
1005 235.295
         ************************
82 15966.2
94 39570.3
174 49308.3
264 2858.95
300 19.7927
310 2.94136
332 6.47737
458 6.6111
520 14090.5
534 0.240746
548 29.9299
600 19.5684
655 24094
668 1.0043
670 96789.9
682 48.8362
745 16559.9
760 35550.7
805 35444.5
824 0.0819291
888 16.0306
892 55585.9
965 28.5875
987 8297.65
991 21.4137
1005 21.6927
1032 19271.4
