13 16.6419
16 -3.44206e+009
50 104.715
167 260.603
258 0.562468
360 1.80575
372 9.26294
376 14.1791
387 0.744443
404 0.243098
424 7.38274
478 324.765
495 0.163575
596 1.19749
646 7.19847
648 11.328
673 3.52829
743 1.2907
750 166.337
842 639.435
865 1260.3
867 1370.43
931 26.5904
1008 0.599361
         ************************
13 5.76901
50 13.9688
132 21178.6
167 22.1903
258 0.953509
360 1.8257
372 4.282
376 5.20655
387 1.16172
404 0.640128
424 3.60148
478 18.7323
495 0.514025
596 1.48535
646 3.77147
648 4.75974
673 2.64667
743 1.52083
750 18.1722
842 35.7357
865 45.9713
867 49.2993
931 6.87274
1008 0.738309
