30 8.5532e+008
100 4.53521e+009
134 322.563
281 2.4362e+008
285 -3.5017e+008
294 150.398
302 -2.52067e+008
365 33.2596
449 5.00909e+009
485 1026.71
512 4.05432e+010
545 5.36618e+008
551 149.256
607 -2.34192e+008
609 703.286
656 -9.68345e+007
664 -3.5814e+010
723 91.7566
740 -1.11016e+009
762 5.34101e+007
817 397.48
819 7.62041e+006
833 -7.01125e+008
846 -1.34431e+009
871 1.51289e+010
882 -3.37658e+007
904 107.909
927 7.44469e+008
943 550.099
1006 1635.34
1041 -4.06878e+007
1072 849.569
         ************************
30 41344.3
100 93104.1
129 112510
134 25.3535
214 23423.1
281 21868.8
294 17.2969
365 7.88995
369 16427.8
398 59706.1
449 95033
485 45.1953
512 275059
545 27170.5
551 17.1326
563 103876
609 37.325
624 135861
631 130726
714 9194.51
723 13.4879
762 13229.2
774 12898.9
817 27.7619
819 2283.86
871 173275
901 41028.8
904 14.2553
927 28091.8
943 33.0395
1006 57.0969
1010 103343
1072 40.0322
