56 65.6412
72 130.385
118 -3.89109e+008
223 20.6677
279 762.829
306 27.7807
325 179.991
332 -2.27162e+009
423 -2.61048e+009
425 71.1199
456 296.061
457 53.7188
473 553.173
534 -7.99856e+008
763 5.47542e+008
790 -1.94251e+008
852 42.6684
854 -4.39149e+008
955 2.06311e+010
962 21.5211
968 106.759
991 -4.29704e+009
1044 327.781
1066 -6.36155e+008
         ************************
56 11.2721
72 6.2017
178 12878
223 6.33792
279 38.9825
306 7.34938
310 168683
325 18.8041
425 11.9184
456 20.2396
457 10.3197
473 33.052
600 75992.3
668 86738.1
763 27674.8
824 53257.4
852 9.16372
907 39183.9
955 202124
962 6.38644
968 14.3992
1013 87906.1
1044 25.547
