17 488.815
48 743.723
59 43.4042
68 528.663
98 -6.11959e+007
111 1.95306
147 5650.66
180 63.256
200 2018.9
207 1.841e+006
284 0.0178182
296 1.8275
312 7.6359
315 81.6094
341 -3.3325e+008
350 190.923
362 38.638
411 611.641
418 706.815
428 97.1785
448 39.5392
472 207.126
474 2.87196
499 4.48201
565 3.45442
578 10.8242
602 702.328
647 391.619
658 56.9516
706 5344.37
742 38.4183
744 843.038
749 852.518
801 46.9243
806 204.953
814 -1.28811e+010
920 959.38
1038 705.264
1046 3.12604e+008
         ************************
17 31.2049
48 37.7428
59 7.54107
68 32.4474
98 8832.39
111 1.47446
147 105.553
180 11.2478
200 63.5023
207 1763.25
269 203993
284 0.0917226
296 0.644791
312 3.26822
315 12.654
350 19.144
362 8.51505
411 34.9669
418 37.4344
428 13.9411
448 8.87347
472 20.2152
474 1.62512
499 2.38318
542 242285
565 2.16923
578 3.41862
602 36.7098
647 27.8303
658 10.6675
706 103.044
742 8.24787
744 40.9565
749 39.8417
801 9.33546
806 20.208
920 43.789
1036 74824.1
1038 36.8306
1046 12881.2
