54 851.929
65 666.215
130 0.741588
165 1428.29
168 94.3173
185 2587.68
201 150.86
213 0.280494
222 0.441197
275 3935.77
293 413.11
340 0.0753506
342 0.455297
407 995.324
437 7737.19
439 631.565
450 0.114076
505 633.381
535 50.6236
597 328.869
623 1735.82
627 615.772
630 3982.81
659 0.335075
704 3412.71
753 1103.46
781 432.028
813 11.0285
828 0.0354754
899 144.531
967 143.452
1043 4084.62
1076 198.692
         ************************
54 41.2678
65 36.2242
130 1.17857
165 53.4048
168 13.706
185 71.9391
201 16.9002
213 0.744149
222 0.78083
275 88.7216
293 28.7186
340 0.154342
342 0.650817
407 44.3992
437 94.4998
439 32.0703
450 0.366255
505 35.542
535 7.50262
597 25.5961
623 58.406
627 35.0303
630 89.2038
659 0.790991
704 82.6159
753 46.8881
781 28.7324
813 4.66223
828 0.207183
899 15.7181
967 16.8398
1043 89.8809
1076 19.5382
