218 8.2824e+008
452 77.2957
462 157.847
584 9.17214e+007
599 5185.94
607 17.8389
631 100.896
637 41.2368
653 4.89919e+008
654 8.36651
774 17.5813
796 -5.73307e+007
923 -1.2802e+008
943 23034
947 2.88883e+008
975 -1.06183e+009
1006 1310.16
1016 63.4351
1027 39.6565
1072 3597.63
         ************************
218 39184.8
452 12.4115
462 17.7363
584 32715.5
599 101.751
607 5.93818
631 14.1887
637 9.0807
654 1.71637
774 5.91056
943 214.037
947 16997.3
1006 51.176
1016 11.1356
1027 8.84708
1072 84.774
