24 564.875
30 124.381
84 399.848
85 240.208
100 23217.7
129 336.175
134 78.4493
145 201.37
214 72.3706
218 1302.16
281 218.128
285 219.596
294 66.1144
302 264.23
347 5742.58
369 160.417
393 11.7552
398 301.115
443 55.1558
449 10057.8
452 21.0279
462 48.1748
485 215.113
512 66.1837
545 559.612
563 235.181
575 15785.9
584 665.107
598 1687.98
599 29.002
607 369.595
609 222.26
624 51.9547
631 219.366
637 6.26954
653 1049.5
656 220.514
664 16181.7
714 89.2326
723 139.72
740 3430.83
762 316.893
764 1387.31
774 64.1371
796 1089.22
817 124.992
819 33.3201
833 4576.76
846 60.0343
871 63.3331
882 485.794
883 267.26
901 237.183
904 41.3588
923 1052.7
927 44.5687
943 3.3193e+008
947 641.284
975 729.04
1006 4.73024e+008
1010 49.0665
1016 13.2058
1027 11.0931
1041 113.974
1051 229.718
1072 2.27955e+009
1080 1087.08
         ************************
24 33.589
30 15.5321
84 28.0739
85 21.6522
100 214.506
129 25.8256
134 12.4631
145 19.9106
214 11.7956
218 50.7065
281 18.5922
285 20.6511
294 11.4472
302 22.8885
347 106.603
369 17.3222
393 4.36291
398 24.4006
443 9.72591
449 139.373
452 6.2635
462 9.5386
485 20.4698
512 11.4509
545 33.1022
563 21.3779
575 176.924
584 36.3954
598 57.5335
599 6.06934
607 26.0351
609 20.795
624 9.88349
631 16.7364
637 3.34587
653 45.4105
656 20.9141
664 179.089
714 13.1007
723 16.6862
740 82.7785
762 24.5776
764 52.6047
774 11.1406
796 46.6283
817 15.0811
819 5.70166
833 95.559
846 10.4505
871 11.2181
882 31.1236
883 23.0901
901 21.5267
904 8.44018
923 45.7599
927 8.75958
943 25387.2
947 35.7281
975 38.149
1006 30322.4
1010 9.80263
1016 4.72521
1027 4.54655
1041 14.3728
1051 21.3583
1072 62910.9
1080 46.2642
