19 1297.82
69 651.105
125 491.19
136 62.7902
139 701.491
154 15.7637
155 29.0766
163 62.8383
206 1185.64
227 0.508024
249 311.287
262 435.72
271 90.1169
320 20.2335
329 179.424
349 1073.91
366 11.1622
378 5082.12
413 702.862
514 4854.94
536 1449.45
540 153.826
625 44494.9
771 114.621
873 8.20506
890 31.3104
914 484.012
942 51.9812
988 1232.88
996 156.752
1052 5.61795
1068 575.588
1074 216.72
         ************************
19 50.7925
69 36.0142
125 31.3049
136 11.1144
139 36.9954
154 5.26681
155 7.56206
163 11.0925
206 48.3097
227 0.13054
249 24.9359
262 29.4762
271 12.9907
320 6.1924
329 18.8839
349 46.3094
366 4.64042
378 99.6323
413 36.8684
514 98.115
536 53.7229
540 17.5101
625 297.905
771 15.0885
873 3.49221
890 5.72943
914 30.3701
942 5.48219
988 49.6421
996 17.6737
1052 2.35631
1068 33.8924
1074 20.4597
