21 0.510261
42 5.15812e+010
47 6.67442e+009
66 -7.0128e+008
113 0.870584
127 823.001
143 16814.2
232 35661.8
469 3.85953e+009
510 -1.99161e+008
649 2782.85
690 9.76594e+008
702 2.16342e+009
797 0.148519
849 -1.22854e+010
889 1.63467e+009
977 1.64478e+011
1011 93.4745
1031 11.2857
1065 5.98519e+008
         ************************
21 0.0273035
42 320773
47 116207
113 1.30692
127 40.413
143 182.547
184 212933
232 266.166
371 85537
469 88710.1
501 34876.2
649 74.4813
690 44024.1
702 65365.9
797 0.0379938
881 101980
889 55468.9
977 564786
1011 13.5935
1031 4.58564
1065 34680.2
